20030427 20030914 0.00069245 5.6713e-10 ERS2
20030914 20080629 2.9929e-05 2.8194e-10 ERS2
20050918 20090510 -3.0617e-05 3.0059e-10 ERS2
20051127 20081116 9.217e-05 3.0361e-10 ERS2
20060903 20090510 0.00028736 3.1086e-10 ERS2
20061231 20090105 -7.565e-05 3.1413e-10 ALOS
20070402 20070703 -4.7716e-05 6.675e-10 ALOS
20070518 20091008 -8.5117e-05 3.343e-10 ALOS
20070818 20071003 -0.00027718 7.7734e-10 ALOS
20071217 20100509 -5.6907e-05 3.084e-10 ALOS
20080103 20100526 -0.00022786 3.1577e-10 ALOS
20080404 20080520 9.8477e-05 7.7734e-10 ALOS
20080618 20090921 -0.00021654 3.7263e-10 ALOS
20080629 20090510 8.9481e-05 4.254e-10 ERS2
20080705 20091008 -1.8967e-05 3.6612e-10 ALOS
20080803 20090823 -7.4965e-05 3.8577e-10 ERS2
20081116 20090823 -2.2665e-06 4.3467e-10 ERS2
20081219 20090921 0.00013148 4.4872e-10 ALOS
20090105 20090708 0.00044051 5.287e-10 ALOS
20090510 20091101 0.00044284 5.1988e-10 ERS2
20090708 20091008 7.2517e-05 6.6711e-10 ALOS
20090823 20091101 1.1447e-05 6.9865e-10 ERS2
20091222 20100624 9.6677e-05 5.2587e-10 ALOS
20100108 20100223 0.00046952 7.7738e-10 ALOS
20100223 20100526 7.4465e-05 6.6692e-10 ALOS
20100410 20100711 -8.9279e-05 6.6704e-10 ALOS
20100509 20100624 0.00057596 7.7515e-10 ALOS
20100526 20100711 0.0002539 7.774e-10 ALOS
20100624 20101109 0.00013569 5.8429e-10 ALOS
20100711 20101011 2.6213e-05 6.6709e-10 ALOS
20100809 20101109 3.2289e-05 6.6427e-10 ALOS
20101011 20101126 0.00023942 7.7742e-10 ALOS
20110111 20110226 0.00053014 7.7734e-10 ALOS
20110924 20130715 -5.2153e-05 3.8065e-10 TSX
20111005 20121229 -0.00016208 4.2071e-10 TSX
20111121 20171221 4.456e-05 3.8113e-10 TSX
20111221 20130131 -2.4524e-05 4.2547e-10 TSX
20111224 20121027 2.9276e-05 4.2732e-10 TSX
20120126 20140419 -2.2778e-05 3.1756e-10 TSX
20120203 20160320 6.7843e-05 3.1328e-10 TSX
20120206 20171107 1.698e-05 3.3112e-10 TSX
20120617 20171129 -5.7438e-06 3.8327e-10 TSX
20120723 20160120 4.2588e-05 4.1146e-10 TSX
20121024 20130109 9.281e-05 7.0593e-10 TSX
20121027 20151226 -6.0497e-05 3.3852e-10 TSX
20121030 20130311 9.2337e-05 5.9359e-10 TSX
20121107 20171118 2.5854e-05 3.9273e-10 TSX
20121221 20160208 7.5805e-05 3.4341e-10 TSX
20121224 20130516 -0.00017626 5.6883e-10 TSX
20121229 20130407 -0.00011564 6.572e-10 TSX
20130104 20130217 -5.0697e-05 7.7466e-10 TSX
20130109 20130715 9.0232e-05 5.528e-10 TSX
20130112 20140511 -1.36e-05 3.874e-10 TSX
20130115 20130721 -0.00019103 5.6431e-10 TSX
20130126 20130823 -0.00036853 5.2166e-10 TSX
20130131 20130429 -0.00016028 6.7916e-10 TSX
20130203 20130729 -4.4168e-05 5.3434e-10 TSX
20130211 20130919 -0.00012599 5.0938e-10 TSX
20130228 20141209 -4.3538e-05 4.3275e-10 TSX
20130311 20130801 -1.7558e-05 6.0165e-10 TSX
20130316 20130623 -8.0139e-05 6.7365e-10 TSX
20130402 20150122 3.9746e-05 3.5193e-10 TSX
20130407 20140530 9.1161e-05 4.4934e-10 TSX
20130421 20171016 -2.3988e-05 3.4192e-10 TSX
20130424 20130721 -0.00029605 6.7321e-10 TSX
20130429 20130623 -7.056e-05 7.6231e-10 TSX
20130505 20131028 -0.00069401 5.7951e-10 TSX
20130513 20151112 0.00011684 3.0887e-10 TSX
20130516 20131017 -0.0002717 6.4678e-10 TSX
20130521 20130715 0.00023456 7.598e-10 TSX
20130524 20171129 6.9855e-05 3.9586e-10 TSX
20130527 20140627 -6.7556e-06 4.9349e-10 TSX
20130601 20130930 0.00018534 6.2548e-10 TSX
20130604 20141217 -5.8481e-06 3.8057e-10 TSX
20130607 20140719 -5.5455e-05 4.4293e-10 TSX
20130612 20150105 -0.00017468 3.5776e-10 TSX
20130615 20160106 2.6018e-05 3.7617e-10 TSX
20130618 20140708 -2.9332e-05 4.6831e-10 TSX
20130623 20130715 0.00075099 8.6584e-10 TSX
20130629 20130914 0.00019163 6.9643e-10 TSX
20130707 20150130 6.2218e-05 3.6455e-10 TSX
20130710 20140901 1.4199e-05 4.1427e-10 TSX
20130715 20130726 -0.0025573 1.0145e-09 TSX
20130721 20131108 0.00061938 6.3177e-10 TSX
20130726 20150517 0.00013986 3.7862e-10 TSX
20130729 20160904 1.4366e-05 3.293e-10 TSX
20130801 20151115 -6.7562e-05 3.53e-10 TSX
20130817 20140209 -0.00011171 5.4723e-10 TSX
20130828 20150312 -2.01e-05 3.7161e-10 TSX
20130903 20150329 3.1324e-05 3.6862e-10 TSX
20130919 20160309 -3.6941e-05 3.2725e-10 TSX
20130925 20140708 -0.00012689 4.5053e-10 TSX
20130930 20160411 -1.7407e-05 3.06e-10 TSX
20131011 20150802 0.00010464 3.9287e-10 TSX
20131017 20140719 -4.8701e-05 4.557e-10 TSX
20131028 20160304 0.00016885 3.1997e-10 TSX
20131102 20140519 -4.2814e-05 5.2358e-10 TSX
20131108 20140708 -0.00016986 4.7869e-10 TSX
20140209 20160309 3.3285e-06 3.5882e-10 TSX
20140223 20140829 -4.0278e-05 5.1281e-10 TSX
20140408 20140705 -6.2951e-05 6.6181e-10 TSX
20140419 20170913 2.9047e-05 3.1045e-10 TSX
20140511 20141228 1.805e-05 4.7511e-10 TSX
20140519 20150824 -0.00012151 4.3721e-10 TSX
20140624 20171005 7.4811e-05 3.2052e-10 TSX
20140627 20151115 9.1073e-05 4.073e-10 TSX
20140705 20180911 6.3504e-05 3.5692e-10 TSX
20140708 20160406 -0.00013671 4.0464e-10 TSX
20140716 20171005 5.4171e-05 3.5152e-10 TSX
20140719 20151207 -6.8449e-05 4.6438e-10 TSX
20140727 20150326 3.6782e-05 4.6225e-10 TSX
20140810 20150122 -0.00011884 5.4367e-10 TSX
20140818 20160301 4.5923e-05 3.4793e-10 TSX
20140829 20160208 3.8845e-05 3.6521e-10 TSX
20140901 20140912 -0.0002986 9.7013e-10 TSX
20140912 20141209 5.7827e-05 6.651e-10 TSX
20140920 20170902 1.3571e-05 3.1103e-10 TSX
20141209 20160211 6.1411e-05 4.0434e-10 TSX
20141217 20160722 -1.8392e-05 3.5164e-10 TSX
20141228 20160106 -2.1515e-05 3.9834e-10 TSX
20141231 20151024 4.7447e-05 4.3427e-10 TSX
20150105 20150824 -9.0159e-05 4.9517e-10 TSX
20150108 20170811 3.967e-05 3.2155e-10 TSX
20150119 20160117 5.4179e-05 4.0136e-10 TSX
20150127 20160411 -6.7137e-05 3.8583e-10 TSX
20150130 20151112 5.1137e-05 4.3914e-10 TSX
20150210 20170114 3.9267e-05 3.5025e-10 TSX
20150213 20160326 -2.6788e-05 4.5606e-10 TSX
20150218 20160216 -3.9804e-07 4.2072e-10 TSX
20150221 20180112 5.1157e-05 3.3316e-10 TSX
20150304 20180911 -3.7626e-05 3.107e-10 TSX
20150307 20160211 -6.5825e-05 4.4152e-10 TSX
20150312 20160320 -8.8688e-06 4.24e-10 TSX
20150326 20150827 -9.9621e-06 5.5216e-10 TSX
20150329 20151207 -2.7548e-05 4.734e-10 TSX
20150428 20160425 1.0783e-05 4.06e-10 TSX
20150509 20150827 -0.00012828 6.2116e-10 TSX
20150517 20150824 3.7124e-05 6.6288e-10 TSX
20150520 20180911 -7.6215e-05 3.2844e-10 TSX
20150714 20170822 7.1476e-05 3.4538e-10 TSX
20150725 20170924 6.2885e-05 3.837e-10 TSX
20150802 20160309 -0.00010638 4.9769e-10 TSX
20150805 20160403 2.1211e-05 4.6246e-10 TSX
20150816 20171107 8.7334e-05 3.3351e-10 TSX
20150824 20150915 0.00071708 8.65e-10 TSX
20150827 20170902 -3.2142e-05 3.4725e-10 TSX
20150915 20160216 -0.00013072 5.7423e-10 TSX
20151021 20160904 -8.0175e-05 4.2852e-10 TSX
20151101 20171016 3.1433e-05 3.4446e-10 TSX
20151112 20160425 2.8667e-05 5.3689e-10 TSX
20151115 20151229 9.6474e-05 7.7461e-10 TSX
20151123 20171221 1.1029e-05 3.6175e-10 TSX
20151204 20151215 0.00015314 9.7935e-10 TSX
20151207 20160406 -5.0321e-05 6.0253e-10 TSX
20151215 20170822 0.00015299 3.5968e-10 TSX
20151226 20161223 5.4738e-05 3.9883e-10 TSX
20151229 20160211 7.342e-05 7.7461e-10 TSX
20160106 20161223 2.6924e-05 3.9994e-10 TSX
20160117 20160926 -4.8279e-05 4.6327e-10 TSX
20160128 20160301 -0.00017249 8.0758e-10 TSX
20160208 20160312 -0.00010704 8.0758e-10 TSX
20160216 20160309 -0.00041089 8.6499e-10 TSX
20160219 20180319 4.5522e-05 3.2184e-10 TSX
20160301 20161201 5.7296e-05 4.3894e-10 TSX
20160304 20160326 7.8711e-05 8.5075e-10 TSX
20160312 20180319 5.8299e-05 3.4414e-10 TSX
20160320 20160411 0.00036135 8.65e-10 TSX
20160323 20171118 -1.2623e-05 3.6455e-10 TSX
20160326 20160406 -0.00050659 9.7006e-10 TSX
20160403 20171027 4.8453e-05 3.3975e-10 TSX
20160425 20170811 7.0787e-05 3.671e-10 TSX
20160528 20160630 -6.6373e-05 8.0758e-10 TSX
20160630 20171118 4.0289e-06 3.7582e-10 TSX
20160722 20161201 0.0001256 5.8287e-10 TSX
20160904 20180707 2.0922e-05 3.7875e-10 TSX
20160915 20180911 -1.2168e-05 3.5087e-10 TSX
20160926 20170114 5.129e-05 6.2503e-10 TSX
20161201 20171027 -3.7048e-05 4.2851e-10 TSX
20161223 20171107 4.3476e-05 4.2913e-10 TSX
20170114 20170902 -1.0446e-05 4.8542e-10 TSX
20170811 20171005 -4.4235e-05 7.4189e-10 TSX
20170822 20180707 -2.6889e-05 4.1794e-10 TSX
20170913 20180707 -8.0058e-05 4.3105e-10 TSX
20170924 20180319 8.9142e-05 5.2448e-10 TSX
20171005 20171107 5.288e-05 8.0758e-10 TSX
20171016 20180319 0.00013239 5.5094e-10 TSX
20171027 20180911 -4.8016e-05 4.2438e-10 TSX
20171107 20171118 7.8907e-05 9.7935e-10 TSX
20171118 20171129 6.1753e-05 9.7935e-10 TSX
20171129 20171221 -1.6465e-05 8.5197e-10 TSX
20171210 20180820 -4.9515e-05 4.6301e-10 TSX
20171221 20180911 -0.00010902 4.5537e-10 TSX
20180112 20181003 4.1126e-05 4.5601e-10 TSX
20180319 20180707 -0.00030098 6.1905e-10 TSX
20180707 20180911 0.00011801 7.1287e-10 TSX
20180729 20181003 -3.1471e-05 7.1291e-10 TSX
20180820 20181003 0.00011702 7.7316e-10 TSX
20180911 20181003 -0.00019346 8.5197e-10 TSX
