20030427 20030914 0.00069697 5.6965e-10 ERS2
20030914 20080629 -2.3566e-05 2.7994e-10 ERS2
20050918 20090510 -1.2945e-05 3.0178e-10 ERS2
20051127 20081116 0.00017028 3.2172e-10 ERS2
20060903 20090510 -0.00021692 3.1288e-10 ERS2
20061231 20090105 -2.6181e-05 3.125e-10 ALOS
20070402 20070703 -0.00011202 6.7735e-10 ALOS
20070518 20091008 -8.9546e-05 2.9992e-10 ALOS
20070818 20071003 -0.00030279 7.8763e-10 ALOS
20071217 20100509 -3.5972e-05 3.0411e-10 ALOS
20080103 20100526 -9.2767e-06 3.1066e-10 ALOS
20080404 20080520 0.00011581 7.8859e-10 ALOS
20080618 20090921 -2.2632e-05 3.7449e-10 ALOS
20080629 20090510 -0.0010542 4.1554e-10 ERS2
20080705 20091008 2.7025e-05 3.6511e-10 ALOS
20080803 20090823 -1.6673e-05 3.8319e-10 ERS2
20081116 20090823 0.0002647 4.3499e-10 ERS2
20081219 20090921 0.00027036 4.5097e-10 ALOS
20090105 20090708 0.00012202 5.3236e-10 ALOS
20090510 20091101 0.00086672 5.2392e-10 ERS2
20090708 20091008 0.00029098 6.8043e-10 ALOS
20090823 20091101 -3.4623e-05 7.0578e-10 ERS2
20091222 20100624 0.0003722 5.3075e-10 ALOS
20100108 20100223 0.00036876 7.8838e-10 ALOS
20100223 20100526 0.00012892 6.7714e-10 ALOS
20100410 20100711 -9.904e-05 6.7732e-10 ALOS
20100509 20100624 0.00070387 7.8557e-10 ALOS
20100526 20100711 0.00031457 7.9007e-10 ALOS
20100624 20101109 -8.5727e-05 5.9525e-10 ALOS
20100711 20101011 -1.3984e-05 6.7966e-10 ALOS
20100809 20101109 -0.00026349 6.7383e-10 ALOS
20101011 20101126 0.0002131 7.9017e-10 ALOS
20110111 20110226 0.00056563 7.8795e-10 ALOS
20110924 20130715 6.7805e-05 3.5875e-10 TSX
20111005 20121229 -0.00014065 4.2655e-10 TSX
20111121 20171221 1.288e-05 3.3611e-10 TSX
20111221 20130131 -3.1783e-05 3.9118e-10 TSX
20111224 20121027 4.3332e-06 4.2209e-10 TSX
20120126 20140419 -3.375e-05 3.1911e-10 TSX
20120203 20160320 -4.852e-06 2.9944e-10 TSX
20120206 20171107 -2.6225e-07 3.3304e-10 TSX
20120617 20171129 1.8884e-05 3.3715e-10 TSX
20120723 20160120 -2.2783e-05 3.375e-10 TSX
20121024 20130109 4.0943e-05 7.1473e-10 TSX
20121027 20151226 1.536e-05 3.4378e-10 TSX
20121030 20130311 4.3471e-05 5.8968e-10 TSX
20121107 20171118 3.3695e-05 3.2737e-10 TSX
20121221 20160208 6.8588e-05 3.3702e-10 TSX
20121224 20130516 -0.00027787 5.7301e-10 TSX
20121229 20130407 -9.315e-05 6.6921e-10 TSX
20130104 20130217 -3.6037e-05 7.8375e-10 TSX
20130109 20130715 0.00014722 5.4948e-10 TSX
20130112 20140511 -4.2776e-05 3.8454e-10 TSX
20130115 20130721 -0.0001062 5.2441e-10 TSX
20130126 20130823 -0.00019994 5.1531e-10 TSX
20130131 20130429 -4.4049e-06 6.8945e-10 TSX
20130203 20130729 -9.2929e-05 5.3065e-10 TSX
20130211 20130919 7.009e-05 5.0656e-10 TSX
20130228 20141209 -1.5741e-05 3.5373e-10 TSX
20130311 20130801 -2.3288e-05 5.7681e-10 TSX
20130316 20130623 -0.00010659 6.6769e-10 TSX
20130402 20150122 3.9035e-06 3.2201e-10 TSX
20130407 20140530 6.6493e-06 3.9614e-10 TSX
20130421 20171016 -5.3301e-05 2.9342e-10 TSX
20130424 20130721 -0.00028488 6.7473e-10 TSX
20130429 20130623 -0.00019481 7.681e-10 TSX
20130505 20131028 -0.00053766 5.3995e-10 TSX
20130513 20151112 2.5908e-06 3.2059e-10 TSX
20130516 20131017 -0.00020925 5.6347e-10 TSX
20130521 20130715 0.00026957 7.6897e-10 TSX
20130524 20171129 -1.58e-05 3.4816e-10 TSX
20130527 20140627 -2.7059e-05 4.0046e-10 TSX
20130601 20130930 0.0003831 6.2799e-10 TSX
20130604 20141217 2.2822e-05 3.7076e-10 TSX
20130607 20140719 1.4476e-05 3.9189e-10 TSX
20130612 20150105 -3.1625e-05 3.8675e-10 TSX
20130615 20160106 0.0001447 3.3164e-10 TSX
20130618 20140708 -3.404e-07 4.014e-10 TSX
20130623 20130715 0.00073711 8.7246e-10 TSX
20130629 20130914 0.0002457 6.9991e-10 TSX
20130707 20150130 2.1234e-05 3.7794e-10 TSX
20130710 20140901 2.169e-06 4.0382e-10 TSX
20130715 20130726 -0.0025631 1.0201e-09 TSX
20130721 20131108 0.00044177 6.3055e-10 TSX
20130726 20150517 5.931e-05 3.3741e-10 TSX
20130729 20160904 -1.5159e-05 3.3386e-10 TSX
20130801 20151115 -2.6782e-06 3.2703e-10 TSX
20130817 20140209 -2.2172e-05 5.4954e-10 TSX
20130828 20150312 6.8312e-06 3.5952e-10 TSX
20130903 20150329 -8.0703e-05 3.6622e-10 TSX
20130919 20160309 3.7756e-05 3.3811e-10 TSX
20130925 20140708 -3.3446e-05 4.3547e-10 TSX
20130930 20160411 -5.6068e-05 3.3425e-10 TSX
20131011 20150802 6.5647e-05 3.3884e-10 TSX
20131017 20140719 2.3333e-05 4.4067e-10 TSX
20131028 20160304 2.2558e-05 3.8694e-10 TSX
20131102 20140519 1.1782e-05 5.2211e-10 TSX
20131108 20140708 4.8051e-05 4.639e-10 TSX
20140209 20160309 5.4175e-05 3.6063e-10 TSX
20140223 20140829 0.00013655 5.1335e-10 TSX
20140408 20140705 -2.7167e-05 6.6807e-10 TSX
20140419 20170913 -2.6289e-06 3.7419e-10 TSX
20140511 20141228 7.8762e-05 4.741e-10 TSX
20140519 20150824 -2.1896e-05 3.6979e-10 TSX
20140624 20171005 4.6612e-05 3.5893e-10 TSX
20140627 20151115 1.8896e-05 3.647e-10 TSX
20140705 20180911 -1.3127e-06 3.3244e-10 TSX
20140708 20160406 3.7337e-05 3.3949e-10 TSX
20140716 20171005 5.6685e-05 3.1985e-10 TSX
20140719 20151207 2.7115e-05 3.5063e-10 TSX
20140727 20150326 -5.004e-05 4.6237e-10 TSX
20140810 20150122 -9.3824e-05 5.4263e-10 TSX
20140818 20160301 2.3975e-05 3.4548e-10 TSX
20140829 20160208 -1.1657e-05 3.5819e-10 TSX
20140901 20140912 -0.00029384 9.7508e-10 TSX
20140912 20141209 -3.1948e-05 6.7218e-10 TSX
20140920 20170902 -4.2023e-05 4.2405e-10 TSX
20141209 20160211 -2.6865e-05 3.6661e-10 TSX
20141217 20160722 -1.7769e-05 3.321e-10 TSX
20141228 20160106 -2.612e-05 3.9579e-10 TSX
20141231 20151024 -9.35e-07 4.2867e-10 TSX
20150105 20150824 -6.2683e-05 4.908e-10 TSX
20150108 20170811 -6.7464e-06 3.4377e-10 TSX
20150119 20160117 5.5596e-05 3.933e-10 TSX
20150127 20160411 -2.4807e-05 3.8795e-10 TSX
20150130 20151112 2.4076e-05 4.3401e-10 TSX
20150210 20170114 9.9004e-05 3.7803e-10 TSX
20150213 20160326 -6.8277e-05 3.8086e-10 TSX
20150218 20160216 -2.7318e-05 4.0414e-10 TSX
20150221 20180112 -5.8293e-05 3.7336e-10 TSX
20150304 20180911 -3.7168e-06 3.5735e-10 TSX
20150307 20160211 -4.0317e-05 4.0276e-10 TSX
20150312 20160320 -4.7923e-05 3.9914e-10 TSX
20150326 20150827 1.2252e-05 5.5281e-10 TSX
20150329 20151207 -1.6894e-05 4.5632e-10 TSX
20150428 20160425 3.1923e-05 3.9223e-10 TSX
20150509 20150827 -5.5644e-05 6.2367e-10 TSX
20150517 20150824 -3.8233e-05 6.6652e-10 TSX
20150520 20180911 6.6023e-05 2.9703e-10 TSX
20150714 20170822 7.1814e-05 3.7222e-10 TSX
20150725 20170924 3.5445e-05 3.4152e-10 TSX
20150802 20160309 -3.0493e-05 4.9933e-10 TSX
20150805 20160403 -4.4772e-05 4.6233e-10 TSX
20150816 20171107 4.4225e-05 3.9293e-10 TSX
20150824 20150915 0.0006894 8.7228e-10 TSX
20150827 20170902 -1.1825e-06 3.6063e-10 TSX
20150915 20160216 -6.5244e-05 5.7567e-10 TSX
20151021 20160904 -7.5148e-05 4.1887e-10 TSX
20151101 20171016 -1.7901e-05 3.8123e-10 TSX
20151112 20160425 -2.3772e-05 5.3809e-10 TSX
20151115 20151229 0.00015118 7.8367e-10 TSX
20151123 20171221 1.8534e-05 3.2053e-10 TSX
20151204 20151215 0.00015907 9.8397e-10 TSX
20151207 20160406 -0.000106 6.0752e-10 TSX
20151215 20170822 6.5882e-05 3.4793e-10 TSX
20151226 20161223 3.7178e-05 3.9401e-10 TSX
20151229 20160211 5.5802e-05 7.8367e-10 TSX
20160106 20161223 8.5592e-06 3.9794e-10 TSX
20160117 20160926 -6.263e-05 4.5538e-10 TSX
20160128 20160301 -0.00010966 8.1507e-10 TSX
20160208 20160312 -0.00015641 8.1507e-10 TSX
20160216 20160309 -0.00037618 8.7228e-10 TSX
20160219 20180319 3.2447e-05 3.2191e-10 TSX
20160301 20161201 7.5101e-06 4.387e-10 TSX
20160304 20160326 4.7657e-05 8.5723e-10 TSX
20160312 20180319 3.5815e-05 3.1813e-10 TSX
20160320 20160411 0.00037292 8.7228e-10 TSX
20160323 20171118 1.891e-05 3.5955e-10 TSX
20160326 20160406 -0.00049935 9.75e-10 TSX
20160403 20171027 1.2075e-05 3.5138e-10 TSX
20160425 20170811 4.5881e-05 3.6843e-10 TSX
20160528 20160630 -7.5188e-05 8.1507e-10 TSX
20160630 20171118 5.3423e-05 3.6199e-10 TSX
20160722 20161201 9.9117e-05 5.8475e-10 TSX
20160904 20180707 3.5162e-05 3.7347e-10 TSX
20160915 20180911 -2.4299e-05 3.7463e-10 TSX
20160926 20170114 -2.6777e-05 6.3208e-10 TSX
20161201 20171027 -3.4956e-05 4.2588e-10 TSX
20161223 20171107 0.00011218 4.3164e-10 TSX
20170114 20170902 -8.2051e-05 4.8235e-10 TSX
20170811 20171005 -0.00015836 7.5043e-10 TSX
20170822 20180707 -8.6393e-05 4.1284e-10 TSX
20170913 20180707 -0.00010759 4.2737e-10 TSX
20170924 20180319 6.2854e-05 5.2499e-10 TSX
20171005 20171107 6.0424e-05 8.1507e-10 TSX
20171016 20180319 0.00010165 5.5256e-10 TSX
20171027 20180911 -9.2161e-05 4.1406e-10 TSX
20171107 20171118 6.9814e-05 9.8397e-10 TSX
20171118 20171129 6.6106e-05 9.8397e-10 TSX
20171129 20171221 -2.7281e-06 8.5803e-10 TSX
20171210 20180820 -0.00012425 4.5355e-10 TSX
20171221 20180911 -0.00017031 4.4686e-10 TSX
20180112 20181003 4.151e-05 4.4574e-10 TSX
20180319 20180707 -0.00029996 6.2317e-10 TSX
20180707 20180911 0.00010908 7.2113e-10 TSX
20180729 20181003 -2.0906e-05 7.2105e-10 TSX
20180820 20181003 0.00015797 7.8152e-10 TSX
20180911 20181003 -0.00020171 8.5803e-10 TSX
