20030427 20030914 -5.602e-05 5.9186e-10 ERS2
20030914 20080629 -0.00011042 3.0545e-10 ERS2
20050918 20090510 -1.2915e-05 3.0633e-10 ERS2
20051127 20081116 -1.218e-05 3.1655e-10 ERS2
20060903 20090510 -3.6017e-05 3.1949e-10 ERS2
20061231 20090105 0.00014664 3.1877e-10 ALOS
20070402 20070703 -0.00025629 6.9622e-10 ALOS
20070518 20091008 -0.00016441 3.152e-10 ALOS
20070818 20071003 -0.0004213 7.9742e-10 ALOS
20071217 20100509 -0.00011096 3.1215e-10 ALOS
20080103 20100526 -3.1376e-07 3.1575e-10 ALOS
20080404 20080520 -5.517e-05 7.9751e-10 ALOS
20080618 20090921 -0.00014758 3.7508e-10 ALOS
20080629 20090510 -0.00070696 4.2458e-10 ERS2
20080705 20091008 -3.7138e-05 3.6822e-10 ALOS
20080803 20090823 -4.9541e-05 3.9134e-10 ERS2
20081116 20090823 7.6248e-05 4.4588e-10 ERS2
20081219 20090921 0.00040543 4.5806e-10 ALOS
20090105 20090708 7.5767e-05 5.531e-10 ALOS
20090510 20091101 -0.00049324 5.4469e-10 ERS2
20090708 20091008 0.00095835 6.9592e-10 ALOS
20090823 20091101 0.00042057 7.2878e-10 ERS2
20091222 20100624 0.00066268 5.5083e-10 ALOS
20100108 20100223 0.00065676 7.9799e-10 ALOS
20100223 20100526 -1.9903e-05 6.9699e-10 ALOS
20100410 20100711 -0.00016215 6.9555e-10 ALOS
20100509 20100624 0.0007402 7.9536e-10 ALOS
20100526 20100711 0.00044614 7.9739e-10 ALOS
20100624 20101109 2.2058e-06 6.1012e-10 ALOS
20100711 20101011 0.00036354 6.9583e-10 ALOS
20100809 20101109 -0.00013271 6.9287e-10 ALOS
20101011 20101126 0.00011525 7.9739e-10 ALOS
20110111 20110226 0.00080002 7.9736e-10 ALOS
20110924 20130715 7.2767e-05 3.2624e-10 TSX
20111005 20121229 2.6347e-05 4.0317e-10 TSX
20111121 20171221 -1.8583e-05 5.2625e-10 TSX
20111221 20130131 1.7753e-05 3.9001e-10 TSX
20111224 20121027 1.5719e-05 4.3274e-10 TSX
20120126 20140419 -7.5489e-06 4.0845e-10 TSX
20120203 20160320 -4.3634e-06 3.3711e-10 TSX
20120206 20171107 -3.0343e-06 4.3577e-10 TSX
20120617 20171129 2.0668e-05 5.1982e-10 TSX
20120723 20160120 -6.7628e-05 3.6137e-10 TSX
20121024 20130109 0.00020484 7.3085e-10 TSX
20121027 20151226 -3.8031e-05 3.1669e-10 TSX
20121030 20130311 2.4092e-05 6.1049e-10 TSX
20121107 20171118 -4.1229e-06 4.9099e-10 TSX
20121221 20160208 2.7298e-05 4.0637e-10 TSX
20121224 20130516 -0.00016267 5.9309e-10 TSX
20121229 20130407 3.0281e-05 6.8603e-10 TSX
20130104 20130217 2.404e-05 7.9473e-10 TSX
20130109 20130715 5.1292e-05 5.5127e-10 TSX
20130112 20140511 6.2913e-06 3.6854e-10 TSX
20130115 20130721 -0.00020599 5.3306e-10 TSX
20130126 20130823 -0.00016986 5.439e-10 TSX
20130131 20130429 -4.876e-05 7.0788e-10 TSX
20130203 20130729 -8.3667e-05 5.4895e-10 TSX
20130211 20130919 -1.2727e-05 5.1334e-10 TSX
20130228 20141209 -1.731e-05 3.34e-10 TSX
20130311 20130801 -0.00016521 5.9301e-10 TSX
20130316 20130623 -2.1644e-05 6.8608e-10 TSX
20130402 20150122 0.00014614 3.3312e-10 TSX
20130407 20140530 -0.00012184 3.8475e-10 TSX
20130421 20171016 -1.9937e-05 4.8184e-10 TSX
20130424 20130721 -0.00027526 6.9283e-10 TSX
20130429 20130623 -0.00012674 7.7921e-10 TSX
20130505 20131028 -0.00039716 6.0204e-10 TSX
20130513 20151112 -6.288e-05 3.9777e-10 TSX
20130516 20131017 -0.00020268 6.2558e-10 TSX
20130521 20130715 0.00027429 7.7924e-10 TSX
20130524 20171129 2.5156e-05 4.1817e-10 TSX
20130527 20140627 -3.4288e-05 3.8826e-10 TSX
20130601 20130930 0.00010958 6.4579e-10 TSX
20130604 20141217 -1.7726e-05 4.1905e-10 TSX
20130607 20140719 -9.8763e-06 3.8432e-10 TSX
20130612 20150105 -5.4222e-05 3.4952e-10 TSX
20130615 20160106 -3.5344e-07 4.859e-10 TSX
20130618 20140708 -6.4269e-05 3.9302e-10 TSX
20130623 20130715 0.00071962 8.7439e-10 TSX
20130629 20130914 -3.29e-05 7.3937e-10 TSX
20130707 20150130 -1.692e-05 3.7238e-10 TSX
20130710 20140901 -2.7575e-05 3.818e-10 TSX
20130715 20130726 -0.0024443 1.0199e-09 TSX
20130721 20131108 0.0011329 6.6946e-10 TSX
20130726 20150517 1.7421e-06 3.5752e-10 TSX
20130729 20160904 -3.8917e-05 5.11e-10 TSX
20130801 20151115 -1.2852e-05 3.5155e-10 TSX
20130817 20140209 -7.8228e-05 5.6358e-10 TSX
20130828 20150312 0.00011106 3.5353e-10 TSX
20130903 20150329 -0.0001923 4.7438e-10 TSX
20130919 20160309 2.664e-05 3.632e-10 TSX
20130925 20140708 -0.00015791 4.652e-10 TSX
20130930 20160411 1.9583e-05 3.3293e-10 TSX
20131011 20150802 6.8002e-05 3.7424e-10 TSX
20131017 20140719 5.9239e-05 4.8121e-10 TSX
20131028 20160304 -0.00011911 4.6367e-10 TSX
20131102 20140519 -0.00015936 5.3706e-10 TSX
20131108 20140708 -3.9782e-05 5.3649e-10 TSX
20140209 20160309 7.1525e-05 3.6245e-10 TSX
20140223 20140829 3.0056e-06 5.3568e-10 TSX
20140408 20140705 -3.1664e-05 6.9429e-10 TSX
20140419 20170913 2.3218e-05 4.2097e-10 TSX
20140511 20141228 6.3117e-06 4.9777e-10 TSX
20140519 20150824 4.283e-05 3.8002e-10 TSX
20140624 20171005 3.4667e-05 5.0136e-10 TSX
20140627 20151115 -3.7751e-05 3.7482e-10 TSX
20140705 20180911 1.7524e-05 4.948e-10 TSX
20140708 20160406 7.0333e-05 3.6487e-10 TSX
20140716 20171005 7.7756e-05 3.6058e-10 TSX
20140719 20151207 -3.713e-05 3.7825e-10 TSX
20140727 20150326 -3.6227e-06 4.8143e-10 TSX
20140810 20150122 -1.0509e-05 6.1255e-10 TSX
20140818 20160301 2.5525e-05 4.641e-10 TSX
20140829 20160208 2.861e-05 4.5775e-10 TSX
20140901 20140912 -0.00029183 9.7614e-10 TSX
20140912 20141209 -3.0948e-05 6.9282e-10 TSX
20140920 20170902 2.0085e-05 5.1232e-10 TSX
20141209 20160211 -2.0383e-05 3.9189e-10 TSX
20141217 20160722 -4.4405e-06 3.8268e-10 TSX
20141228 20160106 3.4294e-06 4.7116e-10 TSX
20141231 20151024 -4.7599e-06 4.3408e-10 TSX
20150105 20150824 -7.481e-05 5.0876e-10 TSX
20150108 20170811 1.3108e-05 4.5118e-10 TSX
20150119 20160117 -7.2485e-07 4.4002e-10 TSX
20150127 20160411 5.0529e-05 3.9898e-10 TSX
20150130 20151112 -1.9756e-05 4.6148e-10 TSX
20150210 20170114 2.3835e-05 5.1211e-10 TSX
20150213 20160326 -0.00022947 4.0976e-10 TSX
20150218 20160216 5.6976e-05 4.155e-10 TSX
20150221 20180112 -1.965e-05 3.5946e-10 TSX
20150304 20180911 1.0993e-06 5.6041e-10 TSX
20150307 20160211 -5.1123e-06 4.2286e-10 TSX
20150312 20160320 -0.00013187 4.121e-10 TSX
20150326 20150827 -1.4126e-05 5.8028e-10 TSX
20150329 20151207 -1.4735e-05 4.7026e-10 TSX
20150428 20160425 5.3876e-06 4.8987e-10 TSX
20150509 20150827 -3.2507e-05 6.5189e-10 TSX
20150517 20150824 -0.00014777 6.8747e-10 TSX
20150520 20180911 -3.4454e-06 4.7518e-10 TSX
20150714 20170822 -5.1679e-06 4.7385e-10 TSX
20150725 20170924 2.6295e-05 4.6031e-10 TSX
20150802 20160309 -6.2793e-05 5.2379e-10 TSX
20150805 20160403 -6.7243e-05 5.0914e-10 TSX
20150816 20171107 2.1544e-06 4.6042e-10 TSX
20150824 20150915 0.00074341 8.7429e-10 TSX
20150827 20170902 3.3754e-05 4.6868e-10 TSX
20150915 20160216 -6.1137e-05 5.941e-10 TSX
20151021 20160904 -0.00013062 4.683e-10 TSX
20151101 20171016 -8.871e-07 4.433e-10 TSX
20151112 20160425 5.2239e-06 5.6461e-10 TSX
20151115 20151229 0.00016747 7.9473e-10 TSX
20151123 20171221 1.6419e-06 3.4674e-10 TSX
20151204 20151215 0.0001651 9.8652e-10 TSX
20151207 20160406 -0.00011962 6.2911e-10 TSX
20151215 20170822 3.2203e-05 4.9522e-10 TSX
20151226 20161223 3.0919e-05 4.2395e-10 TSX
20151229 20160211 -5.9233e-06 7.9473e-10 TSX
20160106 20161223 3.4178e-05 4.2486e-10 TSX
20160117 20160926 2.0476e-06 4.8065e-10 TSX
20160128 20160301 -0.00015468 8.2513e-10 TSX
20160208 20160312 -0.00011777 8.2513e-10 TSX
20160216 20160309 -0.00038808 8.7429e-10 TSX
20160219 20180319 7.1126e-07 4.2917e-10 TSX
20160301 20161201 3.9782e-05 4.5842e-10 TSX
20160304 20160326 3.0723e-05 8.6094e-10 TSX
20160312 20180319 -2.9025e-05 3.8366e-10 TSX
20160320 20160411 0.00039339 8.7429e-10 TSX
20160323 20171118 2.5708e-05 3.6899e-10 TSX
20160326 20160406 -0.00049854 9.7607e-10 TSX
20160403 20171027 4.0993e-05 3.8204e-10 TSX
20160425 20170811 1.4333e-05 4.0875e-10 TSX
20160528 20160630 2.2679e-05 8.2513e-10 TSX
20160630 20171118 1.5231e-05 3.7359e-10 TSX
20160722 20161201 0.00015954 6.1214e-10 TSX
20160904 20180707 3.9724e-05 3.9778e-10 TSX
20160915 20180911 -1.2184e-05 3.6284e-10 TSX
20160926 20170114 0.00010686 6.5297e-10 TSX
20161201 20171027 -3.2593e-06 4.5848e-10 TSX
20161223 20171107 -7.1884e-05 4.6798e-10 TSX
20170114 20170902 -4.9442e-05 5.7379e-10 TSX
20170811 20171005 -3.7154e-05 7.691e-10 TSX
20170822 20180707 -1.2738e-05 4.294e-10 TSX
20170913 20180707 -0.00010736 4.883e-10 TSX
20170924 20180319 -4.1374e-06 5.4956e-10 TSX
20171005 20171107 4.4655e-05 8.2513e-10 TSX
20171016 20180319 4.3006e-05 5.791e-10 TSX
20171027 20180911 -7.1873e-06 4.2668e-10 TSX
20171107 20171118 9.5288e-05 9.8652e-10 TSX
20171118 20171129 6.057e-05 9.8652e-10 TSX
20171129 20171221 -2.9133e-05 8.6377e-10 TSX
20171210 20180820 -4.6917e-05 4.7102e-10 TSX
20171221 20180911 -8.3283e-05 4.6296e-10 TSX
20180112 20181003 0.00012881 4.7731e-10 TSX
20180319 20180707 -0.00013707 6.5083e-10 TSX
20180707 20180911 0.00018898 7.4309e-10 TSX
20180729 20181003 2.8213e-05 7.4309e-10 TSX
20180820 20181003 0.0001798 7.9611e-10 TSX
20180911 20181003 -0.00019473 8.6378e-10 TSX
