20030427 20030914 -0.0001358 5.6638e-10 ERS2
20030914 20080629 -4.7992e-05 2.9525e-10 ERS2
20050918 20090510 0.0002921 2.9927e-10 ERS2
20051127 20081116 0.00036152 3.1235e-10 ERS2
20060903 20090510 -7.2894e-05 3.0601e-10 ERS2
20061231 20090105 0.00024826 3.1529e-10 ALOS
20070402 20070703 -4.3596e-05 6.664e-10 ALOS
20070518 20091008 0.00019679 3.1057e-10 ALOS
20070818 20071003 -4.2771e-05 7.75e-10 ALOS
20071217 20100509 6.1862e-05 3.0116e-10 ALOS
20080103 20100526 -6.7486e-05 3.0453e-10 ALOS
20080404 20080520 0.00016519 7.7503e-10 ALOS
20080618 20090921 0.00018514 3.7271e-10 ALOS
20080629 20090510 -0.00017365 4.219e-10 ERS2
20080705 20091008 0.00014012 3.6684e-10 ALOS
20080803 20090823 -1.947e-05 3.8317e-10 ERS2
20081116 20090823 9.1219e-05 4.3204e-10 ERS2
20081219 20090921 0.00032719 4.5149e-10 ALOS
20090105 20090708 -2.4087e-07 5.29e-10 ALOS
20090510 20091101 0.00018681 5.2324e-10 ERS2
20090708 20091008 0.00092211 6.6638e-10 ALOS
20090823 20091101 -9.3375e-05 6.9857e-10 ERS2
20091222 20100624 4.7707e-05 5.2797e-10 ALOS
20100108 20100223 -7.6575e-06 7.7578e-10 ALOS
20100223 20100526 -3.7466e-05 6.6697e-10 ALOS
20100410 20100711 4.0577e-05 6.669e-10 ALOS
20100509 20100624 0.00058172 7.7304e-10 ALOS
20100526 20100711 0.00042702 7.7501e-10 ALOS
20100624 20101109 0.00019154 5.8397e-10 ALOS
20100711 20101011 0.00025596 6.6616e-10 ALOS
20100809 20101109 9.5773e-05 6.6353e-10 ALOS
20101011 20101126 9.7871e-05 7.75e-10 ALOS
20110111 20110226 0.0006281 7.75e-10 ALOS
20110924 20130715 0.00013847 3.234e-10 TSX
20111005 20121229 0.00012402 3.6792e-10 TSX
20111121 20171221 2.9769e-05 3.2529e-10 TSX
20111221 20130131 9.9909e-05 3.8528e-10 TSX
20111224 20121027 0.00015337 4.1928e-10 TSX
20120126 20140419 7.3403e-05 2.9497e-10 TSX
20120203 20160320 5.7277e-05 2.7996e-10 TSX
20120206 20171107 5.4466e-05 3.2013e-10 TSX
20120617 20171129 0.00010969 3.9381e-10 TSX
20120723 20160120 9.5498e-05 3.235e-10 TSX
20121024 20130109 -4.3073e-05 7.0154e-10 TSX
20121027 20151226 5.7755e-05 3.3276e-10 TSX
20121030 20130311 1.4007e-05 5.8465e-10 TSX
20121107 20171118 4.2116e-06 3.0439e-10 TSX
20121221 20160208 -0.00012978 3.4805e-10 TSX
20121224 20130516 -5.7446e-05 5.6848e-10 TSX
20121229 20130407 0.0001459 6.5605e-10 TSX
20130104 20130217 8.1166e-05 7.7302e-10 TSX
20130109 20130715 0.00012769 5.286e-10 TSX
20130112 20140511 6.46e-05 3.5485e-10 TSX
20130115 20130721 -7.0409e-05 5.1401e-10 TSX
20130126 20130823 8.1808e-05 5.1393e-10 TSX
20130131 20130429 -0.0001252 6.7794e-10 TSX
20130203 20130729 0.00017421 5.2312e-10 TSX
20130211 20130919 0.00011029 4.9591e-10 TSX
20130228 20141209 0.00014478 3.1427e-10 TSX
20130311 20130801 8.6866e-05 5.6844e-10 TSX
20130316 20130623 2.1236e-05 6.5606e-10 TSX
20130402 20150122 0.00027351 3.8071e-10 TSX
20130407 20140530 1.6119e-05 3.8076e-10 TSX
20130421 20171016 0.0001218 3.2121e-10 TSX
20130424 20130721 -0.00013548 6.6401e-10 TSX
20130429 20130623 2.7781e-05 7.5398e-10 TSX
20130505 20131028 -0.0003765 5.9297e-10 TSX
20130513 20151112 2.8588e-05 3.3413e-10 TSX
20130516 20131017 -0.00011059 5.9799e-10 TSX
20130521 20130715 0.00023366 7.5401e-10 TSX
20130524 20171129 -3.7871e-05 3.0474e-10 TSX
20130527 20140627 4.2728e-05 3.8395e-10 TSX
20130601 20130930 0.0002533 6.1696e-10 TSX
20130604 20141217 0.00014735 3.4072e-10 TSX
20130607 20140719 0.00012635 3.8022e-10 TSX
20130612 20150105 0.00010524 3.3871e-10 TSX
20130615 20160106 0.00013775 3.3314e-10 TSX
20130618 20140708 6.6763e-05 3.8825e-10 TSX
20130623 20130715 0.00065361 8.6112e-10 TSX
20130629 20130914 0.00028961 6.9679e-10 TSX
20130707 20150130 0.00010304 3.3805e-10 TSX
20130710 20140901 9.0098e-05 3.7628e-10 TSX
20130715 20130726 -0.0023734 1.01e-09 TSX
20130721 20131108 0.00084214 6.4488e-10 TSX
20130726 20150517 0.00011578 3.2176e-10 TSX
20130729 20160904 5.4281e-05 3.0585e-10 TSX
20130801 20151115 0.00014398 3.1771e-10 TSX
20130817 20140209 0.00016069 5.4095e-10 TSX
20130828 20150312 6.1446e-05 3.4176e-10 TSX
20130903 20150329 -0.00016077 4.5362e-10 TSX
20130919 20160309 0.00017961 3.0098e-10 TSX
20130925 20140708 0.00011456 4.3765e-10 TSX
20130930 20160411 0.00021742 3.145e-10 TSX
20131011 20150802 9.3052e-05 3.3118e-10 TSX
20131017 20140719 8.5472e-06 4.4143e-10 TSX
20131028 20160304 6.1192e-05 2.9228e-10 TSX
20131102 20140519 -0.00033102 5.171e-10 TSX
20131108 20140708 5.3836e-05 4.7695e-10 TSX
20140209 20160309 9.6029e-05 3.1195e-10 TSX
20140223 20140829 0.00011628 5.1107e-10 TSX
20140408 20140705 3.896e-05 6.6125e-10 TSX
20140419 20170913 0.00014411 3.3119e-10 TSX
20140511 20141228 0.00018013 4.7009e-10 TSX
20140519 20150824 0.00030353 3.7095e-10 TSX
20140624 20171005 7.0802e-05 3.5202e-10 TSX
20140627 20151115 0.00021791 3.5965e-10 TSX
20140705 20180911 9.9604e-05 3.5722e-10 TSX
20140708 20160406 0.00016157 3.1743e-10 TSX
20140716 20171005 0.00010887 3.6747e-10 TSX
20140719 20151207 0.00018517 3.4719e-10 TSX
20140727 20150326 6.6673e-05 4.6146e-10 TSX
20140810 20150122 8.9719e-05 5.3929e-10 TSX
20140818 20160301 0.0001623 3.4971e-10 TSX
20140829 20160208 0.00015502 3.6332e-10 TSX
20140901 20140912 -0.00032115 9.67e-10 TSX
20140912 20141209 0.00014419 6.64e-10 TSX
20140920 20170902 0.0001056 2.9937e-10 TSX
20141209 20160211 0.00015376 3.6947e-10 TSX
20141217 20160722 0.00012711 3.3649e-10 TSX
20141228 20160106 0.00016626 3.8728e-10 TSX
20141231 20151024 0.00016731 4.2859e-10 TSX
20150105 20150824 9.6963e-05 4.861e-10 TSX
20150108 20170811 4.7648e-05 2.9887e-10 TSX
20150119 20160117 0.00017485 3.9154e-10 TSX
20150127 20160411 0.00018179 3.8392e-10 TSX
20150130 20151112 0.00017966 4.3233e-10 TSX
20150210 20170114 0.00013505 3.4312e-10 TSX
20150213 20160326 6.281e-05 4.2347e-10 TSX
20150218 20160216 0.00020123 4.052e-10 TSX
20150221 20180112 0.00012946 3.0856e-10 TSX
20150304 20180911 7.0654e-05 3.2311e-10 TSX
20150307 20160211 0.00020358 4.0444e-10 TSX
20150312 20160320 0.00016695 4.0005e-10 TSX
20150326 20150827 0.00027883 5.5388e-10 TSX
20150329 20151207 0.00018911 4.5495e-10 TSX
20150428 20160425 0.00016075 4.0519e-10 TSX
20150509 20150827 0.00024609 6.2466e-10 TSX
20150517 20150824 0.0002059 6.5662e-10 TSX
20150520 20180911 0.0001291 2.9569e-10 TSX
20150714 20170822 0.00015565 3.0163e-10 TSX
20150725 20170924 0.00010592 3.0524e-10 TSX
20150802 20160309 0.00018479 4.957e-10 TSX
20150805 20160403 6.7018e-05 4.61e-10 TSX
20150816 20171107 0.00011729 2.9467e-10 TSX
20150824 20150915 0.00077243 8.6102e-10 TSX
20150827 20170902 0.00015048 3.0572e-10 TSX
20150915 20160216 2.5725e-05 5.6821e-10 TSX
20151021 20160904 7.4209e-05 4.1266e-10 TSX
20151101 20171016 0.00017068 2.9868e-10 TSX
20151112 20160425 1.7167e-05 5.3613e-10 TSX
20151115 20151229 0.00019998 7.7302e-10 TSX
20151123 20171221 0.00013132 2.9481e-10 TSX
20151204 20151215 0.0001847 9.7703e-10 TSX
20151207 20160406 -2.2532e-06 6.0214e-10 TSX
20151215 20170822 0.00016516 3.1123e-10 TSX
20151226 20161223 0.00018179 3.9307e-10 TSX
20151229 20160211 1.8817e-05 7.7302e-10 TSX
20160106 20161223 0.00019452 3.9761e-10 TSX
20160117 20160926 0.00017849 4.5296e-10 TSX
20160128 20160301 -0.00024609 8.0603e-10 TSX
20160208 20160312 -6.3634e-05 8.0603e-10 TSX
20160216 20160309 -0.0004081 8.6102e-10 TSX
20160219 20180319 6.6069e-05 2.9931e-10 TSX
20160301 20161201 0.0002298 4.3853e-10 TSX
20160304 20160326 1.5731e-05 8.4808e-10 TSX
20160312 20180319 8.6001e-05 3.0288e-10 TSX
20160320 20160411 0.00043752 8.6103e-10 TSX
20160323 20171118 0.00015477 3.1751e-10 TSX
20160326 20160406 -0.00050148 9.6693e-10 TSX
20160403 20171027 0.00018203 3.2193e-10 TSX
20160425 20170811 0.00017586 3.4543e-10 TSX
20160528 20160630 9.3728e-05 8.0603e-10 TSX
20160630 20171118 0.00011585 3.3909e-10 TSX
20160722 20161201 0.00025421 5.8132e-10 TSX
20160904 20180707 7.3054e-05 3.2141e-10 TSX
20160915 20180911 8.1519e-05 3.021e-10 TSX
20160926 20170114 5.7516e-05 6.1794e-10 TSX
20161201 20171027 0.00012252 4.0681e-10 TSX
20161223 20171107 7.1483e-05 4.0905e-10 TSX
20170114 20170902 7.1755e-05 4.6867e-10 TSX
20170811 20171005 -2.6497e-05 7.411e-10 TSX
20170822 20180707 -6.2743e-05 4.1364e-10 TSX
20170913 20180707 -0.00011625 4.2486e-10 TSX
20170924 20180319 -0.00020456 5.232e-10 TSX
20171005 20171107 5.6176e-05 8.0603e-10 TSX
20171016 20180319 -0.0002157 5.5008e-10 TSX
20171027 20180911 2.6518e-05 4.1374e-10 TSX
20171107 20171118 7.617e-05 9.7704e-10 TSX
20171118 20171129 3.9247e-05 9.7703e-10 TSX
20171129 20171221 1.0658e-06 8.4999e-10 TSX
20171210 20180820 1.2364e-05 4.5338e-10 TSX
20171221 20180911 5.0854e-05 4.4569e-10 TSX
20180112 20181003 7.1757e-05 4.4565e-10 TSX
20180319 20180707 3.9756e-05 6.1798e-10 TSX
20180707 20180911 0.00044356 7.1237e-10 TSX
20180729 20181003 0.00015461 7.1237e-10 TSX
20180820 20181003 0.00020943 7.7203e-10 TSX
20180911 20181003 -0.0001825 8.4999e-10 TSX
