20030427 20030914 0.00012956 5.6602e-10 ERS2
20030914 20080629 -2.202e-05 2.8013e-10 ERS2
20050918 20090510 1.6688e-05 3.0264e-10 ERS2
20051127 20081116 0.0002461 3.0818e-10 ERS2
20060903 20090510 -0.00027677 3.0578e-10 ERS2
20061231 20090105 0.00024104 3.2655e-10 ALOS
20070402 20070703 -0.00011886 6.6667e-10 ALOS
20070518 20091008 -0.00018534 3.1136e-10 ALOS
20070818 20071003 -0.00020525 7.7559e-10 ALOS
20071217 20100509 -0.0001067 3.098e-10 ALOS
20080103 20100526 -9.2398e-05 3.178e-10 ALOS
20080404 20080520 2.1536e-05 7.7572e-10 ALOS
20080618 20090921 -6.0635e-05 3.7235e-10 ALOS
20080629 20090510 1.092e-05 4.1158e-10 ERS2
20080705 20091008 0.00011718 3.6596e-10 ALOS
20080803 20090823 -3.3489e-05 3.832e-10 ERS2
20081116 20090823 -4.0227e-05 4.3192e-10 ERS2
20081219 20090921 -0.00020316 4.5214e-10 ALOS
20090105 20090708 -0.00029824 5.401e-10 ALOS
20090510 20091101 -0.00025119 5.1936e-10 ERS2
20090708 20091008 0.00022237 6.6683e-10 ALOS
20090823 20091101 -0.00049512 6.9855e-10 ERS2
20091222 20100624 -2.8812e-05 5.2607e-10 ALOS
20100108 20100223 -0.0003949 7.7713e-10 ALOS
20100223 20100526 -0.00039934 6.6725e-10 ALOS
20100410 20100711 -0.00014385 6.671e-10 ALOS
20100509 20100624 0.00067034 7.7348e-10 ALOS
20100526 20100711 0.00045976 7.7546e-10 ALOS
20100624 20101109 -7.3679e-05 5.8406e-10 ALOS
20100711 20101011 -6.3423e-05 6.6652e-10 ALOS
20100809 20101109 -1.0495e-05 6.6368e-10 ALOS
20101011 20101126 0.00024066 7.7551e-10 ALOS
20110111 20110226 0.00044533 7.7549e-10 ALOS
20110924 20130715 -2.2758e-05 3.36e-10 TSX
20111005 20121229 8.084e-06 3.6993e-10 TSX
20111121 20171221 -1.042e-05 2.9494e-10 TSX
20111221 20130131 1.4913e-06 3.8621e-10 TSX
20111224 20121027 2.8663e-06 4.1926e-10 TSX
20120126 20140419 -2.5017e-05 3.2334e-10 TSX
20120203 20160320 -2.386e-06 3.5179e-10 TSX
20120206 20171107 6.1933e-06 3.0949e-10 TSX
20120617 20171129 1.6382e-05 3.1624e-10 TSX
20120723 20160120 6.8288e-05 4.0442e-10 TSX
20121024 20130109 0.00010049 7.0185e-10 TSX
20121027 20151226 1.0812e-05 3.0985e-10 TSX
20121030 20130311 -9.8285e-06 5.8469e-10 TSX
20121107 20171118 1.0079e-05 3.239e-10 TSX
20121221 20160208 3.7367e-05 3.5304e-10 TSX
20121224 20130516 -1.4262e-05 5.6853e-10 TSX
20121229 20130407 2.62e-05 6.5626e-10 TSX
20130104 20130217 -5.6776e-05 7.7333e-10 TSX
20130109 20130715 8.5896e-05 5.5989e-10 TSX
20130112 20140511 4.9702e-06 3.6166e-10 TSX
20130115 20130721 -6.2384e-05 5.192e-10 TSX
20130126 20130823 -2.7785e-05 5.3564e-10 TSX
20130131 20130429 -7.728e-05 6.7817e-10 TSX
20130203 20130729 -8.6274e-06 5.2396e-10 TSX
20130211 20130919 -2.5388e-05 4.9943e-10 TSX
20130228 20141209 3.9095e-05 4.253e-10 TSX
20130311 20130801 -6.0651e-05 5.7747e-10 TSX
20130316 20130623 -6.3182e-05 6.5636e-10 TSX
20130402 20150122 -0.00016741 3.9071e-10 TSX
20130407 20140530 -4.1504e-06 3.8607e-10 TSX
20130421 20171016 3.3778e-05 3.1869e-10 TSX
20130424 20130721 -0.00026692 6.6532e-10 TSX
20130429 20130623 -7.7133e-05 7.545e-10 TSX
20130505 20131028 -0.00021068 5.4967e-10 TSX
20130513 20151112 -4.5639e-06 3.3915e-10 TSX
20130516 20131017 -0.00014569 5.754e-10 TSX
20130521 20130715 7.9195e-05 7.5466e-10 TSX
20130524 20171129 -2.0602e-05 3.1323e-10 TSX
20130527 20140627 -2.7871e-05 3.9468e-10 TSX
20130601 20130930 -6.8422e-06 6.1761e-10 TSX
20130604 20141217 6.3995e-06 3.4558e-10 TSX
20130607 20140719 -1.6442e-05 4.0491e-10 TSX
20130612 20150105 -4.4088e-05 3.6024e-10 TSX
20130615 20160106 1.8651e-05 3.13e-10 TSX
20130618 20140708 -1.038e-05 3.8759e-10 TSX
20130623 20130715 0.00060909 8.6221e-10 TSX
20130629 20130914 0.00011028 6.9331e-10 TSX
20130707 20150130 -6.7861e-06 3.3973e-10 TSX
20130710 20140901 2.271e-05 3.7959e-10 TSX
20130715 20130726 -0.0023645 1.0114e-09 TSX
20130721 20131108 0.00053855 6.4335e-10 TSX
20130726 20150517 2.6828e-05 3.5148e-10 TSX
20130729 20160904 -3.5475e-05 3.1723e-10 TSX
20130801 20151115 -6.2954e-06 4.0329e-10 TSX
20130817 20140209 1.7191e-05 5.4135e-10 TSX
20130828 20150312 6.0647e-05 3.5524e-10 TSX
20130903 20150329 -0.00024628 4.7668e-10 TSX
20130919 20160309 -2.5508e-05 3.8647e-10 TSX
20130925 20140708 4.4242e-05 4.4325e-10 TSX
20130930 20160411 6.2043e-05 3.2524e-10 TSX
20131011 20150802 -3.8363e-05 3.5515e-10 TSX
20131017 20140719 -6.1148e-05 4.4698e-10 TSX
20131028 20160304 -9.4741e-05 4.4329e-10 TSX
20131102 20140519 -7.6819e-05 5.1718e-10 TSX
20131108 20140708 5.1874e-05 4.8522e-10 TSX
20140209 20160309 1.5391e-05 3.7773e-10 TSX
20140223 20140829 -9.8596e-06 5.1124e-10 TSX
20140408 20140705 -4.423e-05 6.6131e-10 TSX
20140419 20170913 9.5071e-05 3.4649e-10 TSX
20140511 20141228 4.922e-05 4.7098e-10 TSX
20140519 20150824 1.3622e-05 4.1872e-10 TSX
20140624 20171005 -3.7501e-05 3.5756e-10 TSX
20140627 20151115 8.1184e-05 4.0302e-10 TSX
20140705 20180911 1.5774e-05 3.0434e-10 TSX
20140708 20160406 3.3782e-05 3.9194e-10 TSX
20140716 20171005 3.6281e-05 3.1488e-10 TSX
20140719 20151207 4.3062e-05 3.8355e-10 TSX
20140727 20150326 -2.299e-06 4.616e-10 TSX
20140810 20150122 2.9555e-05 5.4031e-10 TSX
20140818 20160301 4.681e-05 3.458e-10 TSX
20140829 20160208 5.9937e-05 3.7463e-10 TSX
20140901 20140912 -0.00028842 9.6789e-10 TSX
20140912 20141209 4.6849e-05 6.6418e-10 TSX
20140920 20170902 7.897e-05 3.3574e-10 TSX
20141209 20160211 1.0215e-06 3.9633e-10 TSX
20141217 20160722 2.9034e-05 3.6447e-10 TSX
20141228 20160106 3.6812e-06 3.9022e-10 TSX
20141231 20151024 3.0953e-05 4.7888e-10 TSX
20150105 20150824 -0.00010975 4.9765e-10 TSX
20150108 20170811 -0.00013093 3.1705e-10 TSX
20150119 20160117 0.00011317 4.0153e-10 TSX
20150127 20160411 -3.2948e-05 4.3526e-10 TSX
20150130 20151112 2.0413e-05 4.3718e-10 TSX
20150210 20170114 1.8138e-05 3.3211e-10 TSX
20150213 20160326 9.7895e-05 4.8254e-10 TSX
20150218 20160216 -2.686e-05 4.2024e-10 TSX
20150221 20180112 3.765e-05 3.1137e-10 TSX
20150304 20180911 -2.0256e-05 3.0603e-10 TSX
20150307 20160211 -4.5928e-05 4.1448e-10 TSX
20150312 20160320 -2.4804e-05 4.1786e-10 TSX
20150326 20150827 3.323e-05 5.5986e-10 TSX
20150329 20151207 -3.634e-05 4.6893e-10 TSX
20150428 20160425 8.8826e-05 4.0311e-10 TSX
20150509 20150827 -1.4923e-05 6.272e-10 TSX
20150517 20150824 -0.00025024 6.615e-10 TSX
20150520 20180911 2.293e-05 3.2287e-10 TSX
20150714 20170822 3.3485e-05 3.1384e-10 TSX
20150725 20170924 3.025e-05 3.0784e-10 TSX
20150802 20160309 -1.4419e-06 4.9762e-10 TSX
20150805 20160403 7.7327e-05 4.6301e-10 TSX
20150816 20171107 8.4649e-05 3.2579e-10 TSX
20150824 20150915 0.00069838 8.6211e-10 TSX
20150827 20170902 8.085e-05 3.2073e-10 TSX
20150915 20160216 -8.425e-05 5.7037e-10 TSX
20151021 20160904 -4.1506e-05 4.127e-10 TSX
20151101 20171016 3.9032e-05 3.3882e-10 TSX
20151112 20160425 2.5708e-05 5.3656e-10 TSX
20151115 20151229 0.00010635 7.7333e-10 TSX
20151123 20171221 3.7841e-05 3.1562e-10 TSX
20151204 20151215 0.00017688 9.7758e-10 TSX
20151207 20160406 -1.3507e-05 6.0219e-10 TSX
20151215 20170822 6.0169e-05 3.3625e-10 TSX
20151226 20161223 5.9704e-05 3.9361e-10 TSX
20151229 20160211 -1.0919e-05 7.7333e-10 TSX
20160106 20161223 7.0342e-05 3.9795e-10 TSX
20160117 20160926 5.8451e-05 4.533e-10 TSX
20160128 20160301 -0.00021179 8.0628e-10 TSX
20160208 20160312 -4.2806e-05 8.0628e-10 TSX
20160216 20160309 -0.00039894 8.6211e-10 TSX
20160219 20180319 1.0763e-05 3.0697e-10 TSX
20160301 20161201 8.9778e-05 4.3858e-10 TSX
20160304 20160326 0.00010445 8.4875e-10 TSX
20160312 20180319 3.0008e-05 3.237e-10 TSX
20160320 20160411 0.00034764 8.6212e-10 TSX
20160323 20171118 4.5766e-05 3.3705e-10 TSX
20160326 20160406 -0.00054304 9.6782e-10 TSX
20160403 20171027 7.9751e-05 3.3368e-10 TSX
20160425 20170811 4.6996e-05 3.6076e-10 TSX
20160528 20160630 2.1551e-05 8.0628e-10 TSX
20160630 20171118 6.4392e-05 3.4575e-10 TSX
20160722 20161201 0.00016267 5.8141e-10 TSX
20160904 20180707 4.6523e-05 3.4257e-10 TSX
20160915 20180911 5.1915e-06 3.2318e-10 TSX
20160926 20170114 4.7173e-05 6.1901e-10 TSX
20161201 20171027 3.6295e-05 4.1615e-10 TSX
20161223 20171107 3.0336e-05 4.1363e-10 TSX
20170114 20170902 5.3769e-05 4.7287e-10 TSX
20170811 20171005 1.1613e-05 7.412e-10 TSX
20170822 20180707 -4.9888e-05 4.1354e-10 TSX
20170913 20180707 -0.0001062 4.251e-10 TSX
20170924 20180319 -1.8745e-05 5.2326e-10 TSX
20171005 20171107 5.2306e-05 8.0628e-10 TSX
20171016 20180319 6.784e-06 5.5009e-10 TSX
20171027 20180911 -9.2007e-06 4.1348e-10 TSX
20171107 20171118 8.0911e-05 9.7758e-10 TSX
20171118 20171129 5.5356e-05 9.7758e-10 TSX
20171129 20171221 -2.2053e-06 8.5038e-10 TSX
20171210 20180820 -4.6274e-05 4.5352e-10 TSX
20171221 20180911 -3.4166e-05 4.4585e-10 TSX
20180112 20181003 4.6818e-05 4.4557e-10 TSX
20180319 20180707 -0.00014917 6.1802e-10 TSX
20180707 20180911 0.00028159 7.1244e-10 TSX
20180729 20181003 8.7684e-05 7.1244e-10 TSX
20180820 20181003 0.00017355 7.7218e-10 TSX
20180911 20181003 -0.00017437 8.5038e-10 TSX
