20030427 20030914 -0.00026806 5.6614e-10 ERS2
20030914 20080629 8.2344e-05 2.674e-10 ERS2
20050918 20090510 5.4539e-05 3.0594e-10 ERS2
20051127 20081116 0.00024299 2.9899e-10 ERS2
20060903 20090510 -0.00011767 3.0895e-10 ERS2
20061231 20090105 -6.8011e-05 3.1899e-10 ALOS
20070402 20070703 -7.8482e-05 6.67e-10 ALOS
20070518 20091008 -0.00029528 3.3323e-10 ALOS
20070818 20071003 -0.00034187 7.755e-10 ALOS
20071217 20100509 -0.00010526 3.2476e-10 ALOS
20080103 20100526 -0.00017453 3.4163e-10 ALOS
20080404 20080520 -0.00021395 7.7735e-10 ALOS
20080618 20090921 -1.8206e-05 3.7354e-10 ALOS
20080629 20090510 0.00011363 4.1168e-10 ERS2
20080705 20091008 -2.5305e-05 3.6885e-10 ALOS
20080803 20090823 -2.1485e-05 3.8323e-10 ERS2
20081116 20090823 -4.5004e-05 4.3202e-10 ERS2
20081219 20090921 -3.5385e-05 4.5135e-10 ALOS
20090105 20090708 -5.728e-05 5.3754e-10 ALOS
20090510 20091101 0.0001934 5.2183e-10 ERS2
20090708 20091008 0.00016837 6.6685e-10 ALOS
20090823 20091101 -0.00038502 6.9852e-10 ERS2
20091222 20100624 -0.00011692 5.2851e-10 ALOS
20100108 20100223 -0.00039759 7.7725e-10 ALOS
20100223 20100526 -0.0002397 6.6821e-10 ALOS
20100410 20100711 -0.00017934 6.6904e-10 ALOS
20100509 20100624 0.00052864 7.7348e-10 ALOS
20100526 20100711 0.00031369 7.7551e-10 ALOS
20100624 20101109 -0.00011054 5.8397e-10 ALOS
20100711 20101011 4.4519e-06 6.6642e-10 ALOS
20100809 20101109 8.0953e-06 6.6352e-10 ALOS
20101011 20101126 0.00023971 7.7553e-10 ALOS
20110111 20110226 0.00052338 7.7548e-10 ALOS
20110924 20130715 2.9937e-06 3.264e-10 TSX
20111005 20121229 -2.2571e-05 3.7786e-10 TSX
20111121 20171221 -2.0355e-05 3.5997e-10 TSX
20111221 20130131 -6.1945e-05 3.8563e-10 TSX
20111224 20121027 6.6946e-06 4.1945e-10 TSX
20120126 20140419 -4.0498e-05 3.1718e-10 TSX
20120203 20160320 -7.0427e-05 3.1419e-10 TSX
20120206 20171107 6.5198e-06 3.7189e-10 TSX
20120617 20171129 1.1097e-05 3.1064e-10 TSX
20120723 20160120 -4.886e-05 3.5528e-10 TSX
20121024 20130109 4.5016e-05 7.0165e-10 TSX
20121027 20151226 -1.2853e-07 3.2051e-10 TSX
20121030 20130311 -8.8772e-05 5.8465e-10 TSX
20121107 20171118 1.4686e-05 3.5604e-10 TSX
20121221 20160208 1.1544e-05 3.1848e-10 TSX
20121224 20130516 -0.00012265 5.6848e-10 TSX
20121229 20130407 -6.4235e-05 6.5604e-10 TSX
20130104 20130217 -8.0755e-05 7.7339e-10 TSX
20130109 20130715 -5.2304e-05 5.3612e-10 TSX
20130112 20140511 -7.0883e-06 3.6347e-10 TSX
20130115 20130721 -5.4752e-05 5.1726e-10 TSX
20130126 20130823 6.5937e-05 5.1948e-10 TSX
20130131 20130429 -0.00010086 6.7794e-10 TSX
20130203 20130729 3.94e-05 5.2337e-10 TSX
20130211 20130919 4.1556e-05 4.9642e-10 TSX
20130228 20141209 -9.4014e-06 3.499e-10 TSX
20130311 20130801 2.8188e-05 5.6836e-10 TSX
20130316 20130623 -4.7207e-05 6.5604e-10 TSX
20130402 20150122 -6.3552e-05 4.1849e-10 TSX
20130407 20140530 -5.5531e-05 3.817e-10 TSX
20130421 20171016 1.8759e-05 3.4806e-10 TSX
20130424 20130721 -7.8696e-05 6.64e-10 TSX
20130429 20130623 -4.8934e-05 7.5432e-10 TSX
20130505 20131028 -0.00039668 5.481e-10 TSX
20130513 20151112 4.9655e-05 3.4246e-10 TSX
20130516 20131017 0.00014365 5.9952e-10 TSX
20130521 20130715 0.00015036 7.5434e-10 TSX
20130524 20171129 2.4693e-05 3.5833e-10 TSX
20130527 20140627 -2.3365e-05 3.8362e-10 TSX
20130601 20130930 0.00012065 6.1694e-10 TSX
20130604 20141217 1.5351e-05 3.6075e-10 TSX
20130607 20140719 -2.5015e-05 3.7959e-10 TSX
20130612 20150105 -2.7411e-05 3.5391e-10 TSX
20130615 20160106 4.0437e-05 3.1449e-10 TSX
20130618 20140708 -1.6751e-05 3.8814e-10 TSX
20130623 20130715 0.00064403 8.6256e-10 TSX
20130629 20130914 0.00032627 7.1293e-10 TSX
20130707 20150130 1.1131e-05 3.5612e-10 TSX
20130710 20140901 -5.999e-06 3.783e-10 TSX
20130715 20130726 -0.0023197 1.0118e-09 TSX
20130721 20131108 0.00093382 6.4728e-10 TSX
20130726 20150517 -8.6061e-05 3.5396e-10 TSX
20130729 20160904 4.2132e-06 3.0521e-10 TSX
20130801 20151115 -4.0624e-06 3.4928e-10 TSX
20130817 20140209 -7.5968e-05 5.4096e-10 TSX
20130828 20150312 -3.3872e-05 3.5003e-10 TSX
20130903 20150329 -0.00015394 3.7457e-10 TSX
20130919 20160309 -2.1076e-05 3.0776e-10 TSX
20130925 20140708 -6.3169e-05 4.5601e-10 TSX
20130930 20160411 2.873e-05 3.4482e-10 TSX
20131011 20150802 -1.6156e-05 3.6053e-10 TSX
20131017 20140719 -0.00010531 4.7399e-10 TSX
20131028 20160304 5.3011e-05 3.3232e-10 TSX
20131102 20140519 -0.00013499 5.1712e-10 TSX
20131108 20140708 -1.3358e-05 5.2877e-10 TSX
20140209 20160309 -1.2346e-05 3.4812e-10 TSX
20140223 20140829 3.4545e-05 5.1109e-10 TSX
20140408 20140705 -7.572e-06 6.6122e-10 TSX
20140419 20170913 3.3037e-05 3.4672e-10 TSX
20140511 20141228 5.6538e-05 4.72e-10 TSX
20140519 20150824 3.313e-05 3.7528e-10 TSX
20140624 20171005 1.202e-05 3.7175e-10 TSX
20140627 20151115 3.4972e-05 3.7388e-10 TSX
20140705 20180911 1.4428e-05 3.1068e-10 TSX
20140708 20160406 -1.6614e-05 3.7147e-10 TSX
20140716 20171005 2.091e-05 3.6966e-10 TSX
20140719 20151207 2.7376e-05 3.8003e-10 TSX
20140727 20150326 -4.1965e-05 4.6172e-10 TSX
20140810 20150122 -6.2985e-05 5.5123e-10 TSX
20140818 20160301 5.0074e-05 3.4392e-10 TSX
20140829 20160208 6.8237e-05 3.5621e-10 TSX
20140901 20140912 -0.0002971 9.6837e-10 TSX
20140912 20141209 -2.6944e-05 6.6387e-10 TSX
20140920 20170902 3.9611e-05 3.1479e-10 TSX
20141209 20160211 2.7806e-05 4.0131e-10 TSX
20141217 20160722 5.9312e-05 3.579e-10 TSX
20141228 20160106 5.7365e-05 3.9765e-10 TSX
20141231 20151024 5.04e-05 4.333e-10 TSX
20150105 20150824 3.1705e-05 5.042e-10 TSX
20150108 20170811 5.7927e-05 3.5123e-10 TSX
20150119 20160117 6.1719e-05 4.2072e-10 TSX
20150127 20160411 -1.9942e-06 4.0261e-10 TSX
20150130 20151112 4.9601e-05 4.4046e-10 TSX
20150210 20170114 7.1916e-05 3.3309e-10 TSX
20150213 20160326 -0.00038454 4.3982e-10 TSX
20150218 20160216 3.8884e-05 4.2393e-10 TSX
20150221 20180112 5.1297e-05 3.3754e-10 TSX
20150304 20180911 1.6902e-05 3.1738e-10 TSX
20150307 20160211 2.7708e-05 4.2369e-10 TSX
20150312 20160320 -1.6705e-05 4.0545e-10 TSX
20150326 20150827 0.00012684 5.536e-10 TSX
20150329 20151207 3.9408e-05 4.593e-10 TSX
20150428 20160425 0.00010041 3.9954e-10 TSX
20150509 20150827 0.0001583 6.2538e-10 TSX
20150517 20150824 5.8549e-05 6.5809e-10 TSX
20150520 20180911 -1.065e-05 3.2555e-10 TSX
20150714 20170822 2.0969e-05 3.6819e-10 TSX
20150725 20170924 4.5681e-05 3.4357e-10 TSX
20150802 20160309 -6.892e-05 5.0442e-10 TSX
20150805 20160403 9.4242e-06 4.7124e-10 TSX
20150816 20171107 4.9732e-05 3.5225e-10 TSX
20150824 20150915 0.00066813 8.6247e-10 TSX
20150827 20170902 4.9381e-05 3.5453e-10 TSX
20150915 20160216 -0.00012829 5.7356e-10 TSX
20151021 20160904 9.6968e-07 4.2872e-10 TSX
20151101 20171016 4.0342e-05 3.3262e-10 TSX
20151112 20160425 -1.383e-05 5.3627e-10 TSX
20151115 20151229 0.00017718 7.7339e-10 TSX
20151123 20171221 3.3487e-05 3.1908e-10 TSX
20151204 20151215 0.00017166 9.7848e-10 TSX
20151207 20160406 -0.00012417 6.0213e-10 TSX
20151215 20170822 5.3956e-05 3.4313e-10 TSX
20151226 20161223 9.9492e-05 3.9702e-10 TSX
20151229 20160211 -2.5099e-05 7.7339e-10 TSX
20160106 20161223 0.0001043 4.0356e-10 TSX
20160117 20160926 8.2228e-05 4.6145e-10 TSX
20160128 20160301 -0.00016126 8.0678e-10 TSX
20160208 20160312 -9.2805e-05 8.0678e-10 TSX
20160216 20160309 -0.00038683 8.6247e-10 TSX
20160219 20180319 8.183e-06 3.211e-10 TSX
20160301 20161201 0.0001392 4.3933e-10 TSX
20160304 20160326 4.6932e-06 8.4911e-10 TSX
20160312 20180319 4.2571e-06 3.2735e-10 TSX
20160320 20160411 0.00037113 8.6248e-10 TSX
20160323 20171118 5.5838e-05 3.3405e-10 TSX
20160326 20160406 -0.00051651 9.683e-10 TSX
20160403 20171027 0.00010079 3.4199e-10 TSX
20160425 20170811 9.6264e-05 3.9318e-10 TSX
20160528 20160630 1.6262e-05 8.0678e-10 TSX
20160630 20171118 6.5196e-05 3.4587e-10 TSX
20160722 20161201 0.0002084 5.813e-10 TSX
20160904 20180707 -5.3863e-06 3.3506e-10 TSX
20160915 20180911 -9.3798e-07 3.1738e-10 TSX
20160926 20170114 2.0182e-05 6.1848e-10 TSX
20161201 20171027 -1.1169e-05 4.1757e-10 TSX
20161223 20171107 -3.1597e-05 4.181e-10 TSX
20170114 20170902 2.4809e-05 4.813e-10 TSX
20170811 20171005 -7.6662e-05 7.413e-10 TSX
20170822 20180707 -8.4791e-05 4.137e-10 TSX
20170913 20180707 -0.00013468 4.3006e-10 TSX
20170924 20180319 -0.00010293 5.2317e-10 TSX
20171005 20171107 3.8603e-05 8.0678e-10 TSX
20171016 20180319 -9.2253e-05 5.5007e-10 TSX
20171027 20180911 -3.931e-05 4.1374e-10 TSX
20171107 20171118 8.3455e-05 9.7848e-10 TSX
20171118 20171129 5.0861e-05 9.7848e-10 TSX
20171129 20171221 -2.7204e-05 8.5112e-10 TSX
20171210 20180820 -3.7959e-05 4.5343e-10 TSX
20171221 20180911 -2.6819e-05 4.4568e-10 TSX
20180112 20181003 -1.726e-05 4.4598e-10 TSX
20180319 20180707 -6.8294e-05 6.1794e-10 TSX
20180707 20180911 0.00027879 7.1243e-10 TSX
20180729 20181003 2.8454e-05 7.1243e-10 TSX
20180820 20181003 0.00011511 7.7246e-10 TSX
20180911 20181003 -0.00018136 8.5112e-10 TSX
