20030427 20030914 -0.00031599 5.6603e-10 ERS2
20030914 20080629 4.1667e-05 2.6903e-10 ERS2
20050918 20090510 9.8915e-05 2.9888e-10 ERS2
20051127 20081116 -7.8798e-05 3.1285e-10 ERS2
20060903 20090510 -6.5025e-05 3.0527e-10 ERS2
20061231 20090105 -4.8323e-05 3.1306e-10 ALOS
20070402 20070703 -0.00021622 6.6637e-10 ALOS
20070518 20091008 4.5775e-05 2.9801e-10 ALOS
20070818 20071003 -0.0004254 7.7558e-10 ALOS
20071217 20100509 -8.0376e-05 2.987e-10 ALOS
20080103 20100526 -1.1685e-05 2.9905e-10 ALOS
20080404 20080520 -7.5348e-06 7.756e-10 ALOS
20080618 20090921 -9.5973e-05 3.7298e-10 ALOS
20080629 20090510 -0.00021117 4.1452e-10 ERS2
20080705 20091008 -3.2586e-05 3.6477e-10 ALOS
20080803 20090823 -3.9975e-05 3.8254e-10 ERS2
20081116 20090823 1.1775e-05 4.3273e-10 ERS2
20081219 20090921 0.00018374 4.4611e-10 ALOS
20090105 20090708 6.2431e-05 5.2851e-10 ALOS
20090510 20091101 -0.00018264 5.2077e-10 ERS2
20090708 20091008 0.00051405 6.6622e-10 ALOS
20090823 20091101 -0.00011904 6.9851e-10 ERS2
20091222 20100624 0.00033198 5.2518e-10 ALOS
20100108 20100223 0.00071669 7.7565e-10 ALOS
20100223 20100526 0.00018099 6.6626e-10 ALOS
20100410 20100711 2.6005e-05 6.663e-10 ALOS
20100509 20100624 0.00048247 7.7357e-10 ALOS
20100526 20100711 0.00045361 7.756e-10 ALOS
20100624 20101109 0.00010133 5.8397e-10 ALOS
20100711 20101011 0.00014147 6.6622e-10 ALOS
20100809 20101109 -8.9434e-05 6.6354e-10 ALOS
20101011 20101126 0.00023988 7.7561e-10 ALOS
20110111 20110226 0.00063497 7.7558e-10 ALOS
20110924 20130715 4.9492e-05 3.2476e-10 TSX
20111005 20121229 -5.2469e-05 3.6848e-10 TSX
20111121 20171221 4.2279e-05 3.2465e-10 TSX
20111221 20130131 1.2578e-05 3.8572e-10 TSX
20111224 20121027 5.8043e-05 4.192e-10 TSX
20120126 20140419 3.713e-05 2.952e-10 TSX
20120203 20160320 4.567e-05 2.572e-10 TSX
20120206 20171107 -3.1174e-06 3.397e-10 TSX
20120617 20171129 4.6715e-05 3.1504e-10 TSX
20120723 20160120 8.9044e-05 2.863e-10 TSX
20121024 20130109 3.8812e-05 7.016e-10 TSX
20121027 20151226 6.391e-05 2.9758e-10 TSX
20121030 20130311 4.3376e-05 5.8465e-10 TSX
20121107 20171118 1.9774e-05 2.9411e-10 TSX
20121221 20160208 4.7412e-05 3.0547e-10 TSX
20121224 20130516 -3.0162e-05 5.6849e-10 TSX
20121229 20130407 0.00012179 6.5604e-10 TSX
20130104 20130217 0.00013896 7.7346e-10 TSX
20130109 20130715 0.00020615 5.285e-10 TSX
20130112 20140511 7.1647e-05 3.5474e-10 TSX
20130115 20130721 -0.00015057 5.1396e-10 TSX
20130126 20130823 -6.8709e-05 4.93e-10 TSX
20130131 20130429 -1.2837e-05 6.7794e-10 TSX
20130203 20130729 -7.1442e-06 5.2313e-10 TSX
20130211 20130919 3.0592e-05 4.9591e-10 TSX
20130228 20141209 -4.2077e-05 3.1673e-10 TSX
20130311 20130801 -6.294e-05 5.6843e-10 TSX
20130316 20130623 5.284e-05 6.5605e-10 TSX
20130402 20150122 -1.1148e-05 3.1383e-10 TSX
20130407 20140530 -2.0893e-05 3.8056e-10 TSX
20130421 20171016 4.5197e-05 3.0333e-10 TSX
20130424 20130721 -0.00014185 6.6402e-10 TSX
20130429 20130623 4.5859e-07 7.544e-10 TSX
20130505 20131028 -0.00051242 5.2818e-10 TSX
20130513 20151112 7.9007e-05 2.9992e-10 TSX
20130516 20131017 -0.00015762 5.54e-10 TSX
20130521 20130715 0.00038676 7.5443e-10 TSX
20130524 20171129 4.4347e-05 2.921e-10 TSX
20130527 20140627 8.8819e-07 3.833e-10 TSX
20130601 20130930 0.0002237 6.1695e-10 TSX
20130604 20141217 9.3271e-05 3.4061e-10 TSX
20130607 20140719 1.7459e-05 3.7978e-10 TSX
20130612 20150105 -6.4221e-06 3.3775e-10 TSX
20130615 20160106 0.00011085 2.9669e-10 TSX
20130618 20140708 -1.5564e-05 3.8817e-10 TSX
20130623 20130715 0.00068492 8.6272e-10 TSX
20130629 20130914 0.00031235 6.883e-10 TSX
20130707 20150130 7.817e-05 3.3827e-10 TSX
20130710 20140901 -4.9426e-05 3.7674e-10 TSX
20130715 20130726 -0.0025026 1.0119e-09 TSX
20130721 20131108 0.00065034 6.2102e-10 TSX
20130726 20150517 7.756e-05 3.2443e-10 TSX
20130729 20160904 3.824e-05 2.8206e-10 TSX
20130801 20151115 -3.0724e-05 3.0053e-10 TSX
20130817 20140209 -7.747e-05 5.4096e-10 TSX
20130828 20150312 1.0467e-05 3.3967e-10 TSX
20130903 20150329 -0.00013945 3.237e-10 TSX
20130919 20160309 -1.7072e-05 2.835e-10 TSX
20130925 20140708 -5.7468e-05 4.3126e-10 TSX
20130930 20160411 6.8571e-06 2.8191e-10 TSX
20131011 20150802 -4.1428e-06 3.2022e-10 TSX
20131017 20140719 -1.3241e-05 4.3876e-10 TSX
20131028 20160304 9.853e-06 3.0739e-10 TSX
20131102 20140519 -0.00012452 5.1709e-10 TSX
20131108 20140708 -7.2195e-05 4.6279e-10 TSX
20140209 20160309 5.3684e-05 3.1332e-10 TSX
20140223 20140829 2.4318e-05 5.1106e-10 TSX
20140408 20140705 -4.5465e-05 6.6125e-10 TSX
20140419 20170913 1.6347e-05 3.3589e-10 TSX
20140511 20141228 3.3226e-05 4.701e-10 TSX
20140519 20150824 2.492e-05 3.6352e-10 TSX
20140624 20171005 3.8949e-05 3.1479e-10 TSX
20140627 20151115 -5.5283e-05 3.4184e-10 TSX
20140705 20180911 3.4534e-05 3.0397e-10 TSX
20140708 20160406 -7.1447e-06 3.1636e-10 TSX
20140716 20171005 4.6756e-05 2.9745e-10 TSX
20140719 20151207 -4.3747e-05 3.4085e-10 TSX
20140727 20150326 -5.2428e-06 4.6155e-10 TSX
20140810 20150122 3.1476e-05 5.3918e-10 TSX
20140818 20160301 8.2131e-05 3.2434e-10 TSX
20140829 20160208 9.6925e-05 3.3708e-10 TSX
20140901 20140912 -0.00029056 9.6847e-10 TSX
20140912 20141209 2.1065e-05 6.6401e-10 TSX
20140920 20170902 2.6855e-05 3.0327e-10 TSX
20141209 20160211 -5.4489e-05 3.6774e-10 TSX
20141217 20160722 0.00011219 3.2209e-10 TSX
20141228 20160106 5.6433e-05 3.8294e-10 TSX
20141231 20151024 1.2392e-05 4.2512e-10 TSX
20150105 20150824 -9.6205e-06 4.8623e-10 TSX
20150108 20170811 7.2472e-05 3.0165e-10 TSX
20150119 20160117 4.7656e-05 3.8708e-10 TSX
20150127 20160411 2.1942e-05 3.7143e-10 TSX
20150130 20151112 3.0548e-05 4.287e-10 TSX
20150210 20170114 0.00010744 3.0515e-10 TSX
20150213 20160326 -0.00013019 3.7462e-10 TSX
20150218 20160216 2.7713e-06 4.0309e-10 TSX
20150221 20180112 6.291e-05 2.9319e-10 TSX
20150304 20180911 1.2084e-05 3.1564e-10 TSX
20150307 20160211 1.0613e-05 4.0135e-10 TSX
20150312 20160320 -7.3682e-05 3.9789e-10 TSX
20150326 20150827 0.00010821 5.5032e-10 TSX
20150329 20151207 2.3693e-05 4.5512e-10 TSX
20150428 20160425 6.8532e-05 3.8736e-10 TSX
20150509 20150827 0.0001011 6.1863e-10 TSX
20150517 20150824 -4.1996e-05 6.5607e-10 TSX
20150520 20180911 7.9834e-06 3.1904e-10 TSX
20150714 20170822 7.977e-05 3.2119e-10 TSX
20150725 20170924 0.00010749 3.0358e-10 TSX
20150802 20160309 -7.9541e-05 4.9594e-10 TSX
20150805 20160403 6.5399e-06 4.6138e-10 TSX
20150816 20171107 8.4954e-05 2.9909e-10 TSX
20150824 20150915 0.00065424 8.6259e-10 TSX
20150827 20170902 8.9103e-05 3.0483e-10 TSX
20150915 20160216 -3.76e-05 5.6814e-10 TSX
20151021 20160904 -4.5212e-05 4.1241e-10 TSX
20151101 20171016 7.0821e-05 3.1309e-10 TSX
20151112 20160425 -2.7398e-05 5.3605e-10 TSX
20151115 20151229 0.00018784 7.7346e-10 TSX
20151123 20171221 7.3525e-05 3.1553e-10 TSX
20151204 20151215 0.00017585 9.7859e-10 TSX
20151207 20160406 -8.1701e-05 6.0214e-10 TSX
20151215 20170822 0.00010195 3.3343e-10 TSX
20151226 20161223 6.4803e-05 3.9366e-10 TSX
20151229 20160211 1.2773e-05 7.7346e-10 TSX
20160106 20161223 6.6979e-05 3.9848e-10 TSX
20160117 20160926 2.1257e-05 4.5297e-10 TSX
20160128 20160301 -0.00021884 8.0686e-10 TSX
20160208 20160312 -3.9541e-05 8.0686e-10 TSX
20160216 20160309 -0.00040547 8.6259e-10 TSX
20160219 20180319 0.00011266 3.0577e-10 TSX
20160301 20161201 9.4907e-05 4.3849e-10 TSX
20160304 20160326 4.437e-05 8.4921e-10 TSX
20160312 20180319 0.00014691 3.09e-10 TSX
20160320 20160411 0.00044141 8.626e-10 TSX
20160323 20171118 0.0001166 3.2596e-10 TSX
20160326 20160406 -0.00049675 9.684e-10 TSX
20160403 20171027 0.0001276 3.3204e-10 TSX
20160425 20170811 8.7075e-05 3.6325e-10 TSX
20160528 20160630 5.4211e-05 8.0686e-10 TSX
20160630 20171118 9.7919e-05 3.4072e-10 TSX
20160722 20161201 9.2961e-05 5.8132e-10 TSX
20160904 20180707 5.6758e-05 3.2819e-10 TSX
20160915 20180911 8.5348e-05 3.0643e-10 TSX
20160926 20170114 -3.7892e-05 6.1795e-10 TSX
20161201 20171027 4.3699e-05 4.078e-10 TSX
20161223 20171107 4.1666e-05 4.103e-10 TSX
20170114 20170902 7.6907e-05 4.6944e-10 TSX
20170811 20171005 -7.3949e-05 7.4135e-10 TSX
20170822 20180707 -6.9348e-05 4.1384e-10 TSX
20170913 20180707 -9.3582e-05 4.252e-10 TSX
20170924 20180319 -0.00012302 5.232e-10 TSX
20171005 20171107 1.4163e-05 8.0686e-10 TSX
20171016 20180319 -0.00012262 5.5007e-10 TSX
20171027 20180911 -7.9233e-05 4.141e-10 TSX
20171107 20171118 7.3976e-05 9.7859e-10 TSX
20171118 20171129 4.8504e-05 9.7859e-10 TSX
20171129 20171221 -3.0936e-06 8.5122e-10 TSX
20171210 20180820 -7.8326e-05 4.5344e-10 TSX
20171221 20180911 -0.00010915 4.4581e-10 TSX
20180112 20181003 -2.7367e-05 4.4572e-10 TSX
20180319 20180707 -6.9504e-05 6.1796e-10 TSX
20180707 20180911 0.00012687 7.1247e-10 TSX
20180729 20181003 8.0899e-05 7.1247e-10 TSX
20180820 20181003 0.000208 7.7252e-10 TSX
20180911 20181003 -0.00010413 8.5122e-10 TSX
