20030427 20030914 0.00012669 5.7454e-10 ERS2
20030914 20080629 -0.00019266 2.6829e-10 ERS2
20050918 20090510 1.0818e-05 3.0734e-10 ERS2
20051127 20081116 0.00013938 3.2361e-10 ERS2
20060903 20090510 5.0554e-05 3.2026e-10 ERS2
20061231 20090105 3.1343e-05 3.1045e-10 ALOS
20070402 20070703 -3.5793e-05 6.7318e-10 ALOS
20070518 20091008 -6.1054e-05 2.9514e-10 ALOS
20070818 20071003 -0.00049234 7.8369e-10 ALOS
20071217 20100509 -3.457e-05 2.9658e-10 ALOS
20080103 20100526 -4.7037e-05 2.9418e-10 ALOS
20080404 20080520 1.2752e-05 7.8369e-10 ALOS
20080618 20090921 -6.4258e-05 3.7129e-10 ALOS
20080629 20090510 -9.1281e-05 4.1358e-10 ERS2
20080705 20091008 -0.00015411 3.6444e-10 ALOS
20080803 20090823 -1.9432e-05 3.8554e-10 ERS2
20081116 20090823 -2.3711e-05 4.3337e-10 ERS2
20081219 20090921 2.0329e-05 4.4704e-10 ALOS
20090105 20090708 5.933e-05 5.3072e-10 ALOS
20090510 20091101 0.00022998 5.231e-10 ERS2
20090708 20091008 6.9144e-05 6.7318e-10 ALOS
20090823 20091101 0.00047676 7.0962e-10 ERS2
20091222 20100624 9.3941e-05 5.2719e-10 ALOS
20100108 20100223 -1.7334e-05 7.8371e-10 ALOS
20100223 20100526 -8.3148e-05 6.7312e-10 ALOS
20100410 20100711 -0.00020883 6.7318e-10 ALOS
20100509 20100624 0.00079412 7.8134e-10 ALOS
20100526 20100711 0.00036878 7.837e-10 ALOS
20100624 20101109 -8.5145e-05 5.8776e-10 ALOS
20100711 20101011 -0.00021864 6.732e-10 ALOS
20100809 20101109 -4.6001e-05 6.6995e-10 ALOS
20101011 20101126 0.00025011 7.837e-10 ALOS
20110111 20110226 0.00058771 7.8366e-10 ALOS
20110924 20130715 2.6106e-05 3.2177e-10 TSX
20111005 20121229 2.249e-05 3.6845e-10 TSX
20111121 20171221 -6.4099e-06 2.9193e-10 TSX
20111221 20130131 3.7062e-05 3.8546e-10 TSX
20111224 20121027 -8.5649e-06 4.2151e-10 TSX
20120126 20140419 1.5178e-05 2.9207e-10 TSX
20120203 20160320 2.8671e-06 2.4622e-10 TSX
20120206 20171107 5.2997e-06 2.9349e-10 TSX
20120617 20171129 -3.3915e-06 2.8498e-10 TSX
20120723 20160120 -1.0797e-05 2.5548e-10 TSX
20121024 20130109 0.00013069 7.1016e-10 TSX
20121027 20151226 -1.521e-05 2.6951e-10 TSX
20121030 20130311 1.7515e-05 5.8749e-10 TSX
20121107 20171118 -7.7124e-06 2.9359e-10 TSX
20121221 20160208 -1.0278e-05 3.0152e-10 TSX
20121224 20130516 -5.8239e-05 5.7087e-10 TSX
20121229 20130407 3.2087e-05 6.6337e-10 TSX
20130104 20130217 -3.1005e-05 7.8046e-10 TSX
20130109 20130715 1.4368e-05 5.317e-10 TSX
20130112 20140511 9.1057e-06 3.5694e-10 TSX
20130115 20130721 -0.00012443 5.1529e-10 TSX
20130126 20130823 -0.00022781 4.9729e-10 TSX
20130131 20130429 -2.9597e-05 6.8595e-10 TSX
20130203 20130729 -1.9748e-05 5.2775e-10 TSX
20130211 20130919 -6.6222e-05 4.9825e-10 TSX
20130228 20141209 1.4883e-05 3.1104e-10 TSX
20130311 20130801 -6.1962e-05 5.7084e-10 TSX
20130316 20130623 4.5673e-05 6.6338e-10 TSX
20130402 20150122 3.9584e-05 3.0283e-10 TSX
20130407 20140530 1.6076e-06 3.8078e-10 TSX
20130421 20171016 -2.987e-06 2.9384e-10 TSX
20130424 20130721 -0.00022978 6.694e-10 TSX
20130429 20130623 -0.00013216 7.6334e-10 TSX
20130505 20131028 -0.00061995 5.283e-10 TSX
20130513 20151112 -3.0564e-06 2.9678e-10 TSX
20130516 20131017 -0.00029547 5.5654e-10 TSX
20130521 20130715 0.00015092 7.6337e-10 TSX
20130524 20171129 3.2782e-06 2.9488e-10 TSX
20130527 20140627 1.4596e-05 3.8301e-10 TSX
20130601 20130930 4.3595e-05 6.229e-10 TSX
20130604 20141217 2.0171e-06 3.4185e-10 TSX
20130607 20140719 -3.8317e-06 3.7911e-10 TSX
20130612 20150105 2.9981e-05 3.3707e-10 TSX
20130615 20160106 -2.3988e-06 2.7941e-10 TSX
20130618 20140708 -4.0678e-05 3.8742e-10 TSX
20130623 20130715 0.00059582 8.691e-10 TSX
20130629 20130914 0.00031648 6.9444e-10 TSX
20130707 20150130 -1.0988e-06 3.4208e-10 TSX
20130710 20140901 -1.5305e-05 3.7615e-10 TSX
20130715 20130726 -0.0024287 1.0173e-09 TSX
20130721 20131108 0.00083709 6.2523e-10 TSX
20130726 20150517 7.3725e-05 3.2032e-10 TSX
20130729 20160904 -4.9071e-06 2.7554e-10 TSX
20130801 20151115 3.1114e-05 2.8391e-10 TSX
20130817 20140209 1.0362e-05 5.444e-10 TSX
20130828 20150312 1.3097e-07 3.3949e-10 TSX
20130903 20150329 -0.00013431 3.2065e-10 TSX
20130919 20160309 4.9065e-05 2.7508e-10 TSX
20130925 20140708 1.9875e-05 4.3196e-10 TSX
20130930 20160411 2.6609e-05 2.7331e-10 TSX
20131011 20150802 1.2134e-05 3.1871e-10 TSX
20131017 20140719 -4.907e-05 4.3943e-10 TSX
20131028 20160304 4.6338e-05 2.8678e-10 TSX
20131102 20140519 -8.5427e-05 5.1992e-10 TSX
20131108 20140708 -1.7507e-05 4.6366e-10 TSX
20140209 20160309 -1.4909e-06 3.0354e-10 TSX
20140223 20140829 -1.1306e-05 5.1519e-10 TSX
20140408 20140705 -2.8235e-06 6.7287e-10 TSX
20140419 20170913 -3.9196e-06 2.9927e-10 TSX
20140511 20141228 -8.2662e-07 4.7273e-10 TSX
20140519 20150824 7.3975e-05 3.6437e-10 TSX
20140624 20171005 -1.6091e-05 3.0009e-10 TSX
20140627 20151115 -1.0445e-05 3.3919e-10 TSX
20140705 20180911 4.2352e-06 2.7526e-10 TSX
20140708 20160406 5.3304e-05 3.1005e-10 TSX
20140716 20171005 -2.6536e-06 3.0135e-10 TSX
20140719 20151207 1.7495e-05 3.3961e-10 TSX
20140727 20150326 7.352e-06 4.6391e-10 TSX
20140810 20150122 -1.792e-05 5.4094e-10 TSX
20140818 20160301 1.143e-05 3.3067e-10 TSX
20140829 20160208 1.1874e-05 3.4125e-10 TSX
20140901 20140912 -0.00031042 9.7284e-10 TSX
20140912 20141209 0.00014963 6.694e-10 TSX
20140920 20170902 7.3955e-06 2.9776e-10 TSX
20141209 20160211 -2.3381e-05 3.6349e-10 TSX
20141217 20160722 1.7148e-05 3.2386e-10 TSX
20141228 20160106 1.7742e-05 3.835e-10 TSX
20141231 20151024 -1.9292e-05 4.2545e-10 TSX
20150105 20150824 -1.1406e-05 4.8825e-10 TSX
20150108 20170811 -1.1014e-05 3.0873e-10 TSX
20150119 20160117 2.6696e-05 3.8844e-10 TSX
20150127 20160411 7.3405e-05 3.7135e-10 TSX
20150130 20151112 3.1603e-06 4.3008e-10 TSX
20150210 20170114 7.6311e-06 3.2142e-10 TSX
20150213 20160326 -6.932e-05 3.9393e-10 TSX
20150218 20160216 3.1835e-05 4.0337e-10 TSX
20150221 20180112 9.5736e-07 2.8754e-10 TSX
20150304 20180911 1.0346e-05 2.7911e-10 TSX
20150307 20160211 1.6141e-05 4.0094e-10 TSX
20150312 20160320 3.1816e-05 3.9846e-10 TSX
20150326 20150827 -2.0023e-05 5.5501e-10 TSX
20150329 20151207 -5.0596e-06 4.5551e-10 TSX
20150428 20160425 1.5774e-05 3.9096e-10 TSX
20150509 20150827 -5.8211e-05 6.2708e-10 TSX
20150517 20150824 -0.00018754 6.6338e-10 TSX
20150520 20180911 1.7137e-05 2.8265e-10 TSX
20150714 20170822 -2.106e-06 3.0684e-10 TSX
20150725 20170924 5.2689e-06 3.0898e-10 TSX
20150802 20160309 3.9534e-05 4.9825e-10 TSX
20150805 20160403 2.309e-05 4.6356e-10 TSX
20150816 20171107 -2.5948e-07 3.0498e-10 TSX
20150824 20150915 0.00067313 8.6899e-10 TSX
20150827 20170902 1.2212e-05 3.105e-10 TSX
20150915 20160216 -6.358e-05 5.7244e-10 TSX
20151021 20160904 2.2521e-05 4.1424e-10 TSX
20151101 20171016 5.4713e-06 3.1477e-10 TSX
20151112 20160425 3.6571e-05 5.4141e-10 TSX
20151115 20151229 0.00017692 7.8046e-10 TSX
20151123 20171221 8.6865e-06 2.9902e-10 TSX
20151204 20151215 0.00012073 9.8567e-10 TSX
20151207 20160406 -3.9694e-05 6.055e-10 TSX
20151215 20170822 2.9916e-05 3.249e-10 TSX
20151226 20161223 -1.7952e-05 3.9576e-10 TSX
20151229 20160211 1.1738e-05 7.8046e-10 TSX
20160106 20161223 -1.1717e-05 4.0026e-10 TSX
20160117 20160926 -1.054e-05 4.5509e-10 TSX
20160128 20160301 -0.00014897 8.1798e-10 TSX
20160208 20160312 -8.7233e-05 8.1798e-10 TSX
20160216 20160309 -0.00043239 8.6899e-10 TSX
20160219 20180319 4.0909e-06 3.0653e-10 TSX
20160301 20161201 1.1006e-05 4.4076e-10 TSX
20160304 20160326 4.3728e-05 8.546e-10 TSX
20160312 20180319 5.3853e-06 3.0432e-10 TSX
20160320 20160411 0.0004032 8.6899e-10 TSX
20160323 20171118 -6.5917e-07 3.228e-10 TSX
20160326 20160406 -0.0005518 9.7277e-10 TSX
20160403 20171027 -2.4714e-06 3.3156e-10 TSX
20160425 20170811 -7.5052e-06 3.5069e-10 TSX
20160528 20160630 -2.0159e-05 8.1798e-10 TSX
20160630 20171118 2.922e-06 3.4118e-10 TSX
20160722 20161201 5.3661e-05 5.8917e-10 TSX
20160904 20180707 2.2315e-05 3.296e-10 TSX
20160915 20180911 1.2648e-06 3.0843e-10 TSX
20160926 20170114 8.3494e-05 6.2736e-10 TSX
20161201 20171027 -1.9001e-05 4.099e-10 TSX
20161223 20171107 2.3523e-05 4.1165e-10 TSX
20170114 20170902 -2.4751e-05 4.7471e-10 TSX
20170811 20171005 -3.7558e-05 7.5463e-10 TSX
20170822 20180707 6.2157e-05 4.1588e-10 TSX
20170913 20180707 3.8037e-05 4.2683e-10 TSX
20170924 20180319 5.9881e-05 5.2788e-10 TSX
20171005 20171107 2.546e-05 8.1798e-10 TSX
20171016 20180319 5.2096e-05 5.5618e-10 TSX
20171027 20180911 5.3134e-05 4.1588e-10 TSX
20171107 20171118 7.0417e-05 9.8567e-10 TSX
20171118 20171129 5.4687e-05 9.8567e-10 TSX
20171129 20171221 -2.4809e-05 8.6024e-10 TSX
20171210 20180820 4.7242e-05 4.5585e-10 TSX
20171221 20180911 6.9516e-05 4.478e-10 TSX
20180112 20181003 8.3701e-05 4.4776e-10 TSX
20180319 20180707 1.3089e-05 6.2738e-10 TSX
20180707 20180911 0.00012862 7.2567e-10 TSX
20180729 20181003 -3.6814e-05 7.2567e-10 TSX
20180820 20181003 0.00012202 7.8515e-10 TSX
20180911 20181003 -0.00016693 8.6024e-10 TSX
