20030427 20030914 0.00097039 5.6596e-10 ERS2
20030914 20080629 -0.0001003 2.735e-10 ERS2
20050918 20090510 -4.6584e-05 3.037e-10 ERS2
20051127 20081116 -0.00028208 3.1813e-10 ERS2
20060903 20090510 1.9129e-05 3.0734e-10 ERS2
20061231 20090105 0.00015232 3.2064e-10 ALOS
20070402 20070703 7.4321e-05 6.6646e-10 ALOS
20070518 20091008 0.00019645 3.6324e-10 ALOS
20070818 20071003 -0.00022111 7.754e-10 ALOS
20071217 20100509 7.4966e-05 3.3895e-10 ALOS
20080103 20100526 0.00010877 3.5171e-10 ALOS
20080404 20080520 0.00013254 7.7539e-10 ALOS
20080618 20090921 6.0133e-05 3.8023e-10 ALOS
20080629 20090510 -0.00042002 4.1675e-10 ERS2
20080705 20091008 2.4458e-05 3.6604e-10 ALOS
20080803 20090823 8.7073e-05 3.8272e-10 ERS2
20081116 20090823 0.00010489 4.3188e-10 ERS2
20081219 20090921 0.00083158 4.5146e-10 ALOS
20090105 20090708 0.00027402 5.3777e-10 ALOS
20090510 20091101 -0.00041245 5.2229e-10 ERS2
20090708 20091008 0.00020318 6.6681e-10 ALOS
20090823 20091101 -0.00020137 6.9852e-10 ERS2
20091222 20100624 0.00018695 5.2862e-10 ALOS
20100108 20100223 0.00039073 7.7563e-10 ALOS
20100223 20100526 -0.00013327 6.6719e-10 ALOS
20100410 20100711 -9.8183e-05 6.6752e-10 ALOS
20100509 20100624 0.0006336 7.7336e-10 ALOS
20100526 20100711 0.00040235 7.7538e-10 ALOS
20100624 20101109 9.6336e-05 5.8402e-10 ALOS
20100711 20101011 0.00015295 6.6662e-10 ALOS
20100809 20101109 -0.00010659 6.6362e-10 ALOS
20101011 20101126 0.00012091 7.7531e-10 ALOS
20110111 20110226 0.0004745 7.7537e-10 ALOS
20110924 20130715 3.197e-05 3.3245e-10 TSX
20111005 20121229 -0.00011037 3.7572e-10 TSX
20111121 20171221 4.02e-05 3.5881e-10 TSX
20111221 20130131 -1.6343e-05 3.8639e-10 TSX
20111224 20121027 0.00016534 4.1898e-10 TSX
20120126 20140419 4.1071e-05 3.484e-10 TSX
20120203 20160320 3.3882e-05 2.7537e-10 TSX
20120206 20171107 2.3656e-05 3.3691e-10 TSX
20120617 20171129 2.6146e-05 3.1079e-10 TSX
20120723 20160120 -3.8378e-05 3.3137e-10 TSX
20121024 20130109 2.92e-05 7.0177e-10 TSX
20121027 20151226 -3.6763e-05 3.2976e-10 TSX
20121030 20130311 1.3559e-05 5.847e-10 TSX
20121107 20171118 2.7182e-05 3.0519e-10 TSX
20121221 20160208 9.6424e-06 3.1848e-10 TSX
20121224 20130516 -4.0576e-05 5.6845e-10 TSX
20121229 20130407 6.9514e-05 6.5613e-10 TSX
20130104 20130217 6.8527e-05 7.7326e-10 TSX
20130109 20130715 0.00010915 5.3033e-10 TSX
20130112 20140511 0.00011026 3.6227e-10 TSX
20130115 20130721 -0.00023526 5.1574e-10 TSX
20130126 20130823 -0.00027675 5.0619e-10 TSX
20130131 20130429 -9.6666e-05 6.7807e-10 TSX
20130203 20130729 0.00012374 5.2327e-10 TSX
20130211 20130919 -9.3007e-05 4.9645e-10 TSX
20130228 20141209 -5.1499e-05 3.2558e-10 TSX
20130311 20130801 -4.5466e-05 5.6871e-10 TSX
20130316 20130623 -9.9075e-05 6.5631e-10 TSX
20130402 20150122 3.6578e-05 3.2551e-10 TSX
20130407 20140530 -9.5332e-05 3.8384e-10 TSX
20130421 20171016 9.2405e-05 3.2678e-10 TSX
20130424 20130721 -0.00031051 6.6415e-10 TSX
20130429 20130623 -8.5619e-05 7.545e-10 TSX
20130505 20131028 -0.0005746 5.3997e-10 TSX
20130513 20151112 4.3597e-05 3.4316e-10 TSX
20130516 20131017 -0.00021837 5.6749e-10 TSX
20130521 20130715 0.00019798 7.5451e-10 TSX
20130524 20171129 6.9227e-05 3.382e-10 TSX
20130527 20140627 -5.6036e-05 3.8721e-10 TSX
20130601 20130930 0.00012425 6.1728e-10 TSX
20130604 20141217 0.00015118 3.5921e-10 TSX
20130607 20140719 -6.6481e-05 3.8311e-10 TSX
20130612 20150105 -3.0845e-05 3.4818e-10 TSX
20130615 20160106 3.0982e-05 3.4054e-10 TSX
20130618 20140708 -7.9023e-05 3.8728e-10 TSX
20130623 20130715 0.00068442 8.6213e-10 TSX
20130629 20130914 0.0001848 6.9009e-10 TSX
20130707 20150130 0.00013636 3.3986e-10 TSX
20130710 20140901 -5.0351e-05 3.8038e-10 TSX
20130715 20130726 -0.0024838 1.0112e-09 TSX
20130721 20131108 0.00065386 6.2588e-10 TSX
20130726 20150517 1.4422e-07 3.2958e-10 TSX
20130729 20160904 -1.453e-05 3.3427e-10 TSX
20130801 20151115 0.00012073 3.1805e-10 TSX
20130817 20140209 -9.1781e-05 5.4108e-10 TSX
20130828 20150312 3.0167e-05 3.4481e-10 TSX
20130903 20150329 -4.2854e-05 3.6327e-10 TSX
20130919 20160309 0.00012564 3.1429e-10 TSX
20130925 20140708 -6.9744e-05 4.3217e-10 TSX
20130930 20160411 7.7423e-05 2.9935e-10 TSX
20131011 20150802 -7.4732e-05 3.2914e-10 TSX
20131017 20140719 -3.6951e-05 4.3939e-10 TSX
20131028 20160304 -4.1727e-05 3.6102e-10 TSX
20131102 20140519 -0.00025612 5.1718e-10 TSX
20131108 20140708 -5.8965e-05 4.6408e-10 TSX
20140209 20160309 6.193e-05 3.2717e-10 TSX
20140223 20140829 6.2749e-05 5.11e-10 TSX
20140408 20140705 -1.9791e-05 6.6129e-10 TSX
20140419 20170913 3.2241e-05 3.7003e-10 TSX
20140511 20141228 0.00011226 4.7036e-10 TSX
20140519 20150824 9.0818e-05 3.7177e-10 TSX
20140624 20171005 3.8096e-05 3.2899e-10 TSX
20140627 20151115 3.2698e-05 3.544e-10 TSX
20140705 20180911 1.5757e-05 3.2351e-10 TSX
20140708 20160406 3.483e-05 3.3328e-10 TSX
20140716 20171005 2.8936e-05 3.2802e-10 TSX
20140719 20151207 2.8122e-05 3.5209e-10 TSX
20140727 20150326 4.221e-05 4.6161e-10 TSX
20140810 20150122 -2.2492e-05 5.3923e-10 TSX
20140818 20160301 0.00014353 3.7707e-10 TSX
20140829 20160208 0.00010826 3.6386e-10 TSX
20140901 20140912 -0.00030112 9.6777e-10 TSX
20140912 20141209 1.2847e-05 6.6408e-10 TSX
20140920 20170902 0.00012535 3.0077e-10 TSX
20141209 20160211 -4.5115e-05 3.7061e-10 TSX
20141217 20160722 0.00010931 3.5875e-10 TSX
20141228 20160106 0.00012042 3.9248e-10 TSX
20141231 20151024 2.0973e-05 4.3003e-10 TSX
20150105 20150824 -7.8004e-05 4.8791e-10 TSX
20150108 20170811 2.4388e-05 3.5183e-10 TSX
20150119 20160117 0.00015732 4.0121e-10 TSX
20150127 20160411 -4.2035e-05 3.7843e-10 TSX
20150130 20151112 0.00015247 4.4509e-10 TSX
20150210 20170114 0.00015706 4.0374e-10 TSX
20150213 20160326 0.00024467 4.1394e-10 TSX
20150218 20160216 -5.9901e-06 4.0574e-10 TSX
20150221 20180112 1.3378e-05 3.7022e-10 TSX
20150304 20180911 1.5803e-05 3.3966e-10 TSX
20150307 20160211 -3.0034e-05 4.028e-10 TSX
20150312 20160320 -0.00013243 4.0238e-10 TSX
20150326 20150827 0.00014381 5.5381e-10 TSX
20150329 20151207 1.4905e-05 4.563e-10 TSX
20150428 20160425 0.00014701 4.0991e-10 TSX
20150509 20150827 5.5534e-05 6.2598e-10 TSX
20150517 20150824 -7.1138e-05 6.5706e-10 TSX
20150520 20180911 9.6389e-06 3.2201e-10 TSX
20150714 20170822 0.00013535 3.5014e-10 TSX
20150725 20170924 0.00014592 3.4405e-10 TSX
20150802 20160309 -3.4222e-05 4.9625e-10 TSX
20150805 20160403 0.00010617 4.6212e-10 TSX
20150816 20171107 0.00010296 3.4836e-10 TSX
20150824 20150915 0.00074575 8.6194e-10 TSX
20150827 20170902 0.00011842 3.3026e-10 TSX
20150915 20160216 -0.00011342 5.6848e-10 TSX
20151021 20160904 2.8866e-05 4.122e-10 TSX
20151101 20171016 0.00014323 3.5416e-10 TSX
20151112 20160425 6.3387e-05 5.3607e-10 TSX
20151115 20151229 0.00011332 7.7325e-10 TSX
20151123 20171221 0.00010082 3.1695e-10 TSX
20151204 20151215 0.00017296 9.7743e-10 TSX
20151207 20160406 -9.0503e-05 6.0217e-10 TSX
20151215 20170822 4.949e-05 3.3248e-10 TSX
20151226 20161223 0.0001548 3.9398e-10 TSX
20151229 20160211 1.8509e-05 7.7325e-10 TSX
20160106 20161223 0.00017094 3.9946e-10 TSX
20160117 20160926 0.00015164 4.5428e-10 TSX
20160128 20160301 -0.00019234 8.0621e-10 TSX
20160208 20160312 -5.0782e-05 8.0621e-10 TSX
20160216 20160309 -0.00043241 8.6194e-10 TSX
20160219 20180319 0.00012969 3.079e-10 TSX
20160301 20161201 0.00016652 4.3837e-10 TSX
20160304 20160326 0.00010922 8.4864e-10 TSX
20160312 20180319 0.00010601 3.1228e-10 TSX
20160320 20160411 0.00035369 8.6195e-10 TSX
20160323 20171118 0.00011751 3.4209e-10 TSX
20160326 20160406 -0.0005537 9.677e-10 TSX
20160403 20171027 0.00016012 3.4471e-10 TSX
20160425 20170811 0.00020187 3.5741e-10 TSX
20160528 20160630 3.6488e-05 8.0622e-10 TSX
20160630 20171118 0.00017012 3.5534e-10 TSX
20160722 20161201 0.00023422 5.8154e-10 TSX
20160904 20180707 0.00011517 3.4105e-10 TSX
20160915 20180911 8.8883e-05 3.2507e-10 TSX
20160926 20170114 0.00016615 6.1916e-10 TSX
20161201 20171027 0.00010959 4.113e-10 TSX
20161223 20171107 9.9403e-05 4.1241e-10 TSX
20170114 20170902 6.2357e-05 4.758e-10 TSX
20170811 20171005 3.7519e-05 7.4124e-10 TSX
20170822 20180707 -4.218e-05 4.1435e-10 TSX
20170913 20180707 -0.00013245 4.2579e-10 TSX
20170924 20180319 -2.2108e-05 5.2324e-10 TSX
20171005 20171107 4.1843e-05 8.0621e-10 TSX
20171016 20180319 -2.4982e-07 5.501e-10 TSX
20171027 20180911 -1.807e-05 4.1362e-10 TSX
20171107 20171118 8.5745e-05 9.7743e-10 TSX
20171118 20171129 6.1216e-05 9.7743e-10 TSX
20171129 20171221 5.0047e-06 8.5027e-10 TSX
20171210 20180820 -4.1608e-05 4.536e-10 TSX
20171221 20180911 -5.0196e-05 4.4621e-10 TSX
20180112 20181003 3.9985e-05 4.4616e-10 TSX
20180319 20180707 -0.00016471 6.1806e-10 TSX
20180707 20180911 0.0003129 7.1242e-10 TSX
20180729 20181003 0.00018199 7.1242e-10 TSX
20180820 20181003 0.00025883 7.7214e-10 TSX
20180911 20181003 -0.00014496 8.5028e-10 TSX
