20030427 20030914 0.00027009 5.6831e-10 ERS2
20030914 20080629 2.6638e-06 2.7762e-10 ERS2
20050918 20090510 8.8531e-06 3.0508e-10 ERS2
20051127 20081116 -0.00021642 3.1766e-10 ERS2
20060903 20090510 -0.00024698 3.2044e-10 ERS2
20061231 20090105 0.00010705 3.1906e-10 ALOS
20070402 20070703 0.00021385 6.7176e-10 ALOS
20070518 20091008 9.3563e-05 3.3085e-10 ALOS
20070818 20071003 -0.0002528 7.822e-10 ALOS
20071217 20100509 0.0001131 3.0982e-10 ALOS
20080103 20100526 0.00033146 3.2703e-10 ALOS
20080404 20080520 0.00020397 7.8264e-10 ALOS
20080618 20090921 2.9966e-05 3.7351e-10 ALOS
20080629 20090510 -0.00064526 4.1429e-10 ERS2
20080705 20091008 0.00015348 3.6727e-10 ALOS
20080803 20090823 7.8262e-05 3.8547e-10 ERS2
20081116 20090823 -0.00013435 4.3286e-10 ERS2
20081219 20090921 0.00048793 4.6741e-10 ALOS
20090105 20090708 0.00040229 5.4511e-10 ALOS
20090510 20091101 0.00056718 5.2108e-10 ERS2
20090708 20091008 0.00017873 6.7128e-10 ALOS
20090823 20091101 0.00041365 7.0064e-10 ERS2
20091222 20100624 0.00019584 5.2974e-10 ALOS
20100108 20100223 0.00027432 7.8248e-10 ALOS
20100223 20100526 0.00024705 6.7136e-10 ALOS
20100410 20100711 0.00024601 6.7171e-10 ALOS
20100509 20100624 0.00079362 7.7974e-10 ALOS
20100526 20100711 0.00058569 7.8221e-10 ALOS
20100624 20101109 -2.5888e-05 5.8609e-10 ALOS
20100711 20101011 -0.00014419 6.7081e-10 ALOS
20100809 20101109 -0.00022002 6.6763e-10 ALOS
20101011 20101126 0.00017772 7.8218e-10 ALOS
20110111 20110226 0.00046843 7.8216e-10 ALOS
20110924 20130715 2.3755e-07 4.0418e-10 TSX
20111005 20121229 -2.7444e-05 4.1738e-10 TSX
20111121 20171221 1.8811e-05 4.0597e-10 TSX
20111221 20130131 1.3223e-05 4.2329e-10 TSX
20111224 20121027 1.5807e-05 4.2209e-10 TSX
20120126 20140419 -4.731e-06 4.0646e-10 TSX
20120203 20160320 2.7642e-05 3.1248e-10 TSX
20120206 20171107 -1.3589e-05 5.2553e-10 TSX
20120617 20171129 -1.3729e-05 5.0304e-10 TSX
20120723 20160120 3.5702e-05 4.0474e-10 TSX
20121024 20130109 7.2321e-05 7.0909e-10 TSX
20121027 20151226 6.1209e-06 4.4311e-10 TSX
20121030 20130311 -4.5287e-05 5.8601e-10 TSX
20121107 20171118 -2.8559e-05 4.501e-10 TSX
20121221 20160208 -6.329e-06 4.7395e-10 TSX
20121224 20130516 -2.6528e-05 5.6963e-10 TSX
20121229 20130407 2.2263e-05 6.6167e-10 TSX
20130104 20130217 -4.2431e-05 7.7851e-10 TSX
20130109 20130715 0.00010246 5.4593e-10 TSX
20130112 20140511 -2.1403e-05 4.2963e-10 TSX
20130115 20130721 -6.7933e-05 5.3586e-10 TSX
20130126 20130823 -0.00026245 5.2972e-10 TSX
20130131 20130429 1.3109e-06 6.8343e-10 TSX
20130203 20130729 -7.4447e-06 5.2774e-10 TSX
20130211 20130919 0.00015312 5.0347e-10 TSX
20130228 20141209 3.4261e-05 4.5224e-10 TSX
20130311 20130801 9.1747e-05 5.7617e-10 TSX
20130316 20130623 -9.8725e-05 6.6193e-10 TSX
20130402 20150122 4.2939e-05 4.3129e-10 TSX
20130407 20140530 6.5099e-05 4.3311e-10 TSX
20130421 20171016 -1.4657e-05 4.9182e-10 TSX
20130424 20130721 -0.00020825 6.6825e-10 TSX
20130429 20130623 -0.00010232 7.6137e-10 TSX
20130505 20131028 -0.00077111 5.6959e-10 TSX
20130513 20151112 -1.5057e-05 4.4505e-10 TSX
20130516 20131017 -0.000159 6.0651e-10 TSX
20130521 20130715 0.0002422 7.6198e-10 TSX
20130524 20171129 5.4308e-05 5.1397e-10 TSX
20130527 20140627 3.0916e-05 4.4034e-10 TSX
20130601 20130930 0.00016838 6.3864e-10 TSX
20130604 20141217 3.7094e-05 4.421e-10 TSX
20130607 20140719 5.1622e-05 4.3479e-10 TSX
20130612 20150105 -4.8551e-05 3.8746e-10 TSX
20130615 20160106 -5.1843e-05 3.711e-10 TSX
20130618 20140708 -1.4097e-05 4.0976e-10 TSX
20130623 20130715 0.00070256 8.6885e-10 TSX
20130629 20130914 0.00014344 6.9864e-10 TSX
20130707 20150130 1.4854e-06 3.7131e-10 TSX
20130710 20140901 6.7203e-05 4.1816e-10 TSX
20130715 20130726 -0.0024398 1.0175e-09 TSX
20130721 20131108 0.00048343 6.4723e-10 TSX
20130726 20150517 0.00014778 4.0151e-10 TSX
20130729 20160904 -5.5266e-05 4.6684e-10 TSX
20130801 20151115 -5.431e-05 3.6738e-10 TSX
20130817 20140209 -0.00010088 5.4719e-10 TSX
20130828 20150312 -7.5483e-05 4.0314e-10 TSX
20130903 20150329 -0.00015207 3.6844e-10 TSX
20130919 20160309 5.6507e-05 3.9233e-10 TSX
20130925 20140708 4.4216e-05 4.4291e-10 TSX
20130930 20160411 8.7114e-05 3.3271e-10 TSX
20131011 20150802 3.5235e-05 4.0152e-10 TSX
20131017 20140719 0.00012186 4.5973e-10 TSX
20131028 20160304 -9.676e-05 3.8272e-10 TSX
20131102 20140519 3.11e-05 5.2024e-10 TSX
20131108 20140708 2.1959e-05 4.9134e-10 TSX
20140209 20160309 -0.00011048 3.7341e-10 TSX
20140223 20140829 -1.7696e-06 5.1704e-10 TSX
20140408 20140705 4.7531e-05 6.632e-10 TSX
20140419 20170913 1.8159e-05 3.5448e-10 TSX
20140511 20141228 6.0874e-05 4.9823e-10 TSX
20140519 20150824 3.7406e-05 4.03e-10 TSX
20140624 20171005 5.674e-05 3.4736e-10 TSX
20140627 20151115 -0.00011784 4.0471e-10 TSX
20140705 20180911 9.4767e-05 4.0509e-10 TSX
20140708 20160406 -0.00010669 4.1994e-10 TSX
20140716 20171005 -6.2268e-05 3.5116e-10 TSX
20140719 20151207 -4.6784e-05 3.6364e-10 TSX
20140727 20150326 -2.894e-05 4.6508e-10 TSX
20140810 20150122 -4.4169e-05 5.44e-10 TSX
20140818 20160301 3.6612e-05 4.6033e-10 TSX
20140829 20160208 -9.0471e-06 4.3639e-10 TSX
20140901 20140912 -0.00027209 9.7249e-10 TSX
20140912 20141209 -5.9167e-05 6.6716e-10 TSX
20140920 20170902 2.8712e-05 3.8595e-10 TSX
20141209 20160211 -4.0226e-05 4.2621e-10 TSX
20141217 20160722 -0.00012377 4.9957e-10 TSX
20141228 20160106 -7.0548e-05 4.3218e-10 TSX
20141231 20151024 2.1696e-05 4.9016e-10 TSX
20150105 20150824 -7.502e-05 5.0641e-10 TSX
20150108 20170811 -4.3805e-05 3.4726e-10 TSX
20150119 20160117 7.6244e-05 4.3424e-10 TSX
20150127 20160411 4.6499e-05 3.8283e-10 TSX
20150130 20151112 9.1693e-05 4.4924e-10 TSX
20150210 20170114 0.00020069 4.498e-10 TSX
20150213 20160326 -6.1826e-05 4.1362e-10 TSX
20150218 20160216 -0.00016139 4.1974e-10 TSX
20150221 20180112 2.2571e-05 3.9889e-10 TSX
20150304 20180911 -5.1856e-06 4.1696e-10 TSX
20150307 20160211 -2.3562e-05 4.5673e-10 TSX
20150312 20160320 1.1474e-05 4.3197e-10 TSX
20150326 20150827 9.8633e-06 5.6477e-10 TSX
20150329 20151207 -9.2166e-05 4.8957e-10 TSX
20150428 20160425 5.3819e-05 4.7087e-10 TSX
20150509 20150827 -2.4593e-05 6.4363e-10 TSX
20150517 20150824 -0.00019924 6.6974e-10 TSX
20150520 20180911 -3.0188e-05 4.7005e-10 TSX
20150714 20170822 7.8357e-06 3.8888e-10 TSX
20150725 20170924 0.00015456 3.7348e-10 TSX
20150802 20160309 -9.4495e-05 5.1132e-10 TSX
20150805 20160403 -1.2478e-05 4.6712e-10 TSX
20150816 20171107 1.6115e-05 4.4758e-10 TSX
20150824 20150915 0.0007035 8.6874e-10 TSX
20150827 20170902 -4.794e-05 3.8913e-10 TSX
20150915 20160216 -0.00014321 5.7808e-10 TSX
20151021 20160904 -6.2643e-05 4.5028e-10 TSX
20151101 20171016 -2.9205e-05 3.9475e-10 TSX
20151112 20160425 -1.0631e-05 5.376e-10 TSX
20151115 20151229 9.6492e-05 7.785e-10 TSX
20151123 20171221 -9.7412e-05 3.6901e-10 TSX
20151204 20151215 0.0001598 9.8142e-10 TSX
20151207 20160406 -2.1759e-05 6.0378e-10 TSX
20151215 20170822 1.5924e-05 4.3917e-10 TSX
20151226 20161223 5.8534e-05 4.0246e-10 TSX
20151229 20160211 -3.1483e-05 7.7851e-10 TSX
20160106 20161223 7.4422e-05 4.0219e-10 TSX
20160117 20160926 2.7477e-05 4.8256e-10 TSX
20160128 20160301 -0.00025844 8.1043e-10 TSX
20160208 20160312 -0.00013319 8.1043e-10 TSX
20160216 20160309 -0.00039819 8.6874e-10 TSX
20160219 20180319 2.2773e-05 4.2658e-10 TSX
20160301 20161201 0.00012879 4.428e-10 TSX
20160304 20160326 7.4597e-05 8.5377e-10 TSX
20160312 20180319 1.3162e-05 4.3367e-10 TSX
20160320 20160411 0.00033999 8.6874e-10 TSX
20160323 20171118 3.9447e-05 3.8873e-10 TSX
20160326 20160406 -0.00052308 9.7241e-10 TSX
20160403 20171027 1.3979e-05 3.8056e-10 TSX
20160425 20170811 -1.8703e-05 4.2133e-10 TSX
20160528 20160630 1.539e-05 8.1043e-10 TSX
20160630 20171118 3.6756e-05 4.2983e-10 TSX
20160722 20161201 0.00017032 5.8454e-10 TSX
20160904 20180707 -5.9323e-06 3.988e-10 TSX
20160915 20180911 -6.5293e-05 4.3147e-10 TSX
20160926 20170114 0.00010771 6.2705e-10 TSX
20161201 20171027 -7.5255e-05 4.795e-10 TSX
20161223 20171107 -4.7747e-05 4.594e-10 TSX
20170114 20170902 -2.2562e-06 4.8811e-10 TSX
20170811 20171005 -3.3093e-05 7.447e-10 TSX
20170822 20180707 -8.1083e-05 4.1663e-10 TSX
20170913 20180707 -0.00011058 4.3222e-10 TSX
20170924 20180319 -5.3341e-06 5.2347e-10 TSX
20171005 20171107 8.2405e-05 8.1043e-10 TSX
20171016 20180319 1.7464e-05 5.5054e-10 TSX
20171027 20180911 1.1345e-05 4.1573e-10 TSX
20171107 20171118 7.2467e-05 9.8142e-10 TSX
20171118 20171129 6.002e-05 9.8142e-10 TSX
20171129 20171221 -2.3701e-05 8.5447e-10 TSX
20171210 20180820 -4.4415e-05 4.5391e-10 TSX
20171221 20180911 1.886e-05 4.4945e-10 TSX
20180112 20181003 8.3194e-05 4.4803e-10 TSX
20180319 20180707 -0.00023508 6.2017e-10 TSX
20180707 20180911 0.00036923 7.1538e-10 TSX
20180729 20181003 0.00010724 7.1538e-10 TSX
20180820 20181003 0.00022263 7.7612e-10 TSX
20180911 20181003 -0.00019414 8.5447e-10 TSX
