20030427 20030914 0.00043778 5.6651e-10 ERS2
20030914 20080629 7.0542e-05 2.9072e-10 ERS2
20050918 20090510 0.0001087 3.0916e-10 ERS2
20051127 20081116 6.0545e-05 3.1224e-10 ERS2
20060903 20090510 -5.5337e-05 3.2849e-10 ERS2
20061231 20090105 -8.7476e-05 3.1582e-10 ALOS
20070402 20070703 9.7404e-05 6.6933e-10 ALOS
20070518 20091008 -5.4728e-05 3.0334e-10 ALOS
20070818 20071003 -0.00023646 7.8112e-10 ALOS
20071217 20100509 6.5213e-05 3.0495e-10 ALOS
20080103 20100526 -2.1877e-05 3.047e-10 ALOS
20080404 20080520 7.9268e-05 7.813e-10 ALOS
20080618 20090921 -0.0002345 3.729e-10 ALOS
20080629 20090510 -0.00035482 4.1643e-10 ERS2
20080705 20091008 -9.8738e-05 3.6629e-10 ALOS
20080803 20090823 -0.00020069 3.8317e-10 ERS2
20081116 20090823 2.5317e-05 4.329e-10 ERS2
20081219 20090921 4.5837e-05 4.4747e-10 ALOS
20090105 20090708 0.00016939 5.2909e-10 ALOS
20090510 20091101 0.00087158 5.2179e-10 ERS2
20090708 20091008 0.00022667 6.6938e-10 ALOS
20090823 20091101 -0.00018588 7.0138e-10 ERS2
20091222 20100624 0.00018124 5.2793e-10 ALOS
20100108 20100223 0.00040124 7.8127e-10 ALOS
20100223 20100526 0.00016581 6.7029e-10 ALOS
20100410 20100711 -0.00018434 6.6948e-10 ALOS
20100509 20100624 0.00060361 7.7897e-10 ALOS
20100526 20100711 0.00023393 7.8137e-10 ALOS
20100624 20101109 1.1361e-05 5.8523e-10 ALOS
20100711 20101011 0.00029579 6.6952e-10 ALOS
20100809 20101109 -4.2585e-05 6.665e-10 ALOS
20101011 20101126 0.00010685 7.8137e-10 ALOS
20110111 20110226 0.00053326 7.8118e-10 ALOS
20110924 20130715 -5.0253e-06 4.2051e-10 TSX
20111005 20121229 -0.00017245 4.6193e-10 TSX
20111121 20171221 4.8228e-05 3.209e-10 TSX
20111221 20130131 -1.5252e-05 4.0498e-10 TSX
20111224 20121027 6.3203e-05 4.3923e-10 TSX
20120126 20140419 -3.0804e-05 3.7807e-10 TSX
20120203 20160320 -4.6296e-06 3.5236e-10 TSX
20120206 20171107 -5.8101e-05 3.9837e-10 TSX
20120617 20171129 1.8721e-05 3.6812e-10 TSX
20120723 20160120 9.1842e-05 3.6059e-10 TSX
20121024 20130109 0.00012174 7.0575e-10 TSX
20121027 20151226 4.3138e-05 4.3472e-10 TSX
20121030 20130311 2.3449e-05 5.8795e-10 TSX
20121107 20171118 6.7354e-05 3.3347e-10 TSX
20121221 20160208 -1.7468e-05 3.4004e-10 TSX
20121224 20130516 -0.00021642 5.6963e-10 TSX
20121229 20130407 -6.6362e-05 6.588e-10 TSX
20130104 20130217 -5.9786e-05 7.7813e-10 TSX
20130109 20130715 0.00022467 5.6132e-10 TSX
20130112 20140511 -5.8613e-05 4.4276e-10 TSX
20130115 20130721 -0.00027797 5.4338e-10 TSX
20130126 20130823 -0.00016792 5.0941e-10 TSX
20130131 20130429 -8.1112e-05 6.8144e-10 TSX
20130203 20130729 -4.9246e-05 5.4029e-10 TSX
20130211 20130919 7.0258e-05 5.2158e-10 TSX
20130228 20141209 2.0559e-05 4.1547e-10 TSX
20130311 20130801 -7.3174e-05 5.8314e-10 TSX
20130316 20130623 -7.9376e-05 6.6339e-10 TSX
20130402 20150122 -6.3395e-05 3.8988e-10 TSX
20130407 20140530 -1.2618e-05 4.0788e-10 TSX
20130421 20171016 1.807e-05 3.4072e-10 TSX
20130424 20130721 -0.00029046 6.7341e-10 TSX
20130429 20130623 -0.00016518 7.611e-10 TSX
20130505 20131028 -0.00046269 5.5143e-10 TSX
20130513 20151112 0.0001056 4.3042e-10 TSX
20130516 20131017 -0.00029007 5.7135e-10 TSX
20130521 20130715 0.00029784 7.6317e-10 TSX
20130524 20171129 3.7745e-05 5.7813e-10 TSX
20130527 20140627 -1.9271e-05 4.4047e-10 TSX
20130601 20130930 0.00040959 6.2688e-10 TSX
20130604 20141217 2.862e-05 3.989e-10 TSX
20130607 20140719 2.9814e-05 4.2005e-10 TSX
20130612 20150105 -3.5993e-05 3.918e-10 TSX
20130615 20160106 0.00010206 4.5661e-10 TSX
20130618 20140708 2.4315e-05 4.3933e-10 TSX
20130623 20130715 0.00073742 8.6856e-10 TSX
20130629 20130914 0.00025907 6.9772e-10 TSX
20130707 20150130 3.784e-06 3.9255e-10 TSX
20130710 20140901 2.8817e-05 4.1364e-10 TSX
20130715 20130726 -0.0025745 1.017e-09 TSX
20130721 20131108 0.0004479 6.2307e-10 TSX
20130726 20150517 2.2127e-05 3.7586e-10 TSX
20130729 20160904 2.0124e-05 3.9896e-10 TSX
20130801 20151115 -1.3183e-05 3.8039e-10 TSX
20130817 20140209 -9.9115e-05 5.4482e-10 TSX
20130828 20150312 -4.8456e-05 4.1788e-10 TSX
20130903 20150329 -4.4534e-05 3.6753e-10 TSX
20130919 20160309 2.2057e-06 3.7486e-10 TSX
20130925 20140708 -3.2494e-05 4.4373e-10 TSX
20130930 20160411 -2.0785e-05 3.6124e-10 TSX
20131011 20150802 1.8581e-05 3.6308e-10 TSX
20131017 20140719 -1.9048e-05 4.4347e-10 TSX
20131028 20160304 -2.1503e-05 3.0484e-10 TSX
20131102 20140519 -7.7301e-05 5.196e-10 TSX
20131108 20140708 3.6528e-05 4.6808e-10 TSX
20140209 20160309 -2.6108e-05 3.5651e-10 TSX
20140223 20140829 0.00011217 5.1938e-10 TSX
20140408 20140705 1.124e-05 6.6345e-10 TSX
20140419 20170913 -1.2743e-05 3.7085e-10 TSX
20140511 20141228 7.6094e-05 4.7711e-10 TSX
20140519 20150824 -3.4212e-05 4.2883e-10 TSX
20140624 20171005 3.5971e-05 3.9922e-10 TSX
20140627 20151115 -3.6727e-05 3.8005e-10 TSX
20140705 20180911 -1.274e-05 3.7612e-10 TSX
20140708 20160406 6.1843e-07 3.7372e-10 TSX
20140716 20171005 0.00011499 4.0031e-10 TSX
20140719 20151207 2.1495e-05 3.9443e-10 TSX
20140727 20150326 -2.8602e-05 4.6504e-10 TSX
20140810 20150122 -9.5559e-05 5.3982e-10 TSX
20140818 20160301 8.8254e-06 3.6562e-10 TSX
20140829 20160208 3.1559e-05 4.378e-10 TSX
20140901 20140912 -0.00030032 9.7257e-10 TSX
20140912 20141209 1.0319e-06 6.6653e-10 TSX
20140920 20170902 -5.8618e-05 3.9555e-10 TSX
20141209 20160211 -5.996e-05 3.9712e-10 TSX
20141217 20160722 5.1256e-05 3.4881e-10 TSX
20141228 20160106 -1.5012e-05 4.1978e-10 TSX
20141231 20151024 -1.337e-05 4.2974e-10 TSX
20150105 20150824 -8.802e-05 5.0526e-10 TSX
20150108 20170811 3.6617e-05 3.5115e-10 TSX
20150119 20160117 7.23e-05 3.9688e-10 TSX
20150127 20160411 -2.2885e-05 4.0318e-10 TSX
20150130 20151112 6.0987e-05 4.4441e-10 TSX
20150210 20170114 4.4909e-05 3.7164e-10 TSX
20150213 20160326 1.0427e-05 3.9916e-10 TSX
20150218 20160216 -5.7167e-05 4.0828e-10 TSX
20150221 20180112 3.0167e-05 4.2493e-10 TSX
20150304 20180911 1.9267e-05 4.3878e-10 TSX
20150307 20160211 -4.3416e-05 4.0629e-10 TSX
20150312 20160320 -3.2202e-05 4.081e-10 TSX
20150326 20150827 8.4051e-05 5.5845e-10 TSX
20150329 20151207 -5.721e-06 4.5561e-10 TSX
20150428 20160425 5.208e-05 4.1223e-10 TSX
20150509 20150827 2.2606e-05 6.2661e-10 TSX
20150517 20150824 -2.4838e-05 6.6157e-10 TSX
20150520 20180911 6.206e-06 3.8577e-10 TSX
20150714 20170822 1.11e-05 3.8204e-10 TSX
20150725 20170924 3.1127e-05 4.4658e-10 TSX
20150802 20160309 -2.5603e-05 4.9745e-10 TSX
20150805 20160403 -5.2375e-05 4.6928e-10 TSX
20150816 20171107 3.4993e-05 4.361e-10 TSX
20150824 20150915 0.00070496 8.6811e-10 TSX
20150827 20170902 6.3501e-05 3.9403e-10 TSX
20150915 20160216 -0.00012614 5.7311e-10 TSX
20151021 20160904 -5.2865e-05 4.475e-10 TSX
20151101 20171016 -2.3969e-05 4.0423e-10 TSX
20151112 20160425 -4.615e-05 5.4018e-10 TSX
20151115 20151229 0.00012471 7.7814e-10 TSX
20151123 20171221 3.3091e-05 3.9206e-10 TSX
20151204 20151215 0.00016188 9.818e-10 TSX
20151207 20160406 -0.00012558 6.0345e-10 TSX
20151215 20170822 4.2487e-05 4.1042e-10 TSX
20151226 20161223 6.7157e-05 4.1452e-10 TSX
20151229 20160211 5.2088e-05 7.7814e-10 TSX
20160106 20161223 4.0729e-05 4.057e-10 TSX
20160117 20160926 1.7607e-05 4.7404e-10 TSX
20160128 20160301 -0.00012706 8.1112e-10 TSX
20160208 20160312 -0.00011626 8.1112e-10 TSX
20160216 20160309 -0.00037722 8.681e-10 TSX
20160219 20180319 -2.7291e-05 3.847e-10 TSX
20160301 20161201 8.7288e-05 4.4502e-10 TSX
20160304 20160326 3.7795e-05 8.5371e-10 TSX
20160312 20180319 -6.3159e-07 3.8078e-10 TSX
20160320 20160411 0.0003691 8.6811e-10 TSX
20160323 20171118 3.4093e-05 4.254e-10 TSX
20160326 20160406 -0.00050275 9.7249e-10 TSX
20160403 20171027 2.6905e-05 4.3152e-10 TSX
20160425 20170811 0.00010568 4.359e-10 TSX
20160528 20160630 4.3661e-06 8.1112e-10 TSX
20160630 20171118 -1.9966e-06 4.4045e-10 TSX
20160722 20161201 0.0001019 5.8356e-10 TSX
20160904 20180707 -2.4689e-05 4.8441e-10 TSX
20160915 20180911 -2.5572e-05 4.0748e-10 TSX
20160926 20170114 6.1684e-05 6.2745e-10 TSX
20161201 20171027 1.2073e-05 4.428e-10 TSX
20161223 20171107 7.1875e-05 5.1324e-10 TSX
20170114 20170902 6.2604e-05 5.0124e-10 TSX
20170811 20171005 -7.2777e-05 7.4547e-10 TSX
20170822 20180707 -0.00010106 4.2842e-10 TSX
20170913 20180707 -8.9139e-05 4.4785e-10 TSX
20170924 20180319 -6.2748e-06 5.2581e-10 TSX
20171005 20171107 4.8548e-05 8.1112e-10 TSX
20171016 20180319 2.3499e-05 5.5108e-10 TSX
20171027 20180911 -7.7142e-05 4.3684e-10 TSX
20171107 20171118 7.6737e-05 9.818e-10 TSX
20171118 20171129 6.4618e-05 9.818e-10 TSX
20171129 20171221 1.1291e-05 8.5502e-10 TSX
20171210 20180820 -8.1201e-05 4.6704e-10 TSX
20171221 20180911 -0.0001332 4.8167e-10 TSX
20180112 20181003 8.3859e-05 4.6862e-10 TSX
20180319 20180707 -0.00020923 6.2136e-10 TSX
20180707 20180911 0.000214 7.1595e-10 TSX
20180729 20181003 0.00016165 7.1594e-10 TSX
20180820 20181003 0.0002731 7.7685e-10 TSX
20180911 20181003 -0.0001476 8.5502e-10 TSX
