20030427 20030914 0.00032818 5.6629e-10 ERS2
20030914 20080629 -9.1712e-05 2.7896e-10 ERS2
20050918 20090510 0.00016224 2.9925e-10 ERS2
20051127 20081116 2.1116e-05 3.0529e-10 ERS2
20060903 20090510 -7.0409e-05 3.0397e-10 ERS2
20061231 20090105 0.00066889 3.1654e-10 ALOS
20070402 20070703 0.00045295 6.666e-10 ALOS
20070518 20091008 0.00078333 2.9891e-10 ALOS
20070818 20071003 -0.0001513 7.7521e-10 ALOS
20071217 20100509 0.00052125 3.0113e-10 ALOS
20080103 20100526 0.00053412 3.1779e-10 ALOS
20080404 20080520 0.00020089 7.7515e-10 ALOS
20080618 20090921 0.00061439 3.7266e-10 ALOS
20080629 20090510 -0.00015702 4.1258e-10 ERS2
20080705 20091008 0.00060294 3.651e-10 ALOS
20080803 20090823 3.4025e-05 3.8301e-10 ERS2
20081116 20090823 0.00017051 4.3203e-10 ERS2
20081219 20090921 0.00082271 4.4609e-10 ALOS
20090105 20090708 0.00036235 5.2838e-10 ALOS
20090510 20091101 0.00015622 5.2191e-10 ERS2
20090708 20091008 0.0008252 6.6604e-10 ALOS
20090823 20091101 -0.00035087 6.985e-10 ERS2
20091222 20100624 0.00043806 5.2516e-10 ALOS
20100108 20100223 0.00028489 7.756e-10 ALOS
20100223 20100526 7.8874e-05 6.6728e-10 ALOS
20100410 20100711 0.00013509 6.6734e-10 ALOS
20100509 20100624 0.00076729 7.7312e-10 ALOS
20100526 20100711 0.00062585 7.751e-10 ALOS
20100624 20101109 0.00031626 5.8397e-10 ALOS
20100711 20101011 0.0003046 6.6631e-10 ALOS
20100809 20101109 0.00018424 6.6354e-10 ALOS
20101011 20101126 0.0001372 7.7508e-10 ALOS
20110111 20110226 0.00064959 7.7514e-10 ALOS
20110924 20130715 0.00045352 3.253e-10 TSX
20111005 20121229 0.00021946 3.6934e-10 TSX
20111121 20171221 8.4817e-05 3.6501e-10 TSX
20111221 20130131 0.00026151 3.8548e-10 TSX
20111224 20121027 0.00032676 4.1926e-10 TSX
20120126 20140419 0.00026148 3.1614e-10 TSX
20120203 20160320 8.3225e-05 2.7835e-10 TSX
20120206 20171107 9.2058e-05 3.5844e-10 TSX
20120617 20171129 0.00012405 3.5274e-10 TSX
20120723 20160120 0.00019851 3.2157e-10 TSX
20121024 20130109 0.0001648 7.0168e-10 TSX
20121027 20151226 0.000239 4.016e-10 TSX
20121030 20130311 0.00013392 5.8467e-10 TSX
20121107 20171118 0.00012694 3.2903e-10 TSX
20121221 20160208 0.00023042 3.4084e-10 TSX
20121224 20130516 0.00016578 5.6863e-10 TSX
20121229 20130407 0.00014735 6.5618e-10 TSX
20130104 20130217 6.3189e-05 7.7307e-10 TSX
20130109 20130715 0.00035275 5.314e-10 TSX
20130112 20140511 0.00024375 3.5872e-10 TSX
20130115 20130721 9.2804e-05 5.1472e-10 TSX
20130126 20130823 0.00011339 5.0989e-10 TSX
20130131 20130429 -2.3017e-05 6.7796e-10 TSX
20130203 20130729 0.00042988 5.2324e-10 TSX
20130211 20130919 0.0002957 4.9635e-10 TSX
20130228 20141209 0.00028539 3.1873e-10 TSX
20130311 20130801 0.00028731 5.6852e-10 TSX
20130316 20130623 0.00011723 6.5619e-10 TSX
20130402 20150122 0.00019427 3.3585e-10 TSX
20130407 20140530 0.00017029 3.8053e-10 TSX
20130421 20171016 0.00011318 3.6158e-10 TSX
20130424 20130721 -1.6004e-05 6.6417e-10 TSX
20130429 20130623 6.1321e-05 7.5411e-10 TSX
20130505 20131028 -0.00011066 5.3848e-10 TSX
20130513 20151112 0.00026304 3.7768e-10 TSX
20130516 20131017 8.903e-05 5.6291e-10 TSX
20130521 20130715 0.00044074 7.5423e-10 TSX
20130524 20171129 6.7322e-05 3.6077e-10 TSX
20130527 20140627 0.00024015 3.8366e-10 TSX
20130601 20130930 0.00048864 6.1713e-10 TSX
20130604 20141217 0.00029305 3.3853e-10 TSX
20130607 20140719 0.0002287 3.8074e-10 TSX
20130612 20150105 0.0002226 3.3915e-10 TSX
20130615 20160106 0.00026326 3.2597e-10 TSX
20130618 20140708 0.00018333 3.8775e-10 TSX
20130623 20130715 0.00073817 8.615e-10 TSX
20130629 20130914 0.0004453 6.8854e-10 TSX
20130707 20150130 0.00027716 3.3999e-10 TSX
20130710 20140901 0.00020885 3.7716e-10 TSX
20130715 20130726 -0.0024803 1.0104e-09 TSX
20130721 20131108 0.00081352 6.2463e-10 TSX
20130726 20150517 0.00026067 3.228e-10 TSX
20130729 20160904 0.00026912 3.233e-10 TSX
20130801 20151115 0.00022866 3.243e-10 TSX
20130817 20140209 8.3585e-05 5.4101e-10 TSX
20130828 20150312 0.00021391 3.4114e-10 TSX
20130903 20150329 -2.496e-05 3.5172e-10 TSX
20130919 20160309 6.6938e-05 2.9146e-10 TSX
20130925 20140708 0.00011295 4.3156e-10 TSX
20130930 20160411 0.0001449 2.8587e-10 TSX
20131011 20150802 0.00014396 3.2157e-10 TSX
20131017 20140719 6.3745e-05 4.3889e-10 TSX
20131028 20160304 -5.1964e-05 3.3375e-10 TSX
20131102 20140519 -0.00021819 5.1714e-10 TSX
20131108 20140708 5.8788e-05 4.6314e-10 TSX
20140209 20160309 7.4814e-05 3.111e-10 TSX
20140223 20140829 0.00028237 5.111e-10 TSX
20140408 20140705 0.00017171 6.6125e-10 TSX
20140419 20170913 0.00010375 3.6268e-10 TSX
20140511 20141228 0.000357 4.7009e-10 TSX
20140519 20150824 0.00033647 3.6457e-10 TSX
20140624 20171005 9.8263e-05 3.4581e-10 TSX
20140627 20151115 0.00035209 3.48e-10 TSX
20140705 20180911 6.6808e-05 3.5318e-10 TSX
20140708 20160406 0.00034198 3.2702e-10 TSX
20140716 20171005 0.00010108 3.6548e-10 TSX
20140719 20151207 0.00032199 3.5682e-10 TSX
20140727 20150326 0.00016189 4.6169e-10 TSX
20140810 20150122 0.00020075 5.3918e-10 TSX
20140818 20160301 0.00036714 3.3083e-10 TSX
20140829 20160208 0.00035936 3.4812e-10 TSX
20140901 20140912 -0.00030544 9.6724e-10 TSX
20140912 20141209 0.00015251 6.6409e-10 TSX
20140920 20170902 0.0002859 3.4878e-10 TSX
20141209 20160211 0.00023665 3.69e-10 TSX
20141217 20160722 0.00031122 3.5196e-10 TSX
20141228 20160106 0.00034317 3.8384e-10 TSX
20141231 20151024 0.00029127 4.2499e-10 TSX
20150105 20150824 0.00021293 4.873e-10 TSX
20150108 20170811 0.00022844 4.2372e-10 TSX
20150119 20160117 0.00035157 3.8845e-10 TSX
20150127 20160411 0.00028299 3.7551e-10 TSX
20150130 20151112 0.00037599 4.3009e-10 TSX
20150210 20170114 0.00037647 3.38e-10 TSX
20150213 20160326 0.00028674 4.1332e-10 TSX
20150218 20160216 0.00026783 4.0442e-10 TSX
20150221 20180112 2.0306e-05 3.5221e-10 TSX
20150304 20180911 6.2245e-05 3.3687e-10 TSX
20150307 20160211 0.00032916 4.0103e-10 TSX
20150312 20160320 0.00019571 3.9754e-10 TSX
20150326 20150827 0.00044425 5.5131e-10 TSX
20150329 20151207 0.00035481 4.5678e-10 TSX
20150428 20160425 0.00030694 3.9611e-10 TSX
20150509 20150827 0.00037391 6.2021e-10 TSX
20150517 20150824 0.00018017 6.5722e-10 TSX
20150520 20180911 0.00020763 3.7674e-10 TSX
20150714 20170822 0.0003661 3.2338e-10 TSX
20150725 20170924 0.0003688 3.229e-10 TSX
20150802 20160309 0.00026407 4.9603e-10 TSX
20150805 20160403 0.00019654 4.6177e-10 TSX
20150816 20171107 0.00029833 3.139e-10 TSX
20150824 20150915 0.00075247 8.613e-10 TSX
20150827 20170902 0.00031271 3.4778e-10 TSX
20150915 20160216 0.00013345 5.6834e-10 TSX
20151021 20160904 0.0002138 4.1261e-10 TSX
20151101 20171016 0.00039654 3.1753e-10 TSX
20151112 20160425 9.039e-05 5.3611e-10 TSX
20151115 20151229 0.00021034 7.7308e-10 TSX
20151123 20171221 0.0002992 3.3262e-10 TSX
20151204 20151215 0.00018342 9.7712e-10 TSX
20151207 20160406 -2.8976e-06 6.0214e-10 TSX
20151215 20170822 0.00032439 3.3523e-10 TSX
20151226 20161223 0.00032808 3.9418e-10 TSX
20151229 20160211 8.323e-05 7.7308e-10 TSX
20160106 20161223 0.00035546 3.9906e-10 TSX
20160117 20160926 0.00035597 4.5335e-10 TSX
20160128 20160301 -0.00023427 8.0606e-10 TSX
20160208 20160312 -3.0687e-05 8.0606e-10 TSX
20160216 20160309 -0.00043673 8.613e-10 TSX
20160219 20180319 0.00031031 3.1009e-10 TSX
20160301 20161201 0.00036854 4.3869e-10 TSX
20160304 20160326 7.0052e-05 8.4825e-10 TSX
20160312 20180319 0.00025275 3.1045e-10 TSX
20160320 20160411 0.0004046 8.6131e-10 TSX
20160323 20171118 0.00039521 3.3311e-10 TSX
20160326 20160406 -0.00051958 9.6717e-10 TSX
20160403 20171027 0.0003739 3.4018e-10 TSX
20160425 20170811 0.00039256 3.8522e-10 TSX
20160528 20160630 0.00010297 8.0606e-10 TSX
20160630 20171118 0.00032053 3.6697e-10 TSX
20160722 20161201 0.0003705 5.8134e-10 TSX
20160904 20180707 0.00022571 3.4547e-10 TSX
20160915 20180911 0.00026236 3.3407e-10 TSX
20160926 20170114 0.00012326 6.1813e-10 TSX
20161201 20171027 0.00021588 4.1538e-10 TSX
20161223 20171107 0.00022314 4.1241e-10 TSX
20170114 20170902 0.00022861 4.7086e-10 TSX
20170811 20171005 3.7662e-05 7.4112e-10 TSX
20170822 20180707 6.2885e-05 4.1384e-10 TSX
20170913 20180707 -1.0046e-05 4.258e-10 TSX
20170924 20180319 -0.00016521 5.2322e-10 TSX
20171005 20171107 6.0037e-05 8.0607e-10 TSX
20171016 20180319 -0.00015578 5.5009e-10 TSX
20171027 20180911 0.0001484 4.1387e-10 TSX
20171107 20171118 7.8839e-05 9.7712e-10 TSX
20171118 20171129 5.4883e-05 9.7712e-10 TSX
20171129 20171221 2.7344e-05 8.5005e-10 TSX
20171210 20180820 0.00010293 4.5341e-10 TSX
20171221 20180911 9.6541e-05 4.4559e-10 TSX
20180112 20181003 0.00018037 4.4566e-10 TSX
20180319 20180707 0.00016498 6.1798e-10 TSX
20180707 20180911 0.00053519 7.1238e-10 TSX
20180729 20181003 0.00028367 7.1237e-10 TSX
20180820 20181003 0.00032784 7.7205e-10 TSX
20180911 20181003 -0.00017594 8.5005e-10 TSX
