20030427 20030914 -0.00036403 5.679e-10 ERS2
20030914 20080629 6.1997e-05 3.0084e-10 ERS2
20050918 20090510 -7.7687e-06 3.0447e-10 ERS2
20051127 20081116 6.7186e-05 3.1363e-10 ERS2
20060903 20090510 6.2789e-05 3.1206e-10 ERS2
20061231 20090105 -5.7049e-05 3.151e-10 ALOS
20070402 20070703 -0.00035267 6.6745e-10 ALOS
20070518 20091008 -0.00014451 3.0928e-10 ALOS
20070818 20071003 -0.0003734 7.7709e-10 ALOS
20071217 20100509 -3.2523e-05 3.012e-10 ALOS
20080103 20100526 5.8431e-05 3.1785e-10 ALOS
20080404 20080520 -3.9165e-05 7.776e-10 ALOS
20080618 20090921 -1.7513e-05 3.7267e-10 ALOS
20080629 20090510 -0.00038863 4.286e-10 ERS2
20080705 20091008 -6.5804e-06 3.6487e-10 ALOS
20080803 20090823 -2.3479e-05 3.8295e-10 ERS2
20081116 20090823 8.6937e-05 4.3205e-10 ERS2
20081219 20090921 0.00036897 4.4668e-10 ALOS
20090105 20090708 4.0381e-05 5.3167e-10 ALOS
20090510 20091101 -0.00040955 5.2068e-10 ERS2
20090708 20091008 0.00083417 6.6679e-10 ALOS
20090823 20091101 0.00021837 6.9937e-10 ERS2
20091222 20100624 0.00056044 5.264e-10 ALOS
20100108 20100223 0.0002609 7.7793e-10 ALOS
20100223 20100526 0.00031891 6.6767e-10 ALOS
20100410 20100711 -0.00014299 6.6679e-10 ALOS
20100509 20100624 0.00064431 7.7506e-10 ALOS
20100526 20100711 0.00045339 7.7715e-10 ALOS
20100624 20101109 -6.308e-05 5.8391e-10 ALOS
20100711 20101011 0.00029909 6.6636e-10 ALOS
20100809 20101109 -0.00011408 6.638e-10 ALOS
20101011 20101126 6.1924e-05 7.7716e-10 ALOS
20110111 20110226 0.00074827 7.7709e-10 ALOS
20110924 20130715 -9.1078e-06 3.2397e-10 TSX
20111005 20121229 1.949e-05 3.6961e-10 TSX
20111121 20171221 -1.7903e-05 3.6944e-10 TSX
20111221 20130131 -3.5095e-05 3.8557e-10 TSX
20111224 20121027 2.1326e-06 4.1942e-10 TSX
20120126 20140419 -4.1123e-05 3.0821e-10 TSX
20120203 20160320 -3.5832e-05 2.6108e-10 TSX
20120206 20171107 -2.5497e-06 3.5706e-10 TSX
20120617 20171129 -5.2903e-06 3.4523e-10 TSX
20120723 20160120 -3.8281e-05 2.8017e-10 TSX
20121024 20130109 0.00015302 7.0228e-10 TSX
20121027 20151226 -2.7602e-05 3.5504e-10 TSX
20121030 20130311 -2.5163e-05 5.8464e-10 TSX
20121107 20171118 -3.3315e-06 3.2599e-10 TSX
20121221 20160208 -1.6841e-05 3.3744e-10 TSX
20121224 20130516 -0.00010108 5.6848e-10 TSX
20121229 20130407 -3.1299e-05 6.5618e-10 TSX
20130104 20130217 -2.2995e-05 7.7486e-10 TSX
20130109 20130715 -7.9712e-05 5.2948e-10 TSX
20130112 20140511 -3.1382e-05 3.573e-10 TSX
20130115 20130721 -0.00012285 5.1401e-10 TSX
20130126 20130823 0.00014449 5.269e-10 TSX
20130131 20130429 -5.5705e-05 6.7835e-10 TSX
20130203 20130729 -4.7467e-05 5.2312e-10 TSX
20130211 20130919 1.5206e-06 4.9593e-10 TSX
20130228 20141209 -4.6209e-06 3.1449e-10 TSX
20130311 20130801 -5.8429e-05 5.6842e-10 TSX
20130316 20130623 -3.9043e-05 6.5622e-10 TSX
20130402 20150122 2.7527e-05 3.5353e-10 TSX
20130407 20140530 -9.0255e-05 3.8088e-10 TSX
20130421 20171016 -4.5415e-05 3.4149e-10 TSX
20130424 20130721 -0.00017775 6.6431e-10 TSX
20130429 20130623 -0.00011778 7.5578e-10 TSX
20130505 20131028 -0.00057616 5.4707e-10 TSX
20130513 20151112 4.0281e-06 3.1924e-10 TSX
20130516 20131017 1.1235e-05 5.7633e-10 TSX
20130521 20130715 0.00024514 7.558e-10 TSX
20130524 20171129 3.5542e-05 3.3182e-10 TSX
20130527 20140627 -3.6026e-05 3.8372e-10 TSX
20130601 20130930 0.00014043 6.1687e-10 TSX
20130604 20141217 -7.01e-06 3.4578e-10 TSX
20130607 20140719 3.6979e-05 3.7989e-10 TSX
20130612 20150105 -4.1033e-05 3.3817e-10 TSX
20130615 20160106 1.1092e-05 3.4631e-10 TSX
20130618 20140708 -2.4398e-05 3.8806e-10 TSX
20130623 20130715 0.00070116 8.646e-10 TSX
20130629 20130914 -0.0002517 7.0235e-10 TSX
20130707 20150130 -1.7545e-05 3.4392e-10 TSX
20130710 20140901 -2.6369e-05 3.766e-10 TSX
20130715 20130726 -0.0023958 1.0138e-09 TSX
20130721 20131108 0.00066548 6.4775e-10 TSX
20130726 20150517 -3.6296e-05 3.2394e-10 TSX
20130729 20160904 -2.4677e-05 3.0863e-10 TSX
20130801 20151115 -1.9322e-05 2.9629e-10 TSX
20130817 20140209 -6.4918e-05 5.4086e-10 TSX
20130828 20150312 1.1123e-05 3.3966e-10 TSX
20130903 20150329 -3.8065e-05 3.5601e-10 TSX
20130919 20160309 2.7131e-06 2.8417e-10 TSX
20130925 20140708 -0.00014544 4.6355e-10 TSX
20130930 20160411 4.6181e-06 2.866e-10 TSX
20131011 20150802 -2.4091e-05 3.2531e-10 TSX
20131017 20140719 2.0451e-05 4.6101e-10 TSX
20131028 20160304 6.8618e-05 3.4523e-10 TSX
20131102 20140519 -0.00015192 5.1705e-10 TSX
20131108 20140708 4.3457e-05 5.3941e-10 TSX
20140209 20160309 2.0195e-05 3.0929e-10 TSX
20140223 20140829 -1.3383e-05 5.1112e-10 TSX
20140408 20140705 -4.2656e-05 6.6172e-10 TSX
20140419 20170913 7.015e-05 3.6034e-10 TSX
20140511 20141228 2.8638e-05 4.7021e-10 TSX
20140519 20150824 -3.2855e-06 3.6543e-10 TSX
20140624 20171005 1.1933e-05 3.2553e-10 TSX
20140627 20151115 1.7897e-05 3.4367e-10 TSX
20140705 20180911 -6.5099e-06 3.0064e-10 TSX
20140708 20160406 1.9659e-05 3.2002e-10 TSX
20140716 20171005 2.7446e-05 3.1224e-10 TSX
20140719 20151207 -6.5429e-06 3.4203e-10 TSX
20140727 20150326 -3.0137e-05 4.6163e-10 TSX
20140810 20150122 -1.6596e-05 5.4555e-10 TSX
20140818 20160301 9.3215e-06 3.4715e-10 TSX
20140829 20160208 7.2959e-06 3.6745e-10 TSX
20140901 20140912 -0.00029525 9.7008e-10 TSX
20140912 20141209 -3.7412e-05 6.6431e-10 TSX
20140920 20170902 1.3422e-05 3.2597e-10 TSX
20141209 20160211 -3.0394e-05 3.6538e-10 TSX
20141217 20160722 3.2689e-05 3.4733e-10 TSX
20141228 20160106 2.7177e-05 3.9214e-10 TSX
20141231 20151024 1.5505e-05 4.2551e-10 TSX
20150105 20150824 -7.1863e-05 4.8781e-10 TSX
20150108 20170811 1.5555e-05 2.9234e-10 TSX
20150119 20160117 3.642e-05 3.9313e-10 TSX
20150127 20160411 1.7664e-05 3.756e-10 TSX
20150130 20151112 2.8849e-05 4.3122e-10 TSX
20150210 20170114 4.4655e-05 3.7291e-10 TSX
20150213 20160326 1.359e-05 4.4371e-10 TSX
20150218 20160216 1.1814e-05 4.0347e-10 TSX
20150221 20180112 4.5529e-05 4.2184e-10 TSX
20150304 20180911 -6.6256e-06 3.6637e-10 TSX
20150307 20160211 -5.1172e-07 4.0187e-10 TSX
20150312 20160320 -4.1006e-05 3.9872e-10 TSX
20150326 20150827 5.8533e-05 5.5181e-10 TSX
20150329 20151207 3.1391e-05 4.5525e-10 TSX
20150428 20160425 3.2434e-05 4.0423e-10 TSX
20150509 20150827 6.3982e-05 6.2129e-10 TSX
20150517 20150824 -5.2936e-05 6.5672e-10 TSX
20150520 20180911 -1.0198e-05 3.8846e-10 TSX
20150714 20170822 3.6265e-05 3.9093e-10 TSX
20150725 20170924 4.5364e-05 3.5503e-10 TSX
20150802 20160309 -1.5056e-05 4.9717e-10 TSX
20150805 20160403 4.8036e-06 4.725e-10 TSX
20150816 20171107 3.0288e-05 3.592e-10 TSX
20150824 20150915 0.00075244 8.645e-10 TSX
20150827 20170902 2.1747e-06 3.5246e-10 TSX
20150915 20160216 -6.0493e-05 5.6831e-10 TSX
20151021 20160904 -7.5751e-05 4.1743e-10 TSX
20151101 20171016 7.6254e-06 3.2879e-10 TSX
20151112 20160425 -3.3498e-05 5.3685e-10 TSX
20151115 20151229 0.00015823 7.7486e-10 TSX
20151123 20171221 2.1284e-05 3.3377e-10 TSX
20151204 20151215 0.00016925 9.8023e-10 TSX
20151207 20160406 -0.00012924 6.0215e-10 TSX
20151215 20170822 3.576e-05 3.4961e-10 TSX
20151226 20161223 3.7755e-05 3.9661e-10 TSX
20151229 20160211 9.5151e-08 7.7486e-10 TSX
20160106 20161223 4.3778e-05 4.0159e-10 TSX
20160117 20160926 2.3099e-05 4.5883e-10 TSX
20160128 20160301 -0.00015412 8.0877e-10 TSX
20160208 20160312 -0.00011634 8.0877e-10 TSX
20160216 20160309 -0.00038777 8.645e-10 TSX
20160219 20180319 -7.9863e-06 3.2197e-10 TSX
20160301 20161201 9.3063e-05 4.3913e-10 TSX
20160304 20160326 2.1317e-06 8.5088e-10 TSX
20160312 20180319 -4.5848e-06 3.2932e-10 TSX
20160320 20160411 0.00038963 8.645e-10 TSX
20160323 20171118 4.852e-05 3.3128e-10 TSX
20160326 20160406 -0.00048821 9.7001e-10 TSX
20160403 20171027 6.5254e-05 3.8188e-10 TSX
20160425 20170811 6.5361e-05 3.8526e-10 TSX
20160528 20160630 3.3211e-05 8.0877e-10 TSX
20160630 20171118 6.4101e-05 3.4048e-10 TSX
20160722 20161201 0.00023922 5.8131e-10 TSX
20160904 20180707 -2.2057e-06 3.4005e-10 TSX
20160915 20180911 -2.1295e-05 3.2591e-10 TSX
20160926 20170114 7.4414e-05 6.1822e-10 TSX
20161201 20171027 -2.1605e-05 4.0973e-10 TSX
20161223 20171107 -1.6405e-05 4.2131e-10 TSX
20170114 20170902 -1.5478e-05 4.7754e-10 TSX
20170811 20171005 -4.0581e-05 7.428e-10 TSX
20170822 20180707 -9.5158e-05 4.1396e-10 TSX
20170913 20180707 -0.00014433 4.2799e-10 TSX
20170924 20180319 -5.0042e-05 5.2325e-10 TSX
20171005 20171107 5.4264e-05 8.0877e-10 TSX
20171016 20180319 -4.879e-06 5.5009e-10 TSX
20171027 20180911 -9.4051e-05 4.1388e-10 TSX
20171107 20171118 9.8274e-05 9.8023e-10 TSX
20171118 20171129 5.9237e-05 9.8023e-10 TSX
20171129 20171221 -2.3699e-05 8.5306e-10 TSX
20171210 20180820 -0.00014182 4.5348e-10 TSX
20171221 20180911 -0.00022339 4.4572e-10 TSX
20180112 20181003 2.1122e-05 4.4624e-10 TSX
20180319 20180707 -0.00020963 6.1809e-10 TSX
20180707 20180911 0.00021281 7.1356e-10 TSX
20180729 20181003 1.554e-05 7.1356e-10 TSX
20180820 20181003 0.00015445 7.7428e-10 TSX
20180911 20181003 -0.00022458 8.5306e-10 TSX
