20030427 20030914 0.00041046 5.6598e-10 ERS2
20030914 20080629 7.3144e-05 2.8112e-10 ERS2
20050918 20090510 -6.7268e-05 3.0087e-10 ERS2
20051127 20081116 0.00012357 3.3272e-10 ERS2
20060903 20090510 0.0001357 3.0634e-10 ERS2
20061231 20090105 -9.6424e-05 3.139e-10 ALOS
20070402 20070703 -0.00013851 6.6627e-10 ALOS
20070518 20091008 -0.00022083 2.9893e-10 ALOS
20070818 20071003 -0.00026587 7.7507e-10 ALOS
20071217 20100509 -0.00014218 2.9929e-10 ALOS
20080103 20100526 -0.00018225 2.9786e-10 ALOS
20080404 20080520 0.00010656 7.7508e-10 ALOS
20080618 20090921 -6.2526e-05 3.7239e-10 ALOS
20080629 20090510 -0.00051312 4.116e-10 ERS2
20080705 20091008 -0.00011852 3.6505e-10 ALOS
20080803 20090823 1.7954e-05 3.827e-10 ERS2
20081116 20090823 2.2345e-05 4.3261e-10 ERS2
20081219 20090921 0.00039734 4.4605e-10 ALOS
20090105 20090708 0.0001681 5.2815e-10 ALOS
20090510 20091101 0.00083917 5.2039e-10 ERS2
20090708 20091008 0.0007115 6.6624e-10 ALOS
20090823 20091101 3.8537e-06 6.9855e-10 ERS2
20091222 20100624 0.00051372 5.2535e-10 ALOS
20100108 20100223 0.00054062 7.7531e-10 ALOS
20100223 20100526 0.00011832 6.6609e-10 ALOS
20100410 20100711 -1.5132e-05 6.6628e-10 ALOS
20100509 20100624 0.00055819 7.731e-10 ALOS
20100526 20100711 0.00044131 7.7508e-10 ALOS
20100624 20101109 8.5296e-05 5.8398e-10 ALOS
20100711 20101011 0.00012003 6.6626e-10 ALOS
20100809 20101109 2.9794e-05 6.6355e-10 ALOS
20101011 20101126 0.00028692 7.7508e-10 ALOS
20110111 20110226 0.00076439 7.7507e-10 ALOS
20110924 20130715 -1.1835e-06 3.3221e-10 TSX
20111005 20121229 -0.0001521 3.6874e-10 TSX
20111121 20171221 -5.0036e-06 3.2987e-10 TSX
20111221 20130131 -5.6457e-05 3.8572e-10 TSX
20111224 20121027 -0.00019122 4.1944e-10 TSX
20120126 20140419 -0.00014856 2.9512e-10 TSX
20120203 20160320 9.7051e-06 2.7038e-10 TSX
20120206 20171107 -1.7038e-05 2.9826e-10 TSX
20120617 20171129 -1.271e-05 2.8807e-10 TSX
20120723 20160120 6.3106e-05 2.9056e-10 TSX
20121024 20130109 0.00011405 7.0156e-10 TSX
20121027 20151226 -4.9577e-05 2.8311e-10 TSX
20121030 20130311 0.00011496 5.8465e-10 TSX
20121107 20171118 -2.6423e-05 2.9679e-10 TSX
20121221 20160208 -3.0754e-06 2.9415e-10 TSX
20121224 20130516 1.3306e-05 5.6848e-10 TSX
20121229 20130407 0.00030751 6.5608e-10 TSX
20130104 20130217 0.00015985 7.7306e-10 TSX
20130109 20130715 7.9097e-05 5.2814e-10 TSX
20130112 20140511 -0.00020533 3.5446e-10 TSX
20130115 20130721 -0.00018448 5.1395e-10 TSX
20130126 20130823 -0.00016606 5.0017e-10 TSX
20130131 20130429 -4.5444e-05 6.7797e-10 TSX
20130203 20130729 -0.0001527 5.2313e-10 TSX
20130211 20130919 -2.9883e-05 4.9592e-10 TSX
20130228 20141209 2.7628e-05 3.1905e-10 TSX
20130311 20130801 4.6865e-05 5.6844e-10 TSX
20130316 20130623 8.4158e-05 6.5608e-10 TSX
20130402 20150122 7.4975e-06 3.8658e-10 TSX
20130407 20140530 -0.00015211 3.8104e-10 TSX
20130421 20171016 1.0048e-05 3.2046e-10 TSX
20130424 20130721 -0.00029617 6.6402e-10 TSX
20130429 20130623 2.5454e-06 7.5405e-10 TSX
20130505 20131028 -0.00033897 5.5962e-10 TSX
20130513 20151112 -4.6211e-05 3.0018e-10 TSX
20130516 20131017 -0.00019981 5.8692e-10 TSX
20130521 20130715 6.6676e-05 7.5407e-10 TSX
20130524 20171129 -8.1334e-07 2.9497e-10 TSX
20130527 20140627 -9.2293e-05 3.8553e-10 TSX
20130601 20130930 6.0986e-05 6.1698e-10 TSX
20130604 20141217 -0.00013945 3.3843e-10 TSX
20130607 20140719 -1.808e-05 3.8206e-10 TSX
20130612 20150105 -6.4083e-05 3.3914e-10 TSX
20130615 20160106 -2.1292e-05 2.9329e-10 TSX
20130618 20140708 -4.5714e-05 3.8816e-10 TSX
20130623 20130715 0.00055596 8.6131e-10 TSX
20130629 20130914 0.00019201 6.8925e-10 TSX
20130707 20150130 -0.00016137 3.3729e-10 TSX
20130710 20140901 -3.6831e-05 3.7708e-10 TSX
20130715 20130726 -0.0024618 1.0103e-09 TSX
20130721 20131108 0.00082938 6.4584e-10 TSX
20130726 20150517 8.0374e-05 3.2527e-10 TSX
20130729 20160904 -5.7535e-05 2.9081e-10 TSX
20130801 20151115 3.9885e-05 3.0365e-10 TSX
20130817 20140209 0.0001993 5.4095e-10 TSX
20130828 20150312 -8.2688e-05 3.4075e-10 TSX
20130903 20150329 6.937e-05 3.47e-10 TSX
20130919 20160309 7.4982e-06 2.9295e-10 TSX
20130925 20140708 8.3087e-05 4.3454e-10 TSX
20130930 20160411 5.1732e-05 2.892e-10 TSX
20131011 20150802 -1.2845e-05 3.3279e-10 TSX
20131017 20140719 3.2065e-05 4.3943e-10 TSX
20131028 20160304 -3.1295e-05 3.509e-10 TSX
20131102 20140519 -0.00014091 5.171e-10 TSX
20131108 20140708 0.00010611 4.6536e-10 TSX
20140209 20160309 -7.7321e-05 3.2212e-10 TSX
20140223 20140829 -0.00012497 5.1109e-10 TSX
20140408 20140705 -6.5263e-05 6.613e-10 TSX
20140419 20170913 1.8952e-05 3.2268e-10 TSX
20140511 20141228 -7.6376e-05 4.7015e-10 TSX
20140519 20150824 3.0276e-05 3.6815e-10 TSX
20140624 20171005 3.4774e-05 2.8965e-10 TSX
20140627 20151115 2.5226e-05 3.4986e-10 TSX
20140705 20180911 -1.9915e-05 2.8937e-10 TSX
20140708 20160406 4.6585e-05 3.1871e-10 TSX
20140716 20171005 -1.7915e-05 2.9106e-10 TSX
20140719 20151207 -5.1298e-05 3.4956e-10 TSX
20140727 20150326 -0.00017368 4.6155e-10 TSX
20140810 20150122 9.3829e-05 5.3922e-10 TSX
20140818 20160301 -0.00010446 3.3489e-10 TSX
20140829 20160208 -8.9646e-05 3.3769e-10 TSX
20140901 20140912 -0.0003175 9.6717e-10 TSX
20140912 20141209 0.00014784 6.6402e-10 TSX
20140920 20170902 -6.9259e-05 3.162e-10 TSX
20141209 20160211 -4.1821e-05 3.6763e-10 TSX
20141217 20160722 -6.5422e-05 3.3506e-10 TSX
20141228 20160106 -6.2953e-05 3.8215e-10 TSX
20141231 20151024 3.7978e-05 4.2576e-10 TSX
20150105 20150824 4.0746e-05 4.8704e-10 TSX
20150108 20170811 -1.8767e-05 3.1752e-10 TSX
20150119 20160117 -2.9113e-05 3.8744e-10 TSX
20150127 20160411 1.8488e-05 3.7608e-10 TSX
20150130 20151112 -0.00015018 4.2873e-10 TSX
20150210 20170114 -2.7296e-05 3.1767e-10 TSX
20150213 20160326 2.7268e-05 5.173e-10 TSX
20150218 20160216 -1.5688e-05 4.049e-10 TSX
20150221 20180112 -3.0988e-05 3.1923e-10 TSX
20150304 20180911 -4.324e-05 3.3911e-10 TSX
20150307 20160211 1.5722e-05 4.0204e-10 TSX
20150312 20160320 -1.6626e-05 3.9898e-10 TSX
20150326 20150827 -6.8326e-05 5.4962e-10 TSX
20150329 20151207 4.8259e-06 4.5499e-10 TSX
20150428 20160425 -3.227e-05 4.0013e-10 TSX
20150509 20150827 -0.00012309 6.1831e-10 TSX
20150517 20150824 -8.7532e-05 6.5632e-10 TSX
20150520 20180911 -8.0584e-05 3.0237e-10 TSX
20150714 20170822 -4.3414e-05 2.9493e-10 TSX
20150725 20170924 -1.1688e-05 2.9884e-10 TSX
20150802 20160309 2.6388e-05 4.9593e-10 TSX
20150805 20160403 -0.00012117 4.6138e-10 TSX
20150816 20171107 -7.1201e-05 2.94e-10 TSX
20150824 20150915 0.00073339 8.6121e-10 TSX
20150827 20170902 -7.5214e-05 3.0293e-10 TSX
20150915 20160216 -5.8198e-05 5.6819e-10 TSX
20151021 20160904 -0.00022446 4.1269e-10 TSX
20151101 20171016 -0.00011688 3.0394e-10 TSX
20151112 20160425 -3.2554e-05 5.3611e-10 TSX
20151115 20151229 0.00015595 7.7306e-10 TSX
20151123 20171221 -7.2083e-05 2.978e-10 TSX
20151204 20151215 0.00016885 9.7744e-10 TSX
20151207 20160406 2.0715e-05 6.0214e-10 TSX
20151215 20170822 -6.1237e-05 3.1519e-10 TSX
20151226 20161223 -0.00019995 3.9353e-10 TSX
20151229 20160211 6.3565e-05 7.7306e-10 TSX
20160106 20161223 -0.00018929 3.982e-10 TSX
20160117 20160926 -0.0001263 4.5306e-10 TSX
20160128 20160301 -0.00017684 8.0625e-10 TSX
20160208 20160312 -8.9519e-05 8.0625e-10 TSX
20160216 20160309 -0.00039722 8.6121e-10 TSX
20160219 20180319 -8.0637e-05 2.9528e-10 TSX
20160301 20161201 -0.00016013 4.3857e-10 TSX
20160304 20160326 7.4422e-05 8.4819e-10 TSX
20160312 20180319 -0.00010994 2.9781e-10 TSX
20160320 20160411 0.0004528 8.6122e-10 TSX
20160323 20171118 -8.6888e-05 3.1713e-10 TSX
20160326 20160406 -0.00049339 9.671e-10 TSX
20160403 20171027 -0.00010471 3.2341e-10 TSX
20160425 20170811 -7.9628e-05 3.468e-10 TSX
20160528 20160630 -2.2946e-05 8.0625e-10 TSX
20160630 20171118 -8.5582e-05 3.3887e-10 TSX
20160722 20161201 -5.1389e-05 5.8134e-10 TSX
20160904 20180707 -0.00012133 3.2294e-10 TSX
20160915 20180911 -0.00012784 3.0011e-10 TSX
20160926 20170114 -1.7843e-05 6.1799e-10 TSX
20161201 20171027 -0.00016519 4.0687e-10 TSX
20161223 20171107 -0.00014933 4.0907e-10 TSX
20170114 20170902 -0.00017648 4.6868e-10 TSX
20170811 20171005 -7.673e-05 7.4121e-10 TSX
20170822 20180707 -0.00022944 4.1378e-10 TSX
20170913 20180707 -0.00026181 4.2497e-10 TSX
20170924 20180319 -0.00016032 5.2322e-10 TSX
20171005 20171107 3.8226e-05 8.0625e-10 TSX
20171016 20180319 -0.00017111 5.501e-10 TSX
20171027 20180911 -0.00023235 4.1378e-10 TSX
20171107 20171118 6.688e-05 9.7744e-10 TSX
20171118 20171129 3.8205e-05 9.7744e-10 TSX
20171129 20171221 -2.9473e-05 8.503e-10 TSX
20171210 20180820 -0.00020797 4.5346e-10 TSX
20171221 20180911 -0.0001476 4.4578e-10 TSX
20180112 20181003 -0.00014278 4.4574e-10 TSX
20180319 20180707 -0.00017734 6.18e-10 TSX
20180707 20180911 0.00015454 7.1246e-10 TSX
20180729 20181003 2.2464e-05 7.1246e-10 TSX
20180820 20181003 0.000139 7.7219e-10 TSX
20180911 20181003 -0.0001296 8.5031e-10 TSX
