20030427 20030914 0.00022804 5.6849e-10 ERS2
20030914 20080629 -8.6384e-05 2.7342e-10 ERS2
20050918 20090510 4.064e-05 2.9698e-10 ERS2
20051127 20081116 7.8957e-05 3.0034e-10 ERS2
20060903 20090510 -0.00017479 3.2357e-10 ERS2
20061231 20090105 4.9305e-05 3.1335e-10 ALOS
20070402 20070703 -0.00011979 6.6717e-10 ALOS
20070518 20091008 6.7604e-06 2.9943e-10 ALOS
20070818 20071003 -0.0004806 7.7733e-10 ALOS
20071217 20100509 3.6016e-06 3.0132e-10 ALOS
20080103 20100526 6.0342e-05 2.9932e-10 ALOS
20080404 20080520 2.8959e-05 7.7733e-10 ALOS
20080618 20090921 -5.9408e-05 3.7251e-10 ALOS
20080629 20090510 -0.00018853 4.1209e-10 ERS2
20080705 20091008 -0.00012083 3.6503e-10 ALOS
20080803 20090823 -6.3688e-06 3.8279e-10 ERS2
20081116 20090823 -3.8597e-06 4.3195e-10 ERS2
20081219 20090921 7.5042e-05 4.4608e-10 ALOS
20090105 20090708 6.4582e-05 5.2872e-10 ALOS
20090510 20091101 0.00070595 5.2028e-10 ERS2
20090708 20091008 7.1764e-05 6.6717e-10 ALOS
20090823 20091101 0.00014755 7.0014e-10 ERS2
20091222 20100624 0.00011433 5.2555e-10 ALOS
20100108 20100223 -0.00021069 7.7746e-10 ALOS
20100223 20100526 4.2454e-05 6.6717e-10 ALOS
20100410 20100711 -0.0001476 6.6719e-10 ALOS
20100509 20100624 0.00076411 7.7514e-10 ALOS
20100526 20100711 0.00033729 7.7734e-10 ALOS
20100624 20101109 -0.00023493 5.8432e-10 ALOS
20100711 20101011 -0.00040902 6.6721e-10 ALOS
20100809 20101109 -0.00014546 6.6433e-10 ALOS
20101011 20101126 0.00027079 7.7734e-10 ALOS
20110111 20110226 0.00053941 7.7733e-10 ALOS
20110924 20130715 3.6473e-05 3.2418e-10 TSX
20111005 20121229 -2.3346e-05 3.6859e-10 TSX
20111121 20171221 -8.775e-06 2.7252e-10 TSX
20111221 20130131 3.8844e-05 3.8529e-10 TSX
20111224 20121027 -1.2751e-05 4.1945e-10 TSX
20120126 20140419 -7.2087e-06 2.9104e-10 TSX
20120203 20160320 1.7243e-06 2.4448e-10 TSX
20120206 20171107 -5.0123e-06 2.7085e-10 TSX
20120617 20171129 -7.7768e-06 2.6646e-10 TSX
20120723 20160120 1.7268e-05 2.6091e-10 TSX
20121024 20130109 0.00017351 7.0311e-10 TSX
20121027 20151226 2.4728e-06 2.6753e-10 TSX
20121030 20130311 2.625e-05 5.8481e-10 TSX
20121107 20171118 -1.2897e-05 2.5883e-10 TSX
20121221 20160208 8.0921e-06 2.7113e-10 TSX
20121224 20130516 -7.7973e-05 5.6863e-10 TSX
20121229 20130407 6.639e-05 6.5711e-10 TSX
20130104 20130217 -3.454e-05 7.7464e-10 TSX
20130109 20130715 4.971e-06 5.2875e-10 TSX
20130112 20140511 -6.2163e-06 3.5445e-10 TSX
20130115 20130721 -0.00015967 5.1405e-10 TSX
20130126 20130823 -0.00016828 4.9952e-10 TSX
20130131 20130429 -3.7159e-05 6.7922e-10 TSX
20130203 20130729 -3.0686e-05 5.2343e-10 TSX
20130211 20130919 -7.1935e-05 4.9609e-10 TSX
20130228 20141209 1.7248e-05 3.13e-10 TSX
20130311 20130801 -7.8137e-05 5.6857e-10 TSX
20130316 20130623 3.8599e-05 6.5711e-10 TSX
20130402 20150122 4.5294e-05 3.0839e-10 TSX
20130407 20140530 -2.8305e-05 3.809e-10 TSX
20130421 20171016 -2.1693e-05 2.7204e-10 TSX
20130424 20130721 -0.00028099 6.6444e-10 TSX
20130429 20130623 -0.00010466 7.563e-10 TSX
20130505 20131028 -0.00049322 5.3578e-10 TSX
20130513 20151112 -1.0934e-05 2.7841e-10 TSX
20130516 20131017 -0.00022415 5.6012e-10 TSX
20130521 20130715 0.00012511 7.5632e-10 TSX
20130524 20171129 -7.573e-06 2.7196e-10 TSX
20130527 20140627 1.4839e-06 3.8364e-10 TSX
20130601 20130930 -2.6118e-05 6.1767e-10 TSX
20130604 20141217 -6.3677e-06 3.3846e-10 TSX
20130607 20140719 -1.2683e-05 3.7991e-10 TSX
20130612 20150105 2.4957e-05 3.383e-10 TSX
20130615 20160106 2.6885e-05 2.7655e-10 TSX
20130618 20140708 -3.3661e-05 3.8807e-10 TSX
20130623 20130715 0.00055725 8.6469e-10 TSX
20130629 20130914 0.00020684 6.8901e-10 TSX
20130707 20150130 -6.5778e-06 3.3775e-10 TSX
20130710 20140901 1.8015e-06 3.7708e-10 TSX
20130715 20130726 -0.0025377 1.0139e-09 TSX
20130721 20131108 0.00076101 6.2173e-10 TSX
20130726 20150517 0.00019356 3.223e-10 TSX
20130729 20160904 9.8087e-06 2.6904e-10 TSX
20130801 20151115 2.3532e-05 2.862e-10 TSX
20130817 20140209 7.2677e-05 5.4124e-10 TSX
20130828 20150312 1.1525e-05 3.4074e-10 TSX
20130903 20150329 -0.00010744 3.4156e-10 TSX
20130919 20160309 4.3247e-05 2.7341e-10 TSX
20130925 20140708 1.8621e-05 4.3136e-10 TSX
20130930 20160411 5.1581e-05 2.7092e-10 TSX
20131011 20150802 -2.0289e-05 3.1988e-10 TSX
20131017 20140719 -1.4937e-05 4.3877e-10 TSX
20131028 20160304 1.3855e-05 3.3485e-10 TSX
20131102 20140519 -0.00014117 5.1731e-10 TSX
20131108 20140708 -8.8445e-06 4.6286e-10 TSX
20140209 20160309 -1.4383e-05 3.0561e-10 TSX
20140223 20140829 -1.558e-05 5.114e-10 TSX
20140408 20140705 -2.7469e-06 6.6266e-10 TSX
20140419 20170913 -1.9861e-05 2.9547e-10 TSX
20140511 20141228 4.3602e-08 4.7035e-10 TSX
20140519 20150824 6.6677e-05 3.6449e-10 TSX
20140624 20171005 -1.2286e-05 2.7458e-10 TSX
20140627 20151115 1.2045e-05 3.4015e-10 TSX
20140705 20180911 -1.6474e-05 2.6834e-10 TSX
20140708 20160406 3.751e-05 3.1216e-10 TSX
20140716 20171005 -7.2408e-06 2.7809e-10 TSX
20140719 20151207 1.1735e-05 3.4042e-10 TSX
20140727 20150326 8.9346e-06 4.6175e-10 TSX
20140810 20150122 5.9859e-05 5.393e-10 TSX
20140818 20160301 1.7166e-05 3.2524e-10 TSX
20140829 20160208 1.1143e-05 3.3182e-10 TSX
20140901 20140912 -0.00031889 9.6988e-10 TSX
20140912 20141209 0.00013694 6.6444e-10 TSX
20140920 20170902 -1.0501e-05 2.8179e-10 TSX
20141209 20160211 -1.7307e-05 3.6361e-10 TSX
20141217 20160722 5.8238e-07 3.1913e-10 TSX
20141228 20160106 2.0654e-05 3.824e-10 TSX
20141231 20151024 -1.9717e-05 4.2503e-10 TSX
20150105 20150824 -2.2359e-05 4.8621e-10 TSX
20150108 20170811 -1.0192e-06 3.0369e-10 TSX
20150119 20160117 7.0971e-06 3.8744e-10 TSX
20150127 20160411 6.8547e-05 3.7066e-10 TSX
20150130 20151112 -2.7942e-05 4.2864e-10 TSX
20150210 20170114 7.2611e-06 3.03e-10 TSX
20150213 20160326 -5.6217e-05 3.9082e-10 TSX
20150218 20160216 2.4284e-05 4.0287e-10 TSX
20150221 20180112 -1.1863e-05 2.8475e-10 TSX
20150304 20180911 1.6779e-05 2.8092e-10 TSX
20150307 20160211 6.7345e-06 4.0083e-10 TSX
20150312 20160320 1.7111e-05 3.9765e-10 TSX
20150326 20150827 -5.8242e-05 5.5015e-10 TSX
20150329 20151207 -5.3573e-06 4.5486e-10 TSX
20150428 20160425 7.6073e-06 3.874e-10 TSX
20150509 20150827 -0.0001126 6.1875e-10 TSX
20150517 20150824 -0.00023116 6.5711e-10 TSX
20150520 20180911 1.5125e-07 2.7494e-10 TSX
20150714 20170822 -1.4178e-05 3.0039e-10 TSX
20150725 20170924 -1.8666e-05 2.9673e-10 TSX
20150802 20160309 3.6069e-05 4.9607e-10 TSX
20150805 20160403 1.085e-05 4.6145e-10 TSX
20150816 20171107 -1.6306e-05 2.9511e-10 TSX
20150824 20150915 0.00065108 8.6459e-10 TSX
20150827 20170902 6.8652e-06 2.9777e-10 TSX
20150915 20160216 -2.4071e-05 5.6858e-10 TSX
20151021 20160904 4.765e-05 4.1242e-10 TSX
20151101 20171016 -1.1823e-05 3.0731e-10 TSX
20151112 20160425 4.0146e-05 5.3647e-10 TSX
20151115 20151229 0.00018882 7.7464e-10 TSX
20151123 20171221 -9.748e-06 2.9961e-10 TSX
20151204 20151215 0.00011872 9.8163e-10 TSX
20151207 20160406 -1.0747e-05 6.0234e-10 TSX
20151215 20170822 2.7079e-05 3.2166e-10 TSX
20151226 20161223 -8.9484e-07 3.9359e-10 TSX
20151229 20160211 -8.6725e-06 7.7464e-10 TSX
20160106 20161223 -5.2374e-06 3.9813e-10 TSX
20160117 20160926 -3.217e-06 4.5316e-10 TSX
20160128 20160301 -0.00014421 8.1005e-10 TSX
20160208 20160312 -8.6239e-05 8.1005e-10 TSX
20160216 20160309 -0.00043029 8.6459e-10 TSX
20160219 20180319 4.7614e-06 2.978e-10 TSX
20160301 20161201 5.8536e-06 4.388e-10 TSX
20160304 20160326 8.4434e-05 8.5062e-10 TSX
20160312 20180319 4.3356e-06 2.9932e-10 TSX
20160320 20160411 0.00042686 8.6459e-10 TSX
20160323 20171118 -3.0594e-06 3.1835e-10 TSX
20160326 20160406 -0.0005777 9.6981e-10 TSX
20160403 20171027 -1.2515e-05 3.2539e-10 TSX
20160425 20170811 9.649e-07 3.4965e-10 TSX
20160528 20160630 -5.0837e-05 8.1005e-10 TSX
20160630 20171118 1.2757e-05 3.3935e-10 TSX
20160722 20161201 6.8865e-05 5.8189e-10 TSX
20160904 20180707 -1.9819e-05 3.2241e-10 TSX
20160915 20180911 1.9488e-05 3.0297e-10 TSX
20160926 20170114 7.8258e-05 6.1882e-10 TSX
20161201 20171027 -2.0981e-05 4.0714e-10 TSX
20161223 20171107 -3.8817e-06 4.0951e-10 TSX
20170114 20170902 -2.8152e-05 4.7345e-10 TSX
20170811 20171005 -4.1766e-05 7.4399e-10 TSX
20170822 20180707 3.0777e-05 4.139e-10 TSX
20170913 20180707 1.4034e-05 4.2502e-10 TSX
20170924 20180319 6.7189e-05 5.2353e-10 TSX
20171005 20171107 3.1897e-05 8.1005e-10 TSX
20171016 20180319 4.9566e-05 5.505e-10 TSX
20171027 20180911 3.6639e-05 4.1385e-10 TSX
20171107 20171118 6.4989e-05 9.8163e-10 TSX
20171118 20171129 5.1303e-05 9.8163e-10 TSX
20171129 20171221 -3.0216e-05 8.5439e-10 TSX
20171210 20180820 3.7759e-05 4.537e-10 TSX
20171221 20180911 7.1671e-05 4.4583e-10 TSX
20180112 20181003 4.4848e-05 4.4581e-10 TSX
20180319 20180707 -3.464e-06 6.1882e-10 TSX
20180707 20180911 0.00011439 7.1469e-10 TSX
20180729 20181003 -7.5027e-05 7.1469e-10 TSX
20180820 20181003 8.0612e-05 7.7552e-10 TSX
20180911 20181003 -0.00016249 8.5439e-10 TSX
