20030427 20030914 0.00098126 5.781e-10 ERS2
20030914 20080629 -1.1019e-05 2.7502e-10 ERS2
20050918 20090510 1.4726e-06 3.0981e-10 ERS2
20051127 20081116 -0.00012696 3.2353e-10 ERS2
20060903 20090510 0.00011988 3.1755e-10 ERS2
20061231 20090105 -1.7622e-05 3.1096e-10 ALOS
20070402 20070703 3.3868e-05 6.7333e-10 ALOS
20070518 20091008 -3.24e-05 2.9585e-10 ALOS
20070818 20071003 -0.00041138 7.8397e-10 ALOS
20071217 20100509 -6.6339e-05 2.9843e-10 ALOS
20080103 20100526 -2.4193e-05 2.9615e-10 ALOS
20080404 20080520 -2.877e-05 7.8399e-10 ALOS
20080618 20090921 -8.9861e-05 3.724e-10 ALOS
20080629 20090510 -0.00016928 4.1517e-10 ERS2
20080705 20091008 0.00022752 3.6464e-10 ALOS
20080803 20090823 1.4222e-05 3.8721e-10 ERS2
20081116 20090823 3.1106e-05 4.3503e-10 ERS2
20081219 20090921 0.00076733 4.4742e-10 ALOS
20090105 20090708 0.00017911 5.3094e-10 ALOS
20090510 20091101 2.4619e-05 5.2615e-10 ERS2
20090708 20091008 0.0010882 6.7331e-10 ALOS
20090823 20091101 0.0011154 7.1127e-10 ERS2
20091222 20100624 0.00090324 5.2781e-10 ALOS
20100108 20100223 0.00069105 7.8403e-10 ALOS
20100223 20100526 -8.4271e-05 6.7333e-10 ALOS
20100410 20100711 -0.00012244 6.7332e-10 ALOS
20100509 20100624 0.0008075 7.8162e-10 ALOS
20100526 20100711 0.0005426 7.84e-10 ALOS
20100624 20101109 0.0002178 5.8794e-10 ALOS
20100711 20101011 0.00038809 6.7333e-10 ALOS
20100809 20101109 -4.4694e-05 6.7006e-10 ALOS
20101011 20101126 0.00026388 7.84e-10 ALOS
20110111 20110226 0.0010394 7.8398e-10 ALOS
20110924 20130715 5.8364e-06 3.2158e-10 TSX
20111005 20121229 -2.5848e-05 3.6853e-10 TSX
20111121 20171221 -1.8486e-05 2.7481e-10 TSX
20111221 20130131 -5.1939e-06 3.852e-10 TSX
20111224 20121027 -2.5048e-05 4.2299e-10 TSX
20120126 20140419 -1.9313e-05 2.9569e-10 TSX
20120203 20160320 -3.6759e-06 2.4231e-10 TSX
20120206 20171107 1.8434e-06 2.7567e-10 TSX
20120617 20171129 -2.2429e-05 2.9901e-10 TSX
20120723 20160120 1.5391e-05 2.5735e-10 TSX
20121024 20130109 -4.0598e-05 7.1031e-10 TSX
20121027 20151226 -5.1951e-06 2.7555e-10 TSX
20121030 20130311 -9.4928e-06 5.877e-10 TSX
20121107 20171118 -1.2239e-05 2.8584e-10 TSX
20121221 20160208 -1.072e-05 2.7621e-10 TSX
20121224 20130516 4.5222e-05 5.7109e-10 TSX
20121229 20130407 8.4065e-05 6.6351e-10 TSX
20130104 20130217 7.256e-05 7.8077e-10 TSX
20130109 20130715 9.3233e-05 5.3185e-10 TSX
20130112 20140511 1.3709e-05 3.5852e-10 TSX
20130115 20130721 -1.1577e-05 5.1553e-10 TSX
20130126 20130823 -0.00018919 4.9272e-10 TSX
20130131 20130429 2.9282e-05 6.8608e-10 TSX
20130203 20130729 3.4273e-05 5.2973e-10 TSX
20130211 20130919 4.5727e-05 4.9845e-10 TSX
20130228 20141209 2.5681e-05 3.1127e-10 TSX
20130311 20130801 -5.1183e-05 5.7105e-10 TSX
20130316 20130623 -2.507e-06 6.6352e-10 TSX
20130402 20150122 -7.9328e-06 2.913e-10 TSX
20130407 20140530 -1.3175e-05 3.8055e-10 TSX
20130421 20171016 -1.7964e-05 2.8497e-10 TSX
20130424 20130721 -0.00012354 6.696e-10 TSX
20130429 20130623 -0.00016626 7.6357e-10 TSX
20130505 20131028 -0.00051768 5.2735e-10 TSX
20130513 20151112 -2.087e-06 2.8237e-10 TSX
20130516 20131017 -0.00024684 5.5543e-10 TSX
20130521 20130715 0.00017052 7.636e-10 TSX
20130524 20171129 -1.8192e-06 2.932e-10 TSX
20130527 20140627 -3.4357e-05 3.84e-10 TSX
20130601 20130930 8.2205e-05 6.2308e-10 TSX
20130604 20141217 -1.3745e-05 3.4398e-10 TSX
20130607 20140719 -5.3179e-06 3.809e-10 TSX
20130612 20150105 1.7485e-05 3.367e-10 TSX
20130615 20160106 -5.5013e-06 2.8153e-10 TSX
20130618 20140708 -1.8274e-05 3.8848e-10 TSX
20130623 20130715 0.00067236 8.6969e-10 TSX
20130629 20130914 0.0001617 6.9459e-10 TSX
20130707 20150130 -2.7273e-05 3.4348e-10 TSX
20130710 20140901 1.7705e-05 3.7718e-10 TSX
20130715 20130726 -0.0023432 1.0179e-09 TSX
20130721 20131108 0.00071525 6.2523e-10 TSX
20130726 20150517 -3.0817e-05 3.2022e-10 TSX
20130729 20160904 -1.7047e-05 2.7306e-10 TSX
20130801 20151115 2.4181e-05 2.8527e-10 TSX
20130817 20140209 -3.1639e-05 5.4462e-10 TSX
20130828 20150312 -2.0484e-05 3.3897e-10 TSX
20130903 20150329 -0.00011542 3.1144e-10 TSX
20130919 20160309 1.0275e-05 2.7361e-10 TSX
20130925 20140708 -1.8435e-05 4.321e-10 TSX
20130930 20160411 -1.9265e-05 2.7191e-10 TSX
20131011 20150802 1.9527e-05 3.184e-10 TSX
20131017 20140719 -4.66e-05 4.3957e-10 TSX
20131028 20160304 -9.6459e-05 3.0035e-10 TSX
20131102 20140519 1.7677e-05 5.2012e-10 TSX
20131108 20140708 8.2763e-06 4.6388e-10 TSX
20140209 20160309 -2.398e-05 3.0324e-10 TSX
20140223 20140829 9.5247e-06 5.1708e-10 TSX
20140408 20140705 -1.2777e-05 6.7552e-10 TSX
20140419 20170913 2.5913e-06 2.8749e-10 TSX
20140511 20141228 -1.3706e-06 4.7446e-10 TSX
20140519 20150824 3.3092e-05 3.6403e-10 TSX
20140624 20171005 -1.4379e-05 2.9838e-10 TSX
20140627 20151115 1.5106e-05 3.3976e-10 TSX
20140705 20180911 -6.0173e-06 2.9552e-10 TSX
20140708 20160406 5.1478e-05 3.1104e-10 TSX
20140716 20171005 4.6361e-06 2.9674e-10 TSX
20140719 20151207 1.3087e-05 3.3927e-10 TSX
20140727 20150326 -3.3417e-05 4.6564e-10 TSX
20140810 20150122 -4.4863e-05 5.412e-10 TSX
20140818 20160301 -2.1932e-05 3.2916e-10 TSX
20140829 20160208 -1.1454e-05 3.3607e-10 TSX
20140901 20140912 -0.00028195 9.7356e-10 TSX
20140912 20141209 1.8847e-05 6.6959e-10 TSX
20140920 20170902 -3.5008e-06 2.9043e-10 TSX
20141209 20160211 -3.6505e-05 3.6363e-10 TSX
20141217 20160722 -1.7853e-06 3.2004e-10 TSX
20141228 20160106 -1.1076e-06 3.8462e-10 TSX
20141231 20151024 -9.4775e-06 4.2558e-10 TSX
20150105 20150824 -1.3741e-05 4.8843e-10 TSX
20150108 20170811 -1.1696e-05 2.9439e-10 TSX
20150119 20160117 1.5332e-05 3.8993e-10 TSX
20150127 20160411 1.4767e-05 3.7057e-10 TSX
20150130 20151112 2.7064e-05 4.3101e-10 TSX
20150210 20170114 -2.9156e-05 3.1618e-10 TSX
20150213 20160326 6.7747e-05 3.7526e-10 TSX
20150218 20160216 -1.0377e-05 4.0313e-10 TSX
20150221 20180112 5.2288e-06 3.0211e-10 TSX
20150304 20180911 -8.4383e-06 2.9908e-10 TSX
20150307 20160211 1.8261e-05 4.0104e-10 TSX
20150312 20160320 3.8352e-05 3.9796e-10 TSX
20150326 20150827 2.791e-05 5.5732e-10 TSX
20150329 20151207 -3.332e-06 4.5567e-10 TSX
20150428 20160425 -6.0473e-06 3.9009e-10 TSX
20150509 20150827 1.3001e-05 6.2995e-10 TSX
20150517 20150824 -5.3994e-05 6.6352e-10 TSX
20150520 20180911 3.7221e-06 3.0007e-10 TSX
20150714 20170822 -1.8419e-05 3.0252e-10 TSX
20150725 20170924 5.6964e-06 2.9939e-10 TSX
20150802 20160309 -3.8598e-05 4.9844e-10 TSX
20150805 20160403 -5.2356e-05 4.6518e-10 TSX
20150816 20171107 -2.1806e-05 2.9353e-10 TSX
20150824 20150915 0.00066045 8.6958e-10 TSX
20150827 20170902 -1.9123e-05 3.0452e-10 TSX
20150915 20160216 -0.00014088 5.7266e-10 TSX
20151021 20160904 -8.0453e-06 4.1568e-10 TSX
20151101 20171016 -1.3665e-05 3.0754e-10 TSX
20151112 20160425 -3.962e-05 5.4344e-10 TSX
20151115 20151229 0.00015048 7.8077e-10 TSX
20151123 20171221 -2.6513e-05 2.9949e-10 TSX
20151204 20151215 0.0001378 9.87e-10 TSX
20151207 20160406 -0.00020423 6.0572e-10 TSX
20151215 20170822 -5.7809e-06 3.1603e-10 TSX
20151226 20161223 -2.0018e-05 3.9749e-10 TSX
20151229 20160211 5.44e-05 7.8077e-10 TSX
20160106 20161223 1.0204e-06 4.0178e-10 TSX
20160117 20160926 -3.8696e-06 4.568e-10 TSX
20160128 20160301 -0.00016374 8.1979e-10 TSX
20160208 20160312 -7.5944e-05 8.1979e-10 TSX
20160216 20160309 -0.00040332 8.6958e-10 TSX
20160219 20180319 -3.5963e-05 3.0211e-10 TSX
20160301 20161201 1.6312e-05 4.4221e-10 TSX
20160304 20160326 -9.8632e-06 8.552e-10 TSX
20160312 20180319 -2.7411e-05 3.0557e-10 TSX
20160320 20160411 0.00035647 8.6958e-10 TSX
20160323 20171118 -2.0394e-05 3.2253e-10 TSX
20160326 20160406 -0.00047367 9.7351e-10 TSX
20160403 20171027 -2.4209e-05 3.2629e-10 TSX
20160425 20170811 -2.6168e-05 3.4966e-10 TSX
20160528 20160630 -3.9871e-06 8.1979e-10 TSX
20160630 20171118 -2.8843e-05 3.4224e-10 TSX
20160722 20161201 3.4403e-06 5.9161e-10 TSX
20160904 20180707 5.1799e-06 3.2986e-10 TSX
20160915 20180911 -9.4969e-06 3.07e-10 TSX
20160926 20170114 1.207e-05 6.3049e-10 TSX
20161201 20171027 -2.7429e-05 4.1033e-10 TSX
20161223 20171107 -2.3832e-05 4.1211e-10 TSX
20170114 20170902 1.8779e-05 4.7301e-10 TSX
20170811 20171005 -1.6058e-05 7.5688e-10 TSX
20170822 20180707 6.1308e-05 4.1745e-10 TSX
20170913 20180707 4.1784e-05 4.2845e-10 TSX
20170924 20180319 2.7017e-05 5.2983e-10 TSX
20171005 20171107 2.337e-05 8.1979e-10 TSX
20171016 20180319 2.6961e-05 5.5833e-10 TSX
20171027 20180911 3.2042e-05 4.1739e-10 TSX
20171107 20171118 7.2467e-05 9.87e-10 TSX
20171118 20171129 5.6576e-05 9.87e-10 TSX
20171129 20171221 -6.6826e-06 8.6179e-10 TSX
20171210 20180820 2.9819e-05 4.5737e-10 TSX
20171221 20180911 -3.5454e-05 4.4979e-10 TSX
20180112 20181003 2.9342e-05 4.4935e-10 TSX
20180319 20180707 8.6255e-06 6.3059e-10 TSX
20180707 20180911 0.0001783 7.2812e-10 TSX
20180729 20181003 -7.894e-06 7.2812e-10 TSX
20180820 20181003 0.00012808 7.8721e-10 TSX
20180911 20181003 -0.00020925 8.6179e-10 TSX
