20030427 20030914 0.00021066 5.6562e-10 ERS2
20030914 20080629 -0.00011041 3.0262e-10 ERS2
20050918 20090510 3.9719e-05 3.0953e-10 ERS2
20051127 20081116 -3.6886e-05 3.1337e-10 ERS2
20060903 20090510 -0.00033377 3.1742e-10 ERS2
20061231 20090105 4.9967e-05 3.1747e-10 ALOS
20070402 20070703 0.00017816 6.6626e-10 ALOS
20070518 20091008 0.00022207 3.1132e-10 ALOS
20070818 20071003 -0.00011671 7.751e-10 ALOS
20071217 20100509 1.193e-05 3.1805e-10 ALOS
20080103 20100526 0.00018736 3.1687e-10 ALOS
20080404 20080520 0.00010323 7.7509e-10 ALOS
20080618 20090921 -9.6362e-07 3.7238e-10 ALOS
20080629 20090510 -1.2649e-05 4.1737e-10 ERS2
20080705 20091008 -7.3581e-05 3.653e-10 ALOS
20080803 20090823 1.0845e-05 3.8316e-10 ERS2
20081116 20090823 1.7935e-05 4.3212e-10 ERS2
20081219 20090921 -0.00025967 4.4746e-10 ALOS
20090105 20090708 5.782e-05 5.3106e-10 ALOS
20090510 20091101 -0.00042592 5.2105e-10 ERS2
20090708 20091008 0.00025742 6.6646e-10 ALOS
20090823 20091101 -0.00045448 6.985e-10 ERS2
20091222 20100624 -0.00014336 5.2881e-10 ALOS
20100108 20100223 -1.265e-05 7.7536e-10 ALOS
20100223 20100526 -0.00025446 6.672e-10 ALOS
20100410 20100711 -4.989e-05 6.6635e-10 ALOS
20100509 20100624 0.00057934 7.7313e-10 ALOS
20100526 20100711 0.00053187 7.7511e-10 ALOS
20100624 20101109 0.0001719 5.8398e-10 ALOS
20100711 20101011 -3.8323e-05 6.6628e-10 ALOS
20100809 20101109 2.9325e-05 6.6356e-10 ALOS
20101011 20101126 0.00014213 7.7511e-10 ALOS
20110111 20110226 0.00048421 7.751e-10 ALOS
20110924 20130715 9.7281e-05 3.2792e-10 TSX
20111005 20121229 -3.4164e-05 3.749e-10 TSX
20111121 20171221 4.7204e-05 3.1276e-10 TSX
20111221 20130131 6.8025e-05 3.8566e-10 TSX
20111224 20121027 0.00011343 4.1936e-10 TSX
20120126 20140419 5.1383e-05 3.1427e-10 TSX
20120203 20160320 -2.9113e-05 2.9023e-10 TSX
20120206 20171107 7.9353e-05 3.0602e-10 TSX
20120617 20171129 9.5384e-05 3.2824e-10 TSX
20120723 20160120 1.4607e-05 3.0611e-10 TSX
20121024 20130109 -8.8457e-06 7.0162e-10 TSX
20121027 20151226 0.00016406 3.0377e-10 TSX
20121030 20130311 2.4461e-05 5.8466e-10 TSX
20121107 20171118 8.2309e-05 2.8494e-10 TSX
20121221 20160208 0.00013239 2.9445e-10 TSX
20121224 20130516 -2.3976e-05 5.6849e-10 TSX
20121229 20130407 5.2192e-05 6.5609e-10 TSX
20130104 20130217 3.7487e-05 7.7309e-10 TSX
20130109 20130715 0.00018411 5.3793e-10 TSX
20130112 20140511 5.2207e-05 3.594e-10 TSX
20130115 20130721 -0.00021066 5.1587e-10 TSX
20130126 20130823 -3.0727e-05 5.1271e-10 TSX
20130131 20130429 -0.00014147 6.7798e-10 TSX
20130203 20130729 0.00014092 5.2329e-10 TSX
20130211 20130919 -9.4148e-06 4.9665e-10 TSX
20130228 20141209 3.5013e-05 3.3758e-10 TSX
20130311 20130801 -6.9678e-06 5.6963e-10 TSX
20130316 20130623 -3.1425e-05 6.561e-10 TSX
20130402 20150122 4.5897e-05 3.9898e-10 TSX
20130407 20140530 -2.0486e-05 3.8095e-10 TSX
20130421 20171016 0.00011665 3.0446e-10 TSX
20130424 20130721 -0.00030456 6.6459e-10 TSX
20130429 20130623 -7.7986e-06 7.5412e-10 TSX
20130505 20131028 -0.00042052 5.5012e-10 TSX
20130513 20151112 0.0001132 3.2412e-10 TSX
20130516 20131017 9.7446e-05 5.7852e-10 TSX
20130521 20130715 0.00024235 7.5416e-10 TSX
20130524 20171129 0.00018038 3.1593e-10 TSX
20130527 20140627 -9.9544e-06 3.8682e-10 TSX
20130601 20130930 0.00014736 6.1702e-10 TSX
20130604 20141217 0.00011767 3.447e-10 TSX
20130607 20140719 5.3859e-05 3.8338e-10 TSX
20130612 20150105 3.6143e-05 3.4155e-10 TSX
20130615 20160106 0.00015493 3.2086e-10 TSX
20130618 20140708 1.7349e-05 3.886e-10 TSX
20130623 20130715 0.00067486 8.6137e-10 TSX
20130629 20130914 0.00013392 6.9089e-10 TSX
20130707 20150130 8.4132e-05 3.4217e-10 TSX
20130710 20140901 -5.7337e-06 3.7687e-10 TSX
20130715 20130726 -0.0024381 1.0103e-09 TSX
20130721 20131108 0.00072238 6.2893e-10 TSX
20130726 20150517 7.4359e-05 3.3082e-10 TSX
20130729 20160904 6.7842e-05 3.1222e-10 TSX
20130801 20151115 -4.386e-05 3.4564e-10 TSX
20130817 20140209 -8.5387e-06 5.41e-10 TSX
20130828 20150312 8.5549e-05 3.4347e-10 TSX
20130903 20150329 -0.00016799 3.6551e-10 TSX
20130919 20160309 2.3035e-05 3.0956e-10 TSX
20130925 20140708 6.486e-05 4.3871e-10 TSX
20130930 20160411 -7.0874e-05 3.227e-10 TSX
20131011 20150802 -1.15e-05 3.3734e-10 TSX
20131017 20140719 4.8433e-06 4.4237e-10 TSX
20131028 20160304 5.3758e-05 4.6869e-10 TSX
20131102 20140519 -0.00019261 5.1711e-10 TSX
20131108 20140708 9.3554e-05 4.7217e-10 TSX
20140209 20160309 -0.00012519 3.5886e-10 TSX
20140223 20140829 5.4257e-05 5.1112e-10 TSX
20140408 20140705 -1.6967e-07 6.6125e-10 TSX
20140419 20170913 2.4303e-06 3.7327e-10 TSX
20140511 20141228 0.0001593 4.7009e-10 TSX
20140519 20150824 0.00010831 3.7602e-10 TSX
20140624 20171005 8.3126e-05 3.4397e-10 TSX
20140627 20151115 6.3337e-05 3.5199e-10 TSX
20140705 20180911 0.00010397 3.1645e-10 TSX
20140708 20160406 8.5767e-05 3.4646e-10 TSX
20140716 20171005 0.00014148 3.6369e-10 TSX
20140719 20151207 1.2181e-05 3.7676e-10 TSX
20140727 20150326 6.0026e-05 4.6161e-10 TSX
20140810 20150122 6.5054e-05 5.3924e-10 TSX
20140818 20160301 0.00012004 3.4671e-10 TSX
20140829 20160208 0.00017611 3.4507e-10 TSX
20140901 20140912 -0.00030967 9.6719e-10 TSX
20140912 20141209 6.7285e-05 6.6402e-10 TSX
20140920 20170902 0.00013155 3.4615e-10 TSX
20141209 20160211 5.2121e-05 3.8929e-10 TSX
20141217 20160722 0.0001169 3.4166e-10 TSX
20141228 20160106 0.00010726 3.903e-10 TSX
20141231 20151024 2.7935e-05 4.4597e-10 TSX
20150105 20150824 -2.691e-06 4.8835e-10 TSX
20150108 20170811 9.2485e-05 3.2066e-10 TSX
20150119 20160117 0.00012502 3.9819e-10 TSX
20150127 20160411 3.2386e-05 3.8374e-10 TSX
20150130 20151112 0.00018065 4.3551e-10 TSX
20150210 20170114 0.00017218 3.2157e-10 TSX
20150213 20160326 0.00057615 4.0684e-10 TSX
20150218 20160216 4.1195e-05 4.1362e-10 TSX
20150221 20180112 0.00011027 3.086e-10 TSX
20150304 20180911 6.9011e-06 3.4633e-10 TSX
20150307 20160211 6.0473e-05 4.1242e-10 TSX
20150312 20160320 -3.1598e-05 4.0506e-10 TSX
20150326 20150827 0.00016776 5.523e-10 TSX
20150329 20151207 4.7491e-05 4.6016e-10 TSX
20150428 20160425 0.00015619 4.0144e-10 TSX
20150509 20150827 0.00013592 6.2022e-10 TSX
20150517 20150824 1.2143e-05 6.5933e-10 TSX
20150520 20180911 3.4518e-05 3.0836e-10 TSX
20150714 20170822 0.00014655 3.123e-10 TSX
20150725 20170924 0.00017637 3.0934e-10 TSX
20150802 20160309 9.5658e-05 4.9635e-10 TSX
20150805 20160403 0.00016103 4.6169e-10 TSX
20150816 20171107 0.00016996 3.1761e-10 TSX
20150824 20150915 0.00074185 8.6125e-10 TSX
20150827 20170902 0.00016288 3.3536e-10 TSX
20150915 20160216 -6.2246e-05 5.6821e-10 TSX
20151021 20160904 7.6242e-05 4.1764e-10 TSX
20151101 20171016 0.00017263 3.2757e-10 TSX
20151112 20160425 2.6777e-05 5.361e-10 TSX
20151115 20151229 0.00013775 7.7309e-10 TSX
20151123 20171221 0.00012577 3.0572e-10 TSX
20151204 20151215 0.00018403 9.7703e-10 TSX
20151207 20160406 -3.7149e-05 6.0212e-10 TSX
20151215 20170822 0.00014383 3.2923e-10 TSX
20151226 20161223 0.00017409 3.9404e-10 TSX
20151229 20160211 2.5876e-05 7.7309e-10 TSX
20160106 20161223 0.00019778 3.9862e-10 TSX
20160117 20160926 0.00015818 4.5586e-10 TSX
20160128 20160301 -0.00023673 8.0602e-10 TSX
20160208 20160312 -4.6534e-05 8.0602e-10 TSX
20160216 20160309 -0.00042043 8.6124e-10 TSX
20160219 20180319 0.00013799 3.0618e-10 TSX
20160301 20161201 0.00022681 4.3914e-10 TSX
20160304 20160326 0.00011067 8.4822e-10 TSX
20160312 20180319 0.00012383 3.1269e-10 TSX
20160320 20160411 0.00039664 8.6125e-10 TSX
20160323 20171118 0.00015472 3.3927e-10 TSX
20160326 20160406 -0.00056045 9.6712e-10 TSX
20160403 20171027 0.00018035 3.3775e-10 TSX
20160425 20170811 0.00017512 3.5391e-10 TSX
20160528 20160630 6.6632e-05 8.0602e-10 TSX
20160630 20171118 0.00019167 3.5118e-10 TSX
20160722 20161201 0.00027875 5.8132e-10 TSX
20160904 20180707 0.00013414 3.3269e-10 TSX
20160915 20180911 0.00011944 3.1095e-10 TSX
20160926 20170114 0.00010272 6.181e-10 TSX
20161201 20171027 0.00011911 4.1162e-10 TSX
20161223 20171107 8.1536e-05 4.1099e-10 TSX
20170114 20170902 0.00010687 4.6945e-10 TSX
20170811 20171005 1.0241e-05 7.411e-10 TSX
20170822 20180707 -7.9375e-06 4.1397e-10 TSX
20170913 20180707 -7.0776e-05 4.2574e-10 TSX
20170924 20180319 -6.3958e-05 5.2315e-10 TSX
20171005 20171107 4.0355e-05 8.0602e-10 TSX
20171016 20180319 -6.6325e-05 5.5007e-10 TSX
20171027 20180911 2.2889e-05 4.1397e-10 TSX
20171107 20171118 8.3268e-05 9.7703e-10 TSX
20171118 20171129 4.862e-05 9.7703e-10 TSX
20171129 20171221 -1.942e-06 8.4998e-10 TSX
20171210 20180820 -1.7099e-05 4.5319e-10 TSX
20171221 20180911 5.8853e-05 4.4562e-10 TSX
20180112 20181003 1.5891e-05 4.4574e-10 TSX
20180319 20180707 -5.3735e-05 6.1797e-10 TSX
20180707 20180911 0.00037546 7.1237e-10 TSX
20180729 20181003 0.0001891 7.1237e-10 TSX
20180820 20181003 0.00027435 7.7203e-10 TSX
20180911 20181003 -0.00015094 8.4998e-10 TSX
