20030427 20030914 -0.0007698 5.7222e-10 ERS2
20030914 20080629 -3.1888e-05 2.6895e-10 ERS2
20050918 20090510 -1.3185e-05 3.0194e-10 ERS2
20051127 20081116 -7.2323e-05 3.0918e-10 ERS2
20060903 20090510 9.1239e-05 3.1895e-10 ERS2
20061231 20090105 4.9487e-05 3.1306e-10 ALOS
20070402 20070703 -0.00010168 6.6638e-10 ALOS
20070518 20091008 -5.4607e-06 2.9763e-10 ALOS
20070818 20071003 -0.00048486 7.7562e-10 ALOS
20071217 20100509 -2.504e-05 3.0206e-10 ALOS
20080103 20100526 2.5554e-05 2.9645e-10 ALOS
20080404 20080520 1.2512e-05 7.7563e-10 ALOS
20080618 20090921 4.0252e-05 3.7309e-10 ALOS
20080629 20090510 -0.00010971 4.1183e-10 ERS2
20080705 20091008 -9.5061e-05 3.6538e-10 ALOS
20080803 20090823 6.5507e-06 3.8317e-10 ERS2
20081116 20090823 2.6643e-06 4.3213e-10 ERS2
20081219 20090921 -0.0002362 4.4613e-10 ALOS
20090105 20090708 -0.00010081 5.2811e-10 ALOS
20090510 20091101 5.1452e-05 5.2085e-10 ERS2
20090708 20091008 -0.00017909 6.6638e-10 ALOS
20090823 20091101 0.0003122 6.9889e-10 ERS2
20091222 20100624 -9.1556e-05 5.2526e-10 ALOS
20100108 20100223 -0.00032749 7.7565e-10 ALOS
20100223 20100526 -1.1675e-05 6.6638e-10 ALOS
20100410 20100711 -6.9826e-05 6.6638e-10 ALOS
20100509 20100624 0.00072683 7.7358e-10 ALOS
20100526 20100711 0.00031825 7.7563e-10 ALOS
20100624 20101109 -0.00016187 5.8403e-10 ALOS
20100711 20101011 -0.00046523 6.664e-10 ALOS
20100809 20101109 1.2076e-05 6.6367e-10 ALOS
20101011 20101126 0.00023669 7.7563e-10 ALOS
20110111 20110226 0.00040146 7.7562e-10 ALOS
20110924 20130715 3.564e-05 3.23e-10 TSX
20111005 20121229 -1.2279e-05 3.6872e-10 TSX
20111121 20171221 -6.459e-06 2.4014e-10 TSX
20111221 20130131 8.4056e-06 3.8518e-10 TSX
20111224 20121027 -1.732e-05 4.1953e-10 TSX
20120126 20140419 -5.717e-06 2.9082e-10 TSX
20120203 20160320 -3.7881e-06 2.465e-10 TSX
20120206 20171107 -5.7449e-06 2.3948e-10 TSX
20120617 20171129 -3.931e-06 2.5066e-10 TSX
20120723 20160120 2.0205e-05 2.6026e-10 TSX
20121024 20130109 0.00018418 7.0182e-10 TSX
20121027 20151226 7.0526e-06 2.6321e-10 TSX
20121030 20130311 3.6717e-05 5.8469e-10 TSX
20121107 20171118 -8.1042e-06 2.4158e-10 TSX
20121221 20160208 -8.0772e-06 2.6386e-10 TSX
20121224 20130516 -0.00011517 5.6851e-10 TSX
20121229 20130407 7.5564e-05 6.5623e-10 TSX
20130104 20130217 -1.9907e-05 7.7339e-10 TSX
20130109 20130715 3.0478e-05 5.2851e-10 TSX
20130112 20140511 -3.5734e-06 3.5448e-10 TSX
20130115 20130721 -0.0001216 5.1396e-10 TSX
20130126 20130823 -0.00016006 4.9126e-10 TSX
20130131 20130429 -1.0402e-06 6.7816e-10 TSX
20130203 20130729 -2.8608e-05 5.2322e-10 TSX
20130211 20130919 -7.8697e-06 4.9595e-10 TSX
20130228 20141209 2.9884e-05 3.1303e-10 TSX
20130311 20130801 -2.99e-05 5.6847e-10 TSX
20130316 20130623 2.0874e-05 6.5623e-10 TSX
20130402 20150122 3.6366e-05 2.9274e-10 TSX
20130407 20140530 -2.2989e-05 3.8071e-10 TSX
20130421 20171016 2.1527e-06 2.615e-10 TSX
20130424 20130721 -0.00021647 6.6408e-10 TSX
20130429 20130623 -7.3694e-05 7.5454e-10 TSX
20130505 20131028 -0.00045968 5.2783e-10 TSX
20130513 20151112 -3.7279e-06 2.7687e-10 TSX
20130516 20131017 -0.00019464 5.5386e-10 TSX
20130521 20130715 0.00015847 7.5456e-10 TSX
20130524 20171129 -3.1886e-07 2.503e-10 TSX
20130527 20140627 -7.3533e-06 3.8326e-10 TSX
20130601 20130930 2.0851e-05 6.1707e-10 TSX
20130604 20141217 7.4922e-06 3.3878e-10 TSX
20130607 20140719 -1.9679e-05 3.7968e-10 TSX
20130612 20150105 3.3063e-05 3.3839e-10 TSX
20130615 20160106 6.1178e-06 2.7566e-10 TSX
20130618 20140708 -4.3429e-05 3.8779e-10 TSX
20130623 20130715 0.00052935 8.6266e-10 TSX
20130629 20130914 8.8884e-05 6.8835e-10 TSX
20130707 20150130 6.9137e-06 3.383e-10 TSX
20130710 20140901 7.1734e-07 3.761e-10 TSX
20130715 20130726 -0.0023873 1.0119e-09 TSX
20130721 20131108 0.00061674 6.2115e-10 TSX
20130726 20150517 0.00010694 3.215e-10 TSX
20130729 20160904 -1.8533e-07 2.6676e-10 TSX
20130801 20151115 2.0753e-05 2.8796e-10 TSX
20130817 20140209 9.7614e-05 5.4101e-10 TSX
20130828 20150312 4.3283e-05 3.4064e-10 TSX
20130903 20150329 -0.00010139 3.1163e-10 TSX
20130919 20160309 4.2831e-05 2.739e-10 TSX
20130925 20140708 -3.5957e-05 4.3133e-10 TSX
20130930 20160411 2.2083e-05 2.7203e-10 TSX
20131011 20150802 2.5678e-06 3.2008e-10 TSX
20131017 20140719 -4.2661e-05 4.3878e-10 TSX
20131028 20160304 1.0494e-05 2.7894e-10 TSX
20131102 20140519 -4.6775e-05 5.1715e-10 TSX
20131108 20140708 -5.5452e-05 4.628e-10 TSX
20140209 20160309 5.9012e-06 3.0535e-10 TSX
20140223 20140829 -1.8011e-06 5.1116e-10 TSX
20140408 20140705 8.7474e-06 6.6153e-10 TSX
20140419 20170913 -8.0679e-06 2.5869e-10 TSX
20140511 20141228 5.2615e-06 4.7023e-10 TSX
20140519 20150824 5.2352e-05 3.6433e-10 TSX
20140624 20171005 -4.8462e-06 2.5993e-10 TSX
20140627 20151115 -1.3083e-06 3.3975e-10 TSX
20140705 20180911 -5.9165e-06 2.5061e-10 TSX
20140708 20160406 6.5675e-05 3.116e-10 TSX
20140716 20171005 2.6359e-06 2.5932e-10 TSX
20140719 20151207 2.2832e-05 3.3997e-10 TSX
20140727 20150326 -5.8159e-06 4.6162e-10 TSX
20140810 20150122 2.6733e-05 5.392e-10 TSX
20140818 20160301 1.8355e-06 3.2503e-10 TSX
20140829 20160208 4.4056e-08 3.3146e-10 TSX
20140901 20140912 -0.00029501 9.6841e-10 TSX
20140912 20141209 8.9041e-05 6.6408e-10 TSX
20140920 20170902 1.2223e-05 2.6361e-10 TSX
20141209 20160211 -3.1041e-05 3.6364e-10 TSX
20141217 20160722 -1.1963e-05 3.1874e-10 TSX
20141228 20160106 8.6388e-06 3.8207e-10 TSX
20141231 20151024 -5.4561e-06 4.2502e-10 TSX
20150105 20150824 4.4555e-05 4.8612e-10 TSX
20150108 20170811 -1.644e-05 2.7085e-10 TSX
20150119 20160117 2.1402e-05 3.8705e-10 TSX
20150127 20160411 3.8202e-05 3.7089e-10 TSX
20150130 20151112 7.2256e-06 4.2846e-10 TSX
20150210 20170114 -1.492e-05 2.9663e-10 TSX
20150213 20160326 -3.3959e-05 3.695e-10 TSX
20150218 20160216 4.744e-06 4.0279e-10 TSX
20150221 20180112 -3.4363e-05 2.635e-10 TSX
20150304 20180911 -1.0903e-05 2.56e-10 TSX
20150307 20160211 1.0405e-05 4.0065e-10 TSX
20150312 20160320 -2.9933e-05 3.9772e-10 TSX
20150326 20150827 -2.4046e-05 5.4989e-10 TSX
20150329 20151207 -3.9815e-06 4.548e-10 TSX
20150428 20160425 1.5703e-05 3.8713e-10 TSX
20150509 20150827 -3.8101e-05 6.1809e-10 TSX
20150517 20150824 -0.00013321 6.5623e-10 TSX
20150520 20180911 -3.5234e-06 2.5774e-10 TSX
20150714 20170822 -2.8851e-05 2.9064e-10 TSX
20150725 20170924 -1.9814e-05 2.9026e-10 TSX
20150802 20160309 1.325e-05 4.9596e-10 TSX
20150805 20160403 2.0736e-05 4.6126e-10 TSX
20150816 20171107 -1.1697e-05 2.8802e-10 TSX
20150824 20150915 0.0006123 8.6256e-10 TSX
20150827 20170902 -1.1633e-05 2.9586e-10 TSX
20150915 20160216 -7.8986e-05 5.6824e-10 TSX
20151021 20160904 2.7381e-06 4.1246e-10 TSX
20151101 20171016 3.9981e-06 2.995e-10 TSX
20151112 20160425 1.0359e-05 5.3619e-10 TSX
20151115 20151229 0.00014793 7.7339e-10 TSX
20151123 20171221 4.9591e-06 2.9367e-10 TSX
20151204 20151215 0.00012902 9.7963e-10 TSX
20151207 20160406 -4.3223e-06 6.0218e-10 TSX
20151215 20170822 -6.1479e-06 3.1237e-10 TSX
20151226 20161223 -4.3051e-05 3.9352e-10 TSX
20151229 20160211 6.3029e-06 7.7339e-10 TSX
20160106 20161223 -3.5826e-05 3.9813e-10 TSX
20160117 20160926 -4.4435e-05 4.531e-10 TSX
20160128 20160301 -0.00017924 8.0751e-10 TSX
20160208 20160312 -0.00010508 8.0751e-10 TSX
20160216 20160309 -0.00038379 8.6256e-10 TSX
20160219 20180319 -1.0467e-05 2.9539e-10 TSX
20160301 20161201 1.426e-05 4.387e-10 TSX
20160304 20160326 8.4512e-05 8.4909e-10 TSX
20160312 20180319 -7.7438e-06 2.9734e-10 TSX
20160320 20160411 0.00042627 8.6257e-10 TSX
20160323 20171118 -1.6341e-05 3.1729e-10 TSX
20160326 20160406 -0.00059886 9.6834e-10 TSX
20160403 20171027 -7.3747e-06 3.2203e-10 TSX
20160425 20170811 -2.1412e-05 3.4707e-10 TSX
20160528 20160630 -6.7439e-06 8.0751e-10 TSX
20160630 20171118 -3.4018e-06 3.3952e-10 TSX
20160722 20161201 3.2935e-05 5.8146e-10 TSX
20160904 20180707 4.9422e-06 3.2244e-10 TSX
20160915 20180911 -1.4819e-06 2.9987e-10 TSX
20160926 20170114 5.31e-05 6.1815e-10 TSX
20161201 20171027 -1.7289e-05 4.0695e-10 TSX
20161223 20171107 2.8222e-05 4.0907e-10 TSX
20170114 20170902 -3.3814e-06 4.6868e-10 TSX
20170811 20171005 -4.0496e-05 7.4178e-10 TSX
20170822 20180707 4.3688e-05 4.1386e-10 TSX
20170913 20180707 2.3151e-05 4.2512e-10 TSX
20170924 20180319 5.4807e-05 5.233e-10 TSX
20171005 20171107 1.5667e-05 8.0751e-10 TSX
20171016 20180319 2.4829e-05 5.5019e-10 TSX
20171027 20180911 2.1127e-05 4.1388e-10 TSX
20171107 20171118 6.5381e-05 9.7963e-10 TSX
20171118 20171129 4.7331e-05 9.7963e-10 TSX
20171129 20171221 -2.0783e-05 8.5205e-10 TSX
20171210 20180820 4.8614e-05 4.5358e-10 TSX
20171221 20180911 5.9402e-05 4.4571e-10 TSX
20180112 20181003 2.5705e-05 4.457e-10 TSX
20180319 20180707 -1.3916e-05 6.1816e-10 TSX
20180707 20180911 5.278e-05 7.1286e-10 TSX
20180729 20181003 -6.1488e-05 7.1286e-10 TSX
20180820 20181003 8.5301e-05 7.7304e-10 TSX
20180911 20181003 -0.00010907 8.5205e-10 TSX
