20030427 20030914 0.00031689 5.9298e-10 ERS2
20030914 20080629 0.000146 2.9337e-10 ERS2
20050918 20090510 -2.1476e-05 3.0111e-10 ERS2
20051127 20081116 0.00016927 3.0486e-10 ERS2
20060903 20090510 -7.0009e-05 3.0861e-10 ERS2
20061231 20090105 -8.4239e-05 3.1626e-10 ALOS
20070402 20070703 -0.00019627 6.9502e-10 ALOS
20070518 20091008 -5.055e-05 3.2052e-10 ALOS
20070818 20071003 -0.00041058 7.9694e-10 ALOS
20071217 20100509 -0.00012825 3.0364e-10 ALOS
20080103 20100526 3.1519e-05 3.0757e-10 ALOS
20080404 20080520 2.4209e-05 7.9755e-10 ALOS
20080618 20090921 -0.00018411 3.7445e-10 ALOS
20080629 20090510 -0.00043262 4.2333e-10 ERS2
20080705 20091008 -7.4895e-05 3.6774e-10 ALOS
20080803 20090823 -0.00011957 3.8954e-10 ERS2
20081116 20090823 7.4078e-05 4.4375e-10 ERS2
20081219 20090921 0.00022514 4.5691e-10 ALOS
20090105 20090708 0.00033566 5.509e-10 ALOS
20090510 20091101 0.0002746 5.4308e-10 ERS2
20090708 20091008 0.00039009 6.951e-10 ALOS
20090823 20091101 0.00037262 7.2748e-10 ERS2
20091222 20100624 0.00041307 5.5271e-10 ALOS
20100108 20100223 0.00058406 7.9795e-10 ALOS
20100223 20100526 0.00038017 6.9637e-10 ALOS
20100410 20100711 -0.00010863 6.9519e-10 ALOS
20100509 20100624 0.00062199 7.9493e-10 ALOS
20100526 20100711 0.00037006 7.9694e-10 ALOS
20100624 20101109 -7.167e-05 6.0908e-10 ALOS
20100711 20101011 3.4079e-05 6.949e-10 ALOS
20100809 20101109 -0.00011004 6.9207e-10 ALOS
20101011 20101126 0.00019778 7.9695e-10 ALOS
20110111 20110226 0.00070671 7.9693e-10 ALOS
20110924 20130715 5.6611e-05 3.249e-10 TSX
20111005 20121229 4.6641e-05 3.786e-10 TSX
20111121 20171221 -2.4088e-05 2.8701e-10 TSX
20111221 20130131 3.8255e-05 3.8949e-10 TSX
20111224 20121027 1.0305e-05 4.3043e-10 TSX
20120126 20140419 -5.13e-06 3.2258e-10 TSX
20120203 20160320 5.2557e-06 3.3523e-10 TSX
20120206 20171107 -6.4966e-06 2.7977e-10 TSX
20120617 20171129 -1.9694e-05 2.8604e-10 TSX
20120723 20160120 -5.9888e-05 3.6463e-10 TSX
20121024 20130109 0.0001096 7.3008e-10 TSX
20121027 20151226 -2.2662e-05 3.0385e-10 TSX
20121030 20130311 7.565e-05 6.0946e-10 TSX
20121107 20171118 -2.8612e-06 2.9967e-10 TSX
20121221 20160208 5.1576e-06 3.1566e-10 TSX
20121224 20130516 -1.9844e-05 5.92e-10 TSX
20121229 20130407 -3.3132e-05 6.8522e-10 TSX
20130104 20130217 4.5062e-05 7.943e-10 TSX
20130109 20130715 9.3408e-05 5.491e-10 TSX
20130112 20140511 3.6556e-06 3.5951e-10 TSX
20130115 20130721 -9.9788e-05 5.3217e-10 TSX
20130126 20130823 0.0002596 5.5916e-10 TSX
20130131 20130429 -2.0586e-05 7.071e-10 TSX
20130203 20130729 -9.0322e-05 5.4643e-10 TSX
20130211 20130919 -8.3157e-05 5.1233e-10 TSX
20130228 20141209 1.2485e-05 3.1968e-10 TSX
20130311 20130801 -4.3239e-05 5.9196e-10 TSX
20130316 20130623 1.7779e-05 6.8522e-10 TSX
20130402 20150122 1.3658e-05 3.8421e-10 TSX
20130407 20140530 1.1351e-05 3.8447e-10 TSX
20130421 20171016 -7.4304e-06 2.9057e-10 TSX
20130424 20130721 -0.00018256 6.92e-10 TSX
20130429 20130623 -7.237e-05 7.7868e-10 TSX
20130505 20131028 -0.00013116 5.9189e-10 TSX
20130513 20151112 8.7401e-06 3.1681e-10 TSX
20130516 20131017 0.00023321 5.9116e-10 TSX
20130521 20130715 0.0001315 7.7871e-10 TSX
20130524 20171129 1.2749e-05 2.8566e-10 TSX
20130527 20140627 4.2602e-05 3.873e-10 TSX
20130601 20130930 1.8276e-05 6.4484e-10 TSX
20130604 20141217 -5.893e-06 3.4634e-10 TSX
20130607 20140719 -6.5576e-06 3.8338e-10 TSX
20130612 20150105 -4.7572e-05 3.3933e-10 TSX
20130615 20160106 5.6004e-06 3.2204e-10 TSX
20130618 20140708 -3.3735e-05 3.9215e-10 TSX
20130623 20130715 0.00064514 8.7408e-10 TSX
20130629 20130914 0.00029271 7.2983e-10 TSX
20130707 20150130 -9.8968e-06 3.4467e-10 TSX
20130710 20140901 -5.1219e-05 3.7998e-10 TSX
20130715 20130726 -0.0024164 1.0196e-09 TSX
20130721 20131108 0.00034922 6.7888e-10 TSX
20130726 20150517 3.3435e-06 3.3402e-10 TSX
20130729 20160904 -4.5106e-06 2.9172e-10 TSX
20130801 20151115 -4.4334e-05 3.2423e-10 TSX
20130817 20140209 -6.4711e-05 5.6256e-10 TSX
20130828 20150312 1.8914e-05 3.419e-10 TSX
20130903 20150329 -9.2078e-05 3.5063e-10 TSX
20130919 20160309 3.1356e-05 3.0837e-10 TSX
20130925 20140708 -2.1174e-05 5.3191e-10 TSX
20130930 20160411 2.0048e-05 3.1054e-10 TSX
20131011 20150802 3.0172e-05 3.3008e-10 TSX
20131017 20140719 -8.7621e-06 4.9019e-10 TSX
20131028 20160304 0.00012395 3.9249e-10 TSX
20131102 20140519 4.6091e-05 5.36e-10 TSX
20131108 20140708 7.6395e-05 5.0436e-10 TSX
20140209 20160309 3.2671e-05 3.5745e-10 TSX
20140223 20140829 2.1556e-05 5.331e-10 TSX
20140408 20140705 -3.6884e-05 6.9265e-10 TSX
20140419 20170913 1.4526e-05 3.3257e-10 TSX
20140511 20141228 -2.4264e-07 4.8721e-10 TSX
20140519 20150824 -3.1223e-05 3.6868e-10 TSX
20140624 20171005 4.3851e-06 2.898e-10 TSX
20140627 20151115 -0.00010645 3.5013e-10 TSX
20140705 20180911 -2.0988e-05 2.9116e-10 TSX
20140708 20160406 4.5907e-05 3.3906e-10 TSX
20140716 20171005 2.0294e-05 2.8393e-10 TSX
20140719 20151207 -3.4391e-05 3.5078e-10 TSX
20140727 20150326 -3.318e-05 4.7761e-10 TSX
20140810 20150122 0.00022202 5.7875e-10 TSX
20140818 20160301 2.3312e-06 3.4455e-10 TSX
20140829 20160208 -2.1445e-07 3.6244e-10 TSX
20140901 20140912 -0.00028648 9.7598e-10 TSX
20140912 20141209 2.1842e-05 6.92e-10 TSX
20140920 20170902 1.8307e-05 3.1302e-10 TSX
20141209 20160211 -4.2121e-05 3.7193e-10 TSX
20141217 20160722 1.7866e-06 3.542e-10 TSX
20141228 20160106 -2.0759e-05 3.8923e-10 TSX
20141231 20151024 -2.8808e-05 4.3448e-10 TSX
20150105 20150824 -5.6177e-05 5.021e-10 TSX
20150108 20170811 3.4343e-05 3.217e-10 TSX
20150119 20160117 2.8971e-05 3.956e-10 TSX
20150127 20160411 2.0803e-06 3.8794e-10 TSX
20150130 20151112 -8.1555e-07 4.4283e-10 TSX
20150210 20170114 1.2964e-05 3.3369e-10 TSX
20150213 20160326 0.00015309 4.8246e-10 TSX
20150218 20160216 -1.7484e-05 4.0876e-10 TSX
20150221 20180112 5.202e-05 3.881e-10 TSX
20150304 20180911 -2.2917e-06 3.1766e-10 TSX
20150307 20160211 -2.489e-05 4.0912e-10 TSX
20150312 20160320 -8.0903e-05 4.0591e-10 TSX
20150326 20150827 5.1052e-05 5.7703e-10 TSX
20150329 20151207 -4.6949e-05 4.6655e-10 TSX
20150428 20160425 3.7135e-05 3.9829e-10 TSX
20150509 20150827 2.2362e-05 6.5218e-10 TSX
20150517 20150824 -0.00018078 6.8498e-10 TSX
20150520 20180911 4.4934e-06 2.9996e-10 TSX
20150714 20170822 1.5309e-05 3.3611e-10 TSX
20150725 20170924 1.049e-05 3.315e-10 TSX
20150802 20160309 -6.0597e-05 5.1701e-10 TSX
20150805 20160403 -3.021e-05 4.8243e-10 TSX
20150816 20171107 7.6314e-06 3.2751e-10 TSX
20150824 20150915 0.00062188 8.7397e-10 TSX
20150827 20170902 1.5721e-05 3.2541e-10 TSX
20150915 20160216 -1.4073e-05 5.9272e-10 TSX
20151021 20160904 -6.2353e-05 4.2904e-10 TSX
20151101 20171016 1.5651e-05 3.2101e-10 TSX
20151112 20160425 2.8259e-05 5.6381e-10 TSX
20151115 20151229 0.00018423 7.943e-10 TSX
20151123 20171221 1.0633e-05 3.2065e-10 TSX
20151204 20151215 0.00015796 9.8639e-10 TSX
20151207 20160406 -7.1569e-05 6.2813e-10 TSX
20151215 20170822 3.4776e-05 3.463e-10 TSX
20151226 20161223 2.7777e-05 4.0237e-10 TSX
20151229 20160211 1.6723e-05 7.943e-10 TSX
20160106 20161223 5.8627e-05 4.0815e-10 TSX
20160117 20160926 -1.5587e-05 4.7158e-10 TSX
20160128 20160301 -0.00015896 8.246e-10 TSX
20160208 20160312 -9.6111e-05 8.246e-10 TSX
20160216 20160309 -0.00035379 8.7397e-10 TSX
20160219 20180319 -1.524e-05 3.215e-10 TSX
20160301 20161201 6.3866e-05 4.5202e-10 TSX
20160304 20160326 4.8091e-05 8.6071e-10 TSX
20160312 20180319 -9.5072e-06 3.2004e-10 TSX
20160320 20160411 0.00037748 8.7398e-10 TSX
20160323 20171118 -4.6482e-06 3.3486e-10 TSX
20160326 20160406 -0.00050259 9.759e-10 TSX
20160403 20171027 3.106e-05 3.4083e-10 TSX
20160425 20170811 5.0998e-05 3.5598e-10 TSX
20160528 20160630 -6.9543e-05 8.246e-10 TSX
20160630 20171118 4.5929e-05 3.4406e-10 TSX
20160722 20161201 0.00012957 6.099e-10 TSX
20160904 20180707 2.8803e-05 3.3064e-10 TSX
20160915 20180911 -2.5298e-06 3.1407e-10 TSX
20160926 20170114 6.9846e-05 6.4863e-10 TSX
20161201 20171027 -6.2952e-06 4.1832e-10 TSX
20161223 20171107 -1.8731e-05 4.2299e-10 TSX
20170114 20170902 1.1046e-05 4.8906e-10 TSX
20170811 20171005 -8.7947e-05 7.6807e-10 TSX
20170822 20180707 -3.4769e-05 4.2411e-10 TSX
20170913 20180707 -6.2103e-05 4.4197e-10 TSX
20170924 20180319 -3.8009e-05 5.4655e-10 TSX
20171005 20171107 4.9995e-05 8.246e-10 TSX
20171016 20180319 -7.3495e-06 5.7614e-10 TSX
20171027 20180911 -2.5211e-05 4.241e-10 TSX
20171107 20171118 8.3545e-05 9.8639e-10 TSX
20171118 20171129 5.4079e-05 9.8639e-10 TSX
20171129 20171221 -3.0056e-05 8.6347e-10 TSX
20171210 20180820 -2.6338e-05 4.6855e-10 TSX
20171221 20180911 -5.416e-05 4.6009e-10 TSX
20180112 20181003 5.4606e-06 4.5993e-10 TSX
20180319 20180707 -7.2279e-05 6.4862e-10 TSX
20180707 20180911 0.00018029 7.4183e-10 TSX
20180729 20181003 -2.4139e-05 7.4183e-10 TSX
20180820 20181003 0.00010143 7.9532e-10 TSX
20180911 20181003 -0.00016981 8.6347e-10 TSX
