20030427 20030914 0.00054135 5.6591e-10 ERS2
20030914 20080629 5.0704e-05 2.7228e-10 ERS2
20050918 20090510 6.5688e-05 3.0736e-10 ERS2
20051127 20081116 0.00018631 3.0974e-10 ERS2
20060903 20090510 0.00018465 3.0807e-10 ERS2
20061231 20090105 0.00057105 3.1326e-10 ALOS
20070402 20070703 -0.00012211 6.6632e-10 ALOS
20070518 20091008 0.00039679 3.0022e-10 ALOS
20070818 20071003 -0.0001693 7.7503e-10 ALOS
20071217 20100509 0.00029649 3.0326e-10 ALOS
20080103 20100526 0.00028806 3.0323e-10 ALOS
20080404 20080520 -2.8395e-05 7.7505e-10 ALOS
20080618 20090921 0.00027758 3.7232e-10 ALOS
20080629 20090510 -0.00037309 4.1307e-10 ERS2
20080705 20091008 0.00049583 3.6505e-10 ALOS
20080803 20090823 1.9658e-05 3.8323e-10 ERS2
20081116 20090823 7.6582e-05 4.3222e-10 ERS2
20081219 20090921 0.00055001 4.4728e-10 ALOS
20090105 20090708 0.00018541 5.281e-10 ALOS
20090510 20091101 0.00012378 5.2093e-10 ERS2
20090708 20091008 0.0012062 6.6617e-10 ALOS
20090823 20091101 -6.4209e-05 6.9849e-10 ERS2
20091222 20100624 0.00098314 5.2629e-10 ALOS
20100108 20100223 0.00084377 7.7508e-10 ALOS
20100223 20100526 -3.0511e-05 6.6629e-10 ALOS
20100410 20100711 -1.4454e-06 6.6614e-10 ALOS
20100509 20100624 0.00067423 7.7306e-10 ALOS
20100526 20100711 0.00058214 7.7504e-10 ALOS
20100624 20101109 0.00030956 5.8396e-10 ALOS
20100711 20101011 0.00063043 6.6623e-10 ALOS
20100809 20101109 1.8429e-05 6.6352e-10 ALOS
20101011 20101126 0.00013172 7.7504e-10 ALOS
20110111 20110226 0.00070015 7.7503e-10 ALOS
20110924 20130715 0.00030902 3.2671e-10 TSX
20111005 20121229 0.00018065 3.7061e-10 TSX
20111121 20171221 3.8754e-05 3.415e-10 TSX
20111221 20130131 0.00022386 3.8633e-10 TSX
20111224 20121027 -0.00011275 4.1952e-10 TSX
20120126 20140419 -0.00019945 3.1191e-10 TSX
20120203 20160320 8.8164e-05 2.6301e-10 TSX
20120206 20171107 2.6242e-05 3.3971e-10 TSX
20120617 20171129 8.0594e-05 3.0669e-10 TSX
20120723 20160120 8.2806e-05 3.8901e-10 TSX
20121024 20130109 5.3848e-05 7.0152e-10 TSX
20121027 20151226 2.024e-05 3.0736e-10 TSX
20121030 20130311 0.00012393 5.8465e-10 TSX
20121107 20171118 5.2766e-05 3.2051e-10 TSX
20121221 20160208 -7.6268e-06 3.2192e-10 TSX
20121224 20130516 0.00010552 5.6848e-10 TSX
20121229 20130407 0.00028209 6.5604e-10 TSX
20130104 20130217 0.00022203 7.7305e-10 TSX
20130109 20130715 0.00032328 5.2854e-10 TSX
20130112 20140511 -0.0001894 3.548e-10 TSX
20130115 20130721 8.541e-05 5.1376e-10 TSX
20130126 20130823 7.2687e-05 5.235e-10 TSX
20130131 20130429 1.1002e-05 6.7793e-10 TSX
20130203 20130729 -3.8577e-05 5.2311e-10 TSX
20130211 20130919 0.0002526 4.9588e-10 TSX
20130228 20141209 0.00027149 3.2012e-10 TSX
20130311 20130801 0.00016804 5.6809e-10 TSX
20130316 20130623 0.00020329 6.5607e-10 TSX
20130402 20150122 -2.4872e-05 3.3682e-10 TSX
20130407 20140530 0.00014094 3.816e-10 TSX
20130421 20171016 1.182e-05 3.0965e-10 TSX
20130424 20130721 -5.4257e-06 6.6398e-10 TSX
20130429 20130623 8.5275e-05 7.5402e-10 TSX
20130505 20131028 -0.00026043 5.4222e-10 TSX
20130513 20151112 -5.2587e-05 3.0705e-10 TSX
20130516 20131017 3.383e-05 5.6778e-10 TSX
20130521 20130715 0.00035967 7.5405e-10 TSX
20130524 20171129 4.4367e-05 3.3951e-10 TSX
20130527 20140627 0.0002366 3.8391e-10 TSX
20130601 20130930 0.00026578 6.1697e-10 TSX
20130604 20141217 -0.00012668 3.4188e-10 TSX
20130607 20140719 0.00022532 3.7982e-10 TSX
20130612 20150105 0.00017293 3.3907e-10 TSX
20130615 20160106 -6.4177e-05 3.0216e-10 TSX
20130618 20140708 0.00017086 3.8784e-10 TSX
20130623 20130715 0.00065632 8.6131e-10 TSX
20130629 20130914 0.00035409 6.8802e-10 TSX
20130707 20150130 -0.00013505 3.3851e-10 TSX
20130710 20140901 0.00020482 3.7684e-10 TSX
20130715 20130726 -0.0024834 1.0103e-09 TSX
20130721 20131108 0.00075269 6.2269e-10 TSX
20130726 20150517 0.00024845 3.2244e-10 TSX
20130729 20160904 -3.2289e-05 3.1333e-10 TSX
20130801 20151115 0.00015307 3.172e-10 TSX
20130817 20140209 6.6506e-05 5.4096e-10 TSX
20130828 20150312 0.00022109 3.4227e-10 TSX
20130903 20150329 -2.5634e-05 3.5473e-10 TSX
20130919 20160309 -6.6008e-06 2.9718e-10 TSX
20130925 20140708 0.00016471 4.3132e-10 TSX
20130930 20160411 0.00014022 2.9298e-10 TSX
20131011 20150802 0.00018453 3.3278e-10 TSX
20131017 20140719 0.00014433 4.3872e-10 TSX
20131028 20160304 0.00010489 3.0019e-10 TSX
20131102 20140519 -0.00012628 5.1708e-10 TSX
20131108 20140708 0.00011206 4.6298e-10 TSX
20140209 20160309 6.453e-05 3.2294e-10 TSX
20140223 20140829 -3.9553e-05 5.1109e-10 TSX
20140408 20140705 -1.2266e-05 6.6126e-10 TSX
20140419 20170913 2.2973e-05 3.5473e-10 TSX
20140511 20141228 -4.895e-06 4.7013e-10 TSX
20140519 20150824 0.00027334 3.6908e-10 TSX
20140624 20171005 5.1245e-05 3.3204e-10 TSX
20140627 20151115 0.00024495 3.4939e-10 TSX
20140705 20180911 -5.6522e-06 3.1789e-10 TSX
20140708 20160406 0.00020255 3.427e-10 TSX
20140716 20171005 4.7834e-05 3.5487e-10 TSX
20140719 20151207 0.00024117 3.4731e-10 TSX
20140727 20150326 -0.00011719 4.6164e-10 TSX
20140810 20150122 0.00012838 5.3917e-10 TSX
20140818 20160301 -0.00011727 3.4785e-10 TSX
20140829 20160208 -8.2502e-05 3.4805e-10 TSX
20140901 20140912 -0.00030838 9.6716e-10 TSX
20140912 20141209 0.00013395 6.64e-10 TSX
20140920 20170902 -6.6184e-05 3.4652e-10 TSX
20141209 20160211 0.00011915 3.8785e-10 TSX
20141217 20160722 -5.9829e-05 3.5722e-10 TSX
20141228 20160106 -4.8187e-05 4.0159e-10 TSX
20141231 20151024 0.00018438 4.3168e-10 TSX
20150105 20150824 0.00013465 4.9381e-10 TSX
20150108 20170811 -7.6884e-05 3.2274e-10 TSX
20150119 20160117 -3.8193e-05 4.0528e-10 TSX
20150127 20160411 0.000225 3.753e-10 TSX
20150130 20151112 -5.747e-05 4.3564e-10 TSX
20150210 20170114 -5.2187e-05 3.4557e-10 TSX
20150213 20160326 3.9918e-05 4.3306e-10 TSX
20150218 20160216 0.00019127 4.0961e-10 TSX
20150221 20180112 -1.1238e-07 3.3099e-10 TSX
20150304 20180911 2.5215e-05 3.1515e-10 TSX
20150307 20160211 0.00028174 4.0589e-10 TSX
20150312 20160320 0.00011066 4.0318e-10 TSX
20150326 20150827 0.00010562 5.5124e-10 TSX
20150329 20151207 0.00023549 4.557e-10 TSX
20150428 20160425 9.5435e-06 4.0903e-10 TSX
20150509 20150827 9.2929e-05 6.2096e-10 TSX
20150517 20150824 4.7477e-05 6.5831e-10 TSX
20150520 20180911 -3.1559e-05 3.5438e-10 TSX
20150714 20170822 -6.2175e-05 3.152e-10 TSX
20150725 20170924 -6.4365e-05 3.0374e-10 TSX
20150802 20160309 5.0951e-05 4.9594e-10 TSX
20150805 20160403 -7.5254e-05 4.6123e-10 TSX
20150816 20171107 -7.7083e-05 3.0717e-10 TSX
20150824 20150915 0.0006871 8.6119e-10 TSX
20150827 20170902 -0.00011283 3.2099e-10 TSX
20150915 20160216 1.8879e-05 5.6819e-10 TSX
20151021 20160904 -6.7415e-05 4.123e-10 TSX
20151101 20171016 -5.4219e-05 3.2259e-10 TSX
20151112 20160425 -7.1643e-05 5.361e-10 TSX
20151115 20151229 0.00020127 7.7305e-10 TSX
20151123 20171221 -0.00010877 3.233e-10 TSX
20151204 20151215 0.00017646 9.7725e-10 TSX
20151207 20160406 -9.3172e-05 6.0214e-10 TSX
20151215 20170822 -7.6163e-05 3.2839e-10 TSX
20151226 20161223 -4.0946e-05 3.9314e-10 TSX
20151229 20160211 4.8155e-05 7.7305e-10 TSX
20160106 20161223 -2.2405e-05 3.9801e-10 TSX
20160117 20160926 -4.3748e-05 4.5279e-10 TSX
20160128 20160301 -0.00026428 8.0611e-10 TSX
20160208 20160312 -5.3911e-05 8.0611e-10 TSX
20160216 20160309 -0.00042335 8.6119e-10 TSX
20160219 20180319 -0.00012756 3.3153e-10 TSX
20160301 20161201 3.0276e-05 4.3832e-10 TSX
20160304 20160326 6.3551e-05 8.4818e-10 TSX
20160312 20180319 -0.00013757 3.2412e-10 TSX
20160320 20160411 0.00044971 8.6119e-10 TSX
20160323 20171118 -5.9041e-05 3.2874e-10 TSX
20160326 20160406 -0.00048657 9.6709e-10 TSX
20160403 20171027 -6.3075e-05 3.3608e-10 TSX
20160425 20170811 -5.3547e-05 3.6178e-10 TSX
20160528 20160630 3.5466e-05 8.0611e-10 TSX
20160630 20171118 -6.9659e-05 3.4484e-10 TSX
20160722 20161201 9.4724e-05 5.8132e-10 TSX
20160904 20180707 -0.00013672 3.3569e-10 TSX
20160915 20180911 -0.00010842 3.1997e-10 TSX
20160926 20170114 -5.5144e-05 6.1795e-10 TSX
20161201 20171027 -9.3035e-05 4.1091e-10 TSX
20161223 20171107 -9.5975e-05 4.1087e-10 TSX
20170114 20170902 -4.2519e-05 4.6966e-10 TSX
20170811 20171005 -9.4167e-05 7.4112e-10 TSX
20170822 20180707 -0.00020363 4.141e-10 TSX
20170913 20180707 -0.00025932 4.2527e-10 TSX
20170924 20180319 -0.00028863 5.2322e-10 TSX
20171005 20171107 2.2327e-05 8.0611e-10 TSX
20171016 20180319 -0.00030293 5.5007e-10 TSX
20171027 20180911 -0.00018022 4.1392e-10 TSX
20171107 20171118 6.4682e-05 9.7725e-10 TSX
20171118 20171129 5.0635e-05 9.7725e-10 TSX
20171129 20171221 -1.7252e-05 8.5014e-10 TSX
20171210 20180820 -0.00019959 4.5337e-10 TSX
20171221 20180911 -8.8208e-05 4.4563e-10 TSX
20180112 20181003 -0.00015683 4.4568e-10 TSX
20180319 20180707 -4.6276e-05 6.1797e-10 TSX
20180707 20180911 0.00026112 7.1238e-10 TSX
20180729 20181003 9.9879e-05 7.1238e-10 TSX
20180820 20181003 0.00024686 7.7208e-10 TSX
20180911 20181003 -0.00012285 8.5014e-10 TSX
