20030427 20030914 0.00072576 5.68e-10 ERS2
20030914 20080629 -6.6473e-05 2.8997e-10 ERS2
20050918 20090510 0.00017909 2.9943e-10 ERS2
20051127 20081116 -9.2452e-05 3.0737e-10 ERS2
20060903 20090510 0.00028441 3.0426e-10 ERS2
20061231 20090105 0.0001406 3.1298e-10 ALOS
20070402 20070703 0.00027579 6.6714e-10 ALOS
20070518 20091008 2.9436e-05 3.2137e-10 ALOS
20070818 20071003 -0.0002087 7.7526e-10 ALOS
20071217 20100509 0.00015358 2.9935e-10 ALOS
20080103 20100526 6.2494e-05 3.025e-10 ALOS
20080404 20080520 0.00017792 7.7544e-10 ALOS
20080618 20090921 0.00025693 3.7245e-10 ALOS
20080629 20090510 -0.00014037 4.1665e-10 ERS2
20080705 20091008 -5.5514e-05 3.6543e-10 ALOS
20080803 20090823 -2.5401e-05 3.8273e-10 ERS2
20081116 20090823 0.00021311 4.3234e-10 ERS2
20081219 20090921 0.0003753 4.4612e-10 ALOS
20090105 20090708 0.00016588 5.3199e-10 ALOS
20090510 20091101 0.00026127 5.2367e-10 ERS2
20090708 20091008 0.0005372 6.666e-10 ALOS
20090823 20091101 -0.00028203 6.9854e-10 ERS2
20091222 20100624 0.00040574 5.3299e-10 ALOS
20100108 20100223 0.00031764 7.7552e-10 ALOS
20100223 20100526 9.6403e-05 6.6707e-10 ALOS
20100410 20100711 5.9064e-05 6.6675e-10 ALOS
20100509 20100624 0.00076443 7.7323e-10 ALOS
20100526 20100711 0.00054731 7.7523e-10 ALOS
20100624 20101109 9.6375e-05 5.84e-10 ALOS
20100711 20101011 0.00020897 6.664e-10 ALOS
20100809 20101109 9.4702e-06 6.6358e-10 ALOS
20101011 20101126 0.00012925 7.7522e-10 ALOS
20110111 20110226 0.0005523 7.7522e-10 ALOS
20110924 20130715 0.00015788 3.3915e-10 TSX
20111005 20121229 -6.5398e-06 3.8029e-10 TSX
20111121 20171221 5.3674e-05 3.1513e-10 TSX
20111221 20130131 3.7541e-05 3.9207e-10 TSX
20111224 20121027 0.00034961 4.2018e-10 TSX
20120126 20140419 0.00028968 3.2223e-10 TSX
20120203 20160320 -6.3901e-05 2.9906e-10 TSX
20120206 20171107 6.7603e-05 3.8681e-10 TSX
20120617 20171129 4.3156e-05 4.3939e-10 TSX
20120723 20160120 1.9473e-05 4.0114e-10 TSX
20121024 20130109 0.00015807 7.0217e-10 TSX
20121027 20151226 0.00010084 3.8539e-10 TSX
20121030 20130311 0.00011774 5.8492e-10 TSX
20121107 20171118 0.00013143 3.2649e-10 TSX
20121221 20160208 0.00024649 3.6803e-10 TSX
20121224 20130516 7.7996e-05 5.7142e-10 TSX
20121229 20130407 8.5069e-05 6.5671e-10 TSX
20130104 20130217 3.8315e-05 7.7321e-10 TSX
20130109 20130715 0.00014967 5.5732e-10 TSX
20130112 20140511 0.0003188 3.668e-10 TSX
20130115 20130721 -4.8768e-05 5.2208e-10 TSX
20130126 20130823 9.0927e-06 5.1572e-10 TSX
20130131 20130429 -4.5523e-05 6.7804e-10 TSX
20130203 20130729 0.00039186 5.2408e-10 TSX
20130211 20130919 8.7554e-05 5.0496e-10 TSX
20130228 20141209 0.00010697 3.4797e-10 TSX
20130311 20130801 9.5567e-05 5.7058e-10 TSX
20130316 20130623 -2.4578e-05 6.5713e-10 TSX
20130402 20150122 0.00011951 4.3541e-10 TSX
20130407 20140530 -8.6057e-06 3.9052e-10 TSX
20130421 20171016 4.6369e-05 3.7387e-10 TSX
20130424 20130721 -0.00016576 6.6486e-10 TSX
20130429 20130623 -4.041e-05 7.5441e-10 TSX
20130505 20131028 -0.00023737 5.3406e-10 TSX
20130513 20151112 0.00031793 3.6194e-10 TSX
20130516 20131017 -0.00010788 5.6261e-10 TSX
20130521 20130715 0.0003245 7.5491e-10 TSX
20130524 20171129 7.511e-05 4.0582e-10 TSX
20130527 20140627 9.8182e-05 4.0113e-10 TSX
20130601 20130930 0.00035052 6.189e-10 TSX
20130604 20141217 0.00032296 3.4266e-10 TSX
20130607 20140719 4.9941e-05 3.8859e-10 TSX
20130612 20150105 5.4086e-05 3.6064e-10 TSX
20130615 20160106 0.00027486 3.258e-10 TSX
20130618 20140708 3.5611e-05 3.9844e-10 TSX
20130623 20130715 0.00072775 8.6204e-10 TSX
20130629 20130914 0.00034765 6.9091e-10 TSX
20130707 20150130 0.00029238 3.4016e-10 TSX
20130710 20140901 9.4234e-05 3.8989e-10 TSX
20130715 20130726 -0.0024933 1.0109e-09 TSX
20130721 20131108 0.00070786 6.2559e-10 TSX
20130726 20150517 0.00014939 3.3913e-10 TSX
20130729 20160904 0.00014582 3.6517e-10 TSX
20130801 20151115 3.5319e-05 3.4928e-10 TSX
20130817 20140209 -1.1623e-05 5.4197e-10 TSX
20130828 20150312 5.1856e-05 3.4394e-10 TSX
20130903 20150329 -0.00020796 3.7578e-10 TSX
20130919 20160309 -8.1813e-05 3.0353e-10 TSX
20130925 20140708 2.4605e-05 4.3568e-10 TSX
20130930 20160411 -6.7857e-05 3.0312e-10 TSX
20131011 20150802 4.0095e-05 3.4232e-10 TSX
20131017 20140719 -7.0746e-05 4.4931e-10 TSX
20131028 20160304 -8.817e-05 4.1046e-10 TSX
20131102 20140519 -0.00020392 5.1779e-10 TSX
20131108 20140708 -8.2779e-05 4.6982e-10 TSX
20140209 20160309 -3.8991e-05 3.6849e-10 TSX
20140223 20140829 0.00027497 5.1176e-10 TSX
20140408 20140705 0.00013527 6.6135e-10 TSX
20140419 20170913 0.00018389 3.9648e-10 TSX
20140511 20141228 0.00030812 4.7056e-10 TSX
20140519 20150824 8.0628e-05 3.7511e-10 TSX
20140624 20171005 0.00026033 3.1624e-10 TSX
20140627 20151115 2.3194e-05 3.5567e-10 TSX
20140705 20180911 6.1711e-05 3.3635e-10 TSX
20140708 20160406 7.5361e-05 3.3954e-10 TSX
20140716 20171005 0.00010794 3.4952e-10 TSX
20140719 20151207 0.00010391 3.569e-10 TSX
20140727 20150326 0.00019981 4.618e-10 TSX
20140810 20150122 3.08e-05 5.4012e-10 TSX
20140818 20160301 0.00035642 3.373e-10 TSX
20140829 20160208 0.00034267 3.4404e-10 TSX
20140901 20140912 -0.00030822 9.6755e-10 TSX
20140912 20141209 9.1785e-05 6.6458e-10 TSX
20140920 20170902 0.00020911 4.0166e-10 TSX
20141209 20160211 0.00013907 3.76e-10 TSX
20141217 20160722 0.00036397 3.6239e-10 TSX
20141228 20160106 0.00033789 3.9545e-10 TSX
20141231 20151024 8.0974e-05 4.3468e-10 TSX
20150105 20150824 8.9789e-05 4.9533e-10 TSX
20150108 20170811 0.0002014 3.3055e-10 TSX
20150119 20160117 0.0003356 3.9493e-10 TSX
20150127 20160411 8.5329e-05 3.8779e-10 TSX
20150130 20151112 0.00034233 4.3278e-10 TSX
20150210 20170114 0.00039093 3.2338e-10 TSX
20150213 20160326 0.00022238 4.2102e-10 TSX
20150218 20160216 0.00011005 4.1247e-10 TSX
20150221 20180112 0.00020568 2.8775e-10 TSX
20150304 20180911 0.00018441 3.0582e-10 TSX
20150307 20160211 9.5981e-05 4.0697e-10 TSX
20150312 20160320 5.1262e-05 4.2465e-10 TSX
20150326 20150827 0.00040856 5.543e-10 TSX
20150329 20151207 7.9325e-05 4.6028e-10 TSX
20150428 20160425 0.00033631 3.9342e-10 TSX
20150509 20150827 0.00031496 6.2735e-10 TSX
20150517 20150824 5.6541e-05 6.6336e-10 TSX
20150520 20180911 0.00020468 3.1293e-10 TSX
20150714 20170822 0.00039513 3.1478e-10 TSX
20150725 20170924 0.00033152 3.0017e-10 TSX
20150802 20160309 9.7669e-05 4.9662e-10 TSX
20150805 20160403 0.00025213 4.6153e-10 TSX
20150816 20171107 0.00039608 3.0881e-10 TSX
20150824 20150915 0.00074864 8.6167e-10 TSX
20150827 20170902 0.00034897 3.1497e-10 TSX
20150915 20160216 3.3836e-05 5.6975e-10 TSX
20151021 20160904 0.00021717 4.1524e-10 TSX
20151101 20171016 0.00036764 3.2536e-10 TSX
20151112 20160425 0.00015105 5.3623e-10 TSX
20151115 20151229 0.0001725 7.7316e-10 TSX
20151123 20171221 0.00029461 3.0845e-10 TSX
20151204 20151215 0.00018011 9.7733e-10 TSX
20151207 20160406 -1.6593e-05 6.0215e-10 TSX
20151215 20170822 0.00030617 3.2818e-10 TSX
20151226 20161223 0.00033016 3.9537e-10 TSX
20151229 20160211 6.953e-05 7.7316e-10 TSX
20160106 20161223 0.00036293 4.0016e-10 TSX
20160117 20160926 0.0003374 4.5403e-10 TSX
20160128 20160301 -0.00019995 8.0615e-10 TSX
20160208 20160312 -2.5998e-05 8.0615e-10 TSX
20160216 20160309 -0.00043467 8.6166e-10 TSX
20160219 20180319 0.00031404 3.0933e-10 TSX
20160301 20161201 0.00036159 4.3915e-10 TSX
20160304 20160326 8.3451e-05 8.4847e-10 TSX
20160312 20180319 0.00028071 3.1457e-10 TSX
20160320 20160411 0.00037757 8.6167e-10 TSX
20160323 20171118 0.00028254 3.2876e-10 TSX
20160326 20160406 -0.00053018 9.6748e-10 TSX
20160403 20171027 0.00032417 3.3848e-10 TSX
20160425 20170811 0.00033276 3.5739e-10 TSX
20160528 20160630 9.0601e-05 8.0617e-10 TSX
20160630 20171118 0.00027413 3.5374e-10 TSX
20160722 20161201 0.00040162 5.8171e-10 TSX
20160904 20180707 0.00026302 3.3579e-10 TSX
20160915 20180911 0.00025672 3.1433e-10 TSX
20160926 20170114 0.00018436 6.1879e-10 TSX
20161201 20171027 0.00022714 4.1256e-10 TSX
20161223 20171107 0.00023269 4.1327e-10 TSX
20170114 20170902 0.0002377 4.7328e-10 TSX
20170811 20171005 6.5063e-05 7.4123e-10 TSX
20170822 20180707 9.0312e-05 4.1522e-10 TSX
20170913 20180707 5.5211e-06 4.2743e-10 TSX
20170924 20180319 -2.8249e-05 5.2341e-10 TSX
20171005 20171107 5.4958e-05 8.062e-10 TSX
20171016 20180319 -1.9203e-05 5.5016e-10 TSX
20171027 20180911 0.00016447 4.1388e-10 TSX
20171107 20171118 8.2574e-05 9.7733e-10 TSX
20171118 20171129 5.9833e-05 9.7733e-10 TSX
20171129 20171221 3.1591e-05 8.502e-10 TSX
20171210 20180820 0.00012695 4.5401e-10 TSX
20171221 20180911 0.00014552 4.4735e-10 TSX
20180112 20181003 0.00021563 4.4696e-10 TSX
20180319 20180707 5.4096e-05 6.1842e-10 TSX
20180707 20180911 0.00048892 7.1245e-10 TSX
20180729 20181003 0.00029274 7.124e-10 TSX
20180820 20181003 0.0003373 7.721e-10 TSX
20180911 20181003 -0.00015767 8.502e-10 TSX
