20030427 20030914 0.00085371 5.6908e-10 ERS2
20030914 20080629 -0.00015989 2.7794e-10 ERS2
20050918 20090510 7.8662e-06 2.9971e-10 ERS2
20051127 20081116 -2.6615e-05 3.0856e-10 ERS2
20060903 20090510 -2.1256e-05 3.1356e-10 ERS2
20061231 20090105 0.00044867 3.1363e-10 ALOS
20070402 20070703 0.00026383 6.6635e-10 ALOS
20070518 20091008 0.00037094 3.0926e-10 ALOS
20070818 20071003 -0.00023057 7.7523e-10 ALOS
20071217 20100509 0.00022402 3.037e-10 ALOS
20080103 20100526 0.00033261 3.1495e-10 ALOS
20080404 20080520 0.00019061 7.7522e-10 ALOS
20080618 20090921 0.00044948 3.7239e-10 ALOS
20080629 20090510 -0.0004116 4.1391e-10 ERS2
20080705 20091008 0.00063233 3.6552e-10 ALOS
20080803 20090823 7.3411e-07 3.825e-10 ERS2
20081116 20090823 0.00016479 4.3403e-10 ERS2
20081219 20090921 0.00060976 4.4608e-10 ALOS
20090105 20090708 0.00024737 5.2824e-10 ALOS
20090510 20091101 0.00032717 5.2171e-10 ERS2
20090708 20091008 0.00074652 6.6626e-10 ALOS
20090823 20091101 -0.0003026 6.9851e-10 ERS2
20091222 20100624 0.00060032 5.2635e-10 ALOS
20100108 20100223 0.00061124 7.7535e-10 ALOS
20100223 20100526 7.4471e-05 6.6614e-10 ALOS
20100410 20100711 8.0382e-05 6.662e-10 ALOS
20100509 20100624 0.00071704 7.7321e-10 ALOS
20100526 20100711 0.00055824 7.7521e-10 ALOS
20100624 20101109 0.0001709 5.8399e-10 ALOS
20100711 20101011 0.00034251 6.6627e-10 ALOS
20100809 20101109 0.00021246 6.6354e-10 ALOS
20101011 20101126 0.00013792 7.7521e-10 ALOS
20110111 20110226 0.00062158 7.752e-10 ALOS
20110924 20130715 0.00025887 3.351e-10 TSX
20111005 20121229 0.00012821 3.737e-10 TSX
20111121 20171221 1.0121e-05 3.7683e-10 TSX
20111221 20130131 0.00022629 3.8622e-10 TSX
20111224 20121027 0.00043653 4.2073e-10 TSX
20120126 20140419 0.00028797 3.5338e-10 TSX
20120203 20160320 0.0001258 2.9181e-10 TSX
20120206 20171107 -1.4178e-05 4.7069e-10 TSX
20120617 20171129 4.3196e-05 4.6058e-10 TSX
20120723 20160120 -1.8298e-06 3.4346e-10 TSX
20121024 20130109 0.0001453 7.0186e-10 TSX
20121027 20151226 2.3048e-05 4.3237e-10 TSX
20121030 20130311 0.00018173 5.8469e-10 TSX
20121107 20171118 5.1085e-05 4.1142e-10 TSX
20121221 20160208 0.00011748 3.8959e-10 TSX
20121224 20130516 0.00019754 5.6862e-10 TSX
20121229 20130407 0.00020631 6.5644e-10 TSX
20130104 20130217 0.00011772 7.7315e-10 TSX
20130109 20130715 0.00044344 5.3246e-10 TSX
20130112 20140511 0.00041651 3.64e-10 TSX
20130115 20130721 0.0002043 5.1889e-10 TSX
20130126 20130823 6.3424e-05 5.037e-10 TSX
20130131 20130429 1.759e-05 6.7796e-10 TSX
20130203 20130729 0.00045188 5.2439e-10 TSX
20130211 20130919 0.00027216 4.9642e-10 TSX
20130228 20141209 0.00022183 3.3506e-10 TSX
20130311 20130801 0.00025815 5.6952e-10 TSX
20130316 20130623 0.00011902 6.566e-10 TSX
20130402 20150122 3.9959e-05 3.3306e-10 TSX
20130407 20140530 0.00017906 3.8556e-10 TSX
20130421 20171016 7.9517e-05 4.3195e-10 TSX
20130424 20130721 4.0315e-05 6.6457e-10 TSX
20130429 20130623 2.9737e-05 7.5424e-10 TSX
20130505 20131028 -0.00018317 5.3438e-10 TSX
20130513 20151112 0.0001925 3.6297e-10 TSX
20130516 20131017 9.5134e-05 5.603e-10 TSX
20130521 20130715 0.00045244 7.545e-10 TSX
20130524 20171129 1.2612e-05 4.4078e-10 TSX
20130527 20140627 0.00029832 3.9284e-10 TSX
20130601 20130930 0.00044321 6.1724e-10 TSX
20130604 20141217 0.0005527 3.5947e-10 TSX
20130607 20140719 0.0002718 3.8818e-10 TSX
20130612 20150105 -1.83e-05 3.4542e-10 TSX
20130615 20160106 0.00032311 3.1504e-10 TSX
20130618 20140708 0.00020922 3.9602e-10 TSX
20130623 20130715 0.00075219 8.6193e-10 TSX
20130629 20130914 0.00045398 6.894e-10 TSX
20130707 20150130 0.00050676 3.5217e-10 TSX
20130710 20140901 0.0001156 3.847e-10 TSX
20130715 20130726 -0.0025027 1.0109e-09 TSX
20130721 20131108 0.00072977 6.2246e-10 TSX
20130726 20150517 0.00021397 3.3641e-10 TSX
20130729 20160904 0.00012443 3.5111e-10 TSX
20130801 20151115 0.00019078 3.4989e-10 TSX
20130817 20140209 7.3249e-05 5.4124e-10 TSX
20130828 20150312 0.0002087 3.4914e-10 TSX
20130903 20150329 -8.2066e-05 3.7945e-10 TSX
20130919 20160309 3.8071e-05 3.3537e-10 TSX
20130925 20140708 0.00019788 4.337e-10 TSX
20130930 20160411 3.6441e-05 2.9567e-10 TSX
20131011 20150802 0.00011394 3.6317e-10 TSX
20131017 20140719 0.00021237 4.4076e-10 TSX
20131028 20160304 -3.9905e-05 3.7868e-10 TSX
20131102 20140519 -6.064e-05 5.1735e-10 TSX
20131108 20140708 0.00017473 4.643e-10 TSX
20140209 20160309 0.00021892 3.5328e-10 TSX
20140223 20140829 0.00041026 5.115e-10 TSX
20140408 20140705 0.00021037 6.6128e-10 TSX
20140419 20170913 0.00017754 3.3124e-10 TSX
20140511 20141228 0.00049559 4.7055e-10 TSX
20140519 20150824 0.00024449 3.8728e-10 TSX
20140624 20171005 0.00020454 3.5745e-10 TSX
20140627 20151115 0.00018393 3.7332e-10 TSX
20140705 20180911 0.00011492 3.5183e-10 TSX
20140708 20160406 0.00026487 3.4282e-10 TSX
20140716 20171005 0.00017814 3.8785e-10 TSX
20140719 20151207 0.000183 3.7212e-10 TSX
20140727 20150326 0.00027282 4.6184e-10 TSX
20140810 20150122 0.00021653 5.394e-10 TSX
20140818 20160301 0.00039748 3.6285e-10 TSX
20140829 20160208 0.00044782 3.7892e-10 TSX
20140901 20140912 -0.00030367 9.6756e-10 TSX
20140912 20141209 0.00016697 6.6404e-10 TSX
20140920 20170902 0.00021247 4.0688e-10 TSX
20141209 20160211 0.00023193 3.8005e-10 TSX
20141217 20160722 0.00032166 3.9724e-10 TSX
20141228 20160106 0.00037385 4.1416e-10 TSX
20141231 20151024 0.00031357 4.3192e-10 TSX
20150105 20150824 0.00025962 4.8968e-10 TSX
20150108 20170811 0.00023327 4.2751e-10 TSX
20150119 20160117 0.00048578 4.0478e-10 TSX
20150127 20160411 0.00023444 3.8455e-10 TSX
20150130 20151112 0.0004637 4.4609e-10 TSX
20150210 20170114 0.00020863 3.393e-10 TSX
20150213 20160326 -0.00014644 4.1766e-10 TSX
20150218 20160216 0.0002336 4.1172e-10 TSX
20150221 20180112 9.2911e-05 3.2807e-10 TSX
20150304 20180911 4.8765e-05 3.8028e-10 TSX
20150307 20160211 0.00030898 4.1206e-10 TSX
20150312 20160320 0.00013988 4.0657e-10 TSX
20150326 20150827 0.00053957 5.6412e-10 TSX
20150329 20151207 0.00038987 4.6128e-10 TSX
20150428 20160425 0.00048182 4.0133e-10 TSX
20150509 20150827 0.00034307 6.4196e-10 TSX
20150517 20150824 0.00015183 6.5691e-10 TSX
20150520 20180911 0.00019751 3.58e-10 TSX
20150714 20170822 0.00019091 4.5914e-10 TSX
20150725 20170924 0.00040843 3.5569e-10 TSX
20150802 20160309 0.00019137 4.974e-10 TSX
20150805 20160403 0.00029564 4.6372e-10 TSX
20150816 20171107 0.00019125 3.8993e-10 TSX
20150824 20150915 0.00073903 8.6166e-10 TSX
20150827 20170902 0.00025016 3.4505e-10 TSX
20150915 20160216 0.00014874 5.681e-10 TSX
20151021 20160904 0.00029449 4.2858e-10 TSX
20151101 20171016 0.000287 3.9646e-10 TSX
20151112 20160425 0.00013489 5.3629e-10 TSX
20151115 20151229 0.00017677 7.7315e-10 TSX
20151123 20171221 0.00016559 3.6193e-10 TSX
20151204 20151215 0.00018001 9.7739e-10 TSX
20151207 20160406 4.2604e-05 6.0214e-10 TSX
20151215 20170822 0.00026514 3.7083e-10 TSX
20151226 20161223 0.0004116 4.031e-10 TSX
20151229 20160211 0.00012892 7.7315e-10 TSX
20160106 20161223 0.00042492 4.0891e-10 TSX
20160117 20160926 0.0004361 4.5701e-10 TSX
20160128 20160301 -0.00021986 8.0618e-10 TSX
20160208 20160312 -1.8881e-05 8.0618e-10 TSX
20160216 20160309 -0.00043147 8.6166e-10 TSX
20160219 20180319 0.00013902 3.4911e-10 TSX
20160301 20161201 0.00049658 4.4137e-10 TSX
20160304 20160326 7.5098e-05 8.4847e-10 TSX
20160312 20180319 0.00017371 3.9451e-10 TSX
20160320 20160411 0.00038088 8.6166e-10 TSX
20160323 20171118 0.00030233 3.7126e-10 TSX
20160326 20160406 -0.00051151 9.6749e-10 TSX
20160403 20171027 0.00046822 3.7899e-10 TSX
20160425 20170811 0.00039328 4.2487e-10 TSX
20160528 20160630 0.00012323 8.0615e-10 TSX
20160630 20171118 0.00036657 4.0674e-10 TSX
20160722 20161201 0.00041017 5.8145e-10 TSX
20160904 20180707 0.00026037 3.8063e-10 TSX
20160915 20180911 0.0002561 3.3642e-10 TSX
20160926 20170114 0.00015865 6.1854e-10 TSX
20161201 20171027 0.00031154 4.167e-10 TSX
20161223 20171107 0.00026173 4.222e-10 TSX
20170114 20170902 0.0003187 4.7601e-10 TSX
20170811 20171005 7.4944e-05 7.4117e-10 TSX
20170822 20180707 0.00010426 4.1857e-10 TSX
20170913 20180707 4.0916e-05 4.3104e-10 TSX
20170924 20180319 -5.5489e-05 5.2324e-10 TSX
20171005 20171107 6.5435e-05 8.0617e-10 TSX
20171016 20180319 -7.9465e-05 5.501e-10 TSX
20171027 20180911 0.00018182 4.1391e-10 TSX
20171107 20171118 8.185e-05 9.7739e-10 TSX
20171118 20171129 6.1019e-05 9.7739e-10 TSX
20171129 20171221 3.9358e-05 8.5024e-10 TSX
20171210 20180820 0.00013509 4.5355e-10 TSX
20171221 20180911 0.00011012 4.4601e-10 TSX
20180112 20181003 0.00022819 4.4607e-10 TSX
20180319 20180707 0.00014516 6.1834e-10 TSX
20180707 20180911 0.0005208 7.1238e-10 TSX
20180729 20181003 0.00030131 7.1239e-10 TSX
20180820 20181003 0.0003575 7.7211e-10 TSX
20180911 20181003 -0.00016506 8.5023e-10 TSX
