20030427 20030914 -0.0010712 5.6586e-10 ERS2
20030914 20080629 -5.195e-05 2.7721e-10 ERS2
20050918 20090510 0.00010265 2.9837e-10 ERS2
20051127 20081116 3.2705e-05 3.0416e-10 ERS2
20060903 20090510 0.00011969 3.2175e-10 ERS2
20061231 20090105 9.3731e-05 3.1294e-10 ALOS
20070402 20070703 -0.00021088 6.6802e-10 ALOS
20070518 20091008 4.2454e-05 2.9737e-10 ALOS
20070818 20071003 -0.00042803 7.794e-10 ALOS
20071217 20100509 1.1925e-05 2.9923e-10 ALOS
20080103 20100526 6.7113e-05 2.9702e-10 ALOS
20080404 20080520 2.448e-05 7.7941e-10 ALOS
20080618 20090921 3.4075e-05 3.7291e-10 ALOS
20080629 20090510 -0.00021879 4.1521e-10 ERS2
20080705 20091008 6.1731e-05 3.657e-10 ALOS
20080803 20090823 -4.1633e-05 3.8308e-10 ERS2
20081116 20090823 8.3807e-05 4.3268e-10 ERS2
20081219 20090921 0.00023336 4.4613e-10 ALOS
20090105 20090708 -0.00012021 5.2832e-10 ALOS
20090510 20091101 -0.00032938 5.2114e-10 ERS2
20090708 20091008 0.00057486 6.6804e-10 ALOS
20090823 20091101 -0.00021229 7.0091e-10 ERS2
20091222 20100624 0.00028958 5.2546e-10 ALOS
20100108 20100223 0.00051075 7.7944e-10 ALOS
20100223 20100526 0.00014357 6.6833e-10 ALOS
20100410 20100711 -0.00014775 6.6807e-10 ALOS
20100509 20100624 0.00055398 7.7728e-10 ALOS
20100526 20100711 0.00037574 7.7942e-10 ALOS
20100624 20101109 -5.9206e-05 5.8449e-10 ALOS
20100711 20101011 9.8485e-05 6.6811e-10 ALOS
20100809 20101109 -0.00011244 6.6531e-10 ALOS
20101011 20101126 0.00023171 7.7942e-10 ALOS
20110111 20110226 0.00062662 7.794e-10 ALOS
20110924 20130715 0.00012665 3.2281e-10 TSX
20111005 20121229 1.374e-05 3.6901e-10 TSX
20111121 20171221 5.2765e-05 2.6039e-10 TSX
20111221 20130131 5.3887e-05 3.8577e-10 TSX
20111224 20121027 2.2077e-05 4.1961e-10 TSX
20120126 20140419 1.3652e-05 2.8883e-10 TSX
20120203 20160320 6.7208e-05 2.4899e-10 TSX
20120206 20171107 4.3762e-05 2.8302e-10 TSX
20120617 20171129 4.6307e-05 2.9412e-10 TSX
20120723 20160120 7.2796e-05 2.626e-10 TSX
20121024 20130109 1.3472e-05 7.0434e-10 TSX
20121027 20151226 3.1259e-05 2.624e-10 TSX
20121030 20130311 1.9064e-05 5.8516e-10 TSX
20121107 20171118 5.408e-05 2.6293e-10 TSX
20121221 20160208 2.035e-05 2.6685e-10 TSX
20121224 20130516 -3.2337e-05 5.6887e-10 TSX
20121229 20130407 0.00010301 6.5769e-10 TSX
20130104 20130217 0.00010741 7.7692e-10 TSX
20130109 20130715 0.00019962 5.2861e-10 TSX
20130112 20140511 7.9836e-06 3.5392e-10 TSX
20130115 20130721 -0.00010163 5.1411e-10 TSX
20130126 20130823 -6.883e-05 4.9139e-10 TSX
20130131 20130429 -2.8403e-05 6.8012e-10 TSX
20130203 20130729 -2.8747e-05 5.2311e-10 TSX
20130211 20130919 8.9217e-05 4.9602e-10 TSX
20130228 20141209 7.4641e-05 3.1193e-10 TSX
20130311 20130801 -2.7225e-05 5.6882e-10 TSX
20130316 20130623 2.5522e-05 6.5771e-10 TSX
20130402 20150122 9.086e-05 2.9025e-10 TSX
20130407 20140530 3.021e-05 3.8122e-10 TSX
20130421 20171016 4.9556e-05 2.6033e-10 TSX
20130424 20130721 -0.00012046 6.657e-10 TSX
20130429 20130623 -9.0028e-06 7.5815e-10 TSX
20130505 20131028 -0.00043233 5.2737e-10 TSX
20130513 20151112 2.6221e-05 2.8079e-10 TSX
20130516 20131017 -0.00012139 5.5389e-10 TSX
20130521 20130715 0.00038477 7.5818e-10 TSX
20130524 20171129 3.758e-05 2.6925e-10 TSX
20130527 20140627 5.4904e-05 3.8346e-10 TSX
20130601 20130930 0.00032189 6.1784e-10 TSX
20130604 20141217 4.0437e-05 3.382e-10 TSX
20130607 20140719 6.2135e-05 3.7945e-10 TSX
20130612 20150105 1.7281e-05 3.3807e-10 TSX
20130615 20160106 6.5471e-05 2.7632e-10 TSX
20130618 20140708 5.3279e-05 3.8792e-10 TSX
20130623 20130715 0.00068397 8.662e-10 TSX
20130629 20130914 0.00030749 6.9046e-10 TSX
20130707 20150130 2.8559e-05 3.3801e-10 TSX
20130710 20140901 3.3834e-05 3.7689e-10 TSX
20130715 20130726 -0.0024612 1.015e-09 TSX
20130721 20131108 0.00066914 6.2196e-10 TSX
20130726 20150517 2.8932e-05 3.2268e-10 TSX
20130729 20160904 1.8591e-05 2.6782e-10 TSX
20130801 20151115 6.6593e-05 2.94e-10 TSX
20130817 20140209 -0.00015348 5.4109e-10 TSX
20130828 20150312 2.3137e-05 3.4019e-10 TSX
20130903 20150329 -4.5389e-05 3.1226e-10 TSX
20130919 20160309 4.706e-05 2.8966e-10 TSX
20130925 20140708 -3.442e-05 4.3132e-10 TSX
20130930 20160411 1.1148e-05 2.8433e-10 TSX
20131011 20150802 3.8292e-05 3.1865e-10 TSX
20131017 20140719 3.9358e-06 4.3884e-10 TSX
20131028 20160304 6.7118e-05 2.7231e-10 TSX
20131102 20140519 -3.9991e-05 5.1717e-10 TSX
20131108 20140708 -6.5589e-05 4.6294e-10 TSX
20140209 20160309 0.00012457 3.0813e-10 TSX
20140223 20140829 4.2794e-05 5.1104e-10 TSX
20140408 20140705 -3.8761e-05 6.6292e-10 TSX
20140419 20170913 2.9975e-05 2.9448e-10 TSX
20140511 20141228 1.8651e-05 4.7009e-10 TSX
20140519 20150824 4.1605e-05 3.6457e-10 TSX
20140624 20171005 2.8202e-05 2.8673e-10 TSX
20140627 20151115 1.2447e-05 3.4206e-10 TSX
20140705 20180911 1.1096e-05 2.9429e-10 TSX
20140708 20160406 9.7739e-05 3.1455e-10 TSX
20140716 20171005 4.7141e-05 2.8703e-10 TSX
20140719 20151207 4.4536e-05 3.4239e-10 TSX
20140727 20150326 -2.2031e-05 4.6162e-10 TSX
20140810 20150122 2.6224e-05 5.3942e-10 TSX
20140818 20160301 1.5419e-05 3.2401e-10 TSX
20140829 20160208 3.1209e-05 3.3186e-10 TSX
20140901 20140912 -0.0002834 9.712e-10 TSX
20140912 20141209 -1.031e-05 6.657e-10 TSX
20140920 20170902 4.8495e-05 2.8691e-10 TSX
20141209 20160211 -1.8639e-05 3.6539e-10 TSX
20141217 20160722 3.6654e-06 3.2184e-10 TSX
20141228 20160106 3.3312e-07 3.8231e-10 TSX
20141231 20151024 6.9167e-05 4.2507e-10 TSX
20150105 20150824 3.5097e-06 4.8615e-10 TSX
20150108 20170811 1.458e-05 2.9573e-10 TSX
20150119 20160117 2.5264e-05 3.8698e-10 TSX
20150127 20160411 2.8587e-05 3.7183e-10 TSX
20150130 20151112 8.7551e-06 4.282e-10 TSX
20150210 20170114 2.3195e-05 2.9772e-10 TSX
20150213 20160326 4.2604e-05 3.7743e-10 TSX
20150218 20160216 1.8718e-05 4.0264e-10 TSX
20150221 20180112 6.7134e-05 2.7858e-10 TSX
20150304 20180911 3.2112e-05 3.066e-10 TSX
20150307 20160211 2.649e-05 4.0085e-10 TSX
20150312 20160320 -1.5823e-05 3.9825e-10 TSX
20150326 20150827 7.9873e-05 5.4989e-10 TSX
20150329 20151207 5.6549e-05 4.5481e-10 TSX
20150428 20160425 1.4635e-05 3.8654e-10 TSX
20150509 20150827 7.7091e-05 6.1872e-10 TSX
20150517 20150824 3.5197e-05 6.5769e-10 TSX
20150520 20180911 4.1904e-06 3.0132e-10 TSX
20150714 20170822 3.1463e-05 3.0708e-10 TSX
20150725 20170924 1.5197e-05 2.9287e-10 TSX
20150802 20160309 -7.0289e-05 4.9606e-10 TSX
20150805 20160403 -8.7721e-05 4.611e-10 TSX
20150816 20171107 1.3713e-05 2.8845e-10 TSX
20150824 20150915 0.00065172 8.6608e-10 TSX
20150827 20170902 1.2668e-05 2.999e-10 TSX
20150915 20160216 -6.8197e-05 5.6845e-10 TSX
20151021 20160904 -8.2888e-05 4.1275e-10 TSX
20151101 20171016 -1.3376e-06 2.9934e-10 TSX
20151112 20160425 -2.0801e-05 5.361e-10 TSX
20151115 20151229 0.00018514 7.7691e-10 TSX
20151123 20171221 1.4462e-05 2.9617e-10 TSX
20151204 20151215 0.00017209 9.8135e-10 TSX
20151207 20160406 -0.00010413 6.0284e-10 TSX
20151215 20170822 4.2319e-05 3.2379e-10 TSX
20151226 20161223 3.3723e-05 3.9375e-10 TSX
20151229 20160211 -1.043e-06 7.7691e-10 TSX
20160106 20161223 3.792e-05 3.983e-10 TSX
20160117 20160926 3.835e-06 4.5287e-10 TSX
20160128 20160301 -0.00019042 8.1052e-10 TSX
20160208 20160312 -6.0973e-05 8.1052e-10 TSX
20160216 20160309 -0.00038674 8.6608e-10 TSX
20160219 20180319 1.0332e-05 2.9308e-10 TSX
20160301 20161201 4.4052e-05 4.3876e-10 TSX
20160304 20160326 2.8646e-05 8.5237e-10 TSX
20160312 20180319 6.394e-06 2.9722e-10 TSX
20160320 20160411 0.00042448 8.6608e-10 TSX
20160323 20171118 2.6532e-05 3.2032e-10 TSX
20160326 20160406 -0.00049913 9.7113e-10 TSX
20160403 20171027 2.8281e-05 3.3376e-10 TSX
20160425 20170811 2.5697e-05 3.7376e-10 TSX
20160528 20160630 6.8888e-05 8.1052e-10 TSX
20160630 20171118 3.6422e-05 3.4158e-10 TSX
20160722 20161201 7.5004e-05 5.8165e-10 TSX
20160904 20180707 2.4591e-05 3.2318e-10 TSX
20160915 20180911 -1.0616e-05 2.9853e-10 TSX
20160926 20170114 -3.5244e-05 6.1877e-10 TSX
20161201 20171027 7.2048e-07 4.0686e-10 TSX
20161223 20171107 9.9627e-06 4.1185e-10 TSX
20170114 20170902 2.6506e-05 4.6899e-10 TSX
20170811 20171005 -7.0853e-05 7.4469e-10 TSX
20170822 20180707 -9.1023e-05 4.1401e-10 TSX
20170913 20180707 -9.9036e-05 4.2508e-10 TSX
20170924 20180319 -6.8772e-05 5.2318e-10 TSX
20171005 20171107 2.0234e-05 8.1052e-10 TSX
20171016 20180319 -5.7673e-05 5.5019e-10 TSX
20171027 20180911 -9.5563e-05 4.142e-10 TSX
20171107 20171118 7.931e-05 9.8135e-10 TSX
20171118 20171129 5.1499e-05 9.8135e-10 TSX
20171129 20171221 3.5313e-06 8.5449e-10 TSX
20171210 20180820 -9.4811e-05 4.534e-10 TSX
20171221 20180911 -0.00011669 4.458e-10 TSX
20180112 20181003 -3.4405e-05 4.4578e-10 TSX
20180319 20180707 -5.9649e-05 6.1877e-10 TSX
20180707 20180911 9.0664e-05 7.1529e-10 TSX
20180729 20181003 8.5327e-05 7.1528e-10 TSX
20180820 20181003 0.00019954 7.7619e-10 TSX
20180911 20181003 -0.00012288 8.545e-10 TSX
