20030427 20030914 0.00048009 5.654e-10 ERS2
20030914 20080629 5.1943e-05 2.8758e-10 ERS2
20050918 20090510 0.00021951 2.983e-10 ERS2
20051127 20081116 0.00015321 3.0085e-10 ERS2
20060903 20090510 -0.00010491 3.0784e-10 ERS2
20061231 20090105 0.0002038 3.1333e-10 ALOS
20070402 20070703 -0.00016392 6.6726e-10 ALOS
20070518 20091008 0.00013747 3.0042e-10 ALOS
20070818 20071003 -0.00029089 7.7841e-10 ALOS
20071217 20100509 5.4699e-05 3.0322e-10 ALOS
20080103 20100526 4.5487e-05 3.0308e-10 ALOS
20080404 20080520 -6.7892e-05 7.7842e-10 ALOS
20080618 20090921 0.00012805 3.7229e-10 ALOS
20080629 20090510 -0.00019763 4.1303e-10 ERS2
20080705 20091008 0.00027898 3.6512e-10 ALOS
20080803 20090823 -7.3403e-05 3.828e-10 ERS2
20081116 20090823 4.5222e-05 4.3216e-10 ERS2
20081219 20090921 0.00067328 4.4635e-10 ALOS
20090105 20090708 0.0001271 5.288e-10 ALOS
20090510 20091101 0.00012346 5.2203e-10 ERS2
20090708 20091008 0.00090875 6.6721e-10 ALOS
20090823 20091101 -0.00020799 7.0032e-10 ERS2
20091222 20100624 0.0004795 5.2559e-10 ALOS
20100108 20100223 0.00043655 7.7875e-10 ALOS
20100223 20100526 -0.00034161 6.6734e-10 ALOS
20100410 20100711 -0.00013983 6.6719e-10 ALOS
20100509 20100624 0.00095483 7.7617e-10 ALOS
20100526 20100711 0.00077295 7.7846e-10 ALOS
20100624 20101109 0.00030232 5.8416e-10 ALOS
20100711 20101011 0.00041169 6.6722e-10 ALOS
20100809 20101109 6.6441e-05 6.6429e-10 ALOS
20101011 20101126 0.00015259 7.7845e-10 ALOS
20110111 20110226 0.00088127 7.7838e-10 ALOS
20110924 20130715 9.949e-05 3.2297e-10 TSX
20111005 20121229 -0.00013017 3.6869e-10 TSX
20111121 20171221 3.0141e-05 2.5063e-10 TSX
20111221 20130131 -8.6135e-06 3.8563e-10 TSX
20111224 20121027 -2.4296e-05 4.1961e-10 TSX
20120126 20140419 3.4141e-05 2.9144e-10 TSX
20120203 20160320 9.407e-05 2.4855e-10 TSX
20120206 20171107 4.1772e-05 2.4502e-10 TSX
20120617 20171129 6.5374e-05 2.5143e-10 TSX
20120723 20160120 0.00012211 2.6504e-10 TSX
20121024 20130109 0.00011422 7.0327e-10 TSX
20121027 20151226 5.021e-05 2.6816e-10 TSX
20121030 20130311 2.8391e-05 5.8475e-10 TSX
20121107 20171118 4.994e-05 2.5284e-10 TSX
20121221 20160208 7.6995e-05 2.6475e-10 TSX
20121224 20130516 -8.9314e-05 5.6858e-10 TSX
20121229 20130407 4.6116e-05 6.5692e-10 TSX
20130104 20130217 9.9315e-05 7.7563e-10 TSX
20130109 20130715 0.00024835 5.2898e-10 TSX
20130112 20140511 6.1977e-05 3.5412e-10 TSX
20130115 20130721 -0.00010837 5.1401e-10 TSX
20130126 20130823 2.8735e-07 5.3498e-10 TSX
20130131 20130429 -9.7936e-05 6.7918e-10 TSX
20130203 20130729 2.7147e-05 5.2342e-10 TSX
20130211 20130919 0.00024341 4.9605e-10 TSX
20130228 20141209 0.00016584 3.1417e-10 TSX
20130311 20130801 9.6391e-05 5.6852e-10 TSX
20130316 20130623 0.00017179 6.5693e-10 TSX
20130402 20150122 8.776e-05 4.5254e-10 TSX
20130407 20140530 8.1469e-05 3.8093e-10 TSX
20130421 20171016 5.6309e-05 2.6166e-10 TSX
20130424 20130721 -0.00025813 6.6452e-10 TSX
20130429 20130623 -1.1246e-05 7.5708e-10 TSX
20130505 20131028 -0.00067362 6.0048e-10 TSX
20130513 20151112 0.00011449 2.7837e-10 TSX
20130516 20131017 5.9503e-05 5.7388e-10 TSX
20130521 20130715 0.00045355 7.5711e-10 TSX
20130524 20171129 8.1192e-05 2.6081e-10 TSX
20130527 20140627 0.00012165 3.8351e-10 TSX
20130601 20130930 0.00039071 6.1737e-10 TSX
20130604 20141217 8.4964e-05 3.3955e-10 TSX
20130607 20140719 0.00011911 3.7974e-10 TSX
20130612 20150105 0.00010716 3.3767e-10 TSX
20130615 20160106 6.1634e-05 2.793e-10 TSX
20130618 20140708 0.0001088 3.879e-10 TSX
20130623 20130715 0.00079717 8.6637e-10 TSX
20130629 20130914 0.00076338 7.0515e-10 TSX
20130707 20150130 6.0698e-05 3.3713e-10 TSX
20130710 20140901 0.00014039 3.7662e-10 TSX
20130715 20130726 -0.0025112 1.0156e-09 TSX
20130721 20131108 0.0014602 6.4597e-10 TSX
20130726 20150517 7.9039e-05 3.2167e-10 TSX
20130729 20160904 8.879e-06 2.71e-10 TSX
20130801 20151115 0.0001168 2.8726e-10 TSX
20130817 20140209 -3.58e-05 5.4113e-10 TSX
20130828 20150312 9.2084e-05 3.4052e-10 TSX
20130903 20150329 -5.4399e-05 4.1939e-10 TSX
20130919 20160309 5.1154e-05 2.7683e-10 TSX
20130925 20140708 -3.4792e-05 4.5808e-10 TSX
20130930 20160411 3.4753e-05 2.7316e-10 TSX
20131011 20150802 0.00012233 3.1846e-10 TSX
20131017 20140719 8.8507e-05 4.5643e-10 TSX
20131028 20160304 -7.4115e-05 3.2624e-10 TSX
20131102 20140519 -0.00018228 5.1725e-10 TSX
20131108 20140708 7.7389e-05 5.2542e-10 TSX
20140209 20160309 0.00010273 3.0544e-10 TSX
20140223 20140829 0.00011786 5.1142e-10 TSX
20140408 20140705 5.1309e-05 6.6265e-10 TSX
20140419 20170913 3.231e-05 2.6863e-10 TSX
20140511 20141228 9.8377e-05 4.7046e-10 TSX
20140519 20150824 0.00016985 3.6513e-10 TSX
20140624 20171005 7.5554e-05 2.6565e-10 TSX
20140627 20151115 9.496e-05 3.3933e-10 TSX
20140705 20180911 2.9659e-05 2.583e-10 TSX
20140708 20160406 5.9186e-05 3.1114e-10 TSX
20140716 20171005 3.0917e-05 2.676e-10 TSX
20140719 20151207 5.0851e-05 3.4089e-10 TSX
20140727 20150326 9.6512e-07 4.6185e-10 TSX
20140810 20150122 -8.2062e-05 5.4291e-10 TSX
20140818 20160301 -1.2681e-05 3.2574e-10 TSX
20140829 20160208 -1.123e-05 3.3231e-10 TSX
20140901 20140912 -0.00031965 9.714e-10 TSX
20140912 20141209 -8.776e-05 6.6453e-10 TSX
20140920 20170902 1.0463e-05 2.6918e-10 TSX
20141209 20160211 -2.5542e-05 3.6364e-10 TSX
20141217 20160722 -1.1272e-05 3.19e-10 TSX
20141228 20160106 -3.2819e-06 3.8189e-10 TSX
20141231 20151024 0.00014639 4.2512e-10 TSX
20150105 20150824 2.9259e-05 4.8633e-10 TSX
20150108 20170811 3.0043e-05 2.7862e-10 TSX
20150119 20160117 -2.3011e-05 3.8718e-10 TSX
20150127 20160411 1.839e-05 3.7104e-10 TSX
20150130 20151112 4.11e-05 4.2866e-10 TSX
20150210 20170114 -9.9962e-06 3.0065e-10 TSX
20150213 20160326 0.00015882 4.7343e-10 TSX
20150218 20160216 3.6359e-05 4.0282e-10 TSX
20150221 20180112 1.7021e-05 3.2312e-10 TSX
20150304 20180911 2.3889e-05 2.6749e-10 TSX
20150307 20160211 4.8443e-05 4.0062e-10 TSX
20150312 20160320 1.4946e-05 3.9771e-10 TSX
20150326 20150827 8.8446e-06 5.5019e-10 TSX
20150329 20151207 7.2719e-05 4.549e-10 TSX
20150428 20160425 4.4101e-05 3.8695e-10 TSX
20150509 20150827 0.00010503 6.1882e-10 TSX
20150517 20150824 0.00013403 6.5698e-10 TSX
20150520 20180911 1.7542e-05 2.6375e-10 TSX
20150714 20170822 1.3232e-05 2.9512e-10 TSX
20150725 20170924 2.3052e-05 2.9047e-10 TSX
20150802 20160309 -0.00021284 4.9625e-10 TSX
20150805 20160403 -8.0129e-05 4.6153e-10 TSX
20150816 20171107 2.5894e-05 2.9005e-10 TSX
20150824 20150915 0.00084042 8.6627e-10 TSX
20150827 20170902 4.7288e-06 2.9478e-10 TSX
20150915 20160216 -0.00035445 5.6839e-10 TSX
20151021 20160904 -0.00014013 4.1303e-10 TSX
20151101 20171016 2.4461e-06 3.0231e-10 TSX
20151112 20160425 -0.00010523 5.3641e-10 TSX
20151115 20151229 4.4592e-05 7.7563e-10 TSX
20151123 20171221 4.2311e-06 2.9667e-10 TSX
20151204 20151215 0.0001536 9.8184e-10 TSX
20151207 20160406 -0.00022657 6.0228e-10 TSX
20151215 20170822 4.45e-05 3.1519e-10 TSX
20151226 20161223 -7.3102e-07 3.9361e-10 TSX
20151229 20160211 -6.9023e-05 7.7563e-10 TSX
20160106 20161223 2.7191e-05 3.9843e-10 TSX
20160117 20160926 1.6305e-05 4.5318e-10 TSX
20160128 20160301 -0.00014008 8.1049e-10 TSX
20160208 20160312 -0.00017662 8.1049e-10 TSX
20160216 20160309 -0.00042923 8.6627e-10 TSX
20160219 20180319 9.163e-05 2.9599e-10 TSX
20160301 20161201 5.4313e-05 4.3894e-10 TSX
20160304 20160326 8.6554e-05 8.5206e-10 TSX
20160312 20180319 9.7014e-05 2.9796e-10 TSX
20160320 20160411 0.00034098 8.6628e-10 TSX
20160323 20171118 4.9738e-05 3.1822e-10 TSX
20160326 20160406 -0.00054717 9.7133e-10 TSX
20160403 20171027 5.1637e-05 3.2382e-10 TSX
20160425 20170811 4.5314e-05 3.4706e-10 TSX
20160528 20160630 2.6808e-05 8.1049e-10 TSX
20160630 20171118 7.4923e-05 3.397e-10 TSX
20160722 20161201 0.00013337 5.8178e-10 TSX
20160904 20180707 5.6433e-05 3.2326e-10 TSX
20160915 20180911 3.467e-06 3.0123e-10 TSX
20160926 20170114 5.1962e-05 6.1882e-10 TSX
20161201 20171027 3.8565e-05 4.0766e-10 TSX
20161223 20171107 6.7805e-05 4.0957e-10 TSX
20170114 20170902 4.1558e-05 4.6969e-10 TSX
20170811 20171005 -6.5355e-06 7.443e-10 TSX
20170822 20180707 -2.556e-05 4.1389e-10 TSX
20170913 20180707 -4.5148e-05 4.2557e-10 TSX
20170924 20180319 0.00018086 5.2351e-10 TSX
20171005 20171107 7.7558e-05 8.1049e-10 TSX
20171016 20180319 0.00019054 5.5045e-10 TSX
20171027 20180911 -5.775e-05 4.1393e-10 TSX
20171107 20171118 9.1041e-05 9.8184e-10 TSX
20171118 20171129 4.4352e-05 9.8184e-10 TSX
20171129 20171221 -5.3893e-05 8.5475e-10 TSX
20171210 20180820 -0.00010683 4.537e-10 TSX
20171221 20180911 -7.8085e-05 4.4601e-10 TSX
20180112 20181003 0.00013959 4.4608e-10 TSX
20180319 20180707 -0.00036908 6.1873e-10 TSX
20180707 20180911 0.00010071 7.1488e-10 TSX
20180729 20181003 0.0001125 7.1488e-10 TSX
20180820 20181003 0.00026169 7.7593e-10 TSX
20180911 20181003 -8.4919e-05 8.5475e-10 TSX
