20030427 20030914 -0.00029839 5.6735e-10 ERS2
20030914 20080629 -0.0001643 2.8061e-10 ERS2
20050918 20090510 0.00010973 3.1513e-10 ERS2
20051127 20081116 4.0085e-05 3.0247e-10 ERS2
20060903 20090510 0.00015039 3.1793e-10 ERS2
20061231 20090105 -4.1698e-05 3.2979e-10 ALOS
20070402 20070703 -3.3461e-05 6.6944e-10 ALOS
20070518 20091008 0.00039075 3.3151e-10 ALOS
20070818 20071003 -0.00031177 7.8037e-10 ALOS
20071217 20100509 -0.00010257 3.1633e-10 ALOS
20080103 20100526 0.00013156 3.1691e-10 ALOS
20080404 20080520 0.00010251 7.8069e-10 ALOS
20080618 20090921 7.1514e-05 3.7258e-10 ALOS
20080629 20090510 -0.00044763 4.2083e-10 ERS2
20080705 20091008 0.00020465 3.6666e-10 ALOS
20080803 20090823 5.3531e-05 3.8422e-10 ERS2
20081116 20090823 0.00013146 4.352e-10 ERS2
20081219 20090921 0.00027854 4.4818e-10 ALOS
20090105 20090708 7.6009e-05 5.2966e-10 ALOS
20090510 20091101 0.0004545 5.2244e-10 ERS2
20090708 20091008 0.00044448 6.6909e-10 ALOS
20090823 20091101 -0.00028296 7.0121e-10 ERS2
20091222 20100624 0.0001795 5.3179e-10 ALOS
20100108 20100223 0.00037691 7.8057e-10 ALOS
20100223 20100526 7.939e-05 6.6957e-10 ALOS
20100410 20100711 -5.8206e-05 6.7025e-10 ALOS
20100509 20100624 0.00062334 7.7818e-10 ALOS
20100526 20100711 0.00032051 7.8042e-10 ALOS
20100624 20101109 0.00013743 5.8492e-10 ALOS
20100711 20101011 0.00030479 6.6882e-10 ALOS
20100809 20101109 -0.00011131 6.6594e-10 ALOS
20101011 20101126 5.5268e-05 7.8043e-10 ALOS
20110111 20110226 0.00052704 7.8036e-10 ALOS
20110924 20130715 9.9966e-05 4.0338e-10 TSX
20111005 20121229 -8.9013e-05 4.0648e-10 TSX
20111121 20171221 5.4868e-05 4.3915e-10 TSX
20111221 20130131 -6.8905e-06 4.0563e-10 TSX
20111224 20121027 3.8526e-05 4.2753e-10 TSX
20120126 20140419 -1.9112e-05 3.9207e-10 TSX
20120203 20160320 -2.4084e-05 3.5524e-10 TSX
20120206 20171107 -1.85e-05 4.473e-10 TSX
20120617 20171129 3.5379e-05 4.5515e-10 TSX
20120723 20160120 1.737e-05 3.9982e-10 TSX
20121024 20130109 0.0001447 7.0704e-10 TSX
20121027 20151226 8.2607e-05 4.0301e-10 TSX
20121030 20130311 2.6753e-05 5.8576e-10 TSX
20121107 20171118 -3.0942e-06 5.1856e-10 TSX
20121221 20160208 1.9959e-05 4.2111e-10 TSX
20121224 20130516 -0.00016313 5.6869e-10 TSX
20121229 20130407 -4.6172e-05 6.5899e-10 TSX
20130104 20130217 -5.3982e-05 7.7763e-10 TSX
20130109 20130715 0.0003067 5.5695e-10 TSX
20130112 20140511 -8.0659e-05 4.3954e-10 TSX
20130115 20130721 -0.00011856 5.3218e-10 TSX
20130126 20130823 -0.0002817 5.0565e-10 TSX
20130131 20130429 -0.000118 6.8088e-10 TSX
20130203 20130729 -6.3137e-05 5.4338e-10 TSX
20130211 20130919 7.7651e-05 5.1385e-10 TSX
20130228 20141209 4.5499e-06 3.6343e-10 TSX
20130311 20130801 -1.2488e-05 5.7779e-10 TSX
20130316 20130623 -5.6116e-05 6.6083e-10 TSX
20130402 20150122 -1.1242e-05 3.7937e-10 TSX
20130407 20140530 -3.5349e-06 4.2595e-10 TSX
20130421 20171016 2.4744e-05 4.5686e-10 TSX
20130424 20130721 -0.00023047 6.7164e-10 TSX
20130429 20130623 -0.00010336 7.599e-10 TSX
20130505 20131028 -0.00049249 5.3965e-10 TSX
20130513 20151112 2.6829e-05 5.277e-10 TSX
20130516 20131017 -0.0001846 5.6602e-10 TSX
20130521 20130715 0.00036766 7.6047e-10 TSX
20130524 20171129 -3.5181e-05 5.1881e-10 TSX
20130527 20140627 9.4413e-05 4.6198e-10 TSX
20130601 20130930 0.00050959 6.2478e-10 TSX
20130604 20141217 3.492e-05 4.1705e-10 TSX
20130607 20140719 4.9933e-05 4.3944e-10 TSX
20130612 20150105 9.0233e-06 4.4559e-10 TSX
20130615 20160106 4.7989e-05 4.5618e-10 TSX
20130618 20140708 6.7721e-05 4.2332e-10 TSX
20130623 20130715 0.00074588 8.6772e-10 TSX
20130629 20130914 0.00038093 6.9625e-10 TSX
20130707 20150130 4.6011e-05 3.811e-10 TSX
20130710 20140901 5.0131e-05 4.2684e-10 TSX
20130715 20130726 -0.0025583 1.0162e-09 TSX
20130721 20131108 0.00055823 6.2299e-10 TSX
20130726 20150517 6.3587e-05 4.4076e-10 TSX
20130729 20160904 -3.9846e-05 3.8853e-10 TSX
20130801 20151115 -6.8644e-06 3.9995e-10 TSX
20130817 20140209 -9.4089e-05 5.4201e-10 TSX
20130828 20150312 1.6328e-05 3.9781e-10 TSX
20130903 20150329 -5.6227e-06 3.5208e-10 TSX
20130919 20160309 -1.46e-05 3.0347e-10 TSX
20130925 20140708 4.5372e-05 4.3862e-10 TSX
20130930 20160411 -0.00019224 3.5092e-10 TSX
20131011 20150802 -3.4652e-05 3.7923e-10 TSX
20131017 20140719 8.9125e-05 4.4168e-10 TSX
20131028 20160304 6.6598e-05 3.5e-10 TSX
20131102 20140519 -0.00014195 5.1842e-10 TSX
20131108 20140708 7.0551e-05 4.6531e-10 TSX
20140209 20160309 8.8911e-05 3.8399e-10 TSX
20140223 20140829 3.4627e-05 5.1295e-10 TSX
20140408 20140705 -3.5677e-05 6.6323e-10 TSX
20140419 20170913 6.7851e-05 5.0859e-10 TSX
20140511 20141228 2.5636e-05 4.734e-10 TSX
20140519 20150824 7.8836e-05 4.2789e-10 TSX
20140624 20171005 5.7936e-05 4.6825e-10 TSX
20140627 20151115 -8.9462e-06 3.7617e-10 TSX
20140705 20180911 4.2424e-06 4.5371e-10 TSX
20140708 20160406 -9.5025e-06 3.6709e-10 TSX
20140716 20171005 -8.2317e-05 4.6913e-10 TSX
20140719 20151207 6.0772e-05 3.7202e-10 TSX
20140727 20150326 2.7386e-05 4.6311e-10 TSX
20140810 20150122 -7.3692e-05 5.4088e-10 TSX
20140818 20160301 1.0677e-05 3.549e-10 TSX
20140829 20160208 7.8626e-05 4.1324e-10 TSX
20140901 20140912 -0.00029668 9.7201e-10 TSX
20140912 20141209 2.1106e-05 6.6625e-10 TSX
20140920 20170902 -2.7833e-05 3.8849e-10 TSX
20141209 20160211 -2.8367e-05 4.0759e-10 TSX
20141217 20160722 6.6404e-05 3.8505e-10 TSX
20141228 20160106 3.7159e-05 3.9343e-10 TSX
20141231 20151024 6.3691e-05 4.6342e-10 TSX
20150105 20150824 1.9511e-05 5.2071e-10 TSX
20150108 20170811 3.1138e-05 3.4557e-10 TSX
20150119 20160117 6.5058e-05 3.9691e-10 TSX
20150127 20160411 7.3676e-06 4.1116e-10 TSX
20150130 20151112 8.5827e-05 4.3521e-10 TSX
20150210 20170114 2.2403e-05 4.2746e-10 TSX
20150213 20160326 5.7395e-05 4.2728e-10 TSX
20150218 20160216 4.2266e-05 4.1173e-10 TSX
20150221 20180112 7.7694e-05 3.6624e-10 TSX
20150304 20180911 -1.4826e-05 5.2675e-10 TSX
20150307 20160211 2.9835e-05 4.1345e-10 TSX
20150312 20160320 2.0191e-05 4.144e-10 TSX
20150326 20150827 5.9524e-05 5.5234e-10 TSX
20150329 20151207 7.4686e-05 4.6619e-10 TSX
20150428 20160425 4.8771e-05 4.0263e-10 TSX
20150509 20150827 1.6922e-05 6.2058e-10 TSX
20150517 20150824 7.2026e-06 6.6067e-10 TSX
20150520 20180911 1.2587e-05 4.5111e-10 TSX
20150714 20170822 3.7929e-05 4.1928e-10 TSX
20150725 20170924 5.6316e-05 4.2282e-10 TSX
20150802 20160309 -5.4356e-05 5.001e-10 TSX
20150805 20160403 -2.1515e-05 4.6459e-10 TSX
20150816 20171107 8.3317e-05 3.9538e-10 TSX
20150824 20150915 0.00071638 8.6727e-10 TSX
20150827 20170902 1.5009e-05 4.5045e-10 TSX
20150915 20160216 -9.0675e-05 5.7195e-10 TSX
20151021 20160904 -5.9909e-05 4.3371e-10 TSX
20151101 20171016 -1.5146e-05 4.5899e-10 TSX
20151112 20160425 -4.51e-05 5.3693e-10 TSX
20151115 20151229 0.00012922 7.7761e-10 TSX
20151123 20171221 -2.0777e-05 4.577e-10 TSX
20151204 20151215 0.00016548 9.8148e-10 TSX
20151207 20160406 -0.00013895 6.0338e-10 TSX
20151215 20170822 -2.239e-05 3.9261e-10 TSX
20151226 20161223 6.4105e-05 3.9783e-10 TSX
20151229 20160211 4.96e-05 7.7761e-10 TSX
20160106 20161223 3.9175e-05 4.0139e-10 TSX
20160117 20160926 2.7703e-05 4.5787e-10 TSX
20160128 20160301 -0.00012659 8.108e-10 TSX
20160208 20160312 -8.5047e-05 8.108e-10 TSX
20160216 20160309 -0.00038553 8.6727e-10 TSX
20160219 20180319 8.545e-05 3.7078e-10 TSX
20160301 20161201 6.6416e-05 4.404e-10 TSX
20160304 20160326 3.2917e-05 8.5315e-10 TSX
20160312 20180319 2.8116e-05 4.738e-10 TSX
20160320 20160411 0.00037415 8.6728e-10 TSX
20160323 20171118 1.1611e-05 3.9675e-10 TSX
20160326 20160406 -0.00050422 9.7194e-10 TSX
20160403 20171027 5.1195e-05 4.9327e-10 TSX
20160425 20170811 7.7795e-05 4.6629e-10 TSX
20160528 20160630 3.6682e-05 8.108e-10 TSX
20160630 20171118 0.00010518 4.1067e-10 TSX
20160722 20161201 0.00012839 5.8196e-10 TSX
20160904 20180707 5.6354e-05 4.2784e-10 TSX
20160915 20180911 -2.926e-05 4.7988e-10 TSX
20160926 20170114 9.7419e-05 6.2041e-10 TSX
20161201 20171027 4.098e-05 4.858e-10 TSX
20161223 20171107 6.3669e-05 5.0642e-10 TSX
20170114 20170902 -5.715e-05 5.2053e-10 TSX
20170811 20171005 -8.2851e-06 7.4506e-10 TSX
20170822 20180707 -0.00011571 4.192e-10 TSX
20170913 20180707 -0.00013862 4.3452e-10 TSX
20170924 20180319 -2.8352e-05 5.2389e-10 TSX
20171005 20171107 6.0343e-05 8.108e-10 TSX
20171016 20180319 -1.7804e-06 5.506e-10 TSX
20171027 20180911 -9.1391e-05 4.1956e-10 TSX
20171107 20171118 8.1416e-05 9.8148e-10 TSX
20171118 20171129 6.7377e-05 9.8148e-10 TSX
20171129 20171221 2.044e-05 8.547e-10 TSX
20171210 20180820 -0.00012898 4.5505e-10 TSX
20171221 20180911 -0.00015551 4.5228e-10 TSX
20180112 20181003 4.8824e-05 4.5316e-10 TSX
20180319 20180707 -0.00020354 6.1936e-10 TSX
20180707 20180911 0.00024084 7.1565e-10 TSX
20180729 20181003 0.00017574 7.1565e-10 TSX
20180820 20181003 0.00028491 7.7653e-10 TSX
20180911 20181003 -0.00014767 8.547e-10 TSX
