20030427 20030914 0.00081188 6.1032e-10 ERS2
20030914 20080629 0.0001288 2.9747e-10 ERS2
20050918 20090510 -6.577e-06 3.5516e-10 ERS2
20051127 20081116 0.00013651 3.2894e-10 ERS2
20060903 20090510 0.00013207 3.622e-10 ERS2
20061231 20090105 4.3236e-05 3.3117e-10 ALOS
20070402 20070703 8.6693e-06 6.9382e-10 ALOS
20070518 20091008 -5.0666e-05 3.1938e-10 ALOS
20070818 20071003 -0.00035023 8.007e-10 ALOS
20071217 20100509 -0.00011837 3.1967e-10 ALOS
20080103 20100526 -4.3449e-05 3.1906e-10 ALOS
20080404 20080520 -1.9938e-05 8.0069e-10 ALOS
20080618 20090921 -0.00016592 3.8394e-10 ALOS
20080629 20090510 8.5645e-05 4.7097e-10 ERS2
20080705 20091008 0.00013152 3.782e-10 ALOS
20080803 20090823 3.2284e-05 4.1206e-10 ERS2
20081116 20090823 4.3964e-06 4.8385e-10 ERS2
20081219 20090921 0.00083351 4.5817e-10 ALOS
20090105 20090708 0.0002145 5.442e-10 ALOS
20090510 20091101 0.00020863 5.6413e-10 ERS2
20090708 20091008 0.0013379 6.9407e-10 ALOS
20090823 20091101 0.0011741 7.4574e-10 ERS2
20091222 20100624 0.00076728 5.4094e-10 ALOS
20100108 20100223 0.00075804 8.0074e-10 ALOS
20100223 20100526 -0.00018219 6.9383e-10 ALOS
20100410 20100711 -7.9209e-05 6.9381e-10 ALOS
20100509 20100624 0.00076499 7.9845e-10 ALOS
20100526 20100711 0.00061521 8.0074e-10 ALOS
20100624 20101109 0.00022864 6.047e-10 ALOS
20100711 20101011 0.00022598 6.9386e-10 ALOS
20100809 20101109 -1.7656e-05 6.9047e-10 ALOS
20101011 20101126 0.00027341 8.0072e-10 ALOS
20110111 20110226 0.00099562 8.0069e-10 ALOS
20110924 20130715 3.0889e-05 3.4176e-10 TSX
20111005 20121229 -3.5447e-05 3.8266e-10 TSX
20111121 20171221 -1.0328e-05 3.0383e-10 TSX
20111221 20130131 -3.8237e-05 3.9881e-10 TSX
20111224 20121027 1.012e-05 4.6009e-10 TSX
20120126 20140419 1.0541e-05 3.1827e-10 TSX
20120203 20160320 -6.0688e-06 2.8775e-10 TSX
20120206 20171107 -1.8813e-05 3.1087e-10 TSX
20120617 20171129 -2.9775e-05 3.4402e-10 TSX
20120723 20160120 -4.8044e-05 2.8917e-10 TSX
20121024 20130109 -8.9942e-05 7.3127e-10 TSX
20121027 20151226 -1.8195e-06 3e-10 TSX
20121030 20130311 -6.1935e-05 6.0483e-10 TSX
20121107 20171118 -1.2242e-05 3.2736e-10 TSX
20121221 20160208 -1.3913e-05 3.2077e-10 TSX
20121224 20130516 8.0655e-05 5.875e-10 TSX
20121229 20130407 -1.9436e-05 6.8404e-10 TSX
20130104 20130217 0.0001002 7.9773e-10 TSX
20130109 20130715 0.00020325 5.4551e-10 TSX
20130112 20140511 1.9979e-05 3.8957e-10 TSX
20130115 20130721 -6.9084e-05 5.2802e-10 TSX
20130126 20130823 -0.00012287 5.035e-10 TSX
20130131 20130429 9.9026e-05 7.0706e-10 TSX
20130203 20130729 3.9888e-05 5.7267e-10 TSX
20130211 20130919 0.00014991 5.1084e-10 TSX
20130228 20141209 1.336e-05 3.2731e-10 TSX
20130311 20130801 -6.4924e-06 5.8718e-10 TSX
20130316 20130623 -6.8589e-05 6.8405e-10 TSX
20130402 20150122 -1.6695e-05 3.0385e-10 TSX
20130407 20140530 8.0663e-05 3.9424e-10 TSX
20130421 20171016 -6.6702e-06 3.4166e-10 TSX
20130424 20130721 -0.00023795 6.9036e-10 TSX
20130429 20130623 -0.00019551 7.8225e-10 TSX
20130505 20131028 -0.00056444 5.4076e-10 TSX
20130513 20151112 6.6839e-06 3.039e-10 TSX
20130516 20131017 -0.00016094 5.7028e-10 TSX
20130521 20130715 0.00026458 7.8229e-10 TSX
20130524 20171129 -7.2208e-06 3.614e-10 TSX
20130527 20140627 -5.545e-05 3.9299e-10 TSX
20130601 20130930 0.00018601 6.4198e-10 TSX
20130604 20141217 -7.1034e-06 3.7176e-10 TSX
20130607 20140719 5.19e-05 3.8922e-10 TSX
20130612 20150105 -3.1938e-05 3.5449e-10 TSX
20130615 20160106 2.1914e-05 3.0175e-10 TSX
20130618 20140708 -3.8744e-06 3.9729e-10 TSX
20130623 20130715 0.00073461 8.7851e-10 TSX
20130629 20130914 0.00016634 7.1565e-10 TSX
20130707 20150130 -3.2675e-05 3.7275e-10 TSX
20130710 20140901 4.7021e-05 3.8579e-10 TSX
20130715 20130726 -0.0024333 1.0237e-09 TSX
20130721 20131108 0.00092247 6.4433e-10 TSX
20130726 20150517 -0.00012486 3.4078e-10 TSX
20130729 20160904 -3.4848e-05 3.3327e-10 TSX
20130801 20151115 1.8479e-05 3.05e-10 TSX
20130817 20140209 -0.00011055 5.5918e-10 TSX
20130828 20150312 2.6105e-05 3.566e-10 TSX
20130903 20150329 -0.00013807 3.2185e-10 TSX
20130919 20160309 -1.7633e-05 3.0027e-10 TSX
20130925 20140708 -2.7698e-05 4.4138e-10 TSX
20130930 20160411 -3.6436e-05 3.0572e-10 TSX
20131011 20150802 -3.8541e-07 3.3897e-10 TSX
20131017 20140719 -0.0001034 4.4907e-10 TSX
20131028 20160304 -9.4563e-05 2.874e-10 TSX
20131102 20140519 0.00012814 5.3355e-10 TSX
20131108 20140708 -2.8844e-05 4.7354e-10 TSX
20140209 20160309 1.6898e-06 3.2553e-10 TSX
20140223 20140829 2.1825e-05 5.5944e-10 TSX
20140408 20140705 8.6335e-06 7.1833e-10 TSX
20140419 20170913 -8.786e-06 3.1313e-10 TSX
20140511 20141228 3.1859e-05 5.148e-10 TSX
20140519 20150824 -6.6669e-05 3.7837e-10 TSX
20140624 20171005 -9.844e-06 3.4948e-10 TSX
20140627 20151115 5.3463e-05 3.5119e-10 TSX
20140705 20180911 -3.8348e-06 3.2634e-10 TSX
20140708 20160406 3.678e-05 3.2728e-10 TSX
20140716 20171005 1.2659e-05 3.2131e-10 TSX
20140719 20151207 3.2705e-07 3.5171e-10 TSX
20140727 20150326 -3.6701e-05 5.057e-10 TSX
20140810 20150122 -4.955e-05 5.5513e-10 TSX
20140818 20160301 7.9849e-07 3.5332e-10 TSX
20140829 20160208 -2.0257e-06 3.6138e-10 TSX
20140901 20140912 -0.00026598 9.7959e-10 TSX
20140912 20141209 -0.00012388 6.9035e-10 TSX
20140920 20170902 2.5306e-05 3.1517e-10 TSX
20141209 20160211 -2.3534e-05 3.7384e-10 TSX
20141217 20160722 2.6704e-05 3.493e-10 TSX
20141228 20160106 1.1366e-05 4.1504e-10 TSX
20141231 20151024 5.9408e-05 4.3494e-10 TSX
20150105 20150824 -2.6701e-05 5.0044e-10 TSX
20150108 20170811 -1.5869e-05 3.0194e-10 TSX
20150119 20160117 7.2493e-05 4.2078e-10 TSX
20150127 20160411 -6.9027e-06 3.845e-10 TSX
20150130 20151112 4.9307e-05 4.6583e-10 TSX
20150210 20170114 1.3117e-07 3.6976e-10 TSX
20150213 20160326 5.0991e-05 3.7677e-10 TSX
20150218 20160216 1.4124e-05 4.1559e-10 TSX
20150221 20180112 4.261e-06 3.2884e-10 TSX
20150304 20180911 -1.2502e-05 3.1314e-10 TSX
20150307 20160211 -5.4515e-06 4.105e-10 TSX
20150312 20160320 1.4321e-05 4.1064e-10 TSX
20150326 20150827 4.6834e-05 6.0172e-10 TSX
20150329 20151207 -1.2778e-05 4.6585e-10 TSX
20150428 20160425 5.2307e-06 4.2028e-10 TSX
20150509 20150827 5.2396e-05 6.732e-10 TSX
20150517 20150824 0.00014625 6.8404e-10 TSX
20150520 20180911 1.1145e-05 3.2486e-10 TSX
20150714 20170822 -1.9694e-05 4.1234e-10 TSX
20150725 20170924 1.6745e-05 3.727e-10 TSX
20150802 20160309 -0.00015601 5.1085e-10 TSX
20150805 20160403 -2.3875e-05 5.047e-10 TSX
20150816 20171107 -2.3651e-06 3.6572e-10 TSX
20150824 20150915 0.00068535 8.784e-10 TSX
20150827 20170902 2.4695e-05 4.0971e-10 TSX
20150915 20160216 -0.00015479 5.887e-10 TSX
20151021 20160904 -2.372e-05 4.5216e-10 TSX
20151101 20171016 4.742e-06 3.4181e-10 TSX
20151112 20160425 -6.4259e-05 5.8661e-10 TSX
20151115 20151229 0.00012006 7.9773e-10 TSX
20151123 20171221 -2.0882e-05 3.7703e-10 TSX
20151204 20151215 0.00015956 9.9392e-10 TSX
20151207 20160406 -0.00020449 6.2389e-10 TSX
20151215 20170822 -3.0655e-06 3.9729e-10 TSX
20151226 20161223 3.6944e-05 4.3211e-10 TSX
20151229 20160211 4.9063e-05 7.9773e-10 TSX
20160106 20161223 4.2888e-05 4.3759e-10 TSX
20160117 20160926 8.0245e-06 4.9575e-10 TSX
20160128 20160301 -0.00017478 8.387e-10 TSX
20160208 20160312 -8.4837e-05 8.387e-10 TSX
20160216 20160309 -0.00041835 8.784e-10 TSX
20160219 20180319 -5.3656e-06 3.7865e-10 TSX
20160301 20161201 6.7812e-06 4.8128e-10 TSX
20160304 20160326 8.1649e-06 8.6462e-10 TSX
20160312 20180319 -9.9024e-06 3.817e-10 TSX
20160320 20160411 0.00032282 8.784e-10 TSX
20160323 20171118 -1.1074e-05 3.7351e-10 TSX
20160326 20160406 -0.00044429 9.7954e-10 TSX
20160403 20171027 1.8285e-05 3.9859e-10 TSX
20160425 20170811 1.1038e-06 4.0633e-10 TSX
20160528 20160630 -1.0262e-05 8.387e-10 TSX
20160630 20171118 3.6014e-06 3.8255e-10 TSX
20160722 20161201 1.0971e-05 6.3654e-10 TSX
20160904 20180707 2.1744e-05 3.9737e-10 TSX
20160915 20180911 2.4339e-06 3.5434e-10 TSX
20160926 20170114 8.8547e-06 6.7519e-10 TSX
20161201 20171027 3.3558e-05 4.4684e-10 TSX
20161223 20171107 -2.7516e-06 4.5892e-10 TSX
20170114 20170902 4.9925e-05 5.232e-10 TSX
20170811 20171005 -3.1792e-05 7.8848e-10 TSX
20170822 20180707 5.7155e-05 4.544e-10 TSX
20170913 20180707 4.2095e-05 4.6628e-10 TSX
20170924 20180319 2.8149e-05 5.729e-10 TSX
20171005 20171107 3.7498e-05 8.387e-10 TSX
20171016 20180319 -2.9469e-06 6.0248e-10 TSX
20171027 20180911 3.7394e-05 4.5451e-10 TSX
20171107 20171118 7.0517e-05 9.9392e-10 TSX
20171118 20171129 5.0641e-05 9.9392e-10 TSX
20171129 20171221 -2.1898e-05 8.7389e-10 TSX
20171210 20180820 6.3474e-05 4.9709e-10 TSX
20171221 20180911 0.000118 4.8921e-10 TSX
20180112 20181003 -9.5199e-06 4.8868e-10 TSX
20180319 20180707 -3.77e-05 6.7526e-10 TSX
20180707 20180911 0.00020468 7.6469e-10 TSX
20180729 20181003 3.2513e-05 7.6468e-10 TSX
20180820 20181003 0.0001282 8.1293e-10 TSX
20180911 20181003 -0.00016424 8.7394e-10 TSX
