20030427 20030914 0.00074005 5.6547e-10 ERS2
20030914 20080629 -0.00011344 2.8124e-10 ERS2
20050918 20090510 4.8036e-05 3.0024e-10 ERS2
20051127 20081116 8.7068e-05 3.1012e-10 ERS2
20060903 20090510 -9.8359e-05 3.1057e-10 ERS2
20061231 20090105 4.1597e-05 3.1436e-10 ALOS
20070402 20070703 -7.392e-05 6.6637e-10 ALOS
20070518 20091008 3.2208e-06 3.0094e-10 ALOS
20070818 20071003 -0.00017373 7.7516e-10 ALOS
20071217 20100509 6.6582e-05 3.003e-10 ALOS
20080103 20100526 5.8594e-05 3.056e-10 ALOS
20080404 20080520 2.5869e-06 7.753e-10 ALOS
20080618 20090921 1.5511e-05 3.7267e-10 ALOS
20080629 20090510 -0.00014213 4.1274e-10 ERS2
20080705 20091008 -0.00016873 3.659e-10 ALOS
20080803 20090823 4.5413e-05 3.8331e-10 ERS2
20081116 20090823 5.6259e-05 4.3203e-10 ERS2
20081219 20090921 7.9392e-05 4.4714e-10 ALOS
20090105 20090708 -7.5857e-05 5.3214e-10 ALOS
20090510 20091101 0.00020283 5.2073e-10 ERS2
20090708 20091008 0.00022981 6.665e-10 ALOS
20090823 20091101 -0.00068904 6.9851e-10 ERS2
20091222 20100624 4.9237e-05 5.2489e-10 ALOS
20100108 20100223 -0.00036212 7.7566e-10 ALOS
20100223 20100526 -7.0692e-05 6.6636e-10 ALOS
20100410 20100711 -3.2101e-05 6.672e-10 ALOS
20100509 20100624 0.00061581 7.7317e-10 ALOS
20100526 20100711 0.00049775 7.7516e-10 ALOS
20100624 20101109 8.8589e-06 5.8399e-10 ALOS
20100711 20101011 -0.00027364 6.6633e-10 ALOS
20100809 20101109 7.697e-05 6.6357e-10 ALOS
20101011 20101126 0.00031554 7.7516e-10 ALOS
20110111 20110226 0.00042673 7.7515e-10 ALOS
20110924 20130715 -1.54e-06 3.2449e-10 TSX
20111005 20121229 9.0445e-06 3.6874e-10 TSX
20111121 20171221 -4.3082e-06 2.607e-10 TSX
20111221 20130131 8.8735e-06 3.8537e-10 TSX
20111224 20121027 3.0877e-05 4.1928e-10 TSX
20120126 20140419 -2.1179e-05 2.922e-10 TSX
20120203 20160320 -1.3425e-05 2.5925e-10 TSX
20120206 20171107 3.6425e-05 2.7102e-10 TSX
20120617 20171129 3.5488e-05 2.6199e-10 TSX
20120723 20160120 6.1726e-05 2.8115e-10 TSX
20121024 20130109 0.00012612 7.0161e-10 TSX
20121027 20151226 2.1463e-05 2.7721e-10 TSX
20121030 20130311 -2.088e-05 5.8466e-10 TSX
20121107 20171118 3.4169e-05 2.5685e-10 TSX
20121221 20160208 4.8522e-05 2.8027e-10 TSX
20121224 20130516 -4.1535e-05 5.6849e-10 TSX
20121229 20130407 2.1483e-05 6.5612e-10 TSX
20130104 20130217 -7.5128e-05 7.7312e-10 TSX
20130109 20130715 -7.9867e-05 5.2904e-10 TSX
20130112 20140511 -2.5684e-05 3.5366e-10 TSX
20130115 20130721 -0.00012914 5.1395e-10 TSX
20130126 20130823 -0.0001923 5.2218e-10 TSX
20130131 20130429 -0.0001302 6.7801e-10 TSX
20130203 20130729 1.4518e-05 5.2311e-10 TSX
20130211 20130919 1.861e-05 4.9597e-10 TSX
20130228 20141209 1.4569e-05 3.1369e-10 TSX
20130311 20130801 -3.5889e-06 5.6853e-10 TSX
20130316 20130623 -2.2022e-05 6.5613e-10 TSX
20130402 20150122 8.2926e-06 3.4618e-10 TSX
20130407 20140530 -2.3968e-05 3.8084e-10 TSX
20130421 20171016 2.905e-05 2.6625e-10 TSX
20130424 20130721 -0.0001953 6.6405e-10 TSX
20130429 20130623 -1.3978e-05 7.5413e-10 TSX
20130505 20131028 -0.00057577 5.5723e-10 TSX
20130513 20151112 4.2085e-05 2.9285e-10 TSX
20130516 20131017 -0.00013894 5.7645e-10 TSX
20130521 20130715 4.6648e-05 7.5416e-10 TSX
20130524 20171129 3.9609e-05 2.5708e-10 TSX
20130527 20140627 -6.152e-05 3.8512e-10 TSX
20130601 20130930 3.4747e-06 6.1702e-10 TSX
20130604 20141217 3.009e-05 3.3851e-10 TSX
20130607 20140719 2.2934e-05 3.8076e-10 TSX
20130612 20150105 3.9524e-05 3.3835e-10 TSX
20130615 20160106 5.6186e-05 2.8315e-10 TSX
20130618 20140708 3.5488e-05 3.8835e-10 TSX
20130623 20130715 0.00058173 8.6149e-10 TSX
20130629 20130914 0.00015203 6.9029e-10 TSX
20130707 20150130 3.7196e-06 3.3959e-10 TSX
20130710 20140901 4.7817e-05 3.7696e-10 TSX
20130715 20130726 -0.0023061 1.0105e-09 TSX
20130721 20131108 0.00062823 6.3413e-10 TSX
20130726 20150517 4.8541e-05 3.2204e-10 TSX
20130729 20160904 1.8588e-05 2.7412e-10 TSX
20130801 20151115 4.7957e-05 2.9154e-10 TSX
20130817 20140209 5.8892e-05 5.4099e-10 TSX
20130828 20150312 6.6147e-06 3.4057e-10 TSX
20130903 20150329 -0.00014343 3.3572e-10 TSX
20130919 20160309 1.4217e-05 2.7989e-10 TSX
20130925 20140708 9.0165e-05 4.4433e-10 TSX
20130930 20160411 2.8557e-05 2.8085e-10 TSX
20131011 20150802 2.0969e-05 3.2357e-10 TSX
20131017 20140719 -4.776e-05 4.4305e-10 TSX
20131028 20160304 -5.7739e-05 3.2195e-10 TSX
20131102 20140519 -0.00012797 5.1713e-10 TSX
20131108 20140708 0.00011966 4.8182e-10 TSX
20140209 20160309 2.5745e-06 3.1201e-10 TSX
20140223 20140829 2.0588e-05 5.1111e-10 TSX
20140408 20140705 -1.7183e-05 6.6125e-10 TSX
20140419 20170913 8.0992e-05 2.6625e-10 TSX
20140511 20141228 6.543e-05 4.7014e-10 TSX
20140519 20150824 8.7966e-05 3.6541e-10 TSX
20140624 20171005 3.6433e-05 2.6997e-10 TSX
20140627 20151115 7.7666e-05 3.4281e-10 TSX
20140705 20180911 4.1863e-05 2.5913e-10 TSX
20140708 20160406 2.3895e-05 3.165e-10 TSX
20140716 20171005 5.7103e-05 2.7827e-10 TSX
20140719 20151207 3.2193e-05 3.4327e-10 TSX
20140727 20150326 -5.8715e-06 4.615e-10 TSX
20140810 20150122 5.9134e-05 5.3891e-10 TSX
20140818 20160301 5.7574e-05 3.2671e-10 TSX
20140829 20160208 6.1606e-05 3.3491e-10 TSX
20140901 20140912 -0.00029273 9.6733e-10 TSX
20140912 20141209 2.6671e-05 6.6403e-10 TSX
20140920 20170902 4.3737e-05 2.9251e-10 TSX
20141209 20160211 2.657e-05 3.6592e-10 TSX
20141217 20160722 3.8793e-05 3.2932e-10 TSX
20141228 20160106 6.5165e-05 3.8628e-10 TSX
20141231 20151024 4.5939e-05 4.2523e-10 TSX
20150105 20150824 -1.0046e-05 4.8657e-10 TSX
20150108 20170811 6.4415e-05 2.9221e-10 TSX
20150119 20160117 8.4564e-05 3.8865e-10 TSX
20150127 20160411 2.6029e-05 3.7138e-10 TSX
20150130 20151112 7.7811e-05 4.2987e-10 TSX
20150210 20170114 5.4111e-05 3.0463e-10 TSX
20150213 20160326 7.3092e-05 4.0751e-10 TSX
20150218 20160216 4.8319e-05 4.0344e-10 TSX
20150221 20180112 6.0401e-05 2.7367e-10 TSX
20150304 20180911 6.7576e-05 2.7809e-10 TSX
20150307 20160211 4.6714e-05 4.0137e-10 TSX
20150312 20160320 2.271e-05 3.9905e-10 TSX
20150326 20150827 0.0001089 5.4956e-10 TSX
20150329 20151207 1.9664e-05 4.5498e-10 TSX
20150428 20160425 7.7883e-05 3.901e-10 TSX
20150509 20150827 0.00011504 6.1817e-10 TSX
20150517 20150824 -7.656e-05 6.5641e-10 TSX
20150520 20180911 5.4937e-05 2.6346e-10 TSX
20150714 20170822 9.5138e-05 3.0025e-10 TSX
20150725 20170924 2.5774e-05 2.9619e-10 TSX
20150802 20160309 4.2914e-05 4.9599e-10 TSX
20150805 20160403 3.964e-05 4.6114e-10 TSX
20150816 20171107 5.8754e-05 2.9009e-10 TSX
20150824 20150915 0.00068626 8.614e-10 TSX
20150827 20170902 4.7069e-05 3.0435e-10 TSX
20150915 20160216 -3.9514e-05 5.6824e-10 TSX
20151021 20160904 -3.7941e-05 4.1307e-10 TSX
20151101 20171016 6.7941e-05 3.02e-10 TSX
20151112 20160425 1.1423e-05 5.361e-10 TSX
20151115 20151229 0.00013454 7.7312e-10 TSX
20151123 20171221 4.3025e-05 2.9782e-10 TSX
20151204 20151215 0.00017973 9.7724e-10 TSX
20151207 20160406 -5.0055e-05 6.0216e-10 TSX
20151215 20170822 7.6076e-05 3.1983e-10 TSX
20151226 20161223 6.0787e-05 3.9357e-10 TSX
20151229 20160211 -3.0661e-06 7.7312e-10 TSX
20160106 20161223 7.0887e-05 3.9834e-10 TSX
20160117 20160926 0.00010576 4.5285e-10 TSX
20160128 20160301 -0.00018339 8.0609e-10 TSX
20160208 20160312 -4.4498e-05 8.0609e-10 TSX
20160216 20160309 -0.00040788 8.614e-10 TSX
20160219 20180319 3.1346e-05 2.9455e-10 TSX
20160301 20161201 0.00012404 4.3865e-10 TSX
20160304 20160326 7.0381e-05 8.4831e-10 TSX
20160312 20180319 1.3694e-05 2.9678e-10 TSX
20160320 20160411 0.00035298 8.6141e-10 TSX
20160323 20171118 5.4489e-05 3.1843e-10 TSX
20160326 20160406 -0.00054051 9.6725e-10 TSX
20160403 20171027 8.1326e-05 3.2363e-10 TSX
20160425 20170811 7.4885e-05 3.4787e-10 TSX
20160528 20160630 5.9218e-05 8.0609e-10 TSX
20160630 20171118 6.0704e-05 3.3981e-10 TSX
20160722 20161201 0.00021916 5.8131e-10 TSX
20160904 20180707 2.7389e-05 3.2533e-10 TSX
20160915 20180911 -2.5956e-06 3.0035e-10 TSX
20160926 20170114 7.9015e-07 6.1797e-10 TSX
20161201 20171027 1.6051e-05 4.0691e-10 TSX
20161223 20171107 1.3807e-05 4.0884e-10 TSX
20170114 20170902 6.4228e-05 4.6859e-10 TSX
20170811 20171005 -1.9694e-05 7.4111e-10 TSX
20170822 20180707 -9.7795e-05 4.1371e-10 TSX
20170913 20180707 -0.00014935 4.2503e-10 TSX
20170924 20180319 -0.00010376 5.2319e-10 TSX
20171005 20171107 3.8046e-05 8.0609e-10 TSX
20171016 20180319 -9.9577e-05 5.5007e-10 TSX
20171027 20180911 -3.6818e-05 4.1368e-10 TSX
20171107 20171118 7.9884e-05 9.7724e-10 TSX
20171118 20171129 4.9655e-05 9.7724e-10 TSX
20171129 20171221 -4.6427e-06 8.5012e-10 TSX
20171210 20180820 -4.1723e-05 4.5343e-10 TSX
20171221 20180911 -1.6768e-05 4.4576e-10 TSX
20180112 20181003 -3.3399e-06 4.4568e-10 TSX
20180319 20180707 -8.6306e-05 6.1796e-10 TSX
20180707 20180911 0.00031049 7.1237e-10 TSX
20180729 20181003 5.4773e-05 7.1237e-10 TSX
20180820 20181003 0.00012683 7.7206e-10 TSX
20180911 20181003 -0.00017332 8.5012e-10 TSX
