20030427 20030914 0.00011799 8.2493e-10 ERS2
20030914 20080629 -3.8768e-05 7.6795e-10 ERS2
20050918 20090510 1.1612e-05 7.9097e-10 ERS2
20051127 20081116 1.7254e-05 7.529e-10 ERS2
20060903 20090510 3.2915e-05 7.8387e-10 ERS2
20061231 20090105 6.286e-05 8.2927e-10 ALOS
20070402 20070703 -9.1045e-05 8.4895e-10 ALOS
20070518 20091008 -1.1055e-05 8.2804e-10 ALOS
20070818 20071003 -0.00035704 8.608e-10 ALOS
20071217 20100509 -4.031e-05 8.0664e-10 ALOS
20080103 20100526 2.0375e-05 8.1183e-10 ALOS
20080404 20080520 3.3386e-05 8.6068e-10 ALOS
20080618 20090921 -1.8343e-05 8.2077e-10 ALOS
20080629 20090510 -0.00066138 7.2714e-10 ERS2
20080705 20091008 -8.359e-05 8.1818e-10 ALOS
20080803 20090823 -4.3188e-05 7.4827e-10 ERS2
20081116 20090823 2.1835e-05 7.9276e-10 ERS2
20081219 20090921 0.00023431 8.2428e-10 ALOS
20090105 20090708 9.3399e-05 8.4149e-10 ALOS
20090510 20091101 0.00030308 7.8908e-10 ERS2
20090708 20091008 0.0003299 8.4923e-10 ALOS
20090823 20091101 0.00038114 8.3877e-10 ERS2
20091222 20100624 0.00016642 8.334e-10 ALOS
20100108 20100223 0.00023828 8.6073e-10 ALOS
20100223 20100526 -5.874e-05 8.511e-10 ALOS
20100410 20100711 -7.7095e-05 8.4881e-10 ALOS
20100509 20100624 0.00066428 8.5988e-10 ALOS
20100526 20100711 0.00044353 8.6093e-10 ALOS
20100624 20101109 -3.3913e-05 8.4113e-10 ALOS
20100711 20101011 -2.483e-05 8.4899e-10 ALOS
20100809 20101109 -3.7623e-05 8.4788e-10 ALOS
20101011 20101126 0.00021706 8.6083e-10 ALOS
20110111 20110226 0.00062905 8.6084e-10 ALOS
20110924 20130715 4.6686e-05 8.2098e-10 TSX
20111005 20121229 -1.4605e-05 8.3559e-10 TSX
20111121 20171221 -3.4971e-06 7.4677e-10 TSX
20111221 20130131 2.5822e-05 8.2526e-10 TSX
20111224 20121027 -3.5394e-05 7.1617e-10 TSX
20120126 20140419 -2.3957e-05 6.8337e-10 TSX
20120203 20160320 4.6774e-06 8.4353e-10 TSX
20120206 20171107 -5.1209e-06 7.4282e-10 TSX
20120617 20171129 1.4802e-05 7.3969e-10 TSX
20120723 20160120 3.0795e-05 8.4352e-10 TSX
20121024 20130109 6.9002e-05 8.5313e-10 TSX
20121027 20151226 5.3209e-06 7.4585e-10 TSX
20121030 20130311 4.8988e-05 8.3523e-10 TSX
20121107 20171118 5.4603e-07 8.0257e-10 TSX
20121221 20160208 9.2043e-06 7.5998e-10 TSX
20121224 20130516 -6.5757e-05 8.3446e-10 TSX
20121229 20130407 3.5698e-05 8.4938e-10 TSX
20130104 20130217 3.5634e-05 8.5819e-10 TSX
20130109 20130715 0.00013117 8.4425e-10 TSX
20130112 20140511 -2.4937e-05 7.0383e-10 TSX
20130115 20130721 -0.00010635 8.2472e-10 TSX
20130126 20130823 -9.4096e-05 8.1649e-10 TSX
20130131 20130429 -1.9039e-05 8.5108e-10 TSX
20130203 20130729 7.8112e-06 7.6892e-10 TSX
20130211 20130919 3.1216e-05 8.3455e-10 TSX
20130228 20141209 4.4414e-05 7.9388e-10 TSX
20130311 20130801 -3.8467e-05 8.3396e-10 TSX
20130316 20130623 7.0597e-06 8.494e-10 TSX
20130402 20150122 8.0911e-05 8.2803e-10 TSX
20130407 20140530 2.5156e-05 8.2436e-10 TSX
20130421 20171016 -3.7671e-06 7.0732e-10 TSX
20130424 20130721 -0.00020568 8.4537e-10 TSX
20130429 20130623 -7.3792e-05 8.5835e-10 TSX
20130505 20131028 -0.00046873 8.3719e-10 TSX
20130513 20151112 1.4396e-05 7.4364e-10 TSX
20130516 20131017 -0.00018537 8.3334e-10 TSX
20130521 20130715 0.0002258 8.5837e-10 TSX
20130524 20171129 1.5427e-05 7.0334e-10 TSX
20130527 20140627 2.0294e-05 8.1022e-10 TSX
20130601 20130930 0.00014425 8.4632e-10 TSX
20130604 20141217 2.0843e-05 6.9044e-10 TSX
20130607 20140719 2.6627e-05 8.1004e-10 TSX
20130612 20150105 2.318e-05 8.1956e-10 TSX
20130615 20160106 8.2076e-06 7.3035e-10 TSX
20130618 20140708 -5.2425e-06 8.1143e-10 TSX
20130623 20130715 0.00065722 8.9812e-10 TSX
20130629 20130914 0.00018718 8.4995e-10 TSX
20130707 20150130 -2.6364e-05 6.7297e-10 TSX
20130710 20140901 1.8937e-05 8.0969e-10 TSX
20130715 20130726 -0.0024409 1.0333e-09 TSX
20130721 20131108 0.00062957 8.5236e-10 TSX
20130726 20150517 6.0375e-05 8.2773e-10 TSX
20130729 20160904 -4.2689e-06 6.9947e-10 TSX
20130801 20151115 3.1241e-05 7.9991e-10 TSX
20130817 20140209 -1.4149e-05 8.3942e-10 TSX
20130828 20150312 4.0203e-05 8.1921e-10 TSX
20130903 20150329 -8.3484e-05 8.5055e-10 TSX
20130919 20160309 2.3907e-05 8.2749e-10 TSX
20130925 20140708 1.4916e-05 8.3295e-10 TSX
20130930 20160411 6.3121e-06 8.3423e-10 TSX
20131011 20150802 2.5003e-05 8.2502e-10 TSX
20131017 20140719 5.9774e-05 8.2069e-10 TSX
20131028 20160304 -5.7321e-06 8.4899e-10 TSX
20131102 20140519 -3.2271e-05 8.37e-10 TSX
20131108 20140708 0.00010809 8.179e-10 TSX
20140209 20160309 2.6145e-05 8.2702e-10 TSX
20140223 20140829 3.3541e-05 7.6349e-10 TSX
20140408 20140705 -9.3537e-06 8.2078e-10 TSX
20140419 20170913 1.4337e-05 7.0602e-10 TSX
20140511 20141228 5.1694e-05 7.4253e-10 TSX
20140519 20150824 4.4562e-05 8.2509e-10 TSX
20140624 20171005 1.8691e-05 7.1797e-10 TSX
20140627 20151115 -1.2521e-05 8.0787e-10 TSX
20140705 20180911 2.0267e-05 6.7015e-10 TSX
20140708 20160406 5.028e-05 8.2789e-10 TSX
20140716 20171005 4.7333e-06 7.2212e-10 TSX
20140719 20151207 5.2935e-06 8.2085e-10 TSX
20140727 20150326 -6.6129e-05 7.3815e-10 TSX
20140810 20150122 5.9273e-05 8.3238e-10 TSX
20140818 20160301 -1.233e-05 6.6843e-10 TSX
20140829 20160208 1.2368e-06 6.7205e-10 TSX
20140901 20140912 -0.00028921 9.8939e-10 TSX
20140912 20141209 1.3597e-05 8.448e-10 TSX
20140920 20170902 6.8172e-06 7.0662e-10 TSX
20141209 20160211 -1.8052e-05 8.1581e-10 TSX
20141217 20160722 6.7088e-06 7.5905e-10 TSX
20141228 20160106 -5.3009e-06 6.9439e-10 TSX
20141231 20151024 1.9585e-05 8.1372e-10 TSX
20150105 20150824 -1.2942e-06 8.4176e-10 TSX
20150108 20170811 1.3406e-05 7.2653e-10 TSX
20150119 20160117 6.1992e-05 7.0556e-10 TSX
20150127 20160411 3.3711e-05 8.3144e-10 TSX
20150130 20151112 5.766e-05 7.3786e-10 TSX
20150210 20170114 6.0073e-07 6.7621e-10 TSX
20150213 20160326 6.9421e-05 8.4563e-10 TSX
20150218 20160216 2.407e-05 8.2709e-10 TSX
20150221 20180112 3.474e-06 6.6566e-10 TSX
20150304 20180911 -7.9666e-06 7.3868e-10 TSX
20150307 20160211 1.2275e-06 8.2703e-10 TSX
20150312 20160320 -9.6967e-06 8.3761e-10 TSX
20150326 20150827 7.7424e-05 7.8014e-10 TSX
20150329 20151207 -7.4645e-06 8.2515e-10 TSX
20150428 20160425 4.6056e-05 7.1463e-10 TSX
20150509 20150827 4.5958e-05 8.1719e-10 TSX
20150517 20150824 -7.0094e-05 8.5018e-10 TSX
20150520 20180911 -9.9422e-07 7.1686e-10 TSX
20150714 20170822 5.9957e-06 6.6273e-10 TSX
20150725 20170924 -8.058e-07 6.869e-10 TSX
20150802 20160309 -2.5865e-05 8.3541e-10 TSX
20150805 20160403 8.7861e-05 7.3704e-10 TSX
20150816 20171107 -1.6531e-06 6.873e-10 TSX
20150824 20150915 0.00067751 8.9802e-10 TSX
20150827 20170902 2.5655e-05 6.3385e-10 TSX
20150915 20160216 -6.5122e-05 8.4199e-10 TSX
20151021 20160904 -2.5359e-05 7.0874e-10 TSX
20151101 20171016 1.6169e-06 6.1756e-10 TSX
20151112 20160425 -9.6907e-06 7.8231e-10 TSX
20151115 20151229 0.00014668 8.5819e-10 TSX
20151123 20171221 -1.5799e-05 7.0221e-10 TSX
20151204 20151215 0.00015509 9.9837e-10 TSX
20151207 20160406 -5.8605e-05 8.3752e-10 TSX
20151215 20170822 -6.5309e-06 6.4512e-10 TSX
20151226 20161223 2.0139e-05 7.1244e-10 TSX
20151229 20160211 8.8144e-06 8.5819e-10 TSX
20160106 20161223 6.1092e-06 7.0508e-10 TSX
20160117 20160926 1.3921e-05 7.3187e-10 TSX
20160128 20160301 -0.00017755 8.623e-10 TSX
20160208 20160312 -8.177e-05 8.623e-10 TSX
20160216 20160309 -0.00038867 8.9802e-10 TSX
20160219 20180319 4.7898e-06 6.4543e-10 TSX
20160301 20161201 8.1357e-05 7.2585e-10 TSX
20160304 20160326 4.7468e-05 8.8606e-10 TSX
20160312 20180319 1.3358e-05 6.3983e-10 TSX
20160320 20160411 0.00039272 8.9803e-10 TSX
20160323 20171118 2.8125e-05 6.624e-10 TSX
20160326 20160406 -0.00051731 9.8931e-10 TSX
20160403 20171027 4.1723e-05 7.2154e-10 TSX
20160425 20170811 3.2806e-05 6.8189e-10 TSX
20160528 20160630 2.688e-06 8.623e-10 TSX
20160630 20171118 3.1219e-05 6.6088e-10 TSX
20160722 20161201 8.2277e-05 7.9485e-10 TSX
20160904 20180707 -1.229e-05 6.6498e-10 TSX
20160915 20180911 -2.1128e-05 6.335e-10 TSX
20160926 20170114 1.2289e-05 8.0649e-10 TSX
20161201 20171027 1.9298e-05 7.0777e-10 TSX
20161223 20171107 3.3921e-05 7.0304e-10 TSX
20170114 20170902 3.5656e-05 7.4712e-10 TSX
20170811 20171005 -5.572e-05 8.4261e-10 TSX
20170822 20180707 -6.167e-05 7.1312e-10 TSX
20170913 20180707 -3.7853e-05 7.1907e-10 TSX
20170924 20180319 -7.3091e-05 7.6954e-10 TSX
20171005 20171107 5.4591e-05 8.623e-10 TSX
20171016 20180319 -4.4415e-05 7.82e-10 TSX
20171027 20180911 -2.4518e-05 7.1333e-10 TSX
20171107 20171118 7.6858e-05 9.9837e-10 TSX
20171118 20171129 4.7701e-05 9.9837e-10 TSX
20171129 20171221 -2.6597e-05 8.8592e-10 TSX
20171210 20180820 -9.4939e-05 7.3413e-10 TSX
20171221 20180911 -3.7506e-06 7.2977e-10 TSX
20180112 20181003 7.5949e-05 7.2973e-10 TSX
20180319 20180707 -0.00010936 8.0699e-10 TSX
20180707 20180911 0.00018997 8.3514e-10 TSX
20180729 20181003 4.5585e-05 8.3514e-10 TSX
20180820 20181003 0.00016907 8.5095e-10 TSX
20180911 20181003 -0.00014859 8.8592e-10 TSX
