20030427 20030914 0.00019149 5.6609e-10 ERS2
20030914 20080629 -0.00021776 2.8838e-10 ERS2
20050918 20090510 2.0234e-05 3.0004e-10 ERS2
20051127 20081116 7.2512e-05 3.033e-10 ERS2
20060903 20090510 7.9514e-05 3.1221e-10 ERS2
20061231 20090105 -7.063e-06 3.1548e-10 ALOS
20070402 20070703 1.2711e-05 6.6858e-10 ALOS
20070518 20091008 3.5324e-05 3.1656e-10 ALOS
20070818 20071003 -0.00022752 7.792e-10 ALOS
20071217 20100509 -0.00014087 3.0151e-10 ALOS
20080103 20100526 -0.00015707 3.3129e-10 ALOS
20080404 20080520 0.00016063 7.7943e-10 ALOS
20080618 20090921 -0.00010057 3.7174e-10 ALOS
20080629 20090510 -0.000301 4.2808e-10 ERS2
20080705 20091008 -7.908e-05 3.6511e-10 ALOS
20080803 20090823 4.5809e-05 3.8329e-10 ERS2
20081116 20090823 0.0001298 4.3197e-10 ERS2
20081219 20090921 0.00031396 4.5145e-10 ALOS
20090105 20090708 -2.6892e-05 5.3362e-10 ALOS
20090510 20091101 0.00017302 5.2165e-10 ERS2
20090708 20091008 0.00017046 6.6882e-10 ALOS
20090823 20091101 0.00022023 6.9917e-10 ERS2
20091222 20100624 0.00025691 5.2863e-10 ALOS
20100108 20100223 0.00021663 7.7974e-10 ALOS
20100223 20100526 5.4661e-07 6.6897e-10 ALOS
20100410 20100711 9.1001e-05 6.6955e-10 ALOS
20100509 20100624 0.00075164 7.7684e-10 ALOS
20100526 20100711 0.00053699 7.7918e-10 ALOS
20100624 20101109 -3.0348e-05 5.8477e-10 ALOS
20100711 20101011 -0.00016516 6.6822e-10 ALOS
20100809 20101109 -0.00014304 6.6527e-10 ALOS
20101011 20101126 0.00024464 7.7915e-10 ALOS
20110111 20110226 0.00045439 7.7912e-10 ALOS
20110924 20130715 3.6707e-05 3.5603e-10 TSX
20111005 20121229 -6.6907e-06 4.0197e-10 TSX
20111121 20171221 4.9824e-05 3.9585e-10 TSX
20111221 20130131 6.5817e-06 3.8757e-10 TSX
20111224 20121027 1.1066e-05 4.2004e-10 TSX
20120126 20140419 1.9317e-05 3.9668e-10 TSX
20120203 20160320 -3.7207e-05 3.0612e-10 TSX
20120206 20171107 -2.2717e-05 5.3782e-10 TSX
20120617 20171129 -2.9552e-05 5.2439e-10 TSX
20120723 20160120 7.327e-05 4.1009e-10 TSX
20121024 20130109 8.2157e-05 7.0473e-10 TSX
20121027 20151226 2.4545e-05 5.2176e-10 TSX
20121030 20130311 -1.654e-07 5.851e-10 TSX
20121107 20171118 4.4891e-05 3.9359e-10 TSX
20121221 20160208 2.9117e-06 3.4907e-10 TSX
20121224 20130516 1.0525e-07 5.6889e-10 TSX
20121229 20130407 3.5328e-05 6.5837e-10 TSX
20130104 20130217 -3.9148e-05 7.7598e-10 TSX
20130109 20130715 8.6093e-05 5.5062e-10 TSX
20130112 20140511 -6.8546e-05 4.4129e-10 TSX
20130115 20130721 -0.00012295 5.5719e-10 TSX
20130126 20130823 -0.00026731 5.6071e-10 TSX
20130131 20130429 3.3332e-06 6.8046e-10 TSX
20130203 20130729 -1.5015e-06 5.284e-10 TSX
20130211 20130919 5.5472e-05 5.1714e-10 TSX
20130228 20141209 -1.6052e-05 3.4812e-10 TSX
20130311 20130801 -1.1552e-05 5.752e-10 TSX
20130316 20130623 -0.00010899 6.5941e-10 TSX
20130402 20150122 -4.5603e-05 4.8736e-10 TSX
20130407 20140530 -2.0216e-05 4.1462e-10 TSX
20130421 20171016 -3.6376e-05 3.6289e-10 TSX
20130424 20130721 -0.00023922 6.6729e-10 TSX
20130429 20130623 -0.00010722 7.5831e-10 TSX
20130505 20131028 -0.00061292 5.5537e-10 TSX
20130513 20151112 -8.4496e-06 4.3673e-10 TSX
20130516 20131017 -0.00011237 5.9309e-10 TSX
20130521 20130715 0.00018045 7.5893e-10 TSX
20130524 20171129 7.351e-05 6.0287e-10 TSX
20130527 20140627 -1.5967e-05 3.9725e-10 TSX
20130601 20130930 7.6899e-05 6.2085e-10 TSX
20130604 20141217 -3.3439e-05 4.5977e-10 TSX
20130607 20140719 1.0759e-05 3.9605e-10 TSX
20130612 20150105 2.0868e-05 3.9978e-10 TSX
20130615 20160106 -4.3928e-05 4.3609e-10 TSX
20130618 20140708 -5.563e-05 3.8967e-10 TSX
20130623 20130715 0.00067675 8.6662e-10 TSX
20130629 20130914 0.00010617 6.9381e-10 TSX
20130707 20150130 2.7876e-05 3.8219e-10 TSX
20130710 20140901 6.1993e-06 3.868e-10 TSX
20130715 20130726 -0.0024214 1.0157e-09 TSX
20130721 20131108 0.00048481 6.7076e-10 TSX
20130726 20150517 -1.9624e-06 3.6437e-10 TSX
20130729 20160904 2.4101e-06 4.499e-10 TSX
20130801 20151115 -1.2505e-05 3.7662e-10 TSX
20130817 20140209 -7.4166e-05 5.4201e-10 TSX
20130828 20150312 5.8333e-05 3.5777e-10 TSX
20130903 20150329 -6.397e-05 4.7832e-10 TSX
20130919 20160309 1.7381e-05 4.2642e-10 TSX
20130925 20140708 1.0448e-05 4.437e-10 TSX
20130930 20160411 0.00020468 3.1799e-10 TSX
20131011 20150802 -1.5694e-05 3.7563e-10 TSX
20131017 20140719 5.0781e-06 4.4637e-10 TSX
20131028 20160304 -0.00016439 3.7798e-10 TSX
20131102 20140519 1.7828e-05 5.179e-10 TSX
20131108 20140708 -2.9383e-06 4.8779e-10 TSX
20140209 20160309 3.6388e-05 3.7376e-10 TSX
20140223 20140829 -3.9901e-06 5.1467e-10 TSX
20140408 20140705 2.4797e-06 6.6204e-10 TSX
20140419 20170913 -4.5903e-05 4.0921e-10 TSX
20140511 20141228 5.9458e-05 4.8244e-10 TSX
20140519 20150824 1.2011e-06 4.142e-10 TSX
20140624 20171005 8.1047e-05 4.5092e-10 TSX
20140627 20151115 -6.0424e-05 3.8118e-10 TSX
20140705 20180911 -2.1205e-07 4.4774e-10 TSX
20140708 20160406 -0.0001041 4.1221e-10 TSX
20140716 20171005 2.652e-05 5.2327e-10 TSX
20140719 20151207 -4.8096e-05 3.9638e-10 TSX
20140727 20150326 -1.1506e-05 4.6359e-10 TSX
20140810 20150122 -2.3232e-05 5.438e-10 TSX
20140818 20160301 4.2662e-05 3.9609e-10 TSX
20140829 20160208 -0.000102 3.7723e-10 TSX
20140901 20140912 -0.00027403 9.7107e-10 TSX
20140912 20141209 -2.442e-05 6.6517e-10 TSX
20140920 20170902 1.5033e-05 4.9421e-10 TSX
20141209 20160211 -9.4585e-08 4.0817e-10 TSX
20141217 20160722 -3.1073e-05 4.7385e-10 TSX
20141228 20160106 -1.6697e-05 4.2214e-10 TSX
20141231 20151024 1.613e-05 4.5027e-10 TSX
20150105 20150824 -6.4628e-05 5.0096e-10 TSX
20150108 20170811 -1.6001e-05 4.3009e-10 TSX
20150119 20160117 5.1892e-05 4.7901e-10 TSX
20150127 20160411 7.7085e-06 4.3598e-10 TSX
20150130 20151112 8.5042e-05 4.6047e-10 TSX
20150210 20170114 0.00019655 3.4336e-10 TSX
20150213 20160326 -0.00014176 4.1348e-10 TSX
20150218 20160216 -2.3661e-05 4.1706e-10 TSX
20150221 20180112 3.492e-06 4.5715e-10 TSX
20150304 20180911 7.9984e-05 3.8659e-10 TSX
20150307 20160211 -2.6133e-05 4.1807e-10 TSX
20150312 20160320 -5.5431e-05 4.2466e-10 TSX
20150326 20150827 -1.2069e-05 5.6928e-10 TSX
20150329 20151207 -0.00010724 4.6851e-10 TSX
20150428 20160425 0.00010585 4.7204e-10 TSX
20150509 20150827 -0.00011589 6.3209e-10 TSX
20150517 20150824 -0.0001937 6.6062e-10 TSX
20150520 20180911 2.7436e-05 4.2848e-10 TSX
20150714 20170822 -8.242e-05 4.5134e-10 TSX
20150725 20170924 5.4806e-05 4.2268e-10 TSX
20150802 20160309 -6.038e-05 5.0028e-10 TSX
20150805 20160403 1.144e-05 4.6947e-10 TSX
20150816 20171107 2.7288e-05 4.7252e-10 TSX
20150824 20150915 0.00069641 8.6652e-10 TSX
20150827 20170902 2.5933e-05 4.207e-10 TSX
20150915 20160216 -0.0001072 5.7382e-10 TSX
20151021 20160904 -7.476e-05 4.3722e-10 TSX
20151101 20171016 9.8234e-05 4.2731e-10 TSX
20151112 20160425 2.3387e-06 5.3736e-10 TSX
20151115 20151229 9.7391e-05 7.7597e-10 TSX
20151123 20171221 1.9709e-05 4.6065e-10 TSX
20151204 20151215 0.00016273 9.8017e-10 TSX
20151207 20160406 9.1871e-06 6.027e-10 TSX
20151215 20170822 -4.424e-05 4.9761e-10 TSX
20151226 20161223 2.6829e-05 4.0028e-10 TSX
20151229 20160211 -3.0546e-05 7.7598e-10 TSX
20160106 20161223 4.8478e-05 3.9993e-10 TSX
20160117 20160926 3.663e-05 4.7285e-10 TSX
20160128 20160301 -0.00025195 8.0853e-10 TSX
20160208 20160312 -0.00012332 8.0853e-10 TSX
20160216 20160309 -0.00039205 8.6652e-10 TSX
20160219 20180319 3.0672e-05 4.2328e-10 TSX
20160301 20161201 8.1083e-05 4.3891e-10 TSX
20160304 20160326 7.6866e-05 8.5191e-10 TSX
20160312 20180319 -1.7061e-05 4.4718e-10 TSX
20160320 20160411 0.00033552 8.6653e-10 TSX
20160323 20171118 1.0462e-05 4.2856e-10 TSX
20160326 20160406 -0.00052787 9.7099e-10 TSX
20160403 20171027 -9.9035e-05 4.8603e-10 TSX
20160425 20170811 0.00013725 3.8796e-10 TSX
20160528 20160630 1.3205e-05 8.0853e-10 TSX
20160630 20171118 3.5918e-05 4.3261e-10 TSX
20160722 20161201 0.00012804 5.8286e-10 TSX
20160904 20180707 -3.4522e-06 5.1356e-10 TSX
20160915 20180911 -6.2319e-05 5.0401e-10 TSX
20160926 20170114 5.9155e-05 6.2849e-10 TSX
20161201 20171027 -7.8085e-05 5.2652e-10 TSX
20161223 20171107 -9.2503e-05 4.7058e-10 TSX
20170114 20170902 3.4131e-05 4.983e-10 TSX
20170811 20171005 -1.7798e-05 7.4269e-10 TSX
20170822 20180707 -0.00010559 4.1422e-10 TSX
20170913 20180707 -0.00014439 4.2605e-10 TSX
20170924 20180319 -2.5424e-05 5.2341e-10 TSX
20171005 20171107 8.4102e-05 8.0853e-10 TSX
20171016 20180319 -1.8194e-05 5.5024e-10 TSX
20171027 20180911 -4.0808e-05 4.1366e-10 TSX
20171107 20171118 7.3316e-05 9.8017e-10 TSX
20171118 20171129 6.0052e-05 9.8017e-10 TSX
20171129 20171221 -1.5223e-05 8.5288e-10 TSX
20171210 20180820 -0.00010463 4.5364e-10 TSX
20171221 20180911 -4.9144e-05 4.4986e-10 TSX
20180112 20181003 2.1445e-05 4.4825e-10 TSX
20180319 20180707 -0.00022068 6.1896e-10 TSX
20180707 20180911 0.00034006 7.1356e-10 TSX
20180729 20181003 9.4903e-05 7.1356e-10 TSX
20180820 20181003 0.00019906 7.7408e-10 TSX
20180911 20181003 -0.00019169 8.5288e-10 TSX
