20030427 20030914 -0.00026318 5.6824e-10 ERS2
20030914 20080629 -2.1537e-05 2.8705e-10 ERS2
20050918 20090510 3.745e-05 3.0256e-10 ERS2
20051127 20081116 -1.7221e-05 3.0045e-10 ERS2
20060903 20090510 1.2597e-05 3.1182e-10 ERS2
20061231 20090105 -8.8597e-05 3.1787e-10 ALOS
20070402 20070703 -0.00013208 6.73e-10 ALOS
20070518 20091008 -1.6965e-05 3.0285e-10 ALOS
20070818 20071003 -0.00031907 7.8384e-10 ALOS
20071217 20100509 -3.4921e-05 3.042e-10 ALOS
20080103 20100526 1.0304e-05 3.2384e-10 ALOS
20080404 20080520 9.1727e-05 7.8391e-10 ALOS
20080618 20090921 -5.493e-06 3.7283e-10 ALOS
20080629 20090510 -0.00038101 4.1679e-10 ERS2
20080705 20091008 0.00017178 3.6531e-10 ALOS
20080803 20090823 -0.00016578 3.8747e-10 ERS2
20081116 20090823 -0.00018505 4.325e-10 ERS2
20081219 20090921 0.00021912 4.4711e-10 ALOS
20090105 20090708 -4.4128e-05 5.3442e-10 ALOS
20090510 20091101 0.00091401 5.2258e-10 ERS2
20090708 20091008 0.0004078 6.7258e-10 ALOS
20090823 20091101 -0.00031798 7.0522e-10 ERS2
20091222 20100624 -0.0002264 5.291e-10 ALOS
20100108 20100223 0.00021404 7.8406e-10 ALOS
20100223 20100526 0.00013615 6.7251e-10 ALOS
20100410 20100711 -0.00016398 6.7294e-10 ALOS
20100509 20100624 0.0006113 7.8164e-10 ALOS
20100526 20100711 0.00030572 7.8385e-10 ALOS
20100624 20101109 5.809e-05 5.875e-10 ALOS
20100711 20101011 0.00024406 6.73e-10 ALOS
20100809 20101109 -9.3525e-05 6.6987e-10 ALOS
20101011 20101126 2.6108e-05 7.8386e-10 ALOS
20110111 20110226 0.00050875 7.8382e-10 ALOS
20110924 20130715 5.0572e-05 3.339e-10 TSX
20111005 20121229 -0.00011773 3.9357e-10 TSX
20111121 20171221 -6.5156e-06 4.4548e-10 TSX
20111221 20130131 1.1436e-05 3.9037e-10 TSX
20111224 20121027 9.4053e-06 4.18e-10 TSX
20120126 20140419 1.1865e-05 3.4588e-10 TSX
20120203 20160320 -5.407e-06 2.7969e-10 TSX
20120206 20171107 -9.5116e-06 4.5782e-10 TSX
20120617 20171129 -3.1951e-05 3.3053e-10 TSX
20120723 20160120 -3.3527e-05 3.3206e-10 TSX
20121024 20130109 0.00021743 7.0975e-10 TSX
20121027 20151226 -2.2734e-05 3.5486e-10 TSX
20121030 20130311 2.4942e-05 5.8798e-10 TSX
20121107 20171118 -5.7099e-05 3.9793e-10 TSX
20121221 20160208 -1.0381e-06 3.8462e-10 TSX
20121224 20130516 -6.6645e-05 5.7134e-10 TSX
20121229 20130407 -3.0144e-05 6.6226e-10 TSX
20130104 20130217 -8.67e-05 7.8097e-10 TSX
20130109 20130715 0.00032026 5.5956e-10 TSX
20130112 20140511 -3.9822e-05 3.9578e-10 TSX
20130115 20130721 -0.00021486 5.2984e-10 TSX
20130126 20130823 -0.00019734 5.1114e-10 TSX
20130131 20130429 -5.038e-05 6.8497e-10 TSX
20130203 20130729 -8.3033e-05 5.2762e-10 TSX
20130211 20130919 1.82e-05 5.0035e-10 TSX
20130228 20141209 5.2773e-05 3.7936e-10 TSX
20130311 20130801 -3.9524e-05 5.7397e-10 TSX
20130316 20130623 -7.7586e-05 6.6243e-10 TSX
20130402 20150122 0.00010898 3.4899e-10 TSX
20130407 20140530 -2.5057e-05 3.9028e-10 TSX
20130421 20171016 2.5653e-05 3.9913e-10 TSX
20130424 20130721 -0.00022314 6.7004e-10 TSX
20130429 20130623 -0.00010272 7.6314e-10 TSX
20130505 20131028 -0.00046786 5.3157e-10 TSX
20130513 20151112 -1.7633e-05 3.7111e-10 TSX
20130516 20131017 -0.00018679 5.6691e-10 TSX
20130521 20130715 0.00038247 7.633e-10 TSX
20130524 20171129 1.3465e-05 3.7478e-10 TSX
20130527 20140627 -1.1351e-05 3.9098e-10 TSX
20130601 20130930 0.00047623 6.2232e-10 TSX
20130604 20141217 5.4484e-06 3.6438e-10 TSX
20130607 20140719 -7.6224e-08 3.8713e-10 TSX
20130612 20150105 -4.1142e-05 3.6473e-10 TSX
20130615 20160106 -3.471e-05 3.6547e-10 TSX
20130618 20140708 2.4981e-05 3.9441e-10 TSX
20130623 20130715 0.00074356 8.692e-10 TSX
20130629 20130914 0.00041786 6.9538e-10 TSX
20130707 20150130 1.5381e-05 3.4473e-10 TSX
20130710 20140901 1.8886e-05 3.8129e-10 TSX
20130715 20130726 -0.0025339 1.0172e-09 TSX
20130721 20131108 0.00060924 6.2548e-10 TSX
20130726 20150517 2.4394e-05 3.3433e-10 TSX
20130729 20160904 -2.8697e-05 3.088e-10 TSX
20130801 20151115 1.6414e-05 3.4301e-10 TSX
20130817 20140209 -8.2468e-05 5.4328e-10 TSX
20130828 20150312 2.1427e-05 3.4268e-10 TSX
20130903 20150329 -9.7781e-05 3.4638e-10 TSX
20130919 20160309 2.6778e-05 3.1555e-10 TSX
20130925 20140708 4.1158e-06 4.3263e-10 TSX
20130930 20160411 1.2229e-05 3.2954e-10 TSX
20131011 20150802 7.6567e-06 3.2921e-10 TSX
20131017 20140719 -2.4053e-05 4.3955e-10 TSX
20131028 20160304 -9.4166e-05 3.0199e-10 TSX
20131102 20140519 -0.00011773 5.1885e-10 TSX
20131108 20140708 2.7196e-05 4.6422e-10 TSX
20140209 20160309 2.6025e-05 3.4593e-10 TSX
20140223 20140829 2.1101e-05 5.1202e-10 TSX
20140408 20140705 -6.0776e-05 6.6704e-10 TSX
20140419 20170913 2.233e-05 4.268e-10 TSX
20140511 20141228 -3.321e-05 4.7081e-10 TSX
20140519 20150824 1.5569e-05 3.7196e-10 TSX
20140624 20171005 -1.0497e-05 3.502e-10 TSX
20140627 20151115 3.6669e-06 3.9263e-10 TSX
20140705 20180911 4.3674e-05 3.4683e-10 TSX
20140708 20160406 6.0779e-05 3.66e-10 TSX
20140716 20171005 -1.9376e-05 4.2962e-10 TSX
20140719 20151207 0.00010296 3.5841e-10 TSX
20140727 20150326 -1.6611e-05 4.6193e-10 TSX
20140810 20150122 -3.1467e-05 5.413e-10 TSX
20140818 20160301 1.6418e-05 3.2724e-10 TSX
20140829 20160208 -2.2194e-05 3.539e-10 TSX
20140901 20140912 -0.00029324 9.7311e-10 TSX
20140912 20141209 1.3334e-05 6.6987e-10 TSX
20140920 20170902 -3.0059e-05 3.5464e-10 TSX
20141209 20160211 -1.4587e-05 3.7009e-10 TSX
20141217 20160722 -6.8113e-06 3.8944e-10 TSX
20141228 20160106 -2.4573e-06 3.8384e-10 TSX
20141231 20151024 5.9039e-05 4.2773e-10 TSX
20150105 20150824 -7.1171e-05 4.8986e-10 TSX
20150108 20170811 -1.3543e-05 4.5687e-10 TSX
20150119 20160117 2.1338e-05 3.8941e-10 TSX
20150127 20160411 -1.6855e-05 3.8001e-10 TSX
20150130 20151112 -1.0323e-05 4.2916e-10 TSX
20150210 20170114 9.5142e-06 3.6169e-10 TSX
20150213 20160326 -8.826e-05 4.082e-10 TSX
20150218 20160216 1.54e-05 4.0776e-10 TSX
20150221 20180112 -3.9571e-05 4.22e-10 TSX
20150304 20180911 -0.00010748 4.6126e-10 TSX
20150307 20160211 2.0114e-05 4.0526e-10 TSX
20150312 20160320 -2.5218e-05 3.9938e-10 TSX
20150326 20150827 4.2395e-05 5.5186e-10 TSX
20150329 20151207 5.3484e-05 4.5623e-10 TSX
20150428 20160425 -1.921e-05 3.8915e-10 TSX
20150509 20150827 2.2022e-05 6.216e-10 TSX
20150517 20150824 2.5808e-05 6.6226e-10 TSX
20150520 20180911 -5.5809e-05 4.388e-10 TSX
20150714 20170822 -1.8329e-05 4.0967e-10 TSX
20150725 20170924 -1.0649e-05 4.039e-10 TSX
20150802 20160309 -3.5337e-05 4.9807e-10 TSX
20150805 20160403 -0.00012523 4.6135e-10 TSX
20150816 20171107 -1.7522e-05 3.7047e-10 TSX
20150824 20150915 0.00072184 8.6899e-10 TSX
20150827 20170902 -1.4575e-05 3.5563e-10 TSX
20150915 20160216 -9.2862e-05 5.7129e-10 TSX
20151021 20160904 -0.00013158 4.199e-10 TSX
20151101 20171016 -2.8416e-05 3.7955e-10 TSX
20151112 20160425 -4.794e-05 5.3764e-10 TSX
20151115 20151229 0.00015475 7.8097e-10 TSX
20151123 20171221 -1.5081e-05 4.0453e-10 TSX
20151204 20151215 0.00016614 9.8272e-10 TSX
20151207 20160406 -0.00015879 6.0606e-10 TSX
20151215 20170822 -7.0627e-05 4.0222e-10 TSX
20151226 20161223 4.74e-05 3.9285e-10 TSX
20151229 20160211 3.6513e-05 7.8097e-10 TSX
20160106 20161223 7.6395e-06 3.9746e-10 TSX
20160117 20160926 1.5329e-05 4.5755e-10 TSX
20160128 20160301 -0.00012802 8.1366e-10 TSX
20160208 20160312 -8.1337e-05 8.1366e-10 TSX
20160216 20160309 -0.00039163 8.6899e-10 TSX
20160219 20180319 -1.4898e-05 3.5648e-10 TSX
20160301 20161201 2.6337e-05 4.3956e-10 TSX
20160304 20160326 3.1702e-05 8.5497e-10 TSX
20160312 20180319 2.0737e-05 3.6095e-10 TSX
20160320 20160411 0.00037583 8.69e-10 TSX
20160323 20171118 -1.824e-05 3.7034e-10 TSX
20160326 20160406 -0.00050619 9.7303e-10 TSX
20160403 20171027 2.5956e-05 4.0682e-10 TSX
20160425 20170811 -1.5314e-06 4.0071e-10 TSX
20160528 20160630 4.9821e-05 8.1366e-10 TSX
20160630 20171118 2.6828e-05 3.7357e-10 TSX
20160722 20161201 6.0602e-05 5.8418e-10 TSX
20160904 20180707 -6.3919e-06 3.7816e-10 TSX
20160915 20180911 -6.4914e-05 3.8066e-10 TSX
20160926 20170114 -3.3119e-05 6.2261e-10 TSX
20161201 20171027 -7.4365e-05 4.3549e-10 TSX
20161223 20171107 -4.393e-05 4.4308e-10 TSX
20170114 20170902 -2.5476e-05 5.0284e-10 TSX
20170811 20171005 -6.2259e-06 7.4906e-10 TSX
20170822 20180707 -9.7781e-05 4.1369e-10 TSX
20170913 20180707 -0.00013379 4.2526e-10 TSX
20170924 20180319 -4.4519e-05 5.2441e-10 TSX
20171005 20171107 6.2752e-05 8.1366e-10 TSX
20171016 20180319 -3.6856e-05 5.5198e-10 TSX
20171027 20180911 -8.5786e-05 4.1294e-10 TSX
20171107 20171118 8.1477e-05 9.8272e-10 TSX
20171118 20171129 6.8243e-05 9.8272e-10 TSX
20171129 20171221 1.5429e-05 8.5669e-10 TSX
20171210 20180820 -0.00014398 4.5317e-10 TSX
20171221 20180911 -0.000141 4.4547e-10 TSX
20180112 20181003 2.6343e-05 4.4495e-10 TSX
20180319 20180707 -0.00019076 6.2221e-10 TSX
20180707 20180911 0.00022967 7.198e-10 TSX
20180729 20181003 0.00016454 7.198e-10 TSX
20180820 20181003 0.00026729 7.8011e-10 TSX
20180911 20181003 -0.00015455 8.5669e-10 TSX
