20030427 20030914 0.00038713 6.3047e-10 ERS2
20030914 20080629 -0.00030648 2.943e-10 ERS2
20050918 20090510 0.00020743 3.3876e-10 ERS2
20051127 20081116 -8.0568e-05 3.412e-10 ERS2
20060903 20090510 2.814e-05 3.4063e-10 ERS2
20061231 20090105 -1.5453e-05 4.378e-10 ALOS
20070402 20070703 1.4719e-05 7.4114e-10 ALOS
20070518 20091008 -5.833e-05 4.5531e-10 ALOS
20070818 20071003 -0.00024348 8.1804e-10 ALOS
20071217 20100509 3.7086e-05 4.25e-10 ALOS
20080103 20100526 3.9291e-05 4.5398e-10 ALOS
20080404 20080520 5.5851e-05 8.1802e-10 ALOS
20080618 20090921 -7.1255e-06 4.9223e-10 ALOS
20080629 20090510 -0.00046087 4.5912e-10 ERS2
20080705 20091008 6.842e-05 4.9041e-10 ALOS
20080803 20090823 0.00020227 4.3205e-10 ERS2
20081116 20090823 0.00024638 4.9102e-10 ERS2
20081219 20090921 0.00029962 5.5485e-10 ALOS
20090105 20090708 -2.0423e-05 6.2792e-10 ALOS
20090510 20091101 -2.1018e-05 5.8346e-10 ERS2
20090708 20091008 0.00033325 7.4109e-10 ALOS
20090823 20091101 0.0002791 7.5033e-10 ERS2
20091222 20100624 0.00029563 6.1959e-10 ALOS
20100108 20100223 0.00030911 8.1811e-10 ALOS
20100223 20100526 -4.6568e-06 7.4201e-10 ALOS
20100410 20100711 3.73e-05 7.4098e-10 ALOS
20100509 20100624 0.00078388 8.1582e-10 ALOS
20100526 20100711 0.00044306 8.1806e-10 ALOS
20100624 20101109 -8.5129e-05 6.7269e-10 ALOS
20100711 20101011 -0.00010443 7.412e-10 ALOS
20100809 20101109 -0.00015678 7.3762e-10 ALOS
20101011 20101126 0.00022572 8.1806e-10 ALOS
20110111 20110226 0.00055825 8.1803e-10 ALOS
20110924 20130715 5.1446e-05 6.6904e-10 TSX
20111005 20121229 -1.079e-05 6.2726e-10 TSX
20111121 20171221 3.2067e-05 4.1504e-10 TSX
20111221 20130131 -1.1145e-05 5.7383e-10 TSX
20111224 20121027 0.00011916 5.0234e-10 TSX
20120126 20140419 3.4849e-05 3.9451e-10 TSX
20120203 20160320 -4.4826e-05 5.1573e-10 TSX
20120206 20171107 3.9955e-05 5.0526e-10 TSX
20120617 20171129 3.3353e-05 5.6325e-10 TSX
20120723 20160120 2.0552e-05 7.1971e-10 TSX
20121024 20130109 1.6774e-05 7.7408e-10 TSX
20121027 20151226 -2.0168e-05 3.8183e-10 TSX
20121030 20130311 -0.00011108 6.7372e-10 TSX
20121107 20171118 1.494e-05 5.4961e-10 TSX
20121221 20160208 -1.9608e-05 5.5371e-10 TSX
20121224 20130516 -0.0001335 6.5296e-10 TSX
20121229 20130407 -6.5816e-05 7.3483e-10 TSX
20130104 20130217 -4.0921e-05 8.1322e-10 TSX
20130109 20130715 0.00010574 6.7141e-10 TSX
20130112 20140511 -5.6799e-05 5.3272e-10 TSX
20130115 20130721 -0.00027937 6.2135e-10 TSX
20130126 20130823 -0.00043875 5.9609e-10 TSX
20130131 20130429 -9.4116e-05 7.5174e-10 TSX
20130203 20130729 -8.0975e-05 6.779e-10 TSX
20130211 20130919 0.00010352 6.4146e-10 TSX
20130228 20141209 7.7253e-05 4.5434e-10 TSX
20130311 20130801 3.9767e-05 7.1216e-10 TSX
20130316 20130623 -4.9456e-05 7.4992e-10 TSX
20130402 20150122 0.00011224 5.3675e-10 TSX
20130407 20140530 2.6682e-05 6.7322e-10 TSX
20130421 20171016 5.5833e-05 5.7444e-10 TSX
20130424 20130721 -0.0004202 7.6849e-10 TSX
20130429 20130623 -0.00011746 8.0778e-10 TSX
20130505 20131028 -0.0006865 6.2191e-10 TSX
20130513 20151112 2.3122e-05 5.5598e-10 TSX
20130516 20131017 2.9076e-05 6.7718e-10 TSX
20130521 20130715 0.00026063 8.1756e-10 TSX
20130524 20171129 6.7601e-06 6.2022e-10 TSX
20130527 20140627 -2.2362e-06 6.4407e-10 TSX
20130601 20130930 0.00022028 7.4732e-10 TSX
20130604 20141217 2.5209e-05 5.7258e-10 TSX
20130607 20140719 9.9301e-05 6.3212e-10 TSX
20130612 20150105 7.6882e-05 6.7457e-10 TSX
20130615 20160106 0.0001363 3.2403e-10 TSX
20130618 20140708 2.2227e-05 6.2526e-10 TSX
20130623 20130715 0.00072481 8.8442e-10 TSX
20130629 20130914 0.00019348 7.9164e-10 TSX
20130707 20150130 4.0225e-05 4.9823e-10 TSX
20130710 20140901 2.5883e-06 5.579e-10 TSX
20130715 20130726 -0.0024897 1.0256e-09 TSX
20130721 20131108 0.00046365 7.4529e-10 TSX
20130726 20150517 0.00022171 5.0563e-10 TSX
20130729 20160904 -5.8544e-05 6.1667e-10 TSX
20130801 20151115 4.4701e-05 5.7889e-10 TSX
20130817 20140209 -9.6082e-06 7.083e-10 TSX
20130828 20150312 5.6924e-06 4.8898e-10 TSX
20130903 20150329 -9.3672e-05 4.3391e-10 TSX
20130919 20160309 -3.0436e-05 6.1427e-10 TSX
20130925 20140708 -7.4465e-05 5.5981e-10 TSX
20130930 20160411 5.563e-06 5.5325e-10 TSX
20131011 20150802 9.8013e-05 5.9974e-10 TSX
20131017 20140719 1.0898e-05 6.1083e-10 TSX
20131028 20160304 2.0615e-05 4.6395e-10 TSX
20131102 20140519 -8.0267e-06 6.5418e-10 TSX
20131108 20140708 1.474e-05 5.7472e-10 TSX
20140209 20160309 -1.6957e-05 5.3785e-10 TSX
20140223 20140829 0.00032829 5.9387e-10 TSX
20140408 20140705 0.00015703 7.2101e-10 TSX
20140419 20170913 5.7453e-05 5.0458e-10 TSX
20140511 20141228 0.00013938 5.6471e-10 TSX
20140519 20150824 -0.00011726 5.3552e-10 TSX
20140624 20171005 0.00026745 3.5365e-10 TSX
20140627 20151115 0.00010038 4.6751e-10 TSX
20140705 20180911 5.3225e-05 5.8564e-10 TSX
20140708 20160406 -1.576e-05 5.5754e-10 TSX
20140716 20171005 0.00017005 3.5613e-10 TSX
20140719 20151207 -7.7408e-05 5.0071e-10 TSX
20140727 20150326 -1.9241e-05 5.4756e-10 TSX
20140810 20150122 -0.00011273 6.2717e-10 TSX
20140818 20160301 7.319e-05 4.747e-10 TSX
20140829 20160208 3.646e-05 6.2142e-10 TSX
20140901 20140912 -0.00028723 9.8043e-10 TSX
20140912 20141209 -2.2236e-05 7.3706e-10 TSX
20140920 20170902 -0.00016531 4.641e-10 TSX
20141209 20160211 -0.00014811 4.9609e-10 TSX
20141217 20160722 -8.6333e-05 4.8744e-10 TSX
20141228 20160106 6.7847e-05 5.4243e-10 TSX
20141231 20151024 8.6073e-05 5.3015e-10 TSX
20150105 20150824 4.407e-05 6.241e-10 TSX
20150108 20170811 1.5137e-05 3.8183e-10 TSX
20150119 20160117 0.00013568 7.0203e-10 TSX
20150127 20160411 -0.00021015 5.0952e-10 TSX
20150130 20151112 -2.5808e-05 5.994e-10 TSX
20150210 20170114 7.3806e-05 4.3706e-10 TSX
20150213 20160326 7.7331e-05 6.0947e-10 TSX
20150218 20160216 -2.72e-05 5.1978e-10 TSX
20150221 20180112 -6.2532e-05 5.2249e-10 TSX
20150304 20180911 3.865e-05 3.9041e-10 TSX
20150307 20160211 -1.2522e-05 5.06e-10 TSX
20150312 20160320 -7.2438e-05 5.3775e-10 TSX
20150326 20150827 7.5119e-05 6.2454e-10 TSX
20150329 20151207 -7.0921e-05 5.5747e-10 TSX
20150428 20160425 0.00011643 5.238e-10 TSX
20150509 20150827 1.7453e-05 6.9119e-10 TSX
20150517 20150824 1.542e-05 7.3654e-10 TSX
20150520 20180911 -7.9688e-05 5.5985e-10 TSX
20150714 20170822 6.4422e-05 4.3791e-10 TSX
20150725 20170924 2.7818e-05 4.2683e-10 TSX
20150802 20160309 -9.4195e-05 6.0968e-10 TSX
20150805 20160403 -1.165e-05 5.2353e-10 TSX
20150816 20171107 -0.00010109 4.6013e-10 TSX
20150824 20150915 0.00068653 8.8331e-10 TSX
20150827 20170902 3.714e-05 3.4174e-10 TSX
20150915 20160216 -8.1539e-05 6.7284e-10 TSX
20151021 20160904 -0.0002644 4.8723e-10 TSX
20151101 20171016 -7.3865e-05 5.637e-10 TSX
20151112 20160425 1.5844e-05 6.0261e-10 TSX
20151115 20151229 0.0001244 8.133e-10 TSX
20151123 20171221 -4.5984e-05 6.1056e-10 TSX
20151204 20151215 0.00015043 9.8917e-10 TSX
20151207 20160406 -2.7164e-05 6.846e-10 TSX
20151215 20170822 0.00035868 5.1542e-10 TSX
20151226 20161223 -2.8744e-05 4.5162e-10 TSX
20151229 20160211 4.4152e-05 8.1331e-10 TSX
20160106 20161223 -2.7877e-05 4.4509e-10 TSX
20160117 20160926 -6.7491e-05 5.6236e-10 TSX
20160128 20160301 -0.00015439 8.333e-10 TSX
20160208 20160312 -0.00012359 8.333e-10 TSX
20160216 20160309 -0.00039978 8.8333e-10 TSX
20160219 20180319 2.2747e-05 5.9751e-10 TSX
20160301 20161201 3.8273e-05 5.1689e-10 TSX
20160304 20160326 6.1139e-05 8.687e-10 TSX
20160312 20180319 5.7053e-05 5.4634e-10 TSX
20160320 20160411 0.00038427 8.8334e-10 TSX
20160323 20171118 -2.6803e-05 5.6834e-10 TSX
20160326 20160406 -0.00050327 9.8035e-10 TSX
20160403 20171027 3.4122e-05 5.4058e-10 TSX
20160425 20170811 0.00014634 5.6499e-10 TSX
20160528 20160630 -5.8705e-05 8.3332e-10 TSX
20160630 20171118 0.00017191 5.3054e-10 TSX
20160722 20161201 0.00020901 6.4673e-10 TSX
20160904 20180707 7.6279e-05 4.4012e-10 TSX
20160915 20180911 1.6605e-05 6.2265e-10 TSX
20160926 20170114 0.00034657 6.8844e-10 TSX
20161201 20171027 -3.7739e-05 5.1844e-10 TSX
20161223 20171107 2.8824e-05 4.7653e-10 TSX
20170114 20170902 -7.915e-05 6.0485e-10 TSX
20170811 20171005 -0.00012401 7.8487e-10 TSX
20170822 20180707 -0.00015663 5.0084e-10 TSX
20170913 20180707 -0.00025417 5.4088e-10 TSX
20170924 20180319 6.2677e-05 6.129e-10 TSX
20171005 20171107 3.576e-05 8.3334e-10 TSX
20171016 20180319 0.00010824 6.289e-10 TSX
20171027 20180911 -0.00012001 5.5858e-10 TSX
20171107 20171118 6.4049e-05 9.8917e-10 TSX
20171118 20171129 5.8038e-05 9.8917e-10 TSX
20171129 20171221 -5.352e-05 8.6868e-10 TSX
20171210 20180820 -0.0001088 5.6332e-10 TSX
20171221 20180911 -0.00014785 5.2722e-10 TSX
20180112 20181003 6.4934e-05 5.9956e-10 TSX
20180319 20180707 -0.00027253 6.9853e-10 TSX
20180707 20180911 0.00013627 7.6267e-10 TSX
20180729 20181003 -8.9427e-05 7.6266e-10 TSX
20180820 20181003 0.00013794 8.0806e-10 TSX
20180911 20181003 -0.00021978 8.6869e-10 TSX
