20030427 20030914 -0.00010465 5.6904e-10 ERS2
20030914 20080629 1.2166e-05 2.7583e-10 ERS2
20050918 20090510 0.00021538 3.0521e-10 ERS2
20051127 20081116 0.00017195 3.0519e-10 ERS2
20060903 20090510 8.2401e-05 3.0526e-10 ERS2
20061231 20090105 0.00038204 3.1429e-10 ALOS
20070402 20070703 -3.1419e-05 6.6616e-10 ALOS
20070518 20091008 0.00039127 3.038e-10 ALOS
20070818 20071003 -2.9947e-05 7.7502e-10 ALOS
20071217 20100509 0.00026998 3.1273e-10 ALOS
20080103 20100526 0.00014881 3.2204e-10 ALOS
20080404 20080520 0.00013823 7.7507e-10 ALOS
20080618 20090921 0.00024816 3.7323e-10 ALOS
20080629 20090510 -0.00031856 4.1269e-10 ERS2
20080705 20091008 0.00014415 3.65e-10 ALOS
20080803 20090823 -1.2423e-05 3.8292e-10 ERS2
20081116 20090823 0.00010861 4.3202e-10 ERS2
20081219 20090921 0.0002305 4.4818e-10 ALOS
20090105 20090708 1.7289e-05 5.2882e-10 ALOS
20090510 20091101 0.00043212 5.2416e-10 ERS2
20090708 20091008 0.00084798 6.6616e-10 ALOS
20090823 20091101 -8.4847e-06 6.9852e-10 ERS2
20091222 20100624 6.0075e-05 5.3414e-10 ALOS
20100108 20100223 0.00011622 7.7568e-10 ALOS
20100223 20100526 -4.1143e-05 6.6662e-10 ALOS
20100410 20100711 7.6606e-06 6.6643e-10 ALOS
20100509 20100624 0.00057833 7.7305e-10 ALOS
20100526 20100711 0.00039881 7.7502e-10 ALOS
20100624 20101109 0.00021479 5.8397e-10 ALOS
20100711 20101011 0.00028852 6.6623e-10 ALOS
20100809 20101109 0.00014029 6.6353e-10 ALOS
20101011 20101126 8.1761e-05 7.75e-10 ALOS
20110111 20110226 0.00063438 7.7502e-10 ALOS
20110924 20130715 0.00020674 3.2341e-10 TSX
20111005 20121229 0.00020386 3.686e-10 TSX
20111121 20171221 1.3426e-05 3.1109e-10 TSX
20111221 20130131 0.0001749 3.8537e-10 TSX
20111224 20121027 0.00014017 4.1921e-10 TSX
20120126 20140419 6.6078e-05 3.0074e-10 TSX
20120203 20160320 6.4621e-05 3.297e-10 TSX
20120206 20171107 2.9515e-05 3.0809e-10 TSX
20120617 20171129 6.9357e-05 4.0204e-10 TSX
20120723 20160120 0.00016024 3.2497e-10 TSX
20121024 20130109 -3.6792e-05 7.0153e-10 TSX
20121027 20151226 8.2904e-05 3.6813e-10 TSX
20121030 20130311 4.6253e-05 5.8464e-10 TSX
20121107 20171118 8.2185e-05 3.4407e-10 TSX
20121221 20160208 -5.2263e-05 3.5887e-10 TSX
20121224 20130516 -4.941e-05 5.6848e-10 TSX
20121229 20130407 0.00019279 6.5605e-10 TSX
20130104 20130217 0.00011016 7.7303e-10 TSX
20130109 20130715 0.00014639 5.2856e-10 TSX
20130112 20140511 6.2075e-05 3.5441e-10 TSX
20130115 20130721 -4.3824e-05 5.14e-10 TSX
20130126 20130823 9.0376e-05 5.1401e-10 TSX
20130131 20130429 -9.269e-05 6.7794e-10 TSX
20130203 20130729 0.00017258 5.2311e-10 TSX
20130211 20130919 0.00012504 4.9591e-10 TSX
20130228 20141209 0.00020886 3.1659e-10 TSX
20130311 20130801 0.000115 5.6843e-10 TSX
20130316 20130623 3.9499e-05 6.5606e-10 TSX
20130402 20150122 0.00026195 3.638e-10 TSX
20130407 20140530 9.8567e-05 3.8058e-10 TSX
20130421 20171016 0.00010933 3.8069e-10 TSX
20130424 20130721 -0.00012193 6.6401e-10 TSX
20130429 20130623 2.7661e-05 7.5399e-10 TSX
20130505 20131028 -0.0004166 5.8403e-10 TSX
20130513 20151112 9.2388e-05 3.4575e-10 TSX
20130516 20131017 -0.00011845 6.1314e-10 TSX
20130521 20130715 0.00022703 7.5401e-10 TSX
20130524 20171129 1.5453e-05 3.7144e-10 TSX
20130527 20140627 0.00013666 3.8372e-10 TSX
20130601 20130930 0.00027466 6.1696e-10 TSX
20130604 20141217 9.1331e-05 3.3904e-10 TSX
20130607 20140719 0.00023136 3.8016e-10 TSX
20130612 20150105 0.00022943 3.3931e-10 TSX
20130615 20160106 0.00013232 3.3227e-10 TSX
20130618 20140708 0.00015396 3.8802e-10 TSX
20130623 20130715 0.00065124 8.6118e-10 TSX
20130629 20130914 0.00031381 6.9649e-10 TSX
20130707 20150130 4.7443e-05 3.3668e-10 TSX
20130710 20140901 0.00020453 3.7685e-10 TSX
20130715 20130726 -0.0023686 1.0101e-09 TSX
20130721 20131108 0.00086016 6.4961e-10 TSX
20130726 20150517 0.00021065 3.2585e-10 TSX
20130729 20160904 8.075e-05 3.1631e-10 TSX
20130801 20151115 0.000228 3.1027e-10 TSX
20130817 20140209 0.0002 5.4096e-10 TSX
20130828 20150312 0.00014624 3.4164e-10 TSX
20130903 20150329 -0.00022835 3.5424e-10 TSX
20130919 20160309 7.1954e-05 3.0493e-10 TSX
20130925 20140708 0.00016971 4.3718e-10 TSX
20130930 20160411 0.00020492 2.9527e-10 TSX
20131011 20150802 0.0001596 3.5053e-10 TSX
20131017 20140719 8.2751e-05 4.4136e-10 TSX
20131028 20160304 0.00011313 3.5498e-10 TSX
20131102 20140519 -0.00024587 5.171e-10 TSX
20131108 20140708 0.00010404 4.7564e-10 TSX
20140209 20160309 0.00010477 3.26e-10 TSX
20140223 20140829 0.00013153 5.1106e-10 TSX
20140408 20140705 3.6032e-05 6.6125e-10 TSX
20140419 20170913 0.00015341 3.798e-10 TSX
20140511 20141228 0.00018019 4.6996e-10 TSX
20140519 20150824 0.00032735 3.7217e-10 TSX
20140624 20171005 5.7257e-05 3.5125e-10 TSX
20140627 20151115 0.00026353 3.636e-10 TSX
20140705 20180911 0.00012077 4.0206e-10 TSX
20140708 20160406 0.00020492 3.5024e-10 TSX
20140716 20171005 6.7758e-05 3.8862e-10 TSX
20140719 20151207 0.00022049 3.5585e-10 TSX
20140727 20150326 8.3939e-05 4.6145e-10 TSX
20140810 20150122 0.00011628 5.3949e-10 TSX
20140818 20160301 0.00013417 3.4364e-10 TSX
20140829 20160208 0.00014268 3.6589e-10 TSX
20140901 20140912 -0.00032142 9.6705e-10 TSX
20140912 20141209 0.00014765 6.64e-10 TSX
20140920 20170902 4.4185e-05 3.626e-10 TSX
20141209 20160211 0.00022258 3.7807e-10 TSX
20141217 20160722 9.2247e-05 3.2809e-10 TSX
20141228 20160106 0.00012287 3.8998e-10 TSX
20141231 20151024 0.0001849 4.3188e-10 TSX
20150105 20150824 0.00012749 4.8734e-10 TSX
20150108 20170811 3.0736e-05 3.3999e-10 TSX
20150119 20160117 0.00015543 4.019e-10 TSX
20150127 20160411 0.00025904 3.8753e-10 TSX
20150130 20151112 0.00015203 4.346e-10 TSX
20150210 20170114 7.8263e-05 3.7546e-10 TSX
20150213 20160326 -0.0001359 4.2536e-10 TSX
20150218 20160216 0.00024443 4.0693e-10 TSX
20150221 20180112 0.00012838 3.8527e-10 TSX
20150304 20180911 6.5981e-05 3.2427e-10 TSX
20150307 20160211 0.00024157 4.1223e-10 TSX
20150312 20160320 0.00022295 4.0215e-10 TSX
20150326 20150827 0.00024905 5.5517e-10 TSX
20150329 20151207 0.00020976 4.5518e-10 TSX
20150428 20160425 0.00015398 4.0255e-10 TSX
20150509 20150827 0.00021845 6.2419e-10 TSX
20150517 20150824 0.00024249 6.5647e-10 TSX
20150520 20180911 5.9928e-05 3.2223e-10 TSX
20150714 20170822 0.00011972 3.4208e-10 TSX
20150725 20170924 0.00010223 3.1009e-10 TSX
20150802 20160309 0.00018371 4.9597e-10 TSX
20150805 20160403 8.0359e-05 4.6142e-10 TSX
20150816 20171107 8.1125e-05 3.3087e-10 TSX
20150824 20150915 0.00078258 8.6108e-10 TSX
20150827 20170902 0.00013592 3.5542e-10 TSX
20150915 20160216 1.8495e-05 5.6821e-10 TSX
20151021 20160904 4.3348e-05 4.1157e-10 TSX
20151101 20171016 0.00012195 3.0388e-10 TSX
20151112 20160425 3.2295e-05 5.3603e-10 TSX
20151115 20151229 0.00019949 7.7303e-10 TSX
20151123 20171221 0.00014073 3.0256e-10 TSX
20151204 20151215 0.00018164 9.771e-10 TSX
20151207 20160406 2.3657e-05 6.0214e-10 TSX
20151215 20170822 0.00011096 3.2058e-10 TSX
20151226 20161223 0.00013899 3.9266e-10 TSX
20151229 20160211 1.8518e-05 7.7303e-10 TSX
20160106 20161223 0.00015642 3.9665e-10 TSX
20160117 20160926 0.00014862 4.5275e-10 TSX
20160128 20160301 -0.00022817 8.0606e-10 TSX
20160208 20160312 -7.0319e-05 8.0606e-10 TSX
20160216 20160309 -0.00040563 8.6108e-10 TSX
20160219 20180319 7.8904e-05 3.1718e-10 TSX
20160301 20161201 0.00020697 4.38e-10 TSX
20160304 20160326 1.2007e-05 8.4811e-10 TSX
20160312 20180319 0.00010086 3.0938e-10 TSX
20160320 20160411 0.00043686 8.6109e-10 TSX
20160323 20171118 0.00011883 3.1993e-10 TSX
20160326 20160406 -0.00049516 9.6698e-10 TSX
20160403 20171027 0.00012612 3.2595e-10 TSX
20160425 20170811 0.00011509 3.4907e-10 TSX
20160528 20160630 7.7292e-05 8.0606e-10 TSX
20160630 20171118 8.5458e-05 3.4226e-10 TSX
20160722 20161201 0.00024012 5.8132e-10 TSX
20160904 20180707 3.5916e-05 3.2305e-10 TSX
20160915 20180911 0.00011047 3.0204e-10 TSX
20160926 20170114 6.366e-05 6.1793e-10 TSX
20161201 20171027 0.00010028 4.0699e-10 TSX
20161223 20171107 6.8388e-05 4.0983e-10 TSX
20170114 20170902 6.7986e-05 4.6908e-10 TSX
20170811 20171005 -2.3409e-05 7.4111e-10 TSX
20170822 20180707 -7.6123e-06 4.1371e-10 TSX
20170913 20180707 -4.4402e-05 4.2557e-10 TSX
20170924 20180319 -0.00014306 5.232e-10 TSX
20171005 20171107 6.0621e-05 8.0606e-10 TSX
20171016 20180319 -0.00015172 5.5008e-10 TSX
20171027 20180911 5.6343e-05 4.1362e-10 TSX
20171107 20171118 7.7515e-05 9.771e-10 TSX
20171118 20171129 3.9704e-05 9.771e-10 TSX
20171129 20171221 -3.5704e-06 8.5004e-10 TSX
20171210 20180820 3.5686e-05 4.534e-10 TSX
20171221 20180911 7.2307e-05 4.456e-10 TSX
20180112 20181003 0.00010301 4.456e-10 TSX
20180319 20180707 1.2632e-05 6.1797e-10 TSX
20180707 20180911 0.00040853 7.1238e-10 TSX
20180729 20181003 0.00014201 7.1238e-10 TSX
20180820 20181003 0.00020905 7.7205e-10 TSX
20180911 20181003 -0.00017824 8.5004e-10 TSX
