20030427 20030914 0.00052547 5.7277e-10 ERS2
20030914 20080629 -0.00015624 2.9178e-10 ERS2
20050918 20090510 -1.6996e-05 3.0442e-10 ERS2
20051127 20081116 6.6394e-05 3.3621e-10 ERS2
20060903 20090510 1.6561e-05 3.1681e-10 ERS2
20061231 20090105 -4.8259e-05 3.1813e-10 ALOS
20070402 20070703 3.2345e-05 6.7866e-10 ALOS
20070518 20091008 4.4303e-05 3.0232e-10 ALOS
20070818 20071003 -0.00049655 7.8751e-10 ALOS
20071217 20100509 -2.57e-05 3.0343e-10 ALOS
20080103 20100526 4.2298e-05 3.1614e-10 ALOS
20080404 20080520 -6.2665e-05 7.8749e-10 ALOS
20080618 20090921 -0.00012911 3.7355e-10 ALOS
20080629 20090510 -0.00032172 4.1461e-10 ERS2
20080705 20091008 -7.4787e-05 3.6557e-10 ALOS
20080803 20090823 -0.00011563 3.8412e-10 ERS2
20081116 20090823 5.4404e-05 4.3405e-10 ERS2
20081219 20090921 0.00020086 4.4846e-10 ALOS
20090105 20090708 8.1947e-05 5.3364e-10 ALOS
20090510 20091101 -0.00017429 5.2592e-10 ERS2
20090708 20091008 0.00034436 6.7856e-10 ALOS
20090823 20091101 0.00036891 7.1181e-10 ERS2
20091222 20100624 0.00056449 5.3477e-10 ALOS
20100108 20100223 0.00044901 7.8857e-10 ALOS
20100223 20100526 0.000295 6.8254e-10 ALOS
20100410 20100711 5.0274e-05 6.7894e-10 ALOS
20100509 20100624 0.00065629 7.8539e-10 ALOS
20100526 20100711 0.00040676 7.875e-10 ALOS
20100624 20101109 -0.0001811 5.9148e-10 ALOS
20100711 20101011 -6.8254e-05 6.7811e-10 ALOS
20100809 20101109 -5.6777e-05 6.7517e-10 ALOS
20101011 20101126 0.00022882 7.875e-10 ALOS
20110111 20110226 0.00066025 7.875e-10 ALOS
20110924 20130715 1.5876e-05 3.2448e-10 TSX
20111005 20121229 1.9575e-05 3.6977e-10 TSX
20111121 20171221 -2.651e-05 2.5648e-10 TSX
20111221 20130131 1.0408e-05 3.8617e-10 TSX
20111224 20121027 1.1687e-05 4.2097e-10 TSX
20120126 20140419 -1.4401e-05 3.0217e-10 TSX
20120203 20160320 1.1558e-05 2.8025e-10 TSX
20120206 20171107 -3.8905e-07 2.668e-10 TSX
20120617 20171129 -1.4368e-05 2.6696e-10 TSX
20120723 20160120 -0.00011875 3.1029e-10 TSX
20121024 20130109 0.00013829 7.1499e-10 TSX
20121027 20151226 -9.9939e-06 2.7872e-10 TSX
20121030 20130311 5.4934e-05 5.9216e-10 TSX
20121107 20171118 -3.559e-06 2.7685e-10 TSX
20121221 20160208 1.7448e-05 2.8175e-10 TSX
20121224 20130516 -8.9915e-06 5.7513e-10 TSX
20121229 20130407 -3.7765e-05 6.677e-10 TSX
20130104 20130217 2.5575e-05 7.8491e-10 TSX
20130109 20130715 4.8878e-05 5.4169e-10 TSX
20130112 20140511 1.4676e-05 3.5668e-10 TSX
20130115 20130721 -0.00011614 5.1789e-10 TSX
20130126 20130823 0.00035579 5.1896e-10 TSX
20130131 20130429 -2.4309e-05 6.905e-10 TSX
20130203 20130729 -7.9776e-05 5.2853e-10 TSX
20130211 20130919 -7.3828e-05 4.9876e-10 TSX
20130228 20141209 2.7972e-05 3.2284e-10 TSX
20130311 20130801 -4.8117e-05 5.7505e-10 TSX
20130316 20130623 1.8075e-05 6.677e-10 TSX
20130402 20150122 -6.3728e-06 3.4749e-10 TSX
20130407 20140530 -4.8634e-06 3.8138e-10 TSX
20130421 20171016 9.6509e-06 2.7752e-10 TSX
20130424 20130721 -0.00019216 6.7544e-10 TSX
20130429 20130623 -7.4278e-05 7.6734e-10 TSX
20130505 20131028 -0.00010088 5.3719e-10 TSX
20130513 20151112 2.0615e-06 2.9439e-10 TSX
20130516 20131017 0.00021056 5.8865e-10 TSX
20130521 20130715 0.00014301 7.6736e-10 TSX
20130524 20171129 1.1732e-05 2.6059e-10 TSX
20130527 20140627 4.2968e-05 3.8462e-10 TSX
20130601 20130930 2.7251e-05 6.2649e-10 TSX
20130604 20141217 -1.9277e-05 3.4204e-10 TSX
20130607 20140719 1.8658e-05 3.806e-10 TSX
20130612 20150105 -3.7088e-05 3.3861e-10 TSX
20130615 20160106 1.0073e-05 2.8697e-10 TSX
20130618 20140708 -4.596e-06 3.8889e-10 TSX
20130623 20130715 0.00064554 8.7024e-10 TSX
20130629 20130914 0.00018704 7.142e-10 TSX
20130707 20150130 -8.034e-06 3.4147e-10 TSX
20130710 20140901 -2.3323e-05 3.7768e-10 TSX
20130715 20130726 -0.0024005 1.0175e-09 TSX
20130721 20131108 0.00051003 6.505e-10 TSX
20130726 20150517 2.9465e-05 3.3029e-10 TSX
20130729 20160904 -1.2409e-05 2.719e-10 TSX
20130801 20151115 -1.9081e-05 3.2798e-10 TSX
20130817 20140209 -4.042e-05 5.4592e-10 TSX
20130828 20150312 5.7495e-05 3.4024e-10 TSX
20130903 20150329 -0.00010484 4.0906e-10 TSX
20130919 20160309 4.0615e-05 3.1893e-10 TSX
20130925 20140708 -1.0137e-05 4.8002e-10 TSX
20130930 20160411 1.3205e-05 3.05e-10 TSX
20131011 20150802 5.4167e-05 3.2789e-10 TSX
20131017 20140719 4.7474e-05 5.1372e-10 TSX
20131028 20160304 -6.8474e-05 3.4303e-10 TSX
20131102 20140519 2.3162e-05 5.2085e-10 TSX
20131108 20140708 -0.00034592 5.5466e-10 TSX
20140209 20160309 2.8117e-05 3.2366e-10 TSX
20140223 20140829 2.011e-05 5.1588e-10 TSX
20140408 20140705 -3.6905e-05 6.744e-10 TSX
20140419 20170913 -1.6581e-06 3.1154e-10 TSX
20140511 20141228 -4.1522e-06 4.731e-10 TSX
20140519 20150824 -3.4663e-05 3.6633e-10 TSX
20140624 20171005 -1.2947e-05 2.7186e-10 TSX
20140627 20151115 -8.8389e-05 3.5981e-10 TSX
20140705 20180911 1.066e-05 2.6836e-10 TSX
20140708 20160406 2.3646e-05 3.3381e-10 TSX
20140716 20171005 4.4419e-06 2.7603e-10 TSX
20140719 20151207 -1.5291e-05 3.495e-10 TSX
20140727 20150326 -1.3482e-05 4.6397e-10 TSX
20140810 20150122 3.1301e-07 5.7519e-10 TSX
20140818 20160301 1.5178e-05 3.3084e-10 TSX
20140829 20160208 1.1632e-05 3.404e-10 TSX
20140901 20140912 -0.00028804 9.7382e-10 TSX
20140912 20141209 2.771e-06 6.7543e-10 TSX
20140920 20170902 9.7578e-06 2.8684e-10 TSX
20141209 20160211 -4.9524e-05 3.6566e-10 TSX
20141217 20160722 2.2763e-05 3.2819e-10 TSX
20141228 20160106 2.871e-06 3.8396e-10 TSX
20141231 20151024 -1.9847e-05 4.2913e-10 TSX
20150105 20150824 -4.1844e-05 4.8875e-10 TSX
20150108 20170811 5.1661e-06 3.0149e-10 TSX
20150119 20160117 3.5341e-05 3.8823e-10 TSX
20150127 20160411 1.4162e-05 3.8789e-10 TSX
20150130 20151112 3.1503e-05 4.3068e-10 TSX
20150210 20170114 1.5443e-05 3.0691e-10 TSX
20150213 20160326 0.00017382 4.3641e-10 TSX
20150218 20160216 -3.7989e-06 4.0336e-10 TSX
20150221 20180112 -1.7345e-05 3.6875e-10 TSX
20150304 20180911 -4.1944e-06 2.9516e-10 TSX
20150307 20160211 -1.4077e-05 4.0308e-10 TSX
20150312 20160320 -7.0513e-05 4.0227e-10 TSX
20150326 20150827 4.0941e-05 5.574e-10 TSX
20150329 20151207 -5.0232e-05 4.5747e-10 TSX
20150428 20160425 3.2958e-05 3.8995e-10 TSX
20150509 20150827 1.4951e-05 6.3055e-10 TSX
20150517 20150824 -0.00012317 6.6766e-10 TSX
20150520 20180911 -1.3319e-05 2.7851e-10 TSX
20150714 20170822 1.9579e-05 3.1521e-10 TSX
20150725 20170924 1.2533e-05 3.0502e-10 TSX
20150802 20160309 -3.7045e-05 5.013e-10 TSX
20150805 20160403 -4.4595e-05 4.6576e-10 TSX
20150816 20171107 7.556e-07 2.9703e-10 TSX
20150824 20150915 0.00064088 8.7014e-10 TSX
20150827 20170902 9.6828e-07 3.0815e-10 TSX
20150915 20160216 -2.1087e-05 5.7529e-10 TSX
20151021 20160904 -7.424e-05 4.1668e-10 TSX
20151101 20171016 1.836e-05 3.0272e-10 TSX
20151112 20160425 1.2144e-06 5.4333e-10 TSX
20151115 20151229 0.00020614 7.8491e-10 TSX
20151123 20171221 -8.6954e-06 3.1134e-10 TSX
20151204 20151215 0.00016193 9.8416e-10 TSX
20151207 20160406 -6.0261e-05 6.1061e-10 TSX
20151215 20170822 2.7654e-05 3.2269e-10 TSX
20151226 20161223 2.3738e-05 3.955e-10 TSX
20151229 20160211 1.1643e-05 7.8491e-10 TSX
20160106 20161223 3.2697e-05 4.0113e-10 TSX
20160117 20160926 -1.6212e-06 4.5692e-10 TSX
20160128 20160301 -0.00016455 8.1753e-10 TSX
20160208 20160312 -9.7047e-05 8.1753e-10 TSX
20160216 20160309 -0.00035547 8.7014e-10 TSX
20160219 20180319 5.371e-06 3.0191e-10 TSX
20160301 20161201 6.9324e-05 4.4065e-10 TSX
20160304 20160326 4.2373e-05 8.5662e-10 TSX
20160312 20180319 -1.463e-07 3.0472e-10 TSX
20160320 20160411 0.00038124 8.7015e-10 TSX
20160323 20171118 -4.4237e-06 3.2503e-10 TSX
20160326 20160406 -0.00050766 9.7374e-10 TSX
20160403 20171027 2.4266e-05 3.2891e-10 TSX
20160425 20170811 2.6209e-05 3.505e-10 TSX
20160528 20160630 -5.9445e-05 8.1753e-10 TSX
20160630 20171118 4.2974e-05 3.3921e-10 TSX
20160722 20161201 0.00014903 5.9016e-10 TSX
20160904 20180707 1.2056e-05 3.2508e-10 TSX
20160915 20180911 -1.3106e-05 3.0233e-10 TSX
20160926 20170114 4.4285e-05 6.2905e-10 TSX
20161201 20171027 -1.0957e-05 4.0893e-10 TSX
20161223 20171107 -2.904e-05 4.1157e-10 TSX
20170114 20170902 1.1933e-05 4.7357e-10 TSX
20170811 20171005 -8.7768e-05 7.5529e-10 TSX
20170822 20180707 -4.7472e-05 4.1523e-10 TSX
20170913 20180707 -6.5604e-05 4.2738e-10 TSX
20170924 20180319 -3.2022e-05 5.2865e-10 TSX
20171005 20171107 4.682e-05 8.1753e-10 TSX
20171016 20180319 -1.1009e-05 5.5705e-10 TSX
20171027 20180911 -3.0626e-05 4.1519e-10 TSX
20171107 20171118 8.622e-05 9.8416e-10 TSX
20171118 20171129 5.5419e-05 9.8416e-10 TSX
20171129 20171221 -3.7856e-05 8.5919e-10 TSX
20171210 20180820 -2.5675e-05 4.5578e-10 TSX
20171221 20180911 -3.1827e-05 4.4779e-10 TSX
20180112 20181003 2.3629e-05 4.4763e-10 TSX
20180319 20180707 -8.3749e-05 6.2899e-10 TSX
20180707 20180911 0.00019619 7.2673e-10 TSX
20180729 20181003 -3.4145e-05 7.2673e-10 TSX
20180820 20181003 9.9843e-05 7.8529e-10 TSX
20180911 20181003 -0.00018029 8.592e-10 TSX
