20030427 20030914 -0.00096081 5.9992e-10 ERS2
20030914 20080629 0.00010042 2.7648e-10 ERS2
20050918 20090510 2.0205e-05 2.9967e-10 ERS2
20051127 20081116 7.9443e-05 3.1212e-10 ERS2
20060903 20090510 -2.3926e-05 3.0838e-10 ERS2
20061231 20090105 3.1942e-05 3.1722e-10 ALOS
20070402 20070703 -0.00016478 6.9861e-10 ALOS
20070518 20091008 -1.5089e-05 3.0231e-10 ALOS
20070818 20071003 -0.00038578 7.9872e-10 ALOS
20071217 20100509 -7.9016e-05 3.041e-10 ALOS
20080103 20100526 -4.0562e-05 3.015e-10 ALOS
20080404 20080520 -7.4738e-06 7.9872e-10 ALOS
20080618 20090921 -5.0949e-05 3.7885e-10 ALOS
20080629 20090510 -7.341e-05 4.2009e-10 ERS2
20080705 20091008 4.6982e-05 3.7176e-10 ALOS
20080803 20090823 -3.395e-05 3.8762e-10 ERS2
20081116 20090823 -7.6317e-05 4.4265e-10 ERS2
20081219 20090921 0.00041545 4.6141e-10 ALOS
20090105 20090708 6.6703e-05 5.5294e-10 ALOS
20090510 20091101 -0.00031893 5.4221e-10 ERS2
20090708 20091008 0.00082837 6.9861e-10 ALOS
20090823 20091101 -4.8322e-05 7.2798e-10 ERS2
20091222 20100624 0.00025316 5.4955e-10 ALOS
20100108 20100223 0.00010729 7.9885e-10 ALOS
20100223 20100526 7.3295e-05 6.9859e-10 ALOS
20100410 20100711 -8.1249e-05 6.9858e-10 ALOS
20100509 20100624 0.00059143 7.967e-10 ALOS
20100526 20100711 0.00046564 7.9874e-10 ALOS
20100624 20101109 2.063e-05 6.1404e-10 ALOS
20100711 20101011 0.00011959 6.9866e-10 ALOS
20100809 20101109 -0.00018856 6.9558e-10 ALOS
20101011 20101126 0.00025468 7.9874e-10 ALOS
20110111 20110226 0.00069287 7.9872e-10 ALOS
20110924 20130715 2.8332e-05 3.2793e-10 TSX
20111005 20121229 -9.3695e-05 3.7594e-10 TSX
20111121 20171221 1.1666e-05 2.5274e-10 TSX
20111221 20130131 -2.4468e-05 3.9399e-10 TSX
20111224 20121027 1.571e-05 4.2855e-10 TSX
20120126 20140419 -1.7176e-05 2.9133e-10 TSX
20120203 20160320 -2.9179e-05 2.5191e-10 TSX
20120206 20171107 1.3413e-05 2.6128e-10 TSX
20120617 20171129 1.3097e-05 2.5445e-10 TSX
20120723 20160120 2.2376e-05 2.6522e-10 TSX
20121024 20130109 6.7509e-05 7.332e-10 TSX
20121027 20151226 1.1524e-06 2.6866e-10 TSX
20121030 20130311 3.3447e-06 6.1323e-10 TSX
20121107 20171118 7.1301e-06 2.5581e-10 TSX
20121221 20160208 8.8322e-06 2.6631e-10 TSX
20121224 20130516 -5.2707e-05 5.9613e-10 TSX
20121229 20130407 1.9701e-05 6.8907e-10 TSX
20130104 20130217 1.4888e-05 7.9578e-10 TSX
20130109 20130715 0.00010496 5.5385e-10 TSX
20130112 20140511 -1.5939e-06 3.5684e-10 TSX
20130115 20130721 -0.00020237 5.3592e-10 TSX
20130126 20130823 -0.00012476 5.1066e-10 TSX
20130131 20130429 -4.6106e-05 7.1063e-10 TSX
20130203 20130729 -3.6853e-05 5.4601e-10 TSX
20130211 20130919 3.7295e-05 5.1784e-10 TSX
20130228 20141209 3.0894e-05 3.1743e-10 TSX
20130311 20130801 -3.5518e-05 5.9579e-10 TSX
20130316 20130623 2.9174e-05 6.8908e-10 TSX
20130402 20150122 1.1641e-05 2.9631e-10 TSX
20130407 20140530 -2.0366e-05 3.8896e-10 TSX
20130421 20171016 1.2814e-05 2.6507e-10 TSX
20130424 20130721 -0.0002559 6.9491e-10 TSX
20130429 20130623 -2.0372e-05 7.8091e-10 TSX
20130505 20131028 -0.00047123 5.4903e-10 TSX
20130513 20151112 3.2346e-05 2.7883e-10 TSX
20130516 20131017 -0.00010324 5.7885e-10 TSX
20130521 20130715 0.0002938 7.8094e-10 TSX
20130524 20171129 2.1707e-05 2.5885e-10 TSX
20130527 20140627 -2.9465e-05 3.9118e-10 TSX
20130601 20130930 0.00027708 6.4919e-10 TSX
20130604 20141217 7.7069e-06 3.3862e-10 TSX
20130607 20140719 4.9267e-06 3.8707e-10 TSX
20130612 20150105 -1.7723e-07 3.4338e-10 TSX
20130615 20160106 2.6996e-05 2.7802e-10 TSX
20130618 20140708 4.698e-05 3.9578e-10 TSX
20130623 20130715 0.00064708 8.748e-10 TSX
20130629 20130914 0.00022313 7.1857e-10 TSX
20130707 20150130 -6.5911e-06 3.3853e-10 TSX
20130710 20140901 -2.4756e-05 3.8358e-10 TSX
20130715 20130726 -0.0024116 1.02e-09 TSX
20130721 20131108 0.0007287 6.5131e-10 TSX
20130726 20150517 -7.9125e-05 3.2543e-10 TSX
20130729 20160904 -1.6527e-05 2.6976e-10 TSX
20130801 20151115 -1.3621e-06 2.9142e-10 TSX
20130817 20140209 -0.00017387 5.6773e-10 TSX
20130828 20150312 -1.6643e-05 3.4511e-10 TSX
20130903 20150329 -9.9199e-05 3.1702e-10 TSX
20130919 20160309 -1.6741e-05 2.8012e-10 TSX
20130925 20140708 -3.8981e-05 4.4433e-10 TSX
20130930 20160411 -5.662e-05 2.7865e-10 TSX
20131011 20150802 -4.9653e-05 3.2386e-10 TSX
20131017 20140719 -4.4711e-05 4.5252e-10 TSX
20131028 20160304 -2.8472e-05 2.6337e-10 TSX
20131102 20140519 -3.4892e-05 5.4162e-10 TSX
20131108 20140708 -2.1648e-05 4.791e-10 TSX
20140209 20160309 4.6257e-05 3.0996e-10 TSX
20140223 20140829 5.3506e-05 5.3255e-10 TSX
20140408 20140705 -4.2465e-05 6.9301e-10 TSX
20140419 20170913 3.3504e-05 2.6849e-10 TSX
20140511 20141228 -1.5363e-05 4.8612e-10 TSX
20140519 20150824 4.9621e-06 3.7118e-10 TSX
20140624 20171005 6.7784e-06 2.6413e-10 TSX
20140627 20151115 -5.4568e-05 3.4534e-10 TSX
20140705 20180911 1.3798e-05 2.5895e-10 TSX
20140708 20160406 1.4707e-05 3.1577e-10 TSX
20140716 20171005 1.3473e-05 2.6715e-10 TSX
20140719 20151207 -1.6569e-05 3.4593e-10 TSX
20140727 20150326 -4.6719e-05 4.7639e-10 TSX
20140810 20150122 1.7081e-06 5.6369e-10 TSX
20140818 20160301 -1.3371e-05 3.2593e-10 TSX
20140829 20160208 -2.5129e-05 3.3347e-10 TSX
20140901 20140912 -0.00027473 9.763e-10 TSX
20140912 20141209 -6.6786e-05 6.9491e-10 TSX
20140920 20170902 1.2423e-05 2.6969e-10 TSX
20141209 20160211 -5.7169e-05 3.7059e-10 TSX
20141217 20160722 -9.9125e-06 3.201e-10 TSX
20141228 20160106 3.4275e-06 3.8774e-10 TSX
20141231 20151024 1.5245e-05 4.3728e-10 TSX
20150105 20150824 -2.3774e-05 5.0689e-10 TSX
20150108 20170811 2.2064e-05 2.7855e-10 TSX
20150119 20160117 3.9041e-05 3.9326e-10 TSX
20150127 20160411 -3.1511e-05 3.7827e-10 TSX
20150130 20151112 1.1792e-06 4.3935e-10 TSX
20150210 20170114 1.1805e-05 2.9794e-10 TSX
20150213 20160326 3.5421e-05 3.7146e-10 TSX
20150218 20160216 -2.7564e-05 4.133e-10 TSX
20150221 20180112 5.9808e-05 2.7029e-10 TSX
20150304 20180911 2.9002e-06 2.6776e-10 TSX
20150307 20160211 -7.8247e-06 4.1055e-10 TSX
20150312 20160320 -0.00011527 4.0776e-10 TSX
20150326 20150827 4.8889e-05 5.7546e-10 TSX
20150329 20151207 -3.9159e-05 4.7039e-10 TSX
20150428 20160425 -5.7883e-06 3.928e-10 TSX
20150509 20150827 4.7037e-05 6.4876e-10 TSX
20150517 20150824 6.8564e-06 6.8907e-10 TSX
20150520 20180911 -2.4316e-05 2.6482e-10 TSX
20150714 20170822 4.1179e-05 2.9432e-10 TSX
20150725 20170924 -1.3603e-05 2.9158e-10 TSX
20150802 20160309 -7.6666e-05 5.1783e-10 TSX
20150805 20160403 -6.9598e-05 4.7607e-10 TSX
20150816 20171107 1.6991e-05 2.8912e-10 TSX
20150824 20150915 0.00062748 8.7469e-10 TSX
20150827 20170902 -1.6217e-06 3.0068e-10 TSX
20150915 20160216 -9.7231e-05 5.9729e-10 TSX
20151021 20160904 -0.00010942 4.2098e-10 TSX
20151101 20171016 1.9025e-06 3.03e-10 TSX
20151112 20160425 -4.2814e-05 5.6049e-10 TSX
20151115 20151229 0.00016851 7.9578e-10 TSX
20151123 20171221 1.7177e-05 3.0091e-10 TSX
20151204 20151215 0.00016633 9.867e-10 TSX
20151207 20160406 -0.00010142 6.3169e-10 TSX
20151215 20170822 1.2071e-05 3.1641e-10 TSX
20151226 20161223 8.7001e-06 3.9916e-10 TSX
20151229 20160211 3.3452e-05 7.9578e-10 TSX
20160106 20161223 -1.2047e-06 4.0432e-10 TSX
20160117 20160926 -2.7509e-05 4.6667e-10 TSX
20160128 20160301 -0.00019067 8.2498e-10 TSX
20160208 20160312 -7.89e-05 8.2498e-10 TSX
20160216 20160309 -0.00037861 8.7469e-10 TSX
20160219 20180319 2.0681e-05 2.96e-10 TSX
20160301 20161201 -5.4128e-06 4.5023e-10 TSX
20160304 20160326 3.0596e-05 8.6133e-10 TSX
20160312 20180319 2.5864e-05 3.0183e-10 TSX
20160320 20160411 0.00042046 8.7469e-10 TSX
20160323 20171118 -7.7981e-06 3.2036e-10 TSX
20160326 20160406 -0.00049967 9.7623e-10 TSX
20160403 20171027 3.6681e-06 3.2624e-10 TSX
20160425 20170811 1.9207e-05 3.518e-10 TSX
20160528 20160630 4.0713e-05 8.2498e-10 TSX
20160630 20171118 -1.941e-05 3.4133e-10 TSX
20160722 20161201 3.6348e-05 6.0996e-10 TSX
20160904 20180707 3.2189e-05 3.2601e-10 TSX
20160915 20180911 -2.1171e-05 3.0109e-10 TSX
20160926 20170114 2.2915e-06 6.4882e-10 TSX
20161201 20171027 -9.3774e-06 4.1489e-10 TSX
20161223 20171107 -2.5593e-05 4.1798e-10 TSX
20170114 20170902 -1.3553e-05 4.8469e-10 TSX
20170811 20171005 -7.2897e-05 7.6851e-10 TSX
20170822 20180707 -1.2797e-05 4.222e-10 TSX
20170913 20180707 -3.3437e-05 4.3479e-10 TSX
20170924 20180319 2.9323e-05 5.4613e-10 TSX
20171005 20171107 1.8576e-05 8.2498e-10 TSX
20171016 20180319 4.2945e-05 5.7601e-10 TSX
20171027 20180911 -6.5098e-05 4.2218e-10 TSX
20171107 20171118 7.9508e-05 9.867e-10 TSX
20171118 20171129 5.5429e-05 9.867e-10 TSX
20171129 20171221 5.9458e-06 8.6382e-10 TSX
20171210 20180820 -4.5394e-05 4.6708e-10 TSX
20171221 20180911 -0.00013566 4.5831e-10 TSX
20180112 20181003 -3.4611e-05 4.5815e-10 TSX
20180319 20180707 -5.8467e-05 6.4884e-10 TSX
20180707 20180911 6.8759e-05 7.4227e-10 TSX
20180729 20181003 2.0751e-05 7.4227e-10 TSX
20180820 20181003 0.00015393 7.9574e-10 TSX
20180911 20181003 -0.00015424 8.6382e-10 TSX
