20030427 20030914 -6.0771e-05 5.6864e-10 ERS2
20030914 20080629 1.6957e-05 2.8111e-10 ERS2
20050918 20090510 -2.2115e-06 3.1984e-10 ERS2
20051127 20081116 8.6477e-05 3.2881e-10 ERS2
20060903 20090510 0.00013892 3.3748e-10 ERS2
20061231 20090105 1.0749e-05 3.1981e-10 ALOS
20070402 20070703 3.2448e-05 6.9086e-10 ALOS
20070518 20091008 2.7994e-05 3.0733e-10 ALOS
20070818 20071003 -0.00043357 7.9567e-10 ALOS
20071217 20100509 -9.0349e-05 3.2338e-10 ALOS
20080103 20100526 -0.00017147 3.096e-10 ALOS
20080404 20080520 -6.1697e-06 7.9626e-10 ALOS
20080618 20090921 -1.262e-05 3.766e-10 ALOS
20080629 20090510 -0.00020581 4.1825e-10 ERS2
20080705 20091008 -8.4886e-05 3.721e-10 ALOS
20080803 20090823 -5.9085e-05 3.8845e-10 ERS2
20081116 20090823 -4.7323e-05 4.3578e-10 ERS2
20081219 20090921 1.3376e-06 4.5558e-10 ALOS
20090105 20090708 -6.2676e-05 5.456e-10 ALOS
20090510 20091101 -0.00010604 5.2605e-10 ERS2
20090708 20091008 0.0002012 6.8931e-10 ALOS
20090823 20091101 0.0011699 7.0692e-10 ERS2
20091222 20100624 -0.00010811 5.4006e-10 ALOS
20100108 20100223 0.00042665 7.9624e-10 ALOS
20100223 20100526 -7.2664e-05 6.9113e-10 ALOS
20100410 20100711 6.5096e-05 6.9007e-10 ALOS
20100509 20100624 0.0005636 7.9296e-10 ALOS
20100526 20100711 0.00037974 7.9585e-10 ALOS
20100624 20101109 -5.9013e-05 6.0135e-10 ALOS
20100711 20101011 -0.00025935 6.9014e-10 ALOS
20100809 20101109 -1.3182e-05 6.8526e-10 ALOS
20101011 20101126 0.00035941 7.9606e-10 ALOS
20110111 20110226 0.00056394 7.9584e-10 ALOS
20110924 20130715 2.8874e-05 3.2685e-10 TSX
20111005 20121229 -1.6735e-05 3.8339e-10 TSX
20111121 20171221 6.7793e-06 4.2414e-10 TSX
20111221 20130131 -3.6061e-06 3.9133e-10 TSX
20111224 20121027 -4.4724e-05 4.2275e-10 TSX
20120126 20140419 -2.1317e-05 3.617e-10 TSX
20120203 20160320 6.254e-05 4.1599e-10 TSX
20120206 20171107 -1.9688e-05 3.8178e-10 TSX
20120617 20171129 6.0541e-06 4.4397e-10 TSX
20120723 20160120 1.5407e-05 4.6173e-10 TSX
20121024 20130109 -4.0836e-05 7.2822e-10 TSX
20121027 20151226 -1.4629e-05 3.2195e-10 TSX
20121030 20130311 0.000107 5.9833e-10 TSX
20121107 20171118 -7.344e-06 3.4531e-10 TSX
20121221 20160208 1.2905e-05 4.4654e-10 TSX
20121224 20130516 -3.146e-05 5.8115e-10 TSX
20121229 20130407 2.4808e-05 6.8074e-10 TSX
20130104 20130217 0.00012289 7.9001e-10 TSX
20130109 20130715 0.00018965 5.4936e-10 TSX
20130112 20140511 -3.5049e-05 3.8715e-10 TSX
20130115 20130721 -3.0243e-05 5.2937e-10 TSX
20130126 20130823 -4.8052e-05 5.3509e-10 TSX
20130131 20130429 0.00011965 7.0321e-10 TSX
20130203 20130729 -1.8909e-05 5.2671e-10 TSX
20130211 20130919 -3.4455e-05 5.0904e-10 TSX
20130228 20141209 1.2955e-05 3.5099e-10 TSX
20130311 20130801 -0.0001142 5.8107e-10 TSX
20130316 20130623 6.105e-06 6.807e-10 TSX
20130402 20150122 9.3763e-05 3.5702e-10 TSX
20130407 20140530 5.6954e-05 3.865e-10 TSX
20130421 20171016 -7.4764e-06 3.572e-10 TSX
20130424 20130721 -0.00012351 6.817e-10 TSX
20130429 20130623 -0.00011757 7.7745e-10 TSX
20130505 20131028 4.6623e-05 5.5856e-10 TSX
20130513 20151112 2.4097e-05 4.6247e-10 TSX
20130516 20131017 -0.00034896 5.8169e-10 TSX
20130521 20130715 0.00017298 7.7738e-10 TSX
20130524 20171129 -1.2206e-05 3.4382e-10 TSX
20130527 20140627 -1.8712e-05 3.8954e-10 TSX
20130601 20130930 -4.0383e-05 6.3967e-10 TSX
20130604 20141217 5.4986e-06 3.6084e-10 TSX
20130607 20140719 9.4522e-06 3.8598e-10 TSX
20130612 20150105 2.1546e-05 3.5211e-10 TSX
20130615 20160106 -1.5047e-06 3.4635e-10 TSX
20130618 20140708 -3.4207e-05 3.9402e-10 TSX
20130623 20130715 0.0006423 8.7662e-10 TSX
20130629 20130914 -8.0251e-06 7.2022e-10 TSX
20130707 20150130 -1.6527e-05 3.4536e-10 TSX
20130710 20140901 -5.1549e-06 3.823e-10 TSX
20130715 20130726 -0.0024214 1.0229e-09 TSX
20130721 20131108 -0.00012098 6.5683e-10 TSX
20130726 20150517 5.6515e-05 3.8037e-10 TSX
20130729 20160904 -9.3232e-06 3.707e-10 TSX
20130801 20151115 -3.5178e-06 3.7763e-10 TSX
20130817 20140209 2.9454e-05 5.579e-10 TSX
20130828 20150312 -2.1368e-05 3.4556e-10 TSX
20130903 20150329 -1.4295e-05 3.9319e-10 TSX
20130919 20160309 1.2468e-05 3.1997e-10 TSX
20130925 20140708 2.1106e-05 5.059e-10 TSX
20130930 20160411 7.8892e-05 3.413e-10 TSX
20131011 20150802 3.8292e-07 3.6508e-10 TSX
20131017 20140719 0.00012821 4.9184e-10 TSX
20131028 20160304 -0.00011909 3.1247e-10 TSX
20131102 20140519 0.00017592 5.3197e-10 TSX
20131108 20140708 0.00021 5.8159e-10 TSX
20140209 20160309 -4.2617e-05 3.9601e-10 TSX
20140223 20140829 2.8704e-05 5.1448e-10 TSX
20140408 20140705 -2.1779e-05 6.6901e-10 TSX
20140419 20170913 -2.4901e-06 4.3696e-10 TSX
20140511 20141228 2.8635e-05 4.7394e-10 TSX
20140519 20150824 -3.7966e-05 3.8191e-10 TSX
20140624 20171005 -6.4905e-06 3.7456e-10 TSX
20140627 20151115 -6.1474e-05 4.2648e-10 TSX
20140705 20180911 7.0091e-07 3.7476e-10 TSX
20140708 20160406 3.633e-05 3.853e-10 TSX
20140716 20171005 -1.7417e-05 3.4473e-10 TSX
20140719 20151207 -5.0349e-05 3.6117e-10 TSX
20140727 20150326 -2.4941e-05 4.6448e-10 TSX
20140810 20150122 8.7801e-05 5.8012e-10 TSX
20140818 20160301 -5.8288e-06 3.5479e-10 TSX
20140829 20160208 1.3573e-05 4.3268e-10 TSX
20140901 20140912 -0.00026242 9.7735e-10 TSX
20140912 20141209 -4.6157e-05 6.8174e-10 TSX
20140920 20170902 -1.7766e-06 4.4853e-10 TSX
20141209 20160211 -3.5283e-05 3.7043e-10 TSX
20141217 20160722 -5.8775e-06 3.8726e-10 TSX
20141228 20160106 -2.2681e-05 3.9729e-10 TSX
20141231 20151024 -5.5616e-05 4.3747e-10 TSX
20150105 20150824 -9.0617e-06 5.0949e-10 TSX
20150108 20170811 6.1017e-07 4.0042e-10 TSX
20150119 20160117 -2.6423e-05 3.9925e-10 TSX
20150127 20160411 1.0174e-05 4.3309e-10 TSX
20150130 20151112 3.6517e-06 4.4064e-10 TSX
20150210 20170114 -7.0878e-06 3.8891e-10 TSX
20150213 20160326 0.00021954 4.2237e-10 TSX
20150218 20160216 -3.5685e-05 4.1346e-10 TSX
20150221 20180112 -2.7864e-05 4.4613e-10 TSX
20150304 20180911 -1.8736e-05 3.577e-10 TSX
20150307 20160211 -3.4007e-05 4.2489e-10 TSX
20150312 20160320 1.4018e-05 4.1333e-10 TSX
20150326 20150827 4.5645e-05 5.5718e-10 TSX
20150329 20151207 -0.00010763 4.6383e-10 TSX
20150428 20160425 1.747e-05 4.3395e-10 TSX
20150509 20150827 1.4949e-05 6.2901e-10 TSX
20150517 20150824 -0.0001837 6.8378e-10 TSX
20150520 20180911 -1.4006e-05 4.1072e-10 TSX
20150714 20170822 -5.5609e-06 3.7457e-10 TSX
20150725 20170924 -2.0411e-05 3.7639e-10 TSX
20150802 20160309 -3.9051e-05 5.0902e-10 TSX
20150805 20160403 4.5297e-05 4.6604e-10 TSX
20150816 20171107 -1.5438e-05 3.192e-10 TSX
20150824 20150915 0.0005612 8.7654e-10 TSX
20150827 20170902 1.9441e-06 3.0577e-10 TSX
20150915 20160216 2.4148e-05 5.8717e-10 TSX
20151021 20160904 -3.8963e-05 4.2264e-10 TSX
20151101 20171016 3.4957e-06 3.5478e-10 TSX
20151112 20160425 1.2404e-05 5.4074e-10 TSX
20151115 20151229 0.00013099 7.9001e-10 TSX
20151123 20171221 3.6622e-06 3.6386e-10 TSX
20151204 20151215 0.00015258 9.8562e-10 TSX
20151207 20160406 1.9272e-05 6.1687e-10 TSX
20151215 20170822 1.0292e-05 3.9507e-10 TSX
20151226 20161223 5.2735e-05 3.9769e-10 TSX
20151229 20160211 9.6721e-06 7.9001e-10 TSX
20160106 20161223 3.6042e-05 4.0164e-10 TSX
20160117 20160926 5.1589e-05 4.6373e-10 TSX
20160128 20160301 -0.00015315 8.1624e-10 TSX
20160208 20160312 -7.3861e-05 8.1624e-10 TSX
20160216 20160309 -0.00032835 8.7654e-10 TSX
20160219 20180319 6.0448e-06 2.9913e-10 TSX
20160301 20161201 2.7968e-05 4.4179e-10 TSX
20160304 20160326 1.6117e-05 8.6068e-10 TSX
20160312 20180319 -2.7206e-06 3.0345e-10 TSX
20160320 20160411 0.00038772 8.7655e-10 TSX
20160323 20171118 1.1376e-05 3.2954e-10 TSX
20160326 20160406 -0.00049826 9.7724e-10 TSX
20160403 20171027 2.6787e-05 4.0986e-10 TSX
20160425 20170811 6.647e-06 3.5651e-10 TSX
20160528 20160630 7.1675e-06 8.1624e-10 TSX
20160630 20171118 1.4664e-05 3.4549e-10 TSX
20160722 20161201 1.8367e-05 5.8632e-10 TSX
20160904 20180707 -9.2431e-07 3.3217e-10 TSX
20160915 20180911 -8.1371e-06 3.123e-10 TSX
20160926 20170114 5.8454e-06 6.2394e-10 TSX
20161201 20171027 2.8903e-05 4.129e-10 TSX
20161223 20171107 -2.3429e-05 4.1773e-10 TSX
20170114 20170902 1.8144e-05 4.7881e-10 TSX
20170811 20171005 -5.2125e-05 7.5119e-10 TSX
20170822 20180707 -4.7495e-05 4.1742e-10 TSX
20170913 20180707 -3.9778e-05 4.2956e-10 TSX
20170924 20180319 -9.9855e-05 5.2681e-10 TSX
20171005 20171107 7.5851e-05 8.1624e-10 TSX
20171016 20180319 -6.938e-05 5.5433e-10 TSX
20171027 20180911 -6.683e-06 4.1725e-10 TSX
20171107 20171118 7.7357e-05 9.8562e-10 TSX
20171118 20171129 4.1436e-05 9.8562e-10 TSX
20171129 20171221 -3.2116e-05 8.5947e-10 TSX
20171210 20180820 -4.9607e-05 4.564e-10 TSX
20171221 20180911 8.8438e-06 4.4862e-10 TSX
20180112 20181003 -4.4966e-05 4.4877e-10 TSX
20180319 20180707 -6.5942e-05 6.2414e-10 TSX
20180707 20180911 0.00014149 7.2181e-10 TSX
20180729 20181003 -4.5677e-05 7.2181e-10 TSX
20180820 20181003 2.3189e-05 7.8244e-10 TSX
20180911 20181003 -0.00017486 8.5948e-10 TSX
