20030427 20030914 0.0012938 5.9768e-10 ERS2
20030914 20080629 0.00011275 2.7952e-10 ERS2
20050918 20090510 1.3977e-05 3.0969e-10 ERS2
20051127 20081116 0.00023556 3.118e-10 ERS2
20060903 20090510 -0.00021017 3.1419e-10 ERS2
20061231 20090105 -2.2672e-05 3.2472e-10 ALOS
20070402 20070703 1.4771e-05 6.872e-10 ALOS
20070518 20091008 -4.4096e-05 3.1171e-10 ALOS
20070818 20071003 -0.00043254 7.9283e-10 ALOS
20071217 20100509 -9.4218e-05 3.1226e-10 ALOS
20080103 20100526 -9.6703e-06 3.1088e-10 ALOS
20080404 20080520 -4.4757e-06 7.929e-10 ALOS
20080618 20090921 -0.00013887 3.8e-10 ALOS
20080629 20090510 0.00013978 4.2929e-10 ERS2
20080705 20091008 0.00022179 3.7447e-10 ALOS
20080803 20090823 9.2681e-06 3.9818e-10 ERS2
20081116 20090823 1.0306e-05 4.5122e-10 ERS2
20081219 20090921 0.0011368 4.5543e-10 ALOS
20090105 20090708 0.00022876 5.4181e-10 ALOS
20090510 20091101 -8.1728e-05 5.5063e-10 ERS2
20090708 20091008 0.0012989 6.8719e-10 ALOS
20090823 20091101 0.00099561 7.3106e-10 ERS2
20091222 20100624 0.0011214 5.3806e-10 ALOS
20100108 20100223 0.0006909 7.929e-10 ALOS
20100223 20100526 -0.00011247 6.873e-10 ALOS
20100410 20100711 -0.00014048 6.8717e-10 ALOS
20100509 20100624 0.00081455 7.9055e-10 ALOS
20100526 20100711 0.00053477 7.9286e-10 ALOS
20100624 20101109 0.00026037 6.0087e-10 ALOS
20100711 20101011 0.00043591 6.8722e-10 ALOS
20100809 20101109 4.6621e-06 6.8386e-10 ALOS
20101011 20101126 0.00026542 7.9285e-10 ALOS
20110111 20110226 0.0010416 7.9284e-10 ALOS
20110924 20130715 1.3159e-05 3.3549e-10 TSX
20111005 20121229 -5.1974e-06 3.7916e-10 TSX
20111121 20171221 1.7425e-05 3.0022e-10 TSX
20111221 20130131 -7.9113e-06 3.9571e-10 TSX
20111224 20121027 -1.7473e-07 4.4335e-10 TSX
20120126 20140419 2.4627e-05 3.0456e-10 TSX
20120203 20160320 -3.0685e-05 2.6273e-10 TSX
20120206 20171107 -3.9221e-06 3.7723e-10 TSX
20120617 20171129 -2.3254e-05 3.386e-10 TSX
20120723 20160120 1.3806e-05 2.8179e-10 TSX
20121024 20130109 -3.0648e-05 7.2352e-10 TSX
20121027 20151226 1.1154e-05 3.0244e-10 TSX
20121030 20130311 -1.1234e-05 6.004e-10 TSX
20121107 20171118 -8.6048e-06 4.1259e-10 TSX
20121221 20160208 1.3068e-05 2.967e-10 TSX
20121224 20130516 3.0149e-05 5.8321e-10 TSX
20121229 20130407 6.1457e-05 6.7783e-10 TSX
20130104 20130217 6.3085e-05 7.897e-10 TSX
20130109 20130715 8.2044e-05 5.4338e-10 TSX
20130112 20140511 2.8793e-05 3.7246e-10 TSX
20130115 20130721 -4.3141e-05 5.2481e-10 TSX
20130126 20130823 -0.00024835 5.0071e-10 TSX
20130131 20130429 1.9411e-05 7.0004e-10 TSX
20130203 20130729 3.7846e-05 5.5815e-10 TSX
20130211 20130919 3.9739e-05 5.0888e-10 TSX
20130228 20141209 3.1427e-05 3.2196e-10 TSX
20130311 20130801 -5.8053e-05 5.8311e-10 TSX
20130316 20130623 6.2801e-06 6.7784e-10 TSX
20130402 20150122 -1.5379e-05 3.023e-10 TSX
20130407 20140530 -2.455e-06 3.9104e-10 TSX
20130421 20171016 -6.0379e-06 3.0003e-10 TSX
20130424 20130721 -0.00014649 6.8338e-10 TSX
20130429 20130623 -0.00017503 7.7403e-10 TSX
20130505 20131028 -0.00059073 5.3806e-10 TSX
20130513 20151112 1.6554e-05 3.1763e-10 TSX
20130516 20131017 -0.00028808 5.6648e-10 TSX
20130521 20130715 0.00014895 7.7406e-10 TSX
20130524 20171129 -5.9353e-06 3.8006e-10 TSX
20130527 20140627 -3.8951e-05 3.8973e-10 TSX
20130601 20130930 9.209e-05 6.3733e-10 TSX
20130604 20141217 -7.8849e-06 3.5493e-10 TSX
20130607 20140719 -4.7285e-06 3.8586e-10 TSX
20130612 20150105 -1.3593e-05 3.492e-10 TSX
20130615 20160106 1.556e-05 3.0173e-10 TSX
20130618 20140708 -2.0676e-05 3.9411e-10 TSX
20130623 20130715 0.00066768 8.7352e-10 TSX
20130629 20130914 0.00022265 7.0794e-10 TSX
20130707 20150130 -9.403e-06 3.5488e-10 TSX
20130710 20140901 1.7474e-05 3.8279e-10 TSX
20130715 20130726 -0.0023578 1.0201e-09 TSX
20130721 20131108 0.00078733 6.3883e-10 TSX
20130726 20150517 -3.404e-05 3.3426e-10 TSX
20130729 20160904 -1.9631e-05 3.2421e-10 TSX
20130801 20151115 2.7267e-05 2.983e-10 TSX
20130817 20140209 -6.3969e-05 5.5672e-10 TSX
20130828 20150312 -3.2058e-05 3.5163e-10 TSX
20130903 20150329 -0.00019847 3.203e-10 TSX
20130919 20160309 1.6738e-06 2.8958e-10 TSX
20130925 20140708 4.4897e-06 4.3804e-10 TSX
20130930 20160411 -1.5876e-05 2.8666e-10 TSX
20131011 20150802 3.4958e-05 3.3183e-10 TSX
20131017 20140719 -5.1178e-05 4.4577e-10 TSX
20131028 20160304 -6.7951e-05 3.5492e-10 TSX
20131102 20140519 2.2108e-05 5.3134e-10 TSX
20131108 20140708 1.3649e-05 4.7061e-10 TSX
20140209 20160309 -9.115e-07 3.1864e-10 TSX
20140223 20140829 1.2964e-05 5.448e-10 TSX
20140408 20140705 -6.5703e-06 7.0036e-10 TSX
20140419 20170913 -3.6888e-06 4.3059e-10 TSX
20140511 20141228 1.6263e-05 4.993e-10 TSX
20140519 20150824 3.8228e-06 3.751e-10 TSX
20140624 20171005 -1.5106e-05 3.886e-10 TSX
20140627 20151115 2.5927e-06 3.4791e-10 TSX
20140705 20180911 2.6938e-06 3.537e-10 TSX
20140708 20160406 7.5235e-05 3.2153e-10 TSX
20140716 20171005 1.9273e-05 3.7286e-10 TSX
20140719 20151207 1.8734e-05 3.481e-10 TSX
20140727 20150326 -1.8668e-05 4.8987e-10 TSX
20140810 20150122 -5.7818e-05 5.5176e-10 TSX
20140818 20160301 1.602e-05 3.4343e-10 TSX
20140829 20160208 3.3345e-05 3.4953e-10 TSX
20140901 20140912 -0.00028998 9.7564e-10 TSX
20140912 20141209 6.1453e-05 6.8337e-10 TSX
20140920 20170902 2.5012e-05 3.7284e-10 TSX
20141209 20160211 -5.9719e-05 3.7071e-10 TSX
20141217 20160722 4.5472e-05 3.4726e-10 TSX
20141228 20160106 3.1777e-05 4.009e-10 TSX
20141231 20151024 -1.935e-05 4.3184e-10 TSX
20150105 20150824 -3.8681e-05 4.9838e-10 TSX
20150108 20170811 -2.7077e-05 4.1883e-10 TSX
20150119 20160117 5.1071e-05 4.1346e-10 TSX
20150127 20160411 5.7543e-05 3.813e-10 TSX
20150130 20151112 5.8322e-05 4.508e-10 TSX
20150210 20170114 1.4243e-05 3.7205e-10 TSX
20150213 20160326 8.4443e-05 3.7527e-10 TSX
20150218 20160216 -1.4834e-06 4.1285e-10 TSX
20150221 20180112 2.928e-05 3.7289e-10 TSX
20150304 20180911 2.3056e-05 3.4217e-10 TSX
20150307 20160211 2.4933e-05 4.0734e-10 TSX
20150312 20160320 6.3972e-05 4.0758e-10 TSX
20150326 20150827 5.1156e-05 5.8428e-10 TSX
20150329 20151207 -2.5511e-06 4.6249e-10 TSX
20150428 20160425 3.4801e-05 4.0889e-10 TSX
20150509 20150827 1.8891e-05 6.5821e-10 TSX
20150517 20150824 -0.00010177 6.7784e-10 TSX
20150520 20180911 -4.9915e-06 3.7396e-10 TSX
20150714 20170822 -1.2134e-05 3.6496e-10 TSX
20150725 20170924 2.1023e-05 3.528e-10 TSX
20150802 20160309 -2.6657e-05 5.0886e-10 TSX
20150805 20160403 2.3247e-05 4.8893e-10 TSX
20150816 20171107 -1.1394e-05 3.5773e-10 TSX
20150824 20150915 0.00067801 8.7341e-10 TSX
20150827 20170902 2.5632e-05 3.3904e-10 TSX
20150915 20160216 -0.00017632 5.8573e-10 TSX
20151021 20160904 2.3828e-05 4.3654e-10 TSX
20151101 20171016 -5.0446e-06 3.5614e-10 TSX
20151112 20160425 -7.5011e-06 5.725e-10 TSX
20151115 20151229 0.00016931 7.8969e-10 TSX
20151123 20171221 -2.5336e-06 3.4034e-10 TSX
20151204 20151215 0.00013876 9.8952e-10 TSX
20151207 20160406 -0.00023353 6.1893e-10 TSX
20151215 20170822 2.3571e-06 3.7097e-10 TSX
20151226 20161223 -4.4359e-06 4.1521e-10 TSX
20151229 20160211 4.3852e-05 7.8969e-10 TSX
20160106 20161223 2.095e-05 4.2021e-10 TSX
20160117 20160926 2.2521e-05 4.7997e-10 TSX
20160128 20160301 -0.0001586 8.2886e-10 TSX
20160208 20160312 -7.694e-05 8.2886e-10 TSX
20160216 20160309 -0.00040949 8.7341e-10 TSX
20160219 20180319 -8.3367e-06 3.2747e-10 TSX
20160301 20161201 4.608e-05 4.6446e-10 TSX
20160304 20160326 -9.4434e-06 8.592e-10 TSX
20160312 20180319 -2.0776e-05 3.4898e-10 TSX
20160320 20160411 0.0003663 8.7342e-10 TSX
20160323 20171118 1.6441e-05 3.6968e-10 TSX
20160326 20160406 -0.00046502 9.7558e-10 TSX
20160403 20171027 2.4384e-05 3.6153e-10 TSX
20160425 20170811 -4.3577e-06 3.8325e-10 TSX
20160528 20160630 -1.0487e-06 8.2886e-10 TSX
20160630 20171118 -1.0482e-06 3.5953e-10 TSX
20160722 20161201 3.4844e-05 6.215e-10 TSX
20160904 20180707 2.7091e-05 3.4643e-10 TSX
20160915 20180911 1.9121e-05 3.1422e-10 TSX
20160926 20170114 5.3476e-05 6.5881e-10 TSX
20161201 20171027 -1.1562e-06 4.3666e-10 TSX
20161223 20171107 2.2878e-05 4.3357e-10 TSX
20170114 20170902 2.4047e-05 5.0197e-10 TSX
20170811 20171005 -1.879e-05 7.738e-10 TSX
20170822 20180707 8.3361e-05 4.3748e-10 TSX
20170913 20180707 7.1633e-05 4.494e-10 TSX
20170924 20180319 3.8105e-05 5.5829e-10 TSX
20171005 20171107 2.6411e-05 8.2886e-10 TSX
20171016 20180319 1.6234e-05 5.8786e-10 TSX
20171027 20180911 6.2086e-05 4.3753e-10 TSX
20171107 20171118 7.0774e-05 9.8952e-10 TSX
20171118 20171129 5.3632e-05 9.8952e-10 TSX
20171129 20171221 -1.3856e-05 8.6706e-10 TSX
20171210 20180820 4.7865e-05 4.8117e-10 TSX
20171221 20180911 5.1106e-05 4.7229e-10 TSX
20180112 20181003 2.9277e-05 4.7235e-10 TSX
20180319 20180707 -9.1214e-06 6.591e-10 TSX
20180707 20180911 0.00017208 7.4832e-10 TSX
20180729 20181003 -8.9368e-06 7.4832e-10 TSX
20180820 20181003 0.0001348 8.0033e-10 TSX
20180911 20181003 -0.00019103 8.6707e-10 TSX
