20030427 20030914 0.00013338 5.6644e-10 ERS2
20030914 20080629 -0.00013236 2.816e-10 ERS2
20050918 20090510 -1.6346e-05 3.0257e-10 ERS2
20051127 20081116 -0.00021081 3.1461e-10 ERS2
20060903 20090510 -5.567e-05 3.1114e-10 ERS2
20061231 20090105 -8.8136e-05 3.1975e-10 ALOS
20070402 20070703 -4.5558e-05 6.6676e-10 ALOS
20070518 20091008 -5.0907e-05 3.0427e-10 ALOS
20070818 20071003 -0.00024046 7.763e-10 ALOS
20071217 20100509 -7.9411e-05 3.0349e-10 ALOS
20080103 20100526 -7.8281e-05 3.3311e-10 ALOS
20080404 20080520 -7.1641e-05 7.7627e-10 ALOS
20080618 20090921 -5.6705e-06 3.721e-10 ALOS
20080629 20090510 -0.0004314 4.1365e-10 ERS2
20080705 20091008 -0.00041146 3.7136e-10 ALOS
20080803 20090823 -4.1547e-05 3.8307e-10 ERS2
20081116 20090823 4.6105e-05 4.3262e-10 ERS2
20081219 20090921 2.5498e-05 4.4686e-10 ALOS
20090105 20090708 -0.00018489 5.2902e-10 ALOS
20090510 20091101 5.066e-05 5.2118e-10 ERS2
20090708 20091008 0.00014869 6.6693e-10 ALOS
20090823 20091101 0.00010807 6.9862e-10 ERS2
20091222 20100624 0.00012059 5.2681e-10 ALOS
20100108 20100223 0.00049756 7.7748e-10 ALOS
20100223 20100526 -0.00021564 6.6747e-10 ALOS
20100410 20100711 5.3317e-06 6.6721e-10 ALOS
20100509 20100624 0.00061393 7.7416e-10 ALOS
20100526 20100711 0.00042825 7.7629e-10 ALOS
20100624 20101109 -1.4315e-05 5.8416e-10 ALOS
20100711 20101011 -0.0002051 6.6671e-10 ALOS
20100809 20101109 -3.6328e-05 6.639e-10 ALOS
20101011 20101126 0.00031198 7.7628e-10 ALOS
20110111 20110226 0.00045898 7.7628e-10 ALOS
20110924 20130715 -9.1416e-06 3.2337e-10 TSX
20111005 20121229 -9.2574e-06 3.6897e-10 TSX
20111121 20171221 2.5494e-06 3.5124e-10 TSX
20111221 20130131 -1.8072e-05 3.8579e-10 TSX
20111224 20121027 2.4437e-06 4.1937e-10 TSX
20120126 20140419 2.6231e-05 3.0641e-10 TSX
20120203 20160320 2.0786e-05 2.9467e-10 TSX
20120206 20171107 1.5799e-05 2.9011e-10 TSX
20120617 20171129 5.2795e-07 2.9843e-10 TSX
20120723 20160120 9.7749e-06 3.6135e-10 TSX
20121024 20130109 5.1148e-05 7.0231e-10 TSX
20121027 20151226 -9.338e-06 3.1049e-10 TSX
20121030 20130311 5.3936e-06 5.8475e-10 TSX
20121107 20171118 -6.7875e-06 3.9018e-10 TSX
20121221 20160208 6.2658e-06 3.1492e-10 TSX
20121224 20130516 1.7777e-05 5.6857e-10 TSX
20121229 20130407 7.9435e-05 6.5652e-10 TSX
20130104 20130217 1.0876e-05 7.7382e-10 TSX
20130109 20130715 7.3441e-05 5.3417e-10 TSX
20130112 20140511 -5.9806e-06 3.6148e-10 TSX
20130115 20130721 -1.9499e-05 5.1341e-10 TSX
20130126 20130823 0.0001671 5.0799e-10 TSX
20130131 20130429 2.279e-05 6.7851e-10 TSX
20130203 20130729 -9.823e-06 5.2317e-10 TSX
20130211 20130919 9.9329e-06 4.9631e-10 TSX
20130228 20141209 8.9088e-06 3.4786e-10 TSX
20130311 20130801 -1.6746e-05 5.6863e-10 TSX
20130316 20130623 1.857e-05 6.5657e-10 TSX
20130402 20150122 -0.00018775 3.7315e-10 TSX
20130407 20140530 -2.3755e-05 3.8131e-10 TSX
20130421 20171016 2.5841e-05 3.4352e-10 TSX
20130424 20130721 -7.8409e-05 6.6425e-10 TSX
20130429 20130623 -5.2595e-05 7.5517e-10 TSX
20130505 20131028 -0.00020961 5.5782e-10 TSX
20130513 20151112 2.6754e-05 3.1741e-10 TSX
20130516 20131017 0.00026567 5.7089e-10 TSX
20130521 20130715 5.725e-05 7.5522e-10 TSX
20130524 20171129 2.0848e-05 3.1098e-10 TSX
20130527 20140627 -1.5019e-05 3.8382e-10 TSX
20130601 20130930 -1.8692e-05 6.1732e-10 TSX
20130604 20141217 2.4231e-05 3.4463e-10 TSX
20130607 20140719 1.089e-05 3.8008e-10 TSX
20130612 20150105 4.4696e-06 3.3816e-10 TSX
20130615 20160106 1.2505e-05 3.1993e-10 TSX
20130618 20140708 -3.1781e-05 3.8817e-10 TSX
20130623 20130715 0.00057044 8.637e-10 TSX
20130629 20130914 8.2164e-05 6.997e-10 TSX
20130707 20150130 5.1557e-06 3.3997e-10 TSX
20130710 20140901 4.0986e-05 3.7681e-10 TSX
20130715 20130726 -0.0023623 1.0131e-09 TSX
20130721 20131108 0.00047745 6.328e-10 TSX
20130726 20150517 -1.0628e-05 3.2161e-10 TSX
20130729 20160904 9.4395e-07 2.9461e-10 TSX
20130801 20151115 4.1745e-05 3.7809e-10 TSX
20130817 20140209 4.959e-07 5.412e-10 TSX
20130828 20150312 9.214e-06 3.4246e-10 TSX
20130903 20150329 -7.2917e-05 3.6382e-10 TSX
20130919 20160309 8.9635e-06 3.1481e-10 TSX
20130925 20140708 9.0774e-05 4.7072e-10 TSX
20130930 20160411 2.5425e-05 3.0109e-10 TSX
20131011 20150802 -4.4322e-06 3.3639e-10 TSX
20131017 20140719 -1.3911e-05 4.7438e-10 TSX
20131028 20160304 -4.2404e-05 3.3771e-10 TSX
20131102 20140519 5.848e-05 5.1731e-10 TSX
20131108 20140708 0.00014818 5.2853e-10 TSX
20140209 20160309 -3.8082e-06 3.3014e-10 TSX
20140223 20140829 1.4159e-05 5.1116e-10 TSX
20140408 20140705 1.1006e-05 6.6136e-10 TSX
20140419 20170913 2.7421e-06 3.2196e-10 TSX
20140511 20141228 3.8171e-05 4.702e-10 TSX
20140519 20150824 5.841e-06 3.743e-10 TSX
20140624 20171005 9.8364e-06 3.7978e-10 TSX
20140627 20151115 -2.3543e-06 4.0042e-10 TSX
20140705 20180911 -2.0684e-05 3.2158e-10 TSX
20140708 20160406 1.2945e-05 3.7976e-10 TSX
20140716 20171005 6.0141e-06 3.9503e-10 TSX
20140719 20151207 -2.6761e-06 3.8965e-10 TSX
20140727 20150326 -2.6746e-05 4.6167e-10 TSX
20140810 20150122 7.8166e-05 5.4265e-10 TSX
20140818 20160301 2.8162e-05 3.4087e-10 TSX
20140829 20160208 2.4925e-05 3.6679e-10 TSX
20140901 20140912 -0.00026807 9.6913e-10 TSX
20140912 20141209 -1.501e-05 6.6421e-10 TSX
20140920 20170902 2.0297e-05 3.5797e-10 TSX
20141209 20160211 -6.2514e-07 3.7454e-10 TSX
20141217 20160722 2.498e-05 3.6337e-10 TSX
20141228 20160106 1.8311e-05 3.9846e-10 TSX
20141231 20151024 1.7617e-06 4.2717e-10 TSX
20150105 20150824 -2.4641e-05 4.8803e-10 TSX
20150108 20170811 4.9587e-05 3.5155e-10 TSX
20150119 20160117 3.463e-05 3.9643e-10 TSX
20150127 20160411 -1.3874e-05 3.8947e-10 TSX
20150130 20151112 4.2496e-05 4.323e-10 TSX
20150210 20170114 -1.4505e-05 3.652e-10 TSX
20150213 20160326 6.0326e-05 4.6009e-10 TSX
20150218 20160216 -4.971e-06 4.0997e-10 TSX
20150221 20180112 6.3256e-05 3.6111e-10 TSX
20150304 20180911 -2.0686e-05 3.4977e-10 TSX
20150307 20160211 -4.8361e-06 4.0794e-10 TSX
20150312 20160320 8.4641e-06 3.9898e-10 TSX
20150326 20150827 4.7419e-05 5.5023e-10 TSX
20150329 20151207 -4.3723e-05 4.5638e-10 TSX
20150428 20160425 4.3178e-05 4.0731e-10 TSX
20150509 20150827 2.5064e-05 6.2106e-10 TSX
20150517 20150824 -0.00023413 6.5915e-10 TSX
20150520 20180911 1.5138e-05 3.2531e-10 TSX
20150714 20170822 2.5891e-05 3.1511e-10 TSX
20150725 20170924 1.7653e-05 3.054e-10 TSX
20150802 20160309 -2.9882e-05 4.9788e-10 TSX
20150805 20160403 1.0467e-05 4.6154e-10 TSX
20150816 20171107 9.7342e-06 3.0564e-10 TSX
20150824 20150915 0.00054406 8.6361e-10 TSX
20150827 20170902 2.2846e-05 3.1819e-10 TSX
20150915 20160216 1.1618e-05 5.6907e-10 TSX
20151021 20160904 -3.2948e-05 4.1441e-10 TSX
20151101 20171016 1.1255e-06 3.2538e-10 TSX
20151112 20160425 -1.1317e-05 5.3621e-10 TSX
20151115 20151229 6.9297e-05 7.7382e-10 TSX
20151123 20171221 2.6615e-05 2.9869e-10 TSX
20151204 20151215 0.00016967 9.7881e-10 TSX
20151207 20160406 -2.1172e-05 6.0225e-10 TSX
20151215 20170822 3.9885e-05 3.2903e-10 TSX
20151226 20161223 2.3858e-05 3.9383e-10 TSX
20151229 20160211 1.1279e-05 7.7382e-10 TSX
20160106 20161223 8.8826e-06 4.0005e-10 TSX
20160117 20160926 6.808e-05 4.553e-10 TSX
20160128 20160301 -0.0001791 8.0688e-10 TSX
20160208 20160312 -6.6053e-05 8.0688e-10 TSX
20160216 20160309 -0.00031593 8.6361e-10 TSX
20160219 20180319 1.8476e-05 3.0515e-10 TSX
20160301 20161201 6.9219e-05 4.3861e-10 TSX
20160304 20160326 4.7707e-05 8.4975e-10 TSX
20160312 20180319 2.8413e-05 3.0352e-10 TSX
20160320 20160411 0.00035597 8.6362e-10 TSX
20160323 20171118 3.939e-05 3.2393e-10 TSX
20160326 20160406 -0.00050674 9.6905e-10 TSX
20160403 20171027 2.3641e-05 3.2927e-10 TSX
20160425 20170811 4.3997e-05 3.5821e-10 TSX
20160528 20160630 -3.1135e-06 8.0688e-10 TSX
20160630 20171118 3.8058e-05 3.4224e-10 TSX
20160722 20161201 0.00012023 5.8139e-10 TSX
20160904 20180707 8.5088e-06 3.2391e-10 TSX
20160915 20180911 -2.0333e-05 3.0245e-10 TSX
20160926 20170114 9.1615e-05 6.182e-10 TSX
20161201 20171027 3.9967e-06 4.0689e-10 TSX
20161223 20171107 3.4154e-05 4.1183e-10 TSX
20170114 20170902 -7.1437e-06 4.7054e-10 TSX
20170811 20171005 -3.606e-05 7.4141e-10 TSX
20170822 20180707 -6.584e-05 4.1363e-10 TSX
20170913 20180707 -9.3254e-05 4.2535e-10 TSX
20170924 20180319 -6.665e-05 5.2321e-10 TSX
20171005 20171107 7.6175e-05 8.0688e-10 TSX
20171016 20180319 -5.4099e-05 5.5012e-10 TSX
20171027 20180911 -3.6103e-05 4.1372e-10 TSX
20171107 20171118 7.1504e-05 9.7881e-10 TSX
20171118 20171129 5.6475e-05 9.7881e-10 TSX
20171129 20171221 -1.8018e-05 8.5131e-10 TSX
20171210 20180820 -6.3167e-05 4.5348e-10 TSX
20171221 20180911 -4.3671e-05 4.4579e-10 TSX
20180112 20181003 -1.0966e-05 4.4575e-10 TSX
20180319 20180707 -8.8481e-05 6.1805e-10 TSX
20180707 20180911 0.00016351 7.1257e-10 TSX
20180729 20181003 3.2337e-05 7.1257e-10 TSX
20180820 20181003 0.00013545 7.7255e-10 TSX
20180911 20181003 -0.00013491 8.5131e-10 TSX
