20030427 20030914 -0.00048868 5.6637e-10 ERS2
20030914 20080629 -1.6944e-05 2.8654e-10 ERS2
20050918 20090510 7.0924e-06 2.9587e-10 ERS2
20051127 20081116 -0.00010493 3.0582e-10 ERS2
20060903 20090510 -5.4874e-05 3.1226e-10 ERS2
20061231 20090105 -1.909e-05 3.1892e-10 ALOS
20070402 20070703 -8.0288e-05 6.6643e-10 ALOS
20070518 20091008 1.4202e-05 3.176e-10 ALOS
20070818 20071003 -0.00036536 7.7647e-10 ALOS
20071217 20100509 -0.00014668 3.0164e-10 ALOS
20080103 20100526 -8.648e-05 3.2308e-10 ALOS
20080404 20080520 5.3879e-05 7.7636e-10 ALOS
20080618 20090921 -7.3753e-05 3.7322e-10 ALOS
20080629 20090510 -0.00027815 4.1504e-10 ERS2
20080705 20091008 0.00011483 3.6573e-10 ALOS
20080803 20090823 -5.5293e-06 3.8307e-10 ERS2
20081116 20090823 2.812e-05 4.3204e-10 ERS2
20081219 20090921 0.00010218 4.4661e-10 ALOS
20090105 20090708 -2.9179e-05 5.3077e-10 ALOS
20090510 20091101 3.2654e-05 5.2102e-10 ERS2
20090708 20091008 0.00030869 6.6808e-10 ALOS
20090823 20091101 -0.00013177 6.9887e-10 ERS2
20091222 20100624 0.00035256 5.2918e-10 ALOS
20100108 20100223 0.0003373 7.7753e-10 ALOS
20100223 20100526 3.046e-05 6.6903e-10 ALOS
20100410 20100711 -0.00022913 6.6667e-10 ALOS
20100509 20100624 0.00059117 7.7437e-10 ALOS
20100526 20100711 0.0003535 7.7646e-10 ALOS
20100624 20101109 -0.00018419 5.84e-10 ALOS
20100711 20101011 -0.00025013 6.6644e-10 ALOS
20100809 20101109 -5.8929e-05 6.6365e-10 ALOS
20101011 20101126 0.00036778 7.7646e-10 ALOS
20110111 20110226 0.00057244 7.7646e-10 ALOS
20110924 20130715 3.0586e-06 3.2252e-10 TSX
20111005 20121229 3.9781e-05 3.7006e-10 TSX
20111121 20171221 -1.6831e-05 2.3683e-10 TSX
20111221 20130131 1.2061e-05 3.8554e-10 TSX
20111224 20121027 2.545e-05 4.1899e-10 TSX
20120126 20140419 -2.7924e-06 2.9166e-10 TSX
20120203 20160320 4.175e-05 2.5133e-10 TSX
20120206 20171107 6.0823e-08 2.4043e-10 TSX
20120617 20171129 -1.8006e-06 2.4274e-10 TSX
20120723 20160120 3.3837e-05 2.9139e-10 TSX
20121024 20130109 7.6213e-05 7.0199e-10 TSX
20121027 20151226 -1.3549e-05 2.7352e-10 TSX
20121030 20130311 3.7253e-05 5.8466e-10 TSX
20121107 20171118 -1.4966e-06 2.4437e-10 TSX
20121221 20160208 7.6685e-06 2.7778e-10 TSX
20121224 20130516 -2.3984e-06 5.6852e-10 TSX
20121229 20130407 -6.238e-06 6.5617e-10 TSX
20130104 20130217 4.1032e-05 7.7416e-10 TSX
20130109 20130715 -6.2826e-05 5.2926e-10 TSX
20130112 20140511 2.6912e-06 3.5329e-10 TSX
20130115 20130721 -8.3105e-06 5.1397e-10 TSX
20130126 20130823 0.00021006 5.0674e-10 TSX
20130131 20130429 1.5685e-05 6.7817e-10 TSX
20130203 20130729 -9.8532e-06 5.2312e-10 TSX
20130211 20130919 -2.8899e-05 4.9608e-10 TSX
20130228 20141209 6.1382e-06 3.1247e-10 TSX
20130311 20130801 -3.9729e-05 5.6845e-10 TSX
20130316 20130623 4.2109e-05 6.5617e-10 TSX
20130402 20150122 -5.5307e-05 3.5926e-10 TSX
20130407 20140530 -7.0883e-06 3.8103e-10 TSX
20130421 20171016 -4.3485e-06 2.475e-10 TSX
20130424 20130721 -6.3484e-05 6.6411e-10 TSX
20130429 20130623 -3.8022e-05 7.5515e-10 TSX
20130505 20131028 0.00032854 5.6949e-10 TSX
20130513 20151112 1.9266e-05 2.8284e-10 TSX
20130516 20131017 8.9266e-05 5.7768e-10 TSX
20130521 20130715 -1.9497e-05 7.5517e-10 TSX
20130524 20171129 4.7216e-06 2.4497e-10 TSX
20130527 20140627 3.8368e-05 3.8317e-10 TSX
20130601 20130930 -4.9034e-05 6.1699e-10 TSX
20130604 20141217 -1.0328e-06 3.3856e-10 TSX
20130607 20140719 1.2939e-06 3.7941e-10 TSX
20130612 20150105 2.3234e-05 3.3761e-10 TSX
20130615 20160106 2.4697e-05 2.9095e-10 TSX
20130618 20140708 -8.4887e-06 3.8749e-10 TSX
20130623 20130715 0.00056125 8.6404e-10 TSX
20130629 20130914 0.00023662 6.9831e-10 TSX
20130707 20150130 1.1337e-05 3.3682e-10 TSX
20130710 20140901 4.6769e-06 3.7579e-10 TSX
20130715 20130726 -0.0023857 1.0134e-09 TSX
20130721 20131108 6.8476e-05 6.4312e-10 TSX
20130726 20150517 3.3207e-05 3.1983e-10 TSX
20130729 20160904 -1.4403e-05 2.7534e-10 TSX
20130801 20151115 9.7194e-06 2.9739e-10 TSX
20130817 20140209 4.8574e-06 5.4102e-10 TSX
20130828 20150312 -2.4915e-07 3.3963e-10 TSX
20130903 20150329 0.00026946 3.5368e-10 TSX
20130919 20160309 2.487e-05 2.8326e-10 TSX
20130925 20140708 6.2711e-05 4.818e-10 TSX
20130930 20160411 3.841e-06 2.8248e-10 TSX
20131011 20150802 -1.1786e-05 3.1926e-10 TSX
20131017 20140719 5.961e-05 4.6468e-10 TSX
20131028 20160304 6.9376e-05 3.8563e-10 TSX
20131102 20140519 6.8455e-05 5.1718e-10 TSX
20131108 20140708 0.00013012 5.1137e-10 TSX
20140209 20160309 6.283e-06 3.1281e-10 TSX
20140223 20140829 -5.1256e-06 5.1112e-10 TSX
20140408 20140705 -9.2729e-06 6.6132e-10 TSX
20140419 20170913 8.7801e-06 2.6817e-10 TSX
20140511 20141228 5.6436e-06 4.7006e-10 TSX
20140519 20150824 1.9562e-06 3.6457e-10 TSX
20140624 20171005 -2.2284e-06 2.6319e-10 TSX
20140627 20151115 -1.6407e-05 3.4335e-10 TSX
20140705 20180911 1.4909e-06 2.4976e-10 TSX
20140708 20160406 1.9592e-05 3.1697e-10 TSX
20140716 20171005 -9.4582e-07 2.6251e-10 TSX
20140719 20151207 -2.7138e-06 3.4204e-10 TSX
20140727 20150326 -1.071e-05 4.616e-10 TSX
20140810 20150122 4.4191e-05 5.5045e-10 TSX
20140818 20160301 5.2306e-06 3.2967e-10 TSX
20140829 20160208 4.3391e-06 3.3284e-10 TSX
20140901 20140912 -0.00026947 9.697e-10 TSX
20140912 20141209 -6.8497e-06 6.6411e-10 TSX
20140920 20170902 2.2065e-05 2.6554e-10 TSX
20141209 20160211 -2.6997e-05 3.6394e-10 TSX
20141217 20160722 1.3051e-05 3.1975e-10 TSX
20141228 20160106 2.0621e-05 3.8196e-10 TSX
20141231 20151024 -2.9265e-05 4.2512e-10 TSX
20150105 20150824 -1.4591e-05 4.8666e-10 TSX
20150108 20170811 1.3028e-05 2.7483e-10 TSX
20150119 20160117 2.9977e-05 3.8733e-10 TSX
20150127 20160411 -1.5352e-05 3.7523e-10 TSX
20150130 20151112 7.7842e-06 4.2872e-10 TSX
20150210 20170114 2.3277e-05 2.9813e-10 TSX
20150213 20160326 3.1954e-05 4.0703e-10 TSX
20150218 20160216 -3.2134e-05 4.0242e-10 TSX
20150221 20180112 5.0443e-05 2.8459e-10 TSX
20150304 20180911 1.1606e-05 2.6719e-10 TSX
20150307 20160211 -3.7515e-05 4.0063e-10 TSX
20150312 20160320 1.2739e-06 3.9759e-10 TSX
20150326 20150827 5.4473e-05 5.4984e-10 TSX
20150329 20151207 -3.2048e-05 4.55e-10 TSX
20150428 20160425 2.1738e-05 3.8733e-10 TSX
20150509 20150827 4.0298e-05 6.182e-10 TSX
20150517 20150824 -0.0001469 6.5632e-10 TSX
20150520 20180911 6.1894e-06 2.5712e-10 TSX
20150714 20170822 1.5561e-05 2.954e-10 TSX
20150725 20170924 1.2388e-05 2.8741e-10 TSX
20150802 20160309 1.4141e-06 4.9622e-10 TSX
20150805 20160403 -3.0424e-05 4.6208e-10 TSX
20150816 20171107 1.5523e-06 2.8572e-10 TSX
20150824 20150915 0.00051243 8.6395e-10 TSX
20150827 20170902 1.1532e-05 2.9596e-10 TSX
20150915 20160216 6.6283e-05 5.6822e-10 TSX
20151021 20160904 -3.6033e-05 4.1196e-10 TSX
20151101 20171016 1.0207e-05 2.9824e-10 TSX
20151112 20160425 1.0715e-05 5.3622e-10 TSX
20151115 20151229 0.00011319 7.7416e-10 TSX
20151123 20171221 -3.2308e-06 2.9235e-10 TSX
20151204 20151215 0.00016084 9.7984e-10 TSX
20151207 20160406 -3.6034e-05 6.0215e-10 TSX
20151215 20170822 2.339e-05 3.1385e-10 TSX
20151226 20161223 2.2687e-05 3.9398e-10 TSX
20151229 20160211 8.4188e-06 7.7416e-10 TSX
20160106 20161223 5.8967e-06 3.9817e-10 TSX
20160117 20160926 1.6368e-05 4.529e-10 TSX
20160128 20160301 -0.00013492 8.0787e-10 TSX
20160208 20160312 -8.3946e-05 8.0787e-10 TSX
20160216 20160309 -0.00030863 8.6395e-10 TSX
20160219 20180319 -6.1468e-06 2.9557e-10 TSX
20160301 20161201 4.2593e-05 4.3856e-10 TSX
20160304 20160326 2.7995e-05 8.5032e-10 TSX
20160312 20180319 3.7007e-06 2.9637e-10 TSX
20160320 20160411 0.00035075 8.6396e-10 TSX
20160323 20171118 1.2305e-05 3.1736e-10 TSX
20160326 20160406 -0.00048932 9.6962e-10 TSX
20160403 20171027 2.9424e-05 3.2434e-10 TSX
20160425 20170811 2.7921e-05 3.4744e-10 TSX
20160528 20160630 -5.7512e-05 8.0787e-10 TSX
20160630 20171118 3.9282e-05 3.3853e-10 TSX
20160722 20161201 0.00010773 5.8128e-10 TSX
20160904 20180707 2.0906e-05 3.224e-10 TSX
20160915 20180911 -5.5039e-06 2.9925e-10 TSX
20160926 20170114 1.9795e-05 6.1795e-10 TSX
20161201 20171027 -3.3607e-06 4.0664e-10 TSX
20161223 20171107 -6.4026e-06 4.0886e-10 TSX
20170114 20170902 1.9456e-05 4.6897e-10 TSX
20170811 20171005 -4.772e-05 7.419e-10 TSX
20170822 20180707 -2.0884e-05 4.1354e-10 TSX
20170913 20180707 -5.574e-05 4.2492e-10 TSX
20170924 20180319 -3.1776e-05 5.2324e-10 TSX
20171005 20171107 5.6835e-05 8.0787e-10 TSX
20171016 20180319 -1.4914e-05 5.5005e-10 TSX
20171027 20180911 -5.2272e-06 4.1371e-10 TSX
20171107 20171118 7.9495e-05 9.7984e-10 TSX
20171118 20171129 5.5414e-05 9.7984e-10 TSX
20171129 20171221 -2.7762e-05 8.5238e-10 TSX
20171210 20180820 -1.6228e-05 4.5361e-10 TSX
20171221 20180911 -1.4312e-05 4.4584e-10 TSX
20180112 20181003 -1.3305e-05 4.4583e-10 TSX
20180319 20180707 -4.2777e-05 6.1793e-10 TSX
20180707 20180911 0.00013716 7.1282e-10 TSX
20180729 20181003 3.9221e-05 7.1282e-10 TSX
20180820 20181003 0.00011943 7.7331e-10 TSX
20180911 20181003 -0.00012458 8.5238e-10 TSX
