20030427 20030914 0.00075583 5.668e-10 ERS2
20030914 20080629 -1.1889e-06 2.655e-10 ERS2
20050918 20090510 -0.00011278 3.0402e-10 ERS2
20051127 20081116 -0.00010804 3.0128e-10 ERS2
20060903 20090510 -7.3908e-05 3.0748e-10 ERS2
20061231 20090105 -5.2052e-06 3.1535e-10 ALOS
20070402 20070703 4.9305e-05 6.6663e-10 ALOS
20070518 20091008 -0.00014563 3.0753e-10 ALOS
20070818 20071003 -0.00026096 7.7561e-10 ALOS
20071217 20100509 -0.0002381 3.0638e-10 ALOS
20080103 20100526 -3.8569e-05 2.9867e-10 ALOS
20080404 20080520 0.00012967 7.7564e-10 ALOS
20080618 20090921 -0.00011353 3.7267e-10 ALOS
20080629 20090510 -0.0004342 4.1873e-10 ERS2
20080705 20091008 -7.0395e-05 3.6509e-10 ALOS
20080803 20090823 -1.7762e-06 3.8556e-10 ERS2
20081116 20090823 5.6797e-05 4.3228e-10 ERS2
20081219 20090921 0.0002048 4.4754e-10 ALOS
20090105 20090708 2.0363e-05 5.2913e-10 ALOS
20090510 20091101 -3.515e-05 5.2186e-10 ERS2
20090708 20091008 0.00022611 6.664e-10 ALOS
20090823 20091101 -0.00016213 6.9865e-10 ERS2
20091222 20100624 0.00037704 5.266e-10 ALOS
20100108 20100223 0.0005195 7.7568e-10 ALOS
20100223 20100526 0.00010982 6.6637e-10 ALOS
20100410 20100711 -0.00017103 6.6684e-10 ALOS
20100509 20100624 0.00068856 7.7359e-10 ALOS
20100526 20100711 0.00034847 7.7565e-10 ALOS
20100624 20101109 -3.1693e-05 5.8402e-10 ALOS
20100711 20101011 0.0002439 6.6639e-10 ALOS
20100809 20101109 -0.00013014 6.6365e-10 ALOS
20101011 20101126 9.4619e-05 7.7566e-10 ALOS
20110111 20110226 0.00049557 7.7562e-10 ALOS
20110924 20130715 -3.8526e-05 3.712e-10 TSX
20111005 20121229 -0.00017365 4.0118e-10 TSX
20111121 20171221 4.842e-05 4.0055e-10 TSX
20111221 20130131 -2.3203e-05 3.911e-10 TSX
20111224 20121027 4.0949e-06 4.381e-10 TSX
20120126 20140419 0.00012408 3.8186e-10 TSX
20120203 20160320 5.6872e-05 2.7064e-10 TSX
20120206 20171107 9.9929e-05 3.6882e-10 TSX
20120617 20171129 3.5251e-05 3.5164e-10 TSX
20120723 20160120 6.7917e-05 3.0691e-10 TSX
20121024 20130109 0.00012981 7.0247e-10 TSX
20121027 20151226 -8.6301e-05 3.935e-10 TSX
20121030 20130311 8.5638e-05 5.8637e-10 TSX
20121107 20171118 5.2868e-05 3.6913e-10 TSX
20121221 20160208 1.0976e-05 3.5835e-10 TSX
20121224 20130516 -2.9201e-05 5.6904e-10 TSX
20121229 20130407 -1.1048e-05 6.5741e-10 TSX
20130104 20130217 4.024e-05 7.7386e-10 TSX
20130109 20130715 -1.5485e-06 5.375e-10 TSX
20130112 20140511 3.6045e-05 4.2027e-10 TSX
20130115 20130721 -0.00025525 5.2752e-10 TSX
20130126 20130823 -0.00041938 5.0806e-10 TSX
20130131 20130429 -7.1843e-05 6.7831e-10 TSX
20130203 20130729 8.0457e-05 5.7003e-10 TSX
20130211 20130919 -0.00012448 5.0549e-10 TSX
20130228 20141209 -0.00010657 3.4085e-10 TSX
20130311 20130801 -0.00014949 5.755e-10 TSX
20130316 20130623 -0.00016893 6.5977e-10 TSX
20130402 20150122 -3.8069e-05 3.3973e-10 TSX
20130407 20140530 -3.909e-05 3.9786e-10 TSX
20130421 20171016 -9.1265e-06 3.7716e-10 TSX
20130424 20130721 -0.00038251 6.6811e-10 TSX
20130429 20130623 -0.0001555 7.5583e-10 TSX
20130505 20131028 -0.0005513 5.5076e-10 TSX
20130513 20151112 9.0185e-05 3.7104e-10 TSX
20130516 20131017 -0.00030369 5.7823e-10 TSX
20130521 20130715 0.00017108 7.563e-10 TSX
20130524 20171129 6.1355e-05 3.5449e-10 TSX
20130527 20140627 -8.602e-05 4.0865e-10 TSX
20130601 20130930 0.00018086 6.2386e-10 TSX
20130604 20141217 0.00011842 3.8893e-10 TSX
20130607 20140719 -0.00011784 4.0182e-10 TSX
20130612 20150105 -0.00010024 3.664e-10 TSX
20130615 20160106 1.4369e-05 3.4445e-10 TSX
20130618 20140708 -5.6668e-05 4.099e-10 TSX
20130623 20130715 0.00070374 8.6331e-10 TSX
20130629 20130914 0.00014547 6.9393e-10 TSX
20130707 20150130 0.00010324 4.1413e-10 TSX
20130710 20140901 -3.6535e-05 3.9851e-10 TSX
20130715 20130726 -0.0025337 1.012e-09 TSX
20130721 20131108 0.00059954 6.2489e-10 TSX
20130726 20150517 1.9845e-05 3.6014e-10 TSX
20130729 20160904 -3.3337e-05 3.7825e-10 TSX
20130801 20151115 -7.1185e-06 3.2366e-10 TSX
20130817 20140209 -9.733e-05 5.4394e-10 TSX
20130828 20150312 -1.6813e-05 3.5746e-10 TSX
20130903 20150329 -1.3134e-05 3.5326e-10 TSX
20130919 20160309 -1.8326e-05 3.0039e-10 TSX
20130925 20140708 -7.5208e-05 4.4207e-10 TSX
20130930 20160411 -1.3479e-05 3.0216e-10 TSX
20131011 20150802 -3.6254e-05 3.5447e-10 TSX
20131017 20140719 -7.9252e-05 4.5326e-10 TSX
20131028 20160304 2.0347e-05 3.656e-10 TSX
20131102 20140519 -0.00016165 5.2272e-10 TSX
20131108 20140708 -0.0001523 4.7724e-10 TSX
20140209 20160309 -1.2333e-05 3.3532e-10 TSX
20140223 20140829 3.6893e-05 5.3234e-10 TSX
20140408 20140705 -1.1906e-05 6.6289e-10 TSX
20140419 20170913 5.3294e-05 3.5628e-10 TSX
20140511 20141228 5.9248e-05 5.0167e-10 TSX
20140519 20150824 6.2524e-06 3.7936e-10 TSX
20140624 20171005 0.00012052 3.9199e-10 TSX
20140627 20151115 3.3023e-05 3.6054e-10 TSX
20140705 20180911 9.9002e-05 3.6243e-10 TSX
20140708 20160406 1.4583e-05 3.429e-10 TSX
20140716 20171005 7.5126e-05 4.0263e-10 TSX
20140719 20151207 -8.7873e-06 3.7194e-10 TSX
20140727 20150326 9.4643e-05 4.6955e-10 TSX
20140810 20150122 -1.5461e-05 5.4282e-10 TSX
20140818 20160301 0.00014676 3.9625e-10 TSX
20140829 20160208 5.0748e-05 4.4886e-10 TSX
20140901 20140912 -0.00030877 9.6835e-10 TSX
20140912 20141209 6.8792e-05 6.6473e-10 TSX
20140920 20170902 7.2224e-05 4.1591e-10 TSX
20141209 20160211 -1.5124e-05 3.8564e-10 TSX
20141217 20160722 6.6835e-05 3.7718e-10 TSX
20141228 20160106 0.00014103 4.3652e-10 TSX
20141231 20151024 8.9187e-06 4.3692e-10 TSX
20150105 20150824 -1.1712e-05 4.9723e-10 TSX
20150108 20170811 6.5933e-05 4.1778e-10 TSX
20150119 20160117 9.4212e-05 4.3544e-10 TSX
20150127 20160411 -6.3219e-05 3.9162e-10 TSX
20150130 20151112 6.5805e-05 4.6524e-10 TSX
20150210 20170114 7.1878e-05 3.7881e-10 TSX
20150213 20160326 6.9099e-05 4.3327e-10 TSX
20150218 20160216 -2.4506e-05 4.1864e-10 TSX
20150221 20180112 0.00010576 3.2367e-10 TSX
20150304 20180911 2.0204e-05 3.8799e-10 TSX
20150307 20160211 -3.8661e-05 4.1443e-10 TSX
20150312 20160320 -5.8762e-05 4.1517e-10 TSX
20150326 20150827 0.00018875 5.6768e-10 TSX
20150329 20151207 -3.0454e-06 4.6257e-10 TSX
20150428 20160425 0.00015086 4.1622e-10 TSX
20150509 20150827 0.0001163 6.3768e-10 TSX
20150517 20150824 9.2171e-06 6.5947e-10 TSX
20150520 20180911 -5.5735e-05 4.2309e-10 TSX
20150714 20170822 0.00011616 3.6338e-10 TSX
20150725 20170924 0.00011092 3.6086e-10 TSX
20150802 20160309 -0.00011077 4.9674e-10 TSX
20150805 20160403 0.00012961 4.6324e-10 TSX
20150816 20171107 0.0002277 3.9185e-10 TSX
20150824 20150915 0.00073721 8.6262e-10 TSX
20150827 20170902 5.3203e-05 3.6724e-10 TSX
20150915 20160216 -0.00010604 5.6971e-10 TSX
20151021 20160904 -5.3917e-05 4.4866e-10 TSX
20151101 20171016 8.8344e-05 3.6181e-10 TSX
20151112 20160425 2.6001e-05 5.3729e-10 TSX
20151115 20151229 0.00010351 7.7341e-10 TSX
20151123 20171221 6.6636e-05 3.6617e-10 TSX
20151204 20151215 0.00017003 9.7793e-10 TSX
20151207 20160406 -9.9674e-05 6.022e-10 TSX
20151215 20170822 0.00021479 3.3918e-10 TSX
20151226 20161223 8.3318e-05 3.9978e-10 TSX
20151229 20160211 5.5785e-05 7.7342e-10 TSX
20160106 20161223 0.00010022 4.0675e-10 TSX
20160117 20160926 4.5289e-05 4.8107e-10 TSX
20160128 20160301 -0.00016963 8.0646e-10 TSX
20160208 20160312 -5.1129e-05 8.0646e-10 TSX
20160216 20160309 -0.00042691 8.6261e-10 TSX
20160219 20180319 6.0695e-05 3.9999e-10 TSX
20160301 20161201 0.00013047 4.4423e-10 TSX
20160304 20160326 8.1465e-05 8.4908e-10 TSX
20160312 20180319 7.7919e-05 4.3543e-10 TSX
20160320 20160411 0.00034983 8.6262e-10 TSX
20160323 20171118 0.00011041 3.7288e-10 TSX
20160326 20160406 -0.00052397 9.6828e-10 TSX
20160403 20171027 8.4335e-05 3.9624e-10 TSX
20160425 20170811 5.7816e-05 4.1215e-10 TSX
20160528 20160630 1.3223e-05 8.0653e-10 TSX
20160630 20171118 0.00013805 4.111e-10 TSX
20160722 20161201 0.00033694 5.8622e-10 TSX
20160904 20180707 7.4896e-05 4.3451e-10 TSX
20160915 20180911 -6.5749e-06 3.8619e-10 TSX
20160926 20170114 5.53e-05 6.3067e-10 TSX
20161201 20171027 -2.8758e-05 4.3055e-10 TSX
20161223 20171107 5.6601e-05 4.7193e-10 TSX
20170114 20170902 6.5766e-06 4.7865e-10 TSX
20170811 20171005 1.0908e-05 7.4167e-10 TSX
20170822 20180707 -0.00010555 4.4985e-10 TSX
20170913 20180707 -0.00020089 4.5284e-10 TSX
20170924 20180319 2.4661e-06 5.2814e-10 TSX
20171005 20171107 2.4117e-05 8.0655e-10 TSX
20171016 20180319 5.4989e-05 5.5356e-10 TSX
20171027 20180911 -0.00012631 4.2741e-10 TSX
20171107 20171118 8.4235e-05 9.7793e-10 TSX
20171118 20171129 6.2673e-05 9.7793e-10 TSX
20171129 20171221 1.4513e-05 8.5065e-10 TSX
20171210 20180820 -0.00011461 4.7561e-10 TSX
20171221 20180911 -0.00015786 4.8863e-10 TSX
20180112 20181003 6.8777e-05 4.9286e-10 TSX
20180319 20180707 -0.00025427 6.2535e-10 TSX
20180707 20180911 0.00026563 7.1252e-10 TSX
20180729 20181003 0.00017151 7.1246e-10 TSX
20180820 20181003 0.00026302 7.7228e-10 TSX
20180911 20181003 -0.00014761 8.5066e-10 TSX
