20030427 20030914 8.7946e-06 6.4041e-10 ERS2
20030914 20080629 0.00013147 3.1984e-10 ERS2
20050918 20090510 -2.9182e-05 3.7668e-10 ERS2
20051127 20081116 -0.00015517 3.5624e-10 ERS2
20060903 20090510 0.00025651 3.6674e-10 ERS2
20061231 20090105 8.303e-05 3.7943e-10 ALOS
20070402 20070703 -1.5e-05 7.4266e-10 ALOS
20070518 20091008 2.6759e-05 3.7593e-10 ALOS
20070818 20071003 -0.00045903 8.2352e-10 ALOS
20071217 20100509 -8.1548e-05 3.3999e-10 ALOS
20080103 20100526 0.0001016 3.4304e-10 ALOS
20080404 20080520 -4.0978e-05 8.2336e-10 ALOS
20080618 20090921 -3.3443e-06 4.2959e-10 ALOS
20080629 20090510 -0.0011446 4.751e-10 ERS2
20080705 20091008 0.00011745 4.1466e-10 ALOS
20080803 20090823 2.8099e-05 4.435e-10 ERS2
20081116 20090823 0.00016997 5.0323e-10 ERS2
20081219 20090921 0.00026194 5.1198e-10 ALOS
20090105 20090708 0.00015608 6.1053e-10 ALOS
20090510 20091101 0.00069521 5.9484e-10 ERS2
20090708 20091008 0.00019126 7.4257e-10 ALOS
20090823 20091101 0.00097794 7.596e-10 ERS2
20091222 20100624 8.3083e-05 6.0977e-10 ALOS
20100108 20100223 0.00037907 8.2489e-10 ALOS
20100223 20100526 -0.00016417 7.4371e-10 ALOS
20100410 20100711 -7.1864e-05 7.4287e-10 ALOS
20100509 20100624 0.00061591 8.2136e-10 ALOS
20100526 20100711 0.00044162 8.236e-10 ALOS
20100624 20101109 -7.2189e-05 6.6367e-10 ALOS
20100711 20101011 -0.00022875 7.4234e-10 ALOS
20100809 20101109 -5.2278e-05 7.3881e-10 ALOS
20101011 20101126 0.00029145 8.2354e-10 ALOS
20110111 20110226 0.00062734 8.2362e-10 ALOS
20110924 20130715 7.2936e-05 3.674e-10 TSX
20111005 20121229 -2.9114e-05 4.2973e-10 TSX
20111121 20171221 -6.51e-06 3.8132e-10 TSX
20111221 20130131 1.759e-05 4.4062e-10 TSX
20111224 20121027 -4.1921e-05 4.8566e-10 TSX
20120126 20140419 -4.7926e-05 3.8574e-10 TSX
20120203 20160320 0.00014872 3.0551e-10 TSX
20120206 20171107 1.8638e-07 4.3914e-10 TSX
20120617 20171129 1.0065e-05 4.5876e-10 TSX
20120723 20160120 -4.568e-06 3.571e-10 TSX
20121024 20130109 4.5649e-05 7.7401e-10 TSX
20121027 20151226 -1.9017e-05 4.7788e-10 TSX
20121030 20130311 0.00011421 6.6104e-10 TSX
20121107 20171118 -7.5517e-07 3.9843e-10 TSX
20121221 20160208 5.7684e-06 4.7483e-10 TSX
20121224 20130516 -7.0084e-05 6.4456e-10 TSX
20121229 20130407 -7.4707e-05 7.3543e-10 TSX
20130104 20130217 8.7628e-05 8.1902e-10 TSX
20130109 20130715 0.00015966 6.268e-10 TSX
20130112 20140511 -5.7519e-05 4.3469e-10 TSX
20130115 20130721 -1.7601e-05 5.862e-10 TSX
20130126 20130823 -5.155e-05 6.1118e-10 TSX
20130131 20130429 9.0555e-05 7.5406e-10 TSX
20130203 20130729 -1.6716e-05 5.9977e-10 TSX
20130211 20130919 -3.1309e-05 5.708e-10 TSX
20130228 20141209 3.3623e-05 3.6359e-10 TSX
20130311 20130801 -9.9508e-05 6.4452e-10 TSX
20130316 20130623 2.6831e-05 7.3543e-10 TSX
20130402 20150122 -2.7681e-05 4.1338e-10 TSX
20130407 20140530 0.00014174 4.3471e-10 TSX
20130421 20171016 -5.5287e-07 3.5216e-10 TSX
20130424 20130721 -0.0001614 7.3578e-10 TSX
20130429 20130623 -0.00010892 8.1072e-10 TSX
20130505 20131028 -0.0001724 6.2652e-10 TSX
20130513 20151112 2.5013e-05 3.9318e-10 TSX
20130516 20131017 2.3454e-05 6.5396e-10 TSX
20130521 20130715 0.00020797 8.1067e-10 TSX
20130524 20171129 -1.0592e-06 3.3873e-10 TSX
20130527 20140627 4.1581e-05 4.4076e-10 TSX
20130601 20130930 -7.8343e-06 6.9951e-10 TSX
20130604 20141217 -2.5342e-05 4.2737e-10 TSX
20130607 20140719 -3.8056e-05 4.3649e-10 TSX
20130612 20150105 1.9266e-05 3.8447e-10 TSX
20130615 20160106 -1.9228e-06 3.4159e-10 TSX
20130618 20140708 -3.8645e-05 4.4586e-10 TSX
20130623 20130715 0.00065765 8.8686e-10 TSX
20130629 20130914 0.00015564 7.6666e-10 TSX
20130707 20150130 -4.5698e-05 3.9501e-10 TSX
20130710 20140901 -1.13e-05 4.3218e-10 TSX
20130715 20130726 -0.0024319 1.0281e-09 TSX
20130721 20131108 0.0003011 7.5508e-10 TSX
20130726 20150517 8.8943e-05 3.6752e-10 TSX
20130729 20160904 3.4603e-06 3.3701e-10 TSX
20130801 20151115 4.2266e-07 3.8591e-10 TSX
20130817 20140209 -6.7107e-05 6.2126e-10 TSX
20130828 20150312 -5.2206e-05 3.8626e-10 TSX
20130903 20150329 0.00012781 5.1674e-10 TSX
20130919 20160309 3.7317e-05 3.235e-10 TSX
20130925 20140708 -0.00019418 5.8863e-10 TSX
20130930 20160411 1.5988e-05 4.3779e-10 TSX
20131011 20150802 3.6825e-05 4.2767e-10 TSX
20131017 20140719 -3.5773e-05 5.9124e-10 TSX
20131028 20160304 1.2209e-05 5.6241e-10 TSX
20131102 20140519 0.0002021 5.9482e-10 TSX
20131108 20140708 8.6424e-05 5.6346e-10 TSX
20140209 20160309 4.5518e-05 3.7836e-10 TSX
20140223 20140829 6.2785e-06 5.8748e-10 TSX
20140408 20140705 -1.4774e-05 7.3027e-10 TSX
20140419 20170913 -7.6071e-06 4.847e-10 TSX
20140511 20141228 3.3815e-05 5.436e-10 TSX
20140519 20150824 -5.3396e-05 4.3945e-10 TSX
20140624 20171005 1.7063e-05 4.0687e-10 TSX
20140627 20151115 -3.7884e-05 4.2032e-10 TSX
20140705 20180911 6.4238e-06 4.4053e-10 TSX
20140708 20160406 3.7998e-05 4.0772e-10 TSX
20140716 20171005 7.0053e-06 5.2428e-10 TSX
20140719 20151207 -9.3766e-06 4.2725e-10 TSX
20140727 20150326 -6.9944e-05 5.3419e-10 TSX
20140810 20150122 4.9748e-05 6.4449e-10 TSX
20140818 20160301 -1.2768e-05 4.062e-10 TSX
20140829 20160208 -2.6378e-05 4.0645e-10 TSX
20140901 20140912 -0.00027298 9.8354e-10 TSX
20140912 20141209 -2.714e-05 7.3576e-10 TSX
20140920 20170902 -1.3437e-05 5.6377e-10 TSX
20141209 20160211 -8.3578e-05 4.2617e-10 TSX
20141217 20160722 -4.4086e-06 4.1069e-10 TSX
20141228 20160106 -2.2987e-06 4.6603e-10 TSX
20141231 20151024 -6.4218e-05 4.9115e-10 TSX
20150105 20150824 3.67e-06 5.7672e-10 TSX
20150108 20170811 1.3341e-05 4.3148e-10 TSX
20150119 20160117 4.6747e-05 4.4574e-10 TSX
20150127 20160411 -3.9697e-05 4.6837e-10 TSX
20150130 20151112 5.2947e-05 5.1215e-10 TSX
20150210 20170114 1.6778e-05 4.3784e-10 TSX
20150213 20160326 -0.00032525 5.287e-10 TSX
20150218 20160216 -1.1128e-05 4.6411e-10 TSX
20150221 20180112 1.1426e-05 6.6836e-10 TSX
20150304 20180911 -1.0084e-05 6.1151e-10 TSX
20150307 20160211 -0.00010987 4.8159e-10 TSX
20150312 20160320 3.8691e-05 4.5778e-10 TSX
20150326 20150827 8.4989e-05 6.3258e-10 TSX
20150329 20151207 -9.8075e-05 5.2419e-10 TSX
20150428 20160425 8.6323e-06 4.7363e-10 TSX
20150509 20150827 8.7455e-05 6.956e-10 TSX
20150517 20150824 -0.00017697 7.3747e-10 TSX
20150520 20180911 -1.438e-06 4.8139e-10 TSX
20150714 20170822 2.769e-05 3.7209e-10 TSX
20150725 20170924 1.5752e-05 3.7357e-10 TSX
20150802 20160309 -6.9181e-05 5.7214e-10 TSX
20150805 20160403 6.667e-05 5.4949e-10 TSX
20150816 20171107 -1.7883e-05 3.9965e-10 TSX
20150824 20150915 0.00061947 8.8678e-10 TSX
20150827 20170902 -1.4419e-05 3.882e-10 TSX
20150915 20160216 2.6745e-07 6.5027e-10 TSX
20151021 20160904 -3.0857e-05 4.9793e-10 TSX
20151101 20171016 -5.6004e-07 3.4459e-10 TSX
20151112 20160425 -1.1891e-05 6.1895e-10 TSX
20151115 20151229 0.00014255 8.1901e-10 TSX
20151123 20171221 9.1429e-06 3.6338e-10 TSX
20151204 20151215 0.00014761 9.9276e-10 TSX
20151207 20160406 -5.6968e-05 6.7844e-10 TSX
20151215 20170822 1.9973e-05 4.151e-10 TSX
20151226 20161223 3.2565e-05 4.542e-10 TSX
20151229 20160211 -5.3928e-06 8.1901e-10 TSX
20160106 20161223 1.2174e-05 4.64e-10 TSX
20160117 20160926 2.2352e-05 5.2636e-10 TSX
20160128 20160301 -0.00017218 8.3953e-10 TSX
20160208 20160312 -6.79e-05 8.3953e-10 TSX
20160216 20160309 -0.00035742 8.8678e-10 TSX
20160219 20180319 4.059e-06 3.5587e-10 TSX
20160301 20161201 7.3917e-05 5.0849e-10 TSX
20160304 20160326 2.0905e-05 8.728e-10 TSX
20160312 20180319 -1.4007e-05 3.6795e-10 TSX
20160320 20160411 0.00039114 8.8679e-10 TSX
20160323 20171118 1.3475e-05 3.5838e-10 TSX
20160326 20160406 -0.00050445 9.8345e-10 TSX
20160403 20171027 4.5554e-05 4.5716e-10 TSX
20160425 20170811 7.6194e-05 4.1812e-10 TSX
20160528 20160630 -1.7453e-07 8.3953e-10 TSX
20160630 20171118 4.8807e-05 3.9338e-10 TSX
20160722 20161201 4.2073e-05 6.578e-10 TSX
20160904 20180707 -3.2482e-05 3.633e-10 TSX
20160915 20180911 -1.7162e-06 3.5667e-10 TSX
20160926 20170114 -4.9674e-06 6.9197e-10 TSX
20161201 20171027 2.384e-05 4.7017e-10 TSX
20161223 20171107 1.8923e-05 4.7816e-10 TSX
20170114 20170902 5.8685e-05 5.4855e-10 TSX
20170811 20171005 -6.6595e-05 7.9343e-10 TSX
20170822 20180707 -5.5253e-05 4.7891e-10 TSX
20170913 20180707 -2.4779e-05 4.9761e-10 TSX
20170924 20180319 -0.00011174 6.0005e-10 TSX
20171005 20171107 6.3737e-05 8.3953e-10 TSX
20171016 20180319 -6.5885e-05 6.2722e-10 TSX
20171027 20180911 -1.116e-05 4.7876e-10 TSX
20171107 20171118 7.9371e-05 9.9276e-10 TSX
20171118 20171129 4.31e-05 9.9276e-10 TSX
20171129 20171221 -3.3684e-05 8.7348e-10 TSX
20171210 20180820 -8.8292e-05 5.2518e-10 TSX
20171221 20180911 3.4625e-06 5.166e-10 TSX
20180112 20181003 4.3542e-05 5.1633e-10 TSX
20180319 20180707 -7.1641e-05 6.9202e-10 TSX
20180707 20180911 0.00017941 7.7182e-10 TSX
20180729 20181003 2.1736e-05 7.7182e-10 TSX
20180820 20181003 0.00013437 8.1558e-10 TSX
20180911 20181003 -0.00014986 8.7348e-10 TSX
