20030427 20030914 -0.00058957 5.6706e-10 ERS2
20030914 20080629 9.9832e-05 2.8373e-10 ERS2
20050918 20090510 -6.2248e-06 3.0381e-10 ERS2
20051127 20081116 -0.00014551 3.1753e-10 ERS2
20060903 20090510 0.00030757 3.0806e-10 ERS2
20061231 20090105 -4.3119e-05 3.1563e-10 ALOS
20070402 20070703 -3.1095e-06 6.6829e-10 ALOS
20070518 20091008 -4.8228e-05 3.0115e-10 ALOS
20070818 20071003 -0.00042385 7.8029e-10 ALOS
20071217 20100509 -8.5756e-05 3.0084e-10 ALOS
20080103 20100526 -5.0457e-05 3.001e-10 ALOS
20080404 20080520 -4.9884e-05 7.803e-10 ALOS
20080618 20090921 -1.8156e-05 3.7143e-10 ALOS
20080629 20090510 -0.00013553 4.1335e-10 ERS2
20080705 20091008 -0.00016432 3.6615e-10 ALOS
20080803 20090823 6.6343e-05 3.817e-10 ERS2
20081116 20090823 4.1191e-05 4.3158e-10 ERS2
20081219 20090921 -0.0001261 4.463e-10 ALOS
20090105 20090708 -7.2697e-06 5.2817e-10 ALOS
20090510 20091101 -0.00023502 5.2146e-10 ERS2
20090708 20091008 0.00044715 6.6829e-10 ALOS
20090823 20091101 0.0011054 7.016e-10 ERS2
20091222 20100624 0.00032705 5.2539e-10 ALOS
20100108 20100223 0.00044034 7.8032e-10 ALOS
20100223 20100526 -7.717e-05 6.683e-10 ALOS
20100410 20100711 -4.2199e-05 6.6827e-10 ALOS
20100509 20100624 0.00075961 7.7805e-10 ALOS
20100526 20100711 0.00048774 7.8031e-10 ALOS
20100624 20101109 1.8549e-05 5.8447e-10 ALOS
20100711 20101011 5.2342e-05 6.6832e-10 ALOS
20100809 20101109 -6.2964e-05 6.6548e-10 ALOS
20101011 20101126 0.00022975 7.8031e-10 ALOS
20110111 20110226 0.00081927 7.803e-10 ALOS
20110924 20130715 2.4273e-05 3.2719e-10 TSX
20111005 20121229 -4.6762e-05 3.6794e-10 TSX
20111121 20171221 -1.249e-05 2.5527e-10 TSX
20111221 20130131 -1.2691e-05 3.8477e-10 TSX
20111224 20121027 -1.1607e-05 4.1984e-10 TSX
20120126 20140419 8.6512e-07 2.8985e-10 TSX
20120203 20160320 8.2371e-06 2.4786e-10 TSX
20120206 20171107 -5.3697e-06 2.6279e-10 TSX
20120617 20171129 -4.928e-06 2.5414e-10 TSX
20120723 20160120 -4.0951e-05 2.6542e-10 TSX
20121024 20130109 -2.095e-06 7.0484e-10 TSX
20121027 20151226 -1.9647e-06 2.6488e-10 TSX
20121030 20130311 -2.0175e-05 5.8512e-10 TSX
20121107 20171118 6.8485e-06 2.517e-10 TSX
20121221 20160208 -3.0219e-06 2.6593e-10 TSX
20121224 20130516 -4.0741e-06 5.6886e-10 TSX
20121229 20130407 3.2099e-05 6.5797e-10 TSX
20130104 20130217 4.619e-05 7.7745e-10 TSX
20130109 20130715 0.00015795 5.2865e-10 TSX
20130112 20140511 2.0504e-05 3.5257e-10 TSX
20130115 20130721 -7.5639e-05 5.1409e-10 TSX
20130126 20130823 -0.00010892 4.9148e-10 TSX
20130131 20130429 4.481e-05 6.8049e-10 TSX
20130203 20130729 4.4482e-06 5.233e-10 TSX
20130211 20130919 4.2133e-06 4.9598e-10 TSX
20130228 20141209 9.3579e-06 3.1444e-10 TSX
20130311 20130801 -3.3321e-05 5.6879e-10 TSX
20130316 20130623 -2.2719e-05 6.5797e-10 TSX
20130402 20150122 3.4558e-05 2.8993e-10 TSX
20130407 20140530 2.2297e-05 3.8012e-10 TSX
20130421 20171016 -1.7796e-06 2.5439e-10 TSX
20130424 20130721 -0.00014741 6.6567e-10 TSX
20130429 20130623 -0.00013548 7.5903e-10 TSX
20130505 20131028 -0.0004586 5.2614e-10 TSX
20130513 20151112 5.007e-06 2.7854e-10 TSX
20130516 20131017 -0.00012973 5.534e-10 TSX
20130521 20130715 0.0002688 7.5905e-10 TSX
20130524 20171129 1.4195e-05 2.516e-10 TSX
20130527 20140627 -3.8832e-05 3.8486e-10 TSX
20130601 20130930 8.985e-05 6.1797e-10 TSX
20130604 20141217 3.7394e-06 3.3653e-10 TSX
20130607 20140719 2.8196e-05 3.8118e-10 TSX
20130612 20150105 2.3285e-05 3.3978e-10 TSX
20130615 20160106 1.0432e-05 2.7652e-10 TSX
20130618 20140708 6.3451e-05 3.8918e-10 TSX
20130623 20130715 0.00067816 8.6776e-10 TSX
20130629 20130914 0.00011028 6.9048e-10 TSX
20130707 20150130 3.8499e-06 3.3685e-10 TSX
20130710 20140901 2.106e-05 3.7743e-10 TSX
20130715 20130726 -0.0023391 1.0167e-09 TSX
20130721 20131108 0.00067539 6.2193e-10 TSX
20130726 20150517 -8.6588e-06 3.2502e-10 TSX
20130729 20160904 -7.876e-06 2.6573e-10 TSX
20130801 20151115 1.9455e-05 2.8955e-10 TSX
20130817 20140209 -1.4692e-05 5.4113e-10 TSX
20130828 20150312 3.4956e-05 3.4192e-10 TSX
20130903 20150329 -0.00011197 3.1102e-10 TSX
20130919 20160309 1.5171e-05 2.7305e-10 TSX
20130925 20140708 4.824e-05 4.315e-10 TSX
20130930 20160411 -7.1015e-06 2.6998e-10 TSX
20131011 20150802 2.2401e-05 3.2182e-10 TSX
20131017 20140719 -7.6679e-05 4.3892e-10 TSX
20131028 20160304 -1.7473e-05 2.5715e-10 TSX
20131102 20140519 1.7842e-05 5.1715e-10 TSX
20131108 20140708 3.1574e-05 4.6289e-10 TSX
20140209 20160309 1.3539e-05 3.0837e-10 TSX
20140223 20140829 2.9919e-05 5.1115e-10 TSX
20140408 20140705 -1.3236e-05 6.6369e-10 TSX
20140419 20170913 9.1972e-06 2.7222e-10 TSX
20140511 20141228 3.8724e-06 4.7033e-10 TSX
20140519 20150824 2.2861e-05 3.6345e-10 TSX
20140624 20171005 -2.1996e-05 2.6854e-10 TSX
20140627 20151115 9.0532e-07 3.3906e-10 TSX
20140705 20180911 -1.2309e-05 2.6732e-10 TSX
20140708 20160406 -2.1319e-05 3.1298e-10 TSX
20140716 20171005 1.1044e-06 2.6723e-10 TSX
20140719 20151207 1.038e-05 3.3958e-10 TSX
20140727 20150326 -1.134e-05 4.6206e-10 TSX
20140810 20150122 3.301e-05 5.3942e-10 TSX
20140818 20160301 -1.3238e-05 3.2658e-10 TSX
20140829 20160208 -6.461e-06 3.3436e-10 TSX
20140901 20140912 -0.00026108 9.7269e-10 TSX
20140912 20141209 -6.2491e-05 6.6567e-10 TSX
20140920 20170902 1.5666e-06 2.6593e-10 TSX
20141209 20160211 -8.941e-06 3.6264e-10 TSX
20141217 20160722 -7.3496e-06 3.2169e-10 TSX
20141228 20160106 -2.0169e-05 3.8191e-10 TSX
20141231 20151024 3.9251e-06 4.2534e-10 TSX
20150105 20150824 7.3242e-06 4.8613e-10 TSX
20150108 20170811 -1.0219e-05 2.7797e-10 TSX
20150119 20160117 3.8651e-05 3.8722e-10 TSX
20150127 20160411 -2.1197e-06 3.7015e-10 TSX
20150130 20151112 1.1621e-05 4.285e-10 TSX
20150210 20170114 -6.7097e-06 2.9959e-10 TSX
20150213 20160326 -4.6231e-05 3.6725e-10 TSX
20150218 20160216 -3.6557e-06 4.0237e-10 TSX
20150221 20180112 4.0857e-05 2.6424e-10 TSX
20150304 20180911 2.7501e-06 2.5912e-10 TSX
20150307 20160211 1.9109e-05 4.0071e-10 TSX
20150312 20160320 -5.7071e-05 3.9722e-10 TSX
20150326 20150827 -1.0205e-06 5.5012e-10 TSX
20150329 20151207 5.1892e-06 4.5501e-10 TSX
20150428 20160425 -9.0426e-06 3.8656e-10 TSX
20150509 20150827 4.3099e-05 6.1918e-10 TSX
20150517 20150824 6.0968e-06 6.5797e-10 TSX
20150520 20180911 -7.3098e-06 2.6782e-10 TSX
20150714 20170822 -9.1167e-06 2.9029e-10 TSX
20150725 20170924 6.7325e-06 2.9239e-10 TSX
20150802 20160309 -7.3027e-05 4.9599e-10 TSX
20150805 20160403 -3.2527e-06 4.614e-10 TSX
20150816 20171107 -1.0246e-05 2.8956e-10 TSX
20150824 20150915 0.00063204 8.6765e-10 TSX
20150827 20170902 -1.556e-05 2.9775e-10 TSX
20150915 20160216 -5.7729e-05 5.6854e-10 TSX
20151021 20160904 -7.9626e-06 4.1301e-10 TSX
20151101 20171016 -1.9829e-06 3.0389e-10 TSX
20151112 20160425 -4.3572e-05 5.3636e-10 TSX
20151115 20151229 0.00011044 7.7745e-10 TSX
20151123 20171221 -1.3173e-05 2.9741e-10 TSX
20151204 20151215 0.00014333 9.8484e-10 TSX
20151207 20160406 -0.00010434 6.0279e-10 TSX
20151215 20170822 -2.7801e-05 3.1674e-10 TSX
20151226 20161223 -1.529e-05 3.9289e-10 TSX
20151229 20160211 5.0726e-05 7.7745e-10 TSX
20160106 20161223 8.9023e-06 3.9776e-10 TSX
20160117 20160926 -2.2702e-05 4.5336e-10 TSX
20160128 20160301 -0.00016789 8.1344e-10 TSX
20160208 20160312 -8.7081e-05 8.1344e-10 TSX
20160216 20160309 -0.00038768 8.6765e-10 TSX
20160219 20180319 -9.2338e-06 2.9524e-10 TSX
20160301 20161201 -2.2226e-05 4.3935e-10 TSX
20160304 20160326 5.6965e-06 8.536e-10 TSX
20160312 20180319 -2.0402e-05 2.9982e-10 TSX
20160320 20160411 0.00036058 8.6766e-10 TSX
20160323 20171118 -1.7145e-05 3.1842e-10 TSX
20160326 20160406 -0.00050554 9.7262e-10 TSX
20160403 20171027 -1.533e-06 3.2551e-10 TSX
20160425 20170811 -1.7341e-05 3.506e-10 TSX
20160528 20160630 -5.5085e-06 8.1344e-10 TSX
20160630 20171118 -2.9087e-05 3.3987e-10 TSX
20160722 20161201 -4.0266e-05 5.8199e-10 TSX
20160904 20180707 1.3303e-06 3.2902e-10 TSX
20160915 20180911 -1.9054e-05 2.9912e-10 TSX
20160926 20170114 -1.2982e-05 6.1921e-10 TSX
20161201 20171027 -1.5181e-05 4.0683e-10 TSX
20161223 20171107 -4.2916e-05 4.0894e-10 TSX
20170114 20170902 1.1458e-05 4.6949e-10 TSX
20170811 20171005 -2.0571e-05 7.4657e-10 TSX
20170822 20180707 3.8469e-05 4.1392e-10 TSX
20170913 20180707 -7.8013e-06 4.2586e-10 TSX
20170924 20180319 4.1196e-05 5.2334e-10 TSX
20171005 20171107 1.7379e-05 8.1344e-10 TSX
20171016 20180319 5.8185e-05 5.5045e-10 TSX
20171027 20180911 5.0633e-06 4.1397e-10 TSX
20171107 20171118 7.6194e-05 9.8484e-10 TSX
20171118 20171129 5.9261e-05 9.8484e-10 TSX
20171129 20171221 2.0102e-06 8.578e-10 TSX
20171210 20180820 4.1665e-05 4.5391e-10 TSX
20171221 20180911 -0.00010967 4.463e-10 TSX
20180112 20181003 3.9124e-06 4.4629e-10 TSX
20180319 20180707 1.7822e-05 6.1922e-10 TSX
20180707 20180911 0.00017597 7.167e-10 TSX
20180729 20181003 1.3461e-05 7.167e-10 TSX
20180820 20181003 0.00011066 7.786e-10 TSX
20180911 20181003 -0.00021461 8.578e-10 TSX
