20030427 20030914 0.00093719 5.8528e-10 ERS2
20030914 20080629 -5.8614e-05 2.6533e-10 ERS2
20050918 20090510 -1.3597e-05 2.965e-10 ERS2
20051127 20081116 -1.041e-05 3.2277e-10 ERS2
20060903 20090510 -0.00017716 3.0993e-10 ERS2
20061231 20090105 5.7586e-05 3.2235e-10 ALOS
20070402 20070703 -0.00021967 6.8704e-10 ALOS
20070518 20091008 -8.2749e-05 3.088e-10 ALOS
20070818 20071003 -0.00038088 7.9282e-10 ALOS
20071217 20100509 9.6333e-06 3.1008e-10 ALOS
20080103 20100526 -4.8005e-06 3.0967e-10 ALOS
20080404 20080520 9.7519e-05 7.9282e-10 ALOS
20080618 20090921 -0.00013684 3.7961e-10 ALOS
20080629 20090510 -0.0003344 4.1656e-10 ERS2
20080705 20091008 -0.00010497 3.713e-10 ALOS
20080803 20090823 -6.8938e-05 3.8465e-10 ERS2
20081116 20090823 -1.13e-07 4.3776e-10 ERS2
20081219 20090921 0.00042303 4.5283e-10 ALOS
20090105 20090708 0.00015139 5.4108e-10 ALOS
20090510 20091101 -0.00058594 5.3493e-10 ERS2
20090708 20091008 0.0005309 6.8677e-10 ALOS
20090823 20091101 -2.7413e-05 7.2258e-10 ERS2
20091222 20100624 0.00040227 5.3719e-10 ALOS
20100108 20100223 0.00030461 7.9272e-10 ALOS
20100223 20100526 8.3596e-07 6.8782e-10 ALOS
20100410 20100711 -0.00011487 6.8662e-10 ALOS
20100509 20100624 0.00074253 7.9054e-10 ALOS
20100526 20100711 0.00049447 7.9283e-10 ALOS
20100624 20101109 -8.968e-05 6.0027e-10 ALOS
20100711 20101011 -0.00019391 6.8706e-10 ALOS
20100809 20101109 -0.00022171 6.8371e-10 ALOS
20101011 20101126 0.00029997 7.9283e-10 ALOS
20110111 20110226 0.00076147 7.9281e-10 ALOS
20110924 20130715 0.00011242 3.3215e-10 TSX
20111005 20121229 9.3551e-06 3.7527e-10 TSX
20111121 20171221 -6.6023e-06 2.5434e-10 TSX
20111221 20130131 5.618e-05 3.9205e-10 TSX
20111224 20121027 -2.3434e-05 4.2518e-10 TSX
20120126 20140419 1.5896e-05 2.9201e-10 TSX
20120203 20160320 -1.189e-05 2.554e-10 TSX
20120206 20171107 9.0146e-07 2.5183e-10 TSX
20120617 20171129 3.3548e-06 2.563e-10 TSX
20120723 20160120 8.7289e-05 2.804e-10 TSX
20121024 20130109 0.00014818 7.234e-10 TSX
20121027 20151226 -2.625e-06 2.6731e-10 TSX
20121030 20130311 5.1006e-05 5.9953e-10 TSX
20121107 20171118 -7.5337e-06 2.5492e-10 TSX
20121221 20160208 1.7387e-05 2.6633e-10 TSX
20121224 20130516 -0.00025959 5.8223e-10 TSX
20121229 20130407 4.1805e-05 6.7754e-10 TSX
20130104 20130217 2.8763e-05 7.8952e-10 TSX
20130109 20130715 0.0001518 5.4219e-10 TSX
20130112 20140511 -1.9279e-05 3.5485e-10 TSX
20130115 20130721 -0.00028321 5.2357e-10 TSX
20130126 20130823 -0.00030105 5.4862e-10 TSX
20130131 20130429 -0.00017125 6.9982e-10 TSX
20130203 20130729 -5.3158e-05 5.3997e-10 TSX
20130211 20130919 1.9885e-05 5.0713e-10 TSX
20130228 20141209 3.2134e-05 3.2076e-10 TSX
20130311 20130801 -7.9963e-05 5.8216e-10 TSX
20130316 20130623 1.7608e-05 6.7755e-10 TSX
20130402 20150122 5.3677e-05 3.6248e-10 TSX
20130407 20140530 -5.4566e-05 3.8706e-10 TSX
20130421 20171016 -4.6837e-06 2.5834e-10 TSX
20130424 20130721 -0.00037485 6.8292e-10 TSX
20130429 20130623 -8.0686e-05 7.7394e-10 TSX
20130505 20131028 -0.0012304 6.2869e-10 TSX
20130513 20151112 -2.7589e-06 2.8116e-10 TSX
20130516 20131017 -0.00041007 5.8587e-10 TSX
20130521 20130715 0.00026983 7.7397e-10 TSX
20130524 20171129 4.5369e-06 2.5998e-10 TSX
20130527 20140627 3.5067e-06 3.8888e-10 TSX
20130601 20130930 0.0002862 6.3686e-10 TSX
20130604 20141217 7.6762e-06 3.3761e-10 TSX
20130607 20140719 2.5273e-05 3.8548e-10 TSX
20130612 20150105 -2.7208e-05 3.4559e-10 TSX
20130615 20160106 1.3825e-05 2.7729e-10 TSX
20130618 20140708 -3.2917e-05 3.932e-10 TSX
20130623 20130715 0.00070706 8.7338e-10 TSX
20130629 20130914 0.00043269 7.1276e-10 TSX
20130707 20150130 -1.55e-06 3.3731e-10 TSX
20130710 20140901 2.2973e-05 3.8226e-10 TSX
20130715 20130726 -0.0025844 1.0199e-09 TSX
20130721 20131108 0.001089 6.6826e-10 TSX
20130726 20150517 0.00014101 3.2946e-10 TSX
20130729 20160904 -1.0897e-05 2.6871e-10 TSX
20130801 20151115 2.6662e-05 3.0845e-10 TSX
20130817 20140209 -3.604e-05 5.5565e-10 TSX
20130828 20150312 9.8882e-05 3.4802e-10 TSX
20130903 20150329 -0.00025923 3.7367e-10 TSX
20130919 20160309 3.7425e-05 2.8541e-10 TSX
20130925 20140708 -3.673e-05 4.4351e-10 TSX
20130930 20160411 1.0735e-05 2.7718e-10 TSX
20131011 20150802 1.03e-05 3.2801e-10 TSX
20131017 20140719 -7.4423e-05 4.4393e-10 TSX
20131028 20160304 -5.7707e-05 3.7174e-10 TSX
20131102 20140519 -0.00030006 5.2993e-10 TSX
20131108 20140708 -5.8881e-05 4.7156e-10 TSX
20140209 20160309 3.6016e-05 3.1328e-10 TSX
20140223 20140829 -1.3448e-05 5.2696e-10 TSX
20140408 20140705 -1.7128e-05 6.878e-10 TSX
20140419 20170913 6.9058e-06 2.9552e-10 TSX
20140511 20141228 4.3254e-05 4.8145e-10 TSX
20140519 20150824 0.00016088 3.7123e-10 TSX
20140624 20171005 3.5471e-06 2.7013e-10 TSX
20140627 20151115 -2.701e-05 3.4459e-10 TSX
20140705 20180911 6.0129e-06 2.7646e-10 TSX
20140708 20160406 6.1397e-05 3.1733e-10 TSX
20140716 20171005 -6.5338e-06 2.7057e-10 TSX
20140719 20151207 2.7727e-05 3.4601e-10 TSX
20140727 20150326 1.8453e-05 4.7192e-10 TSX
20140810 20150122 -3.5725e-05 5.507e-10 TSX
20140818 20160301 1.359e-06 3.2669e-10 TSX
20140829 20160208 5.6284e-06 3.3341e-10 TSX
20140901 20140912 -0.00030485 9.7534e-10 TSX
20140912 20141209 3.8531e-05 6.8291e-10 TSX
20140920 20170902 -4.8841e-06 2.7264e-10 TSX
20141209 20160211 -8.9597e-06 3.6904e-10 TSX
20141217 20160722 -4.4974e-06 3.2107e-10 TSX
20141228 20160106 -4.6398e-06 3.864e-10 TSX
20141231 20151024 5.3236e-05 4.2966e-10 TSX
20150105 20150824 -5.8419e-05 4.9658e-10 TSX
20150108 20170811 -7.7034e-06 2.7859e-10 TSX
20150119 20160117 4.7088e-06 3.9178e-10 TSX
20150127 20160411 8.3398e-05 3.7709e-10 TSX
20150130 20151112 -2.4117e-05 4.3623e-10 TSX
20150210 20170114 1.1268e-05 3.0447e-10 TSX
20150213 20160326 7.0178e-05 4.0706e-10 TSX
20150218 20160216 3.8898e-05 4.0897e-10 TSX
20150221 20180112 -2.5494e-05 3.313e-10 TSX
20150304 20180911 9.4033e-06 2.713e-10 TSX
20150307 20160211 4.024e-05 4.0482e-10 TSX
20150312 20160320 -7.1582e-05 4.038e-10 TSX
20150326 20150827 -4.4714e-05 5.6912e-10 TSX
20150329 20151207 -4.8416e-05 4.6071e-10 TSX
20150428 20160425 1.2734e-05 3.9146e-10 TSX
20150509 20150827 -9.5046e-05 6.4273e-10 TSX
20150517 20150824 -0.00017057 6.7756e-10 TSX
20150520 20180911 -7.3487e-07 2.6758e-10 TSX
20150714 20170822 -9.5622e-06 2.9407e-10 TSX
20150725 20170924 -1.9002e-05 2.9129e-10 TSX
20150802 20160309 -0.0001131 5.0715e-10 TSX
20150805 20160403 5.0502e-05 4.7159e-10 TSX
20150816 20171107 -5.6911e-08 2.9174e-10 TSX
20150824 20150915 0.00073432 8.7327e-10 TSX
20150827 20170902 -3.5845e-07 2.9967e-10 TSX
20150915 20160216 -0.00012488 5.8494e-10 TSX
20151021 20160904 -9.3077e-06 4.1805e-10 TSX
20151101 20171016 6.967e-06 3.0337e-10 TSX
20151112 20160425 4.6027e-05 5.5416e-10 TSX
20151115 20151229 0.00022015 7.8952e-10 TSX
20151123 20171221 1.1168e-05 2.9581e-10 TSX
20151204 20151215 0.00014391 9.8727e-10 TSX
20151207 20160406 -2.5486e-05 6.1818e-10 TSX
20151215 20170822 2.1718e-05 3.1821e-10 TSX
20151226 20161223 6.4959e-06 3.97e-10 TSX
20151229 20160211 2.3999e-05 7.8952e-10 TSX
20160106 20161223 2.124e-05 4.0209e-10 TSX
20160117 20160926 -2.897e-06 4.6249e-10 TSX
20160128 20160301 -0.00014292 8.2404e-10 TSX
20160208 20160312 -9.7736e-05 8.2404e-10 TSX
20160216 20160309 -0.00043841 8.7327e-10 TSX
20160219 20180319 -2.407e-06 2.9734e-10 TSX
20160301 20161201 4.9697e-06 4.4651e-10 TSX
20160304 20160326 7.226e-05 8.5897e-10 TSX
20160312 20180319 -4.9682e-06 2.9945e-10 TSX
20160320 20160411 0.00041616 8.7328e-10 TSX
20160323 20171118 -8.4169e-06 3.1917e-10 TSX
20160326 20160406 -0.00055971 9.7527e-10 TSX
20160403 20171027 -1.3223e-05 3.2412e-10 TSX
20160425 20170811 -1.8382e-05 3.4933e-10 TSX
20160528 20160630 -5.9341e-05 8.2404e-10 TSX
20160630 20171118 3.2137e-05 3.4082e-10 TSX
20160722 20161201 3.6807e-05 6.0351e-10 TSX
20160904 20180707 2.5258e-05 3.2161e-10 TSX
20160915 20180911 2.4333e-05 3.0194e-10 TSX
20160926 20170114 5.6752e-05 6.4279e-10 TSX
20161201 20171027 9.7785e-06 4.1151e-10 TSX
20161223 20171107 -7.6828e-06 4.1538e-10 TSX
20170114 20170902 -2.5308e-05 4.8056e-10 TSX
20170811 20171005 -1.1453e-05 7.6558e-10 TSX
20170822 20180707 1.4118e-05 4.1899e-10 TSX
20170913 20180707 2.7211e-06 4.3156e-10 TSX
20170924 20180319 7.0837e-05 5.4031e-10 TSX
20171005 20171107 4.6596e-05 8.2404e-10 TSX
20171016 20180319 7.9125e-05 5.695e-10 TSX
20171027 20180911 2.9518e-05 4.1906e-10 TSX
20171107 20171118 7.2735e-05 9.8727e-10 TSX
20171118 20171129 5.2361e-05 9.8727e-10 TSX
20171129 20171221 -1.5608e-05 8.6376e-10 TSX
20171210 20180820 2.8846e-05 4.629e-10 TSX
20171221 20180911 2.0221e-05 4.5435e-10 TSX
20180112 20181003 0.00015921 4.5426e-10 TSX
20180319 20180707 -5.8946e-05 6.428e-10 TSX
20180707 20180911 0.00018658 7.3844e-10 TSX
20180729 20181003 -3.278e-06 7.3844e-10 TSX
20180820 20181003 0.00013096 7.938e-10 TSX
20180911 20181003 -0.00018682 8.6376e-10 TSX
