20030427 20030914 0.00050314 5.6582e-10 ERS2
20030914 20080629 -3.5983e-05 2.8811e-10 ERS2
20050918 20090510 0.00025939 3.0185e-10 ERS2
20051127 20081116 9.5512e-05 3.1039e-10 ERS2
20060903 20090510 1.1967e-05 3.1216e-10 ERS2
20061231 20090105 8.8956e-06 3.1873e-10 ALOS
20070402 20070703 0.000409 6.6665e-10 ALOS
20070518 20091008 6.7776e-05 3.1088e-10 ALOS
20070818 20071003 -0.0001727 7.7515e-10 ALOS
20071217 20100509 6.4107e-05 3.0113e-10 ALOS
20080103 20100526 -7.6687e-05 3.0659e-10 ALOS
20080404 20080520 0.00018527 7.7519e-10 ALOS
20080618 20090921 0.00021889 3.718e-10 ALOS
20080629 20090510 -1.4686e-05 4.1259e-10 ERS2
20080705 20091008 0.00027478 3.648e-10 ALOS
20080803 20090823 4.2991e-05 3.8319e-10 ERS2
20081116 20090823 0.00012664 4.3214e-10 ERS2
20081219 20090921 0.0004298 4.4577e-10 ALOS
20090105 20090708 0.00022821 5.2891e-10 ALOS
20090510 20091101 0.00012002 5.2087e-10 ERS2
20090708 20091008 0.00049858 6.6636e-10 ALOS
20090823 20091101 -0.00033219 6.9852e-10 ERS2
20091222 20100624 0.00012847 5.2622e-10 ALOS
20100108 20100223 6.5761e-05 7.7552e-10 ALOS
20100223 20100526 0.00010791 6.6656e-10 ALOS
20100410 20100711 0.00013046 6.6682e-10 ALOS
20100509 20100624 0.00077352 7.7315e-10 ALOS
20100526 20100711 0.00058506 7.7514e-10 ALOS
20100624 20101109 9.9444e-05 5.8399e-10 ALOS
20100711 20101011 0.00017187 6.6668e-10 ALOS
20100809 20101109 3.9013e-05 6.6356e-10 ALOS
20101011 20101126 0.00014354 7.7509e-10 ALOS
20110111 20110226 0.00055282 7.7514e-10 ALOS
20110924 20130715 0.00011932 3.2392e-10 TSX
20111005 20121229 3.891e-05 3.6975e-10 TSX
20111121 20171221 1.4525e-05 3.2927e-10 TSX
20111221 20130131 6.9028e-05 3.8584e-10 TSX
20111224 20121027 0.00037204 4.1965e-10 TSX
20120126 20140419 0.00027468 3.0181e-10 TSX
20120203 20160320 -0.00016322 2.7069e-10 TSX
20120206 20171107 0.00013452 3.4888e-10 TSX
20120617 20171129 6.7008e-05 3.1234e-10 TSX
20120723 20160120 3.374e-05 2.9916e-10 TSX
20121024 20130109 0.00015086 7.0166e-10 TSX
20121027 20151226 0.00023377 3.0853e-10 TSX
20121030 20130311 7.9395e-05 5.8467e-10 TSX
20121107 20171118 0.00014624 2.9391e-10 TSX
20121221 20160208 0.00025177 2.9032e-10 TSX
20121224 20130516 6.4638e-05 5.6889e-10 TSX
20121229 20130407 7.5589e-05 6.5619e-10 TSX
20130104 20130217 3.3401e-05 7.7311e-10 TSX
20130109 20130715 0.00013988 5.3234e-10 TSX
20130112 20140511 0.00021086 3.5426e-10 TSX
20130115 20130721 -7.2427e-05 5.1511e-10 TSX
20130126 20130823 5.8681e-06 5.1498e-10 TSX
20130131 20130429 -6.9803e-05 6.7798e-10 TSX
20130203 20130729 0.00042544 5.2333e-10 TSX
20130211 20130919 0.00012002 4.9646e-10 TSX
20130228 20141209 3.1471e-05 3.1511e-10 TSX
20130311 20130801 0.00014706 5.6874e-10 TSX
20130316 20130623 2.0451e-05 6.5625e-10 TSX
20130402 20150122 0.00013111 4.8018e-10 TSX
20130407 20140530 2.364e-05 3.816e-10 TSX
20130421 20171016 6.5086e-05 3.0478e-10 TSX
20130424 20130721 -0.00014496 6.6417e-10 TSX
20130429 20130623 6.8417e-06 7.5416e-10 TSX
20130505 20131028 -0.00030003 5.3842e-10 TSX
20130513 20151112 0.00033469 2.8788e-10 TSX
20130516 20131017 -2.6016e-05 5.6653e-10 TSX
20130521 20130715 0.00035685 7.5431e-10 TSX
20130524 20171129 9.725e-05 3.0372e-10 TSX
20130527 20140627 5.3758e-05 3.8424e-10 TSX
20130601 20130930 0.0003716 6.1722e-10 TSX
20130604 20141217 0.00030141 3.4686e-10 TSX
20130607 20140719 5.0763e-05 3.8097e-10 TSX
20130612 20150105 5.6951e-05 3.3832e-10 TSX
20130615 20160106 0.00024499 2.9903e-10 TSX
20130618 20140708 2.2406e-05 3.8832e-10 TSX
20130623 20130715 0.00072198 8.616e-10 TSX
20130629 20130914 0.00034747 6.8876e-10 TSX
20130707 20150130 0.00024019 3.43e-10 TSX
20130710 20140901 3.2594e-05 3.7788e-10 TSX
20130715 20130726 -0.0024778 1.0105e-09 TSX
20130721 20131108 0.0007717 6.2448e-10 TSX
20130726 20150517 0.00010766 3.2177e-10 TSX
20130729 20160904 0.00020331 3.0683e-10 TSX
20130801 20151115 -5.3353e-05 3.0546e-10 TSX
20130817 20140209 4.7e-06 5.4106e-10 TSX
20130828 20150312 7.935e-05 3.4118e-10 TSX
20130903 20150329 -0.00010122 3.4372e-10 TSX
20130919 20160309 -4.0452e-05 2.8476e-10 TSX
20130925 20140708 -5.2816e-06 4.3143e-10 TSX
20130930 20160411 -6.6944e-05 2.8341e-10 TSX
20131011 20150802 -1.4121e-05 3.2594e-10 TSX
20131017 20140719 -4.7233e-05 4.3902e-10 TSX
20131028 20160304 -0.00012078 2.9638e-10 TSX
20131102 20140519 -0.00024126 5.1714e-10 TSX
20131108 20140708 -3.8987e-05 4.6298e-10 TSX
20140209 20160309 -7.6511e-05 3.1049e-10 TSX
20140223 20140829 0.0002556 5.1121e-10 TSX
20140408 20140705 0.00011708 6.6128e-10 TSX
20140419 20170913 0.00020394 3.0656e-10 TSX
20140511 20141228 0.00032422 4.701e-10 TSX
20140519 20150824 0.00016646 3.6682e-10 TSX
20140624 20171005 0.00021986 2.896e-10 TSX
20140627 20151115 0.00012748 3.4245e-10 TSX
20140705 20180911 8.1292e-05 3.0652e-10 TSX
20140708 20160406 9.6121e-05 3.1714e-10 TSX
20140716 20171005 0.00016899 2.8994e-10 TSX
20140719 20151207 0.00014291 3.477e-10 TSX
20140727 20150326 0.00016304 4.6147e-10 TSX
20140810 20150122 0.00010441 5.3921e-10 TSX
20140818 20160301 0.0002964 3.2994e-10 TSX
20140829 20160208 0.00031286 3.3994e-10 TSX
20140901 20140912 -0.00030564 9.6732e-10 TSX
20140912 20141209 9.9126e-05 6.6408e-10 TSX
20140920 20170902 0.00029458 2.8668e-10 TSX
20141209 20160211 0.00013767 3.6421e-10 TSX
20141217 20160722 0.00031096 3.3148e-10 TSX
20141228 20160106 0.00030589 3.8329e-10 TSX
20141231 20151024 0.00013257 4.2556e-10 TSX
20150105 20150824 7.9787e-05 4.8669e-10 TSX
20150108 20170811 0.00023651 3.2418e-10 TSX
20150119 20160117 0.00032011 3.8955e-10 TSX
20150127 20160411 0.00012366 3.7219e-10 TSX
20150130 20151112 0.00036053 4.2922e-10 TSX
20150210 20170114 0.00036578 3.0481e-10 TSX
20150213 20160326 0.00019814 4.0942e-10 TSX
20150218 20160216 0.00014222 4.0405e-10 TSX
20150221 20180112 0.00018931 2.8439e-10 TSX
20150304 20180911 0.0001495 2.928e-10 TSX
20150307 20160211 0.00017122 4.0112e-10 TSX
20150312 20160320 7.8637e-05 3.9975e-10 TSX
20150326 20150827 0.0004294 5.5058e-10 TSX
20150329 20151207 0.00019015 4.5745e-10 TSX
20150428 20160425 0.00035219 3.9103e-10 TSX
20150509 20150827 0.0003581 6.1949e-10 TSX
20150517 20150824 0.00010296 6.5726e-10 TSX
20150520 20180911 0.00020188 2.8218e-10 TSX
20150714 20170822 0.00032145 3.0279e-10 TSX
20150725 20170924 0.00032979 3.0312e-10 TSX
20150802 20160309 0.00014583 4.9606e-10 TSX
20150805 20160403 0.00024365 4.6129e-10 TSX
20150816 20171107 0.00033941 2.9505e-10 TSX
20150824 20150915 0.00075303 8.614e-10 TSX
20150827 20170902 0.00032225 3.0331e-10 TSX
20150915 20160216 5.4097e-05 5.6874e-10 TSX
20151021 20160904 0.00021683 4.126e-10 TSX
20151101 20171016 0.00027415 3.083e-10 TSX
20151112 20160425 0.00010699 5.3607e-10 TSX
20151115 20151229 0.0001868 7.731e-10 TSX
20151123 20171221 0.00030681 2.9804e-10 TSX
20151204 20151215 0.00018261 9.7715e-10 TSX
20151207 20160406 -2.5329e-05 6.0214e-10 TSX
20151215 20170822 0.00028865 3.1584e-10 TSX
20151226 20161223 0.00036303 3.9357e-10 TSX
20151229 20160211 5.6751e-05 7.7311e-10 TSX
20160106 20161223 0.00038906 3.9835e-10 TSX
20160117 20160926 0.00036478 4.5353e-10 TSX
20160128 20160301 -0.00021388 8.0607e-10 TSX
20160208 20160312 -3.2457e-05 8.0607e-10 TSX
20160216 20160309 -0.00043603 8.6139e-10 TSX
20160219 20180319 0.00019462 3.0005e-10 TSX
20160301 20161201 0.00039702 4.3862e-10 TSX
20160304 20160326 8.2095e-05 8.483e-10 TSX
20160312 20180319 0.0001777 3.0564e-10 TSX
20160320 20160411 0.00039158 8.614e-10 TSX
20160323 20171118 0.00032626 3.1844e-10 TSX
20160326 20160406 -0.0005371 9.6725e-10 TSX
20160403 20171027 0.00035916 3.2426e-10 TSX
20160425 20170811 0.00036858 3.4809e-10 TSX
20160528 20160630 9.4848e-05 8.0608e-10 TSX
20160630 20171118 0.00030619 3.4279e-10 TSX
20160722 20161201 0.00040757 5.8139e-10 TSX
20160904 20180707 0.00015578 3.2703e-10 TSX
20160915 20180911 0.00017393 3.0805e-10 TSX
20160926 20170114 0.00015951 6.1815e-10 TSX
20161201 20171027 0.00022057 4.0739e-10 TSX
20161223 20171107 0.00021064 4.0973e-10 TSX
20170114 20170902 0.00024642 4.6916e-10 TSX
20170811 20171005 4.6991e-05 7.4115e-10 TSX
20170822 20180707 -5.516e-06 4.1416e-10 TSX
20170913 20180707 -0.00010354 4.2605e-10 TSX
20170924 20180319 -0.0001701 5.2318e-10 TSX
20171005 20171107 5.5559e-05 8.0609e-10 TSX
20171016 20180319 -0.00016313 5.5006e-10 TSX
20171027 20180911 8.195e-05 4.1407e-10 TSX
20171107 20171118 7.968e-05 9.7715e-10 TSX
20171118 20171129 5.5695e-05 9.7715e-10 TSX
20171129 20171221 2.223e-05 8.5007e-10 TSX
20171210 20180820 4.929e-05 4.5341e-10 TSX
20171221 20180911 8.8481e-05 4.4591e-10 TSX
20180112 20181003 0.00014936 4.4582e-10 TSX
20180319 20180707 9.2065e-05 6.1807e-10 TSX
20180707 20180911 0.00052182 7.1239e-10 TSX
20180729 20181003 0.00029057 7.1238e-10 TSX
20180820 20181003 0.00032997 7.7206e-10 TSX
20180911 20181003 -0.00016694 8.5007e-10 TSX
