20030427 20030914 -0.00052716 6.423e-10 ERS2
20030914 20080629 4.7772e-06 3.4553e-10 ERS2
20050918 20090510 6.8287e-06 3.6177e-10 ERS2
20051127 20081116 -0.0001858 3.5981e-10 ERS2
20060903 20090510 8.7e-05 3.7135e-10 ERS2
20061231 20090105 -8.903e-06 3.8275e-10 ALOS
20070402 20070703 -7.0669e-05 7.3295e-10 ALOS
20070518 20091008 -5.9428e-05 3.6598e-10 ALOS
20070818 20071003 -0.00041176 8.1371e-10 ALOS
20071217 20100509 -9.3552e-05 3.6636e-10 ALOS
20080103 20100526 -4.0809e-05 3.6372e-10 ALOS
20080404 20080520 -3.3029e-05 8.1367e-10 ALOS
20080618 20090921 -0.00012345 4.5044e-10 ALOS
20080629 20090510 -3.7308e-05 4.8554e-10 ERS2
20080705 20091008 -2.7016e-05 4.386e-10 ALOS
20080803 20090823 7.9558e-05 4.5398e-10 ERS2
20081116 20090823 5.8253e-05 5.0606e-10 ERS2
20081219 20090921 1.8087e-05 5.246e-10 ALOS
20090105 20090708 -5.8975e-05 6.0828e-10 ALOS
20090510 20091101 -0.00030085 5.9787e-10 ERS2
20090708 20091008 0.00028664 7.3294e-10 ALOS
20090823 20091101 0.00066567 7.5683e-10 ERS2
20091222 20100624 0.00011064 6.0478e-10 ALOS
20100108 20100223 0.00025118 8.1374e-10 ALOS
20100223 20100526 -9.2343e-05 7.3295e-10 ALOS
20100410 20100711 -4.0687e-05 7.3295e-10 ALOS
20100509 20100624 0.0007407 8.1196e-10 ALOS
20100526 20100711 0.00044898 8.1372e-10 ALOS
20100624 20101109 -7.0701e-05 6.6195e-10 ALOS
20100711 20101011 -9.8839e-05 7.3304e-10 ALOS
20100809 20101109 -6.6861e-05 7.3036e-10 ALOS
20101011 20101126 0.00020774 8.1372e-10 ALOS
20110111 20110226 0.00068238 8.1371e-10 ALOS
20110924 20130715 3.2139e-05 3.9402e-10 TSX
20111005 20121229 -6.6603e-05 4.4323e-10 TSX
20111121 20171221 -5.6848e-06 2.8244e-10 TSX
20111221 20130131 -3.2201e-05 4.6167e-10 TSX
20111224 20121027 1.3749e-05 4.943e-10 TSX
20120126 20140419 -7.5476e-06 3.4603e-10 TSX
20120203 20160320 -1.0226e-05 3.027e-10 TSX
20120206 20171107 1.4823e-05 2.8427e-10 TSX
20120617 20171129 -1.0676e-06 2.8835e-10 TSX
20120723 20160120 -2.9628e-06 3.1737e-10 TSX
20121024 20130109 5.1588e-05 7.612e-10 TSX
20121027 20151226 -1.0311e-05 3.1539e-10 TSX
20121030 20130311 -2.4626e-05 6.6064e-10 TSX
20121107 20171118 2.2273e-05 2.8753e-10 TSX
20121221 20160208 8.9411e-06 3.1389e-10 TSX
20121224 20130516 -4.1324e-05 6.4577e-10 TSX
20121229 20130407 8.6822e-06 7.2533e-10 TSX
20130104 20130217 1.6445e-05 8.1098e-10 TSX
20130109 20130715 0.00017994 6.0931e-10 TSX
20130112 20140511 3.8151e-05 4.2127e-10 TSX
20130115 20130721 -0.00010305 5.9144e-10 TSX
20130126 20130823 -8.5994e-05 5.6721e-10 TSX
20130131 20130429 3.6962e-05 7.4294e-10 TSX
20130203 20130729 9.6111e-06 6.0309e-10 TSX
20130211 20130919 1.8444e-05 5.7769e-10 TSX
20130228 20141209 2.6989e-05 3.7563e-10 TSX
20130311 20130801 -1.4914e-05 6.4549e-10 TSX
20130316 20130623 -2.8019e-05 7.2534e-10 TSX
20130402 20150122 2.1942e-05 3.4225e-10 TSX
20130407 20140530 3.2829e-06 4.5634e-10 TSX
20130421 20171016 8.9939e-06 2.9453e-10 TSX
20130424 20130721 -0.00017734 7.294e-10 TSX
20130429 20130623 -0.00011092 7.9948e-10 TSX
20130505 20131028 -0.00045649 6.0308e-10 TSX
20130513 20151112 -6.8957e-07 3.3039e-10 TSX
20130516 20131017 -9.2518e-05 6.301e-10 TSX
20130521 20130715 0.00028945 7.9952e-10 TSX
20130524 20171129 1.9913e-05 2.8968e-10 TSX
20130527 20140627 4.4287e-06 4.5783e-10 TSX
20130601 20130930 0.00013173 6.9221e-10 TSX
20130604 20141217 1.7707e-05 4.0284e-10 TSX
20130607 20140719 4.7685e-05 4.5413e-10 TSX
20130612 20150105 -7.7495e-06 4.0988e-10 TSX
20130615 20160106 3.0209e-05 3.2908e-10 TSX
20130618 20140708 7.4676e-05 4.625e-10 TSX
20130623 20130715 0.00067319 8.8031e-10 TSX
20130629 20130914 0.00014854 7.4874e-10 TSX
20130707 20150130 1.4683e-05 4.0279e-10 TSX
20130710 20140901 4.8339e-05 4.5029e-10 TSX
20130715 20130726 -0.002375 1.023e-09 TSX
20130721 20131108 0.00069148 6.9302e-10 TSX
20130726 20150517 -9.2327e-06 3.9189e-10 TSX
20130729 20160904 -4.464e-06 3.1807e-10 TSX
20130801 20151115 1.8664e-05 3.4582e-10 TSX
20130817 20140209 -3.2933e-05 6.2202e-10 TSX
20130828 20150312 9.4531e-06 4.1199e-10 TSX
20130903 20150329 -0.00013333 3.6575e-10 TSX
20130919 20160309 6.7522e-06 3.3638e-10 TSX
20130925 20140708 6.5659e-05 5.0406e-10 TSX
20130930 20160411 -3.1779e-05 3.3159e-10 TSX
20131011 20150802 -9.5762e-06 3.8907e-10 TSX
20131017 20140719 -8.6074e-05 5.1236e-10 TSX
20131028 20160304 -4.1215e-05 3.1009e-10 TSX
20131102 20140519 3.2103e-05 5.9882e-10 TSX
20131108 20140708 5.9892e-05 5.3749e-10 TSX
20140209 20160309 4.07e-05 3.7256e-10 TSX
20140223 20140829 5.2538e-05 5.9112e-10 TSX
20140408 20140705 -6.0007e-06 7.2882e-10 TSX
20140419 20170913 1.9788e-05 3.0143e-10 TSX
20140511 20141228 8.4538e-06 5.4864e-10 TSX
20140519 20150824 -4.3117e-05 4.378e-10 TSX
20140624 20171005 -2.3614e-05 3.0782e-10 TSX
20140627 20151115 -1.8619e-05 4.0518e-10 TSX
20140705 20180911 -5.2359e-06 2.9908e-10 TSX
20140708 20160406 -2.427e-05 3.7346e-10 TSX
20140716 20171005 1.6368e-05 3.1296e-10 TSX
20140719 20151207 7.1936e-06 4.0527e-10 TSX
20140727 20150326 -9.5966e-06 5.3976e-10 TSX
20140810 20150122 4.5455e-06 6.1661e-10 TSX
20140818 20160301 -3.8092e-06 3.8374e-10 TSX
20140829 20160208 6.5548e-06 3.9084e-10 TSX
20140901 20140912 -0.00026571 9.7939e-10 TSX
20140912 20141209 -5.4302e-05 7.294e-10 TSX
20140920 20170902 2.1338e-05 3.1552e-10 TSX
20141209 20160211 -4.7017e-05 4.3134e-10 TSX
20141217 20160722 -8.6105e-06 3.7668e-10 TSX
20141228 20160106 -9.1231e-06 4.4923e-10 TSX
20141231 20151024 1.7021e-05 4.9839e-10 TSX
20150105 20150824 -2.1712e-05 5.6706e-10 TSX
20150108 20170811 9.6038e-06 3.1796e-10 TSX
20150119 20160117 4.4962e-05 4.5559e-10 TSX
20150127 20160411 -2.4539e-05 4.4501e-10 TSX
20150130 20151112 -5.971e-06 5.0138e-10 TSX
20150210 20170114 1.1579e-05 3.5138e-10 TSX
20150213 20160326 2.3833e-05 4.2628e-10 TSX
20150218 20160216 2.3019e-05 4.7967e-10 TSX
20150221 20180112 6.7314e-05 3.1021e-10 TSX
20150304 20180911 2.3146e-05 2.9939e-10 TSX
20150307 20160211 2.1759e-05 4.7229e-10 TSX
20150312 20160320 -6.3875e-05 4.7439e-10 TSX
20150326 20150827 4.4978e-06 6.2852e-10 TSX
20150329 20151207 3.8058e-06 5.3046e-10 TSX
20150428 20160425 1.1594e-07 4.5462e-10 TSX
20150509 20150827 6.2145e-05 6.9197e-10 TSX
20150517 20150824 -2.9883e-05 7.2533e-10 TSX
20150520 20180911 9.9543e-06 3.0708e-10 TSX
20150714 20170822 1.0912e-05 3.4607e-10 TSX
20150725 20170924 2.8255e-05 3.439e-10 TSX
20150802 20160309 -4.8386e-05 5.7764e-10 TSX
20150805 20160403 4.3855e-05 5.3909e-10 TSX
20150816 20171107 1.8614e-05 3.4297e-10 TSX
20150824 20150915 0.00064738 8.8019e-10 TSX
20150827 20170902 1.5952e-05 3.4971e-10 TSX
20150915 20160216 -4.138e-05 6.479e-10 TSX
20151021 20160904 1.3489e-05 4.8586e-10 TSX
20151101 20171016 1.5911e-05 3.5527e-10 TSX
20151112 20160425 -3.1234e-05 6.1588e-10 TSX
20151115 20151229 0.00012336 8.1098e-10 TSX
20151123 20171221 3.1255e-05 3.5046e-10 TSX
20151204 20151215 0.00015165 9.9067e-10 TSX
20151207 20160406 -8.7481e-05 6.7649e-10 TSX
20151215 20170822 2.3183e-05 3.7226e-10 TSX
20151226 20161223 -2.0863e-06 4.6564e-10 TSX
20151229 20160211 3.1399e-05 8.1098e-10 TSX
20160106 20161223 1.8017e-05 4.7072e-10 TSX
20160117 20160926 -1.9482e-05 5.3018e-10 TSX
20160128 20160301 -0.00017583 8.3621e-10 TSX
20160208 20160312 -9.2481e-05 8.3621e-10 TSX
20160216 20160309 -0.00038775 8.8019e-10 TSX
20160219 20180319 1.7174e-05 3.5141e-10 TSX
20160301 20161201 6.8015e-06 5.151e-10 TSX
20160304 20160326 3.34e-05 8.6733e-10 TSX
20160312 20180319 2.8069e-05 3.5291e-10 TSX
20160320 20160411 0.00038018 8.802e-10 TSX
20160323 20171118 -1.874e-06 3.7567e-10 TSX
20160326 20160406 -0.00051817 9.7931e-10 TSX
20160403 20171027 2.3348e-05 3.8081e-10 TSX
20160425 20170811 -7.4397e-07 4.0808e-10 TSX
20160528 20160630 -1.105e-05 8.3621e-10 TSX
20160630 20171118 3.0535e-05 4.0021e-10 TSX
20160722 20161201 1.0931e-05 6.5902e-10 TSX
20160904 20180707 4.6982e-06 3.848e-10 TSX
20160915 20180911 1.2222e-05 3.5899e-10 TSX
20160926 20170114 -1.4495e-06 6.9211e-10 TSX
20161201 20171027 -8.4327e-07 4.7983e-10 TSX
20161223 20171107 8.4784e-06 4.8004e-10 TSX
20170114 20170902 3.6765e-05 5.4479e-10 TSX
20170811 20171005 -2.8624e-05 7.8996e-10 TSX
20170822 20180707 3.5653e-05 4.8806e-10 TSX
20170913 20180707 5.7057e-06 5.0035e-10 TSX
20170924 20180319 6.1239e-05 6.0331e-10 TSX
20171005 20171107 2.6711e-05 8.3621e-10 TSX
20171016 20180319 6.0352e-05 6.2964e-10 TSX
20171027 20180911 1.8064e-05 4.8817e-10 TSX
20171107 20171118 7.6061e-05 9.9067e-10 TSX
20171118 20171129 5.4623e-05 9.9067e-10 TSX
20171129 20171221 -2.377e-06 8.7075e-10 TSX
20171210 20180820 4.7516e-05 5.3111e-10 TSX
20171221 20180911 -5.4212e-05 5.2282e-10 TSX
20180112 20181003 1.4114e-05 5.2277e-10 TSX
20180319 20180707 -2.656e-05 6.9213e-10 TSX
20180707 20180911 0.0001645 7.6885e-10 TSX
20180729 20181003 4.9459e-05 7.6885e-10 TSX
20180820 20181003 0.00013556 8.1197e-10 TSX
20180911 20181003 -0.00017931 8.7076e-10 TSX
