20030427 20030914 0.00059111 5.6579e-10 ERS2
20030914 20080629 -3.6846e-05 2.6667e-10 ERS2
20050918 20090510 -2.0974e-06 2.9968e-10 ERS2
20051127 20081116 -6.6555e-05 3.1416e-10 ERS2
20060903 20090510 -0.00033571 3.0761e-10 ERS2
20061231 20090105 2.9563e-05 3.1388e-10 ALOS
20070402 20070703 -0.00020401 6.6626e-10 ALOS
20070518 20091008 -5.7498e-05 2.9993e-10 ALOS
20070818 20071003 -0.00027732 7.7506e-10 ALOS
20071217 20100509 3.9956e-06 2.996e-10 ALOS
20080103 20100526 1.6191e-05 2.988e-10 ALOS
20080404 20080520 4.8359e-05 7.7506e-10 ALOS
20080618 20090921 -0.00010123 3.7236e-10 ALOS
20080629 20090510 -0.00025047 4.1173e-10 ERS2
20080705 20091008 1.2358e-05 3.6512e-10 ALOS
20080803 20090823 -5.6548e-05 3.8308e-10 ERS2
20081116 20090823 -7.4506e-05 4.3239e-10 ERS2
20081219 20090921 0.00033951 4.4606e-10 ALOS
20090105 20090708 4.4532e-05 5.2813e-10 ALOS
20090510 20091101 0.00063235 5.2195e-10 ERS2
20090708 20091008 0.00070292 6.6624e-10 ALOS
20090823 20091101 2.999e-05 6.9847e-10 ERS2
20091222 20100624 0.00037555 5.2531e-10 ALOS
20100108 20100223 0.000511 7.753e-10 ALOS
20100223 20100526 1.4783e-05 6.6631e-10 ALOS
20100410 20100711 -0.00014182 6.6626e-10 ALOS
20100509 20100624 0.00054089 7.7309e-10 ALOS
20100526 20100711 0.00041725 7.7507e-10 ALOS
20100624 20101109 2.3117e-05 5.8398e-10 ALOS
20100711 20101011 0.00014468 6.6625e-10 ALOS
20100809 20101109 -1.358e-05 6.6355e-10 ALOS
20101011 20101126 0.00029683 7.7507e-10 ALOS
20110111 20110226 0.00077478 7.7506e-10 ALOS
20110924 20130715 1.4782e-05 3.2336e-10 TSX
20111005 20121229 4.2901e-06 3.688e-10 TSX
20111121 20171221 -1.8103e-05 2.9223e-10 TSX
20111221 20130131 6.3739e-06 3.8558e-10 TSX
20111224 20121027 5.982e-06 4.1938e-10 TSX
20120126 20140419 -2.1107e-05 2.9185e-10 TSX
20120203 20160320 1.9755e-05 2.463e-10 TSX
20120206 20171107 4.3033e-06 2.7458e-10 TSX
20120617 20171129 3.9171e-06 2.8816e-10 TSX
20120723 20160120 2.6697e-05 2.7829e-10 TSX
20121024 20130109 0.00014327 7.0156e-10 TSX
20121027 20151226 -3.3669e-05 2.7754e-10 TSX
20121030 20130311 2.5741e-05 5.8465e-10 TSX
20121107 20171118 -1.1792e-05 2.8072e-10 TSX
20121221 20160208 -2.8593e-05 2.7754e-10 TSX
20121224 20130516 -3.6977e-05 5.6848e-10 TSX
20121229 20130407 0.0002576 6.5608e-10 TSX
20130104 20130217 0.00013807 7.7306e-10 TSX
20130109 20130715 -7.9991e-05 5.2848e-10 TSX
20130112 20140511 -2.3251e-05 3.5458e-10 TSX
20130115 20130721 -0.00023461 5.1395e-10 TSX
20130126 20130823 -0.00012057 5.0785e-10 TSX
20130131 20130429 -8.9194e-05 6.7797e-10 TSX
20130203 20130729 -3.6902e-05 5.2312e-10 TSX
20130211 20130919 -8.5176e-05 4.9594e-10 TSX
20130228 20141209 1.2353e-05 3.1465e-10 TSX
20130311 20130801 -6.8093e-05 5.6844e-10 TSX
20130316 20130623 4.8665e-05 6.5608e-10 TSX
20130402 20150122 7.841e-05 3.824e-10 TSX
20130407 20140530 -9.2384e-05 3.8102e-10 TSX
20130421 20171016 -2.8851e-05 2.8185e-10 TSX
20130424 20130721 -0.00032562 6.6401e-10 TSX
20130429 20130623 -1.9654e-05 7.5404e-10 TSX
20130505 20131028 -0.00031743 5.7859e-10 TSX
20130513 20151112 -1.0396e-06 2.9315e-10 TSX
20130516 20131017 -0.00033895 5.6745e-10 TSX
20130521 20130715 2.5456e-05 7.5406e-10 TSX
20130524 20171129 -2.5552e-05 2.833e-10 TSX
20130527 20140627 -7.4576e-05 3.8397e-10 TSX
20130601 20130930 -4.6598e-05 6.1698e-10 TSX
20130604 20141217 1.3807e-05 3.3821e-10 TSX
20130607 20140719 -4.8736e-05 3.8064e-10 TSX
20130612 20150105 -4.0548e-06 3.3895e-10 TSX
20130615 20160106 -4.7374e-06 2.8728e-10 TSX
20130618 20140708 -0.00010089 3.8827e-10 TSX
20130623 20130715 0.00052931 8.6128e-10 TSX
20130629 20130914 0.00013043 6.882e-10 TSX
20130707 20150130 -5.9039e-07 3.3768e-10 TSX
20130710 20140901 -3.5909e-05 3.7715e-10 TSX
20130715 20130726 -0.0024758 1.0102e-09 TSX
20130721 20131108 0.00070309 6.2496e-10 TSX
20130726 20150517 0.00013185 3.2448e-10 TSX
20130729 20160904 -3.9257e-05 2.8026e-10 TSX
20130801 20151115 1.8051e-05 2.9239e-10 TSX
20130817 20140209 0.00012956 5.4096e-10 TSX
20130828 20150312 2.3661e-05 3.408e-10 TSX
20130903 20150329 -0.00015643 4.1816e-10 TSX
20130919 20160309 2.1173e-05 2.7722e-10 TSX
20130925 20140708 7.8723e-05 4.3136e-10 TSX
20130930 20160411 -4.4436e-06 2.7437e-10 TSX
20131011 20150802 3.4122e-06 3.2308e-10 TSX
20131017 20140719 -2.7786e-05 4.3856e-10 TSX
20131028 20160304 3.8272e-05 4.1049e-10 TSX
20131102 20140519 -0.00017674 5.171e-10 TSX
20131108 20140708 -2.1873e-05 4.6301e-10 TSX
20140209 20160309 -3.6985e-05 3.0492e-10 TSX
20140223 20140829 -2.9448e-05 5.1112e-10 TSX
20140408 20140705 -2.4848e-05 6.6131e-10 TSX
20140419 20170913 -1.8669e-05 2.8584e-10 TSX
20140511 20141228 5.2505e-05 4.7009e-10 TSX
20140519 20150824 0.00011714 3.6534e-10 TSX
20140624 20171005 -1.6366e-05 2.8374e-10 TSX
20140627 20151115 4.4272e-05 3.4048e-10 TSX
20140705 20180911 -1.9325e-05 2.6806e-10 TSX
20140708 20160406 4.558e-05 3.1602e-10 TSX
20140716 20171005 -2.7578e-05 2.9626e-10 TSX
20140719 20151207 -1.6519e-05 3.42e-10 TSX
20140727 20150326 -3.7713e-05 4.6158e-10 TSX
20140810 20150122 -6.1592e-05 5.3919e-10 TSX
20140818 20160301 1.919e-05 3.2746e-10 TSX
20140829 20160208 9.33e-07 3.317e-10 TSX
20140901 20140912 -0.00031854 9.6715e-10 TSX
20140912 20141209 6.5063e-05 6.6401e-10 TSX
20140920 20170902 1.0042e-05 2.9727e-10 TSX
20141209 20160211 9.3793e-06 3.6383e-10 TSX
20141217 20160722 1.6729e-05 3.2191e-10 TSX
20141228 20160106 -3.5451e-06 3.8279e-10 TSX
20141231 20151024 9.1416e-06 4.2494e-10 TSX
20150105 20150824 -6.1194e-06 4.8644e-10 TSX
20150108 20170811 -4.0532e-05 3.0071e-10 TSX
20150119 20160117 -1.2944e-05 3.8747e-10 TSX
20150127 20160411 5.4449e-05 3.7338e-10 TSX
20150130 20151112 2.5848e-05 4.2871e-10 TSX
20150210 20170114 1.3049e-05 3.242e-10 TSX
20150213 20160326 -1.7044e-05 4.9913e-10 TSX
20150218 20160216 -3.3756e-05 4.0311e-10 TSX
20150221 20180112 -6.119e-06 3.1495e-10 TSX
20150304 20180911 1.9558e-06 2.8488e-10 TSX
20150307 20160211 -2.8582e-05 4.0097e-10 TSX
20150312 20160320 -2.2332e-05 3.9762e-10 TSX
20150326 20150827 -1.1234e-06 5.505e-10 TSX
20150329 20151207 -7.3129e-05 4.5491e-10 TSX
20150428 20160425 3.4011e-05 3.9064e-10 TSX
20150509 20150827 -7.3872e-05 6.1852e-10 TSX
20150517 20150824 -0.00017624 6.562e-10 TSX
20150520 20180911 -1.2067e-05 2.9976e-10 TSX
20150714 20170822 2.1489e-06 2.9702e-10 TSX
20150725 20170924 -3.0613e-06 2.9081e-10 TSX
20150802 20160309 -7.4697e-05 4.9588e-10 TSX
20150805 20160403 -1.7083e-06 4.6135e-10 TSX
20150816 20171107 9.4984e-06 2.88e-10 TSX
20150824 20150915 0.0007069 8.6118e-10 TSX
20150827 20170902 -7.2545e-06 2.989e-10 TSX
20150915 20160216 -0.00020148 5.6818e-10 TSX
20151021 20160904 -3.2458e-05 4.1254e-10 TSX
20151101 20171016 -1.1581e-06 3.0162e-10 TSX
20151112 20160425 -1.0717e-06 5.3612e-10 TSX
20151115 20151229 0.00013954 7.7306e-10 TSX
20151123 20171221 1.9787e-05 2.9595e-10 TSX
20151204 20151215 0.00016841 9.7747e-10 TSX
20151207 20160406 -6.6867e-05 6.0214e-10 TSX
20151215 20170822 1.9831e-06 3.1382e-10 TSX
20151226 20161223 8.7913e-06 3.9356e-10 TSX
20151229 20160211 5.3854e-05 7.7306e-10 TSX
20160106 20161223 2.335e-05 3.9821e-10 TSX
20160117 20160926 1.6797e-05 4.5302e-10 TSX
20160128 20160301 -0.00017156 8.0626e-10 TSX
20160208 20160312 -7.5047e-05 8.0626e-10 TSX
20160216 20160309 -0.00039181 8.6118e-10 TSX
20160219 20180319 -1.6075e-05 2.9688e-10 TSX
20160301 20161201 -9.2147e-06 4.3854e-10 TSX
20160304 20160326 8.2837e-05 8.4818e-10 TSX
20160312 20180319 -2.1598e-05 2.985e-10 TSX
20160320 20160411 0.00045555 8.6119e-10 TSX
20160323 20171118 3.5317e-05 3.1809e-10 TSX
20160326 20160406 -0.00049847 9.6708e-10 TSX
20160403 20171027 1.7533e-06 3.2266e-10 TSX
20160425 20170811 -2.2311e-05 3.4632e-10 TSX
20160528 20160630 -2.3143e-05 8.0626e-10 TSX
20160630 20171118 2.6542e-06 3.3886e-10 TSX
20160722 20161201 -3.8735e-06 5.8135e-10 TSX
20160904 20180707 -3.2512e-05 3.2376e-10 TSX
20160915 20180911 -2.0017e-05 3.0264e-10 TSX
20160926 20170114 -5.6006e-06 6.18e-10 TSX
20161201 20171027 1.2229e-05 4.0703e-10 TSX
20161223 20171107 -7.3946e-06 4.0902e-10 TSX
20170114 20170902 -4.8442e-05 4.6865e-10 TSX
20170811 20171005 -7.8021e-05 7.4122e-10 TSX
20170822 20180707 -5.0548e-05 4.1382e-10 TSX
20170913 20180707 -8.5677e-05 4.25e-10 TSX
20170924 20180319 -8.5134e-05 5.2321e-10 TSX
20171005 20171107 4.4919e-05 8.0626e-10 TSX
20171016 20180319 -9.7514e-05 5.501e-10 TSX
20171027 20180911 -2.6237e-05 4.1377e-10 TSX
20171107 20171118 6.5327e-05 9.7747e-10 TSX
20171118 20171129 4.3219e-05 9.7747e-10 TSX
20171129 20171221 -3.3024e-05 8.5032e-10 TSX
20171210 20180820 -7.6886e-05 4.5342e-10 TSX
20171221 20180911 -3.1664e-05 4.4567e-10 TSX
20180112 20181003 -2.5089e-05 4.457e-10 TSX
20180319 20180707 -0.00011115 6.18e-10 TSX
20180707 20180911 0.0001919 7.1246e-10 TSX
20180729 20181003 3.8837e-05 7.1246e-10 TSX
20180820 20181003 0.00016774 7.7219e-10 TSX
20180911 20181003 -0.00013933 8.5032e-10 TSX
