20030427 20030914 0.00028954 5.6727e-10 ERS2
20030914 20080629 -3.2411e-05 2.7673e-10 ERS2
20050918 20090510 -6.1792e-06 3.0397e-10 ERS2
20051127 20081116 -7.3545e-05 3.0203e-10 ERS2
20060903 20090510 -0.00015226 3.0921e-10 ERS2
20061231 20090105 0.00024537 3.4439e-10 ALOS
20070402 20070703 -0.00010372 6.6841e-10 ALOS
20070518 20091008 9.9965e-05 3.3552e-10 ALOS
20070818 20071003 -0.00027474 7.7587e-10 ALOS
20071217 20100509 -0.00012253 3.0504e-10 ALOS
20080103 20100526 -0.00011884 3.2352e-10 ALOS
20080404 20080520 -0.00017775 7.7657e-10 ALOS
20080618 20090921 -6.9706e-05 3.7254e-10 ALOS
20080629 20090510 -0.00029162 4.1227e-10 ERS2
20080705 20091008 -0.00010727 3.6663e-10 ALOS
20080803 20090823 -4.9027e-06 3.832e-10 ERS2
20081116 20090823 4.3184e-05 4.3225e-10 ERS2
20081219 20090921 -1.4411e-05 4.4669e-10 ALOS
20090105 20090708 -0.0002044 5.3278e-10 ALOS
20090510 20091101 0.00022174 5.2629e-10 ERS2
20090708 20091008 0.00014868 6.6732e-10 ALOS
20090823 20091101 4.9934e-05 6.9855e-10 ERS2
20091222 20100624 -2.6272e-05 5.3646e-10 ALOS
20100108 20100223 5.5861e-05 7.7654e-10 ALOS
20100223 20100526 -0.0002339 6.7016e-10 ALOS
20100410 20100711 0.00023267 6.682e-10 ALOS
20100509 20100624 0.00054595 7.7374e-10 ALOS
20100526 20100711 0.00037408 7.7588e-10 ALOS
20100624 20101109 1.7315e-05 5.8415e-10 ALOS
20100711 20101011 -0.00011893 6.6663e-10 ALOS
20100809 20101109 9.2204e-05 6.6379e-10 ALOS
20101011 20101126 0.00022262 7.7576e-10 ALOS
20110111 20110226 0.00047825 7.7582e-10 ALOS
20110924 20130715 -8.8573e-06 3.2448e-10 TSX
20111005 20121229 1.5553e-05 3.7229e-10 TSX
20111121 20171221 9.3026e-06 3.9309e-10 TSX
20111221 20130131 -1.1629e-05 3.8556e-10 TSX
20111224 20121027 1.5974e-05 4.1946e-10 TSX
20120126 20140419 -1.9927e-05 3.1929e-10 TSX
20120203 20160320 4.9132e-05 3.977e-10 TSX
20120206 20171107 1.134e-05 3.8293e-10 TSX
20120617 20171129 8.9399e-06 3.6795e-10 TSX
20120723 20160120 9.3435e-06 4.0282e-10 TSX
20121024 20130109 9.7364e-05 7.0201e-10 TSX
20121027 20151226 -2.1216e-05 4.0465e-10 TSX
20121030 20130311 -8.9436e-07 5.8471e-10 TSX
20121107 20171118 1.2154e-05 4.6804e-10 TSX
20121221 20160208 3.5874e-06 4.0618e-10 TSX
20121224 20130516 5.2901e-05 5.6854e-10 TSX
20121229 20130407 1.8959e-05 6.5636e-10 TSX
20130104 20130217 -4.2488e-05 7.7352e-10 TSX
20130109 20130715 5.9038e-05 5.3702e-10 TSX
20130112 20140511 1.1915e-05 3.7036e-10 TSX
20130115 20130721 -5.7894e-05 5.1494e-10 TSX
20130126 20130823 -8.7132e-05 5.0883e-10 TSX
20130131 20130429 -4.576e-05 6.783e-10 TSX
20130203 20130729 -1.1589e-05 5.2326e-10 TSX
20130211 20130919 -9.3148e-06 4.9722e-10 TSX
20130228 20141209 -3.8157e-06 3.1727e-10 TSX
20130311 20130801 -3.1325e-05 5.6892e-10 TSX
20130316 20130623 8.9058e-06 6.5654e-10 TSX
20130402 20150122 -0.00012667 3.455e-10 TSX
20130407 20140530 -1.4559e-05 3.8144e-10 TSX
20130421 20171016 1.9926e-05 3.6087e-10 TSX
20130424 20130721 -0.00011897 6.644e-10 TSX
20130429 20130623 -3.1596e-05 7.5477e-10 TSX
20130505 20131028 -0.00031254 5.6862e-10 TSX
20130513 20151112 -6.6697e-06 4.3484e-10 TSX
20130516 20131017 -0.00028171 6.5157e-10 TSX
20130521 20130715 5.2993e-05 7.5479e-10 TSX
20130524 20171129 -1.5515e-05 4.1463e-10 TSX
20130527 20140627 -8.2283e-06 3.8429e-10 TSX
20130601 20130930 -3.1475e-05 6.1737e-10 TSX
20130604 20141217 8.4255e-06 3.6898e-10 TSX
20130607 20140719 -5.1108e-07 3.8048e-10 TSX
20130612 20150105 9.6599e-06 3.3879e-10 TSX
20130615 20160106 1.1635e-05 4.2702e-10 TSX
20130618 20140708 2.0342e-06 3.8857e-10 TSX
20130623 20130715 0.00057719 8.6283e-10 TSX
20130629 20130914 6.6222e-05 6.9836e-10 TSX
20130707 20150130 -4.5039e-06 3.4569e-10 TSX
20130710 20140901 3.9102e-05 3.7688e-10 TSX
20130715 20130726 -0.0023326 1.0121e-09 TSX
20130721 20131108 0.0003643 6.6843e-10 TSX
20130726 20150517 -6.5742e-06 3.324e-10 TSX
20130729 20160904 -8.0168e-07 3.8215e-10 TSX
20130801 20151115 -4.8196e-05 3.5217e-10 TSX
20130817 20140209 3.1646e-05 5.4114e-10 TSX
20130828 20150312 4.268e-05 3.4264e-10 TSX
20130903 20150329 1.5038e-06 3.802e-10 TSX
20130919 20160309 3.9987e-06 3.5503e-10 TSX
20130925 20140708 8.8443e-05 4.4727e-10 TSX
20130930 20160411 4.2301e-05 3.5114e-10 TSX
20131011 20150802 -1.2179e-05 3.5716e-10 TSX
20131017 20140719 -4.8174e-05 4.4332e-10 TSX
20131028 20160304 1.0584e-05 3.6855e-10 TSX
20131102 20140519 -1.6192e-05 5.1727e-10 TSX
20131108 20140708 0.00011503 4.9436e-10 TSX
20140209 20160309 -2.7923e-05 3.72e-10 TSX
20140223 20140829 3.63e-05 5.1123e-10 TSX
20140408 20140705 -7.8187e-07 6.6132e-10 TSX
20140419 20170913 3.9186e-05 4.1033e-10 TSX
20140511 20141228 2.5913e-05 4.7026e-10 TSX
20140519 20150824 1.9036e-05 3.7219e-10 TSX
20140624 20171005 -2.1283e-05 3.8609e-10 TSX
20140627 20151115 1.0621e-05 3.94e-10 TSX
20140705 20180911 -2.2804e-05 3.4399e-10 TSX
20140708 20160406 -3.9851e-05 4.2271e-10 TSX
20140716 20171005 2.9998e-05 3.2329e-10 TSX
20140719 20151207 -1.3773e-05 3.582e-10 TSX
20140727 20150326 -5.4293e-05 4.6178e-10 TSX
20140810 20150122 5.3878e-05 5.4301e-10 TSX
20140818 20160301 1.9762e-05 3.7268e-10 TSX
20140829 20160208 2.1269e-05 4.4024e-10 TSX
20140901 20140912 -0.00027528 9.6841e-10 TSX
20140912 20141209 7.4102e-06 6.6417e-10 TSX
20140920 20170902 2.3718e-05 4.5877e-10 TSX
20141209 20160211 -4.0667e-05 3.8909e-10 TSX
20141217 20160722 1.8214e-05 4.5264e-10 TSX
20141228 20160106 3.2631e-06 4.4673e-10 TSX
20141231 20151024 8.6362e-06 4.4357e-10 TSX
20150105 20150824 -5.2125e-05 4.9546e-10 TSX
20150108 20170811 2.2031e-05 3.9228e-10 TSX
20150119 20160117 4.7241e-05 4.1181e-10 TSX
20150127 20160411 -3.7759e-05 3.977e-10 TSX
20150130 20151112 3.4956e-05 4.4512e-10 TSX
20150210 20170114 5.2722e-05 5.0092e-10 TSX
20150213 20160326 0.00011098 4.5892e-10 TSX
20150218 20160216 -2.4385e-05 4.2269e-10 TSX
20150221 20180112 -1.9348e-05 4.1569e-10 TSX
20150304 20180911 3.466e-06 4.5306e-10 TSX
20150307 20160211 -1.8757e-05 4.0817e-10 TSX
20150312 20160320 -6.136e-05 4.0972e-10 TSX
20150326 20150827 5.8112e-05 5.5679e-10 TSX
20150329 20151207 -1.5819e-05 4.6503e-10 TSX
20150428 20160425 5.8665e-05 4.5272e-10 TSX
20150509 20150827 5.1079e-05 6.3118e-10 TSX
20150517 20150824 -0.00024436 6.6241e-10 TSX
20150520 20180911 -1.9148e-05 4.5986e-10 TSX
20150714 20170822 6.1571e-05 3.9831e-10 TSX
20150725 20170924 5.0535e-05 3.7049e-10 TSX
20150802 20160309 -5.8154e-05 4.9659e-10 TSX
20150805 20160403 -4.4421e-06 4.6301e-10 TSX
20150816 20171107 1.1125e-05 3.426e-10 TSX
20150824 20150915 0.00060828 8.6274e-10 TSX
20150827 20170902 4.8548e-05 3.8649e-10 TSX
20150915 20160216 -6.4618e-05 5.6966e-10 TSX
20151021 20160904 -5.2651e-05 4.3143e-10 TSX
20151101 20171016 1.1515e-05 3.4823e-10 TSX
20151112 20160425 -3.6991e-05 5.3626e-10 TSX
20151115 20151229 9.4248e-05 7.7352e-10 TSX
20151123 20171221 1.377e-05 3.5631e-10 TSX
20151204 20151215 0.0001738 9.7812e-10 TSX
20151207 20160406 -4.6311e-05 6.0221e-10 TSX
20151215 20170822 1.0038e-05 4.3248e-10 TSX
20151226 20161223 3.4826e-05 3.9387e-10 TSX
20151229 20160211 -2.5447e-06 7.7352e-10 TSX
20160106 20161223 4.0514e-05 3.9923e-10 TSX
20160117 20160926 6.7601e-05 4.5691e-10 TSX
20160128 20160301 -0.00018835 8.0652e-10 TSX
20160208 20160312 -5.6757e-05 8.0652e-10 TSX
20160216 20160309 -0.00036098 8.6274e-10 TSX
20160219 20180319 -7.8597e-06 3.4459e-10 TSX
20160301 20161201 8.222e-05 4.3855e-10 TSX
20160304 20160326 5.4894e-05 8.4916e-10 TSX
20160312 20180319 1.2478e-05 3.5584e-10 TSX
20160320 20160411 0.00034732 8.6275e-10 TSX
20160323 20171118 1.5214e-05 3.4137e-10 TSX
20160326 20160406 -0.00052025 9.6834e-10 TSX
20160403 20171027 2.8894e-05 3.9384e-10 TSX
20160425 20170811 3.3071e-05 3.9117e-10 TSX
20160528 20160630 1.3086e-05 8.0652e-10 TSX
20160630 20171118 3.3445e-05 3.4188e-10 TSX
20160722 20161201 0.00015215 5.814e-10 TSX
20160904 20180707 1.887e-05 3.2761e-10 TSX
20160915 20180911 -2.0731e-06 3.1223e-10 TSX
20160926 20170114 6.8722e-05 6.1855e-10 TSX
20161201 20171027 -1.069e-05 4.1151e-10 TSX
20161223 20171107 -1.3972e-05 4.1886e-10 TSX
20170114 20170902 -4.6545e-06 4.7775e-10 TSX
20170811 20171005 -2.499e-05 7.4128e-10 TSX
20170822 20180707 -7.1308e-05 4.1375e-10 TSX
20170913 20180707 -0.00012787 4.2528e-10 TSX
20170924 20180319 -5.7255e-05 5.2322e-10 TSX
20171005 20171107 6.5089e-05 8.0652e-10 TSX
20171016 20180319 -4.0753e-05 5.501e-10 TSX
20171027 20180911 -2.1863e-05 4.137e-10 TSX
20171107 20171118 7.3607e-05 9.7812e-10 TSX
20171118 20171129 5.7629e-05 9.7812e-10 TSX
20171129 20171221 -1.6416e-05 8.5077e-10 TSX
20171210 20180820 -6.8297e-05 4.5349e-10 TSX
20171221 20180911 -4.3633e-05 4.4578e-10 TSX
20180112 20181003 -4.303e-06 4.4579e-10 TSX
20180319 20180707 -0.00012047 6.1808e-10 TSX
20180707 20180911 0.00023081 7.1249e-10 TSX
20180729 20181003 -2.7182e-05 7.1249e-10 TSX
20180820 20181003 0.0001058 7.7233e-10 TSX
20180911 20181003 -0.0001976 8.5077e-10 TSX
