20030427 20030914 0.00068984 5.6559e-10 ERS2
20030914 20080629 -2.8985e-05 3.157e-10 ERS2
20050918 20090510 -6.3192e-05 3.1242e-10 ERS2
20051127 20081116 0.0002974 3.3734e-10 ERS2
20060903 20090510 2.6563e-05 3.4632e-10 ERS2
20061231 20090105 -0.00010508 3.3357e-10 ALOS
20070402 20070703 8.6586e-05 6.7114e-10 ALOS
20070518 20091008 -4.5887e-05 3.1184e-10 ALOS
20070818 20071003 -0.00020541 7.8177e-10 ALOS
20071217 20100509 6.5672e-05 3.1464e-10 ALOS
20080103 20100526 -0.00014711 3.2523e-10 ALOS
20080404 20080520 4.1727e-05 7.8176e-10 ALOS
20080618 20090921 -0.00018642 3.7356e-10 ALOS
20080629 20090510 -0.00010923 4.1569e-10 ERS2
20080705 20091008 -5.1026e-05 3.6627e-10 ALOS
20080803 20090823 3.2589e-05 3.8258e-10 ERS2
20081116 20090823 -6.2393e-06 4.3269e-10 ERS2
20081219 20090921 0.00025127 4.4878e-10 ALOS
20090105 20090708 0.0002557 5.3641e-10 ALOS
20090510 20091101 0.00020381 5.2195e-10 ERS2
20090708 20091008 0.00014091 6.7037e-10 ALOS
20090823 20091101 0.00045222 7.0057e-10 ERS2
20091222 20100624 0.00016939 5.2633e-10 ALOS
20100108 20100223 0.00034058 7.8177e-10 ALOS
20100223 20100526 -8.5206e-05 6.7042e-10 ALOS
20100410 20100711 8.1657e-05 6.7032e-10 ALOS
20100509 20100624 0.00075687 7.7936e-10 ALOS
20100526 20100711 0.00044493 7.8176e-10 ALOS
20100624 20101109 -8.8766e-05 5.858e-10 ALOS
20100711 20101011 -1.8405e-05 6.704e-10 ALOS
20100809 20101109 -9.1624e-05 6.6726e-10 ALOS
20101011 20101126 0.00014689 7.8176e-10 ALOS
20110111 20110226 0.00048241 7.8175e-10 ALOS
20110924 20130715 -5.7722e-05 4.3353e-10 TSX
20111005 20121229 -0.00017998 4.481e-10 TSX
20111121 20171221 -2.1641e-05 4.1467e-10 TSX
20111221 20130131 -2.3323e-05 4.3011e-10 TSX
20111224 20121027 -2.9043e-05 4.3046e-10 TSX
20120126 20140419 1.7296e-07 4.7501e-10 TSX
20120203 20160320 6.3417e-05 3.1791e-10 TSX
20120206 20171107 1.1245e-05 5.6816e-10 TSX
20120617 20171129 3.4621e-05 5.168e-10 TSX
20120723 20160120 9.0692e-06 3.7054e-10 TSX
20121024 20130109 2.1019e-05 7.0796e-10 TSX
20121027 20151226 -9.0058e-05 4.2268e-10 TSX
20121030 20130311 -2.2218e-05 5.8757e-10 TSX
20121107 20171118 5.1358e-05 3.4407e-10 TSX
20121221 20160208 1.3484e-05 4.395e-10 TSX
20121224 20130516 -0.00019166 5.6946e-10 TSX
20121229 20130407 -0.00011904 6.6047e-10 TSX
20130104 20130217 -5.782e-05 7.7822e-10 TSX
20130109 20130715 0.00019135 5.5428e-10 TSX
20130112 20140511 0.00011432 4.0888e-10 TSX
20130115 20130721 -0.0002936 5.6944e-10 TSX
20130126 20130823 -0.00037819 5.7075e-10 TSX
20130131 20130429 -0.00012012 6.8293e-10 TSX
20130203 20130729 4.6844e-05 5.8852e-10 TSX
20130211 20130919 7.8821e-05 5.3392e-10 TSX
20130228 20141209 -8.6499e-05 3.9697e-10 TSX
20130311 20130801 -0.00021157 6.0621e-10 TSX
20130316 20130623 -0.00014709 6.6531e-10 TSX
20130402 20150122 -4.4175e-06 3.4062e-10 TSX
20130407 20140530 8.8916e-06 4.5086e-10 TSX
20130421 20171016 8.3085e-06 4.8517e-10 TSX
20130424 20130721 -0.00038435 6.7871e-10 TSX
20130429 20130623 -0.00014033 7.6267e-10 TSX
20130505 20131028 -0.00061634 5.5538e-10 TSX
20130513 20151112 7.4274e-05 3.9742e-10 TSX
20130516 20131017 -0.00028628 5.8468e-10 TSX
20130521 20130715 0.00031793 7.689e-10 TSX
20130524 20171129 4.7744e-05 3.8971e-10 TSX
20130527 20140627 -8.829e-05 4.3436e-10 TSX
20130601 20130930 0.00016001 6.4704e-10 TSX
20130604 20141217 8.3043e-05 4.764e-10 TSX
20130607 20140719 -1.6597e-05 4.6475e-10 TSX
20130612 20150105 6.7525e-05 4.5539e-10 TSX
20130615 20160106 -9.4518e-05 3.8493e-10 TSX
20130618 20140708 -4.0829e-05 4.7788e-10 TSX
20130623 20130715 0.00073567 8.6901e-10 TSX
20130629 20130914 6.2038e-05 6.9534e-10 TSX
20130707 20150130 3.5036e-05 4.9685e-10 TSX
20130710 20140901 -5.4829e-05 4.1047e-10 TSX
20130715 20130726 -0.0025093 1.0173e-09 TSX
20130721 20131108 0.00054229 6.3379e-10 TSX
20130726 20150517 0.0001393 3.8279e-10 TSX
20130729 20160904 -3.0746e-05 5.0131e-10 TSX
20130801 20151115 0.00014708 3.481e-10 TSX
20130817 20140209 -7.1944e-05 5.6544e-10 TSX
20130828 20150312 6.1836e-05 4.2872e-10 TSX
20130903 20150329 -4.771e-05 3.6737e-10 TSX
20130919 20160309 -1.3533e-05 3.915e-10 TSX
20130925 20140708 -4.9296e-05 4.7397e-10 TSX
20130930 20160411 -4.0005e-05 3.9172e-10 TSX
20131011 20150802 7.4583e-06 3.9475e-10 TSX
20131017 20140719 4.6148e-05 4.5874e-10 TSX
20131028 20160304 0.000193 3.4621e-10 TSX
20131102 20140519 2.3499e-05 5.2405e-10 TSX
20131108 20140708 -6.3226e-05 5.1774e-10 TSX
20140209 20160309 5.2193e-05 4.3196e-10 TSX
20140223 20140829 0.00020312 5.3384e-10 TSX
20140408 20140705 0.00011133 6.6315e-10 TSX
20140419 20170913 0.00011159 4.2377e-10 TSX
20140511 20141228 0.00012521 4.9363e-10 TSX
20140519 20150824 6.6148e-05 4.6666e-10 TSX
20140624 20171005 0.00011332 3.72e-10 TSX
20140627 20151115 5.3118e-05 4.2408e-10 TSX
20140705 20180911 9.6177e-05 4.2434e-10 TSX
20140708 20160406 6.6357e-05 3.7185e-10 TSX
20140716 20171005 -1.5796e-05 4.004e-10 TSX
20140719 20151207 -0.00016364 3.8586e-10 TSX
20140727 20150326 2.6649e-05 4.7292e-10 TSX
20140810 20150122 -0.00017026 5.4234e-10 TSX
20140818 20160301 6.6815e-06 5.9291e-10 TSX
20140829 20160208 2.5712e-05 4.3253e-10 TSX
20140901 20140912 -0.00028472 9.7242e-10 TSX
20140912 20141209 1.7034e-05 6.6678e-10 TSX
20140920 20170902 0.00010118 4.2957e-10 TSX
20141209 20160211 -2.3429e-05 3.8147e-10 TSX
20141217 20160722 -5.6226e-05 4.8546e-10 TSX
20141228 20160106 7.8489e-05 4.7226e-10 TSX
20141231 20151024 3.9878e-05 4.2879e-10 TSX
20150105 20150824 -7.6318e-08 4.9353e-10 TSX
20150108 20170811 4.2812e-05 4.8858e-10 TSX
20150119 20160117 0.00010257 4.244e-10 TSX
20150127 20160411 4.9359e-06 4.0541e-10 TSX
20150130 20151112 -0.00016854 4.6162e-10 TSX
20150210 20170114 -6.459e-05 4.0417e-10 TSX
20150213 20160326 4.0627e-06 4.0499e-10 TSX
20150218 20160216 -1.8297e-05 4.0673e-10 TSX
20150221 20180112 6.6479e-05 3.7466e-10 TSX
20150304 20180911 6.9546e-05 3.7672e-10 TSX
20150307 20160211 -3.7673e-05 4.0565e-10 TSX
20150312 20160320 -6.4229e-05 4.2574e-10 TSX
20150326 20150827 7.4709e-05 5.5384e-10 TSX
20150329 20151207 -5.5532e-05 4.5622e-10 TSX
20150428 20160425 0.00016761 4.432e-10 TSX
20150509 20150827 2.6693e-05 6.2519e-10 TSX
20150517 20150824 -6.7935e-05 6.6093e-10 TSX
20150520 20180911 -8.5433e-06 4.3662e-10 TSX
20150714 20170822 -2.1146e-06 4.5877e-10 TSX
20150725 20170924 2.3626e-05 4.081e-10 TSX
20150802 20160309 -8.5688e-05 4.9659e-10 TSX
20150805 20160403 4.1087e-05 4.6477e-10 TSX
20150816 20171107 -6.1193e-05 5.0578e-10 TSX
20150824 20150915 0.00069621 8.685e-10 TSX
20150827 20170902 -3.4291e-05 3.7784e-10 TSX
20150915 20160216 -2.7943e-05 5.7285e-10 TSX
20151021 20160904 -0.00012993 4.3746e-10 TSX
20151101 20171016 -6.1463e-06 4.1389e-10 TSX
20151112 20160425 1.8698e-05 5.3734e-10 TSX
20151115 20151229 0.00012465 7.7823e-10 TSX
20151123 20171221 -8.7196e-06 4.0231e-10 TSX
20151204 20151215 0.00015061 9.814e-10 TSX
20151207 20160406 -1.7149e-05 6.0359e-10 TSX
20151215 20170822 0.0002489 4.4936e-10 TSX
20151226 20161223 3.272e-05 3.9417e-10 TSX
20151229 20160211 2.3084e-05 7.7823e-10 TSX
20160106 20161223 6.0127e-05 3.9824e-10 TSX
20160117 20160926 5.8276e-06 4.6678e-10 TSX
20160128 20160301 -0.00020844 8.1042e-10 TSX
20160208 20160312 -0.00011834 8.1042e-10 TSX
20160216 20160309 -0.00041589 8.685e-10 TSX
20160219 20180319 6.0481e-05 4.1871e-10 TSX
20160301 20161201 8.4915e-05 4.3885e-10 TSX
20160304 20160326 9.1393e-05 8.5362e-10 TSX
20160312 20180319 9.4117e-05 4.1001e-10 TSX
20160320 20160411 0.00036876 8.6851e-10 TSX
20160323 20171118 8.077e-05 3.832e-10 TSX
20160326 20160406 -0.00050992 9.7234e-10 TSX
20160403 20171027 6.0652e-06 3.9147e-10 TSX
20160425 20170811 -9.9447e-05 4.1083e-10 TSX
20160528 20160630 -5.9373e-05 8.1043e-10 TSX
20160630 20171118 4.6972e-05 4.8009e-10 TSX
20160722 20161201 0.00020113 5.8397e-10 TSX
20160904 20180707 8.5853e-05 4.0623e-10 TSX
20160915 20180911 5.1719e-05 4.0041e-10 TSX
20160926 20170114 0.00023263 6.2393e-10 TSX
20161201 20171027 -4.3711e-05 5.5344e-10 TSX
20161223 20171107 7.6352e-06 4.9883e-10 TSX
20170114 20170902 2.1974e-05 5.3564e-10 TSX
20170811 20171005 -7.4942e-05 7.4466e-10 TSX
20170822 20180707 -8.4931e-05 4.2169e-10 TSX
20170913 20180707 -0.0001464 4.3249e-10 TSX
20170924 20180319 2.2529e-05 5.2372e-10 TSX
20171005 20171107 3.2796e-05 8.1043e-10 TSX
20171016 20180319 8.085e-05 5.5052e-10 TSX
20171027 20180911 -7.1147e-05 4.2267e-10 TSX
20171107 20171118 6.5884e-05 9.814e-10 TSX
20171118 20171129 5.703e-05 9.814e-10 TSX
20171129 20171221 -5.6691e-05 8.5446e-10 TSX
20171210 20180820 -0.00011304 4.5975e-10 TSX
20171221 20180911 -9.4517e-05 4.5564e-10 TSX
20180112 20181003 -1.683e-05 4.6584e-10 TSX
20180319 20180707 -0.00026982 6.1927e-10 TSX
20180707 20180911 0.00018127 7.1536e-10 TSX
20180729 20181003 -4.5775e-05 7.1536e-10 TSX
20180820 20181003 0.00015316 7.7611e-10 TSX
20180911 20181003 -0.00021464 8.5446e-10 TSX
