20030427 20030914 0.00056813 6.4471e-10 ERS2
20030914 20080629 -8.1033e-05 3.496e-10 ERS2
20050918 20090510 -7.9301e-06 3.8843e-10 ERS2
20051127 20081116 -5.6298e-05 3.9778e-10 ERS2
20060903 20090510 -0.00021179 4.0593e-10 ERS2
20061231 20090105 -1.5438e-05 3.2606e-10 ALOS
20070402 20070703 -0.00016873 7.233e-10 ALOS
20070518 20091008 -8.7418e-05 3.0874e-10 ALOS
20070818 20071003 -0.00035251 8.1008e-10 ALOS
20071217 20100509 -4.6692e-05 3.0678e-10 ALOS
20080103 20100526 3.2006e-06 3.0956e-10 ALOS
20080404 20080520 8.2203e-05 8.1009e-10 ALOS
20080618 20090921 -0.00023005 4.0306e-10 ALOS
20080629 20090510 -0.00032717 4.9621e-10 ERS2
20080705 20091008 -0.00011694 3.9475e-10 ALOS
20080803 20090823 -6.8263e-05 4.682e-10 ERS2
20081116 20090823 3.8159e-05 5.1734e-10 ERS2
20081219 20090921 0.00063998 4.953e-10 ALOS
20090105 20090708 0.00017496 5.9116e-10 ALOS
20090510 20091101 -0.00031104 6.0624e-10 ERS2
20090708 20091008 0.00063702 7.2321e-10 ALOS
20090823 20091101 -3.0326e-05 7.5851e-10 ERS2
20091222 20100624 0.00049102 5.8507e-10 ALOS
20100108 20100223 0.00031671 8.1007e-10 ALOS
20100223 20100526 3.6765e-05 7.2428e-10 ALOS
20100410 20100711 -7.9159e-05 7.233e-10 ALOS
20100509 20100624 0.0007736 8.0812e-10 ALOS
20100526 20100711 0.00052701 8.101e-10 ALOS
20100624 20101109 -7.7024e-05 6.4612e-10 ALOS
20100711 20101011 -0.00012725 7.2334e-10 ALOS
20100809 20101109 -0.00023529 7.2036e-10 ALOS
20101011 20101126 0.00030493 8.101e-10 ALOS
20110111 20110226 0.00077431 8.1008e-10 ALOS
20110924 20130715 0.00020349 3.398e-10 TSX
20111005 20121229 4.3202e-05 4.0086e-10 TSX
20111121 20171221 -5.9353e-06 3.4135e-10 TSX
20111221 20130131 6.6433e-05 4.2215e-10 TSX
20111224 20121027 -1.4813e-05 5.1597e-10 TSX
20120126 20140419 1.0625e-05 3.8165e-10 TSX
20120203 20160320 -3.2355e-05 2.3756e-10 TSX
20120206 20171107 3.3153e-06 3.491e-10 TSX
20120617 20171129 -2.0457e-06 3.4337e-10 TSX
20120723 20160120 0.00011198 2.6376e-10 TSX
20121024 20130109 0.00016237 7.5401e-10 TSX
20121027 20151226 -9.3842e-06 3.5979e-10 TSX
20121030 20130311 5.5564e-05 6.457e-10 TSX
20121107 20171118 -8.1056e-06 3.4495e-10 TSX
20121221 20160208 -7.6032e-06 3.5949e-10 TSX
20121224 20130516 -0.00030014 6.2947e-10 TSX
20121229 20130407 1.3898e-05 7.155e-10 TSX
20130104 20130217 2.6274e-05 8.0709e-10 TSX
20130109 20130715 0.00016985 5.9091e-10 TSX
20130112 20140511 -1.2682e-05 4.5178e-10 TSX
20130115 20130721 -0.00030489 5.7186e-10 TSX
20130126 20130823 -0.00033692 5.7558e-10 TSX
20130131 20130429 -0.00017698 7.344e-10 TSX
20130203 20130729 -4.1533e-05 6.1292e-10 TSX
20130211 20130919 3.7472e-05 5.5505e-10 TSX
20130228 20141209 3.6296e-05 3.3045e-10 TSX
20130311 20130801 -7.9392e-05 6.2943e-10 TSX
20130316 20130623 2.2807e-05 7.1552e-10 TSX
20130402 20150122 9.6672e-05 4.6223e-10 TSX
20130407 20140530 -5.8589e-05 4.1629e-10 TSX
20130421 20171016 -3.7527e-07 3.4425e-10 TSX
20130424 20130721 -0.00037384 7.197e-10 TSX
20130429 20130623 -7.8581e-05 7.9511e-10 TSX
20130505 20131028 -0.0011809 6.2891e-10 TSX
20130513 20151112 -2.3047e-05 3.6946e-10 TSX
20130516 20131017 -0.00033934 6.3588e-10 TSX
20130521 20130715 0.00028318 7.9514e-10 TSX
20130524 20171129 1.6544e-06 3.4082e-10 TSX
20130527 20140627 6.9462e-06 4.1935e-10 TSX
20130601 20130930 0.00033814 6.7996e-10 TSX
20130604 20141217 3.095e-06 4.3659e-10 TSX
20130607 20140719 3.4106e-05 4.1491e-10 TSX
20130612 20150105 -5.0627e-05 3.5984e-10 TSX
20130615 20160106 -7.2245e-06 3.6645e-10 TSX
20130618 20140708 -3.3909e-05 4.2508e-10 TSX
20130623 20130715 0.00072158 8.7979e-10 TSX
20130629 20130914 0.00042693 7.5515e-10 TSX
20130707 20150130 3.8229e-06 4.3734e-10 TSX
20130710 20140901 2.7863e-05 4.106e-10 TSX
20130715 20130726 -0.0025605 1.0232e-09 TSX
20130721 20131108 0.0010259 7.4613e-10 TSX
20130726 20150517 0.00023021 3.3705e-10 TSX
20130729 20160904 -2.1835e-05 3.608e-10 TSX
20130801 20151115 2.457e-05 2.9367e-10 TSX
20130817 20140209 -2.9099e-05 6.0412e-10 TSX
20130828 20150312 0.00014432 3.6318e-10 TSX
20130903 20150329 -0.00050111 3.6782e-10 TSX
20130919 20160309 3.9711e-05 2.7856e-10 TSX
20130925 20140708 -5.1026e-05 4.8094e-10 TSX
20130930 20160411 -8.87e-06 2.7608e-10 TSX
20131011 20150802 3.0122e-05 3.3533e-10 TSX
20131017 20140719 -6.5361e-05 4.855e-10 TSX
20131028 20160304 -0.0001393 4.3342e-10 TSX
20131102 20140519 -0.00036548 5.7848e-10 TSX
20131108 20140708 -7.6228e-05 5.2575e-10 TSX
20140209 20160309 5.8251e-05 3.1713e-10 TSX
20140223 20140829 -3.7131e-06 6.0403e-10 TSX
20140408 20140705 -9.6866e-06 7.3331e-10 TSX
20140419 20170913 2.9072e-06 3.5835e-10 TSX
20140511 20141228 4.4853e-05 5.6464e-10 TSX
20140519 20150824 0.00025233 3.9568e-10 TSX
20140624 20171005 2.2413e-06 3.5631e-10 TSX
20140627 20151115 -3.9969e-05 3.6443e-10 TSX
20140705 20180911 9.3817e-06 3.4314e-10 TSX
20140708 20160406 7.6816e-05 3.3044e-10 TSX
20140716 20171005 -8.8011e-06 3.5019e-10 TSX
20140719 20151207 3.6725e-05 3.6535e-10 TSX
20140727 20150326 1.4524e-05 5.567e-10 TSX
20140810 20150122 -3.592e-05 5.9903e-10 TSX
20140818 20160301 9.6917e-06 4.1436e-10 TSX
20140829 20160208 5.5903e-06 4.2006e-10 TSX
20140901 20140912 -0.00030313 9.7874e-10 TSX
20140912 20141209 1.9103e-05 7.1969e-10 TSX
20140920 20170902 8.77e-06 3.5874e-10 TSX
20141209 20160211 -1.3958e-05 3.9487e-10 TSX
20141217 20160722 -5.1523e-06 4.0676e-10 TSX
20141228 20160106 -4.5668e-06 4.7243e-10 TSX
20141231 20151024 6.1719e-05 4.6959e-10 TSX
20150105 20150824 -6.1672e-05 5.44e-10 TSX
20150108 20170811 -4.944e-06 3.691e-10 TSX
20150119 20160117 -5.4347e-06 4.7797e-10 TSX
20150127 20160411 0.00012468 4.0389e-10 TSX
20150130 20151112 -2.027e-05 5.1725e-10 TSX
20150210 20170114 2.0418e-05 3.8984e-10 TSX
20150213 20160326 0.00038159 4.4465e-10 TSX
20150218 20160216 5.3535e-05 4.4426e-10 TSX
20150221 20180112 -1.1064e-05 4.1297e-10 TSX
20150304 20180911 1.4939e-05 3.4344e-10 TSX
20150307 20160211 3.2763e-05 4.4024e-10 TSX
20150312 20160320 -0.00012783 4.3788e-10 TSX
20150326 20150827 -3.3751e-05 6.3618e-10 TSX
20150329 20151207 -5.0785e-05 5.0484e-10 TSX
20150428 20160425 8.0219e-06 4.7734e-10 TSX
20150509 20150827 -6.3913e-05 6.975e-10 TSX
20150517 20150824 -0.00016035 7.1553e-10 TSX
20150520 20180911 1.819e-06 3.426e-10 TSX
20150714 20170822 1.3745e-05 3.8551e-10 TSX
20150725 20170924 2.7571e-05 3.7853e-10 TSX
20150802 20160309 -0.0001571 5.5505e-10 TSX
20150805 20160403 3.7826e-05 5.5616e-10 TSX
20150816 20171107 1.1084e-05 3.8071e-10 TSX
20150824 20150915 0.00073081 8.7968e-10 TSX
20150827 20170902 6.6494e-06 3.8484e-10 TSX
20150915 20160216 -0.0001401 6.3231e-10 TSX
20151021 20160904 -3.4503e-05 5.0823e-10 TSX
20151101 20171016 9.4464e-06 3.9064e-10 TSX
20151112 20160425 3.5112e-05 6.2465e-10 TSX
20151115 20151229 0.00021411 8.0709e-10 TSX
20151123 20171221 2.7124e-05 3.8475e-10 TSX
20151204 20151215 0.00014839 9.9079e-10 TSX
20151207 20160406 -5.7388e-05 6.6282e-10 TSX
20151215 20170822 3.7004e-05 4.0527e-10 TSX
20151226 20161223 6.0594e-06 4.9001e-10 TSX
20151229 20160211 1.9951e-05 8.0709e-10 TSX
20160106 20161223 2.8834e-05 4.953e-10 TSX
20160117 20160926 5.6141e-06 5.4774e-10 TSX
20160128 20160301 -0.00015156 8.3741e-10 TSX
20160208 20160312 -9.7242e-05 8.3741e-10 TSX
20160216 20160309 -0.00043219 8.7967e-10 TSX
20160219 20180319 -5.6387e-06 3.8802e-10 TSX
20160301 20161201 2.191e-05 5.3467e-10 TSX
20160304 20160326 6.5009e-05 8.6592e-10 TSX
20160312 20180319 -1.3535e-05 3.9014e-10 TSX
20160320 20160411 0.00041771 8.7968e-10 TSX
20160323 20171118 -4.5116e-06 4.0938e-10 TSX
20160326 20160406 -0.00055297 9.7866e-10 TSX
20160403 20171027 -1.0918e-06 4.1069e-10 TSX
20160425 20170811 -1.0014e-05 4.368e-10 TSX
20160528 20160630 -4.0874e-05 8.3741e-10 TSX
20160630 20171118 2.4381e-05 4.3017e-10 TSX
20160722 20161201 6.3489e-05 6.6571e-10 TSX
20160904 20180707 4.7623e-05 4.2065e-10 TSX
20160915 20180911 1.6433e-05 3.9139e-10 TSX
20160926 20170114 5.7174e-05 6.977e-10 TSX
20161201 20171027 5.6212e-06 5.0204e-10 TSX
20161223 20171107 -4.6415e-06 4.9997e-10 TSX
20170114 20170902 -2.4548e-05 5.5878e-10 TSX
20170811 20171005 -1.6296e-05 7.9257e-10 TSX
20170822 20180707 4.1209e-06 5.1048e-10 TSX
20170913 20180707 -1.7903e-05 5.209e-10 TSX
20170924 20180319 5.4295e-05 6.1498e-10 TSX
20171005 20171107 4.8934e-05 8.3741e-10 TSX
20171016 20180319 6.5305e-05 6.3769e-10 TSX
20171027 20180911 2.3419e-05 5.1061e-10 TSX
20171107 20171118 7.4531e-05 9.9079e-10 TSX
20171118 20171129 5.3158e-05 9.9079e-10 TSX
20171129 20171221 -1.3009e-05 8.7132e-10 TSX
20171210 20180820 2.0714e-05 5.4894e-10 TSX
20171221 20180911 9.2407e-07 5.4114e-10 TSX
20180112 20181003 0.00015102 5.4101e-10 TSX
20180319 20180707 -6.5466e-05 6.9772e-10 TSX
20180707 20180911 0.00019588 7.7212e-10 TSX
20180729 20181003 1.3406e-05 7.7212e-10 TSX
20180820 20181003 0.00013371 8.1387e-10 TSX
20180911 20181003 -0.00018613 8.7132e-10 TSX
