20030427 20030914 0.00033834 5.6702e-10 ERS2
20030914 20080629 0.00013969 2.7312e-10 ERS2
20050918 20090510 0.00010488 2.9826e-10 ERS2
20051127 20081116 0.00016231 3.1087e-10 ERS2
20060903 20090510 -5.3685e-05 3.1236e-10 ERS2
20061231 20090105 9.036e-05 3.1958e-10 ALOS
20070402 20070703 0.00011866 6.6687e-10 ALOS
20070518 20091008 -0.00012504 3.2214e-10 ALOS
20070818 20071003 -0.00012873 7.7521e-10 ALOS
20071217 20100509 -5.7103e-05 3.0111e-10 ALOS
20080103 20100526 -5.5455e-05 3.1201e-10 ALOS
20080404 20080520 5.0957e-05 7.7535e-10 ALOS
20080618 20090921 -2.0393e-05 3.7239e-10 ALOS
20080629 20090510 -1.3577e-05 4.1333e-10 ERS2
20080705 20091008 -2.2623e-05 3.68e-10 ALOS
20080803 20090823 -1.8306e-05 3.8327e-10 ERS2
20081116 20090823 -1.8006e-05 4.3199e-10 ERS2
20081219 20090921 0.00028167 4.471e-10 ALOS
20090105 20090708 0.00074261 5.2992e-10 ALOS
20090510 20091101 0.00036928 5.2023e-10 ERS2
20090708 20091008 0.00042809 6.6728e-10 ALOS
20090823 20091101 -0.00070541 6.9851e-10 ERS2
20091222 20100624 -0.0003002 5.2498e-10 ALOS
20100108 20100223 -0.00088714 7.7561e-10 ALOS
20100223 20100526 7.3933e-05 6.674e-10 ALOS
20100410 20100711 -0.00018243 6.6841e-10 ALOS
20100509 20100624 0.00061401 7.7318e-10 ALOS
20100526 20100711 0.00048889 7.7517e-10 ALOS
20100624 20101109 7.2576e-05 5.8401e-10 ALOS
20100711 20101011 -0.0001979 6.6628e-10 ALOS
20100809 20101109 4.1846e-06 6.6358e-10 ALOS
20101011 20101126 0.00020571 7.7518e-10 ALOS
20110111 20110226 0.0004773 7.7516e-10 ALOS
20110924 20130715 4.0414e-05 3.2925e-10 TSX
20111005 20121229 4.5624e-05 3.7103e-10 TSX
20111121 20171221 3.3217e-05 3.0038e-10 TSX
20111221 20130131 1.9687e-05 3.8552e-10 TSX
20111224 20121027 5.7925e-05 4.1945e-10 TSX
20120126 20140419 1.7153e-05 3.1524e-10 TSX
20120203 20160320 3.971e-06 2.8613e-10 TSX
20120206 20171107 5.5935e-05 2.9274e-10 TSX
20120617 20171129 3.63e-05 2.9395e-10 TSX
20120723 20160120 6.5481e-05 3.2104e-10 TSX
20121024 20130109 0.00011841 7.0166e-10 TSX
20121027 20151226 1.9807e-05 3.0695e-10 TSX
20121030 20130311 1.1696e-05 5.8467e-10 TSX
20121107 20171118 4.8282e-05 3.2497e-10 TSX
20121221 20160208 2.2861e-05 3.2436e-10 TSX
20121224 20130516 -1.7449e-05 5.685e-10 TSX
20121229 20130407 1.2581e-05 6.5613e-10 TSX
20130104 20130217 -7.5741e-05 7.7313e-10 TSX
20130109 20130715 -4.1865e-05 5.3323e-10 TSX
20130112 20140511 5.8887e-06 3.6267e-10 TSX
20130115 20130721 -0.00020732 5.1637e-10 TSX
20130126 20130823 -0.00010339 5.4224e-10 TSX
20130131 20130429 -0.0001332 6.7802e-10 TSX
20130203 20130729 4.108e-05 5.2317e-10 TSX
20130211 20130919 -4.6973e-05 4.9724e-10 TSX
20130228 20141209 3.8765e-05 3.2676e-10 TSX
20130311 20130801 -3.9782e-05 5.7015e-10 TSX
20130316 20130623 -3.7803e-05 6.5628e-10 TSX
20130402 20150122 2.9676e-05 4.7233e-10 TSX
20130407 20140530 -1.205e-05 3.8178e-10 TSX
20130421 20171016 3.8654e-05 3.2214e-10 TSX
20130424 20130721 -0.00029968 6.6436e-10 TSX
20130429 20130623 -2.8685e-05 7.5435e-10 TSX
20130505 20131028 -0.00053311 5.5814e-10 TSX
20130513 20151112 7.0005e-05 3.2697e-10 TSX
20130516 20131017 -0.00026938 5.8049e-10 TSX
20130521 20130715 8.8067e-05 7.5429e-10 TSX
20130524 20171129 2.0739e-05 2.9441e-10 TSX
20130527 20140627 -4.0926e-05 3.856e-10 TSX
20130601 20130930 2.3948e-06 6.1742e-10 TSX
20130604 20141217 3.7256e-05 3.3843e-10 TSX
20130607 20140719 -7.3676e-06 3.8141e-10 TSX
20130612 20150105 2.7507e-05 3.3989e-10 TSX
20130615 20160106 6.4011e-05 3.2211e-10 TSX
20130618 20140708 9.4009e-06 3.8865e-10 TSX
20130623 20130715 0.00061298 8.6149e-10 TSX
20130629 20130914 0.00010672 6.9351e-10 TSX
20130707 20150130 2.5391e-05 3.3928e-10 TSX
20130710 20140901 1.3967e-05 3.7855e-10 TSX
20130715 20130726 -0.002375 1.0105e-09 TSX
20130721 20131108 0.00067063 6.3351e-10 TSX
20130726 20150517 0.00011051 3.2382e-10 TSX
20130729 20160904 3.7964e-05 2.9365e-10 TSX
20130801 20151115 6.5811e-05 3.1815e-10 TSX
20130817 20140209 3.2905e-05 5.4103e-10 TSX
20130828 20150312 6.5442e-05 3.408e-10 TSX
20130903 20150329 -0.00013653 4.1743e-10 TSX
20130919 20160309 4.1176e-05 3.037e-10 TSX
20130925 20140708 0.00011066 4.36e-10 TSX
20130930 20160411 5.7004e-05 3.3698e-10 TSX
20131011 20150802 7.1321e-06 3.2966e-10 TSX
20131017 20140719 -6.9188e-05 4.4022e-10 TSX
20131028 20160304 0.0001304 3.5445e-10 TSX
20131102 20140519 -0.00010868 5.1717e-10 TSX
20131108 20140708 5.6338e-05 4.7933e-10 TSX
20140209 20160309 2.8367e-05 3.3589e-10 TSX
20140223 20140829 4.6625e-05 5.1112e-10 TSX
20140408 20140705 5.5232e-06 6.6126e-10 TSX
20140419 20170913 8.1472e-05 3.6778e-10 TSX
20140511 20141228 9.9424e-05 4.7019e-10 TSX
20140519 20150824 7.0717e-05 3.6982e-10 TSX
20140624 20171005 1.914e-05 3.2895e-10 TSX
20140627 20151115 4.9545e-05 3.5907e-10 TSX
20140705 20180911 3.2765e-05 3.297e-10 TSX
20140708 20160406 5.2511e-06 3.2592e-10 TSX
20140716 20171005 8.4733e-05 3.1382e-10 TSX
20140719 20151207 6.8398e-05 3.521e-10 TSX
20140727 20150326 1.3608e-05 4.6166e-10 TSX
20140810 20150122 0.00010231 5.396e-10 TSX
20140818 20160301 5.8988e-05 3.5368e-10 TSX
20140829 20160208 6.7244e-05 3.7646e-10 TSX
20140901 20140912 -0.00030208 9.673e-10 TSX
20140912 20141209 6.2369e-05 6.6421e-10 TSX
20140920 20170902 9.1508e-05 3.1273e-10 TSX
20141209 20160211 -8.9458e-07 3.6752e-10 TSX
20141217 20160722 5.6906e-05 3.4791e-10 TSX
20141228 20160106 0.00010649 3.9901e-10 TSX
20141231 20151024 4.9483e-06 4.3168e-10 TSX
20150105 20150824 -3.1252e-05 4.9255e-10 TSX
20150108 20170811 -3.36e-05 3.1525e-10 TSX
20150119 20160117 0.00010833 4.0609e-10 TSX
20150127 20160411 4.1593e-05 3.8685e-10 TSX
20150130 20151112 0.00011854 4.3191e-10 TSX
20150210 20170114 8.462e-05 3.3078e-10 TSX
20150213 20160326 7.8586e-05 4.1604e-10 TSX
20150218 20160216 5.1929e-05 4.0723e-10 TSX
20150221 20180112 0.00011229 3.1454e-10 TSX
20150304 20180911 2.0899e-05 2.9096e-10 TSX
20150307 20160211 2.5503e-05 4.0575e-10 TSX
20150312 20160320 -4.4395e-05 4.0138e-10 TSX
20150326 20150827 0.00012286 5.5251e-10 TSX
20150329 20151207 8.6908e-06 4.5669e-10 TSX
20150428 20160425 0.00010721 4.0799e-10 TSX
20150509 20150827 3.588e-05 6.328e-10 TSX
20150517 20150824 -0.00013516 6.5677e-10 TSX
20150520 20180911 2.8285e-05 3.3455e-10 TSX
20150714 20170822 6.5332e-05 3.2328e-10 TSX
20150725 20170924 5.6592e-05 3.134e-10 TSX
20150802 20160309 4.4497e-05 4.9624e-10 TSX
20150805 20160403 7.563e-05 4.6149e-10 TSX
20150816 20171107 9.1928e-05 2.9815e-10 TSX
20150824 20150915 0.00071983 8.6138e-10 TSX
20150827 20170902 9.1807e-05 3.276e-10 TSX
20150915 20160216 -6.8857e-05 5.6895e-10 TSX
20151021 20160904 4.491e-06 4.1295e-10 TSX
20151101 20171016 5.3101e-05 3.156e-10 TSX
20151112 20160425 2.5372e-05 5.3612e-10 TSX
20151115 20151229 0.00014316 7.7313e-10 TSX
20151123 20171221 7.3946e-05 3.1167e-10 TSX
20151204 20151215 0.00018236 9.7714e-10 TSX
20151207 20160406 -4.2238e-05 6.0215e-10 TSX
20151215 20170822 6.7519e-05 3.3535e-10 TSX
20151226 20161223 9.0628e-05 3.9354e-10 TSX
20151229 20160211 -1.8335e-07 7.7313e-10 TSX
20160106 20161223 9.9373e-05 3.981e-10 TSX
20160117 20160926 8.8466e-05 4.5277e-10 TSX
20160128 20160301 -0.00022186 8.0606e-10 TSX
20160208 20160312 -3.3222e-05 8.0606e-10 TSX
20160216 20160309 -0.00040846 8.6138e-10 TSX
20160219 20180319 6.1199e-05 3.007e-10 TSX
20160301 20161201 0.00012632 4.3854e-10 TSX
20160304 20160326 0.00011615 8.483e-10 TSX
20160312 20180319 5.1879e-05 3.03e-10 TSX
20160320 20160411 0.0003715 8.6139e-10 TSX
20160323 20171118 5.6253e-05 3.1983e-10 TSX
20160326 20160406 -0.00054866 9.6723e-10 TSX
20160403 20171027 5.97e-05 3.3082e-10 TSX
20160425 20170811 9.3421e-05 3.581e-10 TSX
20160528 20160630 5.892e-05 8.0606e-10 TSX
20160630 20171118 8.2029e-05 3.4011e-10 TSX
20160722 20161201 0.00018337 5.8133e-10 TSX
20160904 20180707 2.5659e-05 3.274e-10 TSX
20160915 20180911 1.2972e-05 3.0003e-10 TSX
20160926 20170114 7.0549e-05 6.1807e-10 TSX
20161201 20171027 4.5369e-05 4.0653e-10 TSX
20161223 20171107 2.336e-05 4.0945e-10 TSX
20170114 20170902 4.792e-05 4.7043e-10 TSX
20170811 20171005 -2.2724e-07 7.4111e-10 TSX
20170822 20180707 -5.107e-05 4.1366e-10 TSX
20170913 20180707 -0.00010154 4.25e-10 TSX
20170924 20180319 -4.5771e-05 5.232e-10 TSX
20171005 20171107 4.1931e-05 8.0606e-10 TSX
20171016 20180319 -3.1668e-05 5.5009e-10 TSX
20171027 20180911 -3.1404e-06 4.137e-10 TSX
20171107 20171118 8.5806e-05 9.7714e-10 TSX
20171118 20171129 4.9736e-05 9.7714e-10 TSX
20171129 20171221 4.9203e-06 8.5005e-10 TSX
20171210 20180820 -2.1306e-05 4.5337e-10 TSX
20171221 20180911 -2.0606e-05 4.4575e-10 TSX
20180112 20181003 3.4227e-05 4.4578e-10 TSX
20180319 20180707 -8.5458e-05 6.1797e-10 TSX
20180707 20180911 0.00029811 7.1238e-10 TSX
20180729 20181003 9.532e-05 7.1238e-10 TSX
20180820 20181003 0.00018131 7.7205e-10 TSX
20180911 20181003 -0.00016504 8.5006e-10 TSX
