20030427 20030914 -0.00082925 5.6649e-10 ERS2
20030914 20080629 -2.614e-05 2.7764e-10 ERS2
20050918 20090510 -1.2281e-05 3.0689e-10 ERS2
20051127 20081116 -7.6734e-05 3.1061e-10 ERS2
20060903 20090510 0.00022075 3.0394e-10 ERS2
20061231 20090105 -2.0837e-05 3.1617e-10 ALOS
20070402 20070703 -2.9907e-05 6.7127e-10 ALOS
20070518 20091008 -4.8673e-05 3.0274e-10 ALOS
20070818 20071003 -0.00042692 7.8302e-10 ALOS
20071217 20100509 -6.1955e-05 3.0454e-10 ALOS
20080103 20100526 -6.5272e-05 3.0076e-10 ALOS
20080404 20080520 -4.9771e-05 7.8302e-10 ALOS
20080618 20090921 -1.8433e-05 3.7414e-10 ALOS
20080629 20090510 -0.00016838 4.1288e-10 ERS2
20080705 20091008 -7.5642e-05 3.6453e-10 ALOS
20080803 20090823 0.0001133 3.8384e-10 ERS2
20081116 20090823 4.8949e-05 4.3224e-10 ERS2
20081219 20090921 6.3429e-05 4.4649e-10 ALOS
20090105 20090708 -1.4024e-05 5.2893e-10 ALOS
20090510 20091101 -0.00016138 5.2147e-10 ERS2
20090708 20091008 0.0004379 6.7128e-10 ALOS
20090823 20091101 0.0009508 7.0468e-10 ERS2
20091222 20100624 0.00022192 5.2616e-10 ALOS
20100108 20100223 0.00035944 7.8305e-10 ALOS
20100223 20100526 -9.2689e-05 6.7128e-10 ALOS
20100410 20100711 -3.9129e-05 6.7126e-10 ALOS
20100509 20100624 0.00075799 7.8081e-10 ALOS
20100526 20100711 0.00047054 7.8304e-10 ALOS
20100624 20101109 -1.0846e-05 5.8613e-10 ALOS
20100711 20101011 -3.0716e-06 6.7129e-10 ALOS
20100809 20101109 -6.7839e-05 6.6836e-10 ALOS
20101011 20101126 0.00022214 7.8304e-10 ALOS
20110111 20110226 0.00076735 7.8303e-10 ALOS
20110924 20130715 2.6894e-05 3.2503e-10 TSX
20111005 20121229 -2.784e-05 3.6815e-10 TSX
20111121 20171221 -4.9311e-06 2.5325e-10 TSX
20111221 20130131 -1.6656e-05 3.8504e-10 TSX
20111224 20121027 -7.0776e-06 4.2003e-10 TSX
20120126 20140419 4.0878e-06 2.9328e-10 TSX
20120203 20160320 6.5211e-07 2.4094e-10 TSX
20120206 20171107 7.8225e-06 2.5289e-10 TSX
20120617 20171129 7.1968e-06 2.6054e-10 TSX
20120723 20160120 -1.4916e-05 2.5942e-10 TSX
20121024 20130109 2.1857e-05 7.0811e-10 TSX
20121027 20151226 -4.2953e-06 2.6911e-10 TSX
20121030 20130311 -2.4849e-05 5.8678e-10 TSX
20121107 20171118 5.6189e-06 2.6554e-10 TSX
20121221 20160208 -8.6397e-06 2.6719e-10 TSX
20121224 20130516 -1.1665e-05 5.7022e-10 TSX
20121229 20130407 1.9531e-05 6.6083e-10 TSX
20130104 20130217 2.1887e-05 7.802e-10 TSX
20130109 20130715 0.00015106 5.2931e-10 TSX
20130112 20140511 1.8314e-05 3.5337e-10 TSX
20130115 20130721 -8.2198e-05 5.1474e-10 TSX
20130126 20130823 -8.2376e-05 4.9187e-10 TSX
20130131 20130429 4.6518e-05 6.8361e-10 TSX
20130203 20130729 -1.244e-05 5.2411e-10 TSX
20130211 20130919 1.1769e-05 4.9638e-10 TSX
20130228 20141209 1.8413e-05 3.1144e-10 TSX
20130311 20130801 -2.8924e-05 5.7017e-10 TSX
20130316 20130623 -2.2099e-05 6.6084e-10 TSX
20130402 20150122 2.168e-05 2.8975e-10 TSX
20130407 20140530 2.6831e-06 3.8046e-10 TSX
20130421 20171016 1.0658e-05 2.6856e-10 TSX
20130424 20130721 -0.00015168 6.6859e-10 TSX
20130429 20130623 -0.00012758 7.6206e-10 TSX
20130505 20131028 -0.00042958 5.2686e-10 TSX
20130513 20151112 1.7528e-05 2.8145e-10 TSX
20130516 20131017 -0.00010894 5.5449e-10 TSX
20130521 20130715 0.0002806 7.6209e-10 TSX
20130524 20171129 1.5551e-05 2.632e-10 TSX
20130527 20140627 -2.3341e-05 3.8524e-10 TSX
20130601 20130930 0.00010504 6.2018e-10 TSX
20130604 20141217 7.2002e-06 3.3634e-10 TSX
20130607 20140719 3.9765e-05 3.8181e-10 TSX
20130612 20150105 5.2254e-06 3.3734e-10 TSX
20130615 20160106 1.3911e-05 2.792e-10 TSX
20130618 20140708 7.5091e-05 3.8931e-10 TSX
20130623 20130715 0.00067536 8.6896e-10 TSX
20130629 20130914 0.00011246 6.9364e-10 TSX
20130707 20150130 2.7329e-06 3.3608e-10 TSX
20130710 20140901 1.6709e-05 3.7833e-10 TSX
20130715 20130726 -0.0023433 1.0173e-09 TSX
20130721 20131108 0.00067541 6.2419e-10 TSX
20130726 20150517 -2.6598e-05 3.2219e-10 TSX
20130729 20160904 9.5789e-06 2.7018e-10 TSX
20130801 20151115 1.9227e-06 2.8531e-10 TSX
20130817 20140209 -1.4463e-05 5.4205e-10 TSX
20130828 20150312 2.4194e-05 3.3971e-10 TSX
20130903 20150329 -0.000121 3.1087e-10 TSX
20130919 20160309 5.5294e-06 2.7402e-10 TSX
20130925 20140708 6.5487e-05 4.3158e-10 TSX
20130930 20160411 -1.8848e-05 2.7109e-10 TSX
20131011 20150802 1.2095e-05 3.1923e-10 TSX
20131017 20140719 -6.8655e-05 4.3908e-10 TSX
20131028 20160304 -2.2944e-05 2.5798e-10 TSX
20131102 20140519 2.9925e-05 5.178e-10 TSX
20131108 20140708 4.4183e-05 4.6324e-10 TSX
20140209 20160309 1.567e-06 3.0486e-10 TSX
20140223 20140829 3.3221e-05 5.1183e-10 TSX
20140408 20140705 -1.1754e-05 6.6656e-10 TSX
20140419 20170913 -7.5173e-07 2.6273e-10 TSX
20140511 20141228 4.9943e-06 4.7028e-10 TSX
20140519 20150824 -8.7606e-06 3.6432e-10 TSX
20140624 20171005 -9.5097e-06 2.6344e-10 TSX
20140627 20151115 -1.4441e-05 3.3918e-10 TSX
20140705 20180911 -4.8549e-06 2.5709e-10 TSX
20140708 20160406 -2.2672e-05 3.1056e-10 TSX
20140716 20171005 8.9756e-06 2.6235e-10 TSX
20140719 20151207 -5.5128e-06 3.3925e-10 TSX
20140727 20150326 -1.0575e-05 4.6179e-10 TSX
20140810 20150122 2.717e-05 5.4031e-10 TSX
20140818 20160301 -6.7583e-06 3.2583e-10 TSX
20140829 20160208 -1.36e-05 3.314e-10 TSX
20140901 20140912 -0.00025957 9.734e-10 TSX
20140912 20141209 -6.5512e-05 6.6858e-10 TSX
20140920 20170902 8.1123e-06 2.6856e-10 TSX
20141209 20160211 -2.2955e-05 3.6378e-10 TSX
20141217 20160722 -2.2656e-05 3.2163e-10 TSX
20141228 20160106 -3.2262e-05 3.818e-10 TSX
20141231 20151024 3.1865e-06 4.255e-10 TSX
20150105 20150824 -1.1026e-05 4.8651e-10 TSX
20150108 20170811 3.8645e-06 2.7666e-10 TSX
20150119 20160117 1.9664e-05 3.8693e-10 TSX
20150127 20160411 -2.3809e-05 3.7108e-10 TSX
20150130 20151112 3.4533e-06 4.289e-10 TSX
20150210 20170114 -9.0149e-06 3.0231e-10 TSX
20150213 20160326 1.3626e-05 3.6638e-10 TSX
20150218 20160216 2.0796e-06 4.0332e-10 TSX
20150221 20180112 3.7483e-05 2.642e-10 TSX
20150304 20180911 1.4187e-05 2.5839e-10 TSX
20150307 20160211 1.7493e-05 4.0135e-10 TSX
20150312 20160320 -6.3676e-05 3.9828e-10 TSX
20150326 20150827 -7.9652e-06 5.5116e-10 TSX
20150329 20151207 8.9282e-07 4.5519e-10 TSX
20150428 20160425 -2.1702e-05 3.8675e-10 TSX
20150509 20150827 4.4901e-05 6.2144e-10 TSX
20150517 20150824 -1.509e-05 6.6083e-10 TSX
20150520 20180911 -1.7126e-06 2.6332e-10 TSX
20150714 20170822 7.8209e-06 2.8774e-10 TSX
20150725 20170924 1.3605e-05 2.875e-10 TSX
20150802 20160309 -9.134e-05 4.964e-10 TSX
20150805 20160403 1.5988e-05 4.6129e-10 TSX
20150816 20171107 2.3852e-06 2.8466e-10 TSX
20150824 20150915 0.00063115 8.6885e-10 TSX
20150827 20170902 -1.2089e-05 2.9575e-10 TSX
20150915 20160216 -6.1464e-05 5.6983e-10 TSX
20151021 20160904 2.5186e-06 4.1299e-10 TSX
20151101 20171016 1.6829e-05 3.0057e-10 TSX
20151112 20160425 -4.9935e-05 5.373e-10 TSX
20151115 20151229 0.00011571 7.802e-10 TSX
20151123 20171221 3.5192e-06 2.9352e-10 TSX
20151204 20151215 0.00014488 9.8522e-10 TSX
20151207 20160406 -0.00011105 6.0475e-10 TSX
20151215 20170822 -6.6171e-06 3.1533e-10 TSX
20151226 20161223 -1.5328e-05 3.9396e-10 TSX
20151229 20160211 4.7577e-05 7.802e-10 TSX
20160106 20161223 1.1311e-05 3.988e-10 TSX
20160117 20160926 -2.3083e-05 4.5302e-10 TSX
20160128 20160301 -0.00017256 8.1515e-10 TSX
20160208 20160312 -8.9979e-05 8.1515e-10 TSX
20160216 20160309 -0.00038549 8.6885e-10 TSX
20160219 20180319 -5.6001e-06 2.9629e-10 TSX
20160301 20161201 -2.2703e-05 4.3894e-10 TSX
20160304 20160326 1.2934e-05 8.5495e-10 TSX
20160312 20180319 1.1033e-06 2.9748e-10 TSX
20160320 20160411 0.00037034 8.6886e-10 TSX
20160323 20171118 -1.3416e-05 3.1911e-10 TSX
20160326 20160406 -0.00050774 9.7333e-10 TSX
20160403 20171027 7.1358e-07 3.2358e-10 TSX
20160425 20170811 -1.8074e-05 3.4771e-10 TSX
20160528 20160630 -7.7793e-06 8.1515e-10 TSX
20160630 20171118 -1.8962e-05 3.4169e-10 TSX
20160722 20161201 -3.4971e-05 5.8359e-10 TSX
20160904 20180707 -1.4909e-06 3.257e-10 TSX
20160915 20180911 -2.1541e-06 3.0112e-10 TSX
20160926 20170114 -2.2515e-05 6.215e-10 TSX
20161201 20171027 -1.3301e-05 4.073e-10 TSX
20161223 20171107 -3.9049e-05 4.0903e-10 TSX
20170114 20170902 1.5223e-05 4.6903e-10 TSX
20170811 20171005 -2.1112e-05 7.4939e-10 TSX
20170822 20180707 3.4558e-05 4.1452e-10 TSX
20170913 20180707 -3.659e-06 4.2569e-10 TSX
20170924 20180319 4.6376e-05 5.2415e-10 TSX
20171005 20171107 1.7157e-05 8.1515e-10 TSX
20171016 20180319 6.3781e-05 5.5157e-10 TSX
20171027 20180911 1.2728e-05 4.1457e-10 TSX
20171107 20171118 7.6897e-05 9.8522e-10 TSX
20171118 20171129 5.8677e-05 9.8522e-10 TSX
20171129 20171221 3.4104e-06 8.5877e-10 TSX
20171210 20180820 4.2114e-05 4.5351e-10 TSX
20171221 20180911 -0.00011202 4.4608e-10 TSX
20180112 20181003 -1.8074e-06 4.4592e-10 TSX
20180319 20180707 1.244e-05 6.2151e-10 TSX
20180707 20180911 0.00017056 7.1974e-10 TSX
20180729 20181003 2.4545e-05 7.1974e-10 TSX
20180820 20181003 0.00011412 7.8097e-10 TSX
20180911 20181003 -0.00021007 8.5877e-10 TSX
