20030427 20030914 0.00014789 5.6525e-10 ERS2
20030914 20080629 5.0453e-05 2.9914e-10 ERS2
20050918 20090510 0.00020613 3.0395e-10 ERS2
20051127 20081116 -7.9635e-05 3.022e-10 ERS2
20060903 20090510 0.0002835 3.0874e-10 ERS2
20061231 20090105 0.00016026 3.1654e-10 ALOS
20070402 20070703 0.00013279 6.6643e-10 ALOS
20070518 20091008 0.00023406 3.0066e-10 ALOS
20070818 20071003 -0.00017781 7.7511e-10 ALOS
20071217 20100509 0.00029704 3.1835e-10 ALOS
20080103 20100526 2.8278e-05 3.4577e-10 ALOS
20080404 20080520 0.00019689 7.7531e-10 ALOS
20080618 20090921 0.00014804 3.7246e-10 ALOS
20080629 20090510 -0.0001391 4.1785e-10 ERS2
20080705 20091008 -6.9738e-05 3.7064e-10 ALOS
20080803 20090823 4.3111e-06 3.8286e-10 ERS2
20081116 20090823 7.1634e-05 4.3203e-10 ERS2
20081219 20090921 -9.5933e-05 4.4622e-10 ALOS
20090105 20090708 -1.8281e-05 5.3552e-10 ALOS
20090510 20091101 0.00051582 5.2011e-10 ERS2
20090708 20091008 0.00024222 6.6624e-10 ALOS
20090823 20091101 -0.00026282 6.9851e-10 ERS2
20091222 20100624 -0.00021567 5.2943e-10 ALOS
20100108 20100223 -0.00059207 7.7558e-10 ALOS
20100223 20100526 0.00024625 6.6681e-10 ALOS
20100410 20100711 -4.6454e-05 6.664e-10 ALOS
20100509 20100624 0.00055215 7.7312e-10 ALOS
20100526 20100711 0.00036277 7.751e-10 ALOS
20100624 20101109 8.7579e-05 5.8397e-10 ALOS
20100711 20101011 0.0001648 6.6623e-10 ALOS
20100809 20101109 0.00020308 6.6353e-10 ALOS
20101011 20101126 -5.7199e-05 7.751e-10 ALOS
20110111 20110226 0.00054919 7.7509e-10 ALOS
20110924 20130715 0.00017368 3.3525e-10 TSX
20111005 20121229 0.00012818 3.9085e-10 TSX
20111121 20171221 2.727e-05 3.8944e-10 TSX
20111221 20130131 0.00010651 3.8576e-10 TSX
20111224 20121027 0.00021847 4.1919e-10 TSX
20120126 20140419 8.9249e-05 3.8107e-10 TSX
20120203 20160320 5.6784e-05 3.2579e-10 TSX
20120206 20171107 1.5352e-05 3.8769e-10 TSX
20120617 20171129 0.00015746 4.1168e-10 TSX
20120723 20160120 9.9345e-05 3.79e-10 TSX
20121024 20130109 8.1835e-05 7.0154e-10 TSX
20121027 20151226 0.00010783 4.3845e-10 TSX
20121030 20130311 -4.8284e-05 5.8464e-10 TSX
20121107 20171118 4.6639e-05 3.9182e-10 TSX
20121221 20160208 0.00011467 4.2055e-10 TSX
20121224 20130516 -0.00014576 5.6848e-10 TSX
20121229 20130407 6.9977e-06 6.5606e-10 TSX
20130104 20130217 -7.881e-05 7.7308e-10 TSX
20130109 20130715 9.958e-05 5.3082e-10 TSX
20130112 20140511 0.00014121 3.7768e-10 TSX
20130115 20130721 5.1408e-05 5.152e-10 TSX
20130126 20130823 6.4042e-05 5.2494e-10 TSX
20130131 20130429 -3.3454e-05 6.7795e-10 TSX
20130203 20130729 0.00028029 5.2308e-10 TSX
20130211 20130919 0.00019246 4.9545e-10 TSX
20130228 20141209 0.00013805 3.2667e-10 TSX
20130311 20130801 0.00020206 5.6843e-10 TSX
20130316 20130623 2.9228e-05 6.5606e-10 TSX
20130402 20150122 0.0001582 3.6584e-10 TSX
20130407 20140530 7.0697e-05 3.811e-10 TSX
20130421 20171016 9.1189e-05 3.2763e-10 TSX
20130424 20130721 1.1306e-05 6.6401e-10 TSX
20130429 20130623 -1.4094e-05 7.5405e-10 TSX
20130505 20131028 -0.00041483 6.3762e-10 TSX
20130513 20151112 0.00023459 4.4282e-10 TSX
20130516 20131017 0.00045039 6.6193e-10 TSX
20130521 20130715 0.00025905 7.5407e-10 TSX
20130524 20171129 7.6539e-05 4.4793e-10 TSX
20130527 20140627 0.00012245 3.8421e-10 TSX
20130601 20130930 0.00035031 6.1696e-10 TSX
20130604 20141217 0.00017341 3.73e-10 TSX
20130607 20140719 0.00019798 3.8013e-10 TSX
20130612 20150105 0.00012877 3.6776e-10 TSX
20130615 20160106 0.00016995 4.6865e-10 TSX
20130618 20140708 0.0001457 3.8847e-10 TSX
20130623 20130715 0.00066794 8.6149e-10 TSX
20130629 20130914 0.0003927 6.9748e-10 TSX
20130707 20150130 0.0001229 3.8595e-10 TSX
20130710 20140901 0.0001383 3.7747e-10 TSX
20130715 20130726 -0.002305 1.0105e-09 TSX
20130721 20131108 0.00068127 6.6711e-10 TSX
20130726 20150517 4.7933e-05 3.6562e-10 TSX
20130729 20160904 0.00020031 4.2147e-10 TSX
20130801 20151115 4.4731e-05 4.0999e-10 TSX
20130817 20140209 0.00014354 5.4095e-10 TSX
20130828 20150312 8.2483e-05 3.7119e-10 TSX
20130903 20150329 -1.4451e-05 3.9422e-10 TSX
20130919 20160309 -2.7167e-05 3.642e-10 TSX
20130925 20140708 0.00014219 4.5785e-10 TSX
20130930 20160411 0.00018692 3.3425e-10 TSX
20131011 20150802 5.1241e-05 3.7724e-10 TSX
20131017 20140719 -8.7684e-06 4.5612e-10 TSX
20131028 20160304 3.7544e-05 3.1506e-10 TSX
20131102 20140519 -0.00020206 5.1708e-10 TSX
20131108 20140708 3.7161e-05 4.7814e-10 TSX
20140209 20160309 0.00015658 3.658e-10 TSX
20140223 20140829 0.00019777 5.1107e-10 TSX
20140408 20140705 5.4342e-05 6.6125e-10 TSX
20140419 20170913 8.9571e-05 4.0648e-10 TSX
20140511 20141228 0.00026149 4.7022e-10 TSX
20140519 20150824 0.00019875 4.1467e-10 TSX
20140624 20171005 0.00024911 4.1831e-10 TSX
20140627 20151115 0.00020089 3.6804e-10 TSX
20140705 20180911 3.5977e-05 4.1108e-10 TSX
20140708 20160406 0.00011675 3.8111e-10 TSX
20140716 20171005 0.00015996 4.0302e-10 TSX
20140719 20151207 0.00017526 3.599e-10 TSX
20140727 20150326 0.00013028 4.6195e-10 TSX
20140810 20150122 8.5645e-05 5.4597e-10 TSX
20140818 20160301 0.00020969 3.7358e-10 TSX
20140829 20160208 0.00023714 4.5829e-10 TSX
20140901 20140912 -0.00030807 9.6734e-10 TSX
20140912 20141209 3.9502e-05 6.6401e-10 TSX
20140920 20170902 0.00013094 4.2203e-10 TSX
20141209 20160211 0.00015642 4.0841e-10 TSX
20141217 20160722 0.00021296 4.4595e-10 TSX
20141228 20160106 0.00025868 4.156e-10 TSX
20141231 20151024 0.00025316 4.4298e-10 TSX
20150105 20150824 0.00018324 5.1445e-10 TSX
20150108 20170811 -7.0276e-06 3.8545e-10 TSX
20150119 20160117 0.00027902 4.1202e-10 TSX
20150127 20160411 0.00018552 4.348e-10 TSX
20150130 20151112 0.00030898 4.6311e-10 TSX
20150210 20170114 0.00025907 4.4373e-10 TSX
20150213 20160326 5.2944e-05 4.5366e-10 TSX
20150218 20160216 0.00017623 4.2146e-10 TSX
20150221 20180112 0.00015901 4.2829e-10 TSX
20150304 20180911 8.0607e-05 4.538e-10 TSX
20150307 20160211 0.00022878 4.3779e-10 TSX
20150312 20160320 0.00015968 4.2866e-10 TSX
20150326 20150827 0.00036776 5.6462e-10 TSX
20150329 20151207 0.00022056 4.6125e-10 TSX
20150428 20160425 0.00030771 4.6113e-10 TSX
20150509 20150827 0.00036365 6.249e-10 TSX
20150517 20150824 0.00033379 6.612e-10 TSX
20150520 20180911 0.0001803 4.2543e-10 TSX
20150714 20170822 0.00010732 3.8246e-10 TSX
20150725 20170924 0.0001275 4.4795e-10 TSX
20150802 20160309 0.00014587 5.2208e-10 TSX
20150805 20160403 0.00020347 5.0019e-10 TSX
20150816 20171107 0.00025274 4.5133e-10 TSX
20150824 20150915 0.00079604 8.614e-10 TSX
20150827 20170902 0.00026001 4.5804e-10 TSX
20150915 20160216 -0.0001012 5.765e-10 TSX
20151021 20160904 0.00018392 5.0913e-10 TSX
20151101 20171016 0.00021099 4.1002e-10 TSX
20151112 20160425 9.9653e-05 5.5015e-10 TSX
20151115 20151229 0.00019874 7.7308e-10 TSX
20151123 20171221 3.2196e-05 4.0453e-10 TSX
20151204 20151215 0.00017489 9.7738e-10 TSX
20151207 20160406 -1.0041e-06 6.0212e-10 TSX
20151215 20170822 0.00028355 4.705e-10 TSX
20151226 20161223 0.00028832 4.5856e-10 TSX
20151229 20160211 1.3189e-05 7.7308e-10 TSX
20160106 20161223 0.00029963 4.4016e-10 TSX
20160117 20160926 0.00031711 4.8613e-10 TSX
20160128 20160301 -0.00018999 8.0617e-10 TSX
20160208 20160312 -6.4068e-05 8.0617e-10 TSX
20160216 20160309 -0.00040109 8.614e-10 TSX
20160219 20180319 0.00019232 4.5739e-10 TSX
20160301 20161201 0.00040363 4.5127e-10 TSX
20160304 20160326 -3.0774e-06 8.483e-10 TSX
20160312 20180319 0.00017041 4.6131e-10 TSX
20160320 20160411 0.00041866 8.614e-10 TSX
20160323 20171118 0.0002663 4.2171e-10 TSX
20160326 20160406 -0.00050149 9.6727e-10 TSX
20160403 20171027 0.00030042 4.5963e-10 TSX
20160425 20170811 0.00032151 4.3859e-10 TSX
20160528 20160630 9.5495e-05 8.0617e-10 TSX
20160630 20171118 0.00027229 4.2449e-10 TSX
20160722 20161201 0.00042374 5.8131e-10 TSX
20160904 20180707 9.3374e-05 3.92e-10 TSX
20160915 20180911 9.9382e-05 3.8041e-10 TSX
20160926 20170114 8.7195e-05 6.1801e-10 TSX
20161201 20171027 0.00019178 4.3737e-10 TSX
20161223 20171107 0.00016462 4.6243e-10 TSX
20170114 20170902 0.00022879 5.3187e-10 TSX
20170811 20171005 -1.9981e-05 7.4113e-10 TSX
20170822 20180707 -8.8556e-05 4.1366e-10 TSX
20170913 20180707 -0.00016686 4.3122e-10 TSX
20170924 20180319 -0.00013479 5.2318e-10 TSX
20171005 20171107 7.3439e-05 8.0617e-10 TSX
20171016 20180319 -0.00012802 5.5007e-10 TSX
20171027 20180911 -4.7936e-05 4.1373e-10 TSX
20171107 20171118 8.807e-05 9.7738e-10 TSX
20171118 20171129 4.6487e-05 9.7738e-10 TSX
20171129 20171221 2.0446e-06 8.5023e-10 TSX
20171210 20180820 -6.4682e-05 4.5339e-10 TSX
20171221 20180911 -8.2674e-05 4.4575e-10 TSX
20180112 20181003 4.9374e-05 4.4594e-10 TSX
20180319 20180707 -0.00011079 6.1797e-10 TSX
20180707 20180911 0.00037577 7.1238e-10 TSX
20180729 20181003 0.00011708 7.1238e-10 TSX
20180820 20181003 0.00017146 7.721e-10 TSX
20180911 20181003 -0.00019746 8.5024e-10 TSX
