20030427 20030914 0.00019158 5.655e-10 ERS2
20030914 20080629 3.8217e-05 2.7839e-10 ERS2
20050918 20090510 -8.7474e-07 3.0011e-10 ERS2
20051127 20081116 0.00012832 3.0065e-10 ERS2
20060903 20090510 -2.1397e-05 3.1703e-10 ERS2
20061231 20090105 -3.4535e-05 3.1589e-10 ALOS
20070402 20070703 8.5574e-05 6.6677e-10 ALOS
20070518 20091008 1.2147e-06 3.206e-10 ALOS
20070818 20071003 -0.0004452 7.7703e-10 ALOS
20071217 20100509 -6.773e-06 3.0668e-10 ALOS
20080103 20100526 5.6363e-06 3.2301e-10 ALOS
20080404 20080520 9.577e-06 7.7728e-10 ALOS
20080618 20090921 -5.8793e-05 3.7388e-10 ALOS
20080629 20090510 0.00049837 4.1402e-10 ERS2
20080705 20091008 5.3513e-05 3.6594e-10 ALOS
20080803 20090823 -3.9741e-05 3.8282e-10 ERS2
20081116 20090823 -0.000134 4.3241e-10 ERS2
20081219 20090921 0.00015191 4.5067e-10 ALOS
20090105 20090708 0.00016188 5.2876e-10 ALOS
20090510 20091101 0.00041843 5.2088e-10 ERS2
20090708 20091008 0.0003992 6.673e-10 ALOS
20090823 20091101 -0.00053915 6.9882e-10 ERS2
20091222 20100624 0.0002578 5.2744e-10 ALOS
20100108 20100223 0.00044041 7.7797e-10 ALOS
20100223 20100526 0.00021829 6.6855e-10 ALOS
20100410 20100711 -3.8291e-05 6.671e-10 ALOS
20100509 20100624 0.00059609 7.7485e-10 ALOS
20100526 20100711 0.00044283 7.7702e-10 ALOS
20100624 20101109 -2.9994e-05 5.8408e-10 ALOS
20100711 20101011 -0.0002335 6.6668e-10 ALOS
20100809 20101109 5.9154e-05 6.6382e-10 ALOS
20101011 20101126 0.00029156 7.7699e-10 ALOS
20110111 20110226 0.00063535 7.7699e-10 ALOS
20110924 20130715 1.762e-06 3.2236e-10 TSX
20111005 20121229 2.8496e-05 3.6887e-10 TSX
20111121 20171221 -1.081e-05 2.3696e-10 TSX
20111221 20130131 8.2046e-06 3.8589e-10 TSX
20111224 20121027 2.7068e-05 4.1933e-10 TSX
20120126 20140419 -3.8569e-08 2.907e-10 TSX
20120203 20160320 4.1298e-06 2.5299e-10 TSX
20120206 20171107 3.8612e-06 2.6312e-10 TSX
20120617 20171129 -4.1299e-06 2.5183e-10 TSX
20120723 20160120 2.6443e-05 2.7895e-10 TSX
20121024 20130109 -9.019e-06 7.025e-10 TSX
20121027 20151226 -1.4099e-05 2.8244e-10 TSX
20121030 20130311 4.9197e-05 5.8471e-10 TSX
20121107 20171118 -8.1964e-06 2.5128e-10 TSX
20121221 20160208 -3.3142e-07 2.7497e-10 TSX
20121224 20130516 -1.1803e-05 5.6853e-10 TSX
20121229 20130407 -6.9523e-06 6.564e-10 TSX
20130104 20130217 8.1061e-05 7.745e-10 TSX
20130109 20130715 3.2605e-05 5.3011e-10 TSX
20130112 20140511 4.0148e-06 3.5256e-10 TSX
20130115 20130721 3.3844e-05 5.1406e-10 TSX
20130126 20130823 3.4023e-05 5.3378e-10 TSX
20130131 20130429 9.0213e-05 6.7845e-10 TSX
20130203 20130729 -1.5754e-06 5.231e-10 TSX
20130211 20130919 -4.8487e-05 4.9608e-10 TSX
20130228 20141209 1.239e-05 3.1259e-10 TSX
20130311 20130801 -6.0778e-05 5.6849e-10 TSX
20130316 20130623 7.5095e-05 6.5641e-10 TSX
20130402 20150122 -0.00018372 3.8879e-10 TSX
20130407 20140530 2.9407e-05 3.8159e-10 TSX
20130421 20171016 -3.852e-06 2.5984e-10 TSX
20130424 20130721 -4.8294e-05 6.6422e-10 TSX
20130429 20130623 -6.7437e-05 7.5566e-10 TSX
20130505 20131028 -2.5512e-05 5.7619e-10 TSX
20130513 20151112 1.6479e-05 2.9107e-10 TSX
20130516 20131017 -0.00017058 5.8039e-10 TSX
20130521 20130715 1.8919e-05 7.557e-10 TSX
20130524 20171129 1.0571e-05 2.5921e-10 TSX
20130527 20140627 2.0403e-05 3.8284e-10 TSX
20130601 20130930 -6.209e-05 6.1718e-10 TSX
20130604 20141217 3.6127e-06 3.3933e-10 TSX
20130607 20140719 5.6396e-06 3.7897e-10 TSX
20130612 20150105 9.1833e-06 3.3687e-10 TSX
20130615 20160106 1.9497e-05 2.9572e-10 TSX
20130618 20140708 -2.5134e-05 3.8733e-10 TSX
20130623 20130715 0.00057108 8.6495e-10 TSX
20130629 20130914 2.7477e-05 7.0256e-10 TSX
20130707 20150130 1.3916e-05 3.3613e-10 TSX
20130710 20140901 -2.3544e-05 3.7557e-10 TSX
20130715 20130726 -0.0024024 1.0144e-09 TSX
20130721 20131108 -7.5395e-05 6.4867e-10 TSX
20130726 20150517 5.9219e-05 3.2112e-10 TSX
20130729 20160904 -1.2963e-05 2.7177e-10 TSX
20130801 20151115 2.5398e-05 2.8805e-10 TSX
20130817 20140209 3.212e-05 5.4118e-10 TSX
20130828 20150312 -2.541e-05 3.3891e-10 TSX
20130903 20150329 4.1919e-05 4.1677e-10 TSX
20130919 20160309 2.679e-05 2.7794e-10 TSX
20130925 20140708 -7.4494e-05 4.7344e-10 TSX
20130930 20160411 1.9163e-05 2.7586e-10 TSX
20131011 20150802 -1.4394e-05 3.2546e-10 TSX
20131017 20140719 7.1417e-05 4.7547e-10 TSX
20131028 20160304 -9.9332e-05 2.7743e-10 TSX
20131102 20140519 6.6462e-05 5.1727e-10 TSX
20131108 20140708 -0.00023382 5.1078e-10 TSX
20140209 20160309 3.0974e-06 3.0929e-10 TSX
20140223 20140829 -2.7011e-06 5.1104e-10 TSX
20140408 20140705 9.3177e-06 6.6137e-10 TSX
20140419 20170913 7.8489e-06 2.6939e-10 TSX
20140511 20141228 1.4892e-05 4.7026e-10 TSX
20140519 20150824 2.1594e-05 3.6547e-10 TSX
20140624 20171005 -4.0525e-06 2.7165e-10 TSX
20140627 20151115 -1.9693e-05 3.4211e-10 TSX
20140705 20180911 -7.6726e-06 2.7331e-10 TSX
20140708 20160406 3.3601e-05 3.1403e-10 TSX
20140716 20171005 1.4393e-06 2.6353e-10 TSX
20140719 20151207 -9.8091e-06 3.4069e-10 TSX
20140727 20150326 -1.3003e-05 4.6168e-10 TSX
20140810 20150122 8.586e-05 5.531e-10 TSX
20140818 20160301 1.0141e-06 3.3059e-10 TSX
20140829 20160208 -7.1931e-07 3.3865e-10 TSX
20140901 20140912 -0.00026218 9.7042e-10 TSX
20140912 20141209 -1.0321e-05 6.6421e-10 TSX
20140920 20170902 1.8111e-05 2.859e-10 TSX
20141209 20160211 -1.8818e-05 3.6398e-10 TSX
20141217 20160722 1.5212e-05 3.2018e-10 TSX
20141228 20160106 2.2619e-05 3.8294e-10 TSX
20141231 20151024 -4.0561e-05 4.2549e-10 TSX
20150105 20150824 -1.1041e-06 4.8677e-10 TSX
20150108 20170811 3.1743e-05 2.8953e-10 TSX
20150119 20160117 1.6357e-05 3.872e-10 TSX
20150127 20160411 -1.585e-06 3.7167e-10 TSX
20150130 20151112 1.8523e-05 4.2846e-10 TSX
20150210 20170114 1.5275e-05 3.083e-10 TSX
20150213 20160326 -6.6923e-05 4.3733e-10 TSX
20150218 20160216 -3.8115e-05 4.0287e-10 TSX
20150221 20180112 3.4347e-05 3.0632e-10 TSX
20150304 20180911 4.4627e-06 2.733e-10 TSX
20150307 20160211 -2.9142e-05 4.0068e-10 TSX
20150312 20160320 7.5155e-06 3.9788e-10 TSX
20150326 20150827 3.4701e-05 5.5026e-10 TSX
20150329 20151207 -5.9843e-05 4.5515e-10 TSX
20150428 20160425 1.7381e-05 3.8722e-10 TSX
20150509 20150827 3.4927e-05 6.1845e-10 TSX
20150517 20150824 -0.00025311 6.5691e-10 TSX
20150520 20180911 -3.4544e-06 2.6847e-10 TSX
20150714 20170822 2.9072e-05 2.94e-10 TSX
20150725 20170924 2.4082e-05 2.9185e-10 TSX
20150802 20160309 2.5196e-05 4.9611e-10 TSX
20150805 20160403 -4.7741e-05 4.6197e-10 TSX
20150816 20171107 1.132e-05 2.918e-10 TSX
20150824 20150915 0.00047744 8.6486e-10 TSX
20150827 20170902 1.5153e-05 2.9978e-10 TSX
20150915 20160216 7.4498e-05 5.6837e-10 TSX
20151021 20160904 -2.2034e-05 4.1274e-10 TSX
20151101 20171016 1.5993e-05 2.9779e-10 TSX
20151112 20160425 -2.0229e-05 5.3609e-10 TSX
20151115 20151229 0.00010765 7.745e-10 TSX
20151123 20171221 1.6541e-05 2.966e-10 TSX
20151204 20151215 0.0001603 9.8042e-10 TSX
20151207 20160406 -1.5014e-05 6.0222e-10 TSX
20151215 20170822 1.6842e-05 3.1516e-10 TSX
20151226 20161223 6.2754e-06 3.9441e-10 TSX
20151229 20160211 1.3402e-05 7.745e-10 TSX
20160106 20161223 -2.0625e-06 3.9907e-10 TSX
20160117 20160926 2.022e-05 4.5298e-10 TSX
20160128 20160301 -0.00012801 8.0818e-10 TSX
20160208 20160312 -7.6717e-05 8.0818e-10 TSX
20160216 20160309 -0.00027838 8.6486e-10 TSX
20160219 20180319 2.7606e-06 2.9576e-10 TSX
20160301 20161201 3.8346e-05 4.3822e-10 TSX
20160304 20160326 9.7999e-06 8.5092e-10 TSX
20160312 20180319 8.9738e-06 2.9797e-10 TSX
20160320 20160411 0.00036512 8.6487e-10 TSX
20160323 20171118 7.6532e-06 3.184e-10 TSX
20160326 20160406 -0.00047659 9.7034e-10 TSX
20160403 20171027 3.3214e-05 3.2067e-10 TSX
20160425 20170811 4.3848e-05 3.4725e-10 TSX
20160528 20160630 -2.2713e-05 8.0818e-10 TSX
20160630 20171118 2.8309e-05 3.3829e-10 TSX
20160722 20161201 7.6345e-05 5.8129e-10 TSX
20160904 20180707 1.2706e-05 3.224e-10 TSX
20160915 20180911 4.0392e-06 3.0352e-10 TSX
20160926 20170114 7.2799e-06 6.1796e-10 TSX
20161201 20171027 -5.6889e-07 4.0633e-10 TSX
20161223 20171107 1.5626e-07 4.0906e-10 TSX
20170114 20170902 2.8303e-05 4.6878e-10 TSX
20170811 20171005 -3.9195e-05 7.4203e-10 TSX
20170822 20180707 -1.2262e-05 4.1369e-10 TSX
20170913 20180707 -3.4031e-05 4.2458e-10 TSX
20170924 20180319 -2.7731e-05 5.2317e-10 TSX
20171005 20171107 6.7513e-05 8.0818e-10 TSX
20171016 20180319 -3.9292e-06 5.5011e-10 TSX
20171027 20180911 -9.142e-06 4.1392e-10 TSX
20171107 20171118 7.4423e-05 9.8042e-10 TSX
20171118 20171129 5.5052e-05 9.8042e-10 TSX
20171129 20171221 -1.3176e-05 8.5283e-10 TSX
20171210 20180820 -1.8055e-05 4.5341e-10 TSX
20171221 20180911 -2.892e-05 4.4554e-10 TSX
20180112 20181003 1.1827e-05 4.4553e-10 TSX
20180319 20180707 -5.0692e-05 6.1797e-10 TSX
20180707 20180911 0.00010989 7.1291e-10 TSX
20180729 20181003 5.4461e-05 7.1291e-10 TSX
20180820 20181003 0.00011476 7.7351e-10 TSX
20180911 20181003 -0.0001141 8.5283e-10 TSX
