20030427 20030914 -0.00065196 5.7308e-10 ERS2
20030914 20080629 0.00011675 2.6523e-10 ERS2
20050918 20090510 4.7637e-06 3.0114e-10 ERS2
20051127 20081116 -1.3873e-07 3.0701e-10 ERS2
20060903 20090510 -2.6763e-05 3.0293e-10 ERS2
20061231 20090105 -1.7263e-05 3.1574e-10 ALOS
20070402 20070703 -0.00010793 6.7922e-10 ALOS
20070518 20091008 -2.5426e-05 3.0125e-10 ALOS
20070818 20071003 -0.00043625 7.8839e-10 ALOS
20071217 20100509 -5.2873e-05 3.0275e-10 ALOS
20080103 20100526 -7.8558e-05 3.0144e-10 ALOS
20080404 20080520 -5.713e-05 7.884e-10 ALOS
20080618 20090921 -6.7567e-05 3.7377e-10 ALOS
20080629 20090510 3.7563e-05 4.1541e-10 ERS2
20080705 20091008 -2.6632e-05 3.6521e-10 ALOS
20080803 20090823 9.5035e-05 3.8338e-10 ERS2
20081116 20090823 7.7678e-05 4.3376e-10 ERS2
20081219 20090921 0.00032853 4.4794e-10 ALOS
20090105 20090708 -1.9125e-05 5.3328e-10 ALOS
20090510 20091101 -0.00052443 5.2559e-10 ERS2
20090708 20091008 0.00037045 6.7941e-10 ALOS
20090823 20091101 0.00071802 7.1219e-10 ERS2
20091222 20100624 1.0133e-05 5.3053e-10 ALOS
20100108 20100223 0.00017024 7.8841e-10 ALOS
20100223 20100526 -6.6957e-05 6.7931e-10 ALOS
20100410 20100711 -7.4568e-05 6.7922e-10 ALOS
20100509 20100624 0.00074509 7.8627e-10 ALOS
20100526 20100711 0.00041614 7.8841e-10 ALOS
20100624 20101109 -8.3404e-05 5.9244e-10 ALOS
20100711 20101011 -0.00011123 6.7922e-10 ALOS
20100809 20101109 -7.4788e-05 6.7622e-10 ALOS
20101011 20101126 0.000199 7.8841e-10 ALOS
20110111 20110226 0.00066775 7.8839e-10 ALOS
20110924 20130715 2.7774e-05 3.2396e-10 TSX
20111005 20121229 5.9678e-07 3.6934e-10 TSX
20111121 20171221 -2.2648e-05 2.3443e-10 TSX
20111221 20130131 -2.7607e-05 3.8595e-10 TSX
20111224 20121027 1.5004e-05 4.2112e-10 TSX
20120126 20140419 5.6612e-06 2.9057e-10 TSX
20120203 20160320 -2.361e-05 2.4091e-10 TSX
20120206 20171107 -2.0201e-05 2.3798e-10 TSX
20120617 20171129 -3.0224e-05 2.365e-10 TSX
20120723 20160120 5.5151e-07 2.6244e-10 TSX
20121024 20130109 0.00010076 7.1589e-10 TSX
20121027 20151226 -6.7003e-06 2.6326e-10 TSX
20121030 20130311 -2.5289e-05 5.9291e-10 TSX
20121107 20171118 -2.5452e-05 2.4176e-10 TSX
20121221 20160208 -2.1078e-05 2.6349e-10 TSX
20121224 20130516 -3.5149e-05 5.7583e-10 TSX
20121229 20130407 -4.3982e-05 6.6884e-10 TSX
20130104 20130217 -3.9951e-05 7.856e-10 TSX
20130109 20130715 0.00010577 5.3346e-10 TSX
20130112 20140511 2.0792e-05 3.5337e-10 TSX
20130115 20130721 -8.5839e-05 5.1831e-10 TSX
20130126 20130823 -3.7742e-05 4.9489e-10 TSX
20130131 20130429 5.0397e-05 6.9164e-10 TSX
20130203 20130729 -7.8398e-06 5.2844e-10 TSX
20130211 20130919 2.7318e-05 4.994e-10 TSX
20130228 20141209 3.1257e-05 3.1249e-10 TSX
20130311 20130801 -6.7948e-06 5.7576e-10 TSX
20130316 20130623 -1.7e-05 6.6885e-10 TSX
20130402 20150122 -1.0273e-05 2.9021e-10 TSX
20130407 20140530 1.5263e-05 3.8135e-10 TSX
20130421 20171016 -2.3369e-05 2.4466e-10 TSX
20130424 20130721 -0.0001586 6.7628e-10 TSX
20130429 20130623 -0.00011217 7.6835e-10 TSX
20130505 20131028 -0.00039114 5.3098e-10 TSX
20130513 20151112 7.0526e-06 2.7814e-10 TSX
20130516 20131017 -8.3784e-05 5.596e-10 TSX
20130521 20130715 0.00029901 7.6838e-10 TSX
20130524 20171129 -1.4575e-05 2.4396e-10 TSX
20130527 20140627 1.9352e-05 3.8526e-10 TSX
20130601 20130930 0.00012949 6.2761e-10 TSX
20130604 20141217 -4.2301e-06 3.3638e-10 TSX
20130607 20140719 5.6517e-05 3.8222e-10 TSX
20130612 20150105 -7.8664e-06 3.3779e-10 TSX
20130615 20160106 -1.3787e-05 2.7724e-10 TSX
20130618 20140708 8.0981e-05 3.8962e-10 TSX
20130623 20130715 0.00065919 8.71e-10 TSX
20130629 20130914 0.00014754 7.013e-10 TSX
20130707 20150130 -2.699e-07 3.3691e-10 TSX
20130710 20140901 7.8104e-06 3.7876e-10 TSX
20130715 20130726 -0.0023352 1.0182e-09 TSX
20130721 20131108 0.00067556 6.3134e-10 TSX
20130726 20150517 -6.1682e-05 3.2258e-10 TSX
20130729 20160904 -1.9934e-06 2.6452e-10 TSX
20130801 20151115 1.5239e-05 2.8568e-10 TSX
20130817 20140209 -4.8115e-05 5.4679e-10 TSX
20130828 20150312 -1.1342e-05 3.3993e-10 TSX
20130903 20150329 -0.00013756 3.1106e-10 TSX
20130919 20160309 -9.1328e-06 2.7716e-10 TSX
20130925 20140708 6.78e-05 4.3271e-10 TSX
20130930 20160411 -3.8314e-05 2.7206e-10 TSX
20131011 20150802 -3.1512e-06 3.1902e-10 TSX
20131017 20140719 -6.5833e-05 4.4033e-10 TSX
20131028 20160304 -7.2092e-05 2.6077e-10 TSX
20131102 20140519 4.1375e-05 5.216e-10 TSX
20131108 20140708 4.6655e-05 4.6506e-10 TSX
20140209 20160309 1.1879e-05 3.0616e-10 TSX
20140223 20140829 3.4065e-05 5.1574e-10 TSX
20140408 20140705 -6.521e-07 6.7459e-10 TSX
20140419 20170913 -2.0264e-05 2.5666e-10 TSX
20140511 20141228 3.0525e-07 4.7273e-10 TSX
20140519 20150824 -3.8173e-05 3.6498e-10 TSX
20140624 20171005 -2.7039e-05 2.5689e-10 TSX
20140627 20151115 -3.243e-05 3.3984e-10 TSX
20140705 20180911 -2.0931e-05 2.4729e-10 TSX
20140708 20160406 -2.1577e-05 3.1037e-10 TSX
20140716 20171005 -2.6602e-05 2.5916e-10 TSX
20140719 20151207 -3.5015e-06 3.397e-10 TSX
20140727 20150326 -1.7942e-05 4.6396e-10 TSX
20140810 20150122 6.7381e-06 5.4484e-10 TSX
20140818 20160301 -8.9966e-06 3.2536e-10 TSX
20140829 20160208 -1.6021e-05 3.3094e-10 TSX
20140901 20140912 -0.00026123 9.7446e-10 TSX
20140912 20141209 -6.4545e-05 6.7627e-10 TSX
20140920 20170902 -2.0766e-05 2.6285e-10 TSX
20141209 20160211 -4.8535e-05 3.6429e-10 TSX
20141217 20160722 -2.5903e-06 3.1993e-10 TSX
20141228 20160106 -3.6417e-05 3.8252e-10 TSX
20141231 20151024 2.2008e-06 4.262e-10 TSX
20150105 20150824 -3.0417e-05 4.891e-10 TSX
20150108 20170811 -4.7417e-05 2.7196e-10 TSX
20150119 20160117 2.3378e-05 3.8785e-10 TSX
20150127 20160411 -3.6261e-05 3.7204e-10 TSX
20150130 20151112 -7.3514e-06 4.298e-10 TSX
20150210 20170114 -2.9695e-05 2.9899e-10 TSX
20150213 20160326 1.1924e-05 3.6771e-10 TSX
20150218 20160216 -5.6822e-06 4.0355e-10 TSX
20150221 20180112 2.6001e-06 2.5843e-10 TSX
20150304 20180911 -2.3844e-05 2.4869e-10 TSX
20150307 20160211 1.7139e-05 4.0175e-10 TSX
20150312 20160320 -6.8748e-05 3.9855e-10 TSX
20150326 20150827 -3.6527e-06 5.5652e-10 TSX
20150329 20151207 -1.0069e-05 4.5686e-10 TSX
20150428 20160425 -9.1706e-06 3.874e-10 TSX
20150509 20150827 5.6602e-05 6.29e-10 TSX
20150517 20150824 -2.9689e-05 6.6885e-10 TSX
20150520 20180911 -1.0241e-05 2.5506e-10 TSX
20150714 20170822 -1.466e-05 2.9003e-10 TSX
20150725 20170924 -1.3704e-05 2.8777e-10 TSX
20150802 20160309 -9.1377e-05 4.9941e-10 TSX
20150805 20160403 2.3418e-05 4.6352e-10 TSX
20150816 20171107 -3.3193e-05 2.8626e-10 TSX
20150824 20150915 0.00062758 8.7089e-10 TSX
20150827 20170902 -2.8239e-05 2.9428e-10 TSX
20150915 20160216 -6.0141e-05 5.757e-10 TSX
20151021 20160904 2.2829e-05 4.1368e-10 TSX
20151101 20171016 -4.1936e-05 2.9795e-10 TSX
20151112 20160425 -3.6579e-05 5.4212e-10 TSX
20151115 20151229 0.00013154 7.856e-10 TSX
20151123 20171221 -2.8976e-05 2.9247e-10 TSX
20151204 20151215 0.00014727 9.8581e-10 TSX
20151207 20160406 -9.3544e-05 6.1139e-10 TSX
20151215 20170822 -2.8556e-05 3.1618e-10 TSX
20151226 20161223 -4.032e-06 3.9474e-10 TSX
20151229 20160211 3.6148e-05 7.856e-10 TSX
20160106 20161223 3.1565e-05 3.9943e-10 TSX
20160117 20160926 -8.212e-06 4.5501e-10 TSX
20160128 20160301 -0.00017668 8.1864e-10 TSX
20160208 20160312 -9.2486e-05 8.1864e-10 TSX
20160216 20160309 -0.00037793 8.7089e-10 TSX
20160219 20180319 -1.6793e-05 2.9357e-10 TSX
20160301 20161201 -6.4256e-06 4.4047e-10 TSX
20160304 20160326 3.0839e-05 8.5726e-10 TSX
20160312 20180319 -8.0199e-06 2.9511e-10 TSX
20160320 20160411 0.00039323 8.709e-10 TSX
20160323 20171118 -2.6924e-05 3.1785e-10 TSX
20160326 20160406 -0.0005256 9.7439e-10 TSX
20160403 20171027 -6.4094e-06 3.2311e-10 TSX
20160425 20170811 -3.6786e-05 3.4742e-10 TSX
20160528 20160630 -8.4312e-06 8.1864e-10 TSX
20160630 20171118 -1.482e-05 3.3959e-10 TSX
20160722 20161201 -2.4773e-05 5.9011e-10 TSX
20160904 20180707 -2.7569e-05 3.2415e-10 TSX
20160915 20180911 -1.37e-05 2.9927e-10 TSX
20160926 20170114 -4.0984e-05 6.2903e-10 TSX
20161201 20171027 -1.4764e-05 4.0851e-10 TSX
20161223 20171107 -4.2128e-05 4.0976e-10 TSX
20170114 20170902 3.7159e-05 4.7123e-10 TSX
20170811 20171005 -2.268e-05 7.5588e-10 TSX
20170822 20180707 4.1827e-05 4.1531e-10 TSX
20170913 20180707 2.7577e-05 4.2682e-10 TSX
20170924 20180319 6.6922e-05 5.285e-10 TSX
20171005 20171107 1.8716e-05 8.1864e-10 TSX
20171016 20180319 6.1705e-05 5.5695e-10 TSX
20171027 20180911 2.3953e-05 4.154e-10 TSX
20171107 20171118 7.5381e-05 9.8581e-10 TSX
20171118 20171129 5.4637e-05 9.8581e-10 TSX
20171129 20171221 1.8257e-06 8.606e-10 TSX
20171210 20180820 5.0069e-05 4.5553e-10 TSX
20171221 20180911 1.5331e-06 4.4758e-10 TSX
20180112 20181003 7.2464e-06 4.4749e-10 TSX
20180319 20180707 -8.3606e-06 6.2904e-10 TSX
20180707 20180911 0.0001325 7.2714e-10 TSX
20180729 20181003 5.5432e-05 7.2714e-10 TSX
20180820 20181003 0.0001374 7.8611e-10 TSX
20180911 20181003 -0.00016561 8.6061e-10 TSX
