20030427 20030914 0.00025662 6.8693e-10 ERS2
20030914 20080629 -0.00013656 4.2498e-10 ERS2
20050918 20090510 -4.3212e-05 4.5738e-10 ERS2
20051127 20081116 -2.1363e-05 4.8039e-10 ERS2
20060903 20090510 -5.5498e-07 4.8768e-10 ERS2
20061231 20090105 1.4118e-05 4.2828e-10 ALOS
20070402 20070703 -0.00025777 7.4731e-10 ALOS
20070518 20091008 -0.00052622 4.1966e-10 ALOS
20070818 20071003 -0.00034282 8.2097e-10 ALOS
20071217 20100509 -0.0001642 4.834e-10 ALOS
20080103 20100526 0.00014937 4.0556e-10 ALOS
20080404 20080520 -8.5719e-05 8.2041e-10 ALOS
20080618 20090921 -0.00016356 4.8017e-10 ALOS
20080629 20090510 -0.00051567 5.4922e-10 ERS2
20080705 20091008 -1.1073e-05 4.8723e-10 ALOS
20080803 20090823 -8.1678e-05 5.3232e-10 ERS2
20081116 20090823 -5.553e-05 5.9631e-10 ERS2
20081219 20090921 0.00061464 5.6299e-10 ALOS
20090105 20090708 0.0003402 6.4852e-10 ALOS
20090510 20091101 8.0162e-05 6.626e-10 ERS2
20090708 20091008 0.00096398 7.4886e-10 ALOS
20090823 20091101 -0.00024639 7.8168e-10 ERS2
20091222 20100624 0.00048335 6.2818e-10 ALOS
20100108 20100223 0.00046104 8.2061e-10 ALOS
20100223 20100526 -0.00051802 7.4628e-10 ALOS
20100410 20100711 -0.00021052 7.4614e-10 ALOS
20100509 20100624 0.00093585 8.1886e-10 ALOS
20100526 20100711 0.00067122 8.2145e-10 ALOS
20100624 20101109 0.00022512 6.8852e-10 ALOS
20100711 20101011 0.00021 7.5036e-10 ALOS
20100809 20101109 2.5125e-05 7.4421e-10 ALOS
20101011 20101126 0.00023421 8.2095e-10 ALOS
20110111 20110226 0.00079147 8.2049e-10 ALOS
20110924 20130715 0.00012428 4.257e-10 TSX
20111005 20121229 -0.00014986 5.2171e-10 TSX
20111121 20171221 4.538e-06 5.736e-10 TSX
20111221 20130131 -5.9278e-05 4.9208e-10 TSX
20111224 20121027 -5.9298e-05 5.6322e-10 TSX
20120126 20140419 -1.0325e-05 6.3026e-10 TSX
20120203 20160320 -6.0376e-05 3.8642e-10 TSX
20120206 20171107 -6.9922e-07 6.381e-10 TSX
20120617 20171129 2.0283e-05 6.1251e-10 TSX
20120723 20160120 2.8643e-05 4.9902e-10 TSX
20121024 20130109 0.00016991 7.7289e-10 TSX
20121027 20151226 2.4662e-06 5.9962e-10 TSX
20121030 20130311 7.957e-05 6.8115e-10 TSX
20121107 20171118 -2.6328e-06 5.719e-10 TSX
20121221 20160208 1.5504e-05 6.3474e-10 TSX
20121224 20130516 -0.00017828 6.6741e-10 TSX
20121229 20130407 -7.4702e-05 7.397e-10 TSX
20130104 20130217 5.3223e-05 8.1772e-10 TSX
20130109 20130715 0.00024399 6.387e-10 TSX
20130112 20140511 1.6793e-05 6.5042e-10 TSX
20130115 20130721 -0.00031889 6.3314e-10 TSX
20130126 20130823 -3.3177e-05 6.7195e-10 TSX
20130131 20130429 -0.00015193 7.5596e-10 TSX
20130203 20130729 -1.762e-05 6.5008e-10 TSX
20130211 20130919 9.685e-05 6.0563e-10 TSX
20130228 20141209 7.5552e-05 4.7897e-10 TSX
20130311 20130801 -0.00013408 6.6951e-10 TSX
20130316 20130623 6.8695e-05 7.3971e-10 TSX
20130402 20150122 2.7144e-05 5.1104e-10 TSX
20130407 20140530 -2.4352e-05 4.907e-10 TSX
20130421 20171016 2.127e-05 5.9135e-10 TSX
20130424 20130721 -0.00040063 7.4377e-10 TSX
20130429 20130623 -5.5354e-05 8.0773e-10 TSX
20130505 20131028 -0.0014664 6.763e-10 TSX
20130513 20151112 2.6995e-05 6.3302e-10 TSX
20130516 20131017 -0.00014293 6.7814e-10 TSX
20130521 20130715 0.00035992 8.0777e-10 TSX
20130524 20171129 1.5577e-05 6.0345e-10 TSX
20130527 20140627 2.0618e-05 4.8799e-10 TSX
20130601 20130930 0.0004161 7.0881e-10 TSX
20130604 20141217 9.7135e-05 5.5044e-10 TSX
20130607 20140719 -4.4756e-05 4.8761e-10 TSX
20130612 20150105 -1.0666e-05 4.5868e-10 TSX
20130615 20160106 2.8865e-05 6.5213e-10 TSX
20130618 20140708 -4.6395e-05 5.0003e-10 TSX
20130623 20130715 0.0007681 8.837e-10 TSX
20130629 20130914 0.0004439 7.7077e-10 TSX
20130707 20150130 2.406e-05 6.3984e-10 TSX
20130710 20140901 3.6983e-05 5.2252e-10 TSX
20130715 20130726 -0.0025178 1.0254e-09 TSX
20130721 20131108 0.001498 7.3828e-10 TSX
20130726 20150517 7.444e-05 4.9302e-10 TSX
20130729 20160904 -2.5091e-05 5.9851e-10 TSX
20130801 20151115 0.00013921 4.5191e-10 TSX
20130817 20140209 -9.5865e-05 6.4529e-10 TSX
20130828 20150312 0.00018469 4.7024e-10 TSX
20130903 20150329 -8.2147e-05 4.4576e-10 TSX
20130919 20160309 9.927e-06 4.2418e-10 TSX
20130925 20140708 -0.00023977 6.0593e-10 TSX
20130930 20160411 -4.4046e-05 4.5596e-10 TSX
20131011 20150802 -1.8438e-06 4.5881e-10 TSX
20131017 20140719 1.7519e-05 6.5113e-10 TSX
20131028 20160304 6.2356e-05 4.8995e-10 TSX
20131102 20140519 -0.00040641 6.2246e-10 TSX
20131108 20140708 -0.00024019 6.3231e-10 TSX
20140209 20160309 0.00011932 4.6278e-10 TSX
20140223 20140829 8.03e-05 6.4122e-10 TSX
20140408 20140705 2.4724e-05 7.5336e-10 TSX
20140419 20170913 1.596e-05 6.4671e-10 TSX
20140511 20141228 8.8042e-05 6.4034e-10 TSX
20140519 20150824 0.00022498 4.9456e-10 TSX
20140624 20171005 2.1498e-06 5.4357e-10 TSX
20140627 20151115 5.7962e-05 5.1254e-10 TSX
20140705 20180911 1.3249e-05 6.0881e-10 TSX
20140708 20160406 0.00011189 4.5952e-10 TSX
20140716 20171005 -4.7895e-05 5.0574e-10 TSX
20140719 20151207 8.5445e-05 4.9169e-10 TSX
20140727 20150326 5.9959e-06 6.5913e-10 TSX
20140810 20150122 9.4335e-05 6.6417e-10 TSX
20140818 20160301 -2.4464e-05 5.513e-10 TSX
20140829 20160208 6.4933e-06 6.3349e-10 TSX
20140901 20140912 -0.00031546 9.8123e-10 TSX
20140912 20141209 0.00010331 7.4349e-10 TSX
20140920 20170902 1.2783e-05 6.0229e-10 TSX
20141209 20160211 -8.4004e-05 5.0085e-10 TSX
20141217 20160722 -1.0926e-05 5.9934e-10 TSX
20141228 20160106 -1.9558e-05 5.9849e-10 TSX
20141231 20151024 5.5774e-05 5.3766e-10 TSX
20150105 20150824 -0.0001066 5.8859e-10 TSX
20150108 20170811 -0.00010072 4.9148e-10 TSX
20150119 20160117 -8.7414e-06 6.0642e-10 TSX
20150127 20160411 5.435e-05 5.0844e-10 TSX
20150130 20151112 1.6949e-05 6.4736e-10 TSX
20150210 20170114 0.00024593 4.6687e-10 TSX
20150213 20160326 0.00017102 5.6975e-10 TSX
20150218 20160216 6.3954e-05 5.1702e-10 TSX
20150221 20180112 1.8645e-05 6.141e-10 TSX
20150304 20180911 2.4922e-05 5.2369e-10 TSX
20150307 20160211 -1.3028e-05 5.2762e-10 TSX
20150312 20160320 -0.00030709 5.093e-10 TSX
20150326 20150827 -9.2085e-07 6.8791e-10 TSX
20150329 20151207 5.3693e-05 5.6245e-10 TSX
20150428 20160425 -3.1751e-05 5.4462e-10 TSX
20150509 20150827 2.9875e-05 7.2548e-10 TSX
20150517 20150824 9.5074e-06 7.3998e-10 TSX
20150520 20180911 -9.516e-07 6.2688e-10 TSX
20150714 20170822 -2.7396e-05 5.9706e-10 TSX
20150725 20170924 7.7802e-06 6.4778e-10 TSX
20150802 20160309 -3.3997e-05 6.1571e-10 TSX
20150805 20160403 -5.707e-05 5.9699e-10 TSX
20150816 20171107 6.2225e-06 6.1709e-10 TSX
20150824 20150915 0.00076984 8.8358e-10 TSX
20150827 20170902 -2.0896e-05 5.0978e-10 TSX
20150915 20160216 -0.00012939 6.7694e-10 TSX
20151021 20160904 -8.2397e-05 6.6613e-10 TSX
20151101 20171016 -1.907e-05 5.8609e-10 TSX
20151112 20160425 -7.1782e-05 6.594e-10 TSX
20151115 20151229 0.00012214 8.1772e-10 TSX
20151123 20171221 6.0735e-06 5.4603e-10 TSX
20151204 20151215 0.00016122 9.9218e-10 TSX
20151207 20160406 -0.00022584 6.9536e-10 TSX
20151215 20170822 1.949e-05 6.3151e-10 TSX
20151226 20161223 -2.6162e-05 5.3387e-10 TSX
20151229 20160211 -4.225e-05 8.1772e-10 TSX
20160106 20161223 2.4174e-06 5.8022e-10 TSX
20160117 20160926 -1.4748e-05 6.6277e-10 TSX
20160128 20160301 -0.0001851 8.4286e-10 TSX
20160208 20160312 -0.00013684 8.4286e-10 TSX
20160216 20160309 -0.0004231 8.8358e-10 TSX
20160219 20180319 -5.857e-06 4.2637e-10 TSX
20160301 20161201 6.8378e-05 5.7841e-10 TSX
20160304 20160326 5.415e-05 8.7041e-10 TSX
20160312 20180319 5.374e-06 4.4483e-10 TSX
20160320 20160411 0.0003912 8.8359e-10 TSX
20160323 20171118 -1.4111e-05 5.2489e-10 TSX
20160326 20160406 -0.00054428 9.8115e-10 TSX
20160403 20171027 2.0515e-05 5.917e-10 TSX
20160425 20170811 -2.1903e-05 5.1786e-10 TSX
20160528 20160630 1.6637e-05 8.4286e-10 TSX
20160630 20171118 3.9888e-06 5.7797e-10 TSX
20160722 20161201 0.00013303 6.963e-10 TSX
20160904 20180707 2.4048e-05 4.7128e-10 TSX
20160915 20180911 -2.721e-05 4.5119e-10 TSX
20160926 20170114 0.00010192 7.3131e-10 TSX
20161201 20171027 -1.7009e-05 6.2559e-10 TSX
20161223 20171107 -1.2049e-05 6.1042e-10 TSX
20170114 20170902 -6.5507e-05 6.5693e-10 TSX
20170811 20171005 -1.0207e-05 8.0375e-10 TSX
20170822 20180707 3.1922e-06 5.5842e-10 TSX
20170913 20180707 -3.7847e-05 5.8775e-10 TSX
20170924 20180319 5.5475e-05 6.5058e-10 TSX
20171005 20171107 5.5677e-05 8.4286e-10 TSX
20171016 20180319 7.6332e-05 6.7205e-10 TSX
20171027 20180911 -3.0883e-05 5.5851e-10 TSX
20171107 20171118 8.8103e-05 9.9218e-10 TSX
20171118 20171129 5.3361e-05 9.9218e-10 TSX
20171129 20171221 -2.6803e-05 8.7438e-10 TSX
20171210 20180820 -4.3187e-05 5.9247e-10 TSX
20171221 20180911 -0.00011678 5.8568e-10 TSX
20180112 20181003 0.00011956 5.8456e-10 TSX
20180319 20180707 -0.00014186 7.2331e-10 TSX
20180707 20180911 0.00013832 7.8629e-10 TSX
20180729 20181003 1.4788e-05 7.8626e-10 TSX
20180820 20181003 0.000149 8.2212e-10 TSX
20180911 20181003 -0.00014953 8.7438e-10 TSX
