20030427 20030914 0.00075056 5.6782e-10 ERS2
20030914 20080629 -0.00013517 2.8084e-10 ERS2
20050918 20090510 -6.2734e-05 3.0273e-10 ERS2
20051127 20081116 0.00022615 3.13e-10 ERS2
20060903 20090510 -0.00010626 3.226e-10 ERS2
20061231 20090105 -9.5622e-05 3.153e-10 ALOS
20070402 20070703 -6.1896e-05 6.7053e-10 ALOS
20070518 20091008 -2.4706e-05 3.0761e-10 ALOS
20070818 20071003 -0.00030948 7.8213e-10 ALOS
20071217 20100509 -9.779e-05 3.0508e-10 ALOS
20080103 20100526 1.4778e-06 3.0162e-10 ALOS
20080404 20080520 0.00011442 7.8266e-10 ALOS
20080618 20090921 7.5014e-06 3.7365e-10 ALOS
20080629 20090510 -0.00075307 4.1721e-10 ERS2
20080705 20091008 1.7247e-05 3.654e-10 ALOS
20080803 20090823 -8.3262e-06 3.8453e-10 ERS2
20081116 20090823 0.00019514 4.3266e-10 ERS2
20081219 20090921 0.00024227 4.4695e-10 ALOS
20090105 20090708 9.1194e-05 5.2913e-10 ALOS
20090510 20091101 0.0006168 5.2135e-10 ERS2
20090708 20091008 0.0002752 6.7171e-10 ALOS
20090823 20091101 -5.9874e-05 7.0091e-10 ERS2
20091222 20100624 0.00036892 5.2773e-10 ALOS
20100108 20100223 0.00038799 7.8254e-10 ALOS
20100223 20100526 0.00012094 6.7068e-10 ALOS
20100410 20100711 -9.1249e-05 6.7045e-10 ALOS
20100509 20100624 0.00068531 7.8e-10 ALOS
20100526 20100711 0.00030474 7.8341e-10 ALOS
20100624 20101109 -0.000132 5.8706e-10 ALOS
20100711 20101011 -3.1216e-05 6.714e-10 ALOS
20100809 20101109 -0.00030699 6.6737e-10 ALOS
20101011 20101126 0.00018696 7.8346e-10 ALOS
20110111 20110226 0.00054473 7.8233e-10 ALOS
20110924 20130715 7.9734e-05 3.8245e-10 TSX
20111005 20121229 -0.00011882 4.449e-10 TSX
20111121 20171221 1.6271e-05 3.9181e-10 TSX
20111221 20130131 -2.3115e-05 3.8704e-10 TSX
20111224 20121027 5.2954e-06 4.2763e-10 TSX
20120126 20140419 -3.0756e-06 3.9495e-10 TSX
20120203 20160320 -1.4929e-05 3.0549e-10 TSX
20120206 20171107 4.7163e-05 3.2033e-10 TSX
20120617 20171129 -4.3794e-06 3.3279e-10 TSX
20120723 20160120 1.4771e-05 3.2669e-10 TSX
20121024 20130109 5.4312e-05 7.0738e-10 TSX
20121027 20151226 -4.8791e-05 3.3753e-10 TSX
20121030 20130311 6.3015e-05 5.8571e-10 TSX
20121107 20171118 1.977e-05 4.3152e-10 TSX
20121221 20160208 9.0351e-05 3.3884e-10 TSX
20121224 20130516 -0.00017562 5.6967e-10 TSX
20121229 20130407 -4.6115e-05 6.612e-10 TSX
20130104 20130217 -2.0327e-05 7.7874e-10 TSX
20130109 20130715 0.0001106 5.5357e-10 TSX
20130112 20140511 -2.3272e-05 3.7523e-10 TSX
20130115 20130721 -0.00011872 5.2596e-10 TSX
20130126 20130823 -0.00021614 5.1713e-10 TSX
20130131 20130429 -9.7803e-06 6.8267e-10 TSX
20130203 20130729 -9.0391e-05 5.2948e-10 TSX
20130211 20130919 5.2483e-05 5.1224e-10 TSX
20130228 20141209 -1.9734e-05 3.5408e-10 TSX
20130311 20130801 -7.84e-05 5.7231e-10 TSX
20130316 20130623 -0.0001313 6.6078e-10 TSX
20130402 20150122 -1.6301e-06 3.5499e-10 TSX
20130407 20140530 -2.7023e-07 3.8817e-10 TSX
20130421 20171016 -4.0102e-05 3.1055e-10 TSX
20130424 20130721 -0.00032905 6.6783e-10 TSX
20130429 20130623 -0.00020649 7.6154e-10 TSX
20130505 20131028 -0.00049984 5.3223e-10 TSX
20130513 20151112 -1.3469e-06 3.2535e-10 TSX
20130516 20131017 -0.00026116 5.6218e-10 TSX
20130521 20130715 0.00025611 7.6205e-10 TSX
20130524 20171129 -7.2546e-06 3.6137e-10 TSX
20130527 20140627 -6.0951e-06 3.9308e-10 TSX
20130601 20130930 0.00035514 6.222e-10 TSX
20130604 20141217 2.4709e-05 3.7281e-10 TSX
20130607 20140719 -2.6664e-05 3.8834e-10 TSX
20130612 20150105 -1.0412e-05 3.8948e-10 TSX
20130615 20160106 7.0179e-05 3.5367e-10 TSX
20130618 20140708 -1.3156e-05 3.9304e-10 TSX
20130623 20130715 0.00074185 8.694e-10 TSX
20130629 20130914 0.00024676 6.9375e-10 TSX
20130707 20150130 2.8055e-05 3.7621e-10 TSX
20130710 20140901 1.2845e-05 3.936e-10 TSX
20130715 20130726 -0.0025751 1.0181e-09 TSX
20130721 20131108 0.00046765 6.2742e-10 TSX
20130726 20150517 7.4298e-05 3.5147e-10 TSX
20130729 20160904 -4.8182e-06 3.4177e-10 TSX
20130801 20151115 -1.3144e-05 3.3633e-10 TSX
20130817 20140209 -2.9787e-05 5.4372e-10 TSX
20130828 20150312 4.9723e-05 3.4977e-10 TSX
20130903 20150329 -3.9579e-05 3.3504e-10 TSX
20130919 20160309 3.104e-05 3.6968e-10 TSX
20130925 20140708 -1.1469e-06 4.3489e-10 TSX
20130930 20160411 -3.0323e-05 3.2131e-10 TSX
20131011 20150802 4.3009e-05 3.6985e-10 TSX
20131017 20140719 4.9455e-05 4.415e-10 TSX
20131028 20160304 2.339e-05 3.3933e-10 TSX
20131102 20140519 -2.2668e-06 5.2119e-10 TSX
20131108 20140708 5.6255e-05 4.6592e-10 TSX
20140209 20160309 4.3737e-05 3.6957e-10 TSX
20140223 20140829 9.3042e-05 5.1373e-10 TSX
20140408 20140705 -4.2098e-05 6.6339e-10 TSX
20140419 20170913 1.4627e-05 3.1238e-10 TSX
20140511 20141228 4.4869e-05 4.733e-10 TSX
20140519 20150824 1.5478e-05 3.7113e-10 TSX
20140624 20171005 2.8686e-05 4.1509e-10 TSX
20140627 20151115 -1.7499e-06 3.7428e-10 TSX
20140705 20180911 1.2668e-05 4.031e-10 TSX
20140708 20160406 1.6e-05 3.3686e-10 TSX
20140716 20171005 3.7149e-05 3.8045e-10 TSX
20140719 20151207 -1.8973e-06 3.7823e-10 TSX
20140727 20150326 -3.9359e-05 4.6229e-10 TSX
20140810 20150122 -7.7678e-05 5.4138e-10 TSX
20140818 20160301 8.8197e-06 3.4311e-10 TSX
20140829 20160208 8.261e-06 3.4814e-10 TSX
20140901 20140912 -0.00029517 9.7322e-10 TSX
20140912 20141209 -2.1764e-05 6.6692e-10 TSX
20140920 20170902 -2.7577e-05 3.7219e-10 TSX
20141209 20160211 -2.7322e-05 3.6751e-10 TSX
20141217 20160722 2.1847e-05 3.6429e-10 TSX
20141228 20160106 -1.8113e-05 3.8828e-10 TSX
20141231 20151024 -7.1148e-06 4.2908e-10 TSX
20150105 20150824 -5.5948e-05 4.9519e-10 TSX
20150108 20170811 -8.8141e-06 3.3407e-10 TSX
20150119 20160117 5.3441e-05 3.9303e-10 TSX
20150127 20160411 8.8381e-06 4.1702e-10 TSX
20150130 20151112 1.0083e-05 4.3221e-10 TSX
20150210 20170114 0.00011022 3.6352e-10 TSX
20150213 20160326 -5.3047e-05 3.7965e-10 TSX
20150218 20160216 -2.4544e-05 4.0666e-10 TSX
20150221 20180112 -3.3665e-05 3.1505e-10 TSX
20150304 20180911 -1.3322e-05 4.4759e-10 TSX
20150307 20160211 -3.7445e-05 4.037e-10 TSX
20150312 20160320 -4.4157e-05 3.9867e-10 TSX
20150326 20150827 -4.1639e-07 5.5201e-10 TSX
20150329 20151207 -7.0961e-07 4.5598e-10 TSX
20150428 20160425 4.0853e-05 3.9211e-10 TSX
20150509 20150827 -7.5451e-05 6.2193e-10 TSX
20150517 20150824 -4.0686e-05 6.6013e-10 TSX
20150520 20180911 -2.2856e-05 4.1331e-10 TSX
20150714 20170822 8.5847e-05 3.9229e-10 TSX
20150725 20170924 2.7835e-05 3.5687e-10 TSX
20150802 20160309 -1.5215e-05 4.9794e-10 TSX
20150805 20160403 -5.9797e-05 4.6288e-10 TSX
20150816 20171107 3.0539e-06 4.3877e-10 TSX
20150824 20150915 0.00069669 8.6924e-10 TSX
20150827 20170902 -3.115e-06 4.2405e-10 TSX
20150915 20160216 -6.6223e-05 5.7052e-10 TSX
20151021 20160904 -6.5779e-05 4.2053e-10 TSX
20151101 20171016 -2.6925e-05 4.0339e-10 TSX
20151112 20160425 -4.0398e-05 5.3646e-10 TSX
20151115 20151229 0.00014696 7.7862e-10 TSX
20151123 20171221 2.5298e-05 3.6572e-10 TSX
20151204 20151215 0.00015867 9.8219e-10 TSX
20151207 20160406 -9.6767e-05 6.0351e-10 TSX
20151215 20170822 8.859e-05 3.5533e-10 TSX
20151226 20161223 3.5064e-05 3.9439e-10 TSX
20151229 20160211 5.723e-05 7.7862e-10 TSX
20160106 20161223 -1.8331e-06 4.0015e-10 TSX
20160117 20160926 -6.3013e-05 4.5485e-10 TSX
20160128 20160301 -0.00011469 8.1124e-10 TSX
20160208 20160312 -0.00014804 8.1124e-10 TSX
20160216 20160309 -0.00037866 8.6923e-10 TSX
20160219 20180319 4.5032e-05 3.3577e-10 TSX
20160301 20161201 8.6665e-06 4.3848e-10 TSX
20160304 20160326 5.1725e-05 8.5435e-10 TSX
20160312 20180319 4.1902e-05 3.4087e-10 TSX
20160320 20160411 0.00037019 8.6924e-10 TSX
20160323 20171118 1.9434e-05 3.7021e-10 TSX
20160326 20160406 -0.00049972 9.7314e-10 TSX
20160403 20171027 1.1667e-05 3.4809e-10 TSX
20160425 20170811 9.2151e-06 3.7344e-10 TSX
20160528 20160630 -8.6878e-05 8.1125e-10 TSX
20160630 20171118 0.00010169 4.1912e-10 TSX
20160722 20161201 0.00014404 5.8264e-10 TSX
20160904 20180707 4.0006e-05 4.221e-10 TSX
20160915 20180911 -1.9065e-05 3.8441e-10 TSX
20160926 20170114 -4.2446e-06 6.2805e-10 TSX
20161201 20171027 -4.2739e-05 4.4595e-10 TSX
20161223 20171107 8.705e-05 4.5724e-10 TSX
20170114 20170902 -5.7477e-05 4.7897e-10 TSX
20170811 20171005 -0.0001411 7.4528e-10 TSX
20170822 20180707 -8.1034e-05 4.1708e-10 TSX
20170913 20180707 -0.00011602 4.2732e-10 TSX
20170924 20180319 6.2723e-05 5.2446e-10 TSX
20171005 20171107 5.0573e-05 8.1125e-10 TSX
20171016 20180319 9.4302e-05 5.5095e-10 TSX
20171027 20180911 -8.3637e-05 4.1711e-10 TSX
20171107 20171118 6.9926e-05 9.8219e-10 TSX
20171118 20171129 6.5885e-05 9.8219e-10 TSX
20171129 20171221 -5.4212e-06 8.553e-10 TSX
20171210 20180820 -8.1197e-05 4.5596e-10 TSX
20171221 20180911 -0.00013036 4.4901e-10 TSX
20180112 20181003 1.9512e-05 4.5306e-10 TSX
20180319 20180707 -0.00030044 6.2068e-10 TSX
20180707 20180911 8.6676e-05 7.1596e-10 TSX
20180729 20181003 -2.9179e-05 7.157e-10 TSX
20180820 20181003 0.00014618 7.7681e-10 TSX
20180911 20181003 -0.00019704 8.553e-10 TSX
