20030427 20030914 0.00077645 5.6547e-10 ERS2
20030914 20080629 0.00013036 2.7739e-10 ERS2
20050918 20090510 0.00011842 3.0055e-10 ERS2
20051127 20081116 1.5694e-05 3.2728e-10 ERS2
20060903 20090510 -9.7947e-05 3.0811e-10 ERS2
20061231 20090105 -9.4943e-06 3.1215e-10 ALOS
20070402 20070703 1.1652e-05 6.6628e-10 ALOS
20070518 20091008 1.5364e-05 3.0507e-10 ALOS
20070818 20071003 -0.0002308 7.7548e-10 ALOS
20071217 20100509 4.3365e-05 3.0152e-10 ALOS
20080103 20100526 7.843e-06 3.0382e-10 ALOS
20080404 20080520 7.0652e-05 7.7543e-10 ALOS
20080618 20090921 2.5302e-05 3.7189e-10 ALOS
20080629 20090510 -0.00044184 4.1331e-10 ERS2
20080705 20091008 -4.2463e-06 3.6519e-10 ALOS
20080803 20090823 5.5181e-05 3.8307e-10 ERS2
20081116 20090823 0.00010622 4.3196e-10 ERS2
20081219 20090921 0.00017899 4.4618e-10 ALOS
20090105 20090708 0.00014054 5.2864e-10 ALOS
20090510 20091101 -0.00026484 5.2085e-10 ERS2
20090708 20091008 8.2351e-05 6.665e-10 ALOS
20090823 20091101 -0.00025315 6.9859e-10 ERS2
20091222 20100624 -1.8383e-05 5.2554e-10 ALOS
20100108 20100223 2.6007e-05 7.7576e-10 ALOS
20100223 20100526 -0.0001586 6.6633e-10 ALOS
20100410 20100711 6.674e-06 6.6654e-10 ALOS
20100509 20100624 0.0005874 7.7347e-10 ALOS
20100526 20100711 0.00041989 7.7549e-10 ALOS
20100624 20101109 7.0863e-05 5.8404e-10 ALOS
20100711 20101011 -7.3448e-05 6.6639e-10 ALOS
20100809 20101109 7.1057e-05 6.6366e-10 ALOS
20101011 20101126 0.00015538 7.7549e-10 ALOS
20110111 20110226 0.00041901 7.7548e-10 ALOS
20110924 20130715 2.2404e-05 3.7939e-10 TSX
20111005 20121229 -9.1254e-05 3.963e-10 TSX
20111121 20171221 9.2843e-06 3.5902e-10 TSX
20111221 20130131 2.0749e-05 3.8629e-10 TSX
20111224 20121027 8.1932e-05 4.2118e-10 TSX
20120126 20140419 6.5812e-05 3.145e-10 TSX
20120203 20160320 4.0948e-05 3.4935e-10 TSX
20120206 20171107 -2.1697e-05 3.4408e-10 TSX
20120617 20171129 1.8607e-05 2.9807e-10 TSX
20120723 20160120 6.3315e-05 3.591e-10 TSX
20121024 20130109 4.9956e-05 7.0273e-10 TSX
20121027 20151226 2.111e-05 3.3933e-10 TSX
20121030 20130311 2.3232e-05 5.8478e-10 TSX
20121107 20171118 4.2076e-05 3.7696e-10 TSX
20121221 20160208 6.2967e-05 3.1986e-10 TSX
20121224 20130516 -9.1211e-05 5.6847e-10 TSX
20121229 20130407 -6.2807e-05 6.5618e-10 TSX
20130104 20130217 -3.2306e-05 7.7333e-10 TSX
20130109 20130715 0.00017562 5.4667e-10 TSX
20130112 20140511 -9.5408e-06 3.7027e-10 TSX
20130115 20130721 -0.00019462 5.4023e-10 TSX
20130126 20130823 -9.1426e-05 5.134e-10 TSX
20130131 20130429 -0.00012835 6.7815e-10 TSX
20130203 20130729 9.046e-05 5.259e-10 TSX
20130211 20130919 -7.486e-05 5.0294e-10 TSX
20130228 20141209 8.5154e-05 3.9045e-10 TSX
20130311 20130801 1.1125e-05 5.8042e-10 TSX
20130316 20130623 -8.2788e-05 6.582e-10 TSX
20130402 20150122 0.00011333 3.8584e-10 TSX
20130407 20140530 2.1785e-05 3.9347e-10 TSX
20130421 20171016 -5.265e-05 3.2694e-10 TSX
20130424 20130721 -0.00029237 6.6874e-10 TSX
20130429 20130623 -4.8551e-05 7.5555e-10 TSX
20130505 20131028 -0.00027114 5.3942e-10 TSX
20130513 20151112 2.7341e-05 3.3954e-10 TSX
20130516 20131017 6.8469e-05 5.7049e-10 TSX
20130521 20130715 0.00021291 7.5589e-10 TSX
20130524 20171129 9.1804e-05 3.5973e-10 TSX
20130527 20140627 -6.2176e-06 4.1961e-10 TSX
20130601 20130930 0.00013639 6.2057e-10 TSX
20130604 20141217 -2.4807e-05 4.067e-10 TSX
20130607 20140719 2.7883e-05 4.0592e-10 TSX
20130612 20150105 2.01e-05 3.6419e-10 TSX
20130615 20160106 2.5501e-06 3.5079e-10 TSX
20130618 20140708 -1.5033e-05 3.9393e-10 TSX
20130623 20130715 0.0006965 8.6243e-10 TSX
20130629 20130914 0.00015712 6.9186e-10 TSX
20130707 20150130 4.0643e-06 3.602e-10 TSX
20130710 20140901 4.3997e-05 3.8533e-10 TSX
20130715 20130726 -0.0024702 1.0114e-09 TSX
20130721 20131108 0.00056926 6.3669e-10 TSX
20130726 20150517 0.00013789 3.4736e-10 TSX
20130729 20160904 -6.4344e-05 3.391e-10 TSX
20130801 20151115 0.00011135 3.6938e-10 TSX
20130817 20140209 -0.00010337 5.4251e-10 TSX
20130828 20150312 8.9223e-05 3.4926e-10 TSX
20130903 20150329 -9.9562e-05 3.701e-10 TSX
20130919 20160309 -6.4964e-05 3.3409e-10 TSX
20130925 20140708 -3.2064e-05 4.4401e-10 TSX
20130930 20160411 -1.6993e-05 3.1299e-10 TSX
20131011 20150802 9.3369e-05 3.4687e-10 TSX
20131017 20140719 -1.3399e-05 4.4827e-10 TSX
20131028 20160304 1.5303e-05 3.6869e-10 TSX
20131102 20140519 -0.00013368 5.1755e-10 TSX
20131108 20140708 -3.9144e-05 4.7756e-10 TSX
20140209 20160309 1.5647e-05 3.4373e-10 TSX
20140223 20140829 3.7225e-05 5.1252e-10 TSX
20140408 20140705 -1.3251e-05 6.6129e-10 TSX
20140419 20170913 9.6483e-05 3.6785e-10 TSX
20140511 20141228 8.6811e-05 4.7276e-10 TSX
20140519 20150824 4.7876e-05 3.6971e-10 TSX
20140624 20171005 0.00011358 3.7927e-10 TSX
20140627 20151115 -3.1992e-05 4.0719e-10 TSX
20140705 20180911 -4.3892e-05 3.2781e-10 TSX
20140708 20160406 3.9993e-05 3.6037e-10 TSX
20140716 20171005 6.7548e-05 3.4775e-10 TSX
20140719 20151207 2.0071e-05 4.0472e-10 TSX
20140727 20150326 9.7732e-06 4.6244e-10 TSX
20140810 20150122 -4.4344e-05 5.4297e-10 TSX
20140818 20160301 2.283e-05 3.8377e-10 TSX
20140829 20160208 7.1738e-05 3.9098e-10 TSX
20140901 20140912 -0.00029973 9.6792e-10 TSX
20140912 20141209 2.7247e-05 6.6443e-10 TSX
20140920 20170902 4.3539e-05 3.3262e-10 TSX
20141209 20160211 1.5485e-05 3.7643e-10 TSX
20141217 20160722 -2.7935e-06 3.6771e-10 TSX
20141228 20160106 -3.2861e-06 4.2503e-10 TSX
20141231 20151024 7.7089e-05 4.3467e-10 TSX
20150105 20150824 -1.3494e-05 4.8808e-10 TSX
20150108 20170811 9.7993e-05 3.1692e-10 TSX
20150119 20160117 8.301e-05 3.9699e-10 TSX
20150127 20160411 2.255e-06 3.836e-10 TSX
20150130 20151112 8.1422e-05 4.5164e-10 TSX
20150210 20170114 -2.0928e-05 3.1896e-10 TSX
20150213 20160326 0.00010588 4.0111e-10 TSX
20150218 20160216 1.2641e-05 4.0884e-10 TSX
20150221 20180112 3.585e-06 3.0014e-10 TSX
20150304 20180911 6.431e-05 3.0492e-10 TSX
20150307 20160211 6.1064e-05 4.1243e-10 TSX
20150312 20160320 -4.4459e-05 4.1306e-10 TSX
20150326 20150827 4.2987e-05 5.5286e-10 TSX
20150329 20151207 7.6401e-06 4.6014e-10 TSX
20150428 20160425 3.4806e-05 4.3644e-10 TSX
20150509 20150827 -6.6958e-05 6.227e-10 TSX
20150517 20150824 -9.5652e-05 6.5642e-10 TSX
20150520 20180911 9.6575e-05 3.1752e-10 TSX
20150714 20170822 0.0001033 3.1059e-10 TSX
20150725 20170924 6.1116e-05 3.2894e-10 TSX
20150802 20160309 -2.7627e-06 4.9814e-10 TSX
20150805 20160403 5.44e-05 4.6356e-10 TSX
20150816 20171107 3.3709e-05 3.1315e-10 TSX
20150824 20150915 0.00073095 8.6214e-10 TSX
20150827 20170902 0.00011591 3.349e-10 TSX
20150915 20160216 -0.00011397 5.6857e-10 TSX
20151021 20160904 -7.3345e-06 4.178e-10 TSX
20151101 20171016 8.6026e-05 3.4442e-10 TSX
20151112 20160425 1.4855e-06 5.3788e-10 TSX
20151115 20151229 0.0001007 7.7333e-10 TSX
20151123 20171221 3.287e-05 3.2256e-10 TSX
20151204 20151215 0.0001695 9.7753e-10 TSX
20151207 20160406 -5.401e-05 6.0218e-10 TSX
20151215 20170822 0.00017748 3.3606e-10 TSX
20151226 20161223 0.00010558 3.9667e-10 TSX
20151229 20160211 1.9167e-05 7.7333e-10 TSX
20160106 20161223 0.00013504 3.9902e-10 TSX
20160117 20160926 8.9504e-05 4.5913e-10 TSX
20160128 20160301 -0.00022044 8.0627e-10 TSX
20160208 20160312 -6.2349e-05 8.0627e-10 TSX
20160216 20160309 -0.00041673 8.6214e-10 TSX
20160219 20180319 7.0791e-05 3.403e-10 TSX
20160301 20161201 0.00014513 4.3971e-10 TSX
20160304 20160326 0.00012485 8.4877e-10 TSX
20160312 20180319 4.8152e-05 3.594e-10 TSX
20160320 20160411 0.0003562 8.6214e-10 TSX
20160323 20171118 8.4158e-05 3.3712e-10 TSX
20160326 20160406 -0.00055219 9.6785e-10 TSX
20160403 20171027 9.4891e-05 3.3144e-10 TSX
20160425 20170811 7.3314e-05 3.6258e-10 TSX
20160528 20160630 4.1565e-06 8.0627e-10 TSX
20160630 20171118 9.2501e-05 3.6656e-10 TSX
20160722 20161201 0.00019825 5.8145e-10 TSX
20160904 20180707 2.0752e-05 3.7952e-10 TSX
20160915 20180911 7.0134e-06 3.6824e-10 TSX
20160926 20170114 8.2844e-05 6.1935e-10 TSX
20161201 20171027 9.1457e-05 4.1724e-10 TSX
20161223 20171107 6.0011e-05 4.2133e-10 TSX
20170114 20170902 3.7155e-05 4.7396e-10 TSX
20170811 20171005 1.2375e-05 7.412e-10 TSX
20170822 20180707 -5.2538e-05 4.1656e-10 TSX
20170913 20180707 -0.00010308 4.3109e-10 TSX
20170924 20180319 8.2378e-06 5.2332e-10 TSX
20171005 20171107 3.7182e-05 8.0627e-10 TSX
20171016 20180319 3.7486e-05 5.4999e-10 TSX
20171027 20180911 -4.8359e-05 4.1407e-10 TSX
20171107 20171118 8.5539e-05 9.7753e-10 TSX
20171118 20171129 5.5282e-05 9.7753e-10 TSX
20171129 20171221 -1.5413e-05 8.5035e-10 TSX
20171210 20180820 -6.7041e-05 4.5381e-10 TSX
20171221 20180911 -4.8783e-05 4.4738e-10 TSX
20180112 20181003 6.7379e-05 4.4702e-10 TSX
20180319 20180707 -0.00017577 6.181e-10 TSX
20180707 20180911 0.00021102 7.1243e-10 TSX
20180729 20181003 0.0001138 7.1244e-10 TSX
20180820 20181003 0.00023775 7.7218e-10 TSX
20180911 20181003 -0.00013542 8.5036e-10 TSX
