20030427 20030914 4.1139e-06 5.9238e-10 ERS2
20030914 20080629 -4.5113e-05 2.9662e-10 ERS2
20050918 20090510 -6.5953e-06 3.0268e-10 ERS2
20051127 20081116 -5.1189e-05 3.0578e-10 ERS2
20060903 20090510 5.6417e-05 3.1704e-10 ERS2
20061231 20090105 -6.5939e-05 3.1984e-10 ALOS
20070402 20070703 -3.149e-05 6.955e-10 ALOS
20070518 20091008 -4.4406e-05 3.0789e-10 ALOS
20070818 20071003 -0.00054585 7.9718e-10 ALOS
20071217 20100509 -3.4488e-05 3.0024e-10 ALOS
20080103 20100526 -2.1528e-05 2.9852e-10 ALOS
20080404 20080520 5.572e-05 7.972e-10 ALOS
20080618 20090921 -0.00010826 3.7411e-10 ALOS
20080629 20090510 -0.00034423 4.2222e-10 ERS2
20080705 20091008 -0.00015206 3.677e-10 ALOS
20080803 20090823 2.5353e-05 3.8957e-10 ERS2
20081116 20090823 7.3672e-05 4.43e-10 ERS2
20081219 20090921 0.00028474 4.5662e-10 ALOS
20090105 20090708 5.5584e-05 5.502e-10 ALOS
20090510 20091101 0.00018344 5.4372e-10 ERS2
20090708 20091008 0.0004789 6.9535e-10 ALOS
20090823 20091101 0.00023783 7.2701e-10 ERS2
20091222 20100624 0.00067051 5.4472e-10 ALOS
20100108 20100223 0.00029164 7.9783e-10 ALOS
20100223 20100526 0.00025729 6.9529e-10 ALOS
20100410 20100711 -0.00017497 6.9533e-10 ALOS
20100509 20100624 0.00062411 7.9515e-10 ALOS
20100526 20100711 0.00045887 7.9719e-10 ALOS
20100624 20101109 -0.00019033 6.0898e-10 ALOS
20100711 20101011 -0.00019501 6.9509e-10 ALOS
20100809 20101109 -7.6959e-05 6.9207e-10 ALOS
20101011 20101126 0.00038353 7.9719e-10 ALOS
20110111 20110226 0.00070793 7.9718e-10 ALOS
20110924 20130715 4.7531e-05 3.2486e-10 TSX
20111005 20121229 -1.8953e-05 3.7255e-10 TSX
20111121 20171221 -2.0474e-05 2.5786e-10 TSX
20111221 20130131 8.3085e-06 3.8952e-10 TSX
20111224 20121027 1.7019e-05 4.2948e-10 TSX
20120126 20140419 5.2045e-06 2.9674e-10 TSX
20120203 20160320 2.4005e-05 2.5416e-10 TSX
20120206 20171107 -5.7505e-06 2.5588e-10 TSX
20120617 20171129 -1.7649e-05 2.5306e-10 TSX
20120723 20160120 1.1829e-07 2.7625e-10 TSX
20121024 20130109 5.8463e-05 7.3014e-10 TSX
20121027 20151226 -2.7169e-05 2.7393e-10 TSX
20121030 20130311 9.0441e-05 6.0932e-10 TSX
20121107 20171118 -5.5805e-06 2.5937e-10 TSX
20121221 20160208 -4.6682e-08 2.7648e-10 TSX
20121224 20130516 -2.8322e-05 5.9186e-10 TSX
20121229 20130407 -7.5084e-05 6.8523e-10 TSX
20130104 20130217 8.0442e-05 7.9444e-10 TSX
20130109 20130715 0.00011315 5.5048e-10 TSX
20130112 20140511 -2.6105e-05 3.5862e-10 TSX
20130115 20130721 -4.4789e-05 5.3207e-10 TSX
20130126 20130823 -0.0001188 5.2319e-10 TSX
20130131 20130429 9.0335e-05 7.0714e-10 TSX
20130203 20130729 -4.1827e-05 5.4531e-10 TSX
20130211 20130919 -4.6138e-05 5.1229e-10 TSX
20130228 20141209 3.4683e-05 3.1681e-10 TSX
20130311 20130801 -8.0173e-05 5.9183e-10 TSX
20130316 20130623 7.5653e-05 6.8524e-10 TSX
20130402 20150122 -0.00017936 3.687e-10 TSX
20130407 20140530 0.00010644 3.8475e-10 TSX
20130421 20171016 -8.2327e-06 2.6716e-10 TSX
20130424 20130721 -0.00013102 6.9194e-10 TSX
20130429 20130623 -8.2927e-05 7.789e-10 TSX
20130505 20131028 -3.8269e-05 5.6376e-10 TSX
20130513 20151112 -4.1548e-06 2.8753e-10 TSX
20130516 20131017 -5.6027e-05 5.9635e-10 TSX
20130521 20130715 0.0001159 7.7892e-10 TSX
20130524 20171129 1.2541e-06 2.663e-10 TSX
20130527 20140627 6.6416e-05 3.8777e-10 TSX
20130601 20130930 -4.9752e-05 6.4482e-10 TSX
20130604 20141217 -1.0784e-05 3.4239e-10 TSX
20130607 20140719 -7.9668e-05 3.8368e-10 TSX
20130612 20150105 4.7441e-06 3.4061e-10 TSX
20130615 20160106 -6.3553e-06 2.9081e-10 TSX
20130618 20140708 -3.8315e-05 3.9243e-10 TSX
20130623 20130715 0.00062494 8.746e-10 TSX
20130629 20130914 0.0002926 7.3068e-10 TSX
20130707 20150130 -1.3837e-05 3.4091e-10 TSX
20130710 20140901 -5.2967e-05 3.7996e-10 TSX
20130715 20130726 -0.0024279 1.0202e-09 TSX
20130721 20131108 -9.4171e-05 6.6907e-10 TSX
20130726 20150517 4.4404e-05 3.2506e-10 TSX
20130729 20160904 -2.4679e-05 2.7805e-10 TSX
20130801 20151115 -2.1383e-05 2.9808e-10 TSX
20130817 20140209 -7.1951e-05 5.6248e-10 TSX
20130828 20150312 -1.8841e-05 3.4279e-10 TSX
20130903 20150329 6.7558e-05 3.5334e-10 TSX
20130919 20160309 2.164e-05 2.805e-10 TSX
20130925 20140708 -0.00011159 4.9506e-10 TSX
20130930 20160411 1.1924e-05 2.8221e-10 TSX
20131011 20150802 4.7802e-05 3.2604e-10 TSX
20131017 20140719 0.00025169 4.7477e-10 TSX
20131028 20160304 0.00025617 3.4517e-10 TSX
20131102 20140519 0.00011208 5.3592e-10 TSX
20131108 20140708 -1.9903e-06 5.2122e-10 TSX
20140209 20160309 5.6003e-05 3.1127e-10 TSX
20140223 20140829 2.1275e-06 5.3199e-10 TSX
20140408 20140705 -1.4573e-06 6.9198e-10 TSX
20140419 20170913 -1.1636e-05 2.7177e-10 TSX
20140511 20141228 1.4225e-05 4.862e-10 TSX
20140519 20150824 -4.2743e-05 3.6849e-10 TSX
20140624 20171005 -1.3627e-06 2.6845e-10 TSX
20140627 20151115 -8.72e-05 3.4251e-10 TSX
20140705 20180911 2.3853e-06 2.655e-10 TSX
20140708 20160406 1.3145e-05 3.1776e-10 TSX
20140716 20171005 1.002e-05 2.7221e-10 TSX
20140719 20151207 -2.8761e-05 3.4386e-10 TSX
20140727 20150326 -8.0933e-06 4.7665e-10 TSX
20140810 20150122 -8.4919e-05 5.8317e-10 TSX
20140818 20160301 1.252e-06 3.2925e-10 TSX
20140829 20160208 2.3013e-06 3.3505e-10 TSX
20140901 20140912 -0.00027013 9.7645e-10 TSX
20140912 20141209 4.6995e-05 6.9193e-10 TSX
20140920 20170902 1.1473e-05 2.7471e-10 TSX
20141209 20160211 -8.0182e-05 3.6804e-10 TSX
20141217 20160722 -5.4355e-06 3.2393e-10 TSX
20141228 20160106 -2.5913e-05 3.8939e-10 TSX
20141231 20151024 -7.2282e-05 4.3374e-10 TSX
20150105 20150824 -4.2953e-05 5.0139e-10 TSX
20150108 20170811 6.2176e-06 2.8392e-10 TSX
20150119 20160117 2.4097e-05 3.9516e-10 TSX
20150127 20160411 -2.4309e-05 3.7503e-10 TSX
20150130 20151112 4.5838e-06 4.4013e-10 TSX
20150210 20170114 -1.9006e-07 3.0574e-10 TSX
20150213 20160326 1.4467e-05 5.2385e-10 TSX
20150218 20160216 -3.195e-05 4.084e-10 TSX
20150221 20180112 2.2353e-05 3.0718e-10 TSX
20150304 20180911 3.0106e-06 2.6585e-10 TSX
20150307 20160211 -7.0458e-05 4.0763e-10 TSX
20150312 20160320 1.0424e-06 4.0321e-10 TSX
20150326 20150827 4.5649e-05 5.7472e-10 TSX
20150329 20151207 -8.9925e-05 4.6639e-10 TSX
20150428 20160425 2.8406e-05 3.9398e-10 TSX
20150509 20150827 4.0875e-05 6.4781e-10 TSX
20150517 20150824 -0.00025276 6.8531e-10 TSX
20150520 20180911 -4.3941e-06 2.6947e-10 TSX
20150714 20170822 1.5972e-06 2.9304e-10 TSX
20150725 20170924 8.1222e-06 2.9278e-10 TSX
20150802 20160309 -5.163e-05 5.1226e-10 TSX
20150805 20160403 -1.6333e-06 4.7634e-10 TSX
20150816 20171107 -2.0177e-06 2.9414e-10 TSX
20150824 20150915 0.00054051 8.745e-10 TSX
20150827 20170902 -1.2431e-06 2.9999e-10 TSX
20150915 20160216 6.0342e-05 5.9245e-10 TSX
20151021 20160904 -7.7124e-05 4.2155e-10 TSX
20151101 20171016 1.2971e-05 3.0408e-10 TSX
20151112 20160425 3.6533e-05 5.5964e-10 TSX
20151115 20151229 0.00014752 7.9444e-10 TSX
20151123 20171221 9.1395e-07 3.0003e-10 TSX
20151204 20151215 0.00015057 9.868e-10 TSX
20151207 20160406 -3.3617e-05 6.2802e-10 TSX
20151215 20170822 3.0725e-05 3.1807e-10 TSX
20151226 20161223 -7.9205e-06 4.0139e-10 TSX
20151229 20160211 8.4392e-06 7.9444e-10 TSX
20160106 20161223 1.1583e-05 4.0586e-10 TSX
20160117 20160926 -2.532e-05 4.6727e-10 TSX
20160128 20160301 -0.00012536 8.2462e-10 TSX
20160208 20160312 -8.3575e-05 8.2462e-10 TSX
20160216 20160309 -0.00031214 8.745e-10 TSX
20160219 20180319 9.4853e-06 3.027e-10 TSX
20160301 20161201 2.4398e-05 4.5105e-10 TSX
20160304 20160326 1.7836e-05 8.6108e-10 TSX
20160312 20180319 2.7028e-06 3.0448e-10 TSX
20160320 20160411 0.00036825 8.7451e-10 TSX
20160323 20171118 -9.6766e-07 3.2221e-10 TSX
20160326 20160406 -0.00048809 9.7637e-10 TSX
20160403 20171027 2.6873e-05 3.2674e-10 TSX
20160425 20170811 1.6114e-05 3.5195e-10 TSX
20160528 20160630 -4.0389e-05 8.2462e-10 TSX
20160630 20171118 3.2957e-05 3.4341e-10 TSX
20160722 20161201 8.3462e-05 6.0896e-10 TSX
20160904 20180707 3.5935e-05 3.2476e-10 TSX
20160915 20180911 -3.3668e-06 3.0655e-10 TSX
20160926 20170114 5.5357e-05 6.4781e-10 TSX
20161201 20171027 -5.3922e-07 4.1566e-10 TSX
20161223 20171107 2.2932e-05 4.1872e-10 TSX
20170114 20170902 1.6196e-05 4.8482e-10 TSX
20170811 20171005 -4.3143e-05 7.6773e-10 TSX
20170822 20180707 -9.0852e-06 4.2315e-10 TSX
20170913 20180707 -1.1824e-05 4.3583e-10 TSX
20170924 20180319 -4.367e-05 5.4542e-10 TSX
20171005 20171107 6.3239e-05 8.2462e-10 TSX
20171016 20180319 5.0597e-07 5.7503e-10 TSX
20171027 20180911 -5.0707e-06 4.2318e-10 TSX
20171107 20171118 7.6988e-05 9.868e-10 TSX
20171118 20171129 5.3303e-05 9.868e-10 TSX
20171129 20171221 -2.1913e-05 8.6371e-10 TSX
20171210 20180820 -3.2232e-05 4.675e-10 TSX
20171221 20180911 -3.4492e-05 4.5891e-10 TSX
20180112 20181003 -1.4097e-05 4.5885e-10 TSX
20180319 20180707 -3.8549e-05 6.4781e-10 TSX
20180707 20180911 0.00012898 7.4136e-10 TSX
20180729 20181003 1.6827e-05 7.4136e-10 TSX
20180820 20181003 0.00011021 7.9515e-10 TSX
20180911 20181003 -0.00014677 8.6371e-10 TSX
