20030427 20030914 -2.8696e-05 6.5731e-10 ERS2
20030914 20080629 9.3908e-05 4.2242e-10 ERS2
20050918 20090510 7.5528e-06 4.5262e-10 ERS2
20051127 20081116 5.1689e-05 4.5343e-10 ERS2
20060903 20090510 0.00013655 4.5165e-10 ERS2
20061231 20090105 8.0746e-06 6.0268e-10 ALOS
20070402 20070703 -4.5946e-05 7.8788e-10 ALOS
20070518 20091008 -1.2257e-05 5.9309e-10 ALOS
20070818 20071003 -0.0004237 8.3653e-10 ALOS
20071217 20100509 -6.8335e-05 5.7987e-10 ALOS
20080103 20100526 0.00014159 5.9913e-10 ALOS
20080404 20080520 -3.3031e-05 8.3631e-10 ALOS
20080618 20090921 -3.4477e-05 6.2726e-10 ALOS
20080629 20090510 -0.00033973 5.2784e-10 ERS2
20080705 20091008 2.3914e-05 6.2281e-10 ALOS
20080803 20090823 -3.4882e-05 5.0637e-10 ERS2
20081116 20090823 0.00012503 5.4726e-10 ERS2
20081219 20090921 2.4163e-05 6.5873e-10 ALOS
20090105 20090708 -2.7663e-05 7.1551e-10 ALOS
20090510 20091101 0.00058468 6.1986e-10 ERS2
20090708 20091008 0.00020486 7.8733e-10 ALOS
20090823 20091101 0.00094528 7.6687e-10 ERS2
20091222 20100624 0.00022954 7.089e-10 ALOS
20100108 20100223 0.00033448 8.3655e-10 ALOS
20100223 20100526 -8.6239e-05 7.8771e-10 ALOS
20100410 20100711 -8.5775e-06 7.8782e-10 ALOS
20100509 20100624 0.00059967 8.3414e-10 ALOS
20100526 20100711 0.00042189 8.3653e-10 ALOS
20100624 20101109 -4.6703e-05 7.4076e-10 ALOS
20100711 20101011 -0.00016752 7.8701e-10 ALOS
20100809 20101109 -2.3443e-05 7.8313e-10 ALOS
20101011 20101126 0.00024561 8.3649e-10 ALOS
20110111 20110226 0.00057351 8.3649e-10 ALOS
20110924 20130715 4.7071e-05 6.0987e-10 TSX
20111005 20121229 -4.8201e-06 6.6432e-10 TSX
20111121 20171221 -1.003e-06 5.3348e-10 TSX
20111221 20130131 1.5877e-05 6.4173e-10 TSX
20111224 20121027 -7.9078e-05 5.2775e-10 TSX
20120126 20140419 -3.6886e-05 5.7284e-10 TSX
20120203 20160320 1.382e-05 6.6688e-10 TSX
20120206 20171107 -6.2841e-06 4.8473e-10 TSX
20120617 20171129 -6.1092e-06 5.889e-10 TSX
20120723 20160120 3.282e-05 6.0993e-10 TSX
20121024 20130109 2.0842e-05 8.0637e-10 TSX
20121027 20151226 6.0408e-06 5.9991e-10 TSX
20121030 20130311 9.0528e-05 7.2973e-10 TSX
20121107 20171118 1.0451e-05 5.0009e-10 TSX
20121221 20160208 1.4084e-05 4.7727e-10 TSX
20121224 20130516 -5.3859e-05 7.1986e-10 TSX
20121229 20130407 6.6045e-06 7.8527e-10 TSX
20130104 20130217 8.7155e-05 8.3e-10 TSX
20130109 20130715 0.00017475 7.1974e-10 TSX
20130112 20140511 -3.4858e-05 5.0394e-10 TSX
20130115 20130721 -7.5536e-05 6.8417e-10 TSX
20130126 20130823 -8.3161e-05 6.8954e-10 TSX
20130131 20130429 6.0309e-05 7.9566e-10 TSX
20130203 20130729 -2.2989e-05 6.197e-10 TSX
20130211 20130919 2.3756e-07 6.9938e-10 TSX
20130228 20141209 1.0301e-05 6.1161e-10 TSX
20130311 20130801 -8.5607e-05 7.197e-10 TSX
20130316 20130623 5.856e-06 7.855e-10 TSX
20130402 20150122 5.8529e-05 6.8276e-10 TSX
20130407 20140530 6.0956e-05 6.3847e-10 TSX
20130421 20171016 -6.6398e-06 5.1978e-10 TSX
20130424 20130721 -0.00018978 7.7511e-10 TSX
20130429 20130623 -0.00010464 8.2879e-10 TSX
20130505 20131028 -0.00012344 7.0622e-10 TSX
20130513 20151112 5.8124e-05 5.1506e-10 TSX
20130516 20131017 -0.00047736 7.153e-10 TSX
20130521 20130715 0.00021255 8.2866e-10 TSX
20130524 20171129 2.777e-06 4.859e-10 TSX
20130527 20140627 1.3865e-05 6.0937e-10 TSX
20130601 20130930 4.645e-05 7.6624e-10 TSX
20130604 20141217 4.5592e-06 4.8324e-10 TSX
20130607 20140719 1.2001e-05 6.0824e-10 TSX
20130612 20150105 3.5555e-05 6.256e-10 TSX
20130615 20160106 1.0426e-05 5.1092e-10 TSX
20130618 20140708 -3.286e-05 6.1239e-10 TSX
20130623 20130715 0.00065367 8.9062e-10 TSX
20130629 20130914 9.7171e-05 7.9463e-10 TSX
20130707 20150130 -1.3424e-05 4.5728e-10 TSX
20130710 20140901 -1.5463e-05 6.0834e-10 TSX
20130715 20130726 -0.0024291 1.0297e-09 TSX
20130721 20131108 0.00028026 7.7513e-10 TSX
20130726 20150517 4.8757e-05 6.4841e-10 TSX
20130729 20160904 -9e-06 5.237e-10 TSX
20130801 20151115 2.2703e-05 7.2028e-10 TSX
20130817 20140209 5.1501e-06 7.2554e-10 TSX
20130828 20150312 -1.3278e-05 6.2923e-10 TSX
20130903 20150329 5.8148e-05 6.5064e-10 TSX
20130919 20160309 5.0306e-05 6.502e-10 TSX
20130925 20140708 5.6468e-06 6.8021e-10 TSX
20130930 20160411 3.9939e-05 6.5834e-10 TSX
20131011 20150802 1.6964e-05 6.5738e-10 TSX
20131017 20140719 3.0759e-05 6.7144e-10 TSX
20131028 20160304 -6.0505e-05 5.223e-10 TSX
20131102 20140519 0.00010639 7.1189e-10 TSX
20131108 20140708 0.00017926 7.0026e-10 TSX
20140209 20160309 4.073e-06 6.3872e-10 TSX
20140223 20140829 2.4936e-05 6.0901e-10 TSX
20140408 20140705 -2.3855e-05 7.3192e-10 TSX
20140419 20170913 4.7434e-06 4.9897e-10 TSX
20140511 20141228 4.3074e-05 5.7905e-10 TSX
20140519 20150824 -1.2958e-05 6.5124e-10 TSX
20140624 20171005 2.5773e-05 5.7317e-10 TSX
20140627 20151115 -2.761e-05 6.7304e-10 TSX
20140705 20180911 2.1561e-05 5.231e-10 TSX
20140708 20160406 5.1841e-05 6.4897e-10 TSX
20140716 20171005 -1.0246e-05 6.0525e-10 TSX
20140719 20151207 -1.4917e-05 6.309e-10 TSX
20140727 20150326 -3.9573e-05 5.649e-10 TSX
20140810 20150122 1.6119e-05 7.3117e-10 TSX
20140818 20160301 -4.2764e-06 5.1364e-10 TSX
20140829 20160208 -3.0414e-05 5.3587e-10 TSX
20140901 20140912 -0.00027418 9.8423e-10 TSX
20140912 20141209 -2.0253e-05 7.752e-10 TSX
20140920 20170902 1.5659e-05 5.6037e-10 TSX
20141209 20160211 -2.3808e-05 6.3126e-10 TSX
20141217 20160722 -2.7561e-06 5.2359e-10 TSX
20141228 20160106 1.1094e-05 5.3934e-10 TSX
20141231 20151024 -1.8531e-05 6.507e-10 TSX
20150105 20150824 2.1035e-05 7.0575e-10 TSX
20150108 20170811 -3.3744e-05 4.5739e-10 TSX
20150119 20160117 2.3049e-05 5.3851e-10 TSX
20150127 20160411 2.6572e-05 6.6762e-10 TSX
20150130 20151112 6.7844e-05 5.6303e-10 TSX
20150210 20170114 1.9237e-05 4.8058e-10 TSX
20150213 20160326 7.9037e-05 6.674e-10 TSX
20150218 20160216 7.7391e-06 6.6961e-10 TSX
20150221 20180112 -3.6863e-05 5.9264e-10 TSX
20150304 20180911 -9.2356e-06 6.3502e-10 TSX
20150307 20160211 -1.556e-05 6.5378e-10 TSX
20150312 20160320 -2.9692e-06 6.6695e-10 TSX
20150326 20150827 7.1524e-05 6.4552e-10 TSX
20150329 20151207 -3.2052e-05 6.5446e-10 TSX
20150428 20160425 1.1045e-05 5.5607e-10 TSX
20150509 20150827 2.4829e-05 7.2198e-10 TSX
20150517 20150824 -0.00013535 7.9309e-10 TSX
20150520 20180911 -6.0758e-06 5.5322e-10 TSX
20150714 20170822 2.5669e-05 5.8734e-10 TSX
20150725 20170924 -9.3745e-06 5.0596e-10 TSX
20150802 20160309 -2.6313e-05 7.0466e-10 TSX
20150805 20160403 8.3482e-05 5.6817e-10 TSX
20150816 20171107 -4.3818e-06 4.4976e-10 TSX
20150824 20150915 0.00062747 8.9054e-10 TSX
20150827 20170902 -5.264e-06 4.32e-10 TSX
20150915 20160216 -2.3879e-05 7.4483e-10 TSX
20151021 20160904 -2.8983e-05 5.2381e-10 TSX
20151101 20171016 -1.2427e-05 5.0646e-10 TSX
20151112 20160425 1.7707e-06 6.3474e-10 TSX
20151115 20151229 0.0001345 8.2999e-10 TSX
20151123 20171221 1.76e-06 5.1369e-10 TSX
20151204 20151215 0.00015254 9.9148e-10 TSX
20151207 20160406 -2.9812e-05 7.4021e-10 TSX
20151215 20170822 -1.9462e-05 5.3823e-10 TSX
20151226 20161223 6.9714e-05 5.049e-10 TSX
20151229 20160211 2.2438e-07 8.2999e-10 TSX
20160106 20161223 4.8574e-05 5.0934e-10 TSX
20160117 20160926 2.9009e-05 5.6152e-10 TSX
20160128 20160301 -0.00017843 8.3731e-10 TSX
20160208 20160312 -7.5328e-05 8.3731e-10 TSX
20160216 20160309 -0.00036277 8.9054e-10 TSX
20160219 20180319 2.8516e-06 4.2377e-10 TSX
20160301 20161201 7.2519e-05 5.4497e-10 TSX
20160304 20160326 2.6946e-05 8.7557e-10 TSX
20160312 20180319 -5.0697e-07 4.2326e-10 TSX
20160320 20160411 0.00039077 8.9055e-10 TSX
20160323 20171118 3.8821e-05 4.8797e-10 TSX
20160326 20160406 -0.00050842 9.8411e-10 TSX
20160403 20171027 3.6555e-05 5.566e-10 TSX
20160425 20170811 4.1838e-05 4.818e-10 TSX
20160528 20160630 5.9909e-07 8.3731e-10 TSX
20160630 20171118 4.3358e-05 4.6989e-10 TSX
20160722 20161201 2.7004e-05 6.6751e-10 TSX
20160904 20180707 -3.1715e-05 4.5154e-10 TSX
20160915 20180911 -2.4609e-05 4.4916e-10 TSX
20160926 20170114 -4.622e-07 6.9726e-10 TSX
20161201 20171027 2.3313e-05 5.3023e-10 TSX
20161223 20171107 -3.0206e-05 5.3452e-10 TSX
20170114 20170902 2.1597e-05 5.7915e-10 TSX
20170811 20171005 -6.0353e-05 7.9144e-10 TSX
20170822 20180707 -9.3368e-05 5.2319e-10 TSX
20170913 20180707 -4.9461e-05 5.4041e-10 TSX
20170924 20180319 -9.9091e-05 6.1977e-10 TSX
20171005 20171107 6.7174e-05 8.3731e-10 TSX
20171016 20180319 -7.2043e-05 6.4239e-10 TSX
20171027 20180911 -2.629e-05 5.2313e-10 TSX
20171107 20171118 7.7403e-05 9.9148e-10 TSX
20171118 20171129 4.12e-05 9.9148e-10 TSX
20171129 20171221 -3.2577e-05 8.7171e-10 TSX
20171210 20180820 -0.00010442 5.5805e-10 TSX
20171221 20180911 1.5478e-05 5.5165e-10 TSX
20180112 20181003 -4.1167e-06 5.5084e-10 TSX
20180319 20180707 -9.7364e-05 6.9724e-10 TSX
20180707 20180911 0.00016032 7.7068e-10 TSX
20180729 20181003 -7.4811e-06 7.7068e-10 TSX
20180820 20181003 9.7477e-05 8.1323e-10 TSX
20180911 20181003 -0.00015462 8.7171e-10 TSX
