20030427 20030914 0.00015686 5.6605e-10 ERS2
20030914 20080629 -0.00010112 3.125e-10 ERS2
20050918 20090510 -2.0893e-06 3.0265e-10 ERS2
20051127 20081116 6.6644e-05 3.0819e-10 ERS2
20060903 20090510 0.00025148 3.0411e-10 ERS2
20061231 20090105 0.00017416 3.2313e-10 ALOS
20070402 20070703 -6.8458e-05 6.6621e-10 ALOS
20070518 20091008 8.8103e-05 2.9909e-10 ALOS
20070818 20071003 -0.00025238 7.7543e-10 ALOS
20071217 20100509 2.6657e-05 3.0617e-10 ALOS
20080103 20100526 5.449e-05 3.1115e-10 ALOS
20080404 20080520 6.3445e-05 7.7561e-10 ALOS
20080618 20090921 4.8889e-06 3.7296e-10 ALOS
20080629 20090510 0.00027638 4.1479e-10 ERS2
20080705 20091008 3.7149e-05 3.6537e-10 ALOS
20080803 20090823 -7.3241e-05 3.8492e-10 ERS2
20081116 20090823 0.00013399 4.3225e-10 ERS2
20081219 20090921 0.00066616 4.462e-10 ALOS
20090105 20090708 0.00010987 5.2809e-10 ALOS
20090510 20091101 -0.00032985 5.2121e-10 ERS2
20090708 20091008 0.00089921 6.6633e-10 ALOS
20090823 20091101 -0.00014474 6.9853e-10 ERS2
20091222 20100624 0.0004199 5.2569e-10 ALOS
20100108 20100223 0.00062862 7.7556e-10 ALOS
20100223 20100526 5.0524e-05 6.6691e-10 ALOS
20100410 20100711 9.1758e-05 6.6708e-10 ALOS
20100509 20100624 0.00055409 7.733e-10 ALOS
20100526 20100711 0.0004583 7.7545e-10 ALOS
20100624 20101109 0.00028603 5.8398e-10 ALOS
20100711 20101011 0.00049735 6.6617e-10 ALOS
20100809 20101109 -9.0822e-05 6.6354e-10 ALOS
20101011 20101126 8.0498e-05 7.7545e-10 ALOS
20110111 20110226 0.00071332 7.7539e-10 ALOS
20110924 20130715 0.00020784 3.4052e-10 TSX
20111005 20121229 5.2038e-05 3.822e-10 TSX
20111121 20171221 -4.222e-05 3.2567e-10 TSX
20111221 20130131 5.7375e-05 3.878e-10 TSX
20111224 20121027 -7.1948e-05 4.1916e-10 TSX
20120126 20140419 -5.5612e-05 3.2613e-10 TSX
20120203 20160320 -9.196e-05 3.1138e-10 TSX
20120206 20171107 4.7034e-05 3.0598e-10 TSX
20120617 20171129 -1.7e-05 3.0549e-10 TSX
20120723 20160120 0.00014455 3.3031e-10 TSX
20121024 20130109 0.00016275 7.015e-10 TSX
20121027 20151226 7.2675e-06 3.6136e-10 TSX
20121030 20130311 5.4834e-05 5.8466e-10 TSX
20121107 20171118 5.0377e-06 2.9645e-10 TSX
20121221 20160208 -6.8438e-05 3.3971e-10 TSX
20121224 20130516 5.2086e-05 5.6851e-10 TSX
20121229 20130407 3.8865e-05 6.5605e-10 TSX
20130104 20130217 5.3562e-05 7.7332e-10 TSX
20130109 20130715 0.00022024 5.3359e-10 TSX
20130112 20140511 -0.00014038 3.6842e-10 TSX
20130115 20130721 1.7376e-05 5.14e-10 TSX
20130126 20130823 3.0525e-05 5.0512e-10 TSX
20130131 20130429 1.3207e-05 6.7795e-10 TSX
20130203 20130729 -7.6807e-07 5.2321e-10 TSX
20130211 20130919 0.00014452 4.9578e-10 TSX
20130228 20141209 0.00017378 3.314e-10 TSX
20130311 20130801 0.00011376 5.6811e-10 TSX
20130316 20130623 0.00012002 6.5618e-10 TSX
20130402 20150122 0.00013881 3.4341e-10 TSX
20130407 20140530 6.0271e-05 3.8252e-10 TSX
20130421 20171016 3.1724e-05 3.8194e-10 TSX
20130424 20130721 2.9907e-05 6.6406e-10 TSX
20130429 20130623 3.1088e-05 7.5437e-10 TSX
20130505 20131028 -0.00040881 5.2904e-10 TSX
20130513 20151112 5.2116e-06 3.3905e-10 TSX
20130516 20131017 -6.6456e-05 5.5945e-10 TSX
20130521 20130715 0.0004732 7.5436e-10 TSX
20130524 20171129 -2.6916e-06 3.0227e-10 TSX
20130527 20140627 0.00016632 3.8462e-10 TSX
20130601 20130930 0.000361 6.1707e-10 TSX
20130604 20141217 -7.6144e-05 3.5361e-10 TSX
20130607 20140719 0.00016969 3.8129e-10 TSX
20130612 20150105 0.00012918 3.4869e-10 TSX
20130615 20160106 2.7208e-05 3.4532e-10 TSX
20130618 20140708 4.6821e-05 3.8818e-10 TSX
20130623 20130715 0.00073923 8.6247e-10 TSX
20130629 20130914 0.00038996 6.8906e-10 TSX
20130707 20150130 -0.00010726 3.3874e-10 TSX
20130710 20140901 7.0269e-05 3.7766e-10 TSX
20130715 20130726 -0.0025244 1.0117e-09 TSX
20130721 20131108 0.00061128 6.2257e-10 TSX
20130726 20150517 0.00018183 3.4044e-10 TSX
20130729 20160904 -4.4545e-05 3.218e-10 TSX
20130801 20151115 0.0002706 3.4792e-10 TSX
20130817 20140209 -0.00012021 5.4096e-10 TSX
20130828 20150312 7.9116e-05 3.479e-10 TSX
20130903 20150329 1.9896e-05 3.5331e-10 TSX
20130919 20160309 -3.5992e-05 4.0294e-10 TSX
20130925 20140708 -5.1098e-06 4.3141e-10 TSX
20130930 20160411 7.3324e-05 3.0137e-10 TSX
20131011 20150802 9.3218e-05 3.2816e-10 TSX
20131017 20140719 7.4519e-05 4.386e-10 TSX
20131028 20160304 8.2389e-05 3.7036e-10 TSX
20131102 20140519 -0.00014562 5.1699e-10 TSX
20131108 20140708 -6.5284e-06 4.6289e-10 TSX
20140209 20160309 0.0001081 3.8482e-10 TSX
20140223 20140829 -2.2053e-06 5.1111e-10 TSX
20140408 20140705 -2.5925e-05 6.6125e-10 TSX
20140419 20170913 9.5084e-05 3.4361e-10 TSX
20140511 20141228 -1.6246e-05 4.7018e-10 TSX
20140519 20150824 0.00019596 3.6627e-10 TSX
20140624 20171005 3.5505e-05 3.4213e-10 TSX
20140627 20151115 0.00012264 3.8859e-10 TSX
20140705 20180911 5.253e-06 2.8482e-10 TSX
20140708 20160406 0.00014356 3.8866e-10 TSX
20140716 20171005 8.2566e-05 3.3949e-10 TSX
20140719 20151207 0.00013987 3.6265e-10 TSX
20140727 20150326 -0.00010897 4.6145e-10 TSX
20140810 20150122 0.00012625 5.3919e-10 TSX
20140818 20160301 -8.7322e-05 3.7505e-10 TSX
20140829 20160208 -6.2624e-05 3.6798e-10 TSX
20140901 20140912 -0.00029467 9.682e-10 TSX
20140912 20141209 6.3659e-05 6.6403e-10 TSX
20140920 20170902 -1.9774e-05 3.5062e-10 TSX
20141209 20160211 0.00011408 4.1422e-10 TSX
20141217 20160722 -1.1044e-05 3.3343e-10 TSX
20141228 20160106 -5.5251e-05 4.0684e-10 TSX
20141231 20151024 0.00024396 4.2753e-10 TSX
20150105 20150824 8.2391e-05 4.8875e-10 TSX
20150108 20170811 4.9128e-05 3.7361e-10 TSX
20150119 20160117 -7.0243e-05 3.9417e-10 TSX
20150127 20160411 8.4874e-05 3.9655e-10 TSX
20150130 20151112 -2.5055e-05 4.4002e-10 TSX
20150210 20170114 1.6461e-05 3.3561e-10 TSX
20150213 20160326 0.00013214 4.0868e-10 TSX
20150218 20160216 9.5131e-05 4.2281e-10 TSX
20150221 20180112 5.1087e-05 3.2198e-10 TSX
20150304 20180911 -4.2813e-05 3.4912e-10 TSX
20150307 20160211 0.00016621 4.2586e-10 TSX
20150312 20160320 2.335e-05 4.1416e-10 TSX
20150326 20150827 0.0001714 5.5086e-10 TSX
20150329 20151207 0.00018335 4.616e-10 TSX
20150428 20160425 -2.675e-07 4.1076e-10 TSX
20150509 20150827 0.00018092 6.2038e-10 TSX
20150517 20150824 0.00014831 6.5639e-10 TSX
20150520 20180911 -2.4019e-05 3.2714e-10 TSX
20150714 20170822 2.7925e-05 3.6531e-10 TSX
20150725 20170924 -3.5013e-05 3.2516e-10 TSX
20150802 20160309 -1.8459e-05 4.9749e-10 TSX
20150805 20160403 -7.8635e-05 4.6423e-10 TSX
20150816 20171107 -6.6125e-06 3.1795e-10 TSX
20150824 20150915 0.00068963 8.6232e-10 TSX
20150827 20170902 2.7778e-05 3.5577e-10 TSX
20150915 20160216 7.4773e-06 5.6813e-10 TSX
20151021 20160904 -0.00013366 4.1939e-10 TSX
20151101 20171016 -4.5027e-05 3.7084e-10 TSX
20151112 20160425 -8.8775e-05 5.3643e-10 TSX
20151115 20151229 0.00020509 7.7333e-10 TSX
20151123 20171221 -2.842e-05 3.223e-10 TSX
20151204 20151215 0.00017427 9.7818e-10 TSX
20151207 20160406 -9.4761e-05 6.0217e-10 TSX
20151215 20170822 -9.3322e-07 3.4572e-10 TSX
20151226 20161223 -3.6535e-05 3.9369e-10 TSX
20151229 20160211 3.9258e-05 7.7333e-10 TSX
20160106 20161223 -1.9962e-05 4.01e-10 TSX
20160117 20160926 -1.1245e-06 4.5373e-10 TSX
20160128 20160301 -0.00022554 8.0659e-10 TSX
20160208 20160312 -3.2896e-05 8.0659e-10 TSX
20160216 20160309 -0.00042922 8.6232e-10 TSX
20160219 20180319 -6.8725e-05 3.3556e-10 TSX
20160301 20161201 5.9183e-05 4.3896e-10 TSX
20160304 20160326 4.1874e-05 8.4897e-10 TSX
20160312 20180319 -8.156e-05 3.4429e-10 TSX
20160320 20160411 0.00041443 8.6233e-10 TSX
20160323 20171118 1.8518e-05 3.5245e-10 TSX
20160326 20160406 -0.00048416 9.6813e-10 TSX
20160403 20171027 9.598e-06 3.8623e-10 TSX
20160425 20170811 -3.0669e-05 3.7911e-10 TSX
20160528 20160630 7.8496e-05 8.0659e-10 TSX
20160630 20171118 -7.3943e-05 3.6313e-10 TSX
20160722 20161201 0.0001033 5.8132e-10 TSX
20160904 20180707 -0.00013408 3.6316e-10 TSX
20160915 20180911 -7.9188e-05 3.4533e-10 TSX
20160926 20170114 -0.00010106 6.1793e-10 TSX
20161201 20171027 -9.3771e-05 4.2925e-10 TSX
20161223 20171107 -5.2677e-05 4.2671e-10 TSX
20170114 20170902 -4.477e-06 4.7661e-10 TSX
20170811 20171005 -7.8194e-05 7.4124e-10 TSX
20170822 20180707 -0.00020785 4.1598e-10 TSX
20170913 20180707 -0.00023614 4.3214e-10 TSX
20170924 20180319 -0.00028768 5.232e-10 TSX
20171005 20171107 1.8171e-05 8.0659e-10 TSX
20171016 20180319 -0.0002929 5.5009e-10 TSX
20171027 20180911 -0.00016216 4.1413e-10 TSX
20171107 20171118 7.1661e-05 9.7818e-10 TSX
20171118 20171129 5.3284e-05 9.7818e-10 TSX
20171129 20171221 -2.2416e-06 8.5087e-10 TSX
20171210 20180820 -0.00015458 4.5338e-10 TSX
20171221 20180911 -0.00011293 4.46e-10 TSX
20180112 20181003 -5.7842e-05 4.4611e-10 TSX
20180319 20180707 -1.9045e-05 6.1798e-10 TSX
20180707 20180911 0.0002423 7.1242e-10 TSX
20180729 20181003 0.00013243 7.1243e-10 TSX
20180820 20181003 0.00024774 7.7234e-10 TSX
20180911 20181003 -0.000136 8.5087e-10 TSX
