20030427 20030914 0.00067759 5.785e-10 ERS2
20030914 20080629 -6.0584e-05 2.7097e-10 ERS2
20050918 20090510 6.4489e-06 2.9813e-10 ERS2
20051127 20081116 4.8332e-05 3.1161e-10 ERS2
20060903 20090510 -5.2666e-05 3.1143e-10 ERS2
20061231 20090105 9.608e-05 3.1363e-10 ALOS
20070402 20070703 -0.00011329 6.6643e-10 ALOS
20070518 20091008 9.8327e-05 2.9921e-10 ALOS
20070818 20071003 -0.0004218 7.7581e-10 ALOS
20071217 20100509 7.8889e-05 2.9926e-10 ALOS
20080103 20100526 -1.5334e-05 2.9875e-10 ALOS
20080404 20080520 0.00016789 7.7583e-10 ALOS
20080618 20090921 1.3052e-05 3.7252e-10 ALOS
20080629 20090510 -0.00025354 4.1212e-10 ERS2
20080705 20091008 -5.7921e-06 3.6514e-10 ALOS
20080803 20090823 -6.7167e-05 3.8297e-10 ERS2
20081116 20090823 -5.9862e-06 4.3211e-10 ERS2
20081219 20090921 6.2898e-05 4.4615e-10 ALOS
20090105 20090708 3.6973e-06 5.2841e-10 ALOS
20090510 20091101 0.00067956 5.2026e-10 ERS2
20090708 20091008 0.00017381 6.6649e-10 ALOS
20090823 20091101 -1.7615e-05 6.9883e-10 ERS2
20091222 20100624 6.142e-05 5.2553e-10 ALOS
20100108 20100223 0.00010046 7.7639e-10 ALOS
20100223 20100526 -7.2984e-05 6.6647e-10 ALOS
20100410 20100711 -0.00012033 6.6657e-10 ALOS
20100509 20100624 0.00061687 7.7374e-10 ALOS
20100526 20100711 0.00033922 7.7582e-10 ALOS
20100624 20101109 -0.00011557 5.8405e-10 ALOS
20100711 20101011 -0.00015639 6.6648e-10 ALOS
20100809 20101109 -9.2824e-05 6.6373e-10 ALOS
20101011 20101126 0.00028467 7.7581e-10 ALOS
20110111 20110226 0.00067164 7.7581e-10 ALOS
20110924 20130715 3.3463e-05 3.2421e-10 TSX
20111005 20121229 5.1045e-07 3.684e-10 TSX
20111121 20171221 -1.5794e-05 2.6837e-10 TSX
20111221 20130131 4.4733e-05 3.8538e-10 TSX
20111224 20121027 -2.5992e-05 4.1923e-10 TSX
20120126 20140419 -3.9201e-05 2.9056e-10 TSX
20120203 20160320 1.2778e-06 2.4883e-10 TSX
20120206 20171107 -1.6916e-05 2.6016e-10 TSX
20120617 20171129 -1.1888e-05 2.8465e-10 TSX
20120723 20160120 2.2252e-05 2.6954e-10 TSX
20121024 20130109 0.00026494 7.0196e-10 TSX
20121027 20151226 -1.4252e-05 2.6598e-10 TSX
20121030 20130311 3.5352e-05 5.8469e-10 TSX
20121107 20171118 -2.5161e-05 2.5909e-10 TSX
20121221 20160208 1.9405e-05 2.6777e-10 TSX
20121224 20130516 -7.5551e-05 5.6852e-10 TSX
20121229 20130407 0.00012497 6.5632e-10 TSX
20130104 20130217 -3.1426e-06 7.7351e-10 TSX
20130109 20130715 -5.6429e-05 5.2914e-10 TSX
20130112 20140511 -5.1348e-05 3.5413e-10 TSX
20130115 20130721 -0.00013393 5.1397e-10 TSX
20130126 20130823 -0.00013853 5.1251e-10 TSX
20130131 20130429 -6.7561e-05 6.7828e-10 TSX
20130203 20130729 -4.9472e-05 5.2323e-10 TSX
20130211 20130919 -6.8702e-05 4.9597e-10 TSX
20130228 20141209 3.3379e-05 3.1302e-10 TSX
20130311 20130801 -5.0087e-05 5.6847e-10 TSX
20130316 20130623 2.5286e-05 6.5632e-10 TSX
20130402 20150122 9.8493e-05 4.0062e-10 TSX
20130407 20140530 -4.1939e-05 3.8083e-10 TSX
20130421 20171016 -1.2815e-05 2.6945e-10 TSX
20130424 20130721 -0.00027068 6.6411e-10 TSX
20130429 20130623 -7.2634e-05 7.5474e-10 TSX
20130505 20131028 -0.00046009 5.5667e-10 TSX
20130513 20151112 1.6261e-05 2.8016e-10 TSX
20130516 20131017 -0.00026917 6.1049e-10 TSX
20130521 20130715 0.00010801 7.5476e-10 TSX
20130524 20171129 -1.2033e-05 2.6365e-10 TSX
20130527 20140627 1.8535e-05 3.8336e-10 TSX
20130601 20130930 1.0261e-05 6.1713e-10 TSX
20130604 20141217 -2.2883e-05 3.3868e-10 TSX
20130607 20140719 5.8994e-05 3.8014e-10 TSX
20130612 20150105 1.4679e-05 3.3787e-10 TSX
20130615 20160106 -4.2759e-06 2.7644e-10 TSX
20130618 20140708 -1.7775e-05 3.8777e-10 TSX
20130623 20130715 0.00056949 8.6281e-10 TSX
20130629 20130914 0.00017425 6.9271e-10 TSX
20130707 20150130 -2.8792e-05 3.3795e-10 TSX
20130710 20140901 4.706e-05 3.7701e-10 TSX
20130715 20130726 -0.0025491 1.0121e-09 TSX
20130721 20131108 0.00081928 6.2981e-10 TSX
20130726 20150517 0.00018608 3.2235e-10 TSX
20130729 20160904 -2.3831e-05 2.689e-10 TSX
20130801 20151115 1.7753e-05 2.8898e-10 TSX
20130817 20140209 5.0731e-05 5.4102e-10 TSX
20130828 20150312 2.1775e-05 3.405e-10 TSX
20130903 20150329 -7.4722e-05 3.4438e-10 TSX
20130919 20160309 3.1483e-05 2.7709e-10 TSX
20130925 20140708 2.7119e-05 4.3146e-10 TSX
20130930 20160411 4.291e-05 2.7349e-10 TSX
20131011 20150802 4.2074e-07 3.218e-10 TSX
20131017 20140719 1.5624e-06 4.3883e-10 TSX
20131028 20160304 8.4247e-05 3.5063e-10 TSX
20131102 20140519 -0.0001722 5.1715e-10 TSX
20131108 20140708 3.929e-06 4.6569e-10 TSX
20140209 20160309 -9.0683e-06 3.1208e-10 TSX
20140223 20140829 -2.3267e-07 5.1119e-10 TSX
20140408 20140705 -1.3034e-05 6.616e-10 TSX
20140419 20170913 -7.3185e-06 2.7345e-10 TSX
20140511 20141228 4.5756e-05 4.7019e-10 TSX
20140519 20150824 0.00013915 3.6511e-10 TSX
20140624 20171005 -5.1387e-06 2.7288e-10 TSX
20140627 20151115 1.6689e-05 3.408e-10 TSX
20140705 20180911 -1.6789e-06 2.7104e-10 TSX
20140708 20160406 5.3035e-05 3.1738e-10 TSX
20140716 20171005 -1.1944e-05 2.7158e-10 TSX
20140719 20151207 -3.4146e-07 3.4165e-10 TSX
20140727 20150326 1.7246e-05 4.6162e-10 TSX
20140810 20150122 -8.4344e-06 5.3921e-10 TSX
20140818 20160301 3.1978e-06 3.2497e-10 TSX
20140829 20160208 -1.0161e-05 3.3143e-10 TSX
20140901 20140912 -0.00031334 9.6844e-10 TSX
20140912 20141209 8.789e-05 6.641e-10 TSX
20140920 20170902 3.3984e-06 2.847e-10 TSX
20141209 20160211 -2.3075e-05 3.6385e-10 TSX
20141217 20160722 -2.7851e-05 3.2078e-10 TSX
20141228 20160106 9.7845e-08 3.8208e-10 TSX
20141231 20151024 1.5336e-05 4.2492e-10 TSX
20150105 20150824 3.0988e-05 4.8607e-10 TSX
20150108 20170811 -7.6205e-06 2.8504e-10 TSX
20150119 20160117 1.9095e-05 3.8713e-10 TSX
20150127 20160411 5.1332e-05 3.7723e-10 TSX
20150130 20151112 1.1777e-05 4.2874e-10 TSX
20150210 20170114 -2.9234e-05 3.0293e-10 TSX
20150213 20160326 -0.00011176 4.0777e-10 TSX
20150218 20160216 1.7439e-05 4.0412e-10 TSX
20150221 20180112 -2.461e-05 3.059e-10 TSX
20150304 20180911 9.7318e-06 2.8256e-10 TSX
20150307 20160211 1.9188e-05 4.0083e-10 TSX
20150312 20160320 1.551e-05 4.0014e-10 TSX
20150326 20150827 -3.678e-05 5.4989e-10 TSX
20150329 20151207 -1.1982e-05 4.5478e-10 TSX
20150428 20160425 -1.7035e-06 3.8714e-10 TSX
20150509 20150827 -0.0001208 6.181e-10 TSX
20150517 20150824 -0.00012975 6.5637e-10 TSX
20150520 20180911 1.8368e-05 2.7548e-10 TSX
20150714 20170822 -3.5256e-05 2.9693e-10 TSX
20150725 20170924 -2.7224e-05 2.9283e-10 TSX
20150802 20160309 3.1796e-06 4.96e-10 TSX
20150805 20160403 4.4113e-05 4.6119e-10 TSX
20150816 20171107 -1.5883e-05 2.9216e-10 TSX
20150824 20150915 0.00069071 8.6272e-10 TSX
20150827 20170902 -2.8e-05 3.0252e-10 TSX
20150915 20160216 -0.00012128 5.6827e-10 TSX
20151021 20160904 3.6611e-06 4.1214e-10 TSX
20151101 20171016 -3.3905e-05 3.0309e-10 TSX
20151112 20160425 9.8376e-06 5.3622e-10 TSX
20151115 20151229 0.00020312 7.735e-10 TSX
20151123 20171221 -2.6001e-05 2.9553e-10 TSX
20151204 20151215 0.00014231 9.7934e-10 TSX
20151207 20160406 -2.3196e-05 6.0219e-10 TSX
20151215 20170822 2.7512e-06 3.1555e-10 TSX
20151226 20161223 -2.9927e-05 3.9359e-10 TSX
20151229 20160211 8.074e-06 7.735e-10 TSX
20160106 20161223 -1.7541e-05 3.9819e-10 TSX
20160117 20160926 -3.2937e-05 4.5302e-10 TSX
20160128 20160301 -9.3275e-05 8.0757e-10 TSX
20160208 20160312 -8.5169e-05 8.0757e-10 TSX
20160216 20160309 -0.00039673 8.6272e-10 TSX
20160219 20180319 -1.609e-05 2.9547e-10 TSX
20160301 20161201 -5.2248e-05 4.3859e-10 TSX
20160304 20160326 0.00010472 8.4918e-10 TSX
20160312 20180319 -2.2888e-05 2.9678e-10 TSX
20160320 20160411 0.00043254 8.6272e-10 TSX
20160323 20171118 -2.3333e-05 3.1677e-10 TSX
20160326 20160406 -0.00056415 9.6837e-10 TSX
20160403 20171027 -2.8847e-05 3.2103e-10 TSX
20160425 20170811 -8.9452e-06 3.4692e-10 TSX
20160528 20160630 -6.1826e-05 8.0757e-10 TSX
20160630 20171118 -2.004e-05 3.3915e-10 TSX
20160722 20161201 1.1077e-06 5.8149e-10 TSX
20160904 20180707 -2.6849e-05 3.231e-10 TSX
20160915 20180911 2.5853e-06 2.9998e-10 TSX
20160926 20170114 1.2919e-05 6.1819e-10 TSX
20161201 20171027 -1.3513e-05 4.0677e-10 TSX
20161223 20171107 -5.5633e-06 4.0908e-10 TSX
20170114 20170902 -3.852e-07 4.6869e-10 TSX
20170811 20171005 -5.4272e-05 7.4193e-10 TSX
20170822 20180707 -1.6376e-05 4.1368e-10 TSX
20170913 20180707 -2.6468e-05 4.2495e-10 TSX
20170924 20180319 4.593e-05 5.2331e-10 TSX
20171005 20171107 4.5567e-05 8.0757e-10 TSX
20171016 20180319 3.1254e-05 5.5021e-10 TSX
20171027 20180911 9.4812e-06 4.1388e-10 TSX
20171107 20171118 6.5317e-05 9.7934e-10 TSX
20171118 20171129 4.8981e-05 9.7934e-10 TSX
20171129 20171221 -3.4781e-05 8.5195e-10 TSX
20171210 20180820 -6.782e-06 4.5352e-10 TSX
20171221 20180911 5.7628e-05 4.4579e-10 TSX
20180112 20181003 1.1677e-05 4.4577e-10 TSX
20180319 20180707 -4.7062e-05 6.182e-10 TSX
20180707 20180911 0.00013866 7.1298e-10 TSX
20180729 20181003 -8.0099e-05 7.1298e-10 TSX
20180820 20181003 9.8466e-05 7.7318e-10 TSX
20180911 20181003 -0.00017839 8.5195e-10 TSX
