20030427 20030914 0.00083881 5.6856e-10 ERS2
20030914 20080629 6.5504e-05 2.7016e-10 ERS2
20050918 20090510 4.3963e-05 3.0811e-10 ERS2
20051127 20081116 4.8062e-05 3.1359e-10 ERS2
20060903 20090510 0.0001401 3.0912e-10 ERS2
20061231 20090105 -3.3426e-05 3.122e-10 ALOS
20070402 20070703 2.3295e-08 6.6683e-10 ALOS
20070518 20091008 -3.9153e-05 3.1458e-10 ALOS
20070818 20071003 -0.00024042 7.7651e-10 ALOS
20071217 20100509 7.6469e-05 3.0767e-10 ALOS
20080103 20100526 -0.0001106 3.1277e-10 ALOS
20080404 20080520 8.8449e-05 7.7652e-10 ALOS
20080618 20090921 -0.00022406 3.7322e-10 ALOS
20080629 20090510 -0.00025631 4.1823e-10 ERS2
20080705 20091008 -9.0356e-05 3.6494e-10 ALOS
20080803 20090823 1.15e-05 3.837e-10 ERS2
20081116 20090823 0.00015311 4.4165e-10 ERS2
20081219 20090921 0.00021884 4.461e-10 ALOS
20090105 20090708 0.00052383 5.2864e-10 ALOS
20090510 20091101 0.0002648 5.206e-10 ERS2
20090708 20091008 -1.4303e-05 6.6675e-10 ALOS
20090823 20091101 -2.5772e-05 6.9871e-10 ERS2
20091222 20100624 0.00017474 5.2549e-10 ALOS
20100108 20100223 0.0004411 7.7657e-10 ALOS
20100223 20100526 3.5988e-05 6.667e-10 ALOS
20100410 20100711 -2.2411e-05 6.6674e-10 ALOS
20100509 20100624 0.00061622 7.7439e-10 ALOS
20100526 20100711 0.00028983 7.7654e-10 ALOS
20100624 20101109 0.0001184 5.8416e-10 ALOS
20100711 20101011 9.3087e-05 6.6673e-10 ALOS
20100809 20101109 7.4382e-05 6.6396e-10 ALOS
20101011 20101126 0.00018315 7.7654e-10 ALOS
20110111 20110226 0.00047992 7.7651e-10 ALOS
20110924 20130715 -4.7153e-05 4.5524e-10 TSX
20111005 20121229 -0.00019417 4.3184e-10 TSX
20111121 20171221 2.7784e-05 3.5918e-10 TSX
20111221 20130131 -2.9712e-05 4.2358e-10 TSX
20111224 20121027 3.1958e-05 4.2815e-10 TSX
20120126 20140419 9.0528e-05 3.5941e-10 TSX
20120203 20160320 4.5963e-05 3.2334e-10 TSX
20120206 20171107 4.2224e-06 4.0647e-10 TSX
20120617 20171129 -2.8798e-05 3.6018e-10 TSX
20120723 20160120 5.5998e-05 4.3208e-10 TSX
20121024 20130109 0.00013018 7.0316e-10 TSX
20121027 20151226 -5.7658e-05 3.2781e-10 TSX
20121030 20130311 0.00014433 5.8746e-10 TSX
20121107 20171118 2.1684e-05 3.3327e-10 TSX
20121221 20160208 2.5854e-05 3.2936e-10 TSX
20121224 20130516 -0.00019193 5.6852e-10 TSX
20121229 20130407 -0.00017065 6.5658e-10 TSX
20130104 20130217 -6.0342e-05 7.7402e-10 TSX
20130109 20130715 0.00019337 5.5105e-10 TSX
20130112 20140511 -1.2728e-05 3.9903e-10 TSX
20130115 20130721 -0.0001407 5.782e-10 TSX
20130126 20130823 -0.00039261 5.262e-10 TSX
20130131 20130429 -0.00022668 6.7861e-10 TSX
20130203 20130729 -1.5896e-05 5.3763e-10 TSX
20130211 20130919 -6.7973e-05 5.3494e-10 TSX
20130228 20141209 -1.9064e-05 4.4025e-10 TSX
20130311 20130801 4.3735e-05 5.9496e-10 TSX
20130316 20130623 -7.6334e-06 6.6549e-10 TSX
20130402 20150122 -9.3765e-05 3.51e-10 TSX
20130407 20140530 0.00018768 4.4049e-10 TSX
20130421 20171016 2.874e-05 2.9425e-10 TSX
20130424 20130721 -0.00021491 6.7826e-10 TSX
20130429 20130623 -7.4739e-06 7.6009e-10 TSX
20130505 20131028 -0.00046846 5.6798e-10 TSX
20130513 20151112 1.5319e-05 3.5295e-10 TSX
20130516 20131017 -0.00023604 6.0989e-10 TSX
20130521 20130715 0.00026794 7.6097e-10 TSX
20130524 20171129 9.823e-05 3.2722e-10 TSX
20130527 20140627 1.8979e-05 4.4671e-10 TSX
20130601 20130930 0.00013097 6.4378e-10 TSX
20130604 20141217 2.8537e-05 4.0007e-10 TSX
20130607 20140719 -3.1926e-05 4.3094e-10 TSX
20130612 20150105 -4.8309e-05 4.177e-10 TSX
20130615 20160106 1.0421e-06 3.4054e-10 TSX
20130618 20140708 -4.4926e-05 4.2577e-10 TSX
20130623 20130715 0.00073956 8.6505e-10 TSX
20130629 20130914 0.00018798 7.0419e-10 TSX
20130707 20150130 5.0193e-05 3.7016e-10 TSX
20130710 20140901 -6.9838e-06 4.2238e-10 TSX
20130715 20130726 -0.0025366 1.0134e-09 TSX
20130721 20131108 0.00058321 6.3118e-10 TSX
20130726 20150517 0.00013497 3.7331e-10 TSX
20130729 20160904 3.2705e-05 3.3555e-10 TSX
20130801 20151115 0.00014531 3.7333e-10 TSX
20130817 20140209 -0.00015755 5.6449e-10 TSX
20130828 20150312 0.00010656 3.7334e-10 TSX
20130903 20150329 -8.3049e-05 3.7516e-10 TSX
20130919 20160309 9.4739e-05 3.9367e-10 TSX
20130925 20140708 -0.00014014 4.3802e-10 TSX
20130930 20160411 1.625e-05 4.2862e-10 TSX
20131011 20150802 9.2552e-05 3.692e-10 TSX
20131017 20140719 -7.8106e-05 4.4087e-10 TSX
20131028 20160304 0.00018126 3.2104e-10 TSX
20131102 20140519 -0.00013741 5.1893e-10 TSX
20131108 20140708 -0.00012621 4.7683e-10 TSX
20140209 20160309 3.3983e-05 4.1517e-10 TSX
20140223 20140829 -1.3339e-05 5.1635e-10 TSX
20140408 20140705 -3.6929e-05 6.6152e-10 TSX
20140419 20170913 2.9734e-05 3.7796e-10 TSX
20140511 20141228 3.5224e-05 4.8205e-10 TSX
20140519 20150824 5.7581e-05 4.1429e-10 TSX
20140624 20171005 5.0996e-05 3.405e-10 TSX
20140627 20151115 0.0001701 3.9118e-10 TSX
20140705 20180911 1.1275e-05 3.6344e-10 TSX
20140708 20160406 -8.0996e-05 4.584e-10 TSX
20140716 20171005 3.7467e-05 3.2099e-10 TSX
20140719 20151207 1.3338e-05 4.3308e-10 TSX
20140727 20150326 2.3122e-05 4.6252e-10 TSX
20140810 20150122 -8.7321e-05 5.406e-10 TSX
20140818 20160301 0.00014265 3.5086e-10 TSX
20140829 20160208 3.6861e-05 3.8064e-10 TSX
20140901 20140912 -0.00030068 9.6931e-10 TSX
20140912 20141209 8.0651e-05 6.6435e-10 TSX
20140920 20170902 3.6433e-07 3.3226e-10 TSX
20141209 20160211 4.4511e-05 4.3577e-10 TSX
20141217 20160722 4.3053e-05 3.9836e-10 TSX
20141228 20160106 -3.4326e-05 4.0869e-10 TSX
20141231 20151024 5.5854e-05 4.2796e-10 TSX
20150105 20150824 -0.00014192 5.1499e-10 TSX
20150108 20170811 9.0047e-05 3.4351e-10 TSX
20150119 20160117 4.5925e-05 4.248e-10 TSX
20150127 20160411 -3.8625e-05 4.048e-10 TSX
20150130 20151112 9.8866e-05 4.4625e-10 TSX
20150210 20170114 -4.271e-06 3.4957e-10 TSX
20150213 20160326 -0.00018931 3.9559e-10 TSX
20150218 20160216 4.31e-05 4.23e-10 TSX
20150221 20180112 1.8237e-05 3.1976e-10 TSX
20150304 20180911 -4.3856e-05 3.4306e-10 TSX
20150307 20160211 1.178e-05 4.1283e-10 TSX
20150312 20160320 -0.00014859 4.2218e-10 TSX
20150326 20150827 3.8506e-05 5.5157e-10 TSX
20150329 20151207 7.5023e-06 4.6022e-10 TSX
20150428 20160425 5.2829e-05 4.0535e-10 TSX
20150509 20150827 -6.5689e-05 6.2214e-10 TSX
20150517 20150824 8.4507e-06 6.6104e-10 TSX
20150520 20180911 -2.6976e-05 3.193e-10 TSX
20150714 20170822 4.9167e-05 3.3958e-10 TSX
20150725 20170924 0.00012136 3.5759e-10 TSX
20150802 20160309 -3.8404e-05 4.9665e-10 TSX
20150805 20160403 3.6115e-05 4.622e-10 TSX
20150816 20171107 3.977e-05 3.5049e-10 TSX
20150824 20150915 0.00071305 8.6392e-10 TSX
20150827 20170902 3.8556e-05 3.6085e-10 TSX
20150915 20160216 -8.5001e-05 5.7021e-10 TSX
20151021 20160904 -7.4565e-05 4.402e-10 TSX
20151101 20171016 -2.2682e-06 3.8253e-10 TSX
20151112 20160425 4.7612e-06 5.3663e-10 TSX
20151115 20151229 0.00010022 7.7401e-10 TSX
20151123 20171221 3.3245e-05 3.9193e-10 TSX
20151204 20151215 0.00015593 9.7865e-10 TSX
20151207 20160406 -4.6513e-05 6.0227e-10 TSX
20151215 20170822 0.00019323 3.8532e-10 TSX
20151226 20161223 6.2819e-05 4.1246e-10 TSX
20151229 20160211 5.8898e-05 7.7401e-10 TSX
20160106 20161223 5.902e-05 4.0511e-10 TSX
20160117 20160926 -5.3983e-05 4.7026e-10 TSX
20160128 20160301 -0.00019553 8.0698e-10 TSX
20160208 20160312 -9.1915e-05 8.0698e-10 TSX
20160216 20160309 -0.00041323 8.6391e-10 TSX
20160219 20180319 5.5678e-05 3.4905e-10 TSX
20160301 20161201 6.0967e-05 4.3953e-10 TSX
20160304 20160326 9.2539e-05 8.4996e-10 TSX
20160312 20180319 5.585e-05 3.3757e-10 TSX
20160320 20160411 0.00036017 8.6392e-10 TSX
20160323 20171118 -3.48e-05 3.9197e-10 TSX
20160326 20160406 -0.00051667 9.6924e-10 TSX
20160403 20171027 7.3939e-05 3.6867e-10 TSX
20160425 20170811 0.00012438 3.9755e-10 TSX
20160528 20160630 -5.797e-05 8.0699e-10 TSX
20160630 20171118 5.8645e-05 3.9075e-10 TSX
20160722 20161201 0.00018629 5.8158e-10 TSX
20160904 20180707 7.2122e-05 3.9191e-10 TSX
20160915 20180911 -1.9265e-05 3.6621e-10 TSX
20160926 20170114 4.0943e-05 6.2545e-10 TSX
20161201 20171027 2.7263e-06 4.4819e-10 TSX
20161223 20171107 5.5446e-05 4.3813e-10 TSX
20170114 20170902 6.8912e-05 4.8052e-10 TSX
20170811 20171005 -2.1559e-05 7.4153e-10 TSX
20170822 20180707 -3.9633e-05 4.2791e-10 TSX
20170913 20180707 -9.389e-05 4.5112e-10 TSX
20170924 20180319 5.9235e-05 5.2456e-10 TSX
20171005 20171107 3.6873e-05 8.0699e-10 TSX
20171016 20180319 0.00010894 5.507e-10 TSX
20171027 20180911 -5.1109e-05 4.3194e-10 TSX
20171107 20171118 8.0364e-05 9.7865e-10 TSX
20171118 20171129 5.839e-05 9.7865e-10 TSX
20171129 20171221 -2.5495e-05 8.513e-10 TSX
20171210 20180820 -6.1814e-05 4.6276e-10 TSX
20171221 20180911 -7.8376e-05 4.7649e-10 TSX
20180112 20181003 5.4007e-05 4.5908e-10 TSX
20180319 20180707 -0.00025017 6.2081e-10 TSX
20180707 20180911 0.00011365 7.124e-10 TSX
20180729 20181003 -1.9816e-05 7.1273e-10 TSX
20180820 20181003 0.00013779 7.7268e-10 TSX
20180911 20181003 -0.000183 8.513e-10 TSX
