20030427 20030914 -0.00010079 5.6664e-10 ERS2
20030914 20080629 -0.00010552 2.7115e-10 ERS2
20050918 20090510 1.0875e-05 2.9999e-10 ERS2
20051127 20081116 0.00025833 3.1484e-10 ERS2
20060903 20090510 -0.00012994 3.0917e-10 ERS2
20061231 20090105 -7.3533e-05 3.139e-10 ALOS
20070402 20070703 -0.00013453 6.6621e-10 ALOS
20070518 20091008 -0.00015785 3.0362e-10 ALOS
20070818 20071003 -9.5017e-05 7.75e-10 ALOS
20071217 20100509 -0.00018909 3.0071e-10 ALOS
20080103 20100526 -0.00011251 2.9928e-10 ALOS
20080404 20080520 3.3302e-05 7.7508e-10 ALOS
20080618 20090921 -0.00014439 3.7262e-10 ALOS
20080629 20090510 -0.00048487 4.1529e-10 ERS2
20080705 20091008 -0.00013082 3.6554e-10 ALOS
20080803 20090823 8.0939e-06 3.8302e-10 ERS2
20081116 20090823 0.00012893 4.3204e-10 ERS2
20081219 20090921 9.2142e-05 4.4619e-10 ALOS
20090105 20090708 -7.3634e-05 5.2867e-10 ALOS
20090510 20091101 0.00049569 5.2016e-10 ERS2
20090708 20091008 0.00080755 6.6617e-10 ALOS
20090823 20091101 -7.4362e-06 6.9851e-10 ERS2
20091222 20100624 0.00035878 5.2655e-10 ALOS
20100108 20100223 0.00033528 7.7508e-10 ALOS
20100223 20100526 -0.00012705 6.6662e-10 ALOS
20100410 20100711 -0.00015391 6.6645e-10 ALOS
20100509 20100624 0.00056428 7.7303e-10 ALOS
20100526 20100711 0.00038341 7.75e-10 ALOS
20100624 20101109 0.00012686 5.8397e-10 ALOS
20100711 20101011 0.00022278 6.6631e-10 ALOS
20100809 20101109 6.7951e-05 6.6353e-10 ALOS
20101011 20101126 0.00010915 7.7499e-10 ALOS
20110111 20110226 0.00062378 7.7499e-10 ALOS
20110924 20130715 -4.3246e-06 3.268e-10 TSX
20111005 20121229 -0.00013963 3.6934e-10 TSX
20111121 20171221 2.4204e-06 3.9472e-10 TSX
20111221 20130131 -6.1963e-05 3.8541e-10 TSX
20111224 20121027 -3.0179e-05 4.1933e-10 TSX
20120126 20140419 -0.00026273 3.0558e-10 TSX
20120203 20160320 2.1652e-05 3.1653e-10 TSX
20120206 20171107 4.2533e-05 4.8866e-10 TSX
20120617 20171129 6.5327e-05 3.8463e-10 TSX
20120723 20160120 3.583e-05 3.2557e-10 TSX
20121024 20130109 -8.2168e-05 7.0152e-10 TSX
20121027 20151226 -8.6571e-05 3.2513e-10 TSX
20121030 20130311 -4.0058e-05 5.8465e-10 TSX
20121107 20171118 5.6677e-05 4.6785e-10 TSX
20121221 20160208 1.542e-05 4.6903e-10 TSX
20121224 20130516 -0.00010326 5.6848e-10 TSX
20121229 20130407 0.00018398 6.5605e-10 TSX
20130104 20130217 0.00014572 7.7302e-10 TSX
20130109 20130715 4.3617e-05 5.2922e-10 TSX
20130112 20140511 -0.00018297 3.5511e-10 TSX
20130115 20130721 -0.00018339 5.1396e-10 TSX
20130126 20130823 4.2428e-05 5.4122e-10 TSX
20130131 20130429 -0.00016342 6.7794e-10 TSX
20130203 20130729 0.00012065 5.2318e-10 TSX
20130211 20130919 -3.4071e-05 4.9605e-10 TSX
20130228 20141209 -1.5384e-05 3.1437e-10 TSX
20130311 20130801 3.4894e-05 5.6839e-10 TSX
20130316 20130623 6.5683e-06 6.5606e-10 TSX
20130402 20150122 0.00023417 4.0971e-10 TSX
20130407 20140530 -0.00016076 3.8158e-10 TSX
20130421 20171016 -1.6697e-05 3.2978e-10 TSX
20130424 20130721 -0.00020466 6.6402e-10 TSX
20130429 20130623 3.8828e-05 7.5398e-10 TSX
20130505 20131028 -0.00019926 5.8009e-10 TSX
20130513 20151112 0.00013833 3.2457e-10 TSX
20130516 20131017 -0.00038967 5.7966e-10 TSX
20130521 20130715 0.00020494 7.54e-10 TSX
20130524 20171129 7.57e-05 3.5539e-10 TSX
20130527 20140627 -9.0861e-05 3.8444e-10 TSX
20130601 20130930 0.0001603 6.1694e-10 TSX
20130604 20141217 -0.00012138 3.4039e-10 TSX
20130607 20140719 -1.1821e-05 3.8118e-10 TSX
20130612 20150105 -2.7965e-05 3.4048e-10 TSX
20130615 20160106 -6.1408e-05 3.4521e-10 TSX
20130618 20140708 -7.626e-05 3.886e-10 TSX
20130623 20130715 0.0006352 8.611e-10 TSX
20130629 20130914 0.00026629 6.9837e-10 TSX
20130707 20150130 -0.00012882 3.3761e-10 TSX
20130710 20140901 -6.4482e-05 3.773e-10 TSX
20130715 20130726 -0.0024043 1.01e-09 TSX
20130721 20131108 0.00084013 6.5097e-10 TSX
20130726 20150517 3.3751e-05 3.2446e-10 TSX
20130729 20160904 -3.7959e-05 3.4688e-10 TSX
20130801 20151115 3.7634e-05 3.2685e-10 TSX
20130817 20140209 3.0801e-05 5.4096e-10 TSX
20130828 20150312 -3.8947e-05 3.4431e-10 TSX
20130903 20150329 -0.00014134 5.2704e-10 TSX
20130919 20160309 -1.0951e-06 3.0025e-10 TSX
20130925 20140708 4.9548e-05 4.3409e-10 TSX
20130930 20160411 5.2005e-05 3.0798e-10 TSX
20131011 20150802 -4.1308e-05 3.3097e-10 TSX
20131017 20140719 -0.0001086 4.3995e-10 TSX
20131028 20160304 -1.8746e-05 3.0386e-10 TSX
20131102 20140519 -0.00039585 5.1708e-10 TSX
20131108 20140708 -1.4856e-05 4.8402e-10 TSX
20140209 20160309 -6.9264e-05 3.1463e-10 TSX
20140223 20140829 7.6328e-05 5.1111e-10 TSX
20140408 20140705 7.4458e-05 6.6125e-10 TSX
20140419 20170913 2.0481e-05 3.1736e-10 TSX
20140511 20141228 0.00012508 4.7008e-10 TSX
20140519 20150824 0.00010354 3.7258e-10 TSX
20140624 20171005 1.157e-06 3.81e-10 TSX
20140627 20151115 0.00011021 3.7905e-10 TSX
20140705 20180911 5.9554e-06 3.5029e-10 TSX
20140708 20160406 6.2692e-06 3.4351e-10 TSX
20140716 20171005 3.5982e-05 3.4148e-10 TSX
20140719 20151207 -5.2627e-05 3.4872e-10 TSX
20140727 20150326 -1.4007e-05 4.6146e-10 TSX
20140810 20150122 2.3746e-05 5.3964e-10 TSX
20140818 20160301 -9.064e-05 3.3647e-10 TSX
20140829 20160208 -9.4465e-05 3.5107e-10 TSX
20140901 20140912 -0.00032681 9.6698e-10 TSX
20140912 20141209 0.00010887 6.64e-10 TSX
20140920 20170902 0.00011537 3.5413e-10 TSX
20141209 20160211 2.4205e-05 3.6828e-10 TSX
20141217 20160722 -2.9548e-05 3.4226e-10 TSX
20141228 20160106 4.482e-06 3.8699e-10 TSX
20141231 20151024 3.172e-05 4.3089e-10 TSX
20150105 20150824 6.7481e-07 4.926e-10 TSX
20150108 20170811 -1.7566e-05 3.2904e-10 TSX
20150119 20160117 4.7189e-05 3.9049e-10 TSX
20150127 20160411 0.00010406 3.9179e-10 TSX
20150130 20151112 4.103e-05 4.3369e-10 TSX
20150210 20170114 -1.9463e-05 3.3087e-10 TSX
20150213 20160326 -0.00011884 3.9579e-10 TSX
20150218 20160216 2.0276e-06 4.0821e-10 TSX
20150221 20180112 -4.819e-05 3.0332e-10 TSX
20150304 20180911 0.00011053 3.8188e-10 TSX
20150307 20160211 2.3567e-05 4.0487e-10 TSX
20150312 20160320 -4.1822e-05 4.0476e-10 TSX
20150326 20150827 0.00022129 5.543e-10 TSX
20150329 20151207 4.9179e-05 4.5453e-10 TSX
20150428 20160425 3.6381e-05 3.9369e-10 TSX
20150509 20150827 0.0002019 6.218e-10 TSX
20150517 20150824 0.00010251 6.5942e-10 TSX
20150520 20180911 -3.1444e-05 3.5553e-10 TSX
20150714 20170822 -8.7633e-05 3.0844e-10 TSX
20150725 20170924 -5.8872e-05 3.1103e-10 TSX
20150802 20160309 2.1767e-06 4.9597e-10 TSX
20150805 20160403 -3.389e-05 4.6171e-10 TSX
20150816 20171107 -0.00011502 3.0418e-10 TSX
20150824 20150915 0.00077008 8.61e-10 TSX
20150827 20170902 -0.00014672 3.1177e-10 TSX
20150915 20160216 -0.00013671 5.6805e-10 TSX
20151021 20160904 -6.3287e-05 4.1287e-10 TSX
20151101 20171016 -0.00011781 3.0162e-10 TSX
20151112 20160425 1.7665e-05 5.3617e-10 TSX
20151115 20151229 0.00018143 7.7302e-10 TSX
20151123 20171221 -0.0001567 2.9926e-10 TSX
20151204 20151215 0.00018425 9.7705e-10 TSX
20151207 20160406 -8.8223e-05 6.0218e-10 TSX
20151215 20170822 -7.7147e-05 3.2118e-10 TSX
20151226 20161223 -6.5946e-05 3.933e-10 TSX
20151229 20160211 3.8064e-06 7.7302e-10 TSX
20160106 20161223 -3.1645e-05 3.9796e-10 TSX
20160117 20160926 7.0461e-05 4.5304e-10 TSX
20160128 20160301 -0.00022741 8.0604e-10 TSX
20160208 20160312 -6.4094e-05 8.0604e-10 TSX
20160216 20160309 -0.00040699 8.61e-10 TSX
20160219 20180319 -0.00018057 3.0765e-10 TSX
20160301 20161201 5.2324e-05 4.386e-10 TSX
20160304 20160326 1.3593e-05 8.4806e-10 TSX
20160312 20180319 -0.00021382 3.1517e-10 TSX
20160320 20160411 0.00045222 8.61e-10 TSX
20160323 20171118 -9.3889e-05 3.2094e-10 TSX
20160326 20160406 -0.00049612 9.6691e-10 TSX
20160403 20171027 -5.7006e-05 3.2525e-10 TSX
20160425 20170811 -1.4614e-05 3.5336e-10 TSX
20160528 20160630 8.0545e-05 8.0604e-10 TSX
20160630 20171118 -6.9518e-05 3.4186e-10 TSX
20160722 20161201 0.00017745 5.8132e-10 TSX
20160904 20180707 -0.00015568 3.2191e-10 TSX
20160915 20180911 -0.0001678 3.0193e-10 TSX
20160926 20170114 1.8581e-05 6.1795e-10 TSX
20161201 20171027 -3.2902e-05 4.0696e-10 TSX
20161223 20171107 -5.8809e-05 4.0954e-10 TSX
20170114 20170902 2.6736e-05 4.6881e-10 TSX
20170811 20171005 -3.2087e-05 7.4111e-10 TSX
20170822 20180707 -0.00022201 4.1353e-10 TSX
20170913 20180707 -0.00027449 4.2535e-10 TSX
20170924 20180319 -0.00023622 5.2319e-10 TSX
20171005 20171107 5.8511e-05 8.0604e-10 TSX
20171016 20180319 -0.00024744 5.5007e-10 TSX
20171027 20180911 -0.0001681 4.1356e-10 TSX
20171107 20171118 7.0299e-05 9.7705e-10 TSX
20171118 20171129 3.7414e-05 9.7705e-10 TSX
20171129 20171221 -1.3936e-06 8.5e-10 TSX
20171210 20180820 -0.00013319 4.5348e-10 TSX
20171221 20180911 -6.8618e-05 4.4571e-10 TSX
20180112 20181003 -9.8523e-05 4.4572e-10 TSX
20180319 20180707 -4.4126e-05 6.1797e-10 TSX
20180707 20180911 0.00040594 7.1238e-10 TSX
20180729 20181003 0.00015781 7.1238e-10 TSX
20180820 20181003 0.00020657 7.7204e-10 TSX
20180911 20181003 -0.000158 8.5e-10 TSX
