20030427 20030914 -0.00030423 5.6629e-10 ERS2
20030914 20080629 5.4093e-05 2.8577e-10 ERS2
20050918 20090510 9.9534e-06 2.9619e-10 ERS2
20051127 20081116 0.00013836 3.1843e-10 ERS2
20060903 20090510 -4.1689e-05 3.1482e-10 ERS2
20061231 20090105 -2.7124e-05 3.196e-10 ALOS
20070402 20070703 -5.9472e-05 6.681e-10 ALOS
20070518 20091008 5.3874e-05 3.2232e-10 ALOS
20070818 20071003 -0.000425 7.7894e-10 ALOS
20071217 20100509 -0.00011106 3.0884e-10 ALOS
20080103 20100526 -0.00019439 3.048e-10 ALOS
20080404 20080520 -6.7635e-05 7.7914e-10 ALOS
20080618 20090921 -0.0001113 3.7316e-10 ALOS
20080629 20090510 -0.00028232 4.135e-10 ERS2
20080705 20091008 9.1655e-05 3.6592e-10 ALOS
20080803 20090823 -2.7726e-05 3.8333e-10 ERS2
20081116 20090823 9.5592e-05 4.3203e-10 ERS2
20081219 20090921 0.00027603 4.4709e-10 ALOS
20090105 20090708 4.0604e-05 5.2949e-10 ALOS
20090510 20091101 -0.00045742 5.214e-10 ERS2
20090708 20091008 0.00064024 6.6711e-10 ALOS
20090823 20091101 0.00027226 7.0076e-10 ERS2
20091222 20100624 0.00040271 5.3074e-10 ALOS
20100108 20100223 0.00024234 7.7994e-10 ALOS
20100223 20100526 0.00016015 6.681e-10 ALOS
20100410 20100711 -0.00012589 6.6841e-10 ALOS
20100509 20100624 0.00065733 7.7669e-10 ALOS
20100526 20100711 0.0004218 7.7889e-10 ALOS
20100624 20101109 -0.00020113 5.8411e-10 ALOS
20100711 20101011 0.00012017 6.6739e-10 ALOS
20100809 20101109 -0.00010241 6.6474e-10 ALOS
20101011 20101126 0.00014941 7.7886e-10 ALOS
20110111 20110226 0.00065719 7.7881e-10 ALOS
20110924 20130715 5.633e-06 3.2488e-10 TSX
20111005 20121229 3.2147e-05 3.7019e-10 TSX
20111121 20171221 -3.2541e-05 2.7936e-10 TSX
20111221 20130131 -2.4684e-05 3.8571e-10 TSX
20111224 20121027 -1.4477e-05 4.1959e-10 TSX
20120126 20140419 -4.761e-05 3.0246e-10 TSX
20120203 20160320 -2.5831e-06 2.5506e-10 TSX
20120206 20171107 -9.3943e-06 2.8043e-10 TSX
20120617 20171129 -2.4457e-05 2.773e-10 TSX
20120723 20160120 -5.7298e-06 2.7217e-10 TSX
20121024 20130109 0.00017826 7.0368e-10 TSX
20121027 20151226 -2.6018e-05 2.8408e-10 TSX
20121030 20130311 -2.1084e-05 5.8489e-10 TSX
20121107 20171118 -3.9291e-06 3.0216e-10 TSX
20121221 20160208 1.5377e-05 2.9759e-10 TSX
20121224 20130516 -0.00010657 5.6863e-10 TSX
20121229 20130407 -5.548e-05 6.5711e-10 TSX
20130104 20130217 -2.807e-05 7.7642e-10 TSX
20130109 20130715 -6.5996e-05 5.2942e-10 TSX
20130112 20140511 -3.1794e-05 3.5506e-10 TSX
20130115 20130721 -0.00014701 5.1399e-10 TSX
20130126 20130823 0.0001644 5.3977e-10 TSX
20130131 20130429 -5.3923e-05 6.7949e-10 TSX
20130203 20130729 -6.9079e-05 5.2314e-10 TSX
20130211 20130919 -1.4325e-05 4.9583e-10 TSX
20130228 20141209 -2.6328e-05 3.1459e-10 TSX
20130311 20130801 -5.9321e-05 5.6859e-10 TSX
20130316 20130623 -4.922e-05 6.5711e-10 TSX
20130402 20150122 0.00010735 4.1923e-10 TSX
20130407 20140530 -7.4144e-05 3.8097e-10 TSX
20130421 20171016 2.6956e-05 2.9211e-10 TSX
20130424 20130721 -0.0001986 6.6525e-10 TSX
20130429 20130623 -0.00012506 7.5748e-10 TSX
20130505 20131028 -0.00040824 6.0461e-10 TSX
20130513 20151112 1.6935e-05 3.1101e-10 TSX
20130516 20131017 -0.00010235 5.9774e-10 TSX
20130521 20130715 0.00023364 7.575e-10 TSX
20130524 20171129 1.5961e-05 2.7235e-10 TSX
20130527 20140627 -4.7437e-05 3.8386e-10 TSX
20130601 20130930 9.7208e-05 6.1734e-10 TSX
20130604 20141217 -1.5434e-05 3.4371e-10 TSX
20130607 20140719 1.4174e-07 3.8022e-10 TSX
20130612 20150105 -2.5723e-05 3.3857e-10 TSX
20130615 20160106 2.0558e-05 3.0638e-10 TSX
20130618 20140708 -9.7633e-06 3.8812e-10 TSX
20130623 20130715 0.00069437 8.658e-10 TSX
20130629 20130914 -0.0002377 7.1058e-10 TSX
20130707 20150130 -1.5548e-05 3.4202e-10 TSX
20130710 20140901 -1.7018e-05 3.7723e-10 TSX
20130715 20130726 -0.0023925 1.0147e-09 TSX
20130721 20131108 0.00072106 6.4376e-10 TSX
20130726 20150517 8.3414e-06 3.244e-10 TSX
20130729 20160904 -1.3318e-05 3.0334e-10 TSX
20130801 20151115 4.2473e-06 2.9173e-10 TSX
20130817 20140209 -8.0753e-05 5.4081e-10 TSX
20130828 20150312 2.9911e-05 3.4065e-10 TSX
20130903 20150329 -0.0001337 4e-10 TSX
20130919 20160309 -2.5245e-05 2.7843e-10 TSX
20130925 20140708 -6.2467e-05 4.7966e-10 TSX
20130930 20160411 -2.5921e-05 2.8315e-10 TSX
20131011 20150802 -1.0325e-05 3.2056e-10 TSX
20131017 20140719 2.7264e-05 4.6649e-10 TSX
20131028 20160304 -9.4489e-05 3.1496e-10 TSX
20131102 20140519 -0.00013893 5.1697e-10 TSX
20131108 20140708 8.3419e-06 5.3681e-10 TSX
20140209 20160309 -1.9547e-06 3.0923e-10 TSX
20140223 20140829 -1.9547e-05 5.111e-10 TSX
20140408 20140705 -5.8231e-05 6.6288e-10 TSX
20140419 20170913 5.2238e-05 2.9311e-10 TSX
20140511 20141228 1.5279e-05 4.7017e-10 TSX
20140519 20150824 1.265e-06 3.6562e-10 TSX
20140624 20171005 -3.8383e-07 2.9416e-10 TSX
20140627 20151115 5.3564e-06 3.4299e-10 TSX
20140705 20180911 -2.4185e-05 2.9644e-10 TSX
20140708 20160406 1.9739e-06 3.203e-10 TSX
20140716 20171005 3.4267e-05 2.8543e-10 TSX
20140719 20151207 -1.1846e-05 3.4144e-10 TSX
20140727 20150326 -1.2278e-05 4.6159e-10 TSX
20140810 20150122 2.3896e-05 5.5258e-10 TSX
20140818 20160301 1.1689e-05 3.4084e-10 TSX
20140829 20160208 1.7488e-05 3.551e-10 TSX
20140901 20140912 -0.00029556 9.7097e-10 TSX
20140912 20141209 -2.4266e-05 6.6525e-10 TSX
20140920 20170902 1.5872e-05 2.9781e-10 TSX
20141209 20160211 -2.3941e-05 3.6485e-10 TSX
20141217 20160722 1.2672e-05 3.3712e-10 TSX
20141228 20160106 4.6665e-06 3.9314e-10 TSX
20141231 20151024 5.5756e-06 4.2562e-10 TSX
20150105 20150824 -7.3054e-05 4.8627e-10 TSX
20150108 20170811 1.7946e-05 2.9488e-10 TSX
20150119 20160117 2.8426e-05 3.9361e-10 TSX
20150127 20160411 1.2417e-05 3.7294e-10 TSX
20150130 20151112 2.5426e-05 4.2979e-10 TSX
20150210 20170114 1.2685e-05 3.2363e-10 TSX
20150213 20160326 0.00010709 4.174e-10 TSX
20150218 20160216 -6.9941e-06 4.0306e-10 TSX
20150221 20180112 4.8907e-05 3.861e-10 TSX
20150304 20180911 -4.7322e-06 2.9178e-10 TSX
20150307 20160211 8.247e-06 4.012e-10 TSX
20150312 20160320 -6.0927e-05 3.9786e-10 TSX
20150326 20150827 3.6823e-05 5.5357e-10 TSX
20150329 20151207 1.6983e-05 4.5525e-10 TSX
20150428 20160425 4.0901e-05 4.0016e-10 TSX
20150509 20150827 4.6762e-05 6.2281e-10 TSX
20150517 20150824 -0.00010733 6.5759e-10 TSX
20150520 20180911 -8.0444e-06 2.9061e-10 TSX
20150714 20170822 3.7861e-05 3.1845e-10 TSX
20150725 20170924 -2.4932e-06 3.1554e-10 TSX
20150802 20160309 -3.0938e-05 4.9601e-10 TSX
20150805 20160403 -1.6634e-05 4.7325e-10 TSX
20150816 20171107 2.1012e-05 3.0344e-10 TSX
20150824 20150915 0.00072141 8.657e-10 TSX
20150827 20170902 2.0648e-05 3.096e-10 TSX
20150915 20160216 -5.5044e-05 5.6825e-10 TSX
20151021 20160904 -6.9339e-05 4.138e-10 TSX
20151101 20171016 1.1467e-05 3.1744e-10 TSX
20151112 20160425 -3.0808e-05 5.3663e-10 TSX
20151115 20151229 0.00016553 7.7642e-10 TSX
20151123 20171221 2.2596e-05 3.0935e-10 TSX
20151204 20151215 0.0001704 9.8117e-10 TSX
20151207 20160406 -0.00012284 6.0253e-10 TSX
20151215 20170822 4.4861e-05 3.3618e-10 TSX
20151226 20161223 2.4123e-05 3.9432e-10 TSX
20151229 20160211 -7.0287e-06 7.7642e-10 TSX
20160106 20161223 3.5927e-05 3.9933e-10 TSX
20160117 20160926 -8.6728e-06 4.5391e-10 TSX
20160128 20160301 -0.00015629 8.1036e-10 TSX
20160208 20160312 -0.00011671 8.1036e-10 TSX
20160216 20160309 -0.00037666 8.657e-10 TSX
20160219 20180319 1.1101e-05 2.9938e-10 TSX
20160301 20161201 6.8166e-05 4.3839e-10 TSX
20160304 20160326 9.2211e-06 8.5205e-10 TSX
20160312 20180319 1.7066e-05 3.0666e-10 TSX
20160320 20160411 0.00038431 8.6571e-10 TSX
20160323 20171118 1.8988e-05 3.2508e-10 TSX
20160326 20160406 -0.00049936 9.709e-10 TSX
20160403 20171027 1.9705e-05 3.3555e-10 TSX
20160425 20170811 4.0376e-05 3.5835e-10 TSX
20160528 20160630 1.2391e-05 8.1036e-10 TSX
20160630 20171118 5.3707e-05 3.4327e-10 TSX
20160722 20161201 0.00021126 5.8161e-10 TSX
20160904 20180707 2.6186e-05 3.2514e-10 TSX
20160915 20180911 -1.1552e-05 3.047e-10 TSX
20160926 20170114 6.2412e-05 6.1879e-10 TSX
20161201 20171027 -2.9087e-05 4.0722e-10 TSX
20161223 20171107 -2.3448e-05 4.1134e-10 TSX
20170114 20170902 -5.0576e-06 4.7116e-10 TSX
20170811 20171005 -6.0985e-05 7.4458e-10 TSX
20170822 20180707 -8.5305e-05 4.1409e-10 TSX
20170913 20180707 -0.00011664 4.279e-10 TSX
20170924 20180319 -3.9875e-05 5.2323e-10 TSX
20171005 20171107 4.7206e-05 8.1036e-10 TSX
20171016 20180319 1.1847e-06 5.502e-10 TSX
20171027 20180911 -3.6347e-05 4.1396e-10 TSX
20171107 20171118 9.4192e-05 9.8117e-10 TSX
20171118 20171129 6.0641e-05 9.8117e-10 TSX
20171129 20171221 -3.3023e-05 8.5433e-10 TSX
20171210 20180820 -7.9504e-05 4.5349e-10 TSX
20171221 20180911 -0.00010787 4.4578e-10 TSX
20180112 20181003 4.7947e-05 4.4569e-10 TSX
20180319 20180707 -0.00012794 6.1877e-10 TSX
20180707 20180911 0.00025267 7.152e-10 TSX
20180729 20181003 1.3304e-05 7.152e-10 TSX
20180820 20181003 0.00014419 7.7606e-10 TSX
20180911 20181003 -0.00023522 8.5433e-10 TSX
