20030427 20030914 0.00046863 5.6605e-10 ERS2
20030914 20080629 -0.00018454 2.7715e-10 ERS2
20050918 20090510 2.1286e-05 3.0064e-10 ERS2
20051127 20081116 3.4575e-05 3.0313e-10 ERS2
20060903 20090510 -0.00015276 3.2071e-10 ERS2
20061231 20090105 -0.00011912 3.1721e-10 ALOS
20070402 20070703 4.9711e-06 6.6638e-10 ALOS
20070518 20091008 0.00015581 3.1191e-10 ALOS
20070818 20071003 -0.00014218 7.7515e-10 ALOS
20071217 20100509 1.0965e-05 2.9975e-10 ALOS
20080103 20100526 5.8604e-05 3.1261e-10 ALOS
20080404 20080520 5.8928e-06 7.7533e-10 ALOS
20080618 20090921 5.0459e-06 3.7284e-10 ALOS
20080629 20090510 -0.00012963 4.1329e-10 ERS2
20080705 20091008 -0.00011755 3.6631e-10 ALOS
20080803 20090823 3.5059e-05 3.8304e-10 ERS2
20081116 20090823 5.501e-05 4.3202e-10 ERS2
20081219 20090921 0.00011822 4.4656e-10 ALOS
20090105 20090708 0.00026052 5.319e-10 ALOS
20090510 20091101 0.00037729 5.2245e-10 ERS2
20090708 20091008 0.00032887 6.6655e-10 ALOS
20090823 20091101 -0.00072385 6.9852e-10 ERS2
20091222 20100624 -7.7312e-07 5.2583e-10 ALOS
20100108 20100223 -0.00051425 7.755e-10 ALOS
20100223 20100526 -4.5859e-06 6.6648e-10 ALOS
20100410 20100711 -0.00012943 6.6842e-10 ALOS
20100509 20100624 0.00062027 7.7316e-10 ALOS
20100526 20100711 0.00048099 7.7515e-10 ALOS
20100624 20101109 3.0909e-05 5.8389e-10 ALOS
20100711 20101011 -0.00033567 6.6646e-10 ALOS
20100809 20101109 6.8107e-05 6.6349e-10 ALOS
20101011 20101126 0.00029474 7.7515e-10 ALOS
20110111 20110226 0.00042233 7.7514e-10 ALOS
20110924 20130715 7.2516e-06 3.2333e-10 TSX
20111005 20121229 2.0513e-05 3.6871e-10 TSX
20111121 20171221 3.5857e-05 2.9124e-10 TSX
20111221 20130131 2.1971e-05 3.8547e-10 TSX
20111224 20121027 3.705e-05 4.1953e-10 TSX
20120126 20140419 7.6032e-06 2.9821e-10 TSX
20120203 20160320 -2.0703e-05 2.6769e-10 TSX
20120206 20171107 4.7891e-05 2.8123e-10 TSX
20120617 20171129 3.008e-05 2.9115e-10 TSX
20120723 20160120 7.4364e-05 2.9298e-10 TSX
20121024 20130109 0.0001364 7.0161e-10 TSX
20121027 20151226 3.4263e-05 3.0326e-10 TSX
20121030 20130311 -9.7654e-07 5.8466e-10 TSX
20121107 20171118 2.5801e-05 2.9669e-10 TSX
20121221 20160208 2.6803e-05 2.977e-10 TSX
20121224 20130516 -2.4276e-05 5.6849e-10 TSX
20121229 20130407 2.8601e-05 6.5612e-10 TSX
20130104 20130217 -7.6737e-05 7.7311e-10 TSX
20130109 20130715 -6.4363e-05 5.2859e-10 TSX
20130112 20140511 5.2312e-07 3.5472e-10 TSX
20130115 20130721 -0.00013056 5.1393e-10 TSX
20130126 20130823 -0.00015692 5.4683e-10 TSX
20130131 20130429 -0.00012886 6.7801e-10 TSX
20130203 20130729 2.9409e-05 5.2317e-10 TSX
20130211 20130919 -2.2405e-06 4.9603e-10 TSX
20130228 20141209 2.5631e-05 3.1438e-10 TSX
20130311 20130801 -1.5095e-05 5.6859e-10 TSX
20130316 20130623 -1.6367e-05 6.5613e-10 TSX
20130402 20150122 7.6155e-05 3.7702e-10 TSX
20130407 20140530 -1.9642e-05 3.8092e-10 TSX
20130421 20171016 5.4368e-05 3.0315e-10 TSX
20130424 20130721 -0.00022233 6.6404e-10 TSX
20130429 20130623 -1.6868e-05 7.5412e-10 TSX
20130505 20131028 -0.00053854 5.6433e-10 TSX
20130513 20151112 3.7104e-05 3.1481e-10 TSX
20130516 20131017 -0.00022567 5.8676e-10 TSX
20130521 20130715 5.4584e-05 7.5416e-10 TSX
20130524 20171129 4.3349e-05 2.8351e-10 TSX
20130527 20140627 -6.3933e-05 3.8514e-10 TSX
20130601 20130930 -3.5706e-06 6.1702e-10 TSX
20130604 20141217 5.0231e-05 3.3987e-10 TSX
20130607 20140719 1.3618e-05 3.8006e-10 TSX
20130612 20150105 2.2797e-05 3.3882e-10 TSX
20130615 20160106 6.0421e-05 2.9862e-10 TSX
20130618 20140708 3.9142e-05 3.8824e-10 TSX
20130623 20130715 0.00058734 8.6144e-10 TSX
20130629 20130914 0.00013046 6.9083e-10 TSX
20130707 20150130 1.834e-05 3.3917e-10 TSX
20130710 20140901 3.9653e-05 3.7666e-10 TSX
20130715 20130726 -0.0023245 1.0105e-09 TSX
20130721 20131108 0.00068606 6.3678e-10 TSX
20130726 20150517 6.397e-05 3.2612e-10 TSX
20130729 20160904 1.5608e-05 3.0851e-10 TSX
20130801 20151115 6.0227e-05 3.0506e-10 TSX
20130817 20140209 6.4719e-05 5.41e-10 TSX
20130828 20150312 3.9508e-05 3.4038e-10 TSX
20130903 20150329 -5.4655e-05 3.5921e-10 TSX
20130919 20160309 -2.5917e-06 2.9462e-10 TSX
20130925 20140708 0.00012219 4.4292e-10 TSX
20130930 20160411 6.5789e-05 2.886e-10 TSX
20131011 20150802 2.2111e-05 3.3188e-10 TSX
20131017 20140719 -3.1355e-05 4.4026e-10 TSX
20131028 20160304 -5.9249e-05 4.2385e-10 TSX
20131102 20140519 -0.00013298 5.1714e-10 TSX
20131108 20140708 0.00011606 4.759e-10 TSX
20140209 20160309 4.8941e-06 3.2266e-10 TSX
20140223 20140829 4.1837e-05 5.1116e-10 TSX
20140408 20140705 -7.4471e-06 6.6125e-10 TSX
20140419 20170913 6.3408e-05 3.2727e-10 TSX
20140511 20141228 7.7772e-05 4.701e-10 TSX
20140519 20150824 8.9279e-05 3.7078e-10 TSX
20140624 20171005 4.9219e-05 2.9526e-10 TSX
20140627 20151115 7.0875e-05 3.5292e-10 TSX
20140705 20180911 1.6444e-05 2.9458e-10 TSX
20140708 20160406 3.2371e-05 3.2312e-10 TSX
20140716 20171005 6.4646e-05 3.1375e-10 TSX
20140719 20151207 3.4865e-05 3.4608e-10 TSX
20140727 20150326 -1.9102e-05 4.6158e-10 TSX
20140810 20150122 8.2279e-05 5.3919e-10 TSX
20140818 20160301 5.2059e-05 3.4156e-10 TSX
20140829 20160208 4.7582e-05 3.5135e-10 TSX
20140901 20140912 -0.00029535 9.6728e-10 TSX
20140912 20141209 4.1094e-05 6.6404e-10 TSX
20140920 20170902 5.4873e-05 3.1591e-10 TSX
20141209 20160211 3.5307e-05 3.7218e-10 TSX
20141217 20160722 2.7254e-05 3.4489e-10 TSX
20141228 20160106 6.3891e-05 3.9363e-10 TSX
20141231 20151024 4.515e-05 4.2529e-10 TSX
20150105 20150824 -3.4966e-05 4.8733e-10 TSX
20150108 20170811 8.6771e-05 3.1127e-10 TSX
20150119 20160117 8.6594e-05 3.9493e-10 TSX
20150127 20160411 2.8331e-05 3.734e-10 TSX
20150130 20151112 7.7477e-05 4.3698e-10 TSX
20150210 20170114 5.4269e-05 3.1918e-10 TSX
20150213 20160326 0.00016759 4.2893e-10 TSX
20150218 20160216 4.9706e-05 4.0373e-10 TSX
20150221 20180112 6.4325e-05 2.955e-10 TSX
20150304 20180911 5.5298e-05 2.89e-10 TSX
20150307 20160211 5.9347e-05 4.0134e-10 TSX
20150312 20160320 1.4597e-05 3.9786e-10 TSX
20150326 20150827 0.00011988 5.5401e-10 TSX
20150329 20151207 9.3267e-06 4.549e-10 TSX
20150428 20160425 0.0001095 3.9704e-10 TSX
20150509 20150827 9.135e-05 6.2174e-10 TSX
20150517 20150824 -7.1264e-05 6.5636e-10 TSX
20150520 20180911 5.3115e-05 3.1832e-10 TSX
20150714 20170822 6.8053e-05 3.0874e-10 TSX
20150725 20170924 5.0879e-05 3.2812e-10 TSX
20150802 20160309 5.9004e-05 4.9601e-10 TSX
20150805 20160403 1.785e-05 4.6174e-10 TSX
20150816 20171107 4.8773e-05 2.9722e-10 TSX
20150824 20150915 0.00069868 8.6135e-10 TSX
20150827 20170902 9.4018e-05 3.1557e-10 TSX
20150915 20160216 -3.0489e-05 5.6824e-10 TSX
20151021 20160904 -6.2317e-05 4.1288e-10 TSX
20151101 20171016 4.6808e-05 3.1467e-10 TSX
20151112 20160425 1.6008e-05 5.3613e-10 TSX
20151115 20151229 0.00013851 7.7311e-10 TSX
20151123 20171221 4.1941e-05 2.9651e-10 TSX
20151204 20151215 0.00018145 9.7718e-10 TSX
20151207 20160406 -4.0925e-05 6.0215e-10 TSX
20151215 20170822 8.2151e-05 3.1761e-10 TSX
20151226 20161223 6.1428e-05 3.9385e-10 TSX
20151229 20160211 4.2186e-06 7.7311e-10 TSX
20160106 20161223 6.9654e-05 3.9811e-10 TSX
20160117 20160926 0.00011516 4.5337e-10 TSX
20160128 20160301 -0.00019431 8.0607e-10 TSX
20160208 20160312 -3.9358e-05 8.0607e-10 TSX
20160216 20160309 -0.00041 8.6135e-10 TSX
20160219 20180319 1.801e-05 2.9835e-10 TSX
20160301 20161201 0.00012975 4.3863e-10 TSX
20160304 20160326 8.1237e-05 8.4828e-10 TSX
20160312 20180319 1.8893e-05 3.0458e-10 TSX
20160320 20160411 0.00035941 8.6135e-10 TSX
20160323 20171118 5.443e-05 3.2107e-10 TSX
20160326 20160406 -0.00054188 9.6721e-10 TSX
20160403 20171027 8.5264e-05 3.3403e-10 TSX
20160425 20170811 9.2465e-05 3.5425e-10 TSX
20160528 20160630 6.5082e-05 8.0607e-10 TSX
20160630 20171118 6.1815e-05 3.4407e-10 TSX
20160722 20161201 0.00021329 5.8131e-10 TSX
20160904 20180707 6.2172e-05 3.2841e-10 TSX
20160915 20180911 1.441e-05 3.0537e-10 TSX
20160926 20170114 1.587e-05 6.1797e-10 TSX
20161201 20171027 2.3389e-05 4.0743e-10 TSX
20161223 20171107 3.0674e-05 4.0892e-10 TSX
20170114 20170902 5.3841e-05 4.6919e-10 TSX
20170811 20171005 -1.3974e-05 7.4111e-10 TSX
20170822 20180707 -0.00010253 4.1361e-10 TSX
20170913 20180707 -0.00015408 4.2482e-10 TSX
20170924 20180319 -0.00010244 5.232e-10 TSX
20171005 20171107 3.9843e-05 8.0607e-10 TSX
20171016 20180319 -9.3533e-05 5.5009e-10 TSX
20171027 20180911 -3.5593e-05 4.1366e-10 TSX
20171107 20171118 8.2282e-05 9.7718e-10 TSX
20171118 20171129 4.9408e-05 9.7718e-10 TSX
20171129 20171221 2.6474e-08 8.5008e-10 TSX
20171210 20180820 -4.2061e-05 4.5344e-10 TSX
20171221 20180911 -4.1096e-05 4.457e-10 TSX
20180112 20181003 -2.7339e-05 4.4569e-10 TSX
20180319 20180707 -8.6593e-05 6.1796e-10 TSX
20180707 20180911 0.00032061 7.1237e-10 TSX
20180729 20181003 5.7503e-05 7.1237e-10 TSX
20180820 20181003 0.00013026 7.7205e-10 TSX
20180911 20181003 -0.0001796 8.5008e-10 TSX
