20030427 20030914 7.527e-05 5.6586e-10 ERS2
20030914 20080629 5.778e-05 2.7156e-10 ERS2
20050918 20090510 -4.1197e-05 3.0409e-10 ERS2
20051127 20081116 0.00011222 3.0296e-10 ERS2
20060903 20090510 -0.00024666 3.2352e-10 ERS2
20061231 20090105 -8.3202e-05 3.2528e-10 ALOS
20070402 20070703 2.8867e-05 6.6926e-10 ALOS
20070518 20091008 -0.00022844 3.0697e-10 ALOS
20070818 20071003 -0.00036513 7.8014e-10 ALOS
20071217 20100509 -0.00010697 3.1314e-10 ALOS
20080103 20100526 8.1712e-05 3.4331e-10 ALOS
20080404 20080520 -4.8519e-05 7.8021e-10 ALOS
20080618 20090921 -5.9995e-05 3.7235e-10 ALOS
20080629 20090510 9.8072e-05 4.1368e-10 ERS2
20080705 20091008 0.00038145 3.671e-10 ALOS
20080803 20090823 -7.5089e-05 3.8339e-10 ERS2
20081116 20090823 -0.00011431 4.322e-10 ERS2
20081219 20090921 -8.5767e-05 4.4634e-10 ALOS
20090105 20090708 -9.8461e-05 5.3409e-10 ALOS
20090510 20091101 -0.00016461 5.2228e-10 ERS2
20090708 20091008 8.1643e-05 6.6888e-10 ALOS
20090823 20091101 -0.00016211 6.9914e-10 ERS2
20091222 20100624 0.00027521 5.2644e-10 ALOS
20100108 20100223 0.0005387 7.8138e-10 ALOS
20100223 20100526 -0.00028415 6.698e-10 ALOS
20100410 20100711 -0.00016095 6.7027e-10 ALOS
20100509 20100624 0.00064033 7.7776e-10 ALOS
20100526 20100711 0.00030971 7.8017e-10 ALOS
20100624 20101109 7.235e-05 5.8507e-10 ALOS
20100711 20101011 -3.1179e-05 6.6909e-10 ALOS
20100809 20101109 3.1475e-05 6.66e-10 ALOS
20101011 20101126 0.00024966 7.8016e-10 ALOS
20110111 20110226 0.00051977 7.8015e-10 ALOS
20110924 20130715 2.4642e-05 3.6117e-10 TSX
20111005 20121229 7.0607e-06 4.2627e-10 TSX
20111121 20171221 5.3633e-06 4.392e-10 TSX
20111221 20130131 -1.2789e-05 3.9008e-10 TSX
20111224 20121027 -2.7295e-06 4.2069e-10 TSX
20120126 20140419 3.152e-05 3.5058e-10 TSX
20120203 20160320 6.533e-05 3.5306e-10 TSX
20120206 20171107 -2.8731e-06 4.6743e-10 TSX
20120617 20171129 9.004e-06 4.3952e-10 TSX
20120723 20160120 -3.5858e-05 3.1559e-10 TSX
20121024 20130109 -8.8924e-05 7.065e-10 TSX
20121027 20151226 1.956e-05 4.0895e-10 TSX
20121030 20130311 1.127e-05 5.8528e-10 TSX
20121107 20171118 4.5463e-05 3.5863e-10 TSX
20121221 20160208 1.1354e-05 3.8069e-10 TSX
20121224 20130516 -5.6366e-05 5.7071e-10 TSX
20121229 20130407 9.755e-05 6.5899e-10 TSX
20130104 20130217 5.1964e-05 7.7667e-10 TSX
20130109 20130715 0.00017557 5.4502e-10 TSX
20130112 20140511 -1.098e-06 3.8374e-10 TSX
20130115 20130721 -2.981e-05 5.2322e-10 TSX
20130126 20130823 -7.4539e-05 5.2428e-10 TSX
20130131 20130429 4.8352e-05 6.8134e-10 TSX
20130203 20130729 1.0728e-06 5.2419e-10 TSX
20130211 20130919 -3.4197e-05 5.1553e-10 TSX
20130228 20141209 -1.0463e-06 3.5472e-10 TSX
20130311 20130801 -4.2002e-05 5.7419e-10 TSX
20130316 20130623 1.3201e-05 6.5995e-10 TSX
20130402 20150122 0.0001564 3.8633e-10 TSX
20130407 20140530 -1.3837e-05 3.9592e-10 TSX
20130421 20171016 1.8665e-05 3.9738e-10 TSX
20130424 20130721 -0.00014861 6.6744e-10 TSX
20130429 20130623 -9.9791e-05 7.5933e-10 TSX
20130505 20131028 -0.00032949 6.3113e-10 TSX
20130513 20151112 1.8517e-05 4.211e-10 TSX
20130516 20131017 -0.00027125 5.903e-10 TSX
20130521 20130715 0.00012885 7.5977e-10 TSX
20130524 20171129 -2.6841e-05 4.5013e-10 TSX
20130527 20140627 -1.1671e-05 3.9492e-10 TSX
20130601 20130930 -3.7623e-05 6.2038e-10 TSX
20130604 20141217 3.1196e-05 3.5549e-10 TSX
20130607 20140719 2.0382e-05 3.8902e-10 TSX
20130612 20150105 1.241e-05 3.9985e-10 TSX
20130615 20160106 5.621e-05 3.6036e-10 TSX
20130618 20140708 -3.78e-05 3.98e-10 TSX
20130623 20130715 0.0006065 8.6756e-10 TSX
20130629 20130914 -4.2283e-06 7.0649e-10 TSX
20130707 20150130 1.1376e-05 3.4593e-10 TSX
20130710 20140901 1.2416e-05 3.8503e-10 TSX
20130715 20130726 -0.0024019 1.0165e-09 TSX
20130721 20131108 8.7647e-06 6.5549e-10 TSX
20130726 20150517 5.1598e-06 3.7584e-10 TSX
20130729 20160904 6.2022e-06 4.4222e-10 TSX
20130801 20151115 2.2005e-05 3.981e-10 TSX
20130817 20140209 2.0986e-05 5.4296e-10 TSX
20130828 20150312 -1.532e-05 3.8076e-10 TSX
20130903 20150329 -0.00012982 3.8811e-10 TSX
20130919 20160309 5.2559e-05 3.5943e-10 TSX
20130925 20140708 1.0817e-05 4.6016e-10 TSX
20130930 20160411 7.8888e-05 3.7792e-10 TSX
20131011 20150802 1.2647e-05 3.7662e-10 TSX
20131017 20140719 -0.00012602 4.9463e-10 TSX
20131028 20160304 -0.00015597 3.682e-10 TSX
20131102 20140519 8.9171e-05 5.1784e-10 TSX
20131108 20140708 -6.9961e-05 5.0548e-10 TSX
20140209 20160309 1.4942e-06 4.1175e-10 TSX
20140223 20140829 -2.2763e-05 5.1258e-10 TSX
20140408 20140705 -3.1531e-06 6.62e-10 TSX
20140419 20170913 5.1284e-05 3.5415e-10 TSX
20140511 20141228 1.5816e-05 4.738e-10 TSX
20140519 20150824 -7.7593e-06 4.3799e-10 TSX
20140624 20171005 -4.8727e-06 4.377e-10 TSX
20140627 20151115 -3.7083e-05 4.178e-10 TSX
20140705 20180911 6.6545e-06 3.8842e-10 TSX
20140708 20160406 -3.0898e-07 3.6419e-10 TSX
20140716 20171005 1.725e-05 3.794e-10 TSX
20140719 20151207 3.951e-06 3.7571e-10 TSX
20140727 20150326 -5.6275e-05 4.6384e-10 TSX
20140810 20150122 9.1902e-05 5.525e-10 TSX
20140818 20160301 2.7292e-05 4.074e-10 TSX
20140829 20160208 -6.7376e-05 4.5573e-10 TSX
20140901 20140912 -0.0002689 9.7174e-10 TSX
20140912 20141209 3.6113e-05 6.6645e-10 TSX
20140920 20170902 -1.1052e-05 4.0714e-10 TSX
20141209 20160211 4.9757e-05 4.1155e-10 TSX
20141217 20160722 -1.3434e-05 4.496e-10 TSX
20141228 20160106 2.1349e-05 4.2838e-10 TSX
20141231 20151024 -6.442e-06 4.4033e-10 TSX
20150105 20150824 -9.0331e-05 4.9729e-10 TSX
20150108 20170811 3.5513e-05 4.2663e-10 TSX
20150119 20160117 4.3814e-05 4.2681e-10 TSX
20150127 20160411 7.3746e-05 4.0386e-10 TSX
20150130 20151112 3.1504e-05 4.7896e-10 TSX
20150210 20170114 2.6227e-05 4.1508e-10 TSX
20150213 20160326 -4.1578e-07 4.0296e-10 TSX
20150218 20160216 2.937e-07 4.2567e-10 TSX
20150221 20180112 1.0746e-05 3.8549e-10 TSX
20150304 20180911 1.5386e-05 4.5276e-10 TSX
20150307 20160211 -3.6328e-05 4.2283e-10 TSX
20150312 20160320 2.4903e-06 4.2386e-10 TSX
20150326 20150827 2.27e-05 5.6045e-10 TSX
20150329 20151207 -2.8661e-05 4.6746e-10 TSX
20150428 20160425 1.4336e-05 4.5378e-10 TSX
20150509 20150827 -5.9391e-05 6.5051e-10 TSX
20150517 20150824 -0.00028958 6.6268e-10 TSX
20150520 20180911 2.1193e-05 3.0588e-10 TSX
20150714 20170822 8.3506e-06 3.6221e-10 TSX
20150725 20170924 -1.1911e-05 3.3657e-10 TSX
20150802 20160309 -1.7879e-05 5.1592e-10 TSX
20150805 20160403 4.2295e-05 4.6447e-10 TSX
20150816 20171107 7.0777e-06 3.8545e-10 TSX
20150824 20150915 0.00052692 8.6747e-10 TSX
20150827 20170902 -2.9992e-06 3.2942e-10 TSX
20150915 20160216 3.9181e-05 5.7275e-10 TSX
20151021 20160904 -1.6513e-05 4.3336e-10 TSX
20151101 20171016 -2.0592e-05 3.5505e-10 TSX
20151112 20160425 -1.1857e-05 5.3727e-10 TSX
20151115 20151229 6.3175e-05 7.7667e-10 TSX
20151123 20171221 -3.7987e-05 3.4841e-10 TSX
20151204 20151215 0.00016387 9.8084e-10 TSX
20151207 20160406 -1.0387e-05 6.0303e-10 TSX
20151215 20170822 2.3828e-05 3.6926e-10 TSX
20151226 20161223 5.8834e-06 3.9671e-10 TSX
20151229 20160211 2.0842e-05 7.7667e-10 TSX
20160106 20161223 9.6711e-06 4.0046e-10 TSX
20160117 20160926 3.0886e-05 4.7072e-10 TSX
20160128 20160301 -0.00018802 8.0883e-10 TSX
20160208 20160312 -9.1387e-05 8.0883e-10 TSX
20160216 20160309 -0.00030392 8.6747e-10 TSX
20160219 20180319 -8.4281e-06 3.477e-10 TSX
20160301 20161201 3.1302e-05 4.3951e-10 TSX
20160304 20160326 3.4027e-05 8.5261e-10 TSX
20160312 20180319 -1.0144e-06 3.5376e-10 TSX
20160320 20160411 0.00038154 8.6752e-10 TSX
20160323 20171118 1.5802e-05 3.5446e-10 TSX
20160326 20160406 -0.00049015 9.7165e-10 TSX
20160403 20171027 3.3323e-05 3.5064e-10 TSX
20160425 20170811 2.4027e-05 3.7676e-10 TSX
20160528 20160630 6.0226e-06 8.0883e-10 TSX
20160630 20171118 1.8575e-05 3.4559e-10 TSX
20160722 20161201 7.3501e-05 5.8264e-10 TSX
20160904 20180707 9.9226e-06 3.7959e-10 TSX
20160915 20180911 -2.4779e-06 3.5993e-10 TSX
20160926 20170114 9.9867e-05 6.1957e-10 TSX
20161201 20171027 1.8607e-06 4.2561e-10 TSX
20161223 20171107 3.0675e-05 4.4922e-10 TSX
20170114 20170902 -1.0687e-06 4.7553e-10 TSX
20170811 20171005 -3.4386e-05 7.428e-10 TSX
20170822 20180707 -6.4253e-05 4.1537e-10 TSX
20170913 20180707 -9.3554e-05 4.281e-10 TSX
20170924 20180319 -5.2716e-05 5.2364e-10 TSX
20171005 20171107 8.607e-05 8.0883e-10 TSX
20171016 20180319 -4.3653e-05 5.505e-10 TSX
20171027 20180911 -2.5314e-05 4.1558e-10 TSX
20171107 20171118 6.646e-05 9.8084e-10 TSX
20171118 20171129 5.4201e-05 9.8084e-10 TSX
20171129 20171221 -4.6617e-07 8.5336e-10 TSX
20171210 20180820 -9.0036e-05 4.5421e-10 TSX
20171221 20180911 -2.7739e-05 4.4807e-10 TSX
20180112 20181003 4.443e-05 4.4834e-10 TSX
20180319 20180707 -0.00013979 6.1901e-10 TSX
20180707 20180911 0.00016074 7.1365e-10 TSX
20180729 20181003 2.7207e-05 7.1365e-10 TSX
20180820 20181003 0.00014558 7.7425e-10 TSX
20180911 20181003 -0.00012997 8.5337e-10 TSX
