20030427 20030914 0.00025299 5.686e-10 ERS2
20030914 20080629 -5.9301e-05 2.7414e-10 ERS2
20050918 20090510 9.0721e-05 3.0091e-10 ERS2
20051127 20081116 9.5178e-05 3.0362e-10 ERS2
20060903 20090510 -0.00015087 3.0648e-10 ERS2
20061231 20090105 0.00015529 3.2278e-10 ALOS
20070402 20070703 0.0002167 6.7868e-10 ALOS
20070518 20091008 0.00013596 3.1709e-10 ALOS
20070818 20071003 -0.00027124 7.8813e-10 ALOS
20071217 20100509 -5.7519e-06 3.2294e-10 ALOS
20080103 20100526 -1.4326e-05 3.0793e-10 ALOS
20080404 20080520 0.00019605 7.8823e-10 ALOS
20080618 20090921 0.00013218 3.7521e-10 ALOS
20080629 20090510 -0.00080975 4.1511e-10 ERS2
20080705 20091008 0.00013282 3.6712e-10 ALOS
20080803 20090823 -0.00018708 3.8336e-10 ERS2
20081116 20090823 -2.8893e-05 4.3197e-10 ERS2
20081219 20090921 0.0004477 4.5182e-10 ALOS
20090105 20090708 0.0004027 5.3754e-10 ALOS
20090510 20091101 0.00028135 5.2283e-10 ERS2
20090708 20091008 0.00028384 6.7831e-10 ALOS
20090823 20091101 0.00061862 7.0533e-10 ERS2
20091222 20100624 0.00016619 5.3364e-10 ALOS
20100108 20100223 0.00029535 7.8812e-10 ALOS
20100223 20100526 0.00035989 6.7914e-10 ALOS
20100410 20100711 0.00023953 6.7876e-10 ALOS
20100509 20100624 0.00077016 7.8552e-10 ALOS
20100526 20100711 0.00057487 7.8808e-10 ALOS
20100624 20101109 -3.5146e-05 5.9137e-10 ALOS
20100711 20101011 -0.0001356 6.7805e-10 ALOS
20100809 20101109 -0.00024335 6.7453e-10 ALOS
20101011 20101126 0.00013535 7.8807e-10 ALOS
20110111 20110226 0.00049256 7.8805e-10 ALOS
20110924 20130715 -1.387e-05 3.5576e-10 TSX
20111005 20121229 2.4097e-07 3.9697e-10 TSX
20111121 20171221 -1.5948e-05 4.7673e-10 TSX
20111221 20130131 4.4034e-05 3.8975e-10 TSX
20111224 20121027 1.767e-05 4.2216e-10 TSX
20120126 20140419 -5.9336e-05 4.3819e-10 TSX
20120203 20160320 -4.1557e-05 3.3554e-10 TSX
20120206 20171107 3.5378e-06 4.7353e-10 TSX
20120617 20171129 -5.2456e-06 5.0434e-10 TSX
20120723 20160120 -5.7539e-05 3.4902e-10 TSX
20121024 20130109 7.726e-05 7.1734e-10 TSX
20121027 20151226 -3.4674e-05 4.5054e-10 TSX
20121030 20130311 -7.7426e-05 5.9035e-10 TSX
20121107 20171118 -5.4575e-05 4.2549e-10 TSX
20121221 20160208 -4.1078e-05 4.4441e-10 TSX
20121224 20130516 -7.1746e-05 5.7339e-10 TSX
20121229 20130407 -2.7475e-06 6.6925e-10 TSX
20130104 20130217 -4.4234e-05 7.838e-10 TSX
20130109 20130715 6.2363e-05 5.6713e-10 TSX
20130112 20140511 -8.6597e-05 4.3633e-10 TSX
20130115 20130721 -3.8355e-05 5.3763e-10 TSX
20130126 20130823 -0.00047159 5.4479e-10 TSX
20130131 20130429 8.0975e-06 6.9115e-10 TSX
20130203 20130729 -2.9892e-06 5.3143e-10 TSX
20130211 20130919 0.00011229 5.2e-10 TSX
20130228 20141209 1.1979e-05 4.7138e-10 TSX
20130311 20130801 5.8718e-05 5.8263e-10 TSX
20130316 20130623 -6.9415e-05 6.6755e-10 TSX
20130402 20150122 0.00010898 3.9853e-10 TSX
20130407 20140530 9.7634e-05 4.1268e-10 TSX
20130421 20171016 -1.1144e-05 3.9329e-10 TSX
20130424 20130721 -0.00022868 6.7513e-10 TSX
20130429 20130623 -0.00010447 7.6795e-10 TSX
20130505 20131028 -0.00094512 5.5189e-10 TSX
20130513 20151112 -2.3107e-05 3.5249e-10 TSX
20130516 20131017 -0.00032387 5.8654e-10 TSX
20130521 20130715 0.00026942 7.6974e-10 TSX
20130524 20171129 1.0747e-05 4.8843e-10 TSX
20130527 20140627 4.4936e-05 4.055e-10 TSX
20130601 20130930 0.00024511 6.4283e-10 TSX
20130604 20141217 0.00012781 5.3102e-10 TSX
20130607 20140719 0.00014331 4.0108e-10 TSX
20130612 20150105 3.1985e-05 3.8167e-10 TSX
20130615 20160106 -1.5475e-05 4.4145e-10 TSX
20130618 20140708 -1.63e-05 3.9873e-10 TSX
20130623 20130715 0.00070912 8.7213e-10 TSX
20130629 20130914 0.000183 7.0639e-10 TSX
20130707 20150130 -1.4665e-05 4.7237e-10 TSX
20130710 20140901 0.00010962 4.0276e-10 TSX
20130715 20130726 -0.0024517 1.0197e-09 TSX
20130721 20131108 0.00056693 6.4544e-10 TSX
20130726 20150517 0.00028935 3.6514e-10 TSX
20130729 20160904 -0.00010921 4.9626e-10 TSX
20130801 20151115 -0.00013903 3.4685e-10 TSX
20130817 20140209 -0.00014207 5.498e-10 TSX
20130828 20150312 -0.00018697 3.7013e-10 TSX
20130903 20150329 -0.00011769 3.5247e-10 TSX
20130919 20160309 7.8496e-05 3.6347e-10 TSX
20130925 20140708 -1.1272e-05 4.4401e-10 TSX
20130930 20160411 3.7261e-05 3.4817e-10 TSX
20131011 20150802 1.9058e-05 3.6331e-10 TSX
20131017 20140719 0.00011047 4.5108e-10 TSX
20131028 20160304 -1.2227e-05 3.11e-10 TSX
20131102 20140519 4.1869e-05 5.3242e-10 TSX
20131108 20140708 4.9811e-05 4.783e-10 TSX
20140209 20160309 -3.5505e-05 3.3618e-10 TSX
20140223 20140829 6.6519e-05 5.2642e-10 TSX
20140408 20140705 8.6698e-05 6.677e-10 TSX
20140419 20170913 7.453e-05 4.5433e-10 TSX
20140511 20141228 0.00014274 5.377e-10 TSX
20140519 20150824 -2.019e-05 3.998e-10 TSX
20140624 20171005 9.9425e-05 3.4893e-10 TSX
20140627 20151115 -0.00016269 3.9454e-10 TSX
20140705 20180911 7.6287e-05 4.3738e-10 TSX
20140708 20160406 -0.00010301 4.0202e-10 TSX
20140716 20171005 9.7571e-05 3.6481e-10 TSX
20140719 20151207 -0.00018188 4.1801e-10 TSX
20140727 20150326 -4.6362e-05 4.7006e-10 TSX
20140810 20150122 -8.3663e-05 5.5823e-10 TSX
20140818 20160301 5.5678e-05 4.084e-10 TSX
20140829 20160208 -1.405e-06 4.5429e-10 TSX
20140901 20140912 -0.00027275 9.7444e-10 TSX
20140912 20141209 -8.0502e-05 6.7305e-10 TSX
20140920 20170902 5.2264e-05 3.7501e-10 TSX
20141209 20160211 -0.00013405 4.0183e-10 TSX
20141217 20160722 -0.00011327 4.0532e-10 TSX
20141228 20160106 -4.7695e-05 4.1168e-10 TSX
20141231 20151024 -5.3622e-05 4.5484e-10 TSX
20150105 20150824 -9.7592e-05 5.1512e-10 TSX
20150108 20170811 -6.4838e-05 4.8115e-10 TSX
20150119 20160117 0.00013897 5.187e-10 TSX
20150127 20160411 -8.2301e-06 4.1918e-10 TSX
20150130 20151112 9.2415e-05 4.8075e-10 TSX
20150210 20170114 0.00011016 4.4053e-10 TSX
20150213 20160326 -9.5043e-05 4.3942e-10 TSX
20150218 20160216 -0.00011602 4.1963e-10 TSX
20150221 20180112 6.6463e-08 3.7838e-10 TSX
20150304 20180911 -3.3577e-05 3.7633e-10 TSX
20150307 20160211 -6.9809e-05 4.2757e-10 TSX
20150312 20160320 8.297e-06 4.2701e-10 TSX
20150326 20150827 4.1442e-05 5.6495e-10 TSX
20150329 20151207 -0.00012029 4.6846e-10 TSX
20150428 20160425 2.1223e-05 5.1423e-10 TSX
20150509 20150827 1.7465e-05 6.4469e-10 TSX
20150517 20150824 -0.0001546 6.7457e-10 TSX
20150520 20180911 3.8878e-05 5.338e-10 TSX
20150714 20170822 2.6786e-05 3.9365e-10 TSX
20150725 20170924 0.00018253 4.0001e-10 TSX
20150802 20160309 -0.00016684 5.0931e-10 TSX
20150805 20160403 -2.6399e-05 4.7326e-10 TSX
20150816 20171107 1.0521e-05 4.2717e-10 TSX
20150824 20150915 0.0007008 8.7202e-10 TSX
20150827 20170902 -9.8949e-06 3.6011e-10 TSX
20150915 20160216 -0.00015398 5.8549e-10 TSX
20151021 20160904 -4.7734e-05 4.3984e-10 TSX
20151101 20171016 -0.00016744 4.7919e-10 TSX
20151112 20160425 -2.8618e-05 5.4333e-10 TSX
20151115 20151229 0.00010331 7.838e-10 TSX
20151123 20171221 -8.7734e-05 3.743e-10 TSX
20151204 20151215 0.00015715 9.8321e-10 TSX
20151207 20160406 -6.4977e-05 6.0844e-10 TSX
20151215 20170822 0.00011521 4.7723e-10 TSX
20151226 20161223 9.081e-05 3.9559e-10 TSX
20151229 20160211 -2.7859e-05 7.838e-10 TSX
20160106 20161223 0.00010848 4.0127e-10 TSX
20160117 20160926 7.4767e-05 4.7578e-10 TSX
20160128 20160301 -0.00025036 8.1411e-10 TSX
20160208 20160312 -0.00014236 8.1411e-10 TSX
20160216 20160309 -0.00040201 8.7202e-10 TSX
20160219 20180319 5.7451e-05 3.9524e-10 TSX
20160301 20161201 0.00014678 4.4401e-10 TSX
20160304 20160326 7.3366e-05 8.5676e-10 TSX
20160312 20180319 5.1474e-05 4.8701e-10 TSX
20160320 20160411 0.000349 8.7203e-10 TSX
20160323 20171118 6.0973e-05 3.9789e-10 TSX
20160326 20160406 -0.00051767 9.7436e-10 TSX
20160403 20171027 6.1077e-05 4.333e-10 TSX
20160425 20170811 -1.6351e-05 4.067e-10 TSX
20160528 20160630 1.0091e-05 8.1411e-10 TSX
20160630 20171118 0.00022318 4.8783e-10 TSX
20160722 20161201 0.00019261 5.8557e-10 TSX
20160904 20180707 -1.9467e-05 4.3701e-10 TSX
20160915 20180911 -9.8932e-06 4.5165e-10 TSX
20160926 20170114 0.00014142 6.2547e-10 TSX
20161201 20171027 9.5182e-05 4.6046e-10 TSX
20161223 20171107 3.8709e-05 4.691e-10 TSX
20170114 20170902 8.5753e-05 4.9531e-10 TSX
20170811 20171005 -5.6828e-05 7.4968e-10 TSX
20170822 20180707 -0.00010617 4.168e-10 TSX
20170913 20180707 -0.00014087 4.4842e-10 TSX
20170924 20180319 -2.6003e-06 5.2532e-10 TSX
20171005 20171107 7.8074e-05 8.1411e-10 TSX
20171016 20180319 3.9152e-05 5.5267e-10 TSX
20171027 20180911 7.2635e-06 4.1724e-10 TSX
20171107 20171118 7.0562e-05 9.8321e-10 TSX
20171118 20171129 5.9059e-05 9.8321e-10 TSX
20171129 20171221 -3.1875e-05 8.5714e-10 TSX
20171210 20180820 -8.194e-05 4.5521e-10 TSX
20171221 20180911 4.8266e-06 4.513e-10 TSX
20180112 20181003 0.00010707 4.5299e-10 TSX
20180319 20180707 -0.00026271 6.2473e-10 TSX
20180707 20180911 0.00035951 7.2047e-10 TSX
20180729 20181003 8.1464e-05 7.2047e-10 TSX
20180820 20181003 0.000229 7.8061e-10 TSX
20180911 20181003 -0.0002024 8.5714e-10 TSX
