20030427 20030914 0.00087884 6.0107e-10 ERS2
20030914 20080629 -9.1701e-05 3.0712e-10 ERS2
20050918 20090510 -0.00025645 3.1737e-10 ERS2
20051127 20081116 0.00016083 3.0996e-10 ERS2
20060903 20090510 0.0001916 3.246e-10 ERS2
20061231 20090105 -5.1546e-05 3.3945e-10 ALOS
20070402 20070703 -0.00013493 7.2023e-10 ALOS
20070518 20091008 -1.9122e-05 3.5684e-10 ALOS
20070818 20071003 -0.00030217 8.0753e-10 ALOS
20071217 20100509 -6.547e-05 3.1658e-10 ALOS
20080103 20100526 2.1009e-05 3.2875e-10 ALOS
20080404 20080520 8.9109e-05 8.1061e-10 ALOS
20080618 20090921 -0.00026318 4.2166e-10 ALOS
20080629 20090510 -0.00055365 4.3415e-10 ERS2
20080705 20091008 3.0555e-05 3.9862e-10 ALOS
20080803 20090823 9.6374e-06 4.028e-10 ERS2
20081116 20090823 6.9569e-05 4.547e-10 ERS2
20081219 20090921 0.00014393 4.8632e-10 ALOS
20090105 20090708 -9.9403e-06 5.7218e-10 ALOS
20090510 20091101 0.0012875 5.6423e-10 ERS2
20090708 20091008 0.00031772 7.2646e-10 ALOS
20090823 20091101 -2.1533e-05 7.3681e-10 ERS2
20091222 20100624 0.00030023 5.6906e-10 ALOS
20100108 20100223 0.00031506 8.0933e-10 ALOS
20100223 20100526 4.8668e-05 7.1494e-10 ALOS
20100410 20100711 -9.5265e-05 7.1471e-10 ALOS
20100509 20100624 0.00071756 8.0819e-10 ALOS
20100526 20100711 0.00034973 8.1273e-10 ALOS
20100624 20101109 -6.315e-05 6.5183e-10 ALOS
20100711 20101011 7.8745e-05 7.2833e-10 ALOS
20100809 20101109 -0.00018778 7.1609e-10 ALOS
20101011 20101126 0.00016693 8.131e-10 ALOS
20110111 20110226 0.0005703 8.0919e-10 ALOS
20110924 20130715 3.8347e-05 4.9476e-10 TSX
20111005 20121229 -0.00016478 4.9605e-10 TSX
20111121 20171221 -3.5657e-05 4.5749e-10 TSX
20111221 20130131 -3.0325e-05 4.359e-10 TSX
20111224 20121027 9.0016e-05 4.571e-10 TSX
20120126 20140419 -7.9322e-05 4.2463e-10 TSX
20120203 20160320 2.4984e-05 3.6968e-10 TSX
20120206 20171107 -4.7148e-05 4.1286e-10 TSX
20120617 20171129 -1.9114e-05 4.7182e-10 TSX
20120723 20160120 3.8187e-05 3.8814e-10 TSX
20121024 20130109 6.6956e-05 7.4685e-10 TSX
20121027 20151226 -3.2724e-05 4.262e-10 TSX
20121030 20130311 8.5486e-07 6.2924e-10 TSX
20121107 20171118 -1.4785e-05 4.6192e-10 TSX
20121221 20160208 -1.3726e-05 4.3791e-10 TSX
20121224 20130516 -0.00037448 6.1041e-10 TSX
20121229 20130407 -7.5636e-05 7.0525e-10 TSX
20130104 20130217 -4.8484e-05 8.0327e-10 TSX
20130109 20130715 0.00019095 5.9546e-10 TSX
20130112 20140511 -3.8769e-05 4.8029e-10 TSX
20130115 20130721 -8.5416e-05 5.7e-10 TSX
20130126 20130823 -0.00019573 5.4725e-10 TSX
20130131 20130429 -3.63e-05 7.2543e-10 TSX
20130203 20130729 -6.8291e-05 5.837e-10 TSX
20130211 20130919 9.1346e-05 5.6985e-10 TSX
20130228 20141209 2.6614e-05 5.1986e-10 TSX
20130311 20130801 4.7633e-05 6.1983e-10 TSX
20130316 20130623 -8.6168e-05 7.063e-10 TSX
20130402 20150122 -0.0001765 3.9212e-10 TSX
20130407 20140530 1.1946e-05 4.7921e-10 TSX
20130421 20171016 -9.9739e-07 3.8447e-10 TSX
20130424 20130721 -0.00023559 7.1209e-10 TSX
20130429 20130623 -0.00017295 7.9161e-10 TSX
20130505 20131028 -0.00058795 6.3266e-10 TSX
20130513 20151112 4.4449e-05 4.0628e-10 TSX
20130516 20131017 -0.00011911 5.9548e-10 TSX
20130521 20130715 0.00028475 7.9261e-10 TSX
20130524 20171129 1.0859e-05 3.9225e-10 TSX
20130527 20140627 1.0515e-05 4.4478e-10 TSX
20130601 20130930 0.00044233 6.71e-10 TSX
20130604 20141217 9.3351e-05 4.089e-10 TSX
20130607 20140719 1.7802e-05 4.833e-10 TSX
20130612 20150105 -1.8656e-05 4.9405e-10 TSX
20130615 20160106 3.2577e-05 3.8221e-10 TSX
20130618 20140708 1.85e-05 4.4627e-10 TSX
20130623 20130715 0.00071476 8.803e-10 TSX
20130629 20130914 0.00025592 7.4235e-10 TSX
20130707 20150130 4.8076e-05 4.157e-10 TSX
20130710 20140901 1.6203e-05 4.2878e-10 TSX
20130715 20130726 -0.0025354 1.0243e-09 TSX
20130721 20131108 0.00045624 6.7385e-10 TSX
20130726 20150517 0.00012228 3.6484e-10 TSX
20130729 20160904 -1.5924e-05 4.0603e-10 TSX
20130801 20151115 -1.682e-05 3.3394e-10 TSX
20130817 20140209 5.6458e-05 5.9504e-10 TSX
20130828 20150312 -2.7085e-05 3.7569e-10 TSX
20130903 20150329 -5.1535e-05 4.9963e-10 TSX
20130919 20160309 -5.7972e-05 3.877e-10 TSX
20130925 20140708 -3.0399e-05 4.5663e-10 TSX
20130930 20160411 -0.00012967 3.7986e-10 TSX
20131011 20150802 -4.8944e-06 3.6095e-10 TSX
20131017 20140719 -3.2803e-05 4.6511e-10 TSX
20131028 20160304 -8.8266e-06 3.7436e-10 TSX
20131102 20140519 -5.5203e-05 5.6318e-10 TSX
20131108 20140708 7.815e-05 4.9098e-10 TSX
20140209 20160309 -6.9018e-05 3.3244e-10 TSX
20140223 20140829 0.00020918 5.4524e-10 TSX
20140408 20140705 1.1047e-05 7.03e-10 TSX
20140419 20170913 9.7364e-05 3.3562e-10 TSX
20140511 20141228 0.00013027 4.9977e-10 TSX
20140519 20150824 3.8215e-05 3.93e-10 TSX
20140624 20171005 2.0691e-05 4.0052e-10 TSX
20140627 20151115 5.6622e-05 4.0881e-10 TSX
20140705 20180911 4.8695e-05 4.0878e-10 TSX
20140708 20160406 -1.2294e-05 4.0138e-10 TSX
20140716 20171005 -1.012e-05 4.2366e-10 TSX
20140719 20151207 6.5279e-05 3.8964e-10 TSX
20140727 20150326 -8.3916e-05 4.8916e-10 TSX
20140810 20150122 -0.0001396 5.7793e-10 TSX
20140818 20160301 -4.1721e-05 3.5633e-10 TSX
20140829 20160208 -6.6955e-05 4.0154e-10 TSX
20140901 20140912 -0.00029468 9.7944e-10 TSX
20140912 20141209 -3.4987e-05 7.0749e-10 TSX
20140920 20170902 7.1071e-05 4.3485e-10 TSX
20141209 20160211 -5.2087e-05 3.9343e-10 TSX
20141217 20160722 -4.4635e-05 3.6613e-10 TSX
20141228 20160106 -3.9627e-05 4.1432e-10 TSX
20141231 20151024 1.1915e-05 4.5356e-10 TSX
20150105 20150824 -8.4406e-05 5.2509e-10 TSX
20150108 20170811 2.8521e-05 3.7419e-10 TSX
20150119 20160117 9.7032e-06 4.1076e-10 TSX
20150127 20160411 -5.5451e-05 4.1002e-10 TSX
20150130 20151112 2.8032e-05 4.5802e-10 TSX
20150210 20170114 4.286e-06 3.2775e-10 TSX
20150213 20160326 -2.2109e-05 4.5622e-10 TSX
20150218 20160216 -3.9188e-05 4.3557e-10 TSX
20150221 20180112 4.8465e-05 4.2564e-10 TSX
20150304 20180911 -1.2652e-05 4.9176e-10 TSX
20150307 20160211 -2.9239e-05 4.2404e-10 TSX
20150312 20160320 -2.0138e-07 4.2587e-10 TSX
20150326 20150827 0.00011626 5.8752e-10 TSX
20150329 20151207 -2.7656e-05 4.8344e-10 TSX
20150428 20160425 1.138e-05 4.0569e-10 TSX
20150509 20150827 4.889e-05 6.6005e-10 TSX
20150517 20150824 -4.4668e-05 7.0586e-10 TSX
20150520 20180911 -0.00010593 3.6133e-10 TSX
20150714 20170822 -2.2778e-05 3.9057e-10 TSX
20150725 20170924 -2.2113e-05 4.3876e-10 TSX
20150802 20160309 -2.8627e-05 5.36e-10 TSX
20150805 20160403 -9.9821e-05 4.8997e-10 TSX
20150816 20171107 3.9385e-06 4.0032e-10 TSX
20150824 20150915 0.0006843 8.8011e-10 TSX
20150827 20170902 2.4715e-05 4.1743e-10 TSX
20150915 20160216 -9.0761e-05 6.1697e-10 TSX
20151021 20160904 -0.00011737 4.5445e-10 TSX
20151101 20171016 -7.6026e-05 3.9641e-10 TSX
20151112 20160425 -6.8243e-05 5.7298e-10 TSX
20151115 20151229 0.00015443 8.0326e-10 TSX
20151123 20171221 -5.8105e-05 3.8687e-10 TSX
20151204 20151215 0.00016037 9.8839e-10 TSX
20151207 20160406 -0.00011603 6.4588e-10 TSX
20151215 20170822 0.00024275 4.2247e-10 TSX
20151226 20161223 2.5585e-05 4.1404e-10 TSX
20151229 20160211 4.3498e-05 8.0326e-10 TSX
20160106 20161223 -2.7938e-05 4.2036e-10 TSX
20160117 20160926 -1.2353e-05 4.8604e-10 TSX
20160128 20160301 -0.00012216 8.2912e-10 TSX
20160208 20160312 -0.0001539 8.2912e-10 TSX
20160216 20160309 -0.00037133 8.801e-10 TSX
20160219 20180319 2.4386e-05 4.2301e-10 TSX
20160301 20161201 3.6899e-05 4.6326e-10 TSX
20160304 20160326 4.0195e-05 8.6563e-10 TSX
20160312 20180319 8.6957e-05 4.009e-10 TSX
20160320 20160411 0.00037964 8.8011e-10 TSX
20160323 20171118 -1.8326e-05 4.2611e-10 TSX
20160326 20160406 -0.00050279 9.7934e-10 TSX
20160403 20171027 6.397e-05 4.0724e-10 TSX
20160425 20170811 -3.7126e-05 4.2145e-10 TSX
20160528 20160630 -2.1471e-05 8.2912e-10 TSX
20160630 20171118 3.6761e-05 3.8943e-10 TSX
20160722 20161201 6.7114e-05 6.2215e-10 TSX
20160904 20180707 -2.343e-05 3.942e-10 TSX
20160915 20180911 -6.1015e-05 4.0786e-10 TSX
20160926 20170114 2.2123e-05 6.6318e-10 TSX
20161201 20171027 -1.3839e-05 5.0118e-10 TSX
20161223 20171107 -7.3616e-05 4.6508e-10 TSX
20170114 20170902 -5.5076e-05 5.3226e-10 TSX
20170811 20171005 -0.00013321 7.7548e-10 TSX
20170822 20180707 -0.00012589 4.3631e-10 TSX
20170913 20180707 -0.00017678 4.4979e-10 TSX
20170924 20180319 1.0339e-05 5.5895e-10 TSX
20171005 20171107 6.1455e-05 8.2912e-10 TSX
20171016 20180319 4.1764e-05 5.8854e-10 TSX
20171027 20180911 -9.4994e-05 4.3712e-10 TSX
20171107 20171118 7.1603e-05 9.8839e-10 TSX
20171118 20171129 6.3327e-05 9.8839e-10 TSX
20171129 20171221 -1.4026e-06 8.6655e-10 TSX
20171210 20180820 -0.00012908 4.8113e-10 TSX
20171221 20180911 -0.00017119 4.719e-10 TSX
20180112 20181003 0.00013383 4.7844e-10 TSX
20180319 20180707 -0.00024674 6.6061e-10 TSX
20180707 20180911 0.00018072 7.5044e-10 TSX
20180729 20181003 6.9856e-05 7.5041e-10 TSX
20180820 20181003 0.00021762 8.0135e-10 TSX
20180911 20181003 -0.00017849 8.6656e-10 TSX
