20030427 20030914 9.2654e-05 5.6391e-10 ERS2
20030914 20080629 -0.0001082 2.636e-10 ERS2
20050918 20090510 2.6324e-05 3.0339e-10 ERS2
20051127 20081116 8.1212e-06 3.3149e-10 ERS2
20060903 20090510 3.5074e-05 3.1366e-10 ERS2
20061231 20090105 -0.00010133 3.1576e-10 ALOS
20070402 20070703 -0.00016941 6.6697e-10 ALOS
20070518 20091008 0.00010238 3.2272e-10 ALOS
20070818 20071003 -0.00023793 7.7524e-10 ALOS
20071217 20100509 8.89e-06 2.9964e-10 ALOS
20080103 20100526 -7.2379e-05 3.0853e-10 ALOS
20080404 20080520 -9.8815e-05 7.754e-10 ALOS
20080618 20090921 0.00012682 3.7285e-10 ALOS
20080629 20090510 -4.9601e-05 4.1216e-10 ERS2
20080705 20091008 -0.0001345 3.6668e-10 ALOS
20080803 20090823 1.829e-06 3.831e-10 ERS2
20081116 20090823 -0.00012178 4.3203e-10 ERS2
20081219 20090921 0.00010518 4.4733e-10 ALOS
20090105 20090708 0.00023712 5.3028e-10 ALOS
20090510 20091101 0.00046376 5.203e-10 ERS2
20090708 20091008 8.0676e-05 6.6665e-10 ALOS
20090823 20091101 -0.00085092 6.9847e-10 ERS2
20091222 20100624 0.00025829 5.2635e-10 ALOS
20100108 20100223 -0.00019559 7.7575e-10 ALOS
20100223 20100526 -0.00011115 6.6708e-10 ALOS
20100410 20100711 -6.5101e-05 6.666e-10 ALOS
20100509 20100624 0.00054825 7.7322e-10 ALOS
20100526 20100711 0.0004078 7.7522e-10 ALOS
20100624 20101109 -0.00017623 5.8405e-10 ALOS
20100711 20101011 -4.7189e-05 6.6631e-10 ALOS
20100809 20101109 -5.2846e-05 6.6357e-10 ALOS
20101011 20101126 0.00027642 7.7522e-10 ALOS
20110111 20110226 0.00048149 7.7522e-10 ALOS
20110924 20130715 -2.2687e-05 3.2394e-10 TSX
20111005 20121229 7.4832e-06 3.686e-10 TSX
20111121 20171221 1.4489e-05 2.54e-10 TSX
20111221 20130131 -4.092e-05 3.8521e-10 TSX
20111224 20121027 2.2758e-05 4.1934e-10 TSX
20120126 20140419 -3.2693e-05 2.9112e-10 TSX
20120203 20160320 -1.869e-05 2.5369e-10 TSX
20120206 20171107 3.2403e-05 2.6014e-10 TSX
20120617 20171129 1.3792e-05 2.5229e-10 TSX
20120723 20160120 -5.2938e-05 2.8205e-10 TSX
20121024 20130109 8e-05 7.0161e-10 TSX
20121027 20151226 1.7453e-05 2.7834e-10 TSX
20121030 20130311 -7.6577e-05 5.8466e-10 TSX
20121107 20171118 2.3952e-05 2.6437e-10 TSX
20121221 20160208 3.5841e-05 2.7077e-10 TSX
20121224 20130516 -0.00015074 5.6849e-10 TSX
20121229 20130407 -2.0262e-05 6.5611e-10 TSX
20130104 20130217 -8.0681e-05 7.7315e-10 TSX
20130109 20130715 -9.4085e-05 5.2904e-10 TSX
20130112 20140511 -3.0518e-06 3.5549e-10 TSX
20130115 20130721 -5.1139e-05 5.1404e-10 TSX
20130126 20130823 -0.0001987 5.207e-10 TSX
20130131 20130429 -0.00012842 6.7801e-10 TSX
20130203 20130729 6.3366e-05 5.2311e-10 TSX
20130211 20130919 2.4466e-05 4.96e-10 TSX
20130228 20141209 -7.5649e-07 3.1471e-10 TSX
20130311 20130801 2.0776e-06 5.6844e-10 TSX
20130316 20130623 -4.3486e-05 6.5612e-10 TSX
20130402 20150122 0.00018739 3.5554e-10 TSX
20130407 20140530 -6.6023e-05 3.8078e-10 TSX
20130421 20171016 3.4109e-05 2.595e-10 TSX
20130424 20130721 -6.8628e-05 6.6403e-10 TSX
20130429 20130623 -1.1018e-05 7.5415e-10 TSX
20130505 20131028 -0.00038331 5.81e-10 TSX
20130513 20151112 4.3115e-05 2.8522e-10 TSX
20130516 20131017 9.3957e-05 5.9895e-10 TSX
20130521 20130715 7.0813e-05 7.5418e-10 TSX
20130524 20171129 2.8708e-05 2.5263e-10 TSX
20130527 20140627 -5.6959e-05 3.835e-10 TSX
20130601 20130930 3.4845e-05 6.17e-10 TSX
20130604 20141217 2.6512e-05 3.3903e-10 TSX
20130607 20140719 -9.8807e-06 3.7997e-10 TSX
20130612 20150105 -1.6596e-05 3.3985e-10 TSX
20130615 20160106 4.9639e-05 2.9011e-10 TSX
20130618 20140708 -2.33e-05 3.88e-10 TSX
20130623 20130715 0.00059303 8.6176e-10 TSX
20130629 20130914 0.00022723 6.983e-10 TSX
20130707 20150130 8.9195e-07 3.3974e-10 TSX
20130710 20140901 -6.7438e-06 3.7613e-10 TSX
20130715 20130726 -0.0022876 1.0109e-09 TSX
20130721 20131108 0.00057455 6.3809e-10 TSX
20130726 20150517 -6.8808e-05 3.2107e-10 TSX
20130729 20160904 7.6966e-06 2.6917e-10 TSX
20130801 20151115 1.6443e-05 2.866e-10 TSX
20130817 20140209 2.1319e-05 5.4099e-10 TSX
20130828 20150312 -2.8198e-05 3.4274e-10 TSX
20130903 20150329 0.00010474 3.3464e-10 TSX
20130919 20160309 -6.2515e-05 2.7661e-10 TSX
20130925 20140708 5.6813e-05 4.3776e-10 TSX
20130930 20160411 -1.4972e-06 2.7838e-10 TSX
20131011 20150802 -7.442e-06 3.294e-10 TSX
20131017 20140719 -3.8598e-05 4.4861e-10 TSX
20131028 20160304 -7.7236e-05 3.0547e-10 TSX
20131102 20140519 -0.00011342 5.1712e-10 TSX
20131108 20140708 6.4312e-05 5.0917e-10 TSX
20140209 20160309 -4.4081e-05 3.0737e-10 TSX
20140223 20140829 3.9795e-05 5.111e-10 TSX
20140408 20140705 -8.7718e-06 6.6124e-10 TSX
20140419 20170913 4.1325e-05 2.8548e-10 TSX
20140511 20141228 6.5068e-05 4.7016e-10 TSX
20140519 20150824 3.3839e-05 3.6694e-10 TSX
20140624 20171005 4.2387e-05 2.6671e-10 TSX
20140627 20151115 6.3969e-05 3.4285e-10 TSX
20140705 20180911 2.1161e-05 2.5576e-10 TSX
20140708 20160406 3.5169e-06 3.1589e-10 TSX
20140716 20171005 3.1329e-05 2.7081e-10 TSX
20140719 20151207 5.062e-05 3.4439e-10 TSX
20140727 20150326 -1.4016e-05 4.6142e-10 TSX
20140810 20150122 -1.6583e-05 5.4169e-10 TSX
20140818 20160301 4.6946e-05 3.249e-10 TSX
20140829 20160208 2.9808e-05 3.3447e-10 TSX
20140901 20140912 -0.00029067 9.6759e-10 TSX
20140912 20141209 -7.8719e-06 6.6403e-10 TSX
20140920 20170902 7.0597e-05 2.722e-10 TSX
20141209 20160211 1.1709e-05 3.6561e-10 TSX
20141217 20160722 5.5563e-05 3.3184e-10 TSX
20141228 20160106 7.4021e-05 3.8565e-10 TSX
20141231 20151024 1.9834e-05 4.2611e-10 TSX
20150105 20150824 7.8788e-06 4.8752e-10 TSX
20150108 20170811 6.8467e-05 2.8926e-10 TSX
20150119 20160117 9.3404e-05 3.9085e-10 TSX
20150127 20160411 1.0136e-06 3.7213e-10 TSX
20150130 20151112 8.5039e-05 4.3121e-10 TSX
20150210 20170114 6.6852e-05 3.0989e-10 TSX
20150213 20160326 -0.00027493 4.3283e-10 TSX
20150218 20160216 2.9293e-05 4.0335e-10 TSX
20150221 20180112 5.139e-05 3.0227e-10 TSX
20150304 20180911 3.8864e-05 2.7713e-10 TSX
20150307 20160211 2.986e-05 4.03e-10 TSX
20150312 20160320 -2.5768e-05 3.9851e-10 TSX
20150326 20150827 0.00014244 5.5058e-10 TSX
20150329 20151207 3.9253e-05 4.5543e-10 TSX
20150428 20160425 8.0358e-05 3.8863e-10 TSX
20150509 20150827 0.00017917 6.2465e-10 TSX
20150517 20150824 -8.8953e-06 6.5633e-10 TSX
20150520 20180911 3.9701e-05 2.6661e-10 TSX
20150714 20170822 6.5002e-05 2.9456e-10 TSX
20150725 20170924 4.1149e-05 2.9799e-10 TSX
20150802 20160309 5.4335e-06 4.961e-10 TSX
20150805 20160403 -1.2801e-05 4.6113e-10 TSX
20150816 20171107 5.2086e-05 2.9192e-10 TSX
20150824 20150915 0.00065032 8.6167e-10 TSX
20150827 20170902 5.9586e-05 2.9814e-10 TSX
20150915 20160216 -6.3068e-05 5.6826e-10 TSX
20151021 20160904 -2.6074e-05 4.1335e-10 TSX
20151101 20171016 3.5035e-05 2.9947e-10 TSX
20151112 20160425 -2.3821e-05 5.3619e-10 TSX
20151115 20151229 0.00014217 7.7315e-10 TSX
20151123 20171221 2.6499e-05 2.9452e-10 TSX
20151204 20151215 0.00017392 9.776e-10 TSX
20151207 20160406 -8.9591e-05 6.0215e-10 TSX
20151215 20170822 5.3966e-05 3.1681e-10 TSX
20151226 20161223 8.0509e-05 3.9447e-10 TSX
20151229 20160211 -1.5809e-05 7.7315e-10 TSX
20160106 20161223 8.2326e-05 3.9841e-10 TSX
20160117 20160926 9.7496e-05 4.53e-10 TSX
20160128 20160301 -0.00016268 8.0624e-10 TSX
20160208 20160312 -6.7157e-05 8.0624e-10 TSX
20160216 20160309 -0.00039882 8.6167e-10 TSX
20160219 20180319 1.5978e-05 2.9755e-10 TSX
20160301 20161201 0.00012679 4.3851e-10 TSX
20160304 20160326 3.2852e-05 8.4849e-10 TSX
20160312 20180319 4.0095e-06 3.0233e-10 TSX
20160320 20160411 0.00035257 8.6168e-10 TSX
20160323 20171118 5.1738e-05 3.1846e-10 TSX
20160326 20160406 -0.00052612 9.6752e-10 TSX
20160403 20171027 7.7582e-05 3.2356e-10 TSX
20160425 20170811 9.0111e-05 3.4983e-10 TSX
20160528 20160630 3.7126e-05 8.0624e-10 TSX
20160630 20171118 5.5933e-05 3.3785e-10 TSX
20160722 20161201 0.0002037 5.813e-10 TSX
20160904 20180707 1.2166e-05 3.2392e-10 TSX
20160915 20180911 1.4301e-05 3.0079e-10 TSX
20160926 20170114 -1.6622e-05 6.1797e-10 TSX
20161201 20171027 -5.2448e-06 4.0648e-10 TSX
20161223 20171107 -1.4498e-05 4.0882e-10 TSX
20170114 20170902 3.0653e-05 4.6916e-10 TSX
20170811 20171005 -5.1837e-05 7.4113e-10 TSX
20170822 20180707 -8.0876e-05 4.1347e-10 TSX
20170913 20180707 -0.00014884 4.25e-10 TSX
20170924 20180319 -0.00011355 5.232e-10 TSX
20171005 20171107 3.7374e-05 8.0624e-10 TSX
20171016 20180319 -0.0001177 5.5007e-10 TSX
20171027 20180911 -1.8418e-05 4.1362e-10 TSX
20171107 20171118 7.6356e-05 9.776e-10 TSX
20171118 20171129 4.8566e-05 9.776e-10 TSX
20171129 20171221 -1.925e-05 8.5037e-10 TSX
20171210 20180820 -1.8045e-05 4.5333e-10 TSX
20171221 20180911 3.04e-05 4.4562e-10 TSX
20180112 20181003 7.1153e-05 4.4556e-10 TSX
20180319 20180707 -6.1525e-05 6.1795e-10 TSX
20180707 20180911 0.00028727 7.1238e-10 TSX
20180729 20181003 8.5727e-05 7.1238e-10 TSX
20180820 20181003 0.00015138 7.7213e-10 TSX
20180911 20181003 -0.00014223 8.5037e-10 TSX
