20030427 20030914 0.0001654 5.7255e-10 ERS2
20030914 20080629 -8.3056e-06 2.9472e-10 ERS2
20050918 20090510 -8.39e-06 3.0376e-10 ERS2
20051127 20081116 -5.9741e-05 3.0382e-10 ERS2
20060903 20090510 7.5478e-05 3.2482e-10 ERS2
20061231 20090105 5.0497e-05 3.1351e-10 ALOS
20070402 20070703 -2.0791e-06 6.785e-10 ALOS
20070518 20091008 -0.00014224 3.006e-10 ALOS
20070818 20071003 -0.00052203 7.8774e-10 ALOS
20071217 20100509 -4.9931e-05 2.9912e-10 ALOS
20080103 20100526 4.6499e-05 2.9862e-10 ALOS
20080404 20080520 4.987e-05 7.8776e-10 ALOS
20080618 20090921 -0.00012445 3.7246e-10 ALOS
20080629 20090510 -0.00025747 4.132e-10 ERS2
20080705 20091008 -8.2308e-05 3.6507e-10 ALOS
20080803 20090823 1.6691e-05 3.8376e-10 ERS2
20081116 20090823 2.4474e-05 4.335e-10 ERS2
20081219 20090921 0.00019267 4.4796e-10 ALOS
20090105 20090708 0.00014671 5.3374e-10 ALOS
20090510 20091101 0.00021135 5.2602e-10 ERS2
20090708 20091008 0.00048004 6.7844e-10 ALOS
20090823 20091101 3.128e-05 7.1162e-10 ERS2
20091222 20100624 0.00068857 5.2977e-10 ALOS
20100108 20100223 0.00037021 7.8806e-10 ALOS
20100223 20100526 0.00033973 6.7798e-10 ALOS
20100410 20100711 -0.00018311 6.7844e-10 ALOS
20100509 20100624 0.00061073 7.856e-10 ALOS
20100526 20100711 0.00046077 7.8775e-10 ALOS
20100624 20101109 -0.00017154 5.9136e-10 ALOS
20100711 20101011 -0.00017675 6.7826e-10 ALOS
20100809 20101109 -6.2668e-05 6.7517e-10 ALOS
20101011 20101126 0.00037965 7.8774e-10 ALOS
20110111 20110226 0.0007019 7.8774e-10 ALOS
20110924 20130715 3.0888e-05 3.2434e-10 TSX
20111005 20121229 1.6001e-05 3.686e-10 TSX
20111121 20171221 -1.6895e-05 2.4407e-10 TSX
20111221 20130131 1.1914e-05 3.8582e-10 TSX
20111224 20121027 2.3917e-05 4.2049e-10 TSX
20120126 20140419 -2.5932e-06 2.865e-10 TSX
20120203 20160320 -9.3457e-06 2.4838e-10 TSX
20120206 20171107 -2.3692e-07 2.3679e-10 TSX
20120617 20171129 -7.0272e-06 2.4246e-10 TSX
20120723 20160120 1.5082e-05 2.5495e-10 TSX
20121024 20130109 4.6962e-05 7.1488e-10 TSX
20121027 20151226 -2.4297e-05 2.6498e-10 TSX
20121030 20130311 8.0715e-05 5.9203e-10 TSX
20121107 20171118 -3.5313e-06 2.4538e-10 TSX
20121221 20160208 8.7011e-06 2.6343e-10 TSX
20121224 20130516 -2.2436e-05 5.7496e-10 TSX
20121229 20130407 -7.4026e-05 6.6773e-10 TSX
20130104 20130217 8.1197e-05 7.8503e-10 TSX
20130109 20130715 9.3592e-05 5.3326e-10 TSX
20130112 20140511 -4.4936e-06 3.5499e-10 TSX
20130115 20130721 -1.9431e-05 5.1764e-10 TSX
20130126 20130823 -8.1176e-05 5.1245e-10 TSX
20130131 20130429 8.5048e-05 6.9056e-10 TSX
20130203 20130729 -3.4001e-05 5.2801e-10 TSX
20130211 20130919 -4.3101e-05 4.9859e-10 TSX
20130228 20141209 2.38e-05 3.1172e-10 TSX
20130311 20130801 -6.734e-05 5.749e-10 TSX
20130316 20130623 8.6989e-05 6.6773e-10 TSX
20130402 20150122 -6.5432e-05 3.9046e-10 TSX
20130407 20140530 8.004e-05 3.811e-10 TSX
20130421 20171016 -3.1169e-06 2.3889e-10 TSX
20130424 20130721 -0.00010837 6.7536e-10 TSX
20130429 20130623 -6.9458e-05 7.6755e-10 TSX
20130505 20131028 -6.6758e-05 5.5771e-10 TSX
20130513 20151112 -4.3712e-06 2.7366e-10 TSX
20130516 20131017 -0.00012434 5.8296e-10 TSX
20130521 20130715 8.7881e-05 7.6758e-10 TSX
20130524 20171129 1.5857e-05 2.363e-10 TSX
20130527 20140627 6.5842e-05 3.8482e-10 TSX
20130601 20130930 -6.1811e-05 6.265e-10 TSX
20130604 20141217 -6.3512e-06 3.3914e-10 TSX
20130607 20140719 -6.3773e-05 3.8103e-10 TSX
20130612 20150105 1.1195e-05 3.3779e-10 TSX
20130615 20160106 -4.8403e-06 2.7603e-10 TSX
20130618 20140708 -4.442e-05 3.8888e-10 TSX
20130623 20130715 0.00061173 8.7078e-10 TSX
20130629 20130914 0.0002609 7.1469e-10 TSX
20130707 20150130 -3.1558e-06 3.3901e-10 TSX
20130710 20140901 -4.015e-05 3.7773e-10 TSX
20130715 20130726 -0.0024244 1.0182e-09 TSX
20130721 20131108 -0.00014252 6.4848e-10 TSX
20130726 20150517 6.2716e-05 3.1957e-10 TSX
20130729 20160904 -1.8737e-05 2.6427e-10 TSX
20130801 20151115 -1.13e-05 2.871e-10 TSX
20130817 20140209 -5.2234e-05 5.4584e-10 TSX
20130828 20150312 -1.9655e-05 3.4046e-10 TSX
20130903 20150329 0.00011995 4.0884e-10 TSX
20130919 20160309 1.55e-05 2.7353e-10 TSX
20130925 20140708 -0.00014514 4.6509e-10 TSX
20130930 20160411 1.1157e-05 2.7308e-10 TSX
20131011 20150802 3.4338e-05 3.1808e-10 TSX
20131017 20140719 0.00016924 4.8206e-10 TSX
20131028 20160304 -5.7137e-05 3.5062e-10 TSX
20131102 20140519 0.00010361 5.2075e-10 TSX
20131108 20140708 3.2918e-05 5.3035e-10 TSX
20140209 20160309 2.3685e-05 3.0126e-10 TSX
20140223 20140829 -3.8441e-06 5.1534e-10 TSX
20140408 20140705 -2.5579e-06 6.7406e-10 TSX
20140419 20170913 1.6069e-06 2.4683e-10 TSX
20140511 20141228 2.8036e-06 4.7253e-10 TSX
20140519 20150824 -3.4056e-05 3.6428e-10 TSX
20140624 20171005 -5.4077e-06 2.5008e-10 TSX
20140627 20151115 -8.2066e-05 3.4102e-10 TSX
20140705 20180911 -9.2181e-06 2.4617e-10 TSX
20140708 20160406 1.5572e-05 3.1065e-10 TSX
20140716 20171005 3.7933e-06 2.5525e-10 TSX
20140719 20151207 -3.006e-05 3.4157e-10 TSX
20140727 20150326 -9.4637e-06 4.6358e-10 TSX
20140810 20150122 -9.4909e-06 5.6295e-10 TSX
20140818 20160301 9.1157e-06 3.2651e-10 TSX
20140829 20160208 7.1597e-06 3.3193e-10 TSX
20140901 20140912 -0.00026876 9.7432e-10 TSX
20140912 20141209 4.1929e-05 6.7536e-10 TSX
20140920 20170902 4.241e-06 2.6265e-10 TSX
20141209 20160211 -5.7934e-05 3.6398e-10 TSX
20141217 20160722 5.5419e-06 3.1839e-10 TSX
20141228 20160106 -2.2503e-05 3.8217e-10 TSX
20141231 20151024 -6.6095e-05 4.2579e-10 TSX
20150105 20150824 -4.6474e-05 4.8837e-10 TSX
20150108 20170811 5.8309e-06 2.6628e-10 TSX
20150119 20160117 1.815e-05 3.8739e-10 TSX
20150127 20160411 -7.2835e-06 3.7167e-10 TSX
20150130 20151112 8.8128e-07 4.2947e-10 TSX
20150210 20170114 7.7893e-06 2.9557e-10 TSX
20150213 20160326 2.243e-05 4.9287e-10 TSX
20150218 20160216 -2.379e-05 4.0318e-10 TSX
20150221 20180112 1.8746e-05 3.1093e-10 TSX
20150304 20180911 -6.8546e-06 2.5477e-10 TSX
20150307 20160211 -5.4446e-05 4.0099e-10 TSX
20150312 20160320 1.395e-05 3.9784e-10 TSX
20150326 20150827 4.3686e-05 5.5628e-10 TSX
20150329 20151207 -8.813e-05 4.5645e-10 TSX
20150428 20160425 2.6148e-05 3.8787e-10 TSX
20150509 20150827 4.7646e-05 6.2867e-10 TSX
20150517 20150824 -0.00027014 6.6783e-10 TSX
20150520 20180911 -5.326e-06 2.53e-10 TSX
20150714 20170822 4.5297e-06 2.8986e-10 TSX
20150725 20170924 9.7192e-06 2.8985e-10 TSX
20150802 20160309 -4.9532e-05 4.9857e-10 TSX
20150805 20160403 8.5705e-07 4.6347e-10 TSX
20150816 20171107 3.7516e-06 2.8798e-10 TSX
20150824 20150915 0.00052185 8.7068e-10 TSX
20150827 20170902 -3.7114e-06 2.9281e-10 TSX
20150915 20160216 7.708e-05 5.7469e-10 TSX
20151021 20160904 -5.9558e-05 4.1359e-10 TSX
20151101 20171016 9.2388e-06 2.9607e-10 TSX
20151112 20160425 2.8463e-05 5.4178e-10 TSX
20151115 20151229 0.00014407 7.8503e-10 TSX
20151123 20171221 8.1326e-06 2.9271e-10 TSX
20151204 20151215 0.00015082 9.8462e-10 TSX
20151207 20160406 -2.4341e-05 6.1048e-10 TSX
20151215 20170822 2.2818e-05 3.1276e-10 TSX
20151226 20161223 -1.5658e-05 3.9346e-10 TSX
20151229 20160211 1.3701e-05 7.8503e-10 TSX
20160106 20161223 6.073e-06 3.9881e-10 TSX
20160117 20160926 -1.5594e-05 4.5451e-10 TSX
20160128 20160301 -0.00012616 8.1762e-10 TSX
20160208 20160312 -8.2632e-05 8.1762e-10 TSX
20160216 20160309 -0.00030333 8.7068e-10 TSX
20160219 20180319 1.1988e-05 2.9272e-10 TSX
20160301 20161201 2.4418e-05 4.3998e-10 TSX
20160304 20160326 1.3511e-05 8.57e-10 TSX
20160312 20180319 1.104e-06 2.9584e-10 TSX
20160320 20160411 0.0003636 8.7069e-10 TSX
20160323 20171118 2.7639e-07 3.1738e-10 TSX
20160326 20160406 -0.00048319 9.7424e-10 TSX
20160403 20171027 1.8923e-05 3.2227e-10 TSX
20160425 20170811 1.9653e-05 3.4766e-10 TSX
20160528 20160630 -4.6732e-05 8.1762e-10 TSX
20160630 20171118 3.2743e-05 3.4039e-10 TSX
20160722 20161201 8.0591e-05 5.8976e-10 TSX
20160904 20180707 2.7689e-05 3.2448e-10 TSX
20160915 20180911 7.1483e-06 2.9767e-10 TSX
20160926 20170114 4.5844e-05 6.2861e-10 TSX
20161201 20171027 1.842e-06 4.0818e-10 TSX
20161223 20171107 2.1195e-05 4.0989e-10 TSX
20170114 20170902 2.1945e-05 4.7099e-10 TSX
20170811 20171005 -4.4876e-05 7.5511e-10 TSX
20170822 20180707 -1.2029e-06 4.1489e-10 TSX
20170913 20180707 -1.3375e-05 4.2628e-10 TSX
20170924 20180319 -3.8038e-05 5.2811e-10 TSX
20171005 20171107 6.4059e-05 8.1763e-10 TSX
20171016 20180319 4.8234e-06 5.5655e-10 TSX
20171027 20180911 -4.8782e-06 4.15e-10 TSX
20171107 20171118 7.7228e-05 9.8462e-10 TSX
20171118 20171129 5.4182e-05 9.8462e-10 TSX
20171129 20171221 -1.9797e-05 8.5948e-10 TSX
20171210 20180820 -2.2834e-05 4.5527e-10 TSX
20171221 20180911 -4.2799e-05 4.4737e-10 TSX
20180112 20181003 -1.3261e-05 4.4728e-10 TSX
20180319 20180707 -3.6917e-05 6.2862e-10 TSX
20180707 20180911 0.0001228 7.2648e-10 TSX
20180729 20181003 2.4318e-05 7.2648e-10 TSX
20180820 20181003 0.00010835 7.8522e-10 TSX
20180911 20181003 -0.00014056 8.5948e-10 TSX
