20030427 20030914 0.00032155 5.6757e-10 ERS2
20030914 20080629 -6.4976e-05 2.6806e-10 ERS2
20050918 20090510 -9.2795e-06 2.9848e-10 ERS2
20051127 20081116 0.00015794 3.1403e-10 ERS2
20060903 20090510 -0.00019174 3.0714e-10 ERS2
20061231 20090105 -2.8211e-06 3.1383e-10 ALOS
20070402 20070703 -0.00017296 6.6637e-10 ALOS
20070518 20091008 -1.2515e-05 2.9971e-10 ALOS
20070818 20071003 -0.0004646 7.7555e-10 ALOS
20071217 20100509 -5.224e-05 3.0039e-10 ALOS
20080103 20100526 3.5459e-05 2.9887e-10 ALOS
20080404 20080520 2.1731e-05 7.7555e-10 ALOS
20080618 20090921 -5.6957e-06 3.7208e-10 ALOS
20080629 20090510 -0.00013457 4.1199e-10 ERS2
20080705 20091008 -7.6824e-05 3.6532e-10 ALOS
20080803 20090823 8.6182e-06 3.8303e-10 ERS2
20081116 20090823 6.5492e-05 4.3208e-10 ERS2
20081219 20090921 -3.8643e-05 4.4611e-10 ALOS
20090105 20090708 -6.499e-05 5.2817e-10 ALOS
20090510 20091101 0.000334 5.212e-10 ERS2
20090708 20091008 -7.9789e-05 6.6637e-10 ALOS
20090823 20091101 0.00010227 6.9871e-10 ERS2
20091222 20100624 3.3912e-05 5.2529e-10 ALOS
20100108 20100223 -0.00025771 7.7558e-10 ALOS
20100223 20100526 -5.3986e-05 6.6637e-10 ALOS
20100410 20100711 -0.00014812 6.6637e-10 ALOS
20100509 20100624 0.00070303 7.7351e-10 ALOS
20100526 20100711 0.0003021 7.7556e-10 ALOS
20100624 20101109 -0.00015024 5.8403e-10 ALOS
20100711 20101011 -0.00039781 6.6639e-10 ALOS
20100809 20101109 -3.7821e-05 6.6366e-10 ALOS
20101011 20101126 0.00027541 7.7555e-10 ALOS
20110111 20110226 0.0004616 7.7555e-10 ALOS
20110924 20130715 1.4811e-05 3.232e-10 TSX
20111005 20121229 8.0529e-07 3.6864e-10 TSX
20111121 20171221 1.3676e-07 2.4294e-10 TSX
20111221 20130131 4.6062e-05 3.8516e-10 TSX
20111224 20121027 -1.2454e-05 4.1922e-10 TSX
20120126 20140419 4.5423e-06 2.9145e-10 TSX
20120203 20160320 2.566e-05 2.4443e-10 TSX
20120206 20171107 -3.5337e-06 2.4122e-10 TSX
20120617 20171129 -4.4969e-06 2.4757e-10 TSX
20120723 20160120 2.5319e-05 2.5879e-10 TSX
20121024 20130109 0.00019218 7.018e-10 TSX
20121027 20151226 1.1683e-05 2.6607e-10 TSX
20121030 20130311 3.6296e-05 5.8468e-10 TSX
20121107 20171118 3.0349e-07 2.4742e-10 TSX
20121221 20160208 1.4446e-06 2.6479e-10 TSX
20121224 20130516 -0.00014032 5.6851e-10 TSX
20121229 20130407 8.2852e-05 6.5622e-10 TSX
20130104 20130217 -2.1346e-05 7.7334e-10 TSX
20130109 20130715 -1.8244e-06 5.2852e-10 TSX
20130112 20140511 -6.8618e-06 3.5457e-10 TSX
20130115 20130721 -0.00012131 5.1397e-10 TSX
20130126 20130823 -0.00011094 4.9446e-10 TSX
20130131 20130429 -1.6706e-05 6.7815e-10 TSX
20130203 20130729 -4.7494e-05 5.2319e-10 TSX
20130211 20130919 -1.5319e-05 4.9596e-10 TSX
20130228 20141209 3.0672e-05 3.1234e-10 TSX
20130311 20130801 -3.8526e-05 5.6847e-10 TSX
20130316 20130623 3.1719e-05 6.5623e-10 TSX
20130402 20150122 5.4852e-05 3.2014e-10 TSX
20130407 20140530 2.4278e-06 3.8065e-10 TSX
20130421 20171016 -3.4958e-06 2.4734e-10 TSX
20130424 20130721 -0.00023148 6.6408e-10 TSX
20130429 20130623 -7.2917e-05 7.5449e-10 TSX
20130505 20131028 -0.00045122 5.2906e-10 TSX
20130513 20151112 -5.6985e-06 2.7628e-10 TSX
20130516 20131017 -0.0001826 5.5753e-10 TSX
20130521 20130715 0.0001029 7.5451e-10 TSX
20130524 20171129 7.3402e-06 2.4856e-10 TSX
20130527 20140627 -2.0342e-05 3.8358e-10 TSX
20130601 20130930 -2.8856e-05 6.1707e-10 TSX
20130604 20141217 -2.8807e-06 3.3861e-10 TSX
20130607 20140719 5.2707e-06 3.7983e-10 TSX
20130612 20150105 1.7256e-05 3.3797e-10 TSX
20130615 20160106 1.8657e-05 2.752e-10 TSX
20130618 20140708 -2.4838e-05 3.8807e-10 TSX
20130623 20130715 0.00050558 8.6241e-10 TSX
20130629 20130914 9.151e-05 6.8838e-10 TSX
20130707 20150130 -1.755e-06 3.3753e-10 TSX
20130710 20140901 5.5654e-06 3.7654e-10 TSX
20130715 20130726 -0.0024606 1.0116e-09 TSX
20130721 20131108 0.00065811 6.21e-10 TSX
20130726 20150517 0.00017991 3.2125e-10 TSX
20130729 20160904 -4.5733e-06 2.6984e-10 TSX
20130801 20151115 1.0124e-05 2.8599e-10 TSX
20130817 20140209 0.00010314 5.4101e-10 TSX
20130828 20150312 5.755e-05 3.4041e-10 TSX
20130903 20150329 -0.00010101 3.3088e-10 TSX
20130919 20160309 2.5796e-05 2.7438e-10 TSX
20130925 20140708 2.2128e-05 4.3135e-10 TSX
20130930 20160411 4.6517e-05 2.7101e-10 TSX
20131011 20150802 -2.4668e-06 3.1968e-10 TSX
20131017 20140719 -6.562e-06 4.3879e-10 TSX
20131028 20160304 -1.3231e-05 3.1301e-10 TSX
20131102 20140519 -0.00010589 5.1713e-10 TSX
20131108 20140708 -2.5384e-05 4.6283e-10 TSX
20140209 20160309 -1.2498e-05 3.0449e-10 TSX
20140223 20140829 4.8804e-07 5.1115e-10 TSX
20140408 20140705 -7.0314e-06 6.6152e-10 TSX
20140419 20170913 7.4645e-06 2.6622e-10 TSX
20140511 20141228 5.2065e-06 4.7023e-10 TSX
20140519 20150824 0.00011061 3.6449e-10 TSX
20140624 20171005 8.5541e-06 2.5909e-10 TSX
20140627 20151115 1.7165e-05 3.3976e-10 TSX
20140705 20180911 -2.5034e-06 2.5532e-10 TSX
20140708 20160406 4.4027e-05 3.1191e-10 TSX
20140716 20171005 2.2818e-06 2.6193e-10 TSX
20140719 20151207 3.8427e-06 3.4016e-10 TSX
20140727 20150326 -8.6541e-06 4.6162e-10 TSX
20140810 20150122 4.1842e-05 5.392e-10 TSX
20140818 20160301 9.1545e-06 3.2506e-10 TSX
20140829 20160208 1.4994e-05 3.3075e-10 TSX
20140901 20140912 -0.00031033 9.6815e-10 TSX
20140912 20141209 0.00010987 6.6407e-10 TSX
20140920 20170902 8.3944e-06 2.6947e-10 TSX
20141209 20160211 -1.9102e-05 3.6382e-10 TSX
20141217 20160722 1.9096e-06 3.1856e-10 TSX
20141228 20160106 3.0402e-05 3.8208e-10 TSX
20141231 20151024 7.5115e-06 4.2502e-10 TSX
20150105 20150824 3.5023e-05 4.8613e-10 TSX
20150108 20170811 6.2174e-06 2.7802e-10 TSX
20150119 20160117 5.7376e-06 3.8729e-10 TSX
20150127 20160411 6.8618e-05 3.7069e-10 TSX
20150130 20151112 -2.0205e-06 4.2843e-10 TSX
20150210 20170114 1.1446e-05 2.9726e-10 TSX
20150213 20160326 4.2537e-05 3.9077e-10 TSX
20150218 20160216 1.4631e-05 4.0274e-10 TSX
20150221 20180112 2.1104e-06 2.6693e-10 TSX
20150304 20180911 1.1815e-05 2.5974e-10 TSX
20150307 20160211 8.1092e-06 4.0074e-10 TSX
20150312 20160320 -2.4188e-05 3.9778e-10 TSX
20150326 20150827 -4.4462e-05 5.4987e-10 TSX
20150329 20151207 -1.1128e-05 4.5481e-10 TSX
20150428 20160425 2.2741e-05 3.87e-10 TSX
20150509 20150827 -7.219e-05 6.181e-10 TSX
20150517 20150824 -0.00016673 6.5623e-10 TSX
20150520 20180911 -5.7322e-06 2.6436e-10 TSX
20150714 20170822 -2.1665e-05 2.9052e-10 TSX
20150725 20170924 4.5493e-06 2.9013e-10 TSX
20150802 20160309 -1.4792e-05 4.9597e-10 TSX
20150805 20160403 1.977e-05 4.6128e-10 TSX
20150816 20171107 -1.121e-05 2.8872e-10 TSX
20150824 20150915 0.00061584 8.6231e-10 TSX
20150827 20170902 3.696e-06 2.9534e-10 TSX
20150915 20160216 -5.9551e-05 5.6824e-10 TSX
20151021 20160904 -7.1523e-07 4.1244e-10 TSX
20151101 20171016 -4.9041e-06 3.0021e-10 TSX
20151112 20160425 2.3379e-05 5.362e-10 TSX
20151115 20151229 0.00016263 7.7333e-10 TSX
20151123 20171221 -2.7533e-06 2.9456e-10 TSX
20151204 20151215 0.00012706 9.7925e-10 TSX
20151207 20160406 -3.9291e-06 6.0217e-10 TSX
20151215 20170822 5.4452e-06 3.1286e-10 TSX
20151226 20161223 -1.7553e-05 3.9357e-10 TSX
20151229 20160211 -2.3061e-06 7.7333e-10 TSX
20160106 20161223 -2.8506e-05 3.9801e-10 TSX
20160117 20160926 -2.7954e-05 4.5311e-10 TSX
20160128 20160301 -0.00015926 8.0732e-10 TSX
20160208 20160312 -0.00010414 8.0732e-10 TSX
20160216 20160309 -0.0003996 8.6231e-10 TSX
20160219 20180319 9.6817e-06 2.9612e-10 TSX
20160301 20161201 8.1548e-06 4.3865e-10 TSX
20160304 20160326 9.5512e-05 8.4891e-10 TSX
20160312 20180319 8.6209e-06 2.9818e-10 TSX
20160320 20160411 0.00044498 8.6232e-10 TSX
20160323 20171118 -1.04e-06 3.1727e-10 TSX
20160326 20160406 -0.00059114 9.6808e-10 TSX
20160403 20171027 -2.6589e-06 3.2176e-10 TSX
20160425 20170811 -8.9425e-06 3.4634e-10 TSX
20160528 20160630 -2.838e-05 8.0732e-10 TSX
20160630 20171118 6.8873e-06 3.3902e-10 TSX
20160722 20161201 7.1038e-05 5.8146e-10 TSX
20160904 20180707 -1.4263e-05 3.2272e-10 TSX
20160915 20180911 1.2494e-05 3.0111e-10 TSX
20160926 20170114 7.1345e-05 6.1814e-10 TSX
20161201 20171027 -1.2456e-05 4.0675e-10 TSX
20161223 20171107 2.1511e-05 4.0909e-10 TSX
20170114 20170902 -4.5534e-06 4.6874e-10 TSX
20170811 20171005 -5.1109e-05 7.4173e-10 TSX
20170822 20180707 4.4403e-05 4.1391e-10 TSX
20170913 20180707 8.3694e-07 4.2498e-10 TSX
20170924 20180319 5.4913e-05 5.2327e-10 TSX
20171005 20171107 2.1595e-05 8.0732e-10 TSX
20171016 20180319 3.5026e-05 5.502e-10 TSX
20171027 20180911 2.8051e-05 4.1393e-10 TSX
20171107 20171118 6.4683e-05 9.7925e-10 TSX
20171118 20171129 4.5635e-05 9.7925e-10 TSX
20171129 20171221 -2.4917e-05 8.5176e-10 TSX
20171210 20180820 3.3314e-05 4.536e-10 TSX
20171221 20180911 2.6614e-05 4.4584e-10 TSX
20180112 20181003 2.7376e-05 4.4575e-10 TSX
20180319 20180707 -1.2681e-05 6.1815e-10 TSX
20180707 20180911 8.2236e-05 7.1283e-10 TSX
20180729 20181003 -9.7516e-05 7.1283e-10 TSX
20180820 20181003 5.9145e-05 7.7294e-10 TSX
20180911 20181003 -0.00013439 8.5177e-10 TSX
