20030427 20030914 -0.00062608 5.6647e-10 ERS2
20030914 20080629 -2.5563e-07 2.929e-10 ERS2
20050918 20090510 3.9636e-06 2.9901e-10 ERS2
20051127 20081116 -4.2135e-05 3.0578e-10 ERS2
20060903 20090510 -0.00010217 3.1952e-10 ERS2
20061231 20090105 -5.5916e-05 3.1431e-10 ALOS
20070402 20070703 -8.3492e-05 6.667e-10 ALOS
20070518 20091008 -2.4816e-05 2.9889e-10 ALOS
20070818 20071003 -0.00049578 7.7641e-10 ALOS
20071217 20100509 -3.6487e-05 2.9908e-10 ALOS
20080103 20100526 -1.4335e-05 2.9822e-10 ALOS
20080404 20080520 7.3577e-06 7.7642e-10 ALOS
20080618 20090921 -5.9915e-07 3.7194e-10 ALOS
20080629 20090510 -0.0001382 4.1173e-10 ERS2
20080705 20091008 -0.0002205 3.6536e-10 ALOS
20080803 20090823 -1.3935e-05 3.8316e-10 ERS2
20081116 20090823 -3.2817e-05 4.3212e-10 ERS2
20081219 20090921 -0.00032703 4.4614e-10 ALOS
20090105 20090708 -5.0677e-05 5.2816e-10 ALOS
20090510 20091101 -0.00026383 5.2102e-10 ERS2
20090708 20091008 -0.00021419 6.667e-10 ALOS
20090823 20091101 0.0004433 6.9938e-10 ERS2
20091222 20100624 -8.4132e-05 5.2517e-10 ALOS
20100108 20100223 -0.00024789 7.7645e-10 ALOS
20100223 20100526 -0.00010655 6.667e-10 ALOS
20100410 20100711 -9.6465e-05 6.667e-10 ALOS
20100509 20100624 0.00074803 7.7429e-10 ALOS
20100526 20100711 0.00033531 7.7642e-10 ALOS
20100624 20101109 -0.00015037 5.8414e-10 ALOS
20100711 20101011 -0.0004628 6.6672e-10 ALOS
20100809 20101109 1.3664e-05 6.6393e-10 ALOS
20101011 20101126 0.00023728 7.7642e-10 ALOS
20110111 20110226 0.00041871 7.7641e-10 ALOS
20110924 20130715 9.1324e-06 3.2446e-10 TSX
20111005 20121229 2.527e-06 3.6894e-10 TSX
20111121 20171221 3.0297e-06 2.458e-10 TSX
20111221 20130131 2.5858e-05 3.856e-10 TSX
20111224 20121027 -1.8892e-05 4.1964e-10 TSX
20120126 20140419 2.4142e-05 2.9013e-10 TSX
20120203 20160320 1.2946e-05 2.4493e-10 TSX
20120206 20171107 -2.2283e-06 2.4594e-10 TSX
20120617 20171129 -8.6324e-06 2.4833e-10 TSX
20120723 20160120 1.5608e-05 2.6177e-10 TSX
20121024 20130109 0.00015931 7.0236e-10 TSX
20121027 20151226 2.2697e-05 2.6434e-10 TSX
20121030 20130311 3.2892e-05 5.8474e-10 TSX
20121107 20171118 -9.6639e-06 2.4954e-10 TSX
20121221 20160208 1.6598e-05 2.6394e-10 TSX
20121224 20130516 -8.8671e-05 5.6857e-10 TSX
20121229 20130407 7.1403e-05 6.5659e-10 TSX
20130104 20130217 -2.4915e-05 7.7392e-10 TSX
20130109 20130715 2.6446e-05 5.2861e-10 TSX
20130112 20140511 2.0944e-05 3.5423e-10 TSX
20130115 20130721 -0.00012161 5.1399e-10 TSX
20130126 20130823 -0.0001854 4.9219e-10 TSX
20130131 20130429 -4.5291e-06 6.7861e-10 TSX
20130203 20130729 -1.614e-05 5.2331e-10 TSX
20130211 20130919 -2.1942e-05 4.9599e-10 TSX
20130228 20141209 1.7851e-05 3.1257e-10 TSX
20130311 20130801 -2.1929e-05 5.6851e-10 TSX
20130316 20130623 2.5145e-05 6.5659e-10 TSX
20130402 20150122 8.3879e-05 2.948e-10 TSX
20130407 20140530 8.2145e-06 3.8089e-10 TSX
20130421 20171016 -5.1736e-06 2.5194e-10 TSX
20130424 20130721 -0.00022009 6.642e-10 TSX
20130429 20130623 -9.8368e-05 7.5534e-10 TSX
20130505 20131028 -0.00046435 5.2742e-10 TSX
20130513 20151112 1.4732e-05 2.7815e-10 TSX
20130516 20131017 -0.0002166 5.5355e-10 TSX
20130521 20130715 0.00015805 7.5537e-10 TSX
20130524 20171129 9.1826e-06 2.501e-10 TSX
20130527 20140627 2.2676e-06 3.8344e-10 TSX
20130601 20130930 2.4783e-05 6.1731e-10 TSX
20130604 20141217 3.3209e-06 3.382e-10 TSX
20130607 20140719 -1.5177e-05 3.8053e-10 TSX
20130612 20150105 4.2716e-05 3.3832e-10 TSX
20130615 20160106 2.2678e-05 2.7516e-10 TSX
20130618 20140708 -3.9746e-05 3.8793e-10 TSX
20130623 20130715 0.00055067 8.6381e-10 TSX
20130629 20130914 0.00015554 6.8853e-10 TSX
20130707 20150130 -9.1764e-07 3.3742e-10 TSX
20130710 20140901 -4.1406e-06 3.7685e-10 TSX
20130715 20130726 -0.0023819 1.0131e-09 TSX
20130721 20131108 0.0006719 6.2121e-10 TSX
20130726 20150517 0.00010032 3.2249e-10 TSX
20130729 20160904 6.0913e-06 2.6537e-10 TSX
20130801 20151115 3.1182e-06 2.867e-10 TSX
20130817 20140209 8.1377e-05 5.4109e-10 TSX
20130828 20150312 4.4384e-05 3.4027e-10 TSX
20130903 20150329 -0.00011049 3.1388e-10 TSX
20130919 20160309 2.8868e-05 2.7418e-10 TSX
20130925 20140708 -2.2392e-05 4.3133e-10 TSX
20130930 20160411 4.1466e-05 2.724e-10 TSX
20131011 20150802 7.0678e-06 3.2049e-10 TSX
20131017 20140719 -4.4161e-05 4.3878e-10 TSX
20131028 20160304 -2.0749e-06 3.2791e-10 TSX
20131102 20140519 -3.3193e-05 5.1718e-10 TSX
20131108 20140708 -3.3952e-05 4.6281e-10 TSX
20140209 20160309 -1.5659e-05 3.0658e-10 TSX
20140223 20140829 5.2284e-06 5.1127e-10 TSX
20140408 20140705 5.8596e-06 6.6198e-10 TSX
20140419 20170913 -5.7403e-06 2.5959e-10 TSX
20140511 20141228 6.2576e-06 4.7024e-10 TSX
20140519 20150824 7.763e-05 3.6447e-10 TSX
20140624 20171005 -3.9554e-06 2.6008e-10 TSX
20140627 20151115 -5.4963e-06 3.4011e-10 TSX
20140705 20180911 -7.5078e-06 2.5308e-10 TSX
20140708 20160406 2.3601e-05 3.1218e-10 TSX
20140716 20171005 -5.5939e-06 2.6038e-10 TSX
20140719 20151207 2.0586e-05 3.4013e-10 TSX
20140727 20150326 -6.7726e-06 4.6166e-10 TSX
20140810 20150122 -1.0416e-06 5.3924e-10 TSX
20140818 20160301 -2.3241e-06 3.2503e-10 TSX
20140829 20160208 7.338e-06 3.315e-10 TSX
20140901 20140912 -0.00029961 9.693e-10 TSX
20140912 20141209 0.00010813 6.6421e-10 TSX
20140920 20170902 -4.5061e-06 2.6399e-10 TSX
20141209 20160211 -1.1108e-05 3.6359e-10 TSX
20141217 20160722 3.775e-06 3.1928e-10 TSX
20141228 20160106 1.3297e-05 3.8221e-10 TSX
20141231 20151024 -6.9994e-06 4.2507e-10 TSX
20150105 20150824 6.0786e-05 4.8615e-10 TSX
20150108 20170811 -4.3015e-06 2.7203e-10 TSX
20150119 20160117 2.1168e-05 3.8714e-10 TSX
20150127 20160411 5.542e-05 3.7098e-10 TSX
20150130 20151112 3.9303e-06 4.2856e-10 TSX
20150210 20170114 8.5329e-06 2.9793e-10 TSX
20150213 20160326 -5.1922e-05 3.9254e-10 TSX
20150218 20160216 4.2942e-06 4.0284e-10 TSX
20150221 20180112 -8.1032e-06 2.6349e-10 TSX
20150304 20180911 4.7151e-06 2.5764e-10 TSX
20150307 20160211 2.1724e-05 4.0077e-10 TSX
20150312 20160320 -4.2193e-06 3.9763e-10 TSX
20150326 20150827 -1.3095e-05 5.4999e-10 TSX
20150329 20151207 6.1093e-06 4.5482e-10 TSX
20150428 20160425 1.8676e-05 3.869e-10 TSX
20150509 20150827 -3.4847e-05 6.1835e-10 TSX
20150517 20150824 -0.00011135 6.5659e-10 TSX
20150520 20180911 1.0445e-05 2.5871e-10 TSX
20150714 20170822 -1.4363e-05 2.8881e-10 TSX
20150725 20170924 -1.2498e-07 2.8688e-10 TSX
20150802 20160309 9.3648e-06 4.9599e-10 TSX
20150805 20160403 1.5087e-05 4.6132e-10 TSX
20150816 20171107 -8.2484e-07 2.8562e-10 TSX
20150824 20150915 0.00062659 8.6371e-10 TSX
20150827 20170902 -4.4583e-06 2.9523e-10 TSX
20150915 20160216 -6.4923e-05 5.6837e-10 TSX
20151021 20160904 3.381e-06 4.125e-10 TSX
20151101 20171016 -9.1145e-06 2.9741e-10 TSX
20151112 20160425 1.5026e-05 5.3631e-10 TSX
20151115 20151229 0.00015397 7.7392e-10 TSX
20151123 20171221 -1.2825e-05 2.9223e-10 TSX
20151204 20151215 0.00012151 9.8103e-10 TSX
20151207 20160406 -1.3811e-05 6.0225e-10 TSX
20151215 20170822 1.6621e-06 3.1267e-10 TSX
20151226 20161223 -3.2316e-05 3.936e-10 TSX
20151229 20160211 1.0532e-05 7.7392e-10 TSX
20160106 20161223 -2.9187e-05 3.9829e-10 TSX
20160117 20160926 -4.245e-05 4.5309e-10 TSX
20160128 20160301 -0.00016531 8.0892e-10 TSX
20160208 20160312 -9.6494e-05 8.0892e-10 TSX
20160216 20160309 -0.00039679 8.6371e-10 TSX
20160219 20180319 -2.8862e-06 2.9529e-10 TSX
20160301 20161201 -7.2753e-07 4.3868e-10 TSX
20160304 20160326 6.6989e-05 8.4991e-10 TSX
20160312 20180319 -2.739e-06 2.9649e-10 TSX
20160320 20160411 0.00041425 8.6371e-10 TSX
20160323 20171118 -9.305e-06 3.1697e-10 TSX
20160326 20160406 -0.00058814 9.6923e-10 TSX
20160403 20171027 -1.3466e-05 3.226e-10 TSX
20160425 20170811 -5.1291e-05 3.4712e-10 TSX
20160528 20160630 -1.4017e-05 8.0892e-10 TSX
20160630 20171118 -1.7674e-05 3.3922e-10 TSX
20160722 20161201 1.8678e-05 5.8164e-10 TSX
20160904 20180707 1.1476e-06 3.237e-10 TSX
20160915 20180911 2.0499e-05 3.01e-10 TSX
20160926 20170114 6.1869e-05 6.1841e-10 TSX
20161201 20171027 -1.5779e-05 4.0725e-10 TSX
20161223 20171107 8.7557e-06 4.0905e-10 TSX
20170114 20170902 -3.1201e-05 4.6881e-10 TSX
20170811 20171005 -3.1469e-05 7.4282e-10 TSX
20170822 20180707 5.9361e-05 4.1381e-10 TSX
20170913 20180707 2.1283e-05 4.2524e-10 TSX
20170924 20180319 6.1557e-05 5.2338e-10 TSX
20171005 20171107 1.6392e-05 8.0892e-10 TSX
20171016 20180319 3.8951e-05 5.5032e-10 TSX
20171027 20180911 4.005e-05 4.1369e-10 TSX
20171107 20171118 6.7726e-05 9.8103e-10 TSX
20171118 20171129 5.1562e-05 9.8103e-10 TSX
20171129 20171221 -2.1903e-05 8.5351e-10 TSX
20171210 20180820 3.9451e-05 4.536e-10 TSX
20171221 20180911 7.704e-05 4.4578e-10 TSX
20180112 20181003 6.3295e-05 4.458e-10 TSX
20180319 20180707 4.2087e-06 6.1843e-10 TSX
20180707 20180911 7.5133e-05 7.1366e-10 TSX
20180729 20181003 -4.4915e-05 7.1366e-10 TSX
20180820 20181003 0.00010969 7.743e-10 TSX
20180911 20181003 -0.00013098 8.5351e-10 TSX
