20030427 20030914 -5.0281e-05 5.6499e-10 ERS2
20030914 20080629 -3.8848e-07 2.8607e-10 ERS2
20050918 20090510 -2.8489e-05 2.9952e-10 ERS2
20051127 20081116 7.4577e-05 3.2026e-10 ERS2
20060903 20090510 -0.00016062 3.0593e-10 ERS2
20061231 20090105 0.0011709 3.1402e-10 ALOS
20070402 20070703 -1.5336e-05 6.6624e-10 ALOS
20070518 20091008 0.0012176 2.9913e-10 ALOS
20070818 20071003 -0.00018144 7.7504e-10 ALOS
20071217 20100509 0.0012755 2.9942e-10 ALOS
20080103 20100526 0.001287 2.981e-10 ALOS
20080404 20080520 0.00010867 7.7506e-10 ALOS
20080618 20090921 0.00081013 3.7271e-10 ALOS
20080629 20090510 -0.00051025 4.1232e-10 ERS2
20080705 20091008 0.00089589 3.6506e-10 ALOS
20080803 20090823 2.0728e-05 3.8289e-10 ERS2
20081116 20090823 -4.1744e-05 4.323e-10 ERS2
20081219 20090921 0.00089792 4.4609e-10 ALOS
20090105 20090708 0.00037093 5.2832e-10 ALOS
20090510 20091101 0.00080938 5.2045e-10 ERS2
20090708 20091008 0.00068542 6.6623e-10 ALOS
20090823 20091101 1.8802e-05 6.9852e-10 ERS2
20091222 20100624 0.00084185 5.2525e-10 ALOS
20100108 20100223 0.0005368 7.7507e-10 ALOS
20100223 20100526 0.00019743 6.6628e-10 ALOS
20100410 20100711 3.6138e-05 6.6618e-10 ALOS
20100509 20100624 0.00059127 7.7307e-10 ALOS
20100526 20100711 0.00044514 7.7505e-10 ALOS
20100624 20101109 0.00032131 5.8398e-10 ALOS
20100711 20101011 0.00029813 6.6635e-10 ALOS
20100809 20101109 0.00020506 6.6354e-10 ALOS
20101011 20101126 0.00025417 7.7505e-10 ALOS
20110111 20110226 0.0007596 7.7504e-10 ALOS
20110924 20130715 3.3329e-06 3.2384e-10 TSX
20111005 20121229 0.00050035 3.6907e-10 TSX
20111121 20171221 3.71e-06 3.1436e-10 TSX
20111221 20130131 0.00094892 3.8563e-10 TSX
20111224 20121027 0.00010306 4.1939e-10 TSX
20120126 20140419 -7.934e-05 3.0014e-10 TSX
20120203 20160320 9.1742e-05 2.8412e-10 TSX
20120206 20171107 -2.6718e-05 3.0612e-10 TSX
20120617 20171129 7.9439e-06 3.4999e-10 TSX
20120723 20160120 8.4559e-05 3.5063e-10 TSX
20121024 20130109 0.00013466 7.0156e-10 TSX
20121027 20151226 -4.2172e-05 3.1102e-10 TSX
20121030 20130311 0.00039839 5.8465e-10 TSX
20121107 20171118 -2.1003e-05 3.3619e-10 TSX
20121221 20160208 8.549e-06 2.9454e-10 TSX
20121224 20130516 0.00031337 5.6848e-10 TSX
20121229 20130407 0.00046837 6.5607e-10 TSX
20130104 20130217 0.00024111 7.7305e-10 TSX
20130109 20130715 0.00049541 5.2887e-10 TSX
20130112 20140511 -9.1729e-06 3.5454e-10 TSX
20130115 20130721 0.00026409 5.1395e-10 TSX
20130126 20130823 -9.1242e-05 5.205e-10 TSX
20130131 20130429 6.6698e-05 6.7795e-10 TSX
20130203 20130729 8.7323e-05 5.2313e-10 TSX
20130211 20130919 0.00045309 4.9595e-10 TSX
20130228 20141209 0.00010461 3.1615e-10 TSX
20130311 20130801 0.00032489 5.6844e-10 TSX
20130316 20130623 0.00019649 6.5607e-10 TSX
20130402 20150122 0.00018031 3.4543e-10 TSX
20130407 20140530 0.00082188 3.8113e-10 TSX
20130421 20171016 -6.812e-07 3.3907e-10 TSX
20130424 20130721 -0.00015594 6.6401e-10 TSX
20130429 20130623 6.0882e-05 7.5402e-10 TSX
20130505 20131028 -0.00031732 5.5161e-10 TSX
20130513 20151112 -2.745e-05 3.2116e-10 TSX
20130516 20131017 3.7276e-06 5.881e-10 TSX
20130521 20130715 0.0001524 7.5404e-10 TSX
20130524 20171129 -3.2673e-05 3.3925e-10 TSX
20130527 20140627 0.00045157 3.8416e-10 TSX
20130601 20130930 0.000289 6.1697e-10 TSX
20130604 20141217 6.9758e-06 3.3893e-10 TSX
20130607 20140719 0.00053331 3.8011e-10 TSX
20130612 20150105 0.00058871 3.4051e-10 TSX
20130615 20160106 -6.924e-05 3.2002e-10 TSX
20130618 20140708 0.00091934 3.8822e-10 TSX
20130623 20130715 0.00058882 8.6123e-10 TSX
20130629 20130914 0.00035014 6.8931e-10 TSX
20130707 20150130 3.5366e-06 3.3717e-10 TSX
20130710 20140901 0.0009575 3.7657e-10 TSX
20130715 20130726 -0.0024385 1.0102e-09 TSX
20130721 20131108 0.0010894 6.3631e-10 TSX
20130726 20150517 0.00043397 3.2512e-10 TSX
20130729 20160904 -5.8934e-05 3.2141e-10 TSX
20130801 20151115 5.9739e-05 3.3684e-10 TSX
20130817 20140209 0.00053065 5.4096e-10 TSX
20130828 20150312 0.00027895 3.4228e-10 TSX
20130903 20150329 2.4497e-05 3.6251e-10 TSX
20130919 20160309 0.00014761 2.9033e-10 TSX
20130925 20140708 0.00040859 4.3526e-10 TSX
20130930 20160411 -2.8189e-05 3.1507e-10 TSX
20131011 20150802 0.00029427 3.2429e-10 TSX
20131017 20140719 0.00073846 4.3927e-10 TSX
20131028 20160304 8.9541e-05 3.1712e-10 TSX
20131102 20140519 0.00026905 5.1709e-10 TSX
20131108 20140708 0.00068899 4.6462e-10 TSX
20140209 20160309 -5.3646e-06 3.1607e-10 TSX
20140223 20140829 8.2049e-05 5.1111e-10 TSX
20140408 20140705 3.474e-05 6.6128e-10 TSX
20140419 20170913 2.0302e-05 3.4344e-10 TSX
20140511 20141228 0.00016172 4.7014e-10 TSX
20140519 20150824 0.00056152 3.6559e-10 TSX
20140624 20171005 -3.0109e-06 3.0827e-10 TSX
20140627 20151115 0.00018918 3.5182e-10 TSX
20140705 20180911 -1.3522e-05 3.2548e-10 TSX
20140708 20160406 0.00021232 3.3795e-10 TSX
20140716 20171005 -3.1342e-05 3.0881e-10 TSX
20140719 20151207 0.00027348 3.4998e-10 TSX
20140727 20150326 7.6707e-05 4.6151e-10 TSX
20140810 20150122 0.00048826 5.392e-10 TSX
20140818 20160301 1.8931e-05 3.3375e-10 TSX
20140829 20160208 5.4248e-05 3.3584e-10 TSX
20140901 20140912 -0.00031848 9.671e-10 TSX
20140912 20141209 0.00030044 6.6401e-10 TSX
20140920 20170902 -7.0742e-06 3.3459e-10 TSX
20141209 20160211 0.00038001 3.6707e-10 TSX
20141217 20160722 -3.7781e-05 3.4062e-10 TSX
20141228 20160106 -1.1221e-05 3.8234e-10 TSX
20141231 20151024 0.0007199 4.2548e-10 TSX
20150105 20150824 0.00048489 4.8617e-10 TSX
20150108 20170811 1.695e-05 3.0704e-10 TSX
20150119 20160117 -1.3252e-05 3.8744e-10 TSX
20150127 20160411 0.00039759 3.7434e-10 TSX
20150130 20151112 0.00010172 4.2857e-10 TSX
20150210 20170114 -4.864e-06 3.1675e-10 TSX
20150213 20160326 -1.8028e-05 3.9682e-10 TSX
20150218 20160216 0.0007554 4.0372e-10 TSX
20150221 20180112 -1.4018e-06 3.2399e-10 TSX
20150304 20180911 -3.9501e-05 3.522e-10 TSX
20150307 20160211 0.00079742 4.0099e-10 TSX
20150312 20160320 0.00073065 3.9803e-10 TSX
20150326 20150827 0.00011123 5.4997e-10 TSX
20150329 20151207 0.00062692 4.556e-10 TSX
20150428 20160425 2.8363e-05 3.8791e-10 TSX
20150509 20150827 1.3282e-05 6.1832e-10 TSX
20150517 20150824 9.5366e-05 6.5637e-10 TSX
20150520 20180911 -9.2583e-06 3.1192e-10 TSX
20150714 20170822 -4.9717e-05 3.0941e-10 TSX
20150725 20170924 -4.0655e-05 3.0652e-10 TSX
20150802 20160309 0.0004876 4.959e-10 TSX
20150805 20160403 0.00013142 4.6127e-10 TSX
20150816 20171107 -1.6839e-05 3.1015e-10 TSX
20150824 20150915 0.00076308 8.6114e-10 TSX
20150827 20170902 6.435e-06 3.1257e-10 TSX
20150915 20160216 0.00021762 5.6817e-10 TSX
20151021 20160904 7.9714e-05 4.1307e-10 TSX
20151101 20171016 2.3286e-05 3.1033e-10 TSX
20151112 20160425 8.3934e-05 5.3613e-10 TSX
20151115 20151229 0.00019881 7.7305e-10 TSX
20151123 20171221 7.7047e-06 2.9684e-10 TSX
20151204 20151215 0.00017409 9.7729e-10 TSX
20151207 20160406 0.00024767 6.0214e-10 TSX
20151215 20170822 1.5751e-05 3.1429e-10 TSX
20151226 20161223 0.00011715 3.932e-10 TSX
20151229 20160211 9.4338e-05 7.7305e-10 TSX
20160106 20161223 0.00013385 3.9776e-10 TSX
20160117 20160926 0.00011469 4.5301e-10 TSX
20160128 20160301 -0.00017595 8.0617e-10 TSX
20160208 20160312 -8.1137e-05 8.0617e-10 TSX
20160216 20160309 -0.00039246 8.6114e-10 TSX
20160219 20180319 -3.6654e-05 2.9971e-10 TSX
20160301 20161201 0.00010375 4.3857e-10 TSX
20160304 20160326 6.2446e-05 8.4814e-10 TSX
20160312 20180319 -2.9157e-05 3.0299e-10 TSX
20160320 20160411 0.00045823 8.6114e-10 TSX
20160323 20171118 2.5686e-05 3.1768e-10 TSX
20160326 20160406 -0.00049021 9.6703e-10 TSX
20160403 20171027 7.1917e-06 3.2226e-10 TSX
20160425 20170811 2.5421e-05 3.4634e-10 TSX
20160528 20160630 1.2669e-05 8.0617e-10 TSX
20160630 20171118 5.0338e-05 3.3865e-10 TSX
20160722 20161201 0.00011588 5.8134e-10 TSX
20160904 20180707 -3.8956e-05 3.2323e-10 TSX
20160915 20180911 6.6936e-06 3.0152e-10 TSX
20160926 20170114 7.7099e-05 6.1798e-10 TSX
20161201 20171027 0.00014197 4.0659e-10 TSX
20161223 20171107 0.00010984 4.0908e-10 TSX
20170114 20170902 0.0001017 4.6865e-10 TSX
20170811 20171005 -4.4402e-05 7.4117e-10 TSX
20170822 20180707 -3.8063e-05 4.1378e-10 TSX
20170913 20180707 -6.4834e-05 4.2507e-10 TSX
20170924 20180319 -1.3332e-05 5.232e-10 TSX
20171005 20171107 5.722e-05 8.0617e-10 TSX
20171016 20180319 -4.0564e-05 5.5009e-10 TSX
20171027 20180911 3.4495e-06 4.1365e-10 TSX
20171107 20171118 7.0817e-05 9.7729e-10 TSX
20171118 20171129 4.0655e-05 9.7729e-10 TSX
20171129 20171221 -1.5349e-05 8.5019e-10 TSX
20171210 20180820 -2.9313e-05 4.5349e-10 TSX
20171221 20180911 -3.3655e-05 4.4572e-10 TSX
20180112 20181003 5.5372e-05 4.4573e-10 TSX
20180319 20180707 -0.00011543 6.1799e-10 TSX
20180707 20180911 0.00024964 7.1243e-10 TSX
20180729 20181003 8.557e-05 7.1242e-10 TSX
20180820 20181003 0.0001537 7.7213e-10 TSX
20180911 20181003 -0.00014341 8.5019e-10 TSX
