20030427 20030914 0.00017014 5.7747e-10 ERS2
20030914 20080629 -0.00018025 2.9211e-10 ERS2
20050918 20090510 4.6864e-06 3.0883e-10 ERS2
20051127 20081116 0.00010248 3.1164e-10 ERS2
20060903 20090510 -1.0577e-05 3.3738e-10 ERS2
20061231 20090105 2.8583e-05 3.1063e-10 ALOS
20070402 20070703 -3.409e-05 6.7319e-10 ALOS
20070518 20091008 -3.5766e-05 2.9576e-10 ALOS
20070818 20071003 -0.0004879 7.837e-10 ALOS
20071217 20100509 -4.9148e-05 2.9675e-10 ALOS
20080103 20100526 -2.3974e-06 2.9586e-10 ALOS
20080404 20080520 5.6054e-06 7.837e-10 ALOS
20080618 20090921 -0.00011676 3.7163e-10 ALOS
20080629 20090510 -7.1308e-05 4.163e-10 ERS2
20080705 20091008 -5.8231e-05 3.644e-10 ALOS
20080803 20090823 -1.3128e-05 3.857e-10 ERS2
20081116 20090823 -3.1224e-05 4.3373e-10 ERS2
20081219 20090921 0.00024306 4.47e-10 ALOS
20090105 20090708 7.6896e-05 5.3075e-10 ALOS
20090510 20091101 0.00060148 5.2355e-10 ERS2
20090708 20091008 0.00010729 6.7319e-10 ALOS
20090823 20091101 0.00058755 7.0973e-10 ERS2
20091222 20100624 0.00020883 5.2733e-10 ALOS
20100108 20100223 8.3437e-05 7.8373e-10 ALOS
20100223 20100526 -0.00013075 6.7316e-10 ALOS
20100410 20100711 -0.00019446 6.7319e-10 ALOS
20100509 20100624 0.0007977 7.8135e-10 ALOS
20100526 20100711 0.00039583 7.8371e-10 ALOS
20100624 20101109 -3.6326e-05 5.8779e-10 ALOS
20100711 20101011 -0.00016765 6.7321e-10 ALOS
20100809 20101109 -3.7846e-05 6.6996e-10 ALOS
20101011 20101126 0.00024731 7.8371e-10 ALOS
20110111 20110226 0.00062995 7.8368e-10 ALOS
20110924 20130715 1.49e-05 3.2179e-10 TSX
20111005 20121229 9.8044e-06 3.685e-10 TSX
20111121 20171221 -3.4275e-06 2.9695e-10 TSX
20111221 20130131 3.251e-05 3.8547e-10 TSX
20111224 20121027 -1.611e-05 4.2164e-10 TSX
20120126 20140419 1.1219e-05 2.9319e-10 TSX
20120203 20160320 8.2506e-06 2.4232e-10 TSX
20120206 20171107 -5.1911e-06 2.8678e-10 TSX
20120617 20171129 -4.3956e-06 2.7419e-10 TSX
20120723 20160120 -9.7097e-06 2.5768e-10 TSX
20121024 20130109 9.973e-05 7.1018e-10 TSX
20121027 20151226 6.4221e-06 2.7389e-10 TSX
20121030 20130311 1.9322e-05 5.875e-10 TSX
20121107 20171118 -1.941e-05 2.7164e-10 TSX
20121221 20160208 5.5886e-06 2.7635e-10 TSX
20121224 20130516 -4.0746e-05 5.7088e-10 TSX
20121229 20130407 3.147e-05 6.6339e-10 TSX
20130104 20130217 -1.5286e-05 7.8047e-10 TSX
20130109 20130715 3.3306e-05 5.3167e-10 TSX
20130112 20140511 1.2862e-05 3.5734e-10 TSX
20130115 20130721 -0.00011878 5.153e-10 TSX
20130126 20130823 -0.00021552 4.9503e-10 TSX
20130131 20130429 -1.1449e-05 6.8596e-10 TSX
20130203 20130729 -9.6392e-06 5.2811e-10 TSX
20130211 20130919 -4.8446e-05 4.9833e-10 TSX
20130228 20141209 2.2887e-05 3.1094e-10 TSX
20130311 20130801 -5.1393e-05 5.7084e-10 TSX
20130316 20130623 3.7848e-05 6.634e-10 TSX
20130402 20150122 3.5809e-05 2.9654e-10 TSX
20130407 20140530 1.1051e-05 3.808e-10 TSX
20130421 20171016 3.1606e-06 2.7333e-10 TSX
20130424 20130721 -0.00022475 6.6941e-10 TSX
20130429 20130623 -0.00014614 7.6335e-10 TSX
20130505 20131028 -0.00060679 5.2756e-10 TSX
20130513 20151112 -6.4319e-06 2.856e-10 TSX
20130516 20131017 -0.00029347 5.5605e-10 TSX
20130521 20130715 0.00014552 7.6338e-10 TSX
20130524 20171129 9.7435e-06 2.7638e-10 TSX
20130527 20140627 1.7481e-05 3.8333e-10 TSX
20130601 20130930 4.4792e-05 6.2293e-10 TSX
20130604 20141217 -7.3949e-07 3.4244e-10 TSX
20130607 20140719 -7.0373e-06 3.7987e-10 TSX
20130612 20150105 4.3802e-05 3.366e-10 TSX
20130615 20160106 7.7733e-06 2.8459e-10 TSX
20130618 20140708 -3.521e-05 3.8758e-10 TSX
20130623 20130715 0.00060063 8.6912e-10 TSX
20130629 20130914 0.0003012 6.9442e-10 TSX
20130707 20150130 -4.7714e-06 3.4189e-10 TSX
20130710 20140901 -2.3512e-05 3.7624e-10 TSX
20130715 20130726 -0.0024051 1.0173e-09 TSX
20130721 20131108 0.00082636 6.2515e-10 TSX
20130726 20150517 0.00010881 3.204e-10 TSX
20130729 20160904 -1.6752e-05 2.7309e-10 TSX
20130801 20151115 1.1231e-05 2.838e-10 TSX
20130817 20140209 5.0752e-06 5.4444e-10 TSX
20130828 20150312 -3.8045e-06 3.3929e-10 TSX
20130903 20150329 -0.00012262 3.1416e-10 TSX
20130919 20160309 4.4928e-05 2.7435e-10 TSX
20130925 20140708 2.0908e-05 4.3199e-10 TSX
20130930 20160411 3.4084e-05 2.7197e-10 TSX
20131011 20150802 1.8463e-05 3.185e-10 TSX
20131017 20140719 -4.6805e-05 4.3944e-10 TSX
20131028 20160304 7.7853e-06 3.2062e-10 TSX
20131102 20140519 -6.449e-05 5.1997e-10 TSX
20131108 20140708 -1.6809e-05 4.6368e-10 TSX
20140209 20160309 1.2435e-05 3.0384e-10 TSX
20140223 20140829 -1.3777e-05 5.1555e-10 TSX
20140408 20140705 -8.5717e-06 6.7329e-10 TSX
20140419 20170913 -9.6269e-06 2.8872e-10 TSX
20140511 20141228 3.7275e-06 4.7296e-10 TSX
20140519 20150824 4.0008e-05 3.6434e-10 TSX
20140624 20171005 -6.0442e-06 2.8367e-10 TSX
20140627 20151115 -1.9308e-05 3.3904e-10 TSX
20140705 20180911 6.7314e-06 2.747e-10 TSX
20140708 20160406 4.2914e-05 3.1015e-10 TSX
20140716 20171005 -2.3966e-06 2.8236e-10 TSX
20140719 20151207 3.0239e-05 3.3906e-10 TSX
20140727 20150326 6.0549e-06 4.6428e-10 TSX
20140810 20150122 -2.2787e-05 5.4094e-10 TSX
20140818 20160301 9.1807e-06 3.3265e-10 TSX
20140829 20160208 2.0402e-05 3.369e-10 TSX
20140901 20140912 -0.00030698 9.7288e-10 TSX
20140912 20141209 0.00014331 6.6941e-10 TSX
20140920 20170902 2.7025e-05 2.8131e-10 TSX
20141209 20160211 -2.2986e-05 3.6327e-10 TSX
20141217 20160722 3.1836e-05 3.2199e-10 TSX
20141228 20160106 3.0728e-05 3.8304e-10 TSX
20141231 20151024 -3.5393e-05 4.255e-10 TSX
20150105 20150824 -1.2909e-05 4.8829e-10 TSX
20150108 20170811 -1.2864e-05 2.9868e-10 TSX
20150119 20160117 4.4567e-05 3.8789e-10 TSX
20150127 20160411 6.7883e-05 3.7079e-10 TSX
20150130 20151112 1.2888e-05 4.2979e-10 TSX
20150210 20170114 9.1448e-06 3.169e-10 TSX
20150213 20160326 -3.8331e-05 3.9111e-10 TSX
20150218 20160216 2.4265e-05 4.0328e-10 TSX
20150221 20180112 1.6441e-05 2.7815e-10 TSX
20150304 20180911 1.7646e-05 2.7174e-10 TSX
20150307 20160211 2.4105e-05 4.0096e-10 TSX
20150312 20160320 3.6928e-05 3.9812e-10 TSX
20150326 20150827 -1.4143e-05 5.5545e-10 TSX
20150329 20151207 -7.5195e-07 4.5551e-10 TSX
20150428 20160425 2.2621e-05 3.8801e-10 TSX
20150509 20150827 -4.9632e-05 6.276e-10 TSX
20150517 20150824 -0.00016524 6.634e-10 TSX
20150520 20180911 2.2278e-05 2.906e-10 TSX
20150714 20170822 -1.0399e-06 2.9346e-10 TSX
20150725 20170924 2.5866e-05 2.9005e-10 TSX
20150802 20160309 3.2093e-05 4.9831e-10 TSX
20150805 20160403 3.3963e-05 4.6375e-10 TSX
20150816 20171107 7.661e-06 2.9013e-10 TSX
20150824 20150915 0.00067097 8.6901e-10 TSX
20150827 20170902 1.5809e-05 2.9839e-10 TSX
20150915 20160216 -7.3635e-05 5.7248e-10 TSX
20151021 20160904 1.8934e-05 4.1435e-10 TSX
20151101 20171016 -9.393e-07 3.046e-10 TSX
20151112 20160425 3.1602e-05 5.4178e-10 TSX
20151115 20151229 0.00017385 7.8046e-10 TSX
20151123 20171221 8.3998e-08 2.9674e-10 TSX
20151204 20151215 0.00012265 9.858e-10 TSX
20151207 20160406 -7.2811e-05 6.0551e-10 TSX
20151215 20170822 3.451e-05 3.1636e-10 TSX
20151226 20161223 -2.255e-05 3.959e-10 TSX
20151229 20160211 1.969e-05 7.8046e-10 TSX
20160106 20161223 -1.8551e-05 4.0073e-10 TSX
20160117 20160926 -2.7245e-06 4.554e-10 TSX
20160128 20160301 -0.00014849 8.182e-10 TSX
20160208 20160312 -8.3358e-05 8.182e-10 TSX
20160216 20160309 -0.00042658 8.6901e-10 TSX
20160219 20180319 5.3982e-06 2.9837e-10 TSX
20160301 20161201 1.2463e-05 4.4084e-10 TSX
20160304 20160326 3.4942e-05 8.5463e-10 TSX
20160312 20180319 3.0884e-06 3.0018e-10 TSX
20160320 20160411 0.00039886 8.6902e-10 TSX
20160323 20171118 3.8352e-06 3.1994e-10 TSX
20160326 20160406 -0.00053799 9.7281e-10 TSX
20160403 20171027 2.6892e-06 3.2466e-10 TSX
20160425 20170811 3.7938e-06 3.4884e-10 TSX
20160528 20160630 -1.3985e-05 8.182e-10 TSX
20160630 20171118 7.5526e-06 3.4171e-10 TSX
20160722 20161201 5.2897e-05 5.897e-10 TSX
20160904 20180707 2.9489e-05 3.2633e-10 TSX
20160915 20180911 2.5457e-05 3.0443e-10 TSX
20160926 20170114 7.4872e-05 6.278e-10 TSX
20161201 20171027 -1.2356e-05 4.098e-10 TSX
20161223 20171107 3.4851e-05 4.1103e-10 TSX
20170114 20170902 3.5913e-06 4.7477e-10 TSX
20170811 20171005 -3.7991e-05 7.5496e-10 TSX
20170822 20180707 6.7806e-05 4.1615e-10 TSX
20170913 20180707 4.7444e-05 4.2734e-10 TSX
20170924 20180319 5.9897e-05 5.2821e-10 TSX
20171005 20171107 2.4291e-05 8.182e-10 TSX
20171016 20180319 5.8067e-05 5.5659e-10 TSX
20171027 20180911 6.1928e-05 4.1605e-10 TSX
20171107 20171118 7.1512e-05 9.8581e-10 TSX
20171118 20171129 5.6281e-05 9.858e-10 TSX
20171129 20171221 -2.1526e-05 8.6041e-10 TSX
20171210 20180820 5.4419e-05 4.5593e-10 TSX
20171221 20180911 3.7188e-05 4.4818e-10 TSX
20180112 20181003 7.8292e-05 4.4817e-10 TSX
20180319 20180707 1.7396e-05 6.2782e-10 TSX
20180707 20180911 0.00014087 7.2605e-10 TSX
20180729 20181003 -3.7332e-05 7.2605e-10 TSX
20180820 20181003 0.00012146 7.8543e-10 TSX
20180911 20181003 -0.00017813 8.6041e-10 TSX
