20030427 20030914 0.00050755 6.9541e-10 ERS2
20030914 20080629 0.00014203 4.7767e-10 ERS2
20050918 20090510 2.6267e-05 5.105e-10 ERS2
20051127 20081116 0.00014021 5.2648e-10 ERS2
20060903 20090510 0.00024062 5.1672e-10 ERS2
20061231 20090105 -1.4649e-05 3.8655e-10 ALOS
20070402 20070703 3.2334e-06 7.2646e-10 ALOS
20070518 20091008 -0.00011604 3.7163e-10 ALOS
20070818 20071003 -0.00036697 8.1212e-10 ALOS
20071217 20100509 -0.00012234 3.7739e-10 ALOS
20080103 20100526 -0.00011178 3.7127e-10 ALOS
20080404 20080520 2.4082e-06 8.121e-10 ALOS
20080618 20090921 1.1657e-05 4.5124e-10 ALOS
20080629 20090510 4.196e-05 5.9416e-10 ERS2
20080705 20091008 0.00011184 4.3733e-10 ALOS
20080803 20090823 6.9482e-05 5.6581e-10 ERS2
20081116 20090823 7.6182e-05 5.9885e-10 ERS2
20081219 20090921 0.001022 5.1971e-10 ALOS
20090105 20090708 0.00012119 5.9851e-10 ALOS
20090510 20091101 0.00054441 6.6234e-10 ERS2
20090708 20091008 0.0011829 7.2657e-10 ALOS
20090823 20091101 0.00098252 7.8082e-10 ERS2
20091222 20100624 0.00082209 5.9633e-10 ALOS
20100108 20100223 0.00071905 8.1216e-10 ALOS
20100223 20100526 -0.00016923 7.2646e-10 ALOS
20100410 20100711 -9.4487e-05 7.2649e-10 ALOS
20100509 20100624 0.00076317 8.1037e-10 ALOS
20100526 20100711 0.00056701 8.1215e-10 ALOS
20100624 20101109 1.1973e-05 6.5397e-10 ALOS
20100711 20101011 -0.00014266 7.2653e-10 ALOS
20100809 20101109 -1.8166e-05 7.2432e-10 ALOS
20101011 20101126 0.00024012 8.1213e-10 ALOS
20110111 20110226 0.00099435 8.1211e-10 ALOS
20110924 20130715 3.4616e-05 3.9233e-10 TSX
20111005 20121229 -6.5761e-05 4.3771e-10 TSX
20111121 20171221 -1.7079e-05 5.6182e-10 TSX
20111221 20130131 -4.2786e-05 4.5503e-10 TSX
20111224 20121027 1.8373e-05 6.0776e-10 TSX
20120126 20140419 -4.4316e-06 5.118e-10 TSX
20120203 20160320 -3.9677e-05 3.1458e-10 TSX
20120206 20171107 -1.185e-05 5.3397e-10 TSX
20120617 20171129 -2.0263e-05 5.6184e-10 TSX
20120723 20160120 -3.58e-05 3.4863e-10 TSX
20121024 20130109 -9.665e-05 7.5596e-10 TSX
20121027 20151226 2.2375e-06 5.214e-10 TSX
20121030 20130311 -4.1451e-05 6.5737e-10 TSX
20121107 20171118 1.8197e-06 5.352e-10 TSX
20121221 20160208 1.4972e-05 5.2978e-10 TSX
20121224 20130516 3.7785e-05 6.4258e-10 TSX
20121229 20130407 1.3296e-06 7.1796e-10 TSX
20130104 20130217 9.1657e-05 8.1033e-10 TSX
20130109 20130715 0.00025454 5.9817e-10 TSX
20130112 20140511 4.1613e-05 5.6338e-10 TSX
20130115 20130721 -0.00011097 5.8908e-10 TSX
20130126 20130823 -0.00018171 5.6539e-10 TSX
20130131 20130429 6.6357e-05 7.3656e-10 TSX
20130203 20130729 4.4032e-05 6.7706e-10 TSX
20130211 20130919 0.00013206 5.6569e-10 TSX
20130228 20141209 -2.7631e-06 3.9648e-10 TSX
20130311 20130801 -2.3428e-05 6.4243e-10 TSX
20130316 20130623 -3.5441e-05 7.1798e-10 TSX
20130402 20150122 3.2906e-05 3.6013e-10 TSX
20130407 20140530 7.2601e-05 4.5023e-10 TSX
20130421 20171016 -4.2825e-06 5.1562e-10 TSX
20130424 20130721 -0.00023501 7.2617e-10 TSX
20130429 20130623 -0.00017715 7.969e-10 TSX
20130505 20131028 -0.00057959 6.0027e-10 TSX
20130513 20151112 2.6543e-05 5.1972e-10 TSX
20130516 20131017 -0.00018786 6.268e-10 TSX
20130521 20130715 0.00025451 7.9694e-10 TSX
20130524 20171129 4.8544e-06 5.0719e-10 TSX
20130527 20140627 -4.6127e-05 4.7051e-10 TSX
20130601 20130930 0.00015432 6.8334e-10 TSX
20130604 20141217 7.7968e-06 5.5128e-10 TSX
20130607 20140719 5.1266e-05 4.669e-10 TSX
20130612 20150105 -3.3663e-05 4.0735e-10 TSX
20130615 20160106 2.0975e-05 4.9742e-10 TSX
20130618 20140708 -8.0626e-06 4.7485e-10 TSX
20130623 20130715 0.00072192 8.8124e-10 TSX
20130629 20130914 0.0001468 7.4593e-10 TSX
20130707 20150130 -1.4065e-05 5.5466e-10 TSX
20130710 20140901 5.2425e-05 4.6387e-10 TSX
20130715 20130726 -0.0024022 1.0245e-09 TSX
20130721 20131108 0.00093333 6.8937e-10 TSX
20130726 20150517 -0.00017446 3.8983e-10 TSX
20130729 20160904 -1.0433e-05 5.1626e-10 TSX
20130801 20151115 2.8233e-05 3.7413e-10 TSX
20130817 20140209 -0.00015081 6.1105e-10 TSX
20130828 20150312 2.2061e-05 4.0903e-10 TSX
20130903 20150329 -0.00019204 3.7982e-10 TSX
20130919 20160309 -1.3747e-05 3.3927e-10 TSX
20130925 20140708 -1.4712e-05 5.0661e-10 TSX
20130930 20160411 -4.2823e-05 3.4155e-10 TSX
20131011 20150802 1.9344e-05 3.878e-10 TSX
20131017 20140719 -0.00010788 5.1485e-10 TSX
20131028 20160304 -7.6599e-05 3.9421e-10 TSX
20131102 20140519 0.00010543 5.8721e-10 TSX
20131108 20140708 -5.5075e-05 5.3701e-10 TSX
20140209 20160309 2.619e-05 3.7359e-10 TSX
20140223 20140829 3.3978e-05 6.6849e-10 TSX
20140408 20140705 5.9339e-06 7.6757e-10 TSX
20140419 20170913 1.9292e-05 5.4188e-10 TSX
20140511 20141228 3.0048e-05 6.4032e-10 TSX
20140519 20150824 -6.9109e-05 4.3227e-10 TSX
20140624 20171005 -8.2359e-06 6.0388e-10 TSX
20140627 20151115 5.1921e-05 4.2216e-10 TSX
20140705 20180911 -7.9436e-06 5.8634e-10 TSX
20140708 20160406 1.9727e-05 3.9524e-10 TSX
20140716 20171005 3.0468e-06 5.5386e-10 TSX
20140719 20151207 -1.114e-05 4.2139e-10 TSX
20140727 20150326 -2.3833e-05 6.3473e-10 TSX
20140810 20150122 -7.424e-05 6.1367e-10 TSX
20140818 20160301 2.3646e-05 5.473e-10 TSX
20140829 20160208 2.1607e-05 5.3479e-10 TSX
20140901 20140912 -0.00027282 9.8044e-10 TSX
20140912 20141209 -7.2463e-05 7.2617e-10 TSX
20140920 20170902 2.5928e-05 5.3002e-10 TSX
20141209 20160211 -5.4798e-06 4.4476e-10 TSX
20141217 20160722 1.7982e-05 5.5379e-10 TSX
20141228 20160106 5.4581e-05 5.6962e-10 TSX
20141231 20151024 7.1309e-05 5.0441e-10 TSX
20150105 20150824 -1.0547e-05 5.5511e-10 TSX
20150108 20170811 -1.0059e-05 5.4026e-10 TSX
20150119 20160117 7.3765e-05 5.7397e-10 TSX
20150127 20160411 2.4195e-05 4.3834e-10 TSX
20150130 20151112 6.6232e-05 6.0437e-10 TSX
20150210 20170114 1.7239e-05 5.3852e-10 TSX
20150213 20160326 2.243e-05 4.467e-10 TSX
20150218 20160216 1.5203e-05 4.7208e-10 TSX
20150221 20180112 1.8864e-05 5.7816e-10 TSX
20150304 20180911 1.03e-05 6.0341e-10 TSX
20150307 20160211 1.5876e-05 4.8073e-10 TSX
20150312 20160320 1.7363e-05 4.6652e-10 TSX
20150326 20150827 5.8088e-05 6.9514e-10 TSX
20150329 20151207 3.3917e-06 5.3183e-10 TSX
20150428 20160425 4.0063e-05 5.8707e-10 TSX
20150509 20150827 5.3813e-05 7.3661e-10 TSX
20150517 20150824 9.5629e-05 7.1798e-10 TSX
20150520 20180911 1.0111e-05 5.6416e-10 TSX
20150714 20170822 -2.1753e-05 5.3881e-10 TSX
20150725 20170924 2.6815e-05 5.1789e-10 TSX
20150802 20160309 -0.00012988 5.6565e-10 TSX
20150805 20160403 -6.7366e-07 6.3362e-10 TSX
20150816 20171107 7.2202e-06 5.1022e-10 TSX
20150824 20150915 0.00067802 8.8112e-10 TSX
20150827 20170902 2.0831e-05 5.6088e-10 TSX
20150915 20160216 -0.0001558 6.375e-10 TSX
20151021 20160904 -6.2009e-06 6.0553e-10 TSX
20151101 20171016 1.9989e-05 5.5315e-10 TSX
20151112 20160425 -1.1546e-05 6.8633e-10 TSX
20151115 20151229 0.00012633 8.1033e-10 TSX
20151123 20171221 -1.6615e-05 5.6041e-10 TSX
20151204 20151215 0.00015619 9.9506e-10 TSX
20151207 20160406 -0.0001621 6.7288e-10 TSX
20151215 20170822 -2.1884e-06 5.617e-10 TSX
20151226 20161223 3.7953e-05 5.904e-10 TSX
20151229 20160211 3.7976e-05 8.1033e-10 TSX
20160106 20161223 4.3988e-05 5.9423e-10 TSX
20160117 20160926 3.8351e-05 6.2774e-10 TSX
20160128 20160301 -0.00015747 8.4765e-10 TSX
20160208 20160312 -8.1968e-05 8.4765e-10 TSX
20160216 20160309 -0.00041319 8.8112e-10 TSX
20160219 20180319 -7.0924e-06 5.3641e-10 TSX
20160301 20161201 3.4588e-05 6.2009e-10 TSX
20160304 20160326 1.1826e-05 8.6804e-10 TSX
20160312 20180319 -4.4227e-06 5.5286e-10 TSX
20160320 20160411 0.00033308 8.8113e-10 TSX
20160323 20171118 2.3997e-05 5.3415e-10 TSX
20160326 20160406 -0.00047397 9.8038e-10 TSX
20160403 20171027 4.0232e-05 5.4466e-10 TSX
20160425 20170811 3.5173e-05 5.7461e-10 TSX
20160528 20160630 -8.3767e-06 8.4765e-10 TSX
20160630 20171118 2.374e-05 5.6621e-10 TSX
20160722 20161201 1.9245e-05 7.176e-10 TSX
20160904 20180707 4.4945e-05 5.6352e-10 TSX
20160915 20180911 3.7416e-06 5.4646e-10 TSX
20160926 20170114 3.6786e-05 7.4129e-10 TSX
20161201 20171027 5.3859e-05 6.0891e-10 TSX
20161223 20171107 2.4806e-05 5.9799e-10 TSX
20170114 20170902 5.1497e-05 6.4162e-10 TSX
20170811 20171005 -3.082e-05 8.1132e-10 TSX
20170822 20180707 5.0853e-05 6.0385e-10 TSX
20170913 20180707 3.4753e-05 6.1048e-10 TSX
20170924 20180319 2.8577e-05 6.7721e-10 TSX
20171005 20171107 3.783e-05 8.4765e-10 TSX
20171016 20180319 -9.9797e-06 6.9621e-10 TSX
20171027 20180911 2.129e-05 6.039e-10 TSX
20171107 20171118 6.9429e-05 9.9506e-10 TSX
20171118 20171129 4.936e-05 9.9506e-10 TSX
20171129 20171221 -2.1054e-05 8.7802e-10 TSX
20171210 20180820 5.1779e-05 6.3005e-10 TSX
20171221 20180911 1.1386e-05 6.2453e-10 TSX
20180112 20181003 2.9461e-05 6.2481e-10 TSX
20180319 20180707 -4.3238e-05 7.4134e-10 TSX
20180707 20180911 0.00018079 7.9528e-10 TSX
20180729 20181003 3.0362e-05 7.9528e-10 TSX
20180820 20181003 0.00013724 8.2821e-10 TSX
20180911 20181003 -0.00016007 8.7803e-10 TSX
