20030427 20030914 -0.00042837 5.6838e-10 ERS2
20030914 20080629 -0.00013234 3.402e-10 ERS2
20050918 20090510 -8.7361e-06 2.9866e-10 ERS2
20051127 20081116 -1.2633e-05 3.2003e-10 ERS2
20060903 20090510 -0.00012746 3.213e-10 ERS2
20061231 20090105 3.2901e-05 3.2222e-10 ALOS
20070402 20070703 -0.00020694 6.7071e-10 ALOS
20070518 20091008 -0.00010811 3.2056e-10 ALOS
20070818 20071003 -0.00047958 7.8189e-10 ALOS
20071217 20100509 -2.1294e-05 3.0411e-10 ALOS
20080103 20100526 -3.7256e-05 3.0943e-10 ALOS
20080404 20080520 -9.2221e-05 7.82e-10 ALOS
20080618 20090921 -0.00012273 3.7299e-10 ALOS
20080629 20090510 -0.00035082 4.1293e-10 ERS2
20080705 20091008 -8.1882e-05 3.6585e-10 ALOS
20080803 20090823 -9.3266e-05 3.8331e-10 ERS2
20081116 20090823 5.5441e-05 4.3218e-10 ERS2
20081219 20090921 6.318e-05 4.4924e-10 ALOS
20090105 20090708 -8.8617e-05 5.3069e-10 ALOS
20090510 20091101 -0.00030167 5.2216e-10 ERS2
20090708 20091008 0.00048947 6.7013e-10 ALOS
20090823 20091101 0.00032983 7.0423e-10 ERS2
20091222 20100624 0.00060719 5.296e-10 ALOS
20100108 20100223 0.00034214 7.8312e-10 ALOS
20100223 20100526 -5.137e-05 6.7275e-10 ALOS
20100410 20100711 -0.00020673 6.701e-10 ALOS
20100509 20100624 0.00062249 7.7978e-10 ALOS
20100526 20100711 0.00039891 7.819e-10 ALOS
20100624 20101109 -8.8554e-05 5.8566e-10 ALOS
20100711 20101011 7.1679e-05 6.7054e-10 ALOS
20100809 20101109 -2.7409e-05 6.6767e-10 ALOS
20101011 20101126 0.00019985 7.8191e-10 ALOS
20110111 20110226 0.00060521 7.819e-10 ALOS
20110924 20130715 1.7616e-05 3.2831e-10 TSX
20111005 20121229 2.6554e-07 3.7534e-10 TSX
20111121 20171221 -2.8879e-05 2.6342e-10 TSX
20111221 20130131 -2.0079e-06 3.8569e-10 TSX
20111224 20121027 1.9989e-05 4.1949e-10 TSX
20120126 20140419 -3.3476e-05 2.9999e-10 TSX
20120203 20160320 4.5637e-06 2.6025e-10 TSX
20120206 20171107 -5.6568e-06 2.8012e-10 TSX
20120617 20171129 -1.1113e-05 2.7764e-10 TSX
20120723 20160120 -1.4832e-05 2.8422e-10 TSX
20121024 20130109 0.00016595 7.0722e-10 TSX
20121027 20151226 -1.8673e-05 2.8946e-10 TSX
20121030 20130311 -8.6632e-08 5.8646e-10 TSX
20121107 20171118 -8.3511e-06 2.9306e-10 TSX
20121221 20160208 -5.0274e-06 2.9239e-10 TSX
20121224 20130516 -7.1425e-05 5.6996e-10 TSX
20121229 20130407 -3.2852e-05 6.5999e-10 TSX
20130104 20130217 -2.1414e-05 7.7943e-10 TSX
20130109 20130715 3.1315e-06 5.3147e-10 TSX
20130112 20140511 -3.0028e-06 3.5572e-10 TSX
20130115 20130721 -0.0001235 5.1497e-10 TSX
20130126 20130823 -0.00010609 5.1466e-10 TSX
20130131 20130429 -3.8535e-05 6.8269e-10 TSX
20130203 20130729 -6.2203e-05 5.2416e-10 TSX
20130211 20130919 -1.8867e-05 4.9611e-10 TSX
20130228 20141209 1.4716e-05 3.1729e-10 TSX
20130311 20130801 -4.711e-05 5.6985e-10 TSX
20130316 20130623 -5.5843e-06 6.5999e-10 TSX
20130402 20150122 0.00013731 4.0541e-10 TSX
20130407 20140530 -7.0245e-05 3.81e-10 TSX
20130421 20171016 -1.029e-05 2.8656e-10 TSX
20130424 20130721 -0.00020765 6.681e-10 TSX
20130429 20130623 -0.0001071 7.6088e-10 TSX
20130505 20131028 -0.00020023 5.4721e-10 TSX
20130513 20151112 9.9184e-06 3.0398e-10 TSX
20130516 20131017 -5.5538e-05 6.0953e-10 TSX
20130521 20130715 0.00021834 7.609e-10 TSX
20130524 20171129 8.6676e-06 2.7935e-10 TSX
20130527 20140627 -7.2905e-06 3.838e-10 TSX
20130601 20130930 7.1859e-05 6.1949e-10 TSX
20130604 20141217 -1.6149e-05 3.4331e-10 TSX
20130607 20140719 2.0554e-05 3.8022e-10 TSX
20130612 20150105 -2.4185e-05 3.4236e-10 TSX
20130615 20160106 2.4023e-05 3.1349e-10 TSX
20130618 20140708 -6.1401e-06 3.8799e-10 TSX
20130623 20130715 0.00067775 8.676e-10 TSX
20130629 20130914 -0.00011507 7.1521e-10 TSX
20130707 20150130 -2.4879e-05 3.4387e-10 TSX
20130710 20140901 -1.5197e-05 3.7788e-10 TSX
20130715 20130726 -0.002391 1.0159e-09 TSX
20130721 20131108 0.00085057 6.5427e-10 TSX
20130726 20150517 1.8956e-05 3.3937e-10 TSX
20130729 20160904 -3.8851e-05 2.8031e-10 TSX
20130801 20151115 2.507e-06 2.9421e-10 TSX
20130817 20140209 -8.7917e-05 5.4161e-10 TSX
20130828 20150312 3.7358e-05 3.4891e-10 TSX
20130903 20150329 8.2047e-06 4.0656e-10 TSX
20130919 20160309 1.9968e-05 2.8481e-10 TSX
20130925 20140708 -0.00013789 4.8848e-10 TSX
20130930 20160411 8.8067e-06 3.0236e-10 TSX
20131011 20150802 2.2268e-05 3.3321e-10 TSX
20131017 20140719 -7.7067e-05 4.8155e-10 TSX
20131028 20160304 0.00010347 3.7088e-10 TSX
20131102 20140519 -8.3438e-05 5.1743e-10 TSX
20131108 20140708 -0.00019249 5.3645e-10 TSX
20140209 20160309 4.5446e-05 3.2166e-10 TSX
20140223 20140829 -1.6271e-05 5.1196e-10 TSX
20140408 20140705 -6.0428e-05 6.6629e-10 TSX
20140419 20170913 5.3402e-06 2.8285e-10 TSX
20140511 20141228 7.7459e-07 4.7054e-10 TSX
20140519 20150824 -1.8181e-05 3.7564e-10 TSX
20140624 20171005 -6.7818e-06 2.8998e-10 TSX
20140627 20151115 -3.1235e-05 3.4874e-10 TSX
20140705 20180911 1.024e-05 2.8229e-10 TSX
20140708 20160406 4.7308e-06 3.3359e-10 TSX
20140716 20171005 -1.1118e-05 2.8969e-10 TSX
20140719 20151207 -9.4739e-06 3.5214e-10 TSX
20140727 20150326 -2.632e-05 4.6281e-10 TSX
20140810 20150122 7.6055e-05 5.5751e-10 TSX
20140818 20160301 -7.5587e-06 3.3383e-10 TSX
20140829 20160208 3.419e-06 3.4646e-10 TSX
20140901 20140912 -0.00029559 9.7219e-10 TSX
20140912 20141209 -8.4036e-06 6.683e-10 TSX
20140920 20170902 1.9154e-06 2.802e-10 TSX
20141209 20160211 -3.9881e-05 3.7161e-10 TSX
20141217 20160722 1.8895e-06 3.2678e-10 TSX
20141228 20160106 2.8621e-05 3.8821e-10 TSX
20141231 20151024 1.6374e-06 4.2737e-10 TSX
20150105 20150824 -4.8848e-05 4.8865e-10 TSX
20150108 20170811 -2.1773e-06 2.8717e-10 TSX
20150119 20160117 2.6241e-05 3.9079e-10 TSX
20150127 20160411 -1.1853e-06 3.7869e-10 TSX
20150130 20151112 4.3868e-05 4.3055e-10 TSX
20150210 20170114 1.6946e-05 3.1033e-10 TSX
20150213 20160326 -0.00015953 4.095e-10 TSX
20150218 20160216 5.6196e-06 4.0387e-10 TSX
20150221 20180112 6.298e-06 3.0879e-10 TSX
20150304 20180911 3.3846e-06 2.8272e-10 TSX
20150307 20160211 -1.3481e-05 4.05e-10 TSX
20150312 20160320 -7.1314e-05 4.0013e-10 TSX
20150326 20150827 3.248e-05 5.5193e-10 TSX
20150329 20151207 -7.5551e-06 4.5762e-10 TSX
20150428 20160425 2.43e-05 3.9397e-10 TSX
20150509 20150827 1.5285e-05 6.2206e-10 TSX
20150517 20150824 -0.00012153 6.6097e-10 TSX
20150520 20180911 -1.3278e-06 2.8029e-10 TSX
20150714 20170822 3.1771e-05 3.1127e-10 TSX
20150725 20170924 3.8126e-05 3.0696e-10 TSX
20150802 20160309 -4.4713e-05 5.0167e-10 TSX
20150805 20160403 -1.1568e-05 4.6569e-10 TSX
20150816 20171107 1.7789e-05 3.0752e-10 TSX
20150824 20150915 0.00069419 8.675e-10 TSX
20150827 20170902 1.0473e-05 3.0803e-10 TSX
20150915 20160216 -6.4394e-05 5.7113e-10 TSX
20151021 20160904 -7.847e-05 4.1852e-10 TSX
20151101 20171016 7.489e-06 3.0993e-10 TSX
20151112 20160425 -3.0391e-05 5.3773e-10 TSX
20151115 20151229 0.00018998 7.7943e-10 TSX
20151123 20171221 -4.1278e-06 3.0593e-10 TSX
20151204 20151215 0.00016984 9.8245e-10 TSX
20151207 20160406 -0.00010279 6.0438e-10 TSX
20151215 20170822 2.6549e-05 3.2872e-10 TSX
20151226 20161223 3.0335e-05 3.9624e-10 TSX
20151229 20160211 -1.5378e-05 7.7943e-10 TSX
20160106 20161223 3.3329e-05 4.0226e-10 TSX
20160117 20160926 6.971e-06 4.5518e-10 TSX
20160128 20160301 -0.00015712 8.1311e-10 TSX
20160208 20160312 -0.00010862 8.1311e-10 TSX
20160216 20160309 -0.0003654 8.675e-10 TSX
20160219 20180319 -3.1606e-06 3.0405e-10 TSX
20160301 20161201 8.5542e-05 4.3971e-10 TSX
20160304 20160326 2.4287e-05 8.5387e-10 TSX
20160312 20180319 -8.1458e-06 3.0806e-10 TSX
20160320 20160411 0.00038034 8.675e-10 TSX
20160323 20171118 2.5623e-05 3.2765e-10 TSX
20160326 20160406 -0.00050826 9.7211e-10 TSX
20160403 20171027 4.9297e-05 3.3577e-10 TSX
20160425 20170811 5.0868e-05 3.5387e-10 TSX
20160528 20160630 -1.2087e-05 8.1311e-10 TSX
20160630 20171118 6.3029e-05 3.4383e-10 TSX
20160722 20161201 0.00020074 5.8363e-10 TSX
20160904 20180707 7.2426e-06 3.3103e-10 TSX
20160915 20180911 3.5408e-07 3.1129e-10 TSX
20160926 20170114 3.2821e-05 6.2151e-10 TSX
20161201 20171027 -9.2133e-06 4.09e-10 TSX
20161223 20171107 -3.0457e-05 4.1303e-10 TSX
20170114 20170902 4.0575e-05 4.7037e-10 TSX
20170811 20171005 -7.3009e-05 7.483e-10 TSX
20170822 20180707 -7.3329e-05 4.1392e-10 TSX
20170913 20180707 -0.00010009 4.2578e-10 TSX
20170924 20180319 -3.754e-05 5.2426e-10 TSX
20171005 20171107 4.4611e-05 8.1311e-10 TSX
20171016 20180319 -3.5242e-06 5.5165e-10 TSX
20171027 20180911 -2.1581e-05 4.1388e-10 TSX
20171107 20171118 9.0622e-05 9.8245e-10 TSX
20171118 20171129 6.0183e-05 9.8245e-10 TSX
20171129 20171221 -3.6593e-05 8.5629e-10 TSX
20171210 20180820 -7.0503e-05 4.5376e-10 TSX
20171221 20180911 -6.7141e-05 4.4607e-10 TSX
20180112 20181003 6.3705e-05 4.4665e-10 TSX
20180319 20180707 -0.00010917 6.2146e-10 TSX
20180707 20180911 0.00026538 7.1901e-10 TSX
20180729 20181003 1.0172e-05 7.1901e-10 TSX
20180820 20181003 0.00014633 7.7943e-10 TSX
20180911 20181003 -0.00022061 8.5629e-10 TSX
