20030427 20030914 0.00020107 5.6651e-10 ERS2
20030914 20080629 2.1816e-05 2.8762e-10 ERS2
20050918 20090510 -1.7284e-05 3.025e-10 ERS2
20051127 20081116 0.00019285 3.0572e-10 ERS2
20060903 20090510 -0.00016147 3.0852e-10 ERS2
20061231 20090105 -6.8324e-05 3.1708e-10 ALOS
20070402 20070703 -7.4955e-05 6.683e-10 ALOS
20070518 20091008 -0.00021312 3.1155e-10 ALOS
20070818 20071003 -0.00035524 7.7877e-10 ALOS
20071217 20100509 -8.7877e-05 3.0442e-10 ALOS
20080103 20100526 0.00010813 3.2576e-10 ALOS
20080404 20080520 4.0897e-05 7.7908e-10 ALOS
20080618 20090921 -6.7467e-05 3.7305e-10 ALOS
20080629 20090510 0.00019597 4.1497e-10 ERS2
20080705 20091008 5.5914e-05 3.6573e-10 ALOS
20080803 20090823 -3.4155e-05 3.8298e-10 ERS2
20081116 20090823 -6.5769e-05 4.3241e-10 ERS2
20081219 20090921 0.00011392 4.4806e-10 ALOS
20090105 20090708 -5.8695e-05 5.3025e-10 ALOS
20090510 20091101 -2.1527e-05 5.2164e-10 ERS2
20090708 20091008 0.00033024 6.6754e-10 ALOS
20090823 20091101 -3.8273e-05 7.0067e-10 ERS2
20091222 20100624 0.00020811 5.4074e-10 ALOS
20100108 20100223 0.00045092 7.8042e-10 ALOS
20100223 20100526 0.00028711 6.6871e-10 ALOS
20100410 20100711 5.7158e-05 6.6776e-10 ALOS
20100509 20100624 0.00059517 7.7666e-10 ALOS
20100526 20100711 0.00034833 7.7878e-10 ALOS
20100624 20101109 -7.4323e-05 5.8411e-10 ALOS
20100711 20101011 6.7889e-06 6.6798e-10 ALOS
20100809 20101109 -0.00011767 6.6474e-10 ALOS
20101011 20101126 0.00021594 7.788e-10 ALOS
20110111 20110226 0.00065402 7.7877e-10 ALOS
20110924 20130715 1.8647e-05 3.2392e-10 TSX
20111005 20121229 3.5567e-05 3.6982e-10 TSX
20111121 20171221 -3.2942e-05 3.5195e-10 TSX
20111221 20130131 2.4532e-05 3.8524e-10 TSX
20111224 20121027 2.0933e-05 4.1934e-10 TSX
20120126 20140419 -1.0233e-05 3.0852e-10 TSX
20120203 20160320 3.2796e-06 2.7714e-10 TSX
20120206 20171107 1.8903e-06 3.2453e-10 TSX
20120617 20171129 -5.2267e-06 3.5549e-10 TSX
20120723 20160120 -1.2816e-05 3.7844e-10 TSX
20121024 20130109 0.00011342 7.0375e-10 TSX
20121027 20151226 -1.7044e-05 3.1706e-10 TSX
20121030 20130311 4.7863e-05 5.8488e-10 TSX
20121107 20171118 -3.7753e-06 3.5638e-10 TSX
20121221 20160208 4.3021e-06 3.1586e-10 TSX
20121224 20130516 -6.8179e-06 5.6861e-10 TSX
20121229 20130407 -3.4736e-05 6.571e-10 TSX
20130104 20130217 2.8097e-05 7.7639e-10 TSX
20130109 20130715 -2.7896e-05 5.3435e-10 TSX
20130112 20140511 -4.9394e-06 3.5547e-10 TSX
20130115 20130721 -5.6891e-05 5.1398e-10 TSX
20130126 20130823 0.00012123 5.1113e-10 TSX
20130131 20130429 -3.3891e-05 6.7948e-10 TSX
20130203 20130729 -6.8799e-05 5.2311e-10 TSX
20130211 20130919 -5.0735e-05 4.9588e-10 TSX
20130228 20141209 -1.422e-05 3.139e-10 TSX
20130311 20130801 -3.577e-05 5.6859e-10 TSX
20130316 20130623 1.2289e-05 6.5711e-10 TSX
20130402 20150122 8.331e-05 4.1216e-10 TSX
20130407 20140530 -1.1061e-05 3.8033e-10 TSX
20130421 20171016 -8.7102e-06 3.0764e-10 TSX
20130424 20130721 -0.00012247 6.6522e-10 TSX
20130429 20130623 -5.1306e-05 7.5746e-10 TSX
20130505 20131028 0.0002197 5.5087e-10 TSX
20130513 20151112 1.0139e-05 3.484e-10 TSX
20130516 20131017 0.00041884 5.8879e-10 TSX
20130521 20130715 6.6697e-05 7.5748e-10 TSX
20130524 20171129 1.265e-05 3.4795e-10 TSX
20130527 20140627 3.3616e-05 3.8354e-10 TSX
20130601 20130930 -2.3043e-06 6.1734e-10 TSX
20130604 20141217 -9.5187e-06 3.4487e-10 TSX
20130607 20140719 1.8114e-06 3.8008e-10 TSX
20130612 20150105 -1.7301e-05 3.3739e-10 TSX
20130615 20160106 1.6164e-05 3.4232e-10 TSX
20130618 20140708 -2.5048e-05 3.8794e-10 TSX
20130623 20130715 0.0006142 8.6575e-10 TSX
20130629 20130914 0.00021554 7.1032e-10 TSX
20130707 20150130 -1.2707e-05 3.3816e-10 TSX
20130710 20140901 -9.7187e-06 3.7677e-10 TSX
20130715 20130726 -0.0023867 1.0146e-09 TSX
20130721 20131108 0.00011613 6.3781e-10 TSX
20130726 20150517 5.2852e-05 3.2014e-10 TSX
20130729 20160904 -1.6152e-05 3.1564e-10 TSX
20130801 20151115 -5.6142e-06 3.468e-10 TSX
20130817 20140209 -1.887e-05 5.4083e-10 TSX
20130828 20150312 1.8951e-05 3.3993e-10 TSX
20130903 20150329 9.5564e-05 3.8825e-10 TSX
20130919 20160309 4.3249e-06 3.1112e-10 TSX
20130925 20140708 -8.651e-05 4.5508e-10 TSX
20130930 20160411 2.7105e-05 3.3191e-10 TSX
20131011 20150802 7.9085e-06 3.2697e-10 TSX
20131017 20140719 9.8658e-06 4.9009e-10 TSX
20131028 20160304 2.6469e-05 4.4178e-10 TSX
20131102 20140519 4.6541e-05 5.17e-10 TSX
20131108 20140708 -6.2264e-05 5.5746e-10 TSX
20140209 20160309 9.2574e-06 3.2791e-10 TSX
20140223 20140829 3.5809e-06 5.1106e-10 TSX
20140408 20140705 -1.9561e-05 6.6277e-10 TSX
20140419 20170913 3.1744e-05 3.5688e-10 TSX
20140511 20141228 6.1439e-06 4.7012e-10 TSX
20140519 20150824 -2.7014e-05 3.6482e-10 TSX
20140624 20171005 -9.8608e-06 3.2573e-10 TSX
20140627 20151115 -3.4885e-05 3.5787e-10 TSX
20140705 20180911 -1.209e-05 3.2001e-10 TSX
20140708 20160406 4.1108e-05 3.4116e-10 TSX
20140716 20171005 1.7135e-05 3.3189e-10 TSX
20140719 20151207 1.0218e-06 3.5601e-10 TSX
20140727 20150326 -2.6038e-05 4.6132e-10 TSX
20140810 20150122 0.00010818 5.5091e-10 TSX
20140818 20160301 3.2471e-05 3.3257e-10 TSX
20140829 20160208 1.7585e-05 3.5214e-10 TSX
20140901 20140912 -0.00028146 9.7098e-10 TSX
20140912 20141209 -4.8668e-07 6.6522e-10 TSX
20140920 20170902 3.0261e-06 3.3449e-10 TSX
20141209 20160211 -2.2233e-05 3.8139e-10 TSX
20141217 20160722 2.1304e-06 3.5655e-10 TSX
20141228 20160106 -2.5871e-06 3.893e-10 TSX
20141231 20151024 -2.2027e-05 4.2563e-10 TSX
20150105 20150824 -1.9484e-05 4.8624e-10 TSX
20150108 20170811 1.9146e-06 3.3283e-10 TSX
20150119 20160117 2.5081e-05 3.8808e-10 TSX
20150127 20160411 1.5463e-05 3.9325e-10 TSX
20150130 20151112 -3.0341e-05 4.3104e-10 TSX
20150210 20170114 -4.856e-07 3.3961e-10 TSX
20150213 20160326 4.9892e-05 4.4604e-10 TSX
20150218 20160216 1.8096e-07 4.0505e-10 TSX
20150221 20180112 5.9525e-05 3.4418e-10 TSX
20150304 20180911 9.8189e-06 3.2533e-10 TSX
20150307 20160211 -2.8813e-06 4.0863e-10 TSX
20150312 20160320 -5.1797e-05 3.9757e-10 TSX
20150326 20150827 6.8607e-05 5.5248e-10 TSX
20150329 20151207 -3.2879e-05 4.5459e-10 TSX
20150428 20160425 4.8471e-05 3.9731e-10 TSX
20150509 20150827 5.5888e-05 6.229e-10 TSX
20150517 20150824 -0.00016626 6.5708e-10 TSX
20150520 20180911 7.4125e-07 3.4142e-10 TSX
20150714 20170822 1.4076e-05 3.406e-10 TSX
20150725 20170924 1.3865e-05 3.3431e-10 TSX
20150802 20160309 -4.1019e-05 4.9651e-10 TSX
20150805 20160403 -6.0891e-06 4.7001e-10 TSX
20150816 20171107 8.0975e-06 3.3284e-10 TSX
20150824 20150915 0.00058742 8.6566e-10 TSX
20150827 20170902 2.2544e-05 3.0805e-10 TSX
20150915 20160216 1.8587e-05 5.683e-10 TSX
20151021 20160904 -6.1192e-05 4.2688e-10 TSX
20151101 20171016 9.3467e-07 3.0721e-10 TSX
20151112 20160425 3.6551e-05 5.3912e-10 TSX
20151115 20151229 0.00016389 7.7639e-10 TSX
20151123 20171221 4.2938e-06 3.1625e-10 TSX
20151204 20151215 0.00016081 9.8125e-10 TSX
20151207 20160406 -3.9474e-05 6.0252e-10 TSX
20151215 20170822 4.0808e-05 3.4688e-10 TSX
20151226 20161223 1.0925e-05 3.9437e-10 TSX
20151229 20160211 2.1402e-05 7.7639e-10 TSX
20160106 20161223 2.1904e-05 3.9735e-10 TSX
20160117 20160926 1.8027e-05 4.5991e-10 TSX
20160128 20160301 -0.00014947 8.1031e-10 TSX
20160208 20160312 -9.3482e-05 8.1031e-10 TSX
20160216 20160309 -0.00034385 8.6566e-10 TSX
20160219 20180319 -5.6451e-06 3.0573e-10 TSX
20160301 20161201 5.7756e-05 4.3867e-10 TSX
20160304 20160326 3.8636e-05 8.5204e-10 TSX
20160312 20180319 2.0819e-06 3.1791e-10 TSX
20160320 20160411 0.00036607 8.6567e-10 TSX
20160323 20171118 4.4615e-06 3.2001e-10 TSX
20160326 20160406 -0.00049894 9.7091e-10 TSX
20160403 20171027 3.0577e-05 3.4243e-10 TSX
20160425 20170811 2.8069e-05 3.5232e-10 TSX
20160528 20160630 -7.795e-05 8.1031e-10 TSX
20160630 20171118 5.2959e-05 3.4153e-10 TSX
20160722 20161201 0.00013457 5.816e-10 TSX
20160904 20180707 4.0168e-05 3.2428e-10 TSX
20160915 20180911 -1.6583e-05 3.0548e-10 TSX
20160926 20170114 5.4094e-05 6.1871e-10 TSX
20161201 20171027 -8.3061e-06 4.0677e-10 TSX
20161223 20171107 2.5562e-07 4.1207e-10 TSX
20170114 20170902 -4.7675e-08 4.7315e-10 TSX
20170811 20171005 -7.5322e-05 7.4447e-10 TSX
20170822 20180707 -3.8209e-05 4.1364e-10 TSX
20170913 20180707 -7.2974e-05 4.2559e-10 TSX
20170924 20180319 -4.833e-05 5.2319e-10 TSX
20171005 20171107 4.9063e-05 8.1031e-10 TSX
20171016 20180319 -2.3759e-05 5.5015e-10 TSX
20171027 20180911 -1.3615e-05 4.1368e-10 TSX
20171107 20171118 8.5449e-05 9.8125e-10 TSX
20171118 20171129 5.3882e-05 9.8125e-10 TSX
20171129 20171221 -3.5215e-05 8.5434e-10 TSX
20171210 20180820 -2.9432e-05 4.5347e-10 TSX
20171221 20180911 -3.1863e-05 4.4568e-10 TSX
20180112 20181003 -1.1223e-05 4.4559e-10 TSX
20180319 20180707 -4.9789e-05 6.1868e-10 TSX
20180707 20180911 0.0001822 7.1508e-10 TSX
20180729 20181003 -1.4576e-05 7.1508e-10 TSX
20180820 20181003 0.00010427 7.7597e-10 TSX
20180911 20181003 -0.00016301 8.5434e-10 TSX
