20030427 20030914 0.00050439 5.6564e-10 ERS2
20030914 20080629 -1.0697e-05 2.7707e-10 ERS2
20050918 20090510 5.6694e-05 3.0601e-10 ERS2
20051127 20081116 7.3015e-05 3.0996e-10 ERS2
20060903 20090510 -0.00013805 3.1096e-10 ERS2
20061231 20090105 -0.00019989 3.1328e-10 ALOS
20070402 20070703 0.00011795 6.6625e-10 ALOS
20070518 20091008 -4.1159e-05 3.0673e-10 ALOS
20070818 20071003 -0.00022999 7.7506e-10 ALOS
20071217 20100509 -3.2544e-05 3.1094e-10 ALOS
20080103 20100526 -4.9886e-05 2.9792e-10 ALOS
20080404 20080520 0.00017145 7.7507e-10 ALOS
20080618 20090921 0.00014531 3.7264e-10 ALOS
20080629 20090510 -0.00030048 4.1639e-10 ERS2
20080705 20091008 0.00014132 3.6525e-10 ALOS
20080803 20090823 3.1748e-05 3.8252e-10 ERS2
20081116 20090823 0.00011108 4.3207e-10 ERS2
20081219 20090921 0.00072441 4.4555e-10 ALOS
20090105 20090708 0.00025911 5.2945e-10 ALOS
20090510 20091101 -3.2068e-05 5.2184e-10 ERS2
20090708 20091008 0.001037 6.6577e-10 ALOS
20090823 20091101 -0.00022346 6.9851e-10 ERS2
20091222 20100624 0.00083479 5.2794e-10 ALOS
20100108 20100223 0.00063098 7.7497e-10 ALOS
20100223 20100526 4.6825e-05 6.6538e-10 ALOS
20100410 20100711 0.00014412 6.6621e-10 ALOS
20100509 20100624 0.00067729 7.7309e-10 ALOS
20100526 20100711 0.00058778 7.7507e-10 ALOS
20100624 20101109 0.00028426 5.8396e-10 ALOS
20100711 20101011 0.00044352 6.6624e-10 ALOS
20100809 20101109 0.00013255 6.6353e-10 ALOS
20101011 20101126 0.00015146 7.7507e-10 ALOS
20110111 20110226 0.00074876 7.7506e-10 ALOS
20110924 20130715 5.7532e-05 3.3894e-10 TSX
20111005 20121229 1.5593e-05 3.7906e-10 TSX
20111121 20171221 -1.5992e-05 3.327e-10 TSX
20111221 20130131 9.885e-05 3.8804e-10 TSX
20111224 20121027 0.00018889 4.1924e-10 TSX
20120126 20140419 5.2182e-05 3.1257e-10 TSX
20120203 20160320 3.2423e-05 3.053e-10 TSX
20120206 20171107 6.0339e-05 3.5849e-10 TSX
20120617 20171129 0.00011473 3.308e-10 TSX
20120723 20160120 0.00012189 3.9463e-10 TSX
20121024 20130109 0.00011143 7.0165e-10 TSX
20121027 20151226 3.3346e-05 3.5625e-10 TSX
20121030 20130311 0.00012694 5.8464e-10 TSX
20121107 20171118 5.9242e-05 3.7288e-10 TSX
20121221 20160208 4.0479e-05 3.4245e-10 TSX
20121224 20130516 0.00012057 5.6848e-10 TSX
20121229 20130407 0.00024619 6.5605e-10 TSX
20130104 20130217 0.00016144 7.7306e-10 TSX
20130109 20130715 0.00033049 5.2861e-10 TSX
20130112 20140511 3.13e-05 3.5877e-10 TSX
20130115 20130721 9.0442e-05 5.1674e-10 TSX
20130126 20130823 0.00022317 5.3197e-10 TSX
20130131 20130429 1.475e-05 6.7794e-10 TSX
20130203 20130729 0.00026354 5.2312e-10 TSX
20130211 20130919 0.00023687 4.9597e-10 TSX
20130228 20141209 0.00015728 3.5048e-10 TSX
20130311 20130801 0.00018485 5.6845e-10 TSX
20130316 20130623 0.00020777 6.5608e-10 TSX
20130402 20150122 8.7987e-05 3.4988e-10 TSX
20130407 20140530 3.7826e-05 3.8169e-10 TSX
20130421 20171016 2.5547e-05 3.4847e-10 TSX
20130424 20130721 8.2723e-05 6.6404e-10 TSX
20130429 20130623 0.0001108 7.5404e-10 TSX
20130505 20131028 -0.0001485 5.3755e-10 TSX
20130513 20151112 -7.2132e-05 4.0475e-10 TSX
20130516 20131017 0.00010432 5.6858e-10 TSX
20130521 20130715 0.00046009 7.541e-10 TSX
20130524 20171129 2.8655e-05 3.8456e-10 TSX
20130527 20140627 0.0001673 3.8661e-10 TSX
20130601 20130930 0.0004311 6.1701e-10 TSX
20130604 20141217 7.945e-05 3.4569e-10 TSX
20130607 20140719 0.00015859 3.832e-10 TSX
20130612 20150105 0.00017556 3.4614e-10 TSX
20130615 20160106 4.9724e-05 3.7445e-10 TSX
20130618 20140708 9.2295e-05 3.8977e-10 TSX
20130623 20130715 0.00072218 8.614e-10 TSX
20130629 20130914 0.00045722 6.8825e-10 TSX
20130707 20150130 4.4664e-05 3.4254e-10 TSX
20130710 20140901 0.00016118 3.789e-10 TSX
20130715 20130726 -0.0024868 1.0103e-09 TSX
20130721 20131108 0.00077379 6.2585e-10 TSX
20130726 20150517 0.00021042 3.3576e-10 TSX
20130729 20160904 7.9443e-06 3.6994e-10 TSX
20130801 20151115 0.0002421 3.2917e-10 TSX
20130817 20140209 5.6731e-05 5.4099e-10 TSX
20130828 20150312 0.00022235 3.5717e-10 TSX
20130903 20150329 -0.00013334 3.8415e-10 TSX
20130919 20160309 0.00018906 3.2329e-10 TSX
20130925 20140708 3.0517e-05 4.3192e-10 TSX
20130930 20160411 9.0511e-05 3.4488e-10 TSX
20131011 20150802 0.00016255 3.8031e-10 TSX
20131017 20140719 3.4782e-05 4.3915e-10 TSX
20131028 20160304 -9.8422e-05 3.647e-10 TSX
20131102 20140519 -0.00019233 5.1708e-10 TSX
20131108 20140708 4.1212e-05 4.6391e-10 TSX
20140209 20160309 -4.3866e-06 3.4551e-10 TSX
20140223 20140829 0.00016452 5.1108e-10 TSX
20140408 20140705 0.0001233 6.6125e-10 TSX
20140419 20170913 7.3321e-05 3.817e-10 TSX
20140511 20141228 0.00018531 4.7021e-10 TSX
20140519 20150824 0.00041446 3.7659e-10 TSX
20140624 20171005 0.0001636 3.3001e-10 TSX
20140627 20151115 7.5868e-05 3.6183e-10 TSX
20140705 20180911 3.0013e-05 3.5478e-10 TSX
20140708 20160406 0.00016736 3.5167e-10 TSX
20140716 20171005 7.8238e-05 3.454e-10 TSX
20140719 20151207 0.00024061 3.7516e-10 TSX
20140727 20150326 4.3783e-05 4.6163e-10 TSX
20140810 20150122 0.0002149 5.3932e-10 TSX
20140818 20160301 1.3267e-05 3.3918e-10 TSX
20140829 20160208 4.7888e-05 3.6262e-10 TSX
20140901 20140912 -0.00030407 9.6721e-10 TSX
20140912 20141209 0.00017972 6.6407e-10 TSX
20140920 20170902 0.00017923 3.4403e-10 TSX
20141209 20160211 0.00025056 4.1437e-10 TSX
20141217 20160722 7.6932e-05 3.5252e-10 TSX
20141228 20160106 5.1641e-05 4.0164e-10 TSX
20141231 20151024 0.00028222 4.5398e-10 TSX
20150105 20150824 0.00017987 4.9153e-10 TSX
20150108 20170811 0.0001981 3.422e-10 TSX
20150119 20160117 3.0933e-05 4.1966e-10 TSX
20150127 20160411 9.9658e-05 4.0108e-10 TSX
20150130 20151112 0.00017344 4.3613e-10 TSX
20150210 20170114 5.0307e-05 3.4742e-10 TSX
20150213 20160326 -6.2806e-05 4.133e-10 TSX
20150218 20160216 0.0002834 4.1701e-10 TSX
20150221 20180112 -6.7166e-05 3.2622e-10 TSX
20150304 20180911 -1.5549e-05 3.8922e-10 TSX
20150307 20160211 0.00017511 4.1885e-10 TSX
20150312 20160320 0.00012643 4.071e-10 TSX
20150326 20150827 0.00029697 5.5858e-10 TSX
20150329 20151207 0.00037462 4.6693e-10 TSX
20150428 20160425 0.00011018 4.022e-10 TSX
20150509 20150827 0.00025347 6.2536e-10 TSX
20150517 20150824 0.00017581 6.5886e-10 TSX
20150520 20180911 -0.00010368 3.4025e-10 TSX
20150714 20170822 2.8481e-05 3.564e-10 TSX
20150725 20170924 1.8491e-05 3.1272e-10 TSX
20150802 20160309 0.00010199 4.9985e-10 TSX
20150805 20160403 1.8569e-05 4.6207e-10 TSX
20150816 20171107 7.4952e-05 3.2453e-10 TSX
20150824 20150915 0.00071823 8.6125e-10 TSX
20150827 20170902 4.5093e-05 3.1889e-10 TSX
20150915 20160216 0.0001087 5.6822e-10 TSX
20151021 20160904 3.7408e-05 4.1464e-10 TSX
20151101 20171016 3.9022e-05 3.1849e-10 TSX
20151112 20160425 -1.3813e-05 5.3637e-10 TSX
20151115 20151229 0.00021135 7.7308e-10 TSX
20151123 20171221 4.8368e-05 3.223e-10 TSX
20151204 20151215 0.00018083 9.7719e-10 TSX
20151207 20160406 -4.3665e-05 6.0214e-10 TSX
20151215 20170822 3.5216e-05 3.3914e-10 TSX
20151226 20161223 0.00011313 3.9491e-10 TSX
20151229 20160211 9.8598e-05 7.7306e-10 TSX
20160106 20161223 0.00014285 3.9912e-10 TSX
20160117 20160926 0.00014862 4.5353e-10 TSX
20160128 20160301 -0.00026646 8.0609e-10 TSX
20160208 20160312 -4.2337e-05 8.0609e-10 TSX
20160216 20160309 -0.00043418 8.6125e-10 TSX
20160219 20180319 -1.4254e-05 3.0984e-10 TSX
20160301 20161201 0.00021204 4.3903e-10 TSX
20160304 20160326 5.8574e-05 8.4822e-10 TSX
20160312 20180319 -4.0528e-05 3.1499e-10 TSX
20160320 20160411 0.00042577 8.6125e-10 TSX
20160323 20171118 3.6116e-05 3.2771e-10 TSX
20160326 20160406 -0.00048884 9.6714e-10 TSX
20160403 20171027 6.0449e-05 3.4565e-10 TSX
20160425 20170811 9.1263e-05 3.6134e-10 TSX
20160528 20160630 8.8915e-05 8.0609e-10 TSX
20160630 20171118 1.4712e-05 3.5838e-10 TSX
20160722 20161201 0.00019128 5.8131e-10 TSX
20160904 20180707 -7.6067e-05 3.3379e-10 TSX
20160915 20180911 -5.8802e-05 3.065e-10 TSX
20160926 20170114 -2.4251e-05 6.1797e-10 TSX
20161201 20171027 5.6971e-05 4.1028e-10 TSX
20161223 20171107 6.5852e-05 4.1129e-10 TSX
20170114 20170902 0.00010841 4.7006e-10 TSX
20170811 20171005 -2.4454e-05 7.4112e-10 TSX
20170822 20180707 -9.3862e-05 4.1427e-10 TSX
20170913 20180707 -0.00017545 4.2621e-10 TSX
20170924 20180319 -0.00027349 5.2313e-10 TSX
20171005 20171107 3.7912e-05 8.0609e-10 TSX
20171016 20180319 -0.00027664 5.5e-10 TSX
20171027 20180911 -1.9321e-05 4.1386e-10 TSX
20171107 20171118 7.2994e-05 9.7719e-10 TSX
20171118 20171129 5.63e-05 9.7719e-10 TSX
20171129 20171221 9.7898e-06 8.501e-10 TSX
20171210 20180820 -2.1439e-05 4.5338e-10 TSX
20171221 20180911 -6.6974e-05 4.4563e-10 TSX
20180112 20181003 6.9712e-05 4.4577e-10 TSX
20180319 20180707 0.00010461 6.1794e-10 TSX
20180707 20180911 0.00042965 7.1237e-10 TSX
20180729 20181003 0.00021587 7.1239e-10 TSX
20180820 20181003 0.00030705 7.7206e-10 TSX
20180911 20181003 -0.00015907 8.501e-10 TSX
