20030427 20030914 0.00057749 5.6653e-10 ERS2
20030914 20080629 -1.4854e-05 2.673e-10 ERS2
20050918 20090510 0.00012814 2.9921e-10 ERS2
20051127 20081116 7.6421e-05 3.09e-10 ERS2
20060903 20090510 0.00012431 3.1181e-10 ERS2
20061231 20090105 -7.4987e-05 3.1418e-10 ALOS
20070402 20070703 -1.6492e-05 6.6621e-10 ALOS
20070518 20091008 0.00017579 2.9928e-10 ALOS
20070818 20071003 -0.00021706 7.7512e-10 ALOS
20071217 20100509 3.27e-05 2.9962e-10 ALOS
20080103 20100526 3.7296e-05 2.9823e-10 ALOS
20080404 20080520 -2.1692e-05 7.7515e-10 ALOS
20080618 20090921 9.9658e-05 3.7278e-10 ALOS
20080629 20090510 -0.00016918 4.1652e-10 ERS2
20080705 20091008 -1.5519e-05 3.6521e-10 ALOS
20080803 20090823 -1.4541e-05 3.8267e-10 ERS2
20081116 20090823 8.8268e-05 4.3217e-10 ERS2
20081219 20090921 0.00047058 4.4628e-10 ALOS
20090105 20090708 0.00029784 5.2815e-10 ALOS
20090510 20091101 0.0002841 5.2346e-10 ERS2
20090708 20091008 0.0007083 6.6623e-10 ALOS
20090823 20091101 -7.5788e-05 6.9853e-10 ERS2
20091222 20100624 0.00080021 5.252e-10 ALOS
20100108 20100223 0.00094556 7.7517e-10 ALOS
20100223 20100526 -1.3009e-05 6.6626e-10 ALOS
20100410 20100711 0.00027389 6.6629e-10 ALOS
20100509 20100624 0.00042426 7.7314e-10 ALOS
20100526 20100711 0.00058554 7.7514e-10 ALOS
20100624 20101109 0.00011934 5.8397e-10 ALOS
20100711 20101011 0.00022785 6.6624e-10 ALOS
20100809 20101109 -3.6819e-05 6.6352e-10 ALOS
20101011 20101126 0.0002797 7.7514e-10 ALOS
20110111 20110226 0.00066785 7.7512e-10 ALOS
20110924 20130715 9.5895e-05 3.2575e-10 TSX
20111005 20121229 -9.6493e-05 3.6913e-10 TSX
20111121 20171221 -1.2275e-05 3.0752e-10 TSX
20111221 20130131 5.8807e-05 3.8537e-10 TSX
20111224 20121027 0.00010288 4.1918e-10 TSX
20120126 20140419 0.00010755 2.9387e-10 TSX
20120203 20160320 3.3787e-05 2.8896e-10 TSX
20120206 20171107 2.4969e-05 3.2253e-10 TSX
20120617 20171129 7.1008e-05 2.9885e-10 TSX
20120723 20160120 8.525e-05 2.929e-10 TSX
20121024 20130109 3.9347e-05 7.0161e-10 TSX
20121027 20151226 0.00012505 2.8284e-10 TSX
20121030 20130311 7.6132e-05 5.8468e-10 TSX
20121107 20171118 -3.1753e-06 3.0072e-10 TSX
20121221 20160208 0.00011332 2.7829e-10 TSX
20121224 20130516 4.0042e-05 5.6848e-10 TSX
20121229 20130407 0.00022842 6.5604e-10 TSX
20130104 20130217 0.00019865 7.7311e-10 TSX
20130109 20130715 0.0002464 5.2877e-10 TSX
20130112 20140511 8.651e-05 3.536e-10 TSX
20130115 20130721 -8.3488e-05 5.1399e-10 TSX
20130126 20130823 -8.791e-06 4.9455e-10 TSX
20130131 20130429 1.2029e-05 6.7793e-10 TSX
20130203 20130729 1.74e-05 5.231e-10 TSX
20130211 20130919 0.00010414 4.96e-10 TSX
20130228 20141209 -1.7366e-05 3.1623e-10 TSX
20130311 20130801 -1.1871e-05 5.6851e-10 TSX
20130316 20130623 0.0001334 6.5606e-10 TSX
20130402 20150122 8.6217e-05 3.3977e-10 TSX
20130407 20140530 1.6973e-05 3.8084e-10 TSX
20130421 20171016 1.3246e-05 2.8744e-10 TSX
20130424 20130721 -9.9499e-05 6.6401e-10 TSX
20130429 20130623 2.7271e-05 7.5407e-10 TSX
20130505 20131028 -0.00046158 5.3836e-10 TSX
20130513 20151112 0.00011489 2.8261e-10 TSX
20130516 20131017 -0.00013086 5.7043e-10 TSX
20130521 20130715 0.00034559 7.5411e-10 TSX
20130524 20171129 4.7724e-08 2.8304e-10 TSX
20130527 20140627 2.7654e-05 3.8384e-10 TSX
20130601 20130930 0.00019459 6.1697e-10 TSX
20130604 20141217 0.00010982 3.3896e-10 TSX
20130607 20140719 2.295e-05 3.8015e-10 TSX
20130612 20150105 8.419e-05 3.3936e-10 TSX
20130615 20160106 0.0001409 2.8579e-10 TSX
20130618 20140708 -1.6828e-05 3.8847e-10 TSX
20130623 20130715 0.0006638 8.6165e-10 TSX
20130629 20130914 0.00031407 6.8828e-10 TSX
20130707 20150130 0.00010939 3.3776e-10 TSX
20130710 20140901 2.3636e-05 3.771e-10 TSX
20130715 20130726 -0.0024997 1.0107e-09 TSX
20130721 20131108 0.00063998 6.2317e-10 TSX
20130726 20150517 0.00018494 3.2279e-10 TSX
20130729 20160904 0.00011761 2.735e-10 TSX
20130801 20151115 7.1872e-05 3.1644e-10 TSX
20130817 20140209 5.6146e-06 5.4097e-10 TSX
20130828 20150312 7.2024e-05 3.4112e-10 TSX
20130903 20150329 -0.00013514 3.4616e-10 TSX
20130919 20160309 4.5907e-06 2.8377e-10 TSX
20130925 20140708 1.2171e-05 4.3136e-10 TSX
20130930 20160411 -3.2209e-05 2.9603e-10 TSX
20131011 20150802 6.0191e-05 3.2402e-10 TSX
20131017 20140719 5.9612e-05 4.3877e-10 TSX
20131028 20160304 -0.00012385 3.9116e-10 TSX
20131102 20140519 -0.00011985 5.171e-10 TSX
20131108 20140708 1.7594e-05 4.6271e-10 TSX
20140209 20160309 3.824e-05 3.1197e-10 TSX
20140223 20140829 3.0261e-05 5.1114e-10 TSX
20140408 20140705 -2.4172e-05 6.6126e-10 TSX
20140419 20170913 0.00012397 2.8614e-10 TSX
20140511 20141228 7.5727e-05 4.7015e-10 TSX
20140519 20150824 0.00015916 3.6634e-10 TSX
20140624 20171005 9.7161e-05 2.8493e-10 TSX
20140627 20151115 1.7735e-06 3.4569e-10 TSX
20140705 20180911 5.0573e-05 2.7485e-10 TSX
20140708 20160406 3.5736e-05 3.2698e-10 TSX
20140716 20171005 0.00011332 2.8335e-10 TSX
20140719 20151207 1.6479e-05 3.4163e-10 TSX
20140727 20150326 -2.1768e-06 4.6148e-10 TSX
20140810 20150122 9.9708e-05 5.3918e-10 TSX
20140818 20160301 7.0529e-05 3.2258e-10 TSX
20140829 20160208 0.00012367 3.3092e-10 TSX
20140901 20140912 -0.00030376 9.6748e-10 TSX
20140912 20141209 7.8277e-05 6.64e-10 TSX
20140920 20170902 0.00015425 2.8469e-10 TSX
20141209 20160211 2.6987e-05 3.648e-10 TSX
20141217 20160722 9.7744e-05 3.204e-10 TSX
20141228 20160106 4.9256e-05 3.8122e-10 TSX
20141231 20151024 5.7146e-05 4.2561e-10 TSX
20150105 20150824 7.5e-05 4.8602e-10 TSX
20150108 20170811 0.00017143 2.8718e-10 TSX
20150119 20160117 8.2576e-05 3.8705e-10 TSX
20150127 20160411 3.9908e-05 3.735e-10 TSX
20150130 20151112 5.9447e-05 4.2804e-10 TSX
20150210 20170114 0.00011452 3.0889e-10 TSX
20150213 20160326 5.8639e-05 4.189e-10 TSX
20150218 20160216 5.768e-05 4.032e-10 TSX
20150221 20180112 0.00014838 2.797e-10 TSX
20150304 20180911 8.8918e-05 2.786e-10 TSX
20150307 20160211 5.7859e-05 4.0153e-10 TSX
20150312 20160320 -2.7473e-05 3.9854e-10 TSX
20150326 20150827 0.00013314 5.4979e-10 TSX
20150329 20151207 6.2898e-05 4.5476e-10 TSX
20150428 20160425 9.7781e-05 3.8632e-10 TSX
20150509 20150827 0.00010213 6.1811e-10 TSX
20150517 20150824 -4.7607e-05 6.563e-10 TSX
20150520 20180911 6.7959e-05 2.7613e-10 TSX
20150714 20170822 0.00012183 2.9034e-10 TSX
20150725 20170924 0.00013491 2.926e-10 TSX
20150802 20160309 -2.8369e-05 4.9594e-10 TSX
20150805 20160403 6.6492e-05 4.6111e-10 TSX
20150816 20171107 0.00012471 2.9288e-10 TSX
20150824 20150915 0.00066023 8.6153e-10 TSX
20150827 20170902 9.4375e-05 2.9833e-10 TSX
20150915 20160216 -1.489e-05 5.6811e-10 TSX
20151021 20160904 1.3216e-05 4.1208e-10 TSX
20151101 20171016 0.00011974 2.9945e-10 TSX
20151112 20160425 -1.0541e-05 5.3607e-10 TSX
20151115 20151229 0.00019872 7.7311e-10 TSX
20151123 20171221 0.00011021 2.9437e-10 TSX
20151204 20151215 0.00017561 9.776e-10 TSX
20151207 20160406 -7.465e-05 6.0215e-10 TSX
20151215 20170822 9.7875e-05 3.1537e-10 TSX
20151226 20161223 8.7104e-05 3.9396e-10 TSX
20151229 20160211 2.3195e-05 7.7311e-10 TSX
20160106 20161223 9.8695e-05 3.9852e-10 TSX
20160117 20160926 4.7119e-05 4.5298e-10 TSX
20160128 20160301 -0.00024746 8.0627e-10 TSX
20160208 20160312 -4.4137e-05 8.0627e-10 TSX
20160216 20160309 -0.00042086 8.6152e-10 TSX
20160219 20180319 5.6523e-05 2.9573e-10 TSX
20160301 20161201 0.00015373 4.387e-10 TSX
20160304 20160326 6.8551e-05 8.484e-10 TSX
20160312 20180319 5.7734e-05 2.9905e-10 TSX
20160320 20160411 0.00045395 8.6153e-10 TSX
20160323 20171118 0.00010091 3.179e-10 TSX
20160326 20160406 -0.0004903 9.6741e-10 TSX
20160403 20171027 0.00012138 3.2482e-10 TSX
20160425 20170811 0.00011152 3.4722e-10 TSX
20160528 20160630 4.311e-05 8.0627e-10 TSX
20160630 20171118 9.892e-05 3.3876e-10 TSX
20160722 20161201 0.00013111 5.8133e-10 TSX
20160904 20180707 4.5227e-05 3.2397e-10 TSX
20160915 20180911 4.089e-05 3.0228e-10 TSX
20160926 20170114 -2.391e-05 6.1796e-10 TSX
20161201 20171027 3.8196e-05 4.0642e-10 TSX
20161223 20171107 5.3741e-05 4.0875e-10 TSX
20170114 20170902 7.7192e-05 4.6851e-10 TSX
20170811 20171005 -9.1882e-05 7.4116e-10 TSX
20170822 20180707 -8.5979e-05 4.1379e-10 TSX
20170913 20180707 -0.00014905 4.2525e-10 TSX
20170924 20180319 -0.00018046 5.2321e-10 TSX
20171005 20171107 1.8013e-05 8.0627e-10 TSX
20171016 20180319 -0.00017631 5.5009e-10 TSX
20171027 20180911 -7.8671e-05 4.1374e-10 TSX
20171107 20171118 6.9953e-05 9.776e-10 TSX
20171118 20171129 5.2131e-05 9.776e-10 TSX
20171129 20171221 -1.2552e-05 8.5039e-10 TSX
20171210 20180820 -8.3213e-05 4.5336e-10 TSX
20171221 20180911 -0.00012151 4.4557e-10 TSX
20180112 20181003 -4.4538e-05 4.4559e-10 TSX
20180319 20180707 -6.1259e-05 6.1797e-10 TSX
20180707 20180911 0.00020982 7.124e-10 TSX
20180729 20181003 9.268e-05 7.124e-10 TSX
20180820 20181003 0.00022338 7.7215e-10 TSX
20180911 20181003 -0.00011671 8.504e-10 TSX
