20030427 20030914 0.00042214 5.6544e-10 ERS2
20030914 20080629 -2.5216e-05 2.733e-10 ERS2
20050918 20090510 0.00010169 2.9964e-10 ERS2
20051127 20081116 0.00028042 3.0262e-10 ERS2
20060903 20090510 -1.6402e-05 3.1121e-10 ERS2
20061231 20090105 5.4171e-05 3.1405e-10 ALOS
20070402 20070703 -2.8355e-05 6.6658e-10 ALOS
20070518 20091008 -6.8573e-05 3.0964e-10 ALOS
20070818 20071003 -0.00021402 7.7508e-10 ALOS
20071217 20100509 9.5363e-05 3.0267e-10 ALOS
20080103 20100526 -0.00010224 3.1649e-10 ALOS
20080404 20080520 6.3162e-05 7.753e-10 ALOS
20080618 20090921 4.2323e-05 3.7198e-10 ALOS
20080629 20090510 0.00010246 4.1993e-10 ERS2
20080705 20091008 -2.6674e-05 3.6562e-10 ALOS
20080803 20090823 -1.2288e-05 3.8272e-10 ERS2
20081116 20090823 -0.00010636 4.3193e-10 ERS2
20081219 20090921 -0.00016204 4.4949e-10 ALOS
20090105 20090708 0.00023609 5.2968e-10 ALOS
20090510 20091101 0.00049145 5.2071e-10 ERS2
20090708 20091008 0.00014435 6.663e-10 ALOS
20090823 20091101 -0.00096058 6.986e-10 ERS2
20091222 20100624 -2.2883e-05 5.2894e-10 ALOS
20100108 20100223 -0.00091414 7.7642e-10 ALOS
20100223 20100526 -9.5394e-05 6.6809e-10 ALOS
20100410 20100711 -0.00019607 6.6645e-10 ALOS
20100509 20100624 0.00057759 7.731e-10 ALOS
20100526 20100711 0.00044678 7.7513e-10 ALOS
20100624 20101109 -1.4039e-05 5.8398e-10 ALOS
20100711 20101011 -0.00023585 6.6621e-10 ALOS
20100809 20101109 3.0181e-05 6.6354e-10 ALOS
20101011 20101126 7.3015e-05 7.7508e-10 ALOS
20110111 20110226 0.00048945 7.7509e-10 ALOS
20110924 20130715 6.3928e-06 3.2441e-10 TSX
20111005 20121229 8.9355e-06 3.696e-10 TSX
20111121 20171221 5.8119e-05 4.0617e-10 TSX
20111221 20130131 5.5795e-06 3.8551e-10 TSX
20111224 20121027 9.0425e-05 4.1936e-10 TSX
20120126 20140419 -1.1858e-05 3.3848e-10 TSX
20120203 20160320 -4.5725e-05 2.8115e-10 TSX
20120206 20171107 6.5363e-05 4.62e-10 TSX
20120617 20171129 4.704e-05 3.5539e-10 TSX
20120723 20160120 7.9715e-06 3.2252e-10 TSX
20121024 20130109 9.4844e-05 7.0155e-10 TSX
20121027 20151226 4.0955e-05 3.4921e-10 TSX
20121030 20130311 -4.4597e-05 5.8465e-10 TSX
20121107 20171118 6.1288e-05 4.2684e-10 TSX
20121221 20160208 7.1203e-05 4.2136e-10 TSX
20121224 20130516 -0.00014718 5.6848e-10 TSX
20121229 20130407 8.7351e-06 6.5608e-10 TSX
20130104 20130217 -9.8862e-05 7.7307e-10 TSX
20130109 20130715 -4.4548e-05 5.3352e-10 TSX
20130112 20140511 -3.2085e-05 3.5953e-10 TSX
20130115 20130721 -9.5913e-05 5.1395e-10 TSX
20130126 20130823 -0.00019725 5.1617e-10 TSX
20130131 20130429 -0.00011967 6.7796e-10 TSX
20130203 20130729 0.0001093 5.2308e-10 TSX
20130211 20130919 3.5025e-05 4.9595e-10 TSX
20130228 20141209 -3.1809e-06 3.1302e-10 TSX
20130311 20130801 4.3458e-06 5.6844e-10 TSX
20130316 20130623 -3.5794e-05 6.5609e-10 TSX
20130402 20150122 -1.3379e-05 3.58e-10 TSX
20130407 20140530 -5.6549e-05 3.807e-10 TSX
20130421 20171016 6.3293e-05 4.1965e-10 TSX
20130424 20130721 -0.00013711 6.6402e-10 TSX
20130429 20130623 -3.1352e-05 7.5405e-10 TSX
20130505 20131028 -0.00041768 5.613e-10 TSX
20130513 20151112 5.641e-05 4.1508e-10 TSX
20130516 20131017 0.0002853 5.8607e-10 TSX
20130521 20130715 0.00013586 7.5407e-10 TSX
20130524 20171129 6.1702e-05 4.1466e-10 TSX
20130527 20140627 -5.7694e-05 3.8356e-10 TSX
20130601 20130930 0.00010441 6.1698e-10 TSX
20130604 20141217 3.881e-05 3.4526e-10 TSX
20130607 20140719 2.2575e-05 3.7991e-10 TSX
20130612 20150105 -8.7275e-06 3.3851e-10 TSX
20130615 20160106 8.7326e-05 3.7813e-10 TSX
20130618 20140708 2.2857e-05 3.88e-10 TSX
20130623 20130715 0.00062549 8.6134e-10 TSX
20130629 20130914 0.00023246 6.9728e-10 TSX
20130707 20150130 1.4663e-05 3.4355e-10 TSX
20130710 20140901 2.8803e-05 3.7683e-10 TSX
20130715 20130726 -0.0022917 1.0103e-09 TSX
20130721 20131108 0.00061628 6.5126e-10 TSX
20130726 20150517 -7.9288e-05 3.261e-10 TSX
20130729 20160904 5.8453e-05 3.9837e-10 TSX
20130801 20151115 4.7269e-05 3.721e-10 TSX
20130817 20140209 6.2479e-05 5.4098e-10 TSX
20130828 20150312 -3.245e-05 3.4017e-10 TSX
20130903 20150329 -0.00016518 3.5203e-10 TSX
20130919 20160309 3.1246e-06 2.9345e-10 TSX
20130925 20140708 3.2957e-05 4.3843e-10 TSX
20130930 20160411 3.3002e-05 3.1164e-10 TSX
20131011 20150802 3.1588e-06 3.2482e-10 TSX
20131017 20140719 -0.00010943 4.4115e-10 TSX
20131028 20160304 -4.1365e-05 4.1109e-10 TSX
20131102 20140519 -0.00017075 5.1711e-10 TSX
20131108 20140708 4.4122e-05 4.7442e-10 TSX
20140209 20160309 -8.2896e-07 3.5583e-10 TSX
20140223 20140829 9.1115e-05 5.1107e-10 TSX
20140408 20140705 6.9986e-06 6.6124e-10 TSX
20140419 20170913 7.179e-05 4.5088e-10 TSX
20140511 20141228 0.00012466 4.7006e-10 TSX
20140519 20150824 7.1089e-05 3.7031e-10 TSX
20140624 20171005 8.538e-05 3.1818e-10 TSX
20140627 20151115 7.4146e-05 3.5244e-10 TSX
20140705 20180911 5.129e-05 3.5693e-10 TSX
20140708 20160406 -2.5726e-06 3.3462e-10 TSX
20140716 20171005 0.00010184 3.1961e-10 TSX
20140719 20151207 1.16e-05 3.5318e-10 TSX
20140727 20150326 -1.905e-05 4.6151e-10 TSX
20140810 20150122 2.275e-05 5.3981e-10 TSX
20140818 20160301 0.00010426 3.7763e-10 TSX
20140829 20160208 0.00011942 4.0666e-10 TSX
20140901 20140912 -0.00030261 9.672e-10 TSX
20140912 20141209 1.8066e-05 6.6401e-10 TSX
20140920 20170902 0.00013617 3.3177e-10 TSX
20141209 20160211 -3.9661e-06 3.7022e-10 TSX
20141217 20160722 0.00014185 3.979e-10 TSX
20141228 20160106 0.00011221 4.1474e-10 TSX
20141231 20151024 6.9122e-05 4.296e-10 TSX
20150105 20150824 2.6282e-05 4.889e-10 TSX
20150108 20170811 0.00010514 3.223e-10 TSX
20150119 20160117 0.0001555 4.4572e-10 TSX
20150127 20160411 3.3442e-05 3.9718e-10 TSX
20150130 20151112 9.6757e-05 4.5313e-10 TSX
20150210 20170114 0.00017828 4.0371e-10 TSX
20150213 20160326 -8.4986e-05 4.4338e-10 TSX
20150218 20160216 6.3945e-05 4.0647e-10 TSX
20150221 20180112 0.00012167 3.5246e-10 TSX
20150304 20180911 6.5565e-05 3.4903e-10 TSX
20150307 20160211 5.56e-05 4.044e-10 TSX
20150312 20160320 3.2436e-05 4.0767e-10 TSX
20150326 20150827 0.00025685 5.5459e-10 TSX
20150329 20151207 4.7447e-05 4.5672e-10 TSX
20150428 20160425 0.00017623 4.2234e-10 TSX
20150509 20150827 0.00024304 6.3304e-10 TSX
20150517 20150824 9.0937e-05 6.5717e-10 TSX
20150520 20180911 9.5196e-05 3.9828e-10 TSX
20150714 20170822 0.0001215 4.2414e-10 TSX
20150725 20170924 0.00010377 3.337e-10 TSX
20150802 20160309 2.3535e-05 4.9617e-10 TSX
20150805 20160403 1.3817e-05 4.823e-10 TSX
20150816 20171107 0.00010239 3.5945e-10 TSX
20150824 20150915 0.00072708 8.6125e-10 TSX
20150827 20170902 8.697e-05 3.7552e-10 TSX
20150915 20160216 -9.4391e-05 5.6818e-10 TSX
20151021 20160904 2.4213e-05 4.3743e-10 TSX
20151101 20171016 0.00010416 3.8925e-10 TSX
20151112 20160425 5.8986e-05 5.3805e-10 TSX
20151115 20151229 0.00016067 7.7307e-10 TSX
20151123 20171221 0.00011267 3.4282e-10 TSX
20151204 20151215 0.00018167 9.7719e-10 TSX
20151207 20160406 -4.6571e-05 6.0215e-10 TSX
20151215 20170822 0.00014656 3.4297e-10 TSX
20151226 20161223 0.00014816 3.9562e-10 TSX
20151229 20160211 2.2279e-05 7.7307e-10 TSX
20160106 20161223 0.00015091 3.9959e-10 TSX
20160117 20160926 0.00018356 4.5568e-10 TSX
20160128 20160301 -0.00019388 8.0607e-10 TSX
20160208 20160312 -4.7534e-05 8.0607e-10 TSX
20160216 20160309 -0.00041368 8.6125e-10 TSX
20160219 20180319 2.4969e-05 3.0931e-10 TSX
20160301 20161201 0.00020861 4.3959e-10 TSX
20160304 20160326 3.4204e-05 8.4821e-10 TSX
20160312 20180319 2.4965e-05 3.3173e-10 TSX
20160320 20160411 0.00038151 8.6126e-10 TSX
20160323 20171118 0.00012622 3.3342e-10 TSX
20160326 20160406 -0.00053268 9.6713e-10 TSX
20160403 20171027 0.00014852 4.0204e-10 TSX
20160425 20170811 0.00015673 4.2829e-10 TSX
20160528 20160630 9.136e-05 8.0607e-10 TSX
20160630 20171118 0.00010738 3.4316e-10 TSX
20160722 20161201 0.00029642 5.813e-10 TSX
20160904 20180707 1.0416e-05 3.2716e-10 TSX
20160915 20180911 9.6661e-06 3.0804e-10 TSX
20160926 20170114 3.8602e-05 6.1796e-10 TSX
20161201 20171027 5.3572e-05 4.0931e-10 TSX
20161223 20171107 2.4631e-05 4.1987e-10 TSX
20170114 20170902 4.6359e-05 4.7824e-10 TSX
20170811 20171005 -2.8944e-05 7.411e-10 TSX
20170822 20180707 -0.00015964 4.1351e-10 TSX
20170913 20180707 -0.00020157 4.2523e-10 TSX
20170924 20180319 -0.0002167 5.2318e-10 TSX
20171005 20171107 4.5666e-05 8.0607e-10 TSX
20171016 20180319 -0.00021635 5.5006e-10 TSX
20171027 20180911 -5.5607e-05 4.1356e-10 TSX
20171107 20171118 8.1575e-05 9.7719e-10 TSX
20171118 20171129 4.551e-05 9.7719e-10 TSX
20171129 20171221 1.9819e-06 8.5008e-10 TSX
20171210 20180820 -5.3646e-05 4.5342e-10 TSX
20171221 20180911 -5.1284e-05 4.4564e-10 TSX
20180112 20181003 -5.7027e-06 4.4556e-10 TSX
20180319 20180707 -5.6988e-05 6.1796e-10 TSX
20180707 20180911 0.00034726 7.1236e-10 TSX
20180729 20181003 9.7546e-05 7.1236e-10 TSX
20180820 20181003 0.00013419 7.7204e-10 TSX
20180911 20181003 -0.00017184 8.5009e-10 TSX
