20030427 20030914 -0.00070914 5.6892e-10 ERS2
20030914 20080629 3.0094e-05 2.8459e-10 ERS2
20050918 20090510 1.7548e-05 2.9797e-10 ERS2
20051127 20081116 -0.00010932 3.0307e-10 ERS2
20060903 20090510 -0.00026147 3.0946e-10 ERS2
20061231 20090105 -2.099e-05 3.1497e-10 ALOS
20070402 20070703 -0.00029102 6.7108e-10 ALOS
20070518 20091008 -6.3503e-05 2.9988e-10 ALOS
20070818 20071003 -0.00040737 7.8248e-10 ALOS
20071217 20100509 -9.3758e-05 3.0065e-10 ALOS
20080103 20100526 -2.7691e-05 3.0022e-10 ALOS
20080404 20080520 -8.1908e-05 7.8249e-10 ALOS
20080618 20090921 -0.00020849 3.7219e-10 ALOS
20080629 20090510 -0.00022882 4.1721e-10 ERS2
20080705 20091008 -9.1957e-05 3.6537e-10 ALOS
20080803 20090823 -2.7505e-05 3.831e-10 ERS2
20081116 20090823 1.5352e-05 4.3526e-10 ERS2
20081219 20090921 0.0001015 4.4651e-10 ALOS
20090105 20090708 -7.4134e-05 5.2903e-10 ALOS
20090510 20091101 -0.00054856 5.2133e-10 ERS2
20090708 20091008 0.00026804 6.7134e-10 ALOS
20090823 20091101 0.00033949 7.043e-10 ERS2
20091222 20100624 -4.0011e-05 5.2801e-10 ALOS
20100108 20100223 -0.00013142 7.8235e-10 ALOS
20100223 20100526 -1.7693e-05 6.7137e-10 ALOS
20100410 20100711 -5.7764e-05 6.7119e-10 ALOS
20100509 20100624 0.00061894 7.8035e-10 ALOS
20100526 20100711 0.00041972 7.8249e-10 ALOS
20100624 20101109 -4.1439e-05 5.8624e-10 ALOS
20100711 20101011 -0.00015064 6.7123e-10 ALOS
20100809 20101109 -0.00012461 6.6837e-10 ALOS
20101011 20101126 0.0002655 7.8249e-10 ALOS
20110111 20110226 0.00061567 7.8248e-10 ALOS
20110924 20130715 -7.6953e-06 3.2408e-10 TSX
20111005 20121229 -3.5181e-05 3.6922e-10 TSX
20111121 20171221 2.1656e-05 2.978e-10 TSX
20111221 20130131 -1.7698e-05 3.8611e-10 TSX
20111224 20121027 7.6887e-06 4.1935e-10 TSX
20120126 20140419 -4.0822e-06 2.9237e-10 TSX
20120203 20160320 -2.1427e-05 2.4606e-10 TSX
20120206 20171107 1.2352e-05 2.7505e-10 TSX
20120617 20171129 1.9377e-05 2.7673e-10 TSX
20120723 20160120 1.7889e-05 2.6321e-10 TSX
20121024 20130109 0.00018034 7.0786e-10 TSX
20121027 20151226 -1.82e-05 2.6703e-10 TSX
20121030 20130311 4.5508e-06 5.8688e-10 TSX
20121107 20171118 1.6964e-05 2.655e-10 TSX
20121221 20160208 -6.9728e-06 2.6687e-10 TSX
20121224 20130516 -7.7503e-05 5.7035e-10 TSX
20121229 20130407 -3.7607e-05 6.6073e-10 TSX
20130104 20130217 -6.3597e-05 7.7989e-10 TSX
20130109 20130715 2.9887e-05 5.2914e-10 TSX
20130112 20140511 5.3801e-06 3.5391e-10 TSX
20130115 20130721 -0.00015307 5.1481e-10 TSX
20130126 20130823 -6.6212e-05 4.919e-10 TSX
20130131 20130429 -3.6058e-06 6.8345e-10 TSX
20130203 20130729 -3.1015e-05 5.2394e-10 TSX
20130211 20130919 6.5826e-05 4.9653e-10 TSX
20130228 20141209 3.8424e-06 3.1215e-10 TSX
20130311 20130801 -3.4393e-05 5.7027e-10 TSX
20130316 20130623 1.1311e-05 6.6074e-10 TSX
20130402 20150122 3.1902e-05 2.8974e-10 TSX
20130407 20140530 -2.0621e-05 3.8105e-10 TSX
20130421 20171016 1.3833e-05 2.6415e-10 TSX
20130424 20130721 -0.00021866 6.6864e-10 TSX
20130429 20130623 -4.5467e-05 7.6155e-10 TSX
20130505 20131028 -0.00041466 5.2692e-10 TSX
20130513 20151112 -1.1488e-05 2.8335e-10 TSX
20130516 20131017 -0.00010227 5.5454e-10 TSX
20130521 20130715 0.00027849 7.6158e-10 TSX
20130524 20171129 1.5925e-05 2.673e-10 TSX
20130527 20140627 1.4839e-05 3.8384e-10 TSX
20130601 20130930 0.00018841 6.2016e-10 TSX
20130604 20141217 5.962e-06 3.3819e-10 TSX
20130607 20140719 2.7728e-05 3.811e-10 TSX
20130612 20150105 -3.2122e-06 3.3793e-10 TSX
20130615 20160106 3.877e-06 2.7685e-10 TSX
20130618 20140708 2.4553e-05 3.8833e-10 TSX
20130623 20130715 0.0006089 8.6787e-10 TSX
20130629 20130914 0.00019109 6.9366e-10 TSX
20130707 20150130 4.7771e-06 3.3899e-10 TSX
20130710 20140901 -7.1516e-06 3.7748e-10 TSX
20130715 20130726 -0.0023569 1.0161e-09 TSX
20130721 20131108 0.00067796 6.2425e-10 TSX
20130726 20150517 -8.9606e-05 3.2197e-10 TSX
20130729 20160904 1.1544e-06 2.6876e-10 TSX
20130801 20151115 1.9251e-05 2.868e-10 TSX
20130817 20140209 -0.00013454 5.4209e-10 TSX
20130828 20150312 8.2061e-06 3.4035e-10 TSX
20130903 20150329 -0.00011936 3.112e-10 TSX
20130919 20160309 -3.5621e-05 2.7661e-10 TSX
20130925 20140708 -1.9873e-06 4.3181e-10 TSX
20130930 20160411 -4.613e-05 2.7224e-10 TSX
20131011 20150802 -1.1925e-05 3.1956e-10 TSX
20131017 20140719 -4.061e-05 4.393e-10 TSX
20131028 20160304 -3.4765e-05 3.1589e-10 TSX
20131102 20140519 -9.2768e-05 5.1791e-10 TSX
20131108 20140708 -2.7531e-05 4.6328e-10 TSX
20140209 20160309 4.7408e-05 3.0526e-10 TSX
20140223 20140829 3.6275e-05 5.1174e-10 TSX
20140408 20140705 -1.5031e-05 6.6623e-10 TSX
20140419 20170913 2.6115e-05 2.6692e-10 TSX
20140511 20141228 -1.409e-05 4.704e-10 TSX
20140519 20150824 1.422e-05 3.6466e-10 TSX
20140624 20171005 -7.2249e-06 2.6455e-10 TSX
20140627 20151115 -5.9492e-05 3.404e-10 TSX
20140705 20180911 2.0318e-05 2.5163e-10 TSX
20140708 20160406 -9.2207e-06 3.1121e-10 TSX
20140716 20171005 5.5291e-06 2.6821e-10 TSX
20140719 20151207 -3.9401e-05 3.4046e-10 TSX
20140727 20150326 -1.6069e-05 4.618e-10 TSX
20140810 20150122 8.0227e-06 5.4037e-10 TSX
20140818 20160301 -1.6566e-05 3.2381e-10 TSX
20140829 20160208 -8.615e-06 3.3083e-10 TSX
20140901 20140912 -0.00026545 9.7238e-10 TSX
20140912 20141209 -6.9959e-05 6.6864e-10 TSX
20140920 20170902 2.1298e-05 2.6522e-10 TSX
20141209 20160211 -2.6189e-05 3.6364e-10 TSX
20141217 20160722 -1.4005e-05 3.1793e-10 TSX
20141228 20160106 -2.4817e-05 3.8204e-10 TSX
20141231 20151024 2.2285e-06 4.2551e-10 TSX
20150105 20150824 -3.6049e-05 4.866e-10 TSX
20150108 20170811 6.8175e-06 2.845e-10 TSX
20150119 20160117 -8.4066e-06 3.8724e-10 TSX
20150127 20160411 -2.2968e-05 3.7098e-10 TSX
20150130 20151112 -3.9935e-05 4.287e-10 TSX
20150210 20170114 1.557e-05 2.9796e-10 TSX
20150213 20160326 2.419e-05 3.6871e-10 TSX
20150218 20160216 -1.2131e-05 4.0318e-10 TSX
20150221 20180112 4.3741e-05 2.6401e-10 TSX
20150304 20180911 1.6888e-05 2.6342e-10 TSX
20150307 20160211 1.6079e-05 4.0125e-10 TSX
20150312 20160320 -0.00011167 3.9798e-10 TSX
20150326 20150827 -2.8824e-06 5.5108e-10 TSX
20150329 20151207 -3.1522e-05 4.5539e-10 TSX
20150428 20160425 -1.0759e-05 3.8705e-10 TSX
20150509 20150827 4.8771e-05 6.2125e-10 TSX
20150517 20150824 -3.5384e-05 6.6074e-10 TSX
20150520 20180911 -1.4349e-05 2.6267e-10 TSX
20150714 20170822 3.358e-05 2.939e-10 TSX
20150725 20170924 5.5615e-07 2.9539e-10 TSX
20150802 20160309 -8.2698e-05 4.965e-10 TSX
20150805 20160403 2.8298e-06 4.6146e-10 TSX
20150816 20171107 1.5215e-05 2.9166e-10 TSX
20150824 20150915 0.00061585 8.6776e-10 TSX
20150827 20170902 1.6436e-05 2.9517e-10 TSX
20150915 20160216 -8.0109e-05 5.6988e-10 TSX
20151021 20160904 -5.4852e-05 4.1229e-10 TSX
20151101 20171016 2.4145e-05 3.0254e-10 TSX
20151112 20160425 8.2018e-06 5.3716e-10 TSX
20151115 20151229 0.00014723 7.7989e-10 TSX
20151123 20171221 2.9554e-05 2.9507e-10 TSX
20151204 20151215 0.0001557 9.8304e-10 TSX
20151207 20160406 -3.2403e-05 6.0483e-10 TSX
20151215 20170822 4.094e-05 3.1935e-10 TSX
20151226 20161223 2.9116e-05 3.9398e-10 TSX
20151229 20160211 2.5117e-05 7.7989e-10 TSX
20160106 20161223 3.3403e-05 3.9857e-10 TSX
20160117 20160926 -1.1737e-05 4.5314e-10 TSX
20160128 20160301 -0.00020887 8.1343e-10 TSX
20160208 20160312 -8.8333e-05 8.1343e-10 TSX
20160216 20160309 -0.00036565 8.6776e-10 TSX
20160219 20180319 3.156e-05 2.9476e-10 TSX
20160301 20161201 2.2206e-05 4.3859e-10 TSX
20160304 20160326 5.5883e-05 8.5414e-10 TSX
20160312 20180319 4.4461e-05 2.9729e-10 TSX
20160320 20160411 0.00042539 8.6777e-10 TSX
20160323 20171118 2.9971e-05 3.2077e-10 TSX
20160326 20160406 -0.00054246 9.7231e-10 TSX
20160403 20171027 4.4337e-05 3.257e-10 TSX
20160425 20170811 3.6303e-05 3.5101e-10 TSX
20160528 20160630 2.4156e-05 8.1343e-10 TSX
20160630 20171118 4.627e-05 3.3851e-10 TSX
20160722 20161201 3.93e-05 5.8349e-10 TSX
20160904 20180707 5.2189e-05 3.2455e-10 TSX
20160915 20180911 1.9033e-05 3.0068e-10 TSX
20160926 20170114 1.6704e-06 6.2134e-10 TSX
20161201 20171027 2.1611e-05 4.0701e-10 TSX
20161223 20171107 -2.9371e-06 4.0953e-10 TSX
20170114 20170902 1.6668e-05 4.6898e-10 TSX
20170811 20171005 -6.3749e-05 7.4842e-10 TSX
20170822 20180707 1.4949e-05 4.1388e-10 TSX
20170913 20180707 2.2983e-06 4.2503e-10 TSX
20170924 20180319 6.249e-05 5.2403e-10 TSX
20171005 20171107 6.1706e-06 8.1343e-10 TSX
20171016 20180319 5.9312e-05 5.5143e-10 TSX
20171027 20180911 -2.4043e-05 4.1402e-10 TSX
20171107 20171118 7.6812e-05 9.8304e-10 TSX
20171118 20171129 5.2353e-05 9.8304e-10 TSX
20171129 20171221 2.8738e-07 8.5675e-10 TSX
20171210 20180820 -2.106e-05 4.5355e-10 TSX
20171221 20180911 -4.957e-05 4.4577e-10 TSX
20180112 20181003 -2.4125e-05 4.4574e-10 TSX
20180319 20180707 -2.556e-05 6.2135e-10 TSX
20180707 20180911 2.2245e-05 7.1906e-10 TSX
20180729 20181003 4.718e-05 7.1906e-10 TSX
20180820 20181003 0.00017237 7.7964e-10 TSX
20180911 20181003 -0.00010913 8.5675e-10 TSX
