20030427 20030914 0.0003584 5.6816e-10 ERS2
20030914 20080629 -0.00011309 2.779e-10 ERS2
20050918 20090510 0.00011041 3.0372e-10 ERS2
20051127 20081116 0.00020606 3.0728e-10 ERS2
20060903 20090510 5.4433e-06 3.0825e-10 ERS2
20061231 20090105 7.2895e-05 3.1516e-10 ALOS
20070402 20070703 -0.00019946 6.6923e-10 ALOS
20070518 20091008 7.1619e-05 3.0443e-10 ALOS
20070818 20071003 -0.00031496 7.8094e-10 ALOS
20071217 20100509 -1.1319e-05 2.9896e-10 ALOS
20080103 20100526 6.229e-05 2.9836e-10 ALOS
20080404 20080520 -8.3343e-05 7.81e-10 ALOS
20080618 20090921 -9.1294e-06 3.7217e-10 ALOS
20080629 20090510 -0.00014493 4.1768e-10 ERS2
20080705 20091008 0.00028391 3.6555e-10 ALOS
20080803 20090823 -9.9916e-05 3.8321e-10 ERS2
20081116 20090823 3.2819e-05 4.3223e-10 ERS2
20081219 20090921 0.00083668 4.4646e-10 ALOS
20090105 20090708 0.00017262 5.2931e-10 ALOS
20090510 20091101 4.2134e-05 5.2145e-10 ERS2
20090708 20091008 0.001014 6.6915e-10 ALOS
20090823 20091101 -0.00027447 7.0304e-10 ERS2
20091222 20100624 0.00057979 5.2574e-10 ALOS
20100108 20100223 0.0004595 7.8162e-10 ALOS
20100223 20100526 -0.00041002 6.6916e-10 ALOS
20100410 20100711 -0.0001507 6.6924e-10 ALOS
20100509 20100624 0.00098571 7.7861e-10 ALOS
20100526 20100711 0.00078727 7.8104e-10 ALOS
20100624 20101109 0.00030932 5.8471e-10 ALOS
20100711 20101011 0.00035551 6.6917e-10 ALOS
20100809 20101109 4.9096e-05 6.6584e-10 ALOS
20101011 20101126 0.0002092 7.81e-10 ALOS
20110111 20110226 0.00087564 7.809e-10 ALOS
20110924 20130715 8.9654e-05 3.2345e-10 TSX
20111005 20121229 -0.00012351 3.6878e-10 TSX
20111121 20171221 3.9205e-06 3.0143e-10 TSX
20111221 20130131 -3.2809e-05 3.8593e-10 TSX
20111224 20121027 -4.8939e-05 4.1974e-10 TSX
20120126 20140419 1.5806e-05 2.9721e-10 TSX
20120203 20160320 1.0638e-05 2.4119e-10 TSX
20120206 20171107 -5.392e-07 2.7323e-10 TSX
20120617 20171129 1.7995e-05 2.892e-10 TSX
20120723 20160120 6.3397e-05 2.597e-10 TSX
20121024 20130109 0.00013353 7.056e-10 TSX
20121027 20151226 2.0364e-05 2.8013e-10 TSX
20121030 20130311 5.1905e-05 5.8511e-10 TSX
20121107 20171118 1.4306e-05 2.9482e-10 TSX
20121221 20160208 3.75e-05 2.9832e-10 TSX
20121224 20130516 -0.00013508 5.6883e-10 TSX
20121229 20130407 4.5792e-06 6.5859e-10 TSX
20130104 20130217 8.9694e-05 7.7792e-10 TSX
20130109 20130715 0.00023677 5.2926e-10 TSX
20130112 20140511 4.2004e-05 3.5496e-10 TSX
20130115 20130721 -0.00018267 5.1422e-10 TSX
20130126 20130823 -1.0627e-05 5.3413e-10 TSX
20130131 20130429 -0.00011838 6.8117e-10 TSX
20130203 20130729 -3.4853e-06 5.2374e-10 TSX
20130211 20130919 0.00018277 4.9621e-10 TSX
20130228 20141209 0.00012535 3.1576e-10 TSX
20130311 20130801 2.0842e-05 5.6879e-10 TSX
20130316 20130623 0.00013477 6.586e-10 TSX
20130402 20150122 0.00017095 3.4686e-10 TSX
20130407 20140530 3.9484e-05 3.8125e-10 TSX
20130421 20171016 2.6718e-05 2.9317e-10 TSX
20130424 20130721 -0.00032638 6.6587e-10 TSX
20130429 20130623 -3.4313e-05 7.5975e-10 TSX
20130505 20131028 -0.00093902 6.032e-10 TSX
20130513 20151112 4.7466e-05 3.1322e-10 TSX
20130516 20131017 0.0001031 5.7617e-10 TSX
20130521 20130715 0.00043474 7.5977e-10 TSX
20130524 20171129 5.4548e-05 2.8014e-10 TSX
20130527 20140627 8.205e-05 3.8375e-10 TSX
20130601 20130930 0.00041866 6.1846e-10 TSX
20130604 20141217 6.8489e-05 3.3952e-10 TSX
20130607 20140719 4.9514e-05 3.796e-10 TSX
20130612 20150105 8.4257e-05 3.3902e-10 TSX
20130615 20160106 3.7023e-05 2.9013e-10 TSX
20130618 20140708 6.2882e-05 3.8818e-10 TSX
20130623 20130715 0.00080464 8.6826e-10 TSX
20130629 20130914 0.00074499 7.06e-10 TSX
20130707 20150130 5.0531e-05 3.3692e-10 TSX
20130710 20140901 0.00011025 3.7691e-10 TSX
20130715 20130726 -0.0025274 1.0171e-09 TSX
20130721 20131108 0.0014785 6.5264e-10 TSX
20130726 20150517 0.00010105 3.2483e-10 TSX
20130729 20160904 3.7739e-06 2.6587e-10 TSX
20130801 20151115 9.9412e-05 2.8904e-10 TSX
20130817 20140209 -3.8186e-05 5.4139e-10 TSX
20130828 20150312 0.0001178 3.4099e-10 TSX
20130903 20150329 -7.0376e-05 4.7027e-10 TSX
20130919 20160309 5.3553e-05 2.7661e-10 TSX
20130925 20140708 -7.3246e-05 4.6271e-10 TSX
20130930 20160411 2.7385e-05 2.7309e-10 TSX
20131011 20150802 0.00010282 3.2274e-10 TSX
20131017 20140719 4.6776e-05 4.5414e-10 TSX
20131028 20160304 -3.549e-05 3.4997e-10 TSX
20131102 20140519 -0.00020511 5.1743e-10 TSX
20131108 20140708 -4.057e-06 5.3222e-10 TSX
20140209 20160309 8.8002e-05 3.0652e-10 TSX
20140223 20140829 8.092e-05 5.1186e-10 TSX
20140408 20140705 4.5181e-05 6.6498e-10 TSX
20140419 20170913 4.3334e-06 3.2724e-10 TSX
20140511 20141228 9.2553e-05 4.7085e-10 TSX
20140519 20150824 0.0001364 3.6585e-10 TSX
20140624 20171005 5.5417e-05 2.9392e-10 TSX
20140627 20151115 8.076e-05 3.3975e-10 TSX
20140705 20180911 -9.1606e-06 2.7932e-10 TSX
20140708 20160406 7.0851e-05 3.1163e-10 TSX
20140716 20171005 1.6725e-05 2.8811e-10 TSX
20140719 20151207 7.8559e-05 3.4009e-10 TSX
20140727 20150326 2.3016e-05 4.6225e-10 TSX
20140810 20150122 -5.7698e-06 5.4468e-10 TSX
20140818 20160301 -1.0307e-05 3.2652e-10 TSX
20140829 20160208 -3.5624e-06 3.4239e-10 TSX
20140901 20140912 -0.00032083 9.7273e-10 TSX
20140912 20141209 -1.7739e-05 6.6587e-10 TSX
20140920 20170902 -3.0363e-06 2.7683e-10 TSX
20141209 20160211 -2.6914e-05 3.6339e-10 TSX
20141217 20160722 -3.0428e-05 3.2485e-10 TSX
20141228 20160106 -9.3681e-06 3.8195e-10 TSX
20141231 20151024 8.6521e-05 4.251e-10 TSX
20150105 20150824 -1.9559e-05 4.8657e-10 TSX
20150108 20170811 -5.4485e-06 2.9153e-10 TSX
20150119 20160117 -3.0115e-05 3.8747e-10 TSX
20150127 20160411 1.8749e-05 3.7152e-10 TSX
20150130 20151112 9.4055e-06 4.2886e-10 TSX
20150210 20170114 -2.8901e-06 3.0976e-10 TSX
20150213 20160326 0.00021471 5.0168e-10 TSX
20150218 20160216 2.465e-05 4.0301e-10 TSX
20150221 20180112 -1.2388e-05 4.3376e-10 TSX
20150304 20180911 -2.0734e-05 2.8125e-10 TSX
20150307 20160211 2.5368e-05 4.0115e-10 TSX
20150312 20160320 -5.9102e-05 3.9776e-10 TSX
20150326 20150827 -2.5685e-05 5.5104e-10 TSX
20150329 20151207 6.0546e-05 4.5498e-10 TSX
20150428 20160425 4.7565e-06 3.8679e-10 TSX
20150509 20150827 5.5411e-05 6.2063e-10 TSX
20150517 20150824 7.4079e-05 6.5874e-10 TSX
20150520 20180911 -2.3928e-06 2.6289e-10 TSX
20150714 20170822 2.8951e-06 3.0351e-10 TSX
20150725 20170924 9.6151e-06 2.9077e-10 TSX
20150802 20160309 -0.00016718 4.9628e-10 TSX
20150805 20160403 -6.4565e-05 4.6194e-10 TSX
20150816 20171107 8.2868e-06 2.8942e-10 TSX
20150824 20150915 0.00083091 8.6815e-10 TSX
20150827 20170902 -1.2088e-06 2.9688e-10 TSX
20150915 20160216 -0.00028142 5.6893e-10 TSX
20151021 20160904 -0.00011785 4.133e-10 TSX
20151101 20171016 -3.0078e-05 2.9869e-10 TSX
20151112 20160425 -8.4759e-05 5.3682e-10 TSX
20151115 20151229 6.7875e-05 7.7792e-10 TSX
20151123 20171221 -2.9609e-06 2.9502e-10 TSX
20151204 20151215 0.00015525 9.8329e-10 TSX
20151207 20160406 -0.00024449 6.028e-10 TSX
20151215 20170822 1.4346e-05 3.2205e-10 TSX
20151226 20161223 -1.9428e-05 3.9384e-10 TSX
20151229 20160211 -6.4757e-05 7.7792e-10 TSX
20160106 20161223 6.2621e-06 3.9913e-10 TSX
20160117 20160926 -8.0647e-06 4.5357e-10 TSX
20160128 20160301 -0.00015104 8.131e-10 TSX
20160208 20160312 -0.0001733 8.131e-10 TSX
20160216 20160309 -0.00043192 8.6815e-10 TSX
20160219 20180319 3.6239e-05 2.9964e-10 TSX
20160301 20161201 5.0529e-05 4.3898e-10 TSX
20160304 20160326 7.4588e-05 8.5379e-10 TSX
20160312 20180319 4.4809e-05 3.0165e-10 TSX
20160320 20160411 0.00035641 8.6816e-10 TSX
20160323 20171118 1.4763e-05 3.1691e-10 TSX
20160326 20160406 -0.00054788 9.7266e-10 TSX
20160403 20171027 1.9554e-05 3.2344e-10 TSX
20160425 20170811 6.7739e-07 3.4809e-10 TSX
20160528 20160630 2.5373e-05 8.131e-10 TSX
20160630 20171118 3.8421e-05 3.3933e-10 TSX
20160722 20161201 0.00013506 5.8275e-10 TSX
20160904 20180707 3.9936e-05 3.2443e-10 TSX
20160915 20180911 3.7209e-06 3.0171e-10 TSX
20160926 20170114 8.6607e-05 6.2061e-10 TSX
20161201 20171027 -7.4662e-06 4.0776e-10 TSX
20161223 20171107 1.0017e-05 4.0976e-10 TSX
20170114 20170902 -2.3116e-05 4.7104e-10 TSX
20170811 20171005 1.7306e-06 7.474e-10 TSX
20170822 20180707 1.3831e-05 4.1402e-10 TSX
20170913 20180707 -4.5124e-06 4.2544e-10 TSX
20170924 20180319 0.0001356 5.2384e-10 TSX
20171005 20171107 6.9804e-05 8.131e-10 TSX
20171016 20180319 0.00014942 5.5099e-10 TSX
20171027 20180911 -2.7931e-05 4.1413e-10 TSX
20171107 20171118 9.1787e-05 9.8329e-10 TSX
20171118 20171129 4.8292e-05 9.8329e-10 TSX
20171129 20171221 -4.5246e-05 8.5677e-10 TSX
20171210 20180820 -5.3981e-05 4.5392e-10 TSX
20171221 20180911 -7.9944e-05 4.4613e-10 TSX
20180112 20181003 0.00012928 4.4612e-10 TSX
20180319 20180707 -0.00025666 6.2031e-10 TSX
20180707 20180911 9.7368e-05 7.1785e-10 TSX
20180729 20181003 5.4073e-05 7.1785e-10 TSX
20180820 20181003 0.00020463 7.7893e-10 TSX
20180911 20181003 -0.00010975 8.5677e-10 TSX
