20030427 20030914 -0.00015782 5.9292e-10 ERS2
20030914 20080629 -2.6799e-05 2.6938e-10 ERS2
20050918 20090510 -1.2561e-05 3.0357e-10 ERS2
20051127 20081116 0.00018305 3.1938e-10 ERS2
20060903 20090510 -0.00022015 3.1179e-10 ERS2
20061231 20090105 0.00018251 3.246e-10 ALOS
20070402 20070703 -3.3335e-05 6.958e-10 ALOS
20070518 20091008 -5.0481e-05 3.0319e-10 ALOS
20070818 20071003 -0.00054364 7.9699e-10 ALOS
20071217 20100509 -8.5536e-05 3.0677e-10 ALOS
20080103 20100526 0.00017684 3.0805e-10 ALOS
20080404 20080520 -3.0264e-05 7.9707e-10 ALOS
20080618 20090921 -0.00018489 3.7425e-10 ALOS
20080629 20090510 -0.00069072 4.3097e-10 ERS2
20080705 20091008 -7.2935e-05 3.6718e-10 ALOS
20080803 20090823 -0.00013081 3.8962e-10 ERS2
20081116 20090823 7.197e-05 4.439e-10 ERS2
20081219 20090921 0.00018175 4.6357e-10 ALOS
20090105 20090708 0.00025988 5.4871e-10 ALOS
20090510 20091101 0.00014716 5.4427e-10 ERS2
20090708 20091008 0.00047596 6.9556e-10 ALOS
20090823 20091101 0.00047218 7.2757e-10 ERS2
20091222 20100624 0.00040447 5.5193e-10 ALOS
20100108 20100223 0.00035767 7.9767e-10 ALOS
20100223 20100526 4.0532e-06 6.9727e-10 ALOS
20100410 20100711 -0.00012405 6.9713e-10 ALOS
20100509 20100624 0.00068199 7.9501e-10 ALOS
20100526 20100711 0.00041949 7.9703e-10 ALOS
20100624 20101109 -0.00013355 6.0927e-10 ALOS
20100711 20101011 1.2146e-05 6.9522e-10 ALOS
20100809 20101109 1.6197e-05 6.9223e-10 ALOS
20101011 20101126 0.0002111 7.9702e-10 ALOS
20110111 20110226 0.00064896 7.9706e-10 ALOS
20110924 20130715 5.0617e-05 3.2367e-10 TSX
20111005 20121229 6.0197e-05 3.7449e-10 TSX
20111121 20171221 -3.3452e-05 3.3897e-10 TSX
20111221 20130131 2.7521e-05 3.8928e-10 TSX
20111224 20121027 1.6506e-05 4.3062e-10 TSX
20120126 20140419 -1.0207e-05 3.1567e-10 TSX
20120203 20160320 1.5278e-06 2.9318e-10 TSX
20120206 20171107 -7.1363e-06 3.5753e-10 TSX
20120617 20171129 -2.3125e-05 2.9718e-10 TSX
20120723 20160120 -3.938e-06 3.0846e-10 TSX
20121024 20130109 0.00019205 7.3051e-10 TSX
20121027 20151226 -1.8092e-05 3.2727e-10 TSX
20121030 20130311 5.0343e-05 6.096e-10 TSX
20121107 20171118 -3.4421e-06 3.2664e-10 TSX
20121221 20160208 -1.1106e-05 3.2652e-10 TSX
20121224 20130516 -2.7843e-05 5.9215e-10 TSX
20121229 20130407 -3.1841e-05 6.8542e-10 TSX
20130104 20130217 1.8086e-05 7.9437e-10 TSX
20130109 20130715 1.5173e-05 5.5212e-10 TSX
20130112 20140511 6.5037e-06 3.7095e-10 TSX
20130115 20130721 -0.00017419 5.3229e-10 TSX
20130126 20130823 -0.00011774 5.76e-10 TSX
20130131 20130429 -7.6124e-06 7.0728e-10 TSX
20130203 20130729 -6.9536e-05 5.4654e-10 TSX
20130211 20130919 -5.8096e-05 5.1252e-10 TSX
20130228 20141209 1.0419e-05 3.1523e-10 TSX
20130311 20130801 -6.575e-05 5.921e-10 TSX
20130316 20130623 2.4694e-05 6.8543e-10 TSX
20130402 20150122 9.1037e-05 4.2634e-10 TSX
20130407 20140530 -2.1505e-05 3.8424e-10 TSX
20130421 20171016 -1.3912e-05 3.1415e-10 TSX
20130424 20130721 -0.00024891 6.9214e-10 TSX
20130429 20130623 -9.5472e-05 7.788e-10 TSX
20130505 20131028 -0.00043926 5.6754e-10 TSX
20130513 20151112 1.9366e-05 3.204e-10 TSX
20130516 20131017 1.1217e-05 6.3915e-10 TSX
20130521 20130715 0.00018483 7.7882e-10 TSX
20130524 20171129 -5.6971e-07 3.28e-10 TSX
20130527 20140627 3.8548e-05 3.8741e-10 TSX
20130601 20130930 3.7177e-05 6.4506e-10 TSX
20130604 20141217 -2.0977e-05 3.6118e-10 TSX
20130607 20140719 1.1491e-05 3.8345e-10 TSX
20130612 20150105 -4.6855e-05 3.3879e-10 TSX
20130615 20160106 -1.3142e-06 3.442e-10 TSX
20130618 20140708 -2.5857e-05 3.9212e-10 TSX
20130623 20130715 0.00065643 8.7411e-10 TSX
20130629 20130914 5.8474e-05 7.3919e-10 TSX
20130707 20150130 1.8813e-06 3.5751e-10 TSX
20130710 20140901 -1.8346e-05 3.7973e-10 TSX
20130715 20130726 -0.0024089 1.0196e-09 TSX
20130721 20131108 0.00062366 6.8377e-10 TSX
20130726 20150517 4.8888e-06 3.3255e-10 TSX
20130729 20160904 -2.8485e-05 3.0964e-10 TSX
20130801 20151115 7.4325e-06 3.0311e-10 TSX
20130817 20140209 -5.4545e-05 5.6275e-10 TSX
20130828 20150312 8.2968e-05 3.4595e-10 TSX
20130903 20150329 -0.0001521 4.0166e-10 TSX
20130919 20160309 -1.0293e-05 3.0797e-10 TSX
20130925 20140708 -0.00022233 4.7153e-10 TSX
20130930 20160411 -6.6843e-06 2.9366e-10 TSX
20131011 20150802 3.1244e-05 3.4297e-10 TSX
20131017 20140719 7.3724e-05 5.2561e-10 TSX
20131028 20160304 0.00011129 3.0873e-10 TSX
20131102 20140519 -1.098e-05 5.362e-10 TSX
20131108 20140708 -0.0005462 4.9535e-10 TSX
20140209 20160309 1.9203e-05 3.276e-10 TSX
20140223 20140829 2.0075e-05 5.3324e-10 TSX
20140408 20140705 -3.8964e-05 6.9273e-10 TSX
20140419 20170913 2.6926e-05 2.9387e-10 TSX
20140511 20141228 6.6829e-06 4.8751e-10 TSX
20140519 20150824 -1.1199e-05 3.7105e-10 TSX
20140624 20171005 1.2365e-06 3.0993e-10 TSX
20140627 20151115 -9.1209e-05 3.5008e-10 TSX
20140705 20180911 -1.7023e-05 3.2027e-10 TSX
20140708 20160406 3.5056e-05 3.2756e-10 TSX
20140716 20171005 -1.3243e-05 3.2048e-10 TSX
20140719 20151207 -4.1557e-05 3.4948e-10 TSX
20140727 20150326 -3.5929e-05 4.7925e-10 TSX
20140810 20150122 -7.5685e-05 5.703e-10 TSX
20140818 20160301 1.5354e-05 3.5776e-10 TSX
20140829 20160208 -2.6775e-07 3.81e-10 TSX
20140901 20140912 -0.00029057 9.7597e-10 TSX
20140912 20141209 6.8056e-06 6.9212e-10 TSX
20140920 20170902 9.1606e-06 2.887e-10 TSX
20141209 20160211 -3.1892e-05 3.7007e-10 TSX
20141217 20160722 -5.5476e-06 3.6475e-10 TSX
20141228 20160106 -3.2561e-05 3.9645e-10 TSX
20141231 20151024 -2.9898e-05 4.3326e-10 TSX
20150105 20150824 -7.48e-05 5.0228e-10 TSX
20150108 20170811 1.4431e-05 3.5786e-10 TSX
20150119 20160117 4.9551e-05 3.9976e-10 TSX
20150127 20160411 2.7187e-05 3.8143e-10 TSX
20150130 20151112 1.2953e-05 4.484e-10 TSX
20150210 20170114 -8.2496e-06 3.5307e-10 TSX
20150213 20160326 0.00043546 4.1461e-10 TSX
20150218 20160216 -1.0804e-05 4.0885e-10 TSX
20150221 20180112 1.0733e-05 4.6843e-10 TSX
20150304 20180911 6.1199e-07 3.4057e-10 TSX
20150307 20160211 1.0694e-05 4.0968e-10 TSX
20150312 20160320 -9.8369e-05 4.065e-10 TSX
20150326 20150827 1.8887e-05 5.8176e-10 TSX
20150329 20151207 -3.474e-05 4.673e-10 TSX
20150428 20160425 1.8569e-05 4.1589e-10 TSX
20150509 20150827 -7.0704e-06 6.5666e-10 TSX
20150517 20150824 -0.00011496 6.8557e-10 TSX
20150520 20180911 9.1008e-06 3.5107e-10 TSX
20150714 20170822 1.0966e-05 3.5664e-10 TSX
20150725 20170924 5.2377e-06 3.4906e-10 TSX
20150802 20160309 -8.9044e-06 5.1667e-10 TSX
20150805 20160403 -5.0239e-05 5.0171e-10 TSX
20150816 20171107 1.4149e-06 3.3437e-10 TSX
20150824 20150915 0.0006667 8.7401e-10 TSX
20150827 20170902 2.722e-05 3.5716e-10 TSX
20150915 20160216 -2.1826e-05 5.9331e-10 TSX
20151021 20160904 -0.00011878 4.561e-10 TSX
20151101 20171016 1.6143e-05 3.3034e-10 TSX
20151112 20160425 3.1762e-06 5.6665e-10 TSX
20151115 20151229 0.00020666 7.9436e-10 TSX
20151123 20171221 1.0431e-05 3.2217e-10 TSX
20151204 20151215 0.00016454 9.8636e-10 TSX
20151207 20160406 -6.7421e-05 6.2828e-10 TSX
20151215 20170822 3.0436e-05 3.6646e-10 TSX
20151226 20161223 1.8537e-05 4.0948e-10 TSX
20151229 20160211 6.8596e-06 7.9436e-10 TSX
20160106 20161223 3.6637e-05 4.1473e-10 TSX
20160117 20160926 -1.2047e-05 4.7378e-10 TSX
20160128 20160301 -0.00016508 8.2462e-10 TSX
20160208 20160312 -9.7378e-05 8.2462e-10 TSX
20160216 20160309 -0.00036245 8.7401e-10 TSX
20160219 20180319 -2.3767e-05 3.3869e-10 TSX
20160301 20161201 5.1999e-05 4.5376e-10 TSX
20160304 20160326 4.3721e-05 8.6072e-10 TSX
20160312 20180319 -1.27e-05 3.4582e-10 TSX
20160320 20160411 0.00038461 8.7401e-10 TSX
20160323 20171118 -1.1042e-05 3.4851e-10 TSX
20160326 20160406 -0.00051265 9.759e-10 TSX
20160403 20171027 2.0941e-05 3.6102e-10 TSX
20160425 20170811 3.4907e-05 3.7537e-10 TSX
20160528 20160630 -3.3129e-05 8.2462e-10 TSX
20160630 20171118 1.1457e-05 3.4955e-10 TSX
20160722 20161201 0.00015838 6.0997e-10 TSX
20160904 20180707 4.5476e-05 3.424e-10 TSX
20160915 20180911 6.6841e-06 3.2253e-10 TSX
20160926 20170114 4.9083e-05 6.4872e-10 TSX
20161201 20171027 -1.219e-05 4.2315e-10 TSX
20161223 20171107 -3.6366e-05 4.3277e-10 TSX
20170114 20170902 1.3915e-05 4.9988e-10 TSX
20170811 20171005 -8.2986e-05 7.6813e-10 TSX
20170822 20180707 -4.3443e-05 4.2442e-10 TSX
20170913 20180707 -8.2775e-05 4.487e-10 TSX
20170924 20180319 -3.516e-05 5.4667e-10 TSX
20171005 20171107 4.5078e-05 8.2462e-10 TSX
20171016 20180319 -7.9153e-06 5.7625e-10 TSX
20171027 20180911 -1.6706e-05 4.2431e-10 TSX
20171107 20171118 8.6848e-05 9.8636e-10 TSX
20171118 20171129 5.6997e-05 9.8636e-10 TSX
20171129 20171221 -3.7246e-05 8.6347e-10 TSX
20171210 20180820 -3.9838e-05 4.6876e-10 TSX
20171221 20180911 -5.0125e-05 4.6004e-10 TSX
20180112 20181003 5.6105e-05 4.618e-10 TSX
20180319 20180707 -9.5755e-05 6.4869e-10 TSX
20180707 20180911 0.00022332 7.419e-10 TSX
20180729 20181003 -1.5582e-05 7.419e-10 TSX
20180820 20181003 0.00012583 7.9536e-10 TSX
20180911 20181003 -0.00019088 8.6347e-10 TSX
