20030427 20030914 -0.00053396 5.7681e-10 ERS2
20030914 20080629 7.7445e-05 2.7351e-10 ERS2
20050918 20090510 4.4026e-05 3.0322e-10 ERS2
20051127 20081116 -2.4908e-06 3.2987e-10 ERS2
20060903 20090510 -0.00015443 3.1883e-10 ERS2
20061231 20090105 -4.3936e-05 3.1426e-10 ALOS
20070402 20070703 -0.0002377 6.7941e-10 ALOS
20070518 20091008 -6.9903e-05 2.9797e-10 ALOS
20070818 20071003 -0.00041239 7.884e-10 ALOS
20071217 20100509 -9.89e-05 2.9985e-10 ALOS
20080103 20100526 2.7555e-05 2.9726e-10 ALOS
20080404 20080520 -5.9818e-05 7.884e-10 ALOS
20080618 20090921 -0.00019506 3.7495e-10 ALOS
20080629 20090510 -0.00023723 4.1321e-10 ERS2
20080705 20091008 4.9887e-05 3.6614e-10 ALOS
20080803 20090823 5.5583e-05 3.8383e-10 ERS2
20081116 20090823 6.665e-06 4.3452e-10 ERS2
20081219 20090921 0.00016164 4.4815e-10 ALOS
20090105 20090708 -3.009e-05 5.3363e-10 ALOS
20090510 20091101 -0.00080814 5.2582e-10 ERS2
20090708 20091008 0.00040036 6.7959e-10 ALOS
20090823 20091101 0.0002619 7.1208e-10 ERS2
20091222 20100624 3.8037e-05 5.3139e-10 ALOS
20100108 20100223 -0.0001296 7.8831e-10 ALOS
20100223 20100526 6.469e-05 6.7966e-10 ALOS
20100410 20100711 -8.667e-05 6.7952e-10 ALOS
20100509 20100624 0.00063933 7.8628e-10 ALOS
20100526 20100711 0.0003965 7.8841e-10 ALOS
20100624 20101109 -8.7911e-05 5.9284e-10 ALOS
20100711 20101011 -0.00011468 6.7953e-10 ALOS
20100809 20101109 -0.0001173 6.7664e-10 ALOS
20101011 20101126 0.00025333 7.8841e-10 ALOS
20110111 20110226 0.00062956 7.884e-10 ALOS
20110924 20130715 -7.0552e-06 3.2515e-10 TSX
20111005 20121229 -2.3683e-05 3.6976e-10 TSX
20111121 20171221 -2.0851e-06 2.4785e-10 TSX
20111221 20130131 -2.0566e-05 3.8672e-10 TSX
20111224 20121027 1.6024e-05 4.2081e-10 TSX
20120126 20140419 3.7793e-06 2.8818e-10 TSX
20120203 20160320 -2.9582e-05 2.4056e-10 TSX
20120206 20171107 9.8911e-06 2.5089e-10 TSX
20120617 20171129 8.0557e-06 2.5054e-10 TSX
20120723 20160120 1.4902e-05 2.5793e-10 TSX
20121024 20130109 0.00019126 7.1612e-10 TSX
20121027 20151226 7.9915e-06 2.6291e-10 TSX
20121030 20130311 5.5446e-06 5.9323e-10 TSX
20121107 20171118 -6.3272e-07 2.4966e-10 TSX
20121221 20160208 1.4887e-05 2.6419e-10 TSX
20121224 20130516 -8.5137e-05 5.7617e-10 TSX
20121229 20130407 -5.9013e-05 6.6916e-10 TSX
20130104 20130217 -7.1928e-05 7.8565e-10 TSX
20130109 20130715 -4.1648e-06 5.3387e-10 TSX
20130112 20140511 2.8344e-05 3.5508e-10 TSX
20130115 20130721 -0.00015997 5.1856e-10 TSX
20130126 20130823 -7.3903e-05 4.9496e-10 TSX
20130131 20130429 1.5061e-06 6.9192e-10 TSX
20130203 20130729 -4.4887e-05 5.2861e-10 TSX
20130211 20130919 5.5026e-05 4.9977e-10 TSX
20130228 20141209 7.3117e-06 3.1354e-10 TSX
20130311 20130801 -1.8146e-05 5.761e-10 TSX
20130316 20130623 6.4189e-06 6.6917e-10 TSX
20130402 20150122 2.1123e-05 2.8986e-10 TSX
20130407 20140530 -1.7476e-05 3.8192e-10 TSX
20130421 20171016 6.05e-06 2.4998e-10 TSX
20130424 20130721 -0.00022012 6.7655e-10 TSX
20130429 20130623 -5.7694e-05 7.6841e-10 TSX
20130505 20131028 -0.00041249 5.3121e-10 TSX
20130513 20151112 1.8913e-05 2.7711e-10 TSX
20130516 20131017 -7.8927e-05 5.5986e-10 TSX
20130521 20130715 0.00027457 7.6844e-10 TSX
20130524 20171129 7.9259e-06 2.5253e-10 TSX
20130527 20140627 -5.1964e-06 3.8513e-10 TSX
20130601 20130930 0.00020195 6.2796e-10 TSX
20130604 20141217 2.0101e-05 3.3966e-10 TSX
20130607 20140719 2.0673e-05 3.8168e-10 TSX
20130612 20150105 6.671e-06 3.3911e-10 TSX
20130615 20160106 3.4434e-05 2.7403e-10 TSX
20130618 20140708 3.1978e-05 3.8946e-10 TSX
20130623 20130715 0.00061667 8.7066e-10 TSX
20130629 20130914 0.00019679 7.0155e-10 TSX
20130707 20150130 2.2163e-05 3.3984e-10 TSX
20130710 20140901 -1.3164e-05 3.7822e-10 TSX
20130715 20130726 -0.0023542 1.0178e-09 TSX
20130721 20131108 0.00068703 6.3163e-10 TSX
20130726 20150517 -7.8084e-05 3.2373e-10 TSX
20130729 20160904 1.5141e-05 2.661e-10 TSX
20130801 20151115 1.9893e-06 2.8741e-10 TSX
20130817 20140209 -0.00013305 5.4719e-10 TSX
20130828 20150312 1.4582e-05 3.4117e-10 TSX
20130903 20150329 -0.00011344 3.1095e-10 TSX
20130919 20160309 -1.499e-05 2.7431e-10 TSX
20130925 20140708 -4.8645e-07 4.3286e-10 TSX
20130930 20160411 -3.5927e-05 2.7218e-10 TSX
20131011 20150802 -1.1208e-05 3.2084e-10 TSX
20131017 20140719 -6.4456e-05 4.4056e-10 TSX
20131028 20160304 -4.4019e-05 2.7222e-10 TSX
20131102 20140519 -5.9482e-05 5.2209e-10 TSX
20131108 20140708 -1.7342e-05 4.6529e-10 TSX
20140209 20160309 2.8594e-05 3.0759e-10 TSX
20140223 20140829 3.5721e-05 5.1593e-10 TSX
20140408 20140705 -1.6365e-05 6.7464e-10 TSX
20140419 20170913 1.7299e-05 2.605e-10 TSX
20140511 20141228 -1.2933e-05 4.7308e-10 TSX
20140519 20150824 -5.9861e-06 3.6544e-10 TSX
20140624 20171005 3.3715e-06 2.6366e-10 TSX
20140627 20151115 -4.6437e-05 3.4047e-10 TSX
20140705 20180911 1.4124e-05 2.5382e-10 TSX
20140708 20160406 -7.9829e-06 3.1181e-10 TSX
20140716 20171005 9.7113e-06 2.6548e-10 TSX
20140719 20151207 -2.2027e-05 3.405e-10 TSX
20140727 20150326 -1.4461e-05 4.6414e-10 TSX
20140810 20150122 -1.0805e-05 5.451e-10 TSX
20140818 20160301 -2.068e-05 3.2465e-10 TSX
20140829 20160208 9.8741e-07 3.3107e-10 TSX
20140901 20140912 -0.00026561 9.7406e-10 TSX
20140912 20141209 -6.838e-05 6.7655e-10 TSX
20140920 20170902 1.7765e-05 2.678e-10 TSX
20141209 20160211 -2.9001e-05 3.644e-10 TSX
20141217 20160722 -2.7841e-05 3.1904e-10 TSX
20141228 20160106 -6.8521e-06 3.8265e-10 TSX
20141231 20151024 -3.2967e-06 4.2662e-10 TSX
20150105 20150824 -3.6102e-05 4.8948e-10 TSX
20150108 20170811 4.037e-05 2.7991e-10 TSX
20150119 20160117 6.1042e-06 3.8793e-10 TSX
20150127 20160411 -1.5507e-05 3.7174e-10 TSX
20150130 20151112 -3.8461e-05 4.2982e-10 TSX
20150210 20170114 2.6907e-05 2.9907e-10 TSX
20150213 20160326 9.3195e-06 3.6873e-10 TSX
20150218 20160216 -4.6531e-06 4.0385e-10 TSX
20150221 20180112 7.5441e-05 2.5831e-10 TSX
20150304 20180911 2.0766e-05 2.6148e-10 TSX
20150307 20160211 5.7054e-06 4.0189e-10 TSX
20150312 20160320 -0.00012782 3.9857e-10 TSX
20150326 20150827 -3.703e-06 5.5664e-10 TSX
20150329 20151207 -3.455e-05 4.5711e-10 TSX
20150428 20160425 4.5656e-06 3.8751e-10 TSX
20150509 20150827 4.6546e-05 6.2911e-10 TSX
20150517 20150824 -3.0522e-05 6.6916e-10 TSX
20150520 20180911 1.1638e-05 2.6443e-10 TSX
20150714 20170822 4.9661e-05 2.9065e-10 TSX
20150725 20170924 2.5527e-05 2.9332e-10 TSX
20150802 20160309 -8.5562e-05 4.9983e-10 TSX
20150805 20160403 2.6118e-05 4.6381e-10 TSX
20150816 20171107 4.9878e-05 2.8989e-10 TSX
20150824 20150915 0.0006192 8.7055e-10 TSX
20150827 20170902 4.0379e-05 2.9651e-10 TSX
20150915 20160216 -6.8115e-05 5.7605e-10 TSX
20151021 20160904 -3.3265e-05 4.137e-10 TSX
20151101 20171016 3.2614e-05 3.0145e-10 TSX
20151112 20160425 4.9303e-06 5.4236e-10 TSX
20151115 20151229 0.00014826 7.8565e-10 TSX
20151123 20171221 5.1862e-05 2.9443e-10 TSX
20151204 20151215 0.00015526 9.8476e-10 TSX
20151207 20160406 -3.6713e-05 6.117e-10 TSX
20151215 20170822 3.9043e-05 3.1623e-10 TSX
20151226 20161223 4.7055e-05 3.9421e-10 TSX
20151229 20160211 2.4115e-05 7.8565e-10 TSX
20160106 20161223 4.1363e-05 3.9897e-10 TSX
20160117 20160926 -1.4805e-05 4.5535e-10 TSX
20160128 20160301 -0.00019729 8.1799e-10 TSX
20160208 20160312 -9.1405e-05 8.1799e-10 TSX
20160216 20160309 -0.00036639 8.7055e-10 TSX
20160219 20180319 5.238e-05 2.9648e-10 TSX
20160301 20161201 2.8888e-05 4.4045e-10 TSX
20160304 20160326 5.6075e-05 8.5701e-10 TSX
20160312 20180319 7.4771e-05 2.994e-10 TSX
20160320 20160411 0.00042429 8.7055e-10 TSX
20160323 20171118 3.0586e-05 3.172e-10 TSX
20160326 20160406 -0.00053857 9.7399e-10 TSX
20160403 20171027 4.4264e-05 3.2341e-10 TSX
20160425 20170811 3.1439e-05 3.5079e-10 TSX
20160528 20160630 1.8784e-05 8.1799e-10 TSX
20160630 20171118 3.8706e-05 3.3997e-10 TSX
20160722 20161201 4.6597e-05 5.903e-10 TSX
20160904 20180707 5.2434e-05 3.229e-10 TSX
20160915 20180911 4.3964e-05 2.9922e-10 TSX
20160926 20170114 9.2209e-06 6.2915e-10 TSX
20161201 20171027 2.0166e-05 4.0816e-10 TSX
20161223 20171107 -4.6605e-06 4.1009e-10 TSX
20170114 20170902 2.0827e-05 4.7124e-10 TSX
20170811 20171005 -6.1581e-05 7.5565e-10 TSX
20170822 20180707 3.5873e-05 4.1513e-10 TSX
20170913 20180707 2.1168e-05 4.2664e-10 TSX
20170924 20180319 8.6464e-05 5.287e-10 TSX
20171005 20171107 9.885e-06 8.1799e-10 TSX
20171016 20180319 7.2627e-05 5.572e-10 TSX
20171027 20180911 -6.2037e-06 4.1515e-10 TSX
20171107 20171118 7.5213e-05 9.8476e-10 TSX
20171118 20171129 5.1141e-05 9.8476e-10 TSX
20171129 20171221 -1.9957e-06 8.5972e-10 TSX
20171210 20180820 -6.1152e-06 4.5577e-10 TSX
20171221 20180911 -2.2441e-05 4.4783e-10 TSX
20180112 20181003 6.0778e-06 4.4773e-10 TSX
20180319 20180707 -3.3379e-05 6.2916e-10 TSX
20180707 20180911 2.1672e-05 7.2705e-10 TSX
20180729 20181003 6.7029e-05 7.2705e-10 TSX
20180820 20181003 0.00018621 7.8569e-10 TSX
20180911 20181003 -9.7767e-05 8.5973e-10 TSX
