20030427 20030914 0.00089864 5.6579e-10 ERS2
20030914 20080629 -6.0729e-05 2.8116e-10 ERS2
20050918 20090510 -8.041e-05 3.0641e-10 ERS2
20051127 20081116 -0.00014657 3.2131e-10 ERS2
20060903 20090510 -2.3861e-05 3.1526e-10 ERS2
20061231 20090105 -9.1592e-05 3.1416e-10 ALOS
20070402 20070703 1.6864e-05 6.6651e-10 ALOS
20070518 20091008 1.5891e-05 3.6155e-10 ALOS
20070818 20071003 -0.00023839 7.7554e-10 ALOS
20071217 20100509 -3.3758e-05 3.0964e-10 ALOS
20080103 20100526 7.1896e-05 3.3079e-10 ALOS
20080404 20080520 0.00011192 7.756e-10 ALOS
20080618 20090921 2.1405e-05 3.7844e-10 ALOS
20080629 20090510 -0.00038853 4.1716e-10 ERS2
20080705 20091008 0.0002969 3.7119e-10 ALOS
20080803 20090823 -5.087e-06 3.8392e-10 ERS2
20081116 20090823 9.0531e-05 4.3218e-10 ERS2
20081219 20090921 0.0009844 4.5555e-10 ALOS
20090105 20090708 0.00020715 5.3384e-10 ALOS
20090510 20091101 -0.00024631 5.2055e-10 ERS2
20090708 20091008 0.00036718 6.6683e-10 ALOS
20090823 20091101 -0.00013577 6.9851e-10 ERS2
20091222 20100624 0.00045207 5.2786e-10 ALOS
20100108 20100223 0.0005015 7.7563e-10 ALOS
20100223 20100526 -0.00011744 6.6656e-10 ALOS
20100410 20100711 -9.7973e-05 6.6704e-10 ALOS
20100509 20100624 0.00061642 7.7349e-10 ALOS
20100526 20100711 0.00034275 7.7555e-10 ALOS
20100624 20101109 8.4856e-05 5.8403e-10 ALOS
20100711 20101011 0.00014434 6.6661e-10 ALOS
20100809 20101109 -9.4255e-05 6.6365e-10 ALOS
20101011 20101126 0.00013983 7.7552e-10 ALOS
20110111 20110226 0.00048482 7.7555e-10 ALOS
20110924 20130715 3.0253e-05 3.3126e-10 TSX
20111005 20121229 -0.00011281 3.7498e-10 TSX
20111121 20171221 3.2158e-05 3.1478e-10 TSX
20111221 20130131 -3.622e-05 3.8626e-10 TSX
20111224 20121027 0.00010589 4.1999e-10 TSX
20120126 20140419 1.1688e-05 3.259e-10 TSX
20120203 20160320 0.00010005 2.7387e-10 TSX
20120206 20171107 -1.9457e-05 3.0709e-10 TSX
20120617 20171129 3.3518e-05 3.2515e-10 TSX
20120723 20160120 -1.5791e-06 3.277e-10 TSX
20121024 20130109 6.9588e-05 7.019e-10 TSX
20121027 20151226 -4.0082e-05 3.0591e-10 TSX
20121030 20130311 3.7818e-05 5.8471e-10 TSX
20121107 20171118 7.317e-06 2.8879e-10 TSX
20121221 20160208 5.8301e-05 3.0086e-10 TSX
20121224 20130516 -5.4058e-05 5.6845e-10 TSX
20121229 20130407 5.2858e-05 6.563e-10 TSX
20130104 20130217 5.5039e-05 7.7337e-10 TSX
20130109 20130715 8.2426e-05 5.3119e-10 TSX
20130112 20140511 7.2422e-05 3.792e-10 TSX
20130115 20130721 -0.00021948 5.1714e-10 TSX
20130126 20130823 -0.0002772 5.0488e-10 TSX
20130131 20130429 -9.5682e-05 6.7813e-10 TSX
20130203 20130729 6.8729e-05 5.2411e-10 TSX
20130211 20130919 -8.8293e-05 4.969e-10 TSX
20130228 20141209 -2.9985e-05 3.3222e-10 TSX
20130311 20130801 -7.1113e-05 5.6844e-10 TSX
20130316 20130623 -0.00010734 6.5652e-10 TSX
20130402 20150122 0.00013302 3.3248e-10 TSX
20130407 20140530 -7.8061e-05 3.8459e-10 TSX
20130421 20171016 0.00011878 2.7567e-10 TSX
20130424 20130721 -0.00032537 6.6445e-10 TSX
20130429 20130623 -9.7157e-05 7.5485e-10 TSX
20130505 20131028 -0.00061832 5.3495e-10 TSX
20130513 20151112 3.454e-05 3.1593e-10 TSX
20130516 20131017 -0.00027222 5.6629e-10 TSX
20130521 20130715 0.00017935 7.5474e-10 TSX
20130524 20171129 7.414e-05 2.8865e-10 TSX
20130527 20140627 -3.9516e-05 3.8654e-10 TSX
20130601 20130930 9.5101e-05 6.1754e-10 TSX
20130604 20141217 0.00012316 3.712e-10 TSX
20130607 20140719 -7.2669e-05 3.8387e-10 TSX
20130612 20150105 -4.3798e-05 3.4789e-10 TSX
20130615 20160106 7.4735e-05 3.271e-10 TSX
20130618 20140708 -6.7742e-05 3.8977e-10 TSX
20130623 20130715 0.00068566 8.625e-10 TSX
20130629 20130914 0.00016692 6.9045e-10 TSX
20130707 20150130 7.6496e-05 3.5413e-10 TSX
20130710 20140901 -3.84e-05 3.8308e-10 TSX
20130715 20130726 -0.0024997 1.0116e-09 TSX
20130721 20131108 0.00061961 6.249e-10 TSX
20130726 20150517 2.7944e-05 3.2981e-10 TSX
20130729 20160904 4.8832e-06 3.2616e-10 TSX
20130801 20151115 -2.4472e-05 3.0331e-10 TSX
20130817 20140209 -0.00010848 5.412e-10 TSX
20130828 20150312 4.329e-05 3.4227e-10 TSX
20130903 20150329 -7.6444e-05 3.2808e-10 TSX
20130919 20160309 4.6323e-05 2.937e-10 TSX
20130925 20140708 -4.6972e-05 4.3485e-10 TSX
20130930 20160411 2.1805e-06 2.8829e-10 TSX
20131011 20150802 -0.00010586 3.3144e-10 TSX
20131017 20140719 -2.0333e-05 4.3988e-10 TSX
20131028 20160304 3.1055e-05 3.2405e-10 TSX
20131102 20140519 -0.00020518 5.1729e-10 TSX
20131108 20140708 -4.5297e-05 4.6618e-10 TSX
20140209 20160309 -4.4286e-05 3.2104e-10 TSX
20140223 20140829 2.8806e-05 5.107e-10 TSX
20140408 20140705 -3.1221e-05 6.6129e-10 TSX
20140419 20170913 5.8987e-05 3.1382e-10 TSX
20140511 20141228 6.4675e-05 4.7093e-10 TSX
20140519 20150824 4.722e-05 3.7292e-10 TSX
20140624 20171005 4.7878e-05 3.1154e-10 TSX
20140627 20151115 1.9325e-05 3.5092e-10 TSX
20140705 20180911 7.2386e-05 2.6153e-10 TSX
20140708 20160406 1.0083e-05 3.2665e-10 TSX
20140716 20171005 2.4468e-05 3.1618e-10 TSX
20140719 20151207 -4.3711e-06 3.5e-10 TSX
20140727 20150326 3.3098e-05 4.6284e-10 TSX
20140810 20150122 -3.1546e-05 5.3923e-10 TSX
20140818 20160301 0.00012599 3.4631e-10 TSX
20140829 20160208 5.8379e-05 3.4929e-10 TSX
20140901 20140912 -0.00030122 9.6805e-10 TSX
20140912 20141209 1.4526e-05 6.6412e-10 TSX
20140920 20170902 9.3746e-05 2.9852e-10 TSX
20141209 20160211 -3.9475e-05 3.6654e-10 TSX
20141217 20160722 6.7254e-05 3.3285e-10 TSX
20141228 20160106 7.6251e-05 4.0165e-10 TSX
20141231 20151024 -4.3958e-06 4.2706e-10 TSX
20150105 20150824 -7.931e-05 4.8685e-10 TSX
20150108 20170811 1.8306e-05 3.0914e-10 TSX
20150119 20160117 0.00011532 3.9551e-10 TSX
20150127 20160411 -4.6705e-05 3.8089e-10 TSX
20150130 20151112 0.00011616 4.4549e-10 TSX
20150210 20170114 0.0001213 3.7449e-10 TSX
20150213 20160326 0.00018885 3.8989e-10 TSX
20150218 20160216 -3.0756e-05 4.0392e-10 TSX
20150221 20180112 8.6588e-06 3.0006e-10 TSX
20150304 20180911 1.4966e-05 3.0952e-10 TSX
20150307 20160211 -5.0552e-05 4.0187e-10 TSX
20150312 20160320 -0.00012282 4.0057e-10 TSX
20150326 20150827 9.4345e-05 5.5437e-10 TSX
20150329 20151207 -7.6239e-06 4.5594e-10 TSX
20150428 20160425 9.4528e-05 3.9825e-10 TSX
20150509 20150827 -1.1315e-05 6.2878e-10 TSX
20150517 20150824 -9.0325e-05 6.5689e-10 TSX
20150520 20180911 3.4078e-05 2.9214e-10 TSX
20150714 20170822 8.4661e-05 3.5176e-10 TSX
20150725 20170924 7.366e-05 3.1714e-10 TSX
20150802 20160309 -5.1841e-05 4.9653e-10 TSX
20150805 20160403 8.5951e-05 4.6707e-10 TSX
20150816 20171107 8.4755e-05 3.3323e-10 TSX
20150824 20150915 0.00074143 8.6229e-10 TSX
20150827 20170902 8.4977e-05 3.4077e-10 TSX
20150915 20160216 -0.00011539 5.688e-10 TSX
20151021 20160904 -8.449e-06 4.2299e-10 TSX
20151101 20171016 7.7025e-05 3.4272e-10 TSX
20151112 20160425 5.8866e-05 5.3621e-10 TSX
20151115 20151229 0.00010625 7.7335e-10 TSX
20151123 20171221 5.8403e-05 3.2958e-10 TSX
20151204 20151215 0.00016845 9.7764e-10 TSX
20151207 20160406 -8.7459e-05 6.0218e-10 TSX
20151215 20170822 7.7848e-05 3.471e-10 TSX
20151226 20161223 9.9889e-05 4.004e-10 TSX
20151229 20160211 2.3735e-05 7.7335e-10 TSX
20160106 20161223 0.00011332 4.0572e-10 TSX
20160117 20160926 8.7014e-05 4.5993e-10 TSX
20160128 20160301 -0.00018931 8.0632e-10 TSX
20160208 20160312 -5.9325e-05 8.0632e-10 TSX
20160216 20160309 -0.00042979 8.6228e-10 TSX
20160219 20180319 7.6185e-05 3.1964e-10 TSX
20160301 20161201 0.00011903 4.394e-10 TSX
20160304 20160326 0.00010649 8.4886e-10 TSX
20160312 20180319 6.6073e-05 3.0827e-10 TSX
20160320 20160411 0.00034752 8.6229e-10 TSX
20160323 20171118 7.016e-05 3.3628e-10 TSX
20160326 20160406 -0.00054726 9.6798e-10 TSX
20160403 20171027 8.6663e-05 3.5194e-10 TSX
20160425 20170811 0.00011596 3.7258e-10 TSX
20160528 20160630 2.0024e-05 8.0633e-10 TSX
20160630 20171118 0.00011169 3.6652e-10 TSX
20160722 20161201 0.00018157 5.8195e-10 TSX
20160904 20180707 6.4441e-05 3.4167e-10 TSX
20160915 20180911 2.7651e-05 3.262e-10 TSX
20160926 20170114 0.00014079 6.2084e-10 TSX
20161201 20171027 6.3277e-05 4.2121e-10 TSX
20161223 20171107 6.075e-05 4.1988e-10 TSX
20170114 20170902 -1.8783e-05 4.7549e-10 TSX
20170811 20171005 3.4191e-05 7.4131e-10 TSX
20170822 20180707 -4.9395e-05 4.1885e-10 TSX
20170913 20180707 -0.00013601 4.293e-10 TSX
20170924 20180319 1.8153e-05 5.2288e-10 TSX
20171005 20171107 4.2719e-05 8.0632e-10 TSX
20171016 20180319 4.1057e-05 5.5006e-10 TSX
20171027 20180911 -2.4207e-05 4.1355e-10 TSX
20171107 20171118 8.6188e-05 9.7764e-10 TSX
20171118 20171129 6.2977e-05 9.7764e-10 TSX
20171129 20171221 4.5769e-06 8.5043e-10 TSX
20171210 20180820 -5.0587e-05 4.54e-10 TSX
20171221 20180911 -7.2043e-05 4.4681e-10 TSX
20180112 20181003 3.0792e-05 4.4641e-10 TSX
20180319 20180707 -0.00021812 6.1791e-10 TSX
20180707 20180911 0.00026775 7.1245e-10 TSX
20180729 20181003 0.00015018 7.1245e-10 TSX
20180820 20181003 0.00023487 7.7221e-10 TSX
20180911 20181003 -0.00014547 8.5044e-10 TSX
