20030427 20030914 8.2518e-05 5.6764e-10 ERS2
20030914 20080629 -6.281e-05 2.8418e-10 ERS2
20050918 20090510 -2.7432e-06 3.0018e-10 ERS2
20051127 20081116 6.5585e-05 3.0829e-10 ERS2
20060903 20090510 -1.2453e-06 3.1063e-10 ERS2
20061231 20090105 -0.00011713 3.1388e-10 ALOS
20070402 20070703 5.6994e-05 6.718e-10 ALOS
20070518 20091008 0.00017446 3.1712e-10 ALOS
20070818 20071003 -0.00050971 7.8186e-10 ALOS
20071217 20100509 9.7866e-05 3.021e-10 ALOS
20080103 20100526 -7.2542e-05 3.1112e-10 ALOS
20080404 20080520 -8.3711e-05 7.8195e-10 ALOS
20080618 20090921 -0.00010503 3.7278e-10 ALOS
20080629 20090510 -0.00039264 4.1342e-10 ERS2
20080705 20091008 -0.00013994 3.666e-10 ALOS
20080803 20090823 -0.00011175 3.8294e-10 ERS2
20081116 20090823 4.262e-05 4.3226e-10 ERS2
20081219 20090921 0.00012135 4.5052e-10 ALOS
20090105 20090708 0.00018584 5.2848e-10 ALOS
20090510 20091101 -0.00023326 5.2175e-10 ERS2
20090708 20091008 0.00034769 6.7107e-10 ALOS
20090823 20091101 0.0003078 7.0411e-10 ERS2
20091222 20100624 0.00058351 5.3753e-10 ALOS
20100108 20100223 0.00033987 7.8271e-10 ALOS
20100223 20100526 0.00025946 6.7656e-10 ALOS
20100410 20100711 7.6946e-05 6.7294e-10 ALOS
20100509 20100624 0.00064693 7.7973e-10 ALOS
20100526 20100711 0.00037281 7.8186e-10 ALOS
20100624 20101109 -0.00015621 5.8558e-10 ALOS
20100711 20101011 -1.0298e-05 6.7047e-10 ALOS
20100809 20101109 -1.4005e-06 6.6759e-10 ALOS
20101011 20101126 0.0002226 7.8187e-10 ALOS
20110111 20110226 0.0006215 7.8186e-10 ALOS
20110924 20130715 1.7891e-05 3.235e-10 TSX
20111005 20121229 2.7018e-05 3.7762e-10 TSX
20111121 20171221 -2.4633e-05 3.2069e-10 TSX
20111221 20130131 1.3708e-05 3.8574e-10 TSX
20111224 20121027 1.7966e-05 4.1944e-10 TSX
20120126 20140419 -8.7597e-06 3.0129e-10 TSX
20120203 20160320 1.2786e-06 2.9064e-10 TSX
20120206 20171107 7.7842e-06 3.3105e-10 TSX
20120617 20171129 -6.157e-06 3.0685e-10 TSX
20120723 20160120 -0.00010375 3.3023e-10 TSX
20121024 20130109 0.00014942 7.0717e-10 TSX
20121027 20151226 -4.2066e-06 3.0896e-10 TSX
20121030 20130311 4.0858e-05 5.8637e-10 TSX
20121107 20171118 7.065e-06 2.941e-10 TSX
20121221 20160208 5.2477e-06 3.0968e-10 TSX
20121224 20130516 -1.2618e-06 5.6986e-10 TSX
20121229 20130407 -4.0761e-05 6.5993e-10 TSX
20130104 20130217 8.1607e-06 7.7937e-10 TSX
20130109 20130715 3.4484e-05 5.3329e-10 TSX
20130112 20140511 7.9274e-06 3.5704e-10 TSX
20130115 20130721 -0.00012562 5.1465e-10 TSX
20130126 20130823 0.00019452 5.128e-10 TSX
20130131 20130429 -3.2014e-05 6.8263e-10 TSX
20130203 20130729 -6.2222e-05 5.2403e-10 TSX
20130211 20130919 -6.0616e-05 4.9609e-10 TSX
20130228 20141209 4.0753e-06 3.209e-10 TSX
20130311 20130801 -4.0413e-05 5.6982e-10 TSX
20130316 20130623 1.7679e-05 6.5994e-10 TSX
20130402 20150122 -1.4335e-05 3.7969e-10 TSX
20130407 20140530 -1.6572e-05 3.8101e-10 TSX
20130421 20171016 8.0269e-06 3.1336e-10 TSX
20130424 20130721 -0.00019565 6.6802e-10 TSX
20130429 20130623 -6.9359e-05 7.6083e-10 TSX
20130505 20131028 -0.0001386 5.4024e-10 TSX
20130513 20151112 1.0068e-05 3.0315e-10 TSX
20130516 20131017 0.00018342 5.8493e-10 TSX
20130521 20130715 0.00014664 7.6085e-10 TSX
20130524 20171129 2.4479e-05 2.9559e-10 TSX
20130527 20140627 2.7554e-05 3.8346e-10 TSX
20130601 20130930 3.8666e-05 6.1943e-10 TSX
20130604 20141217 -1.3969e-05 3.4682e-10 TSX
20130607 20140719 2.4934e-05 3.7997e-10 TSX
20130612 20150105 -3.5015e-05 3.4036e-10 TSX
20130615 20160106 1.8874e-05 3.0673e-10 TSX
20130618 20140708 -2.2717e-06 3.8797e-10 TSX
20130623 20130715 0.00064471 8.6754e-10 TSX
20130629 20130914 0.00025065 7.1503e-10 TSX
20130707 20150130 9.5095e-06 3.506e-10 TSX
20130710 20140901 -1.1222e-05 3.771e-10 TSX
20130715 20130726 -0.0023858 1.0159e-09 TSX
20130721 20131108 0.00055465 6.4238e-10 TSX
20130726 20150517 -1.395e-05 3.4444e-10 TSX
20130729 20160904 -1.273e-05 2.9624e-10 TSX
20130801 20151115 -2.2606e-05 3.58e-10 TSX
20130817 20140209 -2.5081e-05 5.4155e-10 TSX
20130828 20150312 2.2562e-05 3.4583e-10 TSX
20130903 20150329 -0.00019032 3.7507e-10 TSX
20130919 20160309 1.3198e-07 3.1966e-10 TSX
20130925 20140708 -7.5229e-05 4.8337e-10 TSX
20130930 20160411 1.512e-05 3.4478e-10 TSX
20131011 20150802 2.3286e-05 3.3205e-10 TSX
20131017 20140719 4.3279e-05 5.032e-10 TSX
20131028 20160304 -2.9683e-05 3.1552e-10 TSX
20131102 20140519 2.0339e-06 5.1739e-10 TSX
20131108 20140708 -0.00038159 5.3554e-10 TSX
20140209 20160309 1.3149e-05 3.3555e-10 TSX
20140223 20140829 1.9789e-05 5.1186e-10 TSX
20140408 20140705 -3.7708e-05 6.6609e-10 TSX
20140419 20170913 8.9026e-06 3.5188e-10 TSX
20140511 20141228 -3.4881e-06 4.7114e-10 TSX
20140519 20150824 -1.1316e-05 3.7715e-10 TSX
20140624 20171005 2.5136e-06 3.1988e-10 TSX
20140627 20151115 -7.1612e-05 3.7659e-10 TSX
20140705 20180911 7.1049e-06 3.1195e-10 TSX
20140708 20160406 -5.8129e-06 3.4035e-10 TSX
20140716 20171005 9.9961e-06 3.1212e-10 TSX
20140719 20151207 -3.7833e-05 3.5099e-10 TSX
20140727 20150326 -5.7263e-06 4.6211e-10 TSX
20140810 20150122 -9.4161e-05 5.6861e-10 TSX
20140818 20160301 1.3781e-05 3.3727e-10 TSX
20140829 20160208 7.804e-06 3.4409e-10 TSX
20140901 20140912 -0.00028923 9.7216e-10 TSX
20140912 20141209 -3.9755e-06 6.6801e-10 TSX
20140920 20170902 3.2212e-05 3.1803e-10 TSX
20141209 20160211 -4.3633e-05 3.7483e-10 TSX
20141217 20160722 2.3808e-05 3.3549e-10 TSX
20141228 20160106 -1.4959e-06 3.8637e-10 TSX
20141231 20151024 -1.8377e-05 4.2742e-10 TSX
20150105 20150824 -5.5433e-05 4.8906e-10 TSX
20150108 20170811 1.0762e-05 3.0218e-10 TSX
20150119 20160117 3.8618e-05 3.9096e-10 TSX
20150127 20160411 5.657e-07 3.9523e-10 TSX
20150130 20151112 3.3789e-05 4.345e-10 TSX
20150210 20170114 2.5361e-05 3.2392e-10 TSX
20150213 20160326 5.615e-05 4.7926e-10 TSX
20150218 20160216 -8.1213e-06 4.0362e-10 TSX
20150221 20180112 -2.2649e-05 3.9697e-10 TSX
20150304 20180911 6.3381e-06 3.3e-10 TSX
20150307 20160211 -9.371e-06 4.0787e-10 TSX
20150312 20160320 -6.0002e-05 4.0109e-10 TSX
20150326 20150827 3.5738e-05 5.5522e-10 TSX
20150329 20151207 -4.1527e-05 4.5691e-10 TSX
20150428 20160425 2.4942e-05 3.9733e-10 TSX
20150509 20150827 2.4256e-05 6.247e-10 TSX
20150517 20150824 -9.9261e-05 6.6024e-10 TSX
20150520 20180911 -1.1184e-06 3.0322e-10 TSX
20150714 20170822 2.5781e-05 3.19e-10 TSX
20150725 20170924 1.5548e-05 3.2046e-10 TSX
20150802 20160309 -1.9409e-05 4.9977e-10 TSX
20150805 20160403 -4.4392e-05 4.6731e-10 TSX
20150816 20171107 1.0111e-05 3.1561e-10 TSX
20150824 20150915 0.00064524 8.6744e-10 TSX
20150827 20170902 7.3608e-06 3.2246e-10 TSX
20150915 20160216 -1.7732e-05 5.7034e-10 TSX
20151021 20160904 -7.4704e-05 4.1973e-10 TSX
20151101 20171016 2.1821e-05 3.1953e-10 TSX
20151112 20160425 -7.7235e-06 5.3792e-10 TSX
20151115 20151229 0.0002095 7.7937e-10 TSX
20151123 20171221 -3.1055e-07 3.3473e-10 TSX
20151204 20151215 0.00016431 9.8245e-10 TSX
20151207 20160406 -6.6725e-05 6.0433e-10 TSX
20151215 20170822 2.5951e-05 3.4158e-10 TSX
20151226 20161223 1.5519e-05 3.9724e-10 TSX
20151229 20160211 2.4275e-06 7.7937e-10 TSX
20160106 20161223 2.7578e-05 4.0148e-10 TSX
20160117 20160926 9.3502e-07 4.5809e-10 TSX
20160128 20160301 -0.00016591 8.1302e-10 TSX
20160208 20160312 -9.496e-05 8.1302e-10 TSX
20160216 20160309 -0.00035641 8.6744e-10 TSX
20160219 20180319 1.0356e-05 3.0903e-10 TSX
20160301 20161201 7.1039e-05 4.3966e-10 TSX
20160304 20160326 3.7374e-05 8.5383e-10 TSX
20160312 20180319 -1.5233e-06 3.17e-10 TSX
20160320 20160411 0.00037766 8.6745e-10 TSX
20160323 20171118 6.8996e-06 3.2717e-10 TSX
20160326 20160406 -0.00050861 9.7209e-10 TSX
20160403 20171027 4.5204e-05 3.463e-10 TSX
20160425 20170811 4.1053e-05 3.5933e-10 TSX
20160528 20160630 -5.4119e-05 8.1302e-10 TSX
20160630 20171118 5.4024e-05 3.4366e-10 TSX
20160722 20161201 0.00016116 5.8346e-10 TSX
20160904 20180707 8.3065e-06 3.3233e-10 TSX
20160915 20180911 -3.6868e-06 3.097e-10 TSX
20160926 20170114 3.109e-05 6.217e-10 TSX
20161201 20171027 -4.549e-06 4.1094e-10 TSX
20161223 20171107 -1.7427e-05 4.1252e-10 TSX
20170114 20170902 2.5751e-05 4.7162e-10 TSX
20170811 20171005 -8.6875e-05 7.4814e-10 TSX
20170822 20180707 -4.338e-05 4.1388e-10 TSX
20170913 20180707 -5.8382e-05 4.3033e-10 TSX
20170924 20180319 -4.0522e-05 5.2412e-10 TSX
20171005 20171107 4.5307e-05 8.1302e-10 TSX
20171016 20180319 -1.98e-05 5.5149e-10 TSX
20171027 20180911 -3.109e-05 4.139e-10 TSX
20171107 20171118 8.7652e-05 9.8245e-10 TSX
20171118 20171129 5.5584e-05 9.8245e-10 TSX
20171129 20171221 -3.886e-05 8.5625e-10 TSX
20171210 20180820 -3.6494e-05 4.5372e-10 TSX
20171221 20180911 -4.1765e-05 4.4627e-10 TSX
20180112 20181003 2.3952e-05 4.4705e-10 TSX
20180319 20180707 -8.0789e-05 6.2127e-10 TSX
20180707 20180911 0.00020988 7.1883e-10 TSX
20180729 20181003 -3.0283e-05 7.1883e-10 TSX
20180820 20181003 0.00010338 7.793e-10 TSX
20180911 20181003 -0.00018669 8.5625e-10 TSX
