20030427 20030914 -0.00028802 5.6542e-10 ERS2
20030914 20080629 -4.5125e-05 2.7767e-10 ERS2
20050918 20090510 1.0869e-05 2.9805e-10 ERS2
20051127 20081116 -0.00017057 3.1962e-10 ERS2
20060903 20090510 2.5494e-05 3.0403e-10 ERS2
20061231 20090105 0.00012155 3.16e-10 ALOS
20070402 20070703 6.0609e-05 6.6643e-10 ALOS
20070518 20091008 -2.0407e-05 3.0542e-10 ALOS
20070818 20071003 -0.00039384 7.763e-10 ALOS
20071217 20100509 -0.00017842 3.036e-10 ALOS
20080103 20100526 -7.8769e-06 3.0644e-10 ALOS
20080404 20080520 -2.4947e-05 7.7637e-10 ALOS
20080618 20090921 -0.00010406 3.7346e-10 ALOS
20080629 20090510 0.00031632 4.1234e-10 ERS2
20080705 20091008 0.00010574 3.6753e-10 ALOS
20080803 20090823 -9.1548e-06 3.8328e-10 ERS2
20081116 20090823 -7.736e-05 4.3249e-10 ERS2
20081219 20090921 8.3729e-05 4.4766e-10 ALOS
20090105 20090708 6.9744e-06 5.3102e-10 ALOS
20090510 20091101 4.4094e-05 5.1944e-10 ERS2
20090708 20091008 0.00045381 6.6609e-10 ALOS
20090823 20091101 -0.00040177 6.9857e-10 ERS2
20091222 20100624 0.00023835 5.2667e-10 ALOS
20100108 20100223 0.00058845 7.7721e-10 ALOS
20100223 20100526 8.9621e-05 6.6818e-10 ALOS
20100410 20100711 -0.00027911 6.6671e-10 ALOS
20100509 20100624 0.00061349 7.7418e-10 ALOS
20100526 20100711 0.00037904 7.7626e-10 ALOS
20100624 20101109 -0.00013306 5.8409e-10 ALOS
20100711 20101011 -0.00033454 6.6647e-10 ALOS
20100809 20101109 3.1222e-06 6.637e-10 ALOS
20101011 20101126 0.00034176 7.7628e-10 ALOS
20110111 20110226 0.00057745 7.7626e-10 ALOS
20110924 20130715 -4.3357e-06 3.2248e-10 TSX
20111005 20121229 1.8132e-05 3.694e-10 TSX
20111121 20171221 -7.4108e-06 2.3682e-10 TSX
20111221 20130131 5.4103e-06 3.8536e-10 TSX
20111224 20121027 2.0894e-05 4.19e-10 TSX
20120126 20140419 -1.7449e-05 2.9093e-10 TSX
20120203 20160320 2.0158e-05 2.5615e-10 TSX
20120206 20171107 1.9252e-06 2.5231e-10 TSX
20120617 20171129 4.6602e-06 2.465e-10 TSX
20120723 20160120 2.3745e-05 2.7301e-10 TSX
20121024 20130109 4.0674e-05 7.0208e-10 TSX
20121027 20151226 9.8723e-06 2.677e-10 TSX
20121030 20130311 3.3942e-05 5.8469e-10 TSX
20121107 20171118 1.4882e-05 2.4888e-10 TSX
20121221 20160208 1.8931e-05 2.7683e-10 TSX
20121224 20130516 -5.912e-06 5.6855e-10 TSX
20121229 20130407 1.4929e-05 6.5628e-10 TSX
20130104 20130217 5.5799e-05 7.7392e-10 TSX
20130109 20130715 -3.8065e-05 5.3013e-10 TSX
20130112 20140511 -7.0645e-06 3.5336e-10 TSX
20130115 20130721 1.0258e-05 5.1417e-10 TSX
20130126 20130823 4.4442e-05 5.0654e-10 TSX
20130131 20130429 5.2041e-05 6.7824e-10 TSX
20130203 20130729 6.5027e-07 5.2315e-10 TSX
20130211 20130919 -3.2302e-05 4.9609e-10 TSX
20130228 20141209 4.0043e-06 3.1171e-10 TSX
20130311 20130801 -3.9243e-05 5.6849e-10 TSX
20130316 20130623 5.7704e-05 6.5628e-10 TSX
20130402 20150122 -0.00010109 3.9897e-10 TSX
20130407 20140530 -3.2701e-06 3.8095e-10 TSX
20130421 20171016 9.8512e-06 2.5986e-10 TSX
20130424 20130721 -4.7493e-05 6.6411e-10 TSX
20130429 20130623 -4.7649e-05 7.5502e-10 TSX
20130505 20131028 2.8174e-05 5.5964e-10 TSX
20130513 20151112 1.7456e-05 2.8468e-10 TSX
20130516 20131017 -2.792e-05 5.7075e-10 TSX
20130521 20130715 -1.3189e-05 7.5505e-10 TSX
20130524 20171129 7.5287e-06 2.5401e-10 TSX
20130527 20140627 2.1929e-05 3.8297e-10 TSX
20130601 20130930 -5.1564e-05 6.1713e-10 TSX
20130604 20141217 1.2457e-05 3.3812e-10 TSX
20130607 20140719 4.566e-06 3.7875e-10 TSX
20130612 20150105 2.2292e-05 3.3848e-10 TSX
20130615 20160106 4.1054e-05 2.8841e-10 TSX
20130618 20140708 -2.3181e-05 3.8746e-10 TSX
20130623 20130715 0.00055638 8.6395e-10 TSX
20130629 20130914 8.8623e-05 7.0072e-10 TSX
20130707 20150130 1.1135e-05 3.3725e-10 TSX
20130710 20140901 -1.8571e-05 3.7566e-10 TSX
20130715 20130726 -0.0023903 1.0134e-09 TSX
20130721 20131108 0.00014476 6.5386e-10 TSX
20130726 20150517 3.6003e-05 3.2156e-10 TSX
20130729 20160904 1.2014e-05 2.6965e-10 TSX
20130801 20151115 6.04e-06 2.9331e-10 TSX
20130817 20140209 3.7928e-05 5.4108e-10 TSX
20130828 20150312 -2.4561e-05 3.4068e-10 TSX
20130903 20150329 1.6881e-05 3.8692e-10 TSX
20130919 20160309 1.3891e-05 2.7671e-10 TSX
20130925 20140708 4.9588e-05 4.8143e-10 TSX
20130930 20160411 2.5168e-05 2.7443e-10 TSX
20131011 20150802 -8.1437e-06 3.2347e-10 TSX
20131017 20140719 5.6088e-05 4.5786e-10 TSX
20131028 20160304 1.5612e-05 3.4172e-10 TSX
20131102 20140519 9.0535e-05 5.1726e-10 TSX
20131108 20140708 3.2271e-05 5.2125e-10 TSX
20140209 20160309 3.892e-07 3.127e-10 TSX
20140223 20140829 -3.9779e-06 5.1115e-10 TSX
20140408 20140705 2.8966e-07 6.6128e-10 TSX
20140419 20170913 2.5344e-05 2.6996e-10 TSX
20140511 20141228 1.3882e-05 4.701e-10 TSX
20140519 20150824 6.6029e-06 3.6549e-10 TSX
20140624 20171005 1.1503e-06 2.641e-10 TSX
20140627 20151115 -2.369e-07 3.4041e-10 TSX
20140705 20180911 2.8977e-06 2.5707e-10 TSX
20140708 20160406 9.152e-06 3.1048e-10 TSX
20140716 20171005 1.9934e-05 2.6637e-10 TSX
20140719 20151207 -1.2217e-05 3.406e-10 TSX
20140727 20150326 3.4693e-06 4.6159e-10 TSX
20140810 20150122 6.8354e-05 5.4438e-10 TSX
20140818 20160301 2.1583e-05 3.2763e-10 TSX
20140829 20160208 7.5288e-06 3.3288e-10 TSX
20140901 20140912 -0.00026446 9.6959e-10 TSX
20140912 20141209 -1.7753e-05 6.6411e-10 TSX
20140920 20170902 6.0475e-06 2.7598e-10 TSX
20141209 20160211 -2.1447e-05 3.6653e-10 TSX
20141217 20160722 2.1739e-05 3.2034e-10 TSX
20141228 20160106 4.1735e-05 3.8253e-10 TSX
20141231 20151024 -2.7502e-05 4.265e-10 TSX
20150105 20150824 5.1008e-07 4.8594e-10 TSX
20150108 20170811 -7.6327e-06 2.7884e-10 TSX
20150119 20160117 9.0657e-06 3.8706e-10 TSX
20150127 20160411 -7.0948e-06 3.7259e-10 TSX
20150130 20151112 1.8324e-05 4.285e-10 TSX
20150210 20170114 1.0263e-05 3.0217e-10 TSX
20150213 20160326 -0.00019796 4.022e-10 TSX
20150218 20160216 -2.8882e-05 4.0268e-10 TSX
20150221 20180112 4.0817e-05 2.8523e-10 TSX
20150304 20180911 2.7778e-06 2.6412e-10 TSX
20150307 20160211 -2.3469e-05 4.0069e-10 TSX
20150312 20160320 -1.1166e-05 3.9907e-10 TSX
20150326 20150827 3.7368e-05 5.499e-10 TSX
20150329 20151207 -2.1117e-05 4.5565e-10 TSX
20150428 20160425 2.0811e-05 3.8704e-10 TSX
20150509 20150827 1.9357e-05 6.1805e-10 TSX
20150517 20150824 -0.00017647 6.5648e-10 TSX
20150520 20180911 7.7571e-06 2.643e-10 TSX
20150714 20170822 9.4084e-06 2.9549e-10 TSX
20150725 20170924 9.8326e-06 2.925e-10 TSX
20150802 20160309 1.5916e-05 4.9605e-10 TSX
20150805 20160403 -2.7367e-05 4.614e-10 TSX
20150816 20171107 1.1101e-05 2.8889e-10 TSX
20150824 20150915 0.00048995 8.6386e-10 TSX
20150827 20170902 1.793e-05 2.9763e-10 TSX
20150915 20160216 5.9368e-05 5.6832e-10 TSX
20151021 20160904 -1.452e-05 4.1213e-10 TSX
20151101 20171016 -2.9225e-06 2.9771e-10 TSX
20151112 20160425 -2.2329e-05 5.3614e-10 TSX
20151115 20151229 9.5646e-05 7.7392e-10 TSX
20151123 20171221 8.4825e-06 2.9379e-10 TSX
20151204 20151215 0.00016295 9.7961e-10 TSX
20151207 20160406 -3.5753e-05 6.0218e-10 TSX
20151215 20170822 1.3932e-05 3.1399e-10 TSX
20151226 20161223 1.2674e-05 3.9375e-10 TSX
20151229 20160211 4.4768e-06 7.7392e-10 TSX
20160106 20161223 -1.3434e-05 3.985e-10 TSX
20160117 20160926 2.0175e-05 4.5303e-10 TSX
20160128 20160301 -0.00013924 8.0746e-10 TSX
20160208 20160312 -7.6627e-05 8.0746e-10 TSX
20160216 20160309 -0.00028858 8.6386e-10 TSX
20160219 20180319 5.2489e-06 2.9375e-10 TSX
20160301 20161201 3.6118e-05 4.3864e-10 TSX
20160304 20160326 1.9917e-05 8.5012e-10 TSX
20160312 20180319 5.7802e-06 2.973e-10 TSX
20160320 20160411 0.00035618 8.6387e-10 TSX
20160323 20171118 1.9038e-05 3.1864e-10 TSX
20160326 20160406 -0.0004849 9.6951e-10 TSX
20160403 20171027 2.0313e-05 3.2182e-10 TSX
20160425 20170811 4.1032e-05 3.4648e-10 TSX
20160528 20160630 -3.1162e-05 8.0746e-10 TSX
20160630 20171118 2.2577e-05 3.3848e-10 TSX
20160722 20161201 9.8228e-05 5.8133e-10 TSX
20160904 20180707 1.1703e-05 3.2119e-10 TSX
20160915 20180911 -2.708e-06 3.0087e-10 TSX
20160926 20170114 1.6949e-06 6.1794e-10 TSX
20161201 20171027 -4.4825e-06 4.0669e-10 TSX
20161223 20171107 -9.9313e-06 4.087e-10 TSX
20170114 20170902 3.744e-05 4.6913e-10 TSX
20170811 20171005 -4.2654e-05 7.4159e-10 TSX
20170822 20180707 -2.0612e-05 4.1316e-10 TSX
20170913 20180707 -4.387e-05 4.2483e-10 TSX
20170924 20180319 -3.1748e-05 5.2325e-10 TSX
20171005 20171107 6.5897e-05 8.0746e-10 TSX
20171016 20180319 -8.4867e-06 5.5005e-10 TSX
20171027 20180911 -1.1288e-05 4.1322e-10 TSX
20171107 20171118 7.5022e-05 9.7961e-10 TSX
20171118 20171129 5.5332e-05 9.7961e-10 TSX
20171129 20171221 -1.8167e-05 8.5204e-10 TSX
20171210 20180820 -2.0057e-05 4.5362e-10 TSX
20171221 20180911 -1.7662e-05 4.4589e-10 TSX
20180112 20181003 1.1384e-06 4.4585e-10 TSX
20180319 20180707 -5.3313e-05 6.1795e-10 TSX
20180707 20180911 0.00012043 7.1261e-10 TSX
20180729 20181003 6.2464e-05 7.1261e-10 TSX
20180820 20181003 0.00012601 7.7292e-10 TSX
20180911 20181003 -0.00010923 8.5204e-10 TSX
