20030427 20030914 0.00042099 5.6583e-10 ERS2
20030914 20080629 -0.00015359 2.814e-10 ERS2
20050918 20090510 9.2965e-05 2.9987e-10 ERS2
20051127 20081116 6.6968e-05 3.1612e-10 ERS2
20060903 20090510 -8.4938e-05 3.0869e-10 ERS2
20061231 20090105 -1.4116e-05 3.2576e-10 ALOS
20070402 20070703 -8.2593e-05 6.676e-10 ALOS
20070518 20091008 -5.6422e-06 3.132e-10 ALOS
20070818 20071003 -0.00023004 7.7515e-10 ALOS
20071217 20100509 5.0232e-06 3.0006e-10 ALOS
20080103 20100526 4.3981e-05 3.2339e-10 ALOS
20080404 20080520 0.00012074 7.7504e-10 ALOS
20080618 20090921 -1.0449e-05 3.7251e-10 ALOS
20080629 20090510 -0.00011811 4.1319e-10 ERS2
20080705 20091008 -7.0478e-05 3.6623e-10 ALOS
20080803 20090823 -1.1819e-05 3.8302e-10 ERS2
20081116 20090823 5.6519e-05 4.32e-10 ERS2
20081219 20090921 0.00024239 4.5281e-10 ALOS
20090105 20090708 -7.2165e-05 5.2939e-10 ALOS
20090510 20091101 0.00038325 5.213e-10 ERS2
20090708 20091008 0.00056594 6.6652e-10 ALOS
20090823 20091101 -0.00047817 6.9847e-10 ERS2
20091222 20100624 -9.025e-05 5.2992e-10 ALOS
20100108 20100223 -0.00066604 7.7623e-10 ALOS
20100223 20100526 -0.00013697 6.6789e-10 ALOS
20100410 20100711 -1.1891e-05 6.6858e-10 ALOS
20100509 20100624 0.00052238 7.7306e-10 ALOS
20100526 20100711 0.00046686 7.7491e-10 ALOS
20100624 20101109 6.5862e-05 5.8397e-10 ALOS
20100711 20101011 -3.8764e-05 6.6587e-10 ALOS
20100809 20101109 -1.8682e-05 6.6354e-10 ALOS
20101011 20101126 0.0001136 7.7503e-10 ALOS
20110111 20110226 0.00057275 7.7502e-10 ALOS
20110924 20130715 4.2964e-05 3.2363e-10 TSX
20111005 20121229 2.5513e-05 3.6882e-10 TSX
20111121 20171221 6.642e-05 3.0786e-10 TSX
20111221 20130131 1.779e-05 3.8538e-10 TSX
20111224 20121027 0.00010425 4.1952e-10 TSX
20120126 20140419 -2.0568e-05 2.9743e-10 TSX
20120203 20160320 1.5984e-05 2.7393e-10 TSX
20120206 20171107 8.9606e-05 2.8189e-10 TSX
20120617 20171129 4.4145e-05 2.9937e-10 TSX
20120723 20160120 7.4174e-05 3.0806e-10 TSX
20121024 20130109 0.00010567 7.0154e-10 TSX
20121027 20151226 6.0418e-05 3.0344e-10 TSX
20121030 20130311 -2.485e-05 5.8465e-10 TSX
20121107 20171118 0.00011933 3.0021e-10 TSX
20121221 20160208 7.4959e-05 2.9217e-10 TSX
20121224 20130516 -4.4116e-05 5.6849e-10 TSX
20121229 20130407 -3.1329e-05 6.5607e-10 TSX
20130104 20130217 -8.3042e-05 7.7304e-10 TSX
20130109 20130715 -4.0523e-05 5.3034e-10 TSX
20130112 20140511 -2.8483e-05 3.5473e-10 TSX
20130115 20130721 -0.00012383 5.1404e-10 TSX
20130126 20130823 -7.3193e-06 5.0924e-10 TSX
20130131 20130429 -0.00013267 6.7795e-10 TSX
20130203 20130729 0.00012079 5.2313e-10 TSX
20130211 20130919 0.00011043 4.9597e-10 TSX
20130228 20141209 6.2341e-05 3.1842e-10 TSX
20130311 20130801 3.1185e-05 5.6844e-10 TSX
20130316 20130623 1.6068e-05 6.5608e-10 TSX
20130402 20150122 9.4778e-05 3.6877e-10 TSX
20130407 20140530 -9.2839e-06 3.8102e-10 TSX
20130421 20171016 0.00011376 2.8736e-10 TSX
20130424 20130721 -0.00021083 6.6401e-10 TSX
20130429 20130623 1.2441e-05 7.5401e-10 TSX
20130505 20131028 -0.00044644 5.4949e-10 TSX
20130513 20151112 9.3934e-05 3.033e-10 TSX
20130516 20131017 1.0819e-05 5.8241e-10 TSX
20130521 20130715 0.00020784 7.5404e-10 TSX
20130524 20171129 0.00012204 2.6133e-10 TSX
20130527 20140627 -6.4316e-06 3.8363e-10 TSX
20130601 20130930 0.00015946 6.1699e-10 TSX
20130604 20141217 7.604e-05 3.3865e-10 TSX
20130607 20140719 8.1277e-05 3.7963e-10 TSX
20130612 20150105 3.009e-05 3.3873e-10 TSX
20130615 20160106 7.1754e-05 3.0059e-10 TSX
20130618 20140708 5.5811e-05 3.8822e-10 TSX
20130623 20130715 0.00064351 8.6115e-10 TSX
20130629 20130914 0.00020553 6.9473e-10 TSX
20130707 20150130 3.3051e-05 3.3936e-10 TSX
20130710 20140901 2.7879e-05 3.7603e-10 TSX
20130715 20130726 -0.0023526 1.0101e-09 TSX
20130721 20131108 0.00076135 6.4216e-10 TSX
20130726 20150517 2.4733e-05 3.2309e-10 TSX
20130729 20160904 2.9061e-05 3.0422e-10 TSX
20130801 20151115 0.00010295 3.3109e-10 TSX
20130817 20140209 4.8711e-05 5.4095e-10 TSX
20130828 20150312 2.5469e-05 3.3971e-10 TSX
20130903 20150329 -0.00014192 3.8316e-10 TSX
20130919 20160309 1.0374e-05 3.1678e-10 TSX
20130925 20140708 0.00011873 4.4153e-10 TSX
20130930 20160411 9.7527e-05 3.0711e-10 TSX
20131011 20150802 -1.0634e-05 3.3767e-10 TSX
20131017 20140719 -9.0198e-05 4.4406e-10 TSX
20131028 20160304 3.2667e-05 3.9944e-10 TSX
20131102 20140519 -0.00032654 5.1711e-10 TSX
20131108 20140708 7.8918e-05 4.9383e-10 TSX
20140209 20160309 2.0341e-05 3.5474e-10 TSX
20140223 20140829 7.9715e-05 5.1109e-10 TSX
20140408 20140705 1.2047e-05 6.6124e-10 TSX
20140419 20170913 4.917e-05 3.1056e-10 TSX
20140511 20141228 0.00016561 4.7017e-10 TSX
20140519 20150824 0.00015585 3.7299e-10 TSX
20140624 20171005 7.5051e-05 3.0284e-10 TSX
20140627 20151115 0.00011557 3.5125e-10 TSX
20140705 20180911 7.8309e-05 2.8612e-10 TSX
20140708 20160406 5.758e-05 3.3304e-10 TSX
20140716 20171005 0.00010903 3.1298e-10 TSX
20140719 20151207 8.2826e-05 3.6035e-10 TSX
20140727 20150326 2.3998e-05 4.6152e-10 TSX
20140810 20150122 5.9679e-05 5.3932e-10 TSX
20140818 20160301 0.00011125 3.3722e-10 TSX
20140829 20160208 9.8833e-05 3.4732e-10 TSX
20140901 20140912 -0.00031341 9.6702e-10 TSX
20140912 20141209 7.8697e-05 6.6401e-10 TSX
20140920 20170902 0.00012086 3.1062e-10 TSX
20141209 20160211 4.7499e-05 3.8103e-10 TSX
20141217 20160722 6.5462e-05 3.4736e-10 TSX
20141228 20160106 0.00011749 3.8614e-10 TSX
20141231 20151024 0.0001063 4.346e-10 TSX
20150105 20150824 5.0434e-06 4.9213e-10 TSX
20150108 20170811 2.9614e-05 2.9361e-10 TSX
20150119 20160117 0.00014919 3.9321e-10 TSX
20150127 20160411 0.00011331 3.8845e-10 TSX
20150130 20151112 0.00015321 4.3129e-10 TSX
20150210 20170114 0.00011553 3.2836e-10 TSX
20150213 20160326 -0.00019865 3.9933e-10 TSX
20150218 20160216 9.5259e-05 4.0855e-10 TSX
20150221 20180112 0.0001512 3.0946e-10 TSX
20150304 20180911 0.00011938 3.0545e-10 TSX
20150307 20160211 9.7782e-05 4.0914e-10 TSX
20150312 20160320 3.0825e-05 4.0574e-10 TSX
20150326 20150827 0.00023337 5.5133e-10 TSX
20150329 20151207 8.1708e-05 4.5685e-10 TSX
20150428 20160425 0.00015444 3.9071e-10 TSX
20150509 20150827 0.00022262 6.2138e-10 TSX
20150517 20150824 6.0399e-05 6.5798e-10 TSX
20150520 20180911 6.1133e-05 3.2282e-10 TSX
20150714 20170822 0.00012868 3.1047e-10 TSX
20150725 20170924 0.00012473 3.0582e-10 TSX
20150802 20160309 7.5198e-05 4.9604e-10 TSX
20150805 20160403 9.3497e-05 4.6271e-10 TSX
20150816 20171107 0.00013987 2.931e-10 TSX
20150824 20150915 0.00075252 8.6105e-10 TSX
20150827 20170902 0.00015276 3.2132e-10 TSX
20150915 20160216 -8.1564e-05 5.682e-10 TSX
20151021 20160904 6.6324e-05 4.1288e-10 TSX
20151101 20171016 0.00013399 3.1328e-10 TSX
20151112 20160425 7.3473e-06 5.3619e-10 TSX
20151115 20151229 0.0001837 7.7304e-10 TSX
20151123 20171221 9.0059e-05 3.1153e-10 TSX
20151204 20151215 0.00018658 9.7698e-10 TSX
20151207 20160406 -4.8346e-05 6.0214e-10 TSX
20151215 20170822 0.00012801 3.1485e-10 TSX
20151226 20161223 0.00014226 3.9438e-10 TSX
20151229 20160211 1.6647e-05 7.7304e-10 TSX
20160106 20161223 0.00016504 3.986e-10 TSX
20160117 20160926 0.00015795 4.5365e-10 TSX
20160128 20160301 -0.0002472 8.06e-10 TSX
20160208 20160312 -4.418e-05 8.06e-10 TSX
20160216 20160309 -0.0004089 8.6105e-10 TSX
20160219 20180319 5.2828e-05 2.9722e-10 TSX
20160301 20161201 0.00021169 4.3859e-10 TSX
20160304 20160326 5.7958e-05 8.481e-10 TSX
20160312 20180319 4.0807e-05 3.0195e-10 TSX
20160320 20160411 0.00041596 8.6106e-10 TSX
20160323 20171118 0.00012772 3.1919e-10 TSX
20160326 20160406 -0.0005292 9.6695e-10 TSX
20160403 20171027 0.00013295 3.2657e-10 TSX
20160425 20170811 0.00017508 3.5448e-10 TSX
20160528 20160630 0.00010401 8.06e-10 TSX
20160630 20171118 0.0001276 3.4069e-10 TSX
20160722 20161201 0.00029752 5.8131e-10 TSX
20160904 20180707 2.7964e-05 3.252e-10 TSX
20160915 20180911 4.7802e-05 3.0282e-10 TSX
20160926 20170114 5.6247e-05 6.1794e-10 TSX
20161201 20171027 9.5499e-05 4.0779e-10 TSX
20161223 20171107 5.1483e-05 4.1032e-10 TSX
20170114 20170902 0.00011142 4.694e-10 TSX
20170811 20171005 -1.964e-05 7.4108e-10 TSX
20170822 20180707 -0.00014228 4.1365e-10 TSX
20170913 20180707 -0.00020002 4.2563e-10 TSX
20170924 20180319 -0.00020028 5.2319e-10 TSX
20171005 20171107 4.4989e-05 8.06e-10 TSX
20171016 20180319 -0.00017948 5.5007e-10 TSX
20171027 20180911 -5.4906e-05 4.1375e-10 TSX
20171107 20171118 8.1663e-05 9.7698e-10 TSX
20171118 20171129 4.343e-05 9.7698e-10 TSX
20171129 20171221 8.2061e-06 8.4995e-10 TSX
20171210 20180820 -4.2266e-05 4.5346e-10 TSX
20171221 20180911 -4.9661e-05 4.4583e-10 TSX
20180112 20181003 9.0628e-06 4.4584e-10 TSX
20180319 20180707 -2.6227e-05 6.1796e-10 TSX
20180707 20180911 0.00042294 7.1236e-10 TSX
20180729 20181003 0.00014244 7.1236e-10 TSX
20180820 20181003 0.00019472 7.7201e-10 TSX
20180911 20181003 -0.00018954 8.4995e-10 TSX
