20030427 20030914 0.00049529 5.6729e-10 ERS2
20030914 20080629 2.726e-05 2.704e-10 ERS2
20050918 20090510 -6.7071e-05 2.965e-10 ERS2
20051127 20081116 -0.00016618 3.0812e-10 ERS2
20060903 20090510 -7.6054e-05 3.1075e-10 ERS2
20061231 20090105 0.00010998 3.1392e-10 ALOS
20070402 20070703 -0.00023252 6.6711e-10 ALOS
20070518 20091008 -1.0822e-06 2.984e-10 ALOS
20070818 20071003 -0.00033353 7.7755e-10 ALOS
20071217 20100509 -4.2316e-05 3.0037e-10 ALOS
20080103 20100526 9.3535e-05 2.9844e-10 ALOS
20080404 20080520 -6.1612e-05 7.7757e-10 ALOS
20080618 20090921 -5.2246e-05 3.7266e-10 ALOS
20080629 20090510 -0.00030149 4.1216e-10 ERS2
20080705 20091008 1.4266e-05 3.6474e-10 ALOS
20080803 20090823 -4.038e-05 3.8304e-10 ERS2
20081116 20090823 2.7726e-05 4.3205e-10 ERS2
20081219 20090921 0.0003343 4.46e-10 ALOS
20090105 20090708 0.0001265 5.28e-10 ALOS
20090510 20091101 0.00037225 5.2075e-10 ERS2
20090708 20091008 0.00058318 6.6701e-10 ALOS
20090823 20091101 -0.00018124 6.9967e-10 ERS2
20091222 20100624 0.00039449 5.2602e-10 ALOS
20100108 20100223 0.00043888 7.7776e-10 ALOS
20100223 20100526 -0.00021507 6.6797e-10 ALOS
20100410 20100711 -0.00015701 6.6729e-10 ALOS
20100509 20100624 0.00088063 7.7535e-10 ALOS
20100526 20100711 0.00070201 7.7761e-10 ALOS
20100624 20101109 0.00011428 5.8425e-10 ALOS
20100711 20101011 0.00014462 6.6705e-10 ALOS
20100809 20101109 -3.6905e-05 6.6419e-10 ALOS
20101011 20101126 0.00014124 7.7761e-10 ALOS
20110111 20110226 0.00079695 7.7755e-10 ALOS
20110924 20130715 0.00010558 3.2309e-10 TSX
20111005 20121229 -5.3766e-05 3.6869e-10 TSX
20111121 20171221 -3.3588e-05 2.7191e-10 TSX
20111221 20130131 5.3463e-05 3.8548e-10 TSX
20111224 20121027 -2.8936e-05 4.1953e-10 TSX
20120126 20140419 -1.0773e-05 2.9426e-10 TSX
20120203 20160320 2.1408e-05 2.7812e-10 TSX
20120206 20171107 -1.9522e-05 2.5514e-10 TSX
20120617 20171129 -1.8388e-05 2.734e-10 TSX
20120723 20160120 1.9202e-05 2.7709e-10 TSX
20121024 20130109 0.00010587 7.0291e-10 TSX
20121027 20151226 -4.1916e-05 2.7089e-10 TSX
20121030 20130311 3.3741e-05 5.8477e-10 TSX
20121107 20171118 -7.7548e-06 2.8482e-10 TSX
20121221 20160208 -7.9712e-06 2.7977e-10 TSX
20121224 20130516 -6.9167e-05 5.686e-10 TSX
20121229 20130407 8.2414e-05 6.5689e-10 TSX
20130104 20130217 9.8162e-05 7.7485e-10 TSX
20130109 20130715 0.00023531 5.288e-10 TSX
20130112 20140511 -2.6912e-05 3.5483e-10 TSX
20130115 20130721 -0.0001377 5.1403e-10 TSX
20130126 20130823 0.00016926 5.3095e-10 TSX
20130131 20130429 -8.8271e-05 6.7901e-10 TSX
20130203 20130729 -3.492e-05 5.2335e-10 TSX
20130211 20130919 0.00014259 4.9605e-10 TSX
20130228 20141209 4.0787e-05 3.125e-10 TSX
20130311 20130801 4.6419e-05 5.6856e-10 TSX
20130316 20130623 0.00012185 6.569e-10 TSX
20130402 20150122 1.5057e-05 3.6405e-10 TSX
20130407 20140530 -3.195e-06 3.8076e-10 TSX
20130421 20171016 -9.132e-06 2.9183e-10 TSX
20130424 20130721 -0.00029142 6.6437e-10 TSX
20130429 20130623 -4.9746e-05 7.5635e-10 TSX
20130505 20131028 -0.00060563 5.8201e-10 TSX
20130513 20151112 -3.7448e-05 2.8963e-10 TSX
20130516 20131017 -4.8271e-05 5.7851e-10 TSX
20130521 20130715 0.00038491 7.5637e-10 TSX
20130524 20171129 -1.5545e-05 2.9443e-10 TSX
20130527 20140627 2.4474e-05 3.8345e-10 TSX
20130601 20130930 0.00031063 6.1749e-10 TSX
20130604 20141217 -1.1118e-05 3.5036e-10 TSX
20130607 20140719 3.7926e-05 3.802e-10 TSX
20130612 20150105 2.2216e-05 3.3779e-10 TSX
20130615 20160106 -2.6044e-05 2.8544e-10 TSX
20130618 20140708 1.8965e-05 3.88e-10 TSX
20130623 20130715 0.00077452 8.655e-10 TSX
20130629 20130914 0.00053191 7.1298e-10 TSX
20130707 20150130 -1.3145e-05 3.3712e-10 TSX
20130710 20140901 4.8434e-05 3.7677e-10 TSX
20130715 20130726 -0.0025181 1.0149e-09 TSX
20130721 20131108 0.0014391 6.3767e-10 TSX
20130726 20150517 3.817e-05 3.2109e-10 TSX
20130729 20160904 -5.5731e-05 2.8056e-10 TSX
20130801 20151115 8.8477e-06 3.085e-10 TSX
20130817 20140209 2.5741e-06 5.4119e-10 TSX
20130828 20150312 3.0787e-05 3.4113e-10 TSX
20130903 20150329 -0.00010502 3.7797e-10 TSX
20130919 20160309 8.0809e-06 2.9529e-10 TSX
20130925 20140708 -5.8718e-05 4.6359e-10 TSX
20130930 20160411 1.8036e-05 2.7864e-10 TSX
20131011 20150802 3.9229e-05 3.1958e-10 TSX
20131017 20140719 6.1982e-05 4.7098e-10 TSX
20131028 20160304 -3.7585e-05 3.5404e-10 TSX
20131102 20140519 -0.0001457 5.1727e-10 TSX
20131108 20140708 -9.0484e-05 5.1448e-10 TSX
20140209 20160309 1.9568e-05 3.2412e-10 TSX
20140223 20140829 2.943e-05 5.1131e-10 TSX
20140408 20140705 3.5975e-05 6.6234e-10 TSX
20140419 20170913 5.3479e-06 2.9692e-10 TSX
20140511 20141228 5.9226e-05 4.7035e-10 TSX
20140519 20150824 7.9888e-05 3.6482e-10 TSX
20140624 20171005 1.2567e-05 3.0734e-10 TSX
20140627 20151115 -4.4586e-06 3.4024e-10 TSX
20140705 20180911 -4.4387e-06 2.7056e-10 TSX
20140708 20160406 1.0298e-05 3.2129e-10 TSX
20140716 20171005 -2.0482e-05 2.9428e-10 TSX
20140719 20151207 -9.4675e-06 3.4074e-10 TSX
20140727 20150326 2.0742e-07 4.6176e-10 TSX
20140810 20150122 -3.8707e-05 5.4129e-10 TSX
20140818 20160301 -4.1206e-05 3.2548e-10 TSX
20140829 20160208 -4.5552e-05 3.3288e-10 TSX
20140901 20140912 -0.00031938 9.7067e-10 TSX
20140912 20141209 -7.5765e-05 6.6437e-10 TSX
20140920 20170902 -2.0028e-05 3.0276e-10 TSX
20141209 20160211 -3.4046e-05 3.6401e-10 TSX
20141217 20160722 -3.1479e-05 3.2054e-10 TSX
20141228 20160106 -2.6457e-05 3.8175e-10 TSX
20141231 20151024 8.001e-05 4.2504e-10 TSX
20150105 20150824 1.3377e-05 4.8673e-10 TSX
20150108 20170811 -2.7021e-05 3.0793e-10 TSX
20150119 20160117 -1.5804e-05 3.8707e-10 TSX
20150127 20160411 2.8847e-05 3.7114e-10 TSX
20150130 20151112 8.9801e-06 4.2845e-10 TSX
20150210 20170114 -1.9559e-05 3.2237e-10 TSX
20150213 20160326 0.00011923 3.9926e-10 TSX
20150218 20160216 3.3336e-05 4.0459e-10 TSX
20150221 20180112 -6.7027e-05 3.8933e-10 TSX
20150304 20180911 -3.6314e-05 3.1338e-10 TSX
20150307 20160211 1.8789e-05 4.006e-10 TSX
20150312 20160320 1.4857e-05 3.9798e-10 TSX
20150326 20150827 -3.8084e-05 5.5012e-10 TSX
20150329 20151207 -1.9435e-05 4.5497e-10 TSX
20150428 20160425 4.953e-06 3.8768e-10 TSX
20150509 20150827 1.6126e-05 6.1863e-10 TSX
20150517 20150824 5.9144e-05 6.5683e-10 TSX
20150520 20180911 -1.9914e-05 2.8194e-10 TSX
20150714 20170822 -1.4594e-05 3.1037e-10 TSX
20150725 20170924 -6.0247e-07 3.0675e-10 TSX
20150802 20160309 -0.00017625 4.9625e-10 TSX
20150805 20160403 -5.5243e-05 4.6128e-10 TSX
20150816 20171107 -2.245e-05 3.1284e-10 TSX
20150824 20150915 0.00083276 8.654e-10 TSX
20150827 20170902 -5.4207e-06 3.1149e-10 TSX
20150915 20160216 -0.00031023 5.684e-10 TSX
20151021 20160904 -0.00010381 4.1314e-10 TSX
20151101 20171016 -2.7564e-05 3.2105e-10 TSX
20151112 20160425 -9.8153e-05 5.3639e-10 TSX
20151115 20151229 9.7147e-05 7.7485e-10 TSX
20151123 20171221 -1.6742e-05 3.2307e-10 TSX
20151204 20151215 0.00015151 9.8123e-10 TSX
20151207 20160406 -0.00012823 6.0229e-10 TSX
20151215 20170822 1.5904e-05 3.3215e-10 TSX
20151226 20161223 -6.0885e-06 3.938e-10 TSX
20151229 20160211 -6.7958e-05 7.7485e-10 TSX
20160106 20161223 2.6146e-05 3.9863e-10 TSX
20160117 20160926 -2.2092e-05 4.5348e-10 TSX
20160128 20160301 -0.00011853 8.0962e-10 TSX
20160208 20160312 -0.00017015 8.0962e-10 TSX
20160216 20160309 -0.00041623 8.654e-10 TSX
20160219 20180319 1.4474e-05 3.1054e-10 TSX
20160301 20161201 2.2778e-05 4.3874e-10 TSX
20160304 20160326 7.9456e-05 8.5124e-10 TSX
20160312 20180319 2.4284e-05 3.11e-10 TSX
20160320 20160411 0.00036549 8.6541e-10 TSX
20160323 20171118 -1.0941e-05 3.2147e-10 TSX
20160326 20160406 -0.00055904 9.706e-10 TSX
20160403 20171027 -7.3587e-06 3.3395e-10 TSX
20160425 20170811 5.2971e-06 3.4912e-10 TSX
20160528 20160630 1.9886e-05 8.0962e-10 TSX
20160630 20171118 8.3455e-06 3.3969e-10 TSX
20160722 20161201 0.00010539 5.8175e-10 TSX
20160904 20180707 -2.5134e-06 3.2241e-10 TSX
20160915 20180911 -4.0059e-05 3.0267e-10 TSX
20160926 20170114 7.8057e-05 6.1893e-10 TSX
20161201 20171027 -1.4322e-05 4.0766e-10 TSX
20161223 20171107 -3.2646e-06 4.1179e-10 TSX
20170114 20170902 1.3472e-05 4.7565e-10 TSX
20170811 20171005 -6.9671e-06 7.4353e-10 TSX
20170822 20180707 -6.1691e-05 4.139e-10 TSX
20170913 20180707 -8.7937e-05 4.2516e-10 TSX
20170924 20180319 8.7414e-05 5.2344e-10 TSX
20171005 20171107 6.7041e-05 8.0962e-10 TSX
20171016 20180319 9.4841e-05 5.5039e-10 TSX
20171027 20180911 -7.2799e-05 4.1384e-10 TSX
20171107 20171118 8.6179e-05 9.8123e-10 TSX
20171118 20171129 4.4969e-05 9.8123e-10 TSX
20171129 20171221 -4.5066e-05 8.5398e-10 TSX
20171210 20180820 -0.00010986 4.536e-10 TSX
20171221 20180911 -5.4792e-05 4.4586e-10 TSX
20180112 20181003 7.9771e-05 4.4595e-10 TSX
20180319 20180707 -0.00027673 6.1862e-10 TSX
20180707 20180911 0.00010681 7.1426e-10 TSX
20180729 20181003 2.7463e-05 7.1426e-10 TSX
20180820 20181003 0.00019985 7.7507e-10 TSX
20180911 20181003 -0.00011502 8.5399e-10 TSX
