20030427 20030914 -0.00026642 5.8484e-10 ERS2
20030914 20080629 -0.0001414 2.9057e-10 ERS2
20050918 20090510 -1.8246e-05 3.0863e-10 ERS2
20051127 20081116 -0.00010531 3.1369e-10 ERS2
20060903 20090510 -0.00039791 3.1508e-10 ERS2
20061231 20090105 4.7641e-05 4.0335e-10 ALOS
20070402 20070703 -0.00010254 7.2054e-10 ALOS
20070518 20091008 -0.00022704 3.7486e-10 ALOS
20070818 20071003 -0.00035305 8.0993e-10 ALOS
20071217 20100509 -0.00012392 3.9131e-10 ALOS
20080103 20100526 0.00015841 4.0248e-10 ALOS
20080404 20080520 2.1155e-06 8.0909e-10 ALOS
20080618 20090921 -6.8037e-05 4.2162e-10 ALOS
20080629 20090510 -0.00076617 4.2528e-10 ERS2
20080705 20091008 -0.00012713 4.12e-10 ALOS
20080803 20090823 -6.1586e-05 3.928e-10 ERS2
20081116 20090823 8.7939e-05 4.4392e-10 ERS2
20081219 20090921 3.0775e-05 5.0916e-10 ALOS
20090105 20090708 7.0092e-06 5.9376e-10 ALOS
20090510 20091101 -0.00042219 5.3738e-10 ERS2
20090708 20091008 0.00016535 7.1854e-10 ALOS
20090823 20091101 0.00078067 7.2109e-10 ERS2
20091222 20100624 1.9238e-05 6.0442e-10 ALOS
20100108 20100223 0.00033711 8.1117e-10 ALOS
20100223 20100526 -0.00013647 7.3254e-10 ALOS
20100410 20100711 0.00010651 7.2409e-10 ALOS
20100509 20100624 0.00063614 8.0633e-10 ALOS
20100526 20100711 0.00045118 8.0973e-10 ALOS
20100624 20101109 -0.00014005 6.4021e-10 ALOS
20100711 20101011 -0.00024716 7.2112e-10 ALOS
20100809 20101109 -0.0001189 7.1633e-10 ALOS
20101011 20101126 0.00026613 8.092e-10 ALOS
20110111 20110226 0.00057518 8.0947e-10 ALOS
20110924 20130715 -1.3957e-05 4.6135e-10 TSX
20111005 20121229 -2.5347e-05 4.7511e-10 TSX
20111121 20171221 -1.6073e-05 4.2943e-10 TSX
20111221 20130131 -1.4435e-05 4.5129e-10 TSX
20111224 20121027 -9.4222e-05 4.3142e-10 TSX
20120126 20140419 -4.6798e-05 3.6821e-10 TSX
20120203 20160320 -4.4619e-06 4.606e-10 TSX
20120206 20171107 2.911e-05 4.4694e-10 TSX
20120617 20171129 1.5627e-05 4.9936e-10 TSX
20120723 20160120 1.1999e-05 4.6004e-10 TSX
20121024 20130109 1.9089e-05 7.5227e-10 TSX
20121027 20151226 5.4656e-05 4.8256e-10 TSX
20121030 20130311 5.7343e-05 6.3213e-10 TSX
20121107 20171118 -1.9362e-05 3.5114e-10 TSX
20121221 20160208 -8.4622e-05 4.4163e-10 TSX
20121224 20130516 8.8901e-06 6.1714e-10 TSX
20121229 20130407 2.2435e-05 7.1442e-10 TSX
20130104 20130217 6.1552e-05 8.0256e-10 TSX
20130109 20130715 9.2837e-05 6.3244e-10 TSX
20130112 20140511 -6.6448e-05 3.8818e-10 TSX
20130115 20130721 -7.5947e-05 5.6524e-10 TSX
20130126 20130823 -0.00026553 5.6411e-10 TSX
20130131 20130429 8.4383e-05 7.3192e-10 TSX
20130203 20130729 1.2113e-06 5.4907e-10 TSX
20130211 20130919 -9.5604e-06 5.9652e-10 TSX
20130228 20141209 5.2208e-06 4.1319e-10 TSX
20130311 20130801 -9.8664e-05 6.1753e-10 TSX
20130316 20130623 -1.1774e-05 7.15e-10 TSX
20130402 20150122 8.0457e-05 5.4956e-10 TSX
20130407 20140530 4.4775e-05 4.7514e-10 TSX
20130421 20171016 -9.8337e-06 5.7434e-10 TSX
20130424 20130721 -0.00012571 7.106e-10 TSX
20130429 20130623 -0.00012188 7.947e-10 TSX
20130505 20131028 -0.00012682 6.4178e-10 TSX
20130513 20151112 2.929e-05 5.2061e-10 TSX
20130516 20131017 -9.7175e-05 6.2675e-10 TSX
20130521 20130715 0.00018452 7.9473e-10 TSX
20130524 20171129 6.5773e-05 4.4356e-10 TSX
20130527 20140627 -4.7536e-06 4.6232e-10 TSX
20130601 20130930 -1.9949e-06 6.8031e-10 TSX
20130604 20141217 3.9269e-05 3.6535e-10 TSX
20130607 20140719 -3.2822e-07 4.3222e-10 TSX
20130612 20150105 2.3091e-05 4.34e-10 TSX
20130615 20160106 -3.8406e-05 5.023e-10 TSX
20130618 20140708 -4.2383e-05 4.3356e-10 TSX
20130623 20130715 0.00064605 8.8099e-10 TSX
20130629 20130914 -4.0809e-05 7.4434e-10 TSX
20130707 20150130 4.2589e-05 3.8157e-10 TSX
20130710 20140901 6.4343e-06 4.4968e-10 TSX
20130715 20130726 -0.0024324 1.0247e-09 TSX
20130721 20131108 -4.3114e-05 6.9874e-10 TSX
20130726 20150517 0.00010223 4.5153e-10 TSX
20130729 20160904 1.2839e-05 4.8408e-10 TSX
20130801 20151115 -1.5801e-05 5.459e-10 TSX
20130817 20140209 5.3594e-05 6.071e-10 TSX
20130828 20150312 3.4887e-06 4.3992e-10 TSX
20130903 20150329 4.8449e-05 4.2937e-10 TSX
20130919 20160309 1.0837e-05 5.3838e-10 TSX
20130925 20140708 -2.1498e-05 5.2495e-10 TSX
20130930 20160411 0.00015174 3.5996e-10 TSX
20131011 20150802 4.7334e-05 5.02e-10 TSX
20131017 20140719 8.9962e-05 5.0435e-10 TSX
20131028 20160304 -2.01e-05 4.1944e-10 TSX
20131102 20140519 0.00012144 5.7775e-10 TSX
20131108 20140708 -0.00034178 6.008e-10 TSX
20140209 20160309 -9.4757e-06 5.3011e-10 TSX
20140223 20140829 -2.0559e-06 5.3621e-10 TSX
20140408 20140705 -3.1189e-05 6.848e-10 TSX
20140419 20170913 0.00016938 3.7902e-10 TSX
20140511 20141228 7.7967e-05 4.9276e-10 TSX
20140519 20150824 1.5419e-05 5.2217e-10 TSX
20140624 20171005 1.1547e-05 4.8956e-10 TSX
20140627 20151115 4.6889e-05 4.0652e-10 TSX
20140705 20180911 6.1533e-07 3.6903e-10 TSX
20140708 20160406 1.8291e-06 5.0326e-10 TSX
20140716 20171005 -2.0016e-05 3.6169e-10 TSX
20140719 20151207 7.6851e-05 4.2839e-10 TSX
20140727 20150326 -2.8293e-05 4.7717e-10 TSX
20140810 20150122 2.2524e-05 6.0252e-10 TSX
20140818 20160301 -2.4259e-05 4.3893e-10 TSX
20140829 20160208 -1.1588e-05 5.7275e-10 TSX
20140901 20140912 -0.00027129 9.7892e-10 TSX
20140912 20141209 -5.5091e-06 7.1059e-10 TSX
20140920 20170902 -1.8097e-05 3.1059e-10 TSX
20141209 20160211 -6.0977e-05 5.1609e-10 TSX
20141217 20160722 3.0861e-06 4.0715e-10 TSX
20141228 20160106 -9.8942e-06 4.9095e-10 TSX
20141231 20151024 -5.0098e-05 5.3258e-10 TSX
20150105 20150824 2.7987e-05 5.6844e-10 TSX
20150108 20170811 -8.0076e-05 5.3111e-10 TSX
20150119 20160117 6.8873e-05 5.3445e-10 TSX
20150127 20160411 -0.00011132 4.6095e-10 TSX
20150130 20151112 9.3609e-05 4.5832e-10 TSX
20150210 20170114 7.0483e-06 4.4768e-10 TSX
20150213 20160326 7.6737e-05 5.2116e-10 TSX
20150218 20160216 -1.1749e-05 4.9801e-10 TSX
20150221 20180112 0.00014747 3.5981e-10 TSX
20150304 20180911 -5.3719e-07 3.9396e-10 TSX
20150307 20160211 -6.7877e-05 5.0846e-10 TSX
20150312 20160320 -6.3369e-05 5.2388e-10 TSX
20150326 20150827 7.9479e-05 5.7524e-10 TSX
20150329 20151207 -8.4508e-05 5.6778e-10 TSX
20150428 20160425 5.1063e-05 4.3611e-10 TSX
20150509 20150827 8.4369e-05 6.5247e-10 TSX
20150517 20150824 -0.00018926 7.1969e-10 TSX
20150520 20180911 -7.5292e-06 3.9361e-10 TSX
20150714 20170822 0.00012625 4.4254e-10 TSX
20150725 20170924 -2.2671e-05 3.2534e-10 TSX
20150802 20160309 -8.6641e-05 5.5897e-10 TSX
20150805 20160403 0.00014 4.8381e-10 TSX
20150816 20171107 1.9615e-05 3.8675e-10 TSX
20150824 20150915 0.00058527 8.809e-10 TSX
20150827 20170902 3.3586e-05 3.6331e-10 TSX
20150915 20160216 -1.2982e-05 6.2816e-10 TSX
20151021 20160904 -5.4712e-05 5.0352e-10 TSX
20151101 20171016 4.2638e-06 4.1705e-10 TSX
20151112 20160425 -2.1523e-05 5.7359e-10 TSX
20151115 20151229 0.00011272 8.0255e-10 TSX
20151123 20171221 -5.3022e-05 4.3259e-10 TSX
20151204 20151215 0.00016148 9.8656e-10 TSX
20151207 20160406 -1.6226e-06 6.4926e-10 TSX
20151215 20170822 -9.4529e-05 3.9156e-10 TSX
20151226 20161223 6.5137e-05 4.1169e-10 TSX
20151229 20160211 2.2142e-05 8.0255e-10 TSX
20160106 20161223 7.4549e-05 4.0926e-10 TSX
20160117 20160926 6.4313e-06 4.7708e-10 TSX
20160128 20160301 -0.00018362 8.2199e-10 TSX
20160208 20160312 -0.0001128 8.2199e-10 TSX
20160216 20160309 -0.00034509 8.809e-10 TSX
20160219 20180319 -2.2217e-05 3.9703e-10 TSX
20160301 20161201 5.4758e-05 4.511e-10 TSX
20160304 20160326 4.363e-05 8.6496e-10 TSX
20160312 20180319 1.777e-05 3.4918e-10 TSX
20160320 20160411 0.00039168 8.8094e-10 TSX
20160323 20171118 2.2615e-05 4.0599e-10 TSX
20160326 20160406 -0.00049884 9.7881e-10 TSX
20160403 20171027 -2.1556e-05 3.7904e-10 TSX
20160425 20170811 2.8828e-05 3.835e-10 TSX
20160528 20160630 -4.2292e-06 8.2199e-10 TSX
20160630 20171118 5.1539e-05 3.7625e-10 TSX
20160722 20161201 0.00010753 6.0193e-10 TSX
20160904 20180707 -3.8955e-05 4.0587e-10 TSX
20160915 20180911 -4.5401e-05 3.5935e-10 TSX
20160926 20170114 0.00012423 6.4387e-10 TSX
20161201 20171027 9.4256e-08 4.6478e-10 TSX
20161223 20171107 -5.5054e-05 4.3299e-10 TSX
20170114 20170902 -9.5619e-05 4.9669e-10 TSX
20170811 20171005 -7.2821e-05 7.6252e-10 TSX
20170822 20180707 -8.1118e-05 4.2583e-10 TSX
20170913 20180707 -8.5269e-05 4.4219e-10 TSX
20170924 20180319 -6.1106e-05 5.4088e-10 TSX
20171005 20171107 8.3063e-05 8.2199e-10 TSX
20171016 20180319 -3.3861e-05 5.6902e-10 TSX
20171027 20180911 -4.9243e-05 4.2611e-10 TSX
20171107 20171118 7.2723e-05 9.8656e-10 TSX
20171118 20171129 4.8096e-05 9.8656e-10 TSX
20171129 20171221 -1.324e-05 8.6243e-10 TSX
20171210 20180820 -0.00011148 4.6739e-10 TSX
20171221 20180911 -8.1368e-05 4.6024e-10 TSX
20180112 20181003 2.0641e-05 4.5959e-10 TSX
20180319 20180707 -0.00017013 6.4318e-10 TSX
20180707 20180911 0.00014959 7.3521e-10 TSX
20180729 20181003 -3.143e-05 7.3521e-10 TSX
20180820 20181003 8.139e-05 7.9114e-10 TSX
20180911 20181003 -0.00016833 8.6243e-10 TSX
