20030427 20030914 0.00054877 5.6593e-10 ERS2
20030914 20080629 8.37e-05 2.957e-10 ERS2
20050918 20090510 5.5663e-05 2.9878e-10 ERS2
20051127 20081116 -9.6565e-05 3.0681e-10 ERS2
20060903 20090510 -3.0423e-06 3.1583e-10 ERS2
20061231 20090105 5.3319e-05 3.1385e-10 ALOS
20070402 20070703 -5.423e-05 6.6675e-10 ALOS
20070518 20091008 2.0202e-05 3.0139e-10 ALOS
20070818 20071003 -0.00021052 7.7515e-10 ALOS
20071217 20100509 -9.8054e-05 3.0172e-10 ALOS
20080103 20100526 -7.406e-05 3.0354e-10 ALOS
20080404 20080520 -1.0715e-06 7.7552e-10 ALOS
20080618 20090921 8.7377e-05 3.7212e-10 ALOS
20080629 20090510 0.00044492 4.1448e-10 ERS2
20080705 20091008 -5.907e-05 3.6591e-10 ALOS
20080803 20090823 -6.3919e-06 3.8291e-10 ERS2
20081116 20090823 -7.2752e-05 4.3212e-10 ERS2
20081219 20090921 -8.3719e-05 4.4663e-10 ALOS
20090105 20090708 -1.6539e-05 5.308e-10 ALOS
20090510 20091101 -8.3653e-06 5.1988e-10 ERS2
20090708 20091008 0.00021857 6.6668e-10 ALOS
20090823 20091101 -0.00089053 6.9847e-10 ERS2
20091222 20100624 -0.00011324 5.2601e-10 ALOS
20100108 20100223 -0.00043395 7.7624e-10 ALOS
20100223 20100526 -7.305e-05 6.6833e-10 ALOS
20100410 20100711 -0.00024652 6.6692e-10 ALOS
20100509 20100624 0.00059704 7.7314e-10 ALOS
20100526 20100711 0.0004106 7.7517e-10 ALOS
20100624 20101109 -0.00018134 5.8398e-10 ALOS
20100711 20101011 -0.00037989 6.6635e-10 ALOS
20100809 20101109 -4.694e-05 6.6355e-10 ALOS
20101011 20101126 0.00022331 7.7517e-10 ALOS
20110111 20110226 0.00045815 7.7513e-10 ALOS
20110924 20130715 2.9821e-05 3.2465e-10 TSX
20111005 20121229 1.0036e-05 3.6871e-10 TSX
20111121 20171221 2.3881e-05 3.1007e-10 TSX
20111221 20130131 -7.818e-06 3.8514e-10 TSX
20111224 20121027 5.4671e-05 4.1925e-10 TSX
20120126 20140419 -1.1551e-05 3.0352e-10 TSX
20120203 20160320 9.297e-06 2.5519e-10 TSX
20120206 20171107 3.785e-05 2.8892e-10 TSX
20120617 20171129 4.9242e-05 2.9157e-10 TSX
20120723 20160120 -3.0247e-05 2.8019e-10 TSX
20121024 20130109 9.4249e-05 7.0156e-10 TSX
20121027 20151226 7.6032e-06 2.8861e-10 TSX
20121030 20130311 -6.0875e-05 5.8465e-10 TSX
20121107 20171118 3.3668e-05 3.2587e-10 TSX
20121221 20160208 2.5643e-05 3.2888e-10 TSX
20121224 20130516 -0.0001867 5.6849e-10 TSX
20121229 20130407 -1.0094e-05 6.5608e-10 TSX
20130104 20130217 -9.1169e-05 7.731e-10 TSX
20130109 20130715 -9.4083e-05 5.3025e-10 TSX
20130112 20140511 -5.3394e-06 3.5447e-10 TSX
20130115 20130721 -7.5581e-05 5.1395e-10 TSX
20130126 20130823 -4.2964e-06 5.1627e-10 TSX
20130131 20130429 -0.00011681 6.7797e-10 TSX
20130203 20130729 8.4501e-05 5.2308e-10 TSX
20130211 20130919 4.5351e-05 4.9593e-10 TSX
20130228 20141209 4.5475e-05 3.1327e-10 TSX
20130311 20130801 6.7091e-06 5.6844e-10 TSX
20130316 20130623 -6.5548e-05 6.5609e-10 TSX
20130402 20150122 -4.9164e-06 4.5369e-10 TSX
20130407 20140530 -4.2644e-05 3.8068e-10 TSX
20130421 20171016 7.0199e-05 3.0662e-10 TSX
20130424 20130721 -9.7076e-05 6.6401e-10 TSX
20130429 20130623 -4.4191e-05 7.5408e-10 TSX
20130505 20131028 -0.00031691 5.5388e-10 TSX
20130513 20151112 7.1881e-05 3.4007e-10 TSX
20130516 20131017 0.00016572 5.6952e-10 TSX
20130521 20130715 0.00012852 7.541e-10 TSX
20130524 20171129 4.1433e-05 2.9641e-10 TSX
20130527 20140627 -7.0718e-05 3.8368e-10 TSX
20130601 20130930 8.5757e-05 6.1698e-10 TSX
20130604 20141217 5.2298e-05 3.436e-10 TSX
20130607 20140719 1.2899e-05 3.7988e-10 TSX
20130612 20150105 2.5622e-05 3.3745e-10 TSX
20130615 20160106 6.143e-05 3.0527e-10 TSX
20130618 20140708 5.8787e-06 3.8825e-10 TSX
20130623 20130715 0.00062443 8.6153e-10 TSX
20130629 20130914 0.00022872 7.0393e-10 TSX
20130707 20150130 2.5886e-05 3.3759e-10 TSX
20130710 20140901 2.3167e-05 3.7724e-10 TSX
20130715 20130726 -0.0022837 1.0106e-09 TSX
20130721 20131108 0.00080661 6.4268e-10 TSX
20130726 20150517 -7.9635e-05 3.2228e-10 TSX
20130729 20160904 2.9932e-05 3.0376e-10 TSX
20130801 20151115 4.3485e-05 2.9045e-10 TSX
20130817 20140209 4.8064e-05 5.4097e-10 TSX
20130828 20150312 2.7296e-05 3.4112e-10 TSX
20130903 20150329 4.262e-05 3.8845e-10 TSX
20130919 20160309 -1.0309e-05 2.8494e-10 TSX
20130925 20140708 4.2849e-05 4.6081e-10 TSX
20130930 20160411 3.2381e-05 2.8196e-10 TSX
20131011 20150802 6.5931e-05 3.2443e-10 TSX
20131017 20140719 -3.7658e-05 4.486e-10 TSX
20131028 20160304 -7.9277e-05 3.2392e-10 TSX
20131102 20140519 -0.00011603 5.1712e-10 TSX
20131108 20140708 5.8223e-05 5.2149e-10 TSX
20140209 20160309 -1.7278e-05 3.1624e-10 TSX
20140223 20140829 5.8969e-05 5.111e-10 TSX
20140408 20140705 -7.3482e-07 6.6124e-10 TSX
20140419 20170913 9.8364e-05 2.9076e-10 TSX
20140511 20141228 8.5522e-05 4.701e-10 TSX
20140519 20150824 8.1986e-05 3.6551e-10 TSX
20140624 20171005 6.1267e-05 2.6589e-10 TSX
20140627 20151115 0.00010116 3.439e-10 TSX
20140705 20180911 1.6292e-05 2.7407e-10 TSX
20140708 20160406 2.0507e-05 3.1915e-10 TSX
20140716 20171005 7.1668e-05 2.8645e-10 TSX
20140719 20151207 6.9035e-05 3.4348e-10 TSX
20140727 20150326 -7.0886e-06 4.6148e-10 TSX
20140810 20150122 8.9152e-06 5.4186e-10 TSX
20140818 20160301 5.2664e-05 3.3448e-10 TSX
20140829 20160208 4.2522e-05 3.5018e-10 TSX
20140901 20140912 -0.00029924 9.6738e-10 TSX
20140912 20141209 1.2936e-05 6.6401e-10 TSX
20140920 20170902 8.7523e-05 2.987e-10 TSX
20141209 20160211 2.9338e-05 3.6463e-10 TSX
20141217 20160722 5.7295e-05 3.3359e-10 TSX
20141228 20160106 7.6424e-05 3.8678e-10 TSX
20141231 20151024 6.6641e-05 4.2565e-10 TSX
20150105 20150824 2.0662e-05 4.8654e-10 TSX
20150108 20170811 9.5262e-05 3.1061e-10 TSX
20150119 20160117 9.7907e-05 3.9151e-10 TSX
20150127 20160411 3.8391e-05 3.7641e-10 TSX
20150130 20151112 7.2148e-05 4.311e-10 TSX
20150210 20170114 7.3793e-05 3.4153e-10 TSX
20150213 20160326 9.0468e-05 4.6728e-10 TSX
20150218 20160216 6.5834e-05 4.0356e-10 TSX
20150221 20180112 6.4077e-05 3.1371e-10 TSX
20150304 20180911 4.3128e-05 3.0907e-10 TSX
20150307 20160211 6.2587e-05 4.0267e-10 TSX
20150312 20160320 1.2756e-05 3.9906e-10 TSX
20150326 20150827 0.00018871 5.5029e-10 TSX
20150329 20151207 7.2571e-05 4.5527e-10 TSX
20150428 20160425 0.00011067 3.9738e-10 TSX
20150509 20150827 0.00023033 6.2357e-10 TSX
20150517 20150824 9.9034e-05 6.5615e-10 TSX
20150520 20180911 3.657e-05 2.9936e-10 TSX
20150714 20170822 8.5186e-05 3.2458e-10 TSX
20150725 20170924 6.2072e-05 3.0498e-10 TSX
20150802 20160309 1.3939e-05 4.9592e-10 TSX
20150805 20160403 1.0703e-05 4.6317e-10 TSX
20150816 20171107 9.0221e-05 3.037e-10 TSX
20150824 20150915 0.00070283 8.6143e-10 TSX
20150827 20170902 0.00010283 3.1298e-10 TSX
20150915 20160216 -6.1252e-05 5.6824e-10 TSX
20151021 20160904 -1.1407e-05 4.194e-10 TSX
20151101 20171016 7.8824e-05 3.2753e-10 TSX
20151112 20160425 3.18e-06 5.3652e-10 TSX
20151115 20151229 0.00014773 7.731e-10 TSX
20151123 20171221 5.057e-05 3.0181e-10 TSX
20151204 20151215 0.00017705 9.7738e-10 TSX
20151207 20160406 -7.6295e-05 6.0214e-10 TSX
20151215 20170822 0.00010172 3.3693e-10 TSX
20151226 20161223 0.00011984 3.9486e-10 TSX
20151229 20160211 4.7748e-06 7.731e-10 TSX
20160106 20161223 0.00013675 3.9824e-10 TSX
20160117 20160926 0.0001451 4.551e-10 TSX
20160128 20160301 -0.00017853 8.0615e-10 TSX
20160208 20160312 -6.7673e-05 8.0615e-10 TSX
20160216 20160309 -0.00041443 8.6143e-10 TSX
20160219 20180319 2.5733e-05 3.0696e-10 TSX
20160301 20161201 0.00018771 4.3868e-10 TSX
20160304 20160326 1.9769e-05 8.4833e-10 TSX
20160312 20180319 2.7351e-05 3.2151e-10 TSX
20160320 20160411 0.00036558 8.6144e-10 TSX
20160323 20171118 8.3437e-05 3.2136e-10 TSX
20160326 20160406 -0.00053272 9.673e-10 TSX
20160403 20171027 0.00010395 3.3675e-10 TSX
20160425 20170811 0.00011477 3.5937e-10 TSX
20160528 20160630 7.7042e-05 8.0615e-10 TSX
20160630 20171118 8.4753e-05 3.3876e-10 TSX
20160722 20161201 0.00026585 5.8131e-10 TSX
20160904 20180707 8.3181e-06 3.2243e-10 TSX
20160915 20180911 2.6273e-06 3.0213e-10 TSX
20160926 20170114 2.102e-05 6.1797e-10 TSX
20161201 20171027 1.648e-05 4.0665e-10 TSX
20161223 20171107 8.7852e-06 4.0845e-10 TSX
20170114 20170902 4.2685e-05 4.7296e-10 TSX
20170811 20171005 -4.3506e-05 7.4111e-10 TSX
20170822 20180707 -0.00012429 4.1345e-10 TSX
20170913 20180707 -0.00017987 4.2491e-10 TSX
20170924 20180319 -0.00018432 5.2318e-10 TSX
20171005 20171107 4.0185e-05 8.0615e-10 TSX
20171016 20180319 -0.00019424 5.5007e-10 TSX
20171027 20180911 -5.9369e-05 4.1348e-10 TSX
20171107 20171118 7.8975e-05 9.7738e-10 TSX
20171118 20171129 4.5706e-05 9.7738e-10 TSX
20171129 20171221 -1.0275e-05 8.5022e-10 TSX
20171210 20180820 -3.1857e-05 4.5337e-10 TSX
20171221 20180911 -1.6054e-05 4.4561e-10 TSX
20180112 20181003 1.8617e-05 4.4554e-10 TSX
20180319 20180707 -5.8276e-05 6.1796e-10 TSX
20180707 20180911 0.00030805 7.1237e-10 TSX
20180729 20181003 8.3809e-05 7.1237e-10 TSX
20180820 20181003 0.00011837 7.7208e-10 TSX
20180911 20181003 -0.00015534 8.5022e-10 TSX
