20030427 20030914 -0.00031376 5.6942e-10 ERS2
20030914 20080629 -7.5325e-05 2.6841e-10 ERS2
20050918 20090510 2.2452e-05 3.0179e-10 ERS2
20051127 20081116 -3.3246e-05 3.0959e-10 ERS2
20060903 20090510 -7.8979e-05 3.2714e-10 ERS2
20061231 20090105 2.5867e-05 3.1501e-10 ALOS
20070402 20070703 -0.00018338 6.7108e-10 ALOS
20070518 20091008 -4.115e-05 3.0125e-10 ALOS
20070818 20071003 -0.0004766 7.8248e-10 ALOS
20071217 20100509 -4.8031e-05 3.0284e-10 ALOS
20080103 20100526 -2.2029e-05 2.9946e-10 ALOS
20080404 20080520 -6.9042e-05 7.8249e-10 ALOS
20080618 20090921 -1.3392e-05 3.7383e-10 ALOS
20080629 20090510 -0.00018631 4.1518e-10 ERS2
20080705 20091008 -0.00010443 3.6493e-10 ALOS
20080803 20090823 -7.4737e-05 3.8393e-10 ERS2
20081116 20090823 6.1995e-05 4.3231e-10 ERS2
20081219 20090921 -0.00052637 4.466e-10 ALOS
20090105 20090708 -9.1113e-05 5.2892e-10 ALOS
20090510 20091101 -0.00039699 5.2104e-10 ERS2
20090708 20091008 -0.00017426 6.7108e-10 ALOS
20090823 20091101 0.00060094 7.0434e-10 ERS2
20091222 20100624 -0.00030844 5.2605e-10 ALOS
20100108 20100223 -0.00012073 7.8249e-10 ALOS
20100223 20100526 -0.00011966 6.7108e-10 ALOS
20100410 20100711 -9.5651e-05 6.7108e-10 ALOS
20100509 20100624 0.00070823 7.8035e-10 ALOS
20100526 20100711 0.00038253 7.825e-10 ALOS
20100624 20101109 -0.0001502 5.8607e-10 ALOS
20100711 20101011 -0.00032304 6.7111e-10 ALOS
20100809 20101109 -3.3652e-05 6.6823e-10 ALOS
20101011 20101126 0.00018793 7.8249e-10 ALOS
20110111 20110226 0.00050656 7.8248e-10 ALOS
20110924 20130715 2.5357e-05 3.2372e-10 TSX
20111005 20121229 4.7747e-05 3.6932e-10 TSX
20111121 20171221 1.0648e-06 2.6446e-10 TSX
20111221 20130131 -6.2445e-06 3.8607e-10 TSX
20111224 20121027 5.6447e-06 4.1953e-10 TSX
20120126 20140419 7.1487e-06 2.9319e-10 TSX
20120203 20160320 7.2072e-06 2.4759e-10 TSX
20120206 20171107 1.9164e-05 2.5227e-10 TSX
20120617 20171129 1.5879e-05 2.5794e-10 TSX
20120723 20160120 6.2569e-05 2.6403e-10 TSX
20121024 20130109 0.00017183 7.0777e-10 TSX
20121027 20151226 8.3583e-06 2.7046e-10 TSX
20121030 20130311 -3.7048e-06 5.8675e-10 TSX
20121107 20171118 1.7962e-05 2.6607e-10 TSX
20121221 20160208 9.0222e-06 2.6862e-10 TSX
20121224 20130516 -4.1981e-05 5.7021e-10 TSX
20121229 20130407 -7.3059e-05 6.6061e-10 TSX
20130104 20130217 -8.8999e-05 7.7986e-10 TSX
20130109 20130715 3.9847e-05 5.2925e-10 TSX
20130112 20140511 2.648e-05 3.5412e-10 TSX
20130115 20130721 -0.00010822 5.1473e-10 TSX
20130126 20130823 -6.0955e-05 4.9138e-10 TSX
20130131 20130429 6.0572e-05 6.8334e-10 TSX
20130203 20130729 3.0239e-06 5.2392e-10 TSX
20130211 20130919 3.4193e-05 4.9639e-10 TSX
20130228 20141209 1.1375e-05 3.1171e-10 TSX
20130311 20130801 -5.7401e-06 5.7014e-10 TSX
20130316 20130623 -2.1198e-05 6.6062e-10 TSX
20130402 20150122 8.311e-05 2.8968e-10 TSX
20130407 20140530 1.5027e-05 3.8151e-10 TSX
20130421 20171016 2.0462e-05 2.6157e-10 TSX
20130424 20130721 -0.00017186 6.6852e-10 TSX
20130429 20130623 -0.00010727 7.6153e-10 TSX
20130505 20131028 -0.00042023 5.2685e-10 TSX
20130513 20151112 4.7809e-06 2.8125e-10 TSX
20130516 20131017 -0.0001181 5.5446e-10 TSX
20130521 20130715 0.00030438 7.6155e-10 TSX
20130524 20171129 2.1374e-05 2.5613e-10 TSX
20130527 20140627 2.6181e-05 3.8421e-10 TSX
20130601 20130930 0.00011657 6.2004e-10 TSX
20130604 20141217 2.5312e-05 3.3741e-10 TSX
20130607 20140719 1.8756e-05 3.8128e-10 TSX
20130612 20150105 4.4154e-05 3.3734e-10 TSX
20130615 20160106 2.6848e-05 2.768e-10 TSX
20130618 20140708 6.074e-05 3.8831e-10 TSX
20130623 20130715 0.00062508 8.6808e-10 TSX
20130629 20130914 0.00017577 6.9355e-10 TSX
20130707 20150130 1.9086e-05 3.3701e-10 TSX
20130710 20140901 7.0417e-06 3.7783e-10 TSX
20130715 20130726 -0.0023113 1.0163e-09 TSX
20130721 20131108 0.00065704 6.2414e-10 TSX
20130726 20150517 -4.174e-05 3.2215e-10 TSX
20130729 20160904 -2.7607e-05 2.6971e-10 TSX
20130801 20151115 1.6934e-05 2.861e-10 TSX
20130817 20140209 -6.5001e-05 5.4198e-10 TSX
20130828 20150312 6.1647e-05 3.3997e-10 TSX
20130903 20150329 -0.00011844 3.1143e-10 TSX
20130919 20160309 3.9474e-06 2.7616e-10 TSX
20130925 20140708 5.3747e-05 4.3175e-10 TSX
20130930 20160411 2.1488e-05 2.7356e-10 TSX
20131011 20150802 3.5145e-05 3.199e-10 TSX
20131017 20140719 -7.6637e-05 4.392e-10 TSX
20131028 20160304 8.0288e-06 2.5635e-10 TSX
20131102 20140519 -1.2585e-05 5.1776e-10 TSX
20131108 20140708 9.4319e-06 4.632e-10 TSX
20140209 20160309 6.7593e-05 3.0546e-10 TSX
20140223 20140829 4.9427e-05 5.1172e-10 TSX
20140408 20140705 1.393e-05 6.6625e-10 TSX
20140419 20170913 1.2682e-05 2.785e-10 TSX
20140511 20141228 2.6577e-06 4.7045e-10 TSX
20140519 20150824 1.5662e-05 3.6499e-10 TSX
20140624 20171005 1.0175e-05 2.6001e-10 TSX
20140627 20151115 -3.141e-05 3.4018e-10 TSX
20140705 20180911 2.9311e-06 2.5441e-10 TSX
20140708 20160406 -2.1993e-05 3.109e-10 TSX
20140716 20171005 1.7963e-05 2.645e-10 TSX
20140719 20151207 1.2667e-05 3.4064e-10 TSX
20140727 20150326 -7.9946e-07 4.6172e-10 TSX
20140810 20150122 2.9329e-05 5.4029e-10 TSX
20140818 20160301 4.3001e-06 3.2408e-10 TSX
20140829 20160208 8.5683e-06 3.3063e-10 TSX
20140901 20140912 -0.00026301 9.7263e-10 TSX
20140912 20141209 -6.3709e-05 6.6852e-10 TSX
20140920 20170902 2.409e-05 2.782e-10 TSX
20141209 20160211 2.6907e-05 3.6416e-10 TSX
20141217 20160722 -8.7413e-06 3.179e-10 TSX
20141228 20160106 -9.5038e-06 3.8263e-10 TSX
20141231 20151024 1.9439e-05 4.2542e-10 TSX
20150105 20150824 7.0382e-06 4.8649e-10 TSX
20150108 20170811 1.6366e-05 2.878e-10 TSX
20150119 20160117 1.8315e-05 3.8759e-10 TSX
20150127 20160411 3.3451e-05 3.7163e-10 TSX
20150130 20151112 -7.5602e-06 4.2859e-10 TSX
20150210 20170114 1.9076e-05 3.0195e-10 TSX
20150213 20160326 -3.7671e-05 3.667e-10 TSX
20150218 20160216 1.4474e-05 4.0314e-10 TSX
20150221 20180112 3.9847e-05 2.7516e-10 TSX
20150304 20180911 1.9629e-05 2.5627e-10 TSX
20150307 20160211 2.5009e-05 4.0096e-10 TSX
20150312 20160320 -7.4847e-05 3.9798e-10 TSX
20150326 20150827 7.2232e-06 5.5106e-10 TSX
20150329 20151207 1.678e-05 4.5532e-10 TSX
20150428 20160425 5.8028e-06 3.872e-10 TSX
20150509 20150827 5.3681e-05 6.2124e-10 TSX
20150517 20150824 1.7238e-05 6.6062e-10 TSX
20150520 20180911 1.1818e-05 2.6646e-10 TSX
20150714 20170822 3.2211e-05 2.9234e-10 TSX
20150725 20170924 3.3095e-05 2.8974e-10 TSX
20150802 20160309 -5.0303e-05 4.9639e-10 TSX
20150805 20160403 1.9817e-05 4.6152e-10 TSX
20150816 20171107 2.9696e-05 2.8917e-10 TSX
20150824 20150915 0.00061726 8.6798e-10 TSX
20150827 20170902 1.4992e-05 3.0024e-10 TSX
20150915 20160216 -3.5184e-05 5.6962e-10 TSX
20151021 20160904 -7.7363e-05 4.1227e-10 TSX
20151101 20171016 2.5989e-05 3.0278e-10 TSX
20151112 20160425 -5.243e-06 5.3713e-10 TSX
20151115 20151229 0.00012816 7.7986e-10 TSX
20151123 20171221 3.514e-05 2.9773e-10 TSX
20151204 20151215 0.00014563 9.8379e-10 TSX
20151207 20160406 -1.7691e-05 6.047e-10 TSX
20151215 20170822 2.6637e-05 3.2181e-10 TSX
20151226 20161223 2.3247e-06 3.9429e-10 TSX
20151229 20160211 2.8544e-05 7.7986e-10 TSX
20160106 20161223 2.0987e-05 3.9893e-10 TSX
20160117 20160926 -1.507e-05 4.5317e-10 TSX
20160128 20160301 -0.00017472 8.1386e-10 TSX
20160208 20160312 -9.6147e-05 8.1386e-10 TSX
20160216 20160309 -0.00036281 8.6798e-10 TSX
20160219 20180319 1.7292e-05 2.9645e-10 TSX
20160301 20161201 -9.7956e-06 4.385e-10 TSX
20160304 20160326 5.0993e-05 8.543e-10 TSX
20160312 20180319 3.2262e-05 2.9747e-10 TSX
20160320 20160411 0.0004151 8.6798e-10 TSX
20160323 20171118 9.4039e-06 3.2076e-10 TSX
20160326 20160406 -0.00057021 9.7256e-10 TSX
20160403 20171027 2.8944e-05 3.2454e-10 TSX
20160425 20170811 6.3681e-06 3.4735e-10 TSX
20160528 20160630 2.4507e-06 8.1386e-10 TSX
20160630 20171118 2.8426e-05 3.3928e-10 TSX
20160722 20161201 -1.3443e-05 5.8348e-10 TSX
20160904 20180707 7.3348e-05 3.2442e-10 TSX
20160915 20180911 2.8745e-05 3.0201e-10 TSX
20160926 20170114 1.373e-05 6.2133e-10 TSX
20161201 20171027 3.7469e-05 4.0734e-10 TSX
20161223 20171107 2.3408e-05 4.0941e-10 TSX
20170114 20170902 2.318e-05 4.6903e-10 TSX
20170811 20171005 -3.6787e-05 7.4858e-10 TSX
20170822 20180707 4.2464e-05 4.1402e-10 TSX
20170913 20180707 2.1878e-05 4.251e-10 TSX
20170924 20180319 8.0504e-05 5.2399e-10 TSX
20171005 20171107 1.3687e-05 8.1386e-10 TSX
20171016 20180319 5.8243e-05 5.5141e-10 TSX
20171027 20180911 1.0541e-05 4.1427e-10 TSX
20171107 20171118 7.2312e-05 9.8379e-10 TSX
20171118 20171129 5.0633e-05 9.8379e-10 TSX
20171129 20171221 -1.4955e-06 8.5736e-10 TSX
20171210 20180820 3.4939e-05 4.5346e-10 TSX
20171221 20180911 1.803e-05 4.456e-10 TSX
20180112 20181003 2.4775e-05 4.456e-10 TSX
20180319 20180707 -1.3659e-05 6.2134e-10 TSX
20180707 20180911 5.7096e-05 7.1915e-10 TSX
20180729 20181003 7.5964e-05 7.1915e-10 TSX
20180820 20181003 0.00017015 7.7991e-10 TSX
20180911 20181003 -0.00010332 8.5736e-10 TSX
