20030427 20030914 0.00076334 6.8783e-10 ERS2
20030914 20080629 -0.00012401 4.6916e-10 ERS2
20050918 20090510 3.6322e-05 4.8754e-10 ERS2
20051127 20081116 -5.3548e-05 5.017e-10 ERS2
20060903 20090510 5.305e-05 4.94e-10 ERS2
20061231 20090105 3.331e-05 3.7007e-10 ALOS
20070402 20070703 -5.5784e-05 7.2417e-10 ALOS
20070518 20091008 -4.8526e-05 3.5493e-10 ALOS
20070818 20071003 -0.00043352 8.1025e-10 ALOS
20071217 20100509 -9.8009e-05 3.6071e-10 ALOS
20080103 20100526 -0.00010304 3.5365e-10 ALOS
20080404 20080520 8.9886e-06 8.1013e-10 ALOS
20080618 20090921 -7.7253e-05 4.3745e-10 ALOS
20080629 20090510 -0.00022662 5.6566e-10 ERS2
20080705 20091008 -0.00073751 4.2429e-10 ALOS
20080803 20090823 2.6934e-05 5.4611e-10 ERS2
20081116 20090823 2.2633e-05 5.8145e-10 ERS2
20081219 20090921 0.00043168 5.0955e-10 ALOS
20090105 20090708 0.00012677 5.9304e-10 ALOS
20090510 20091101 -4.3484e-05 6.506e-10 ERS2
20090708 20091008 0.00023401 7.2416e-10 ALOS
20090823 20091101 0.00096887 7.7482e-10 ERS2
20091222 20100624 0.00078601 5.908e-10 ALOS
20100108 20100223 0.00060289 8.1029e-10 ALOS
20100223 20100526 -0.00019928 7.2415e-10 ALOS
20100410 20100711 -0.00012972 7.2416e-10 ALOS
20100509 20100624 0.0008212 8.0847e-10 ALOS
20100526 20100711 0.00053786 8.1027e-10 ALOS
20100624 20101109 9.5604e-05 6.4956e-10 ALOS
20100711 20101011 9.4382e-05 7.2423e-10 ALOS
20100809 20101109 -3.1122e-06 7.218e-10 ALOS
20101011 20101126 0.00023936 8.1027e-10 ALOS
20110111 20110226 0.00091772 8.1025e-10 ALOS
20110924 20130715 5.453e-05 3.7763e-10 TSX
20111005 20121229 -4.5416e-05 4.2534e-10 TSX
20111121 20171221 -5.1817e-06 4.8388e-10 TSX
20111221 20130131 -1.0663e-05 4.4383e-10 TSX
20111224 20121027 -6.0326e-06 5.892e-10 TSX
20120126 20140419 2.2063e-05 4.8666e-10 TSX
20120203 20160320 -2.301e-05 2.9083e-10 TSX
20120206 20171107 -7.5257e-06 5.2185e-10 TSX
20120617 20171129 -2.8865e-05 4.8729e-10 TSX
20120723 20160120 -1.1419e-05 3.2936e-10 TSX
20121024 20130109 -3.9922e-05 7.54e-10 TSX
20121027 20151226 1.473e-05 4.884e-10 TSX
20121030 20130311 -9.1301e-06 6.523e-10 TSX
20121107 20171118 -1.1586e-05 5.1938e-10 TSX
20121221 20160208 5.8201e-06 4.8357e-10 TSX
20121224 20130516 4.5456e-05 6.3716e-10 TSX
20121229 20130407 6.2659e-05 7.1584e-10 TSX
20130104 20130217 7.1827e-05 8.0818e-10 TSX
20130109 20130715 0.00017642 5.9366e-10 TSX
20130112 20140511 4.6039e-05 5.4157e-10 TSX
20130115 20130721 -4.2645e-05 5.8203e-10 TSX
20130126 20130823 -0.00024452 5.5744e-10 TSX
20130131 20130429 2.2507e-05 7.3458e-10 TSX
20130203 20130729 3.7599e-05 6.6531e-10 TSX
20130211 20130919 6.4113e-05 5.5976e-10 TSX
20130228 20141209 1.471e-05 3.7983e-10 TSX
20130311 20130801 -3.7958e-05 6.3682e-10 TSX
20130316 20130623 -1.0806e-05 7.1586e-10 TSX
20130402 20150122 5.0736e-05 3.5608e-10 TSX
20130407 20140530 4.1539e-05 4.3862e-10 TSX
20130421 20171016 3.2428e-06 4.9126e-10 TSX
20130424 20130721 -0.00016165 7.2306e-10 TSX
20130429 20130623 -0.00015182 7.9507e-10 TSX
20130505 20131028 -0.00059739 5.9287e-10 TSX
20130513 20151112 2.8152e-05 4.7476e-10 TSX
20130516 20131017 -0.00028243 6.2102e-10 TSX
20130521 20130715 0.00021705 7.9511e-10 TSX
20130524 20171129 8.419e-06 4.8983e-10 TSX
20130527 20140627 -3.9722e-05 4.5585e-10 TSX
20130601 20130930 0.00010705 6.8075e-10 TSX
20130604 20141217 1.2227e-05 5.3028e-10 TSX
20130607 20140719 2.2415e-05 4.5227e-10 TSX
20130612 20150105 8.4682e-06 3.9197e-10 TSX
20130615 20160106 3.2895e-05 4.8103e-10 TSX
20130618 20140708 -1.5813e-05 4.6089e-10 TSX
20130623 20130715 0.00068438 8.799e-10 TSX
20130629 20130914 0.00015631 7.4314e-10 TSX
20130707 20150130 8.6553e-06 5.3243e-10 TSX
20130710 20140901 1.9972e-05 4.4971e-10 TSX
20130715 20130726 -0.0023711 1.0234e-09 TSX
20130721 20131108 0.00081908 6.855e-10 TSX
20130726 20150517 -6.2176e-05 3.7553e-10 TSX
20130729 20160904 -2.0829e-05 4.7468e-10 TSX
20130801 20151115 2.3833e-05 3.5394e-10 TSX
20130817 20140209 -0.00011259 6.0667e-10 TSX
20130828 20150312 -9.623e-06 3.9472e-10 TSX
20130903 20150329 -0.00019102 3.6188e-10 TSX
20130919 20160309 5.1765e-05 3.216e-10 TSX
20130925 20140708 1.9819e-06 4.9533e-10 TSX
20130930 20160411 1.8155e-06 3.1659e-10 TSX
20131011 20150802 5.1109e-05 3.7212e-10 TSX
20131017 20140719 -7.2793e-05 5.0372e-10 TSX
20131028 20160304 -8.7118e-05 3.75e-10 TSX
20131102 20140519 4.5086e-05 5.8217e-10 TSX
20131108 20140708 -2.2295e-05 5.2811e-10 TSX
20140209 20160309 5.2952e-05 3.5787e-10 TSX
20140223 20140829 2.6826e-05 6.561e-10 TSX
20140408 20140705 -5.9838e-06 7.5764e-10 TSX
20140419 20170913 9.7114e-06 5.1226e-10 TSX
20140511 20141228 1.3067e-05 6.2494e-10 TSX
20140519 20150824 -8.7639e-07 4.2044e-10 TSX
20140624 20171005 -4.4493e-06 4.8902e-10 TSX
20140627 20151115 3.4028e-05 4.0586e-10 TSX
20140705 20180911 -1.4743e-06 4.8206e-10 TSX
20140708 20160406 3.4816e-05 3.7749e-10 TSX
20140716 20171005 1.6409e-05 5.1371e-10 TSX
20140719 20151207 1.6591e-05 4.0596e-10 TSX
20140727 20150326 -1.4231e-05 6.1956e-10 TSX
20140810 20150122 -5.5193e-05 6.075e-10 TSX
20140818 20160301 5.1123e-06 5.2021e-10 TSX
20140829 20160208 9.9984e-06 5.2093e-10 TSX
20140901 20140912 -0.00028515 9.7919e-10 TSX
20140912 20141209 2.8122e-05 7.2306e-10 TSX
20140920 20170902 2.2579e-05 4.7166e-10 TSX
20141209 20160211 -2.2843e-05 4.2981e-10 TSX
20141217 20160722 8.5235e-07 5.0006e-10 TSX
20141228 20160106 2.8499e-05 5.5664e-10 TSX
20141231 20151024 2.4711e-05 4.9214e-10 TSX
20150105 20150824 -3.4565e-06 5.4912e-10 TSX
20150108 20170811 -1.4524e-05 5.1668e-10 TSX
20150119 20160117 5.2779e-05 5.5458e-10 TSX
20150127 20160411 7.3621e-05 4.2636e-10 TSX
20150130 20151112 5.0867e-05 5.8765e-10 TSX
20150210 20170114 -1.6201e-06 4.918e-10 TSX
20150213 20160326 2.084e-05 4.3198e-10 TSX
20150218 20160216 5.8161e-06 4.6138e-10 TSX
20150221 20180112 5.5373e-06 4.7758e-10 TSX
20150304 20180911 4.0198e-06 4.7262e-10 TSX
20150307 20160211 2.4395e-05 4.6754e-10 TSX
20150312 20160320 8.0289e-05 4.554e-10 TSX
20150326 20150827 5.2852e-05 6.7963e-10 TSX
20150329 20151207 3.0159e-05 5.2153e-10 TSX
20150428 20160425 2.9012e-05 5.6206e-10 TSX
20150509 20150827 2.0856e-05 7.2732e-10 TSX
20150517 20150824 -1.5182e-06 7.1585e-10 TSX
20150520 20180911 1.4587e-05 4.8751e-10 TSX
20150714 20170822 4.3304e-06 4.885e-10 TSX
20150725 20170924 2.4912e-05 5.1483e-10 TSX
20150802 20160309 -4.2771e-05 5.5976e-10 TSX
20150805 20160403 -1.0993e-05 6.1763e-10 TSX
20150816 20171107 9.6061e-06 4.8634e-10 TSX
20150824 20150915 0.00068569 8.7979e-10 TSX
20150827 20170902 1.3797e-05 5.0119e-10 TSX
20150915 20160216 -0.00018282 6.3403e-10 TSX
20151021 20160904 2.3027e-06 5.8185e-10 TSX
20151101 20171016 1.7361e-05 5.0183e-10 TSX
20151112 20160425 -1.2756e-05 6.7523e-10 TSX
20151115 20151229 0.00013819 8.0817e-10 TSX
20151123 20171221 5.3657e-06 4.8836e-10 TSX
20151204 20151215 0.00014762 9.9353e-10 TSX
20151207 20160406 -0.00014085 6.685e-10 TSX
20151215 20170822 3.9457e-06 5.116e-10 TSX
20151226 20161223 1.5273e-05 5.7103e-10 TSX
20151229 20160211 3.6769e-05 8.0817e-10 TSX
20160106 20161223 3.0856e-05 5.7351e-10 TSX
20160117 20160926 1.8931e-05 6.1178e-10 TSX
20160128 20160301 -0.00015979 8.4441e-10 TSX
20160208 20160312 -8.1392e-05 8.4441e-10 TSX
20160216 20160309 -0.00040741 8.7979e-10 TSX
20160219 20180319 2.0456e-05 4.962e-10 TSX
20160301 20161201 3.4329e-05 6.0331e-10 TSX
20160304 20160326 1.28e-05 8.6648e-10 TSX
20160312 20180319 -2.9333e-06 4.9136e-10 TSX
20160320 20160411 0.00035094 8.7979e-10 TSX
20160323 20171118 3.5797e-06 5.1979e-10 TSX
20160326 20160406 -0.00049705 9.7915e-10 TSX
20160403 20171027 3.4037e-05 5.2276e-10 TSX
20160425 20170811 -7.1357e-06 5.259e-10 TSX
20160528 20160630 -2.5071e-06 8.4441e-10 TSX
20160630 20171118 -1.2634e-05 5.1976e-10 TSX
20160722 20161201 4.0149e-05 7.085e-10 TSX
20160904 20180707 3.9994e-05 5.242e-10 TSX
20160915 20180911 2.5863e-05 5.0478e-10 TSX
20160926 20170114 3.0148e-05 7.3331e-10 TSX
20161201 20171027 1.975e-05 5.8885e-10 TSX
20161223 20171107 4.6109e-06 5.8128e-10 TSX
20170114 20170902 3.7627e-05 6.2151e-10 TSX
20170811 20171005 -2.7364e-05 8.0608e-10 TSX
20170822 20180707 5.8139e-05 5.8529e-10 TSX
20170913 20180707 2.5499e-05 5.9226e-10 TSX
20170924 20180319 2.8123e-05 6.6545e-10 TSX
20171005 20171107 3.424e-05 8.4441e-10 TSX
20171016 20180319 1.0313e-05 6.8578e-10 TSX
20171027 20180911 3.4189e-05 5.8555e-10 TSX
20171107 20171118 7.1224e-05 9.9353e-10 TSX
20171118 20171129 5.1634e-05 9.9353e-10 TSX
20171129 20171221 -1.3993e-05 8.7576e-10 TSX
20171210 20180820 3.2992e-05 6.1356e-10 TSX
20171221 20180911 4.5066e-05 6.0942e-10 TSX
20180112 20181003 2.5078e-05 6.0755e-10 TSX
20180319 20180707 -3.2517e-05 7.3354e-10 TSX
20180707 20180911 0.00017215 7.8918e-10 TSX
20180729 20181003 9.9065e-06 7.8918e-10 TSX
20180820 20181003 0.00014211 8.2399e-10 TSX
20180911 20181003 -0.00017605 8.7577e-10 TSX
