20030427 20030914 -0.0007268 5.6849e-10 ERS2
20030914 20080629 -0.00013172 2.7706e-10 ERS2
20050918 20090510 6.9932e-06 2.9875e-10 ERS2
20051127 20081116 -9.7346e-05 3.1497e-10 ERS2
20060903 20090510 6.0173e-05 3.073e-10 ERS2
20061231 20090105 4.0287e-05 3.1461e-10 ALOS
20070402 20070703 -0.00027304 6.7146e-10 ALOS
20070518 20091008 2.7371e-06 2.9848e-10 ALOS
20070818 20071003 -0.00048662 7.8273e-10 ALOS
20071217 20100509 -3.9412e-05 3.0206e-10 ALOS
20080103 20100526 -6.5429e-05 2.977e-10 ALOS
20080404 20080520 9.6183e-06 7.8274e-10 ALOS
20080618 20090921 -6.2986e-05 3.7312e-10 ALOS
20080629 20090510 -0.000101 4.1331e-10 ERS2
20080705 20091008 3.1728e-05 3.6555e-10 ALOS
20080803 20090823 -1.0943e-05 3.8541e-10 ERS2
20081116 20090823 -0.00010444 4.3296e-10 ERS2
20081219 20090921 0.00025294 4.4669e-10 ALOS
20090105 20090708 -0.00011739 5.2912e-10 ALOS
20090510 20091101 -0.00044497 5.2126e-10 ERS2
20090708 20091008 0.0007405 6.715e-10 ALOS
20090823 20091101 -0.00013311 7.0458e-10 ERS2
20091222 20100624 0.00047547 5.2708e-10 ALOS
20100108 20100223 0.00053215 7.8277e-10 ALOS
20100223 20100526 7.6425e-05 6.7139e-10 ALOS
20100410 20100711 -0.00017371 6.715e-10 ALOS
20100509 20100624 0.00058307 7.806e-10 ALOS
20100526 20100711 0.00034522 7.8275e-10 ALOS
20100624 20101109 -2.0668e-05 5.8655e-10 ALOS
20100711 20101011 0.00020136 6.7154e-10 ALOS
20100809 20101109 -0.00016589 6.6865e-10 ALOS
20101011 20101126 0.00024766 7.8275e-10 ALOS
20110111 20110226 0.00069569 7.8273e-10 ALOS
20110924 20130715 4.2412e-05 3.2376e-10 TSX
20111005 20121229 -8.6282e-05 3.6924e-10 TSX
20111121 20171221 -1.6225e-05 2.5108e-10 TSX
20111221 20130131 -5.0476e-06 3.8617e-10 TSX
20111224 20121027 -2.1142e-05 4.1948e-10 TSX
20120126 20140419 -3.0864e-05 2.9002e-10 TSX
20120203 20160320 -1.403e-06 2.5182e-10 TSX
20120206 20171107 4.2808e-06 2.8407e-10 TSX
20120617 20171129 -1.4678e-05 2.7428e-10 TSX
20120723 20160120 8.821e-05 2.7053e-10 TSX
20121024 20130109 -3.3413e-05 7.0817e-10 TSX
20121027 20151226 -2.3452e-05 2.6626e-10 TSX
20121030 20130311 1.4705e-05 5.871e-10 TSX
20121107 20171118 5.4492e-07 2.6536e-10 TSX
20121221 20160208 -1.5614e-05 2.6582e-10 TSX
20121224 20130516 -6.0704e-05 5.7058e-10 TSX
20121229 20130407 0.00011859 6.6104e-10 TSX
20130104 20130217 0.00011272 7.801e-10 TSX
20130109 20130715 0.00022201 5.2964e-10 TSX
20130112 20140511 -5.4047e-06 3.5394e-10 TSX
20130115 20130721 -0.00012933 5.1497e-10 TSX
20130126 20130823 -8.2707e-05 4.9085e-10 TSX
20130131 20130429 -4.4758e-05 6.8376e-10 TSX
20130203 20130729 -6.5603e-05 5.2404e-10 TSX
20130211 20130919 6.7741e-05 4.9668e-10 TSX
20130228 20141209 5.0134e-05 3.142e-10 TSX
20130311 20130801 -1.7056e-05 5.7051e-10 TSX
20130316 20130623 3.3277e-05 6.6105e-10 TSX
20130402 20150122 4.846e-05 2.9036e-10 TSX
20130407 20140530 -2.6233e-05 3.8141e-10 TSX
20130421 20171016 -5.0647e-07 2.7495e-10 TSX
20130424 20130721 -0.00017082 6.6889e-10 TSX
20130429 20130623 -3.6098e-06 7.6184e-10 TSX
20130505 20131028 -0.00043689 5.2621e-10 TSX
20130513 20151112 -1.8314e-05 2.8289e-10 TSX
20130516 20131017 -9.904e-05 5.545e-10 TSX
20130521 20130715 0.00034271 7.6187e-10 TSX
20130524 20171129 2.2769e-06 2.6147e-10 TSX
20130527 20140627 6.3193e-06 3.8361e-10 TSX
20130601 20130930 0.00030581 6.2046e-10 TSX
20130604 20141217 -9.286e-06 3.3871e-10 TSX
20130607 20140719 1.612e-05 3.7995e-10 TSX
20130612 20150105 2.2337e-06 3.3812e-10 TSX
20130615 20160106 -1.1781e-05 2.7633e-10 TSX
20130618 20140708 4.1316e-05 3.879e-10 TSX
20130623 20130715 0.00066054 8.6806e-10 TSX
20130629 20130914 0.0002677 6.9391e-10 TSX
20130707 20150130 1.7606e-07 3.3808e-10 TSX
20130710 20140901 1.1037e-05 3.7658e-10 TSX
20130715 20130726 -0.0024417 1.0162e-09 TSX
20130721 20131108 0.00069444 6.2447e-10 TSX
20130726 20150517 -1.8964e-06 3.2452e-10 TSX
20130729 20160904 -3.1425e-05 2.7044e-10 TSX
20130801 20151115 3.1955e-05 3.0007e-10 TSX
20130817 20140209 -0.00017501 5.4235e-10 TSX
20130828 20150312 1.5582e-06 3.4059e-10 TSX
20130903 20150329 -6.4114e-05 3.1146e-10 TSX
20130919 20160309 4.7558e-06 2.83e-10 TSX
20130925 20140708 -4.8659e-05 4.3196e-10 TSX
20130930 20160411 -1.649e-05 3.0408e-10 TSX
20131011 20150802 -8.6094e-06 3.2014e-10 TSX
20131017 20140719 -1.0998e-05 4.3938e-10 TSX
20131028 20160304 1.5171e-05 3.0479e-10 TSX
20131102 20140519 3.0099e-06 5.1813e-10 TSX
20131108 20140708 -4.447e-05 4.6341e-10 TSX
20140209 20160309 7.5476e-05 3.1168e-10 TSX
20140223 20140829 2.1197e-05 5.1181e-10 TSX
20140408 20140705 -5.2892e-05 6.6637e-10 TSX
20140419 20170913 1.9879e-05 2.9054e-10 TSX
20140511 20141228 -2.583e-05 4.7042e-10 TSX
20140519 20150824 -6.738e-06 3.6497e-10 TSX
20140624 20171005 9.4643e-06 2.7599e-10 TSX
20140627 20151115 -7.1052e-06 3.412e-10 TSX
20140705 20180911 1.3672e-05 2.6883e-10 TSX
20140708 20160406 2.5621e-05 3.137e-10 TSX
20140716 20171005 -9.348e-06 2.6998e-10 TSX
20140719 20151207 3.7362e-05 3.4145e-10 TSX
20140727 20150326 -3.8288e-05 4.6173e-10 TSX
20140810 20150122 2.1918e-05 5.4055e-10 TSX
20140818 20160301 -2.5432e-05 3.2424e-10 TSX
20140829 20160208 -2.0848e-05 3.3154e-10 TSX
20140901 20140912 -0.00027819 9.7244e-10 TSX
20140912 20141209 -3.5252e-05 6.6889e-10 TSX
20140920 20170902 -1.2267e-05 2.7705e-10 TSX
20141209 20160211 -3.0384e-05 3.6491e-10 TSX
20141217 20160722 -1.8329e-05 3.1979e-10 TSX
20141228 20160106 -2.4047e-05 3.8231e-10 TSX
20141231 20151024 5.5406e-05 4.2544e-10 TSX
20150105 20150824 -1.1245e-05 4.868e-10 TSX
20150108 20170811 1.9821e-05 2.9587e-10 TSX
20150119 20160117 6.7603e-06 3.8754e-10 TSX
20150127 20160411 -7.3203e-06 3.7341e-10 TSX
20150130 20151112 -6.1421e-05 4.2873e-10 TSX
20150210 20170114 -6.4708e-06 2.979e-10 TSX
20150213 20160326 4.0242e-05 3.6887e-10 TSX
20150218 20160216 9.2307e-08 4.0324e-10 TSX
20150221 20180112 1.615e-05 2.7277e-10 TSX
20150304 20180911 -7.5019e-06 2.7316e-10 TSX
20150307 20160211 2.3284e-05 4.0169e-10 TSX
20150312 20160320 -7.6163e-05 3.9829e-10 TSX
20150326 20150827 3.4697e-05 5.5117e-10 TSX
20150329 20151207 2.3664e-05 4.5549e-10 TSX
20150428 20160425 2.6818e-06 3.8695e-10 TSX
20150509 20150827 1.8067e-05 6.2138e-10 TSX
20150517 20150824 4.2211e-05 6.6104e-10 TSX
20150520 20180911 -7.6129e-06 2.7998e-10 TSX
20150714 20170822 1.642e-05 3.0762e-10 TSX
20150725 20170924 -1.7242e-05 2.9215e-10 TSX
20150802 20160309 -6.1728e-05 4.9668e-10 TSX
20150805 20160403 -6.8351e-05 4.6153e-10 TSX
20150816 20171107 -2.1474e-06 2.9322e-10 TSX
20150824 20150915 0.00063465 8.6795e-10 TSX
20150827 20170902 -4.958e-06 3.0344e-10 TSX
20150915 20160216 -8.2547e-05 5.7016e-10 TSX
20151021 20160904 -9.4406e-05 4.1247e-10 TSX
20151101 20171016 -6.9629e-06 3.0612e-10 TSX
20151112 20160425 1.9178e-05 5.3725e-10 TSX
20151115 20151229 0.00018135 7.801e-10 TSX
20151123 20171221 8.2448e-06 3.1593e-10 TSX
20151204 20151215 0.00016973 9.8271e-10 TSX
20151207 20160406 -0.00011909 6.0508e-10 TSX
20151215 20170822 -6.2706e-07 3.2768e-10 TSX
20151226 20161223 1.849e-05 3.9359e-10 TSX
20151229 20160211 1.2981e-05 7.801e-10 TSX
20160106 20161223 8.7456e-06 3.983e-10 TSX
20160117 20160926 -2.0848e-05 4.5311e-10 TSX
20160128 20160301 -0.00018336 8.1334e-10 TSX
20160208 20160312 -7.2142e-05 8.1334e-10 TSX
20160216 20160309 -0.00038101 8.6795e-10 TSX
20160219 20180319 1.3028e-06 3.0048e-10 TSX
20160301 20161201 9.723e-06 4.387e-10 TSX
20160304 20160326 2.5774e-05 8.5426e-10 TSX
20160312 20180319 1.6315e-05 3.0134e-10 TSX
20160320 20160411 0.00042995 8.6795e-10 TSX
20160323 20171118 -2.0821e-05 3.2004e-10 TSX
20160326 20160406 -0.00049726 9.7237e-10 TSX
20160403 20171027 1.4287e-05 3.2459e-10 TSX
20160425 20170811 1.2195e-05 3.5527e-10 TSX
20160528 20160630 5.8292e-05 8.1334e-10 TSX
20160630 20171118 -1.3786e-05 3.4075e-10 TSX
20160722 20161201 5.0708e-05 5.8363e-10 TSX
20160904 20180707 3.7096e-05 3.2232e-10 TSX
20160915 20180911 -8.4325e-06 3.0146e-10 TSX
20160926 20170114 -3.9574e-05 6.2146e-10 TSX
20161201 20171027 -1.3039e-05 4.1116e-10 TSX
20161223 20171107 -1.17e-05 4.1441e-10 TSX
20170114 20170902 2.1005e-05 4.6796e-10 TSX
20170811 20171005 -8.1414e-05 7.4848e-10 TSX
20170822 20180707 -1.7303e-05 4.1394e-10 TSX
20170913 20180707 -2.7234e-05 4.2509e-10 TSX
20170924 20180319 5.3889e-06 5.241e-10 TSX
20171005 20171107 1.9725e-05 8.1334e-10 TSX
20171016 20180319 1.479e-05 5.5154e-10 TSX
20171027 20180911 -3.5853e-05 4.1392e-10 TSX
20171107 20171118 7.9342e-05 9.8271e-10 TSX
20171118 20171129 5.2555e-05 9.8271e-10 TSX
20171129 20171221 7.0639e-06 8.5653e-10 TSX
20171210 20180820 -4.8934e-05 4.5355e-10 TSX
20171221 20180911 -8.7223e-05 4.4567e-10 TSX
20180112 20181003 -4.4338e-06 4.458e-10 TSX
20180319 20180707 -5.2355e-05 6.2149e-10 TSX
20180707 20180911 6.7481e-05 7.1916e-10 TSX
20180729 20181003 5.7861e-05 7.1916e-10 TSX
20180820 20181003 0.00018002 7.7963e-10 TSX
20180911 20181003 -0.00012928 8.5653e-10 TSX
