20030427 20030914 0.0003518 5.6868e-10 ERS2
20030914 20080629 3.2409e-05 3.0443e-10 ERS2
20050918 20090510 -2.3553e-06 3.0154e-10 ERS2
20051127 20081116 0.0002041 3.0816e-10 ERS2
20060903 20090510 -0.00022282 3.1425e-10 ERS2
20061231 20090105 7.6209e-05 3.3315e-10 ALOS
20070402 20070703 -8.1198e-05 6.6772e-10 ALOS
20070518 20091008 -3.6309e-05 3.2479e-10 ALOS
20070818 20071003 -0.00021859 7.7679e-10 ALOS
20071217 20100509 -0.00047657 3.2186e-10 ALOS
20080103 20100526 9.5552e-05 3.0811e-10 ALOS
20080404 20080520 -0.00015179 7.7717e-10 ALOS
20080618 20090921 -9.037e-05 3.7262e-10 ALOS
20080629 20090510 -0.00015749 4.1898e-10 ERS2
20080705 20091008 6.1038e-05 3.6593e-10 ALOS
20080803 20090823 -3.7931e-05 3.8349e-10 ERS2
20081116 20090823 5.9601e-05 4.319e-10 ERS2
20081219 20090921 -7.4219e-06 4.4805e-10 ALOS
20090105 20090708 -0.00044723 5.319e-10 ALOS
20090510 20091101 7.83e-05 5.2508e-10 ERS2
20090708 20091008 0.00014409 6.6731e-10 ALOS
20090823 20091101 0.00016053 6.986e-10 ERS2
20091222 20100624 7.2781e-05 5.2872e-10 ALOS
20100108 20100223 0.00017364 7.7793e-10 ALOS
20100223 20100526 -0.00031729 6.6895e-10 ALOS
20100410 20100711 8.2242e-06 6.6778e-10 ALOS
20100509 20100624 0.00057984 7.7456e-10 ALOS
20100526 20100711 0.00036177 7.7673e-10 ALOS
20100624 20101109 2.7774e-05 5.8424e-10 ALOS
20100711 20101011 -0.00011034 6.6683e-10 ALOS
20100809 20101109 5.8681e-05 6.6406e-10 ALOS
20101011 20101126 0.00023478 7.7671e-10 ALOS
20110111 20110226 0.00047373 7.7671e-10 ALOS
20110924 20130715 -2.7844e-05 3.7403e-10 TSX
20111005 20121229 -1.0276e-05 4.2194e-10 TSX
20111121 20171221 6.807e-06 4.2579e-10 TSX
20111221 20130131 -1.6277e-05 3.8919e-10 TSX
20111224 20121027 5.7173e-06 4.1972e-10 TSX
20120126 20140419 -1.902e-05 3.7019e-10 TSX
20120203 20160320 6.4188e-05 3.8719e-10 TSX
20120206 20171107 -1.4785e-05 4.2504e-10 TSX
20120617 20171129 -1.2695e-06 4.3134e-10 TSX
20120723 20160120 -4.0348e-05 3.7337e-10 TSX
20121024 20130109 2.2995e-05 7.0296e-10 TSX
20121027 20151226 -2.1155e-05 4.3733e-10 TSX
20121030 20130311 -5.3766e-06 5.8479e-10 TSX
20121107 20171118 3.5011e-05 3.8023e-10 TSX
20121221 20160208 -7.0486e-05 4.426e-10 TSX
20121224 20130516 7.1225e-05 5.686e-10 TSX
20121229 20130407 1.8361e-05 6.5674e-10 TSX
20130104 20130217 -2.5521e-05 7.7412e-10 TSX
20130109 20130715 0.0001764 5.3551e-10 TSX
20130112 20140511 -2.2907e-05 3.866e-10 TSX
20130115 20130721 -8.1867e-05 5.3455e-10 TSX
20130126 20130823 0.00012389 5.2006e-10 TSX
20130131 20130429 -3.0128e-05 6.7875e-10 TSX
20130203 20130729 -2.1831e-05 5.254e-10 TSX
20130211 20130919 -2.8635e-05 5.017e-10 TSX
20130228 20141209 -2.8762e-05 4.1045e-10 TSX
20130311 20130801 -6.408e-05 5.7265e-10 TSX
20130316 20130623 -3.8948e-05 6.5767e-10 TSX
20130402 20150122 4.7283e-05 3.701e-10 TSX
20130407 20140530 -1.8192e-05 4.0276e-10 TSX
20130421 20171016 1.0072e-05 4.9451e-10 TSX
20130424 20130721 -0.00018288 6.6527e-10 TSX
20130429 20130623 -7.7449e-05 7.5582e-10 TSX
20130505 20131028 -0.00047315 6.1155e-10 TSX
20130513 20151112 4.4068e-05 4.5414e-10 TSX
20130516 20131017 -0.00020928 6.2357e-10 TSX
20130521 20130715 6.9552e-05 7.5584e-10 TSX
20130524 20171129 -3.899e-05 4.1317e-10 TSX
20130527 20140627 -6.4267e-05 4.033e-10 TSX
20130601 20130930 -4.7194e-05 6.1883e-10 TSX
20130604 20141217 1.7507e-05 4.5317e-10 TSX
20130607 20140719 -4.5476e-05 3.9621e-10 TSX
20130612 20150105 -9.873e-06 3.9261e-10 TSX
20130615 20160106 1.5909e-05 3.9892e-10 TSX
20130618 20140708 -5.9113e-05 3.9491e-10 TSX
20130623 20130715 0.00059393 8.6414e-10 TSX
20130629 20130914 3.398e-05 7.0492e-10 TSX
20130707 20150130 -3.1379e-05 3.7563e-10 TSX
20130710 20140901 3.6426e-05 4.146e-10 TSX
20130715 20130726 -0.0023538 1.0135e-09 TSX
20130721 20131108 0.00061807 6.6306e-10 TSX
20130726 20150517 1.0775e-05 4.2411e-10 TSX
20130729 20160904 1.9407e-05 3.8991e-10 TSX
20130801 20151115 -4.997e-06 4.1107e-10 TSX
20130817 20140209 2.1898e-05 5.412e-10 TSX
20130828 20150312 4.7182e-05 3.7535e-10 TSX
20130903 20150329 2.0884e-05 3.638e-10 TSX
20130919 20160309 -8.3921e-05 4.337e-10 TSX
20130925 20140708 0.00010288 4.6931e-10 TSX
20130930 20160411 3.7603e-05 4.6323e-10 TSX
20131011 20150802 -2.5184e-05 3.7874e-10 TSX
20131017 20140719 -5.0964e-05 4.5637e-10 TSX
20131028 20160304 -0.00011341 3.3921e-10 TSX
20131102 20140519 -1.0934e-06 5.1741e-10 TSX
20131108 20140708 6.8524e-05 5.3014e-10 TSX
20140209 20160309 -1.175e-05 3.8321e-10 TSX
20140223 20140829 3.6228e-05 5.1311e-10 TSX
20140408 20140705 4.1738e-06 6.614e-10 TSX
20140419 20170913 3.8401e-05 3.8683e-10 TSX
20140511 20141228 3.2964e-05 4.8363e-10 TSX
20140519 20150824 4.0204e-05 4.1892e-10 TSX
20140624 20171005 -6.5201e-05 4.3853e-10 TSX
20140627 20151115 0.00012302 4.5818e-10 TSX
20140705 20180911 6.4447e-06 3.7583e-10 TSX
20140708 20160406 6.3096e-05 4.5162e-10 TSX
20140716 20171005 -8.4546e-06 5.1502e-10 TSX
20140719 20151207 1.7332e-05 4.745e-10 TSX
20140727 20150326 -6.5746e-05 4.643e-10 TSX
20140810 20150122 0.0001052 5.5338e-10 TSX
20140818 20160301 3.5782e-05 4.5005e-10 TSX
20140829 20160208 6.8647e-05 5.1144e-10 TSX
20140901 20140912 -0.00027404 9.6936e-10 TSX
20140912 20141209 3.8163e-05 6.6478e-10 TSX
20140920 20170902 -2.2149e-05 4.2321e-10 TSX
20141209 20160211 -6.201e-05 4.0401e-10 TSX
20141217 20160722 -1.0243e-06 4.3745e-10 TSX
20141228 20160106 -2.4674e-05 4.5655e-10 TSX
20141231 20151024 -9.5419e-06 4.4779e-10 TSX
20150105 20150824 -0.00011436 4.9224e-10 TSX
20150108 20170811 -2.4523e-05 3.504e-10 TSX
20150119 20160117 3.546e-05 4.6412e-10 TSX
20150127 20160411 -6.9591e-05 4.5465e-10 TSX
20150130 20151112 2.8625e-05 4.6749e-10 TSX
20150210 20170114 5.7882e-05 4.466e-10 TSX
20150213 20160326 0.00013962 3.9294e-10 TSX
20150218 20160216 -4.8186e-05 4.6493e-10 TSX
20150221 20180112 -1.6173e-05 3.4805e-10 TSX
20150304 20180911 -5.1859e-05 4.9666e-10 TSX
20150307 20160211 -2.1638e-05 4.2348e-10 TSX
20150312 20160320 -5.694e-05 4.1198e-10 TSX
20150326 20150827 3.3081e-05 5.6209e-10 TSX
20150329 20151207 3.9599e-05 4.9273e-10 TSX
20150428 20160425 6.5919e-05 4.6558e-10 TSX
20150509 20150827 3.1029e-05 6.3553e-10 TSX
20150517 20150824 -0.00030829 6.63e-10 TSX
20150520 20180911 -6.1966e-05 3.3134e-10 TSX
20150714 20170822 -1.4525e-06 4.0616e-10 TSX
20150725 20170924 1.5491e-05 4.5601e-10 TSX
20150802 20160309 -4.5912e-05 5.0901e-10 TSX
20150805 20160403 4.1253e-05 4.6658e-10 TSX
20150816 20171107 4.2072e-05 4.323e-10 TSX
20150824 20150915 0.00061883 8.6404e-10 TSX
20150827 20170902 2.1377e-05 3.6742e-10 TSX
20150915 20160216 -0.00014196 5.8145e-10 TSX
20151021 20160904 -6.6847e-05 4.4113e-10 TSX
20151101 20171016 -5.9438e-06 3.745e-10 TSX
20151112 20160425 -2.2397e-05 5.3875e-10 TSX
20151115 20151229 7.747e-05 7.7412e-10 TSX
20151123 20171221 -1.0801e-05 4.1345e-10 TSX
20151204 20151215 0.00017127 9.7882e-10 TSX
20151207 20160406 -4.5243e-05 6.0242e-10 TSX
20151215 20170822 -1.394e-05 4.7186e-10 TSX
20151226 20161223 2.9445e-05 4.0399e-10 TSX
20151229 20160211 5.365e-06 7.7412e-10 TSX
20160106 20161223 4.6857e-05 4.0678e-10 TSX
20160117 20160926 5.3774e-05 4.658e-10 TSX
20160128 20160301 -0.00021887 8.0703e-10 TSX
20160208 20160312 -8.1952e-05 8.0703e-10 TSX
20160216 20160309 -0.00036088 8.6404e-10 TSX
20160219 20180319 2.0952e-05 4.452e-10 TSX
20160301 20161201 7.8253e-05 4.3962e-10 TSX
20160304 20160326 5.6797e-05 8.5004e-10 TSX
20160312 20180319 2.9045e-05 4.1303e-10 TSX
20160320 20160411 0.00034784 8.6406e-10 TSX
20160323 20171118 2.2443e-05 3.716e-10 TSX
20160326 20160406 -0.0005199 9.6929e-10 TSX
20160403 20171027 4.3261e-05 3.8517e-10 TSX
20160425 20170811 -3.1009e-07 4.3252e-10 TSX
20160528 20160630 1.3923e-05 8.0703e-10 TSX
20160630 20171118 2.1269e-05 3.64e-10 TSX
20160722 20161201 0.00013621 5.8196e-10 TSX
20160904 20180707 -1.3226e-06 3.828e-10 TSX
20160915 20180911 6.433e-06 3.7372e-10 TSX
20160926 20170114 8.1523e-05 6.2206e-10 TSX
20161201 20171027 -5.9572e-05 4.3545e-10 TSX
20161223 20171107 -6.5939e-05 4.5531e-10 TSX
20170114 20170902 -7.7953e-05 4.7381e-10 TSX
20170811 20171005 -3.1846e-05 7.4155e-10 TSX
20170822 20180707 -7.0204e-05 4.1467e-10 TSX
20170913 20180707 -0.00012966 4.2696e-10 TSX
20170924 20180319 -3.3764e-05 5.2325e-10 TSX
20171005 20171107 7.6338e-05 8.0703e-10 TSX
20171016 20180319 -1.784e-05 5.5014e-10 TSX
20171027 20180911 -1.2684e-05 4.1415e-10 TSX
20171107 20171118 7.1456e-05 9.7882e-10 TSX
20171118 20171129 5.8148e-05 9.7882e-10 TSX
20171129 20171221 -9.8996e-06 8.514e-10 TSX
20171210 20180820 -9.1237e-05 4.5379e-10 TSX
20171221 20180911 -4.0008e-05 4.4749e-10 TSX
20180112 20181003 9.8211e-06 4.5157e-10 TSX
20180319 20180707 -0.00016235 6.1829e-10 TSX
20180707 20180911 0.00025232 7.1268e-10 TSX
20180729 20181003 -7.8063e-06 7.1268e-10 TSX
20180820 20181003 0.00013283 7.7271e-10 TSX
20180911 20181003 -0.00020502 8.514e-10 TSX
