20030427 20030914 -0.00042978 5.6926e-10 ERS2
20030914 20080629 7.024e-05 2.7212e-10 ERS2
20050918 20090510 4.8736e-05 2.9755e-10 ERS2
20051127 20081116 -3.4428e-05 3.1545e-10 ERS2
20060903 20090510 -8.0991e-05 3.1984e-10 ERS2
20061231 20090105 0.00014724 3.1406e-10 ALOS
20070402 20070703 -0.00020395 6.7279e-10 ALOS
20070518 20091008 7.3451e-05 3.0429e-10 ALOS
20070818 20071003 -0.00044128 7.832e-10 ALOS
20071217 20100509 -6.2552e-05 2.9941e-10 ALOS
20080103 20100526 1.0935e-05 3.0304e-10 ALOS
20080404 20080520 3.281e-05 7.8322e-10 ALOS
20080618 20090921 5.2114e-05 3.7287e-10 ALOS
20080629 20090510 -0.00027541 4.1315e-10 ERS2
20080705 20091008 0.00014612 3.6545e-10 ALOS
20080803 20090823 -3.8557e-05 3.8357e-10 ERS2
20081116 20090823 5.4585e-05 4.3302e-10 ERS2
20081219 20090921 0.00030675 4.4678e-10 ALOS
20090105 20090708 -4.5474e-05 5.3604e-10 ALOS
20090510 20091101 -9.1996e-05 5.2163e-10 ERS2
20090708 20091008 0.00070776 6.7269e-10 ALOS
20090823 20091101 -0.00030016 7.0471e-10 ERS2
20091222 20100624 6.377e-05 5.2784e-10 ALOS
20100108 20100223 0.00036331 7.8403e-10 ALOS
20100223 20100526 0.00029605 6.7492e-10 ALOS
20100410 20100711 -0.00014301 6.7244e-10 ALOS
20100509 20100624 0.00050225 7.8103e-10 ALOS
20100526 20100711 0.00032206 7.8318e-10 ALOS
20100624 20101109 0.00018938 5.8697e-10 ALOS
20100711 20101011 0.00034102 6.7286e-10 ALOS
20100809 20101109 -0.00012435 6.6913e-10 ALOS
20101011 20101126 1.1704e-05 7.8327e-10 ALOS
20110111 20110226 0.00059793 7.8318e-10 ALOS
20110924 20130715 0.00016738 3.258e-10 TSX
20111005 20121229 2.0529e-05 3.6939e-10 TSX
20111121 20171221 1.8425e-05 2.7384e-10 TSX
20111221 20130131 6.3076e-05 3.861e-10 TSX
20111224 20121027 -1.1574e-05 4.1883e-10 TSX
20120126 20140419 -7.9871e-05 2.9872e-10 TSX
20120203 20160320 6.0297e-05 2.8854e-10 TSX
20120206 20171107 1.6211e-05 2.8655e-10 TSX
20120617 20171129 4.6426e-05 2.833e-10 TSX
20120723 20160120 -2.4794e-05 2.9433e-10 TSX
20121024 20130109 0.00010072 7.0885e-10 TSX
20121027 20151226 -2.982e-05 2.93e-10 TSX
20121030 20130311 2.1724e-07 5.8751e-10 TSX
20121107 20171118 8.1707e-06 2.6977e-10 TSX
20121221 20160208 -3.9838e-05 2.8658e-10 TSX
20121224 20130516 1.4836e-05 5.7093e-10 TSX
20121229 20130407 -9.6016e-06 6.6155e-10 TSX
20130104 20130217 -1.2051e-05 7.8047e-10 TSX
20130109 20130715 0.00017513 5.3204e-10 TSX
20130112 20140511 -5.0624e-05 3.5819e-10 TSX
20130115 20130721 -4.9532e-05 5.1661e-10 TSX
20130126 20130823 -7.7203e-05 5.0432e-10 TSX
20130131 20130429 -7.5116e-06 6.8428e-10 TSX
20130203 20130729 -5.1085e-05 5.2421e-10 TSX
20130211 20130919 9.9285e-05 4.9717e-10 TSX
20130228 20141209 0.00013373 3.1623e-10 TSX
20130311 20130801 3.4014e-05 5.7086e-10 TSX
20130316 20130623 3.3433e-05 6.6156e-10 TSX
20130402 20150122 0.00013539 3.0604e-10 TSX
20130407 20140530 4.7572e-05 3.8136e-10 TSX
20130421 20171016 5.5757e-05 2.6813e-10 TSX
20130424 20130721 -8.6949e-05 6.693e-10 TSX
20130429 20130623 -3.9942e-05 7.6234e-10 TSX
20130505 20131028 -0.00039975 5.2747e-10 TSX
20130513 20151112 -7.7844e-06 2.935e-10 TSX
20130516 20131017 -0.00013245 5.5884e-10 TSX
20130521 20130715 0.00040466 7.6237e-10 TSX
20130524 20171129 2.9241e-05 2.8641e-10 TSX
20130527 20140627 8.8376e-05 3.8348e-10 TSX
20130601 20130930 0.00046771 6.2093e-10 TSX
20130604 20141217 -9.9183e-06 3.4409e-10 TSX
20130607 20140719 8.6249e-05 3.795e-10 TSX
20130612 20150105 6.9852e-05 3.3785e-10 TSX
20130615 20160106 3.2035e-05 2.8767e-10 TSX
20130618 20140708 9.3501e-05 3.8835e-10 TSX
20130623 20130715 0.00072662 8.685e-10 TSX
20130629 20130914 0.00040453 6.9426e-10 TSX
20130707 20150130 -4.2945e-05 3.3864e-10 TSX
20130710 20140901 0.00010241 3.7689e-10 TSX
20130715 20130726 -0.002485 1.0166e-09 TSX
20130721 20131108 0.00065367 6.2492e-10 TSX
20130726 20150517 6.5862e-05 3.2527e-10 TSX
20130729 20160904 2.2634e-05 2.7641e-10 TSX
20130801 20151115 0.00011484 3.3387e-10 TSX
20130817 20140209 -0.0001114 5.4272e-10 TSX
20130828 20150312 9.4801e-05 3.4e-10 TSX
20130903 20150329 1.4412e-05 3.1772e-10 TSX
20130919 20160309 7.1452e-05 2.9078e-10 TSX
20130925 20140708 -5.9125e-06 4.3203e-10 TSX
20130930 20160411 -1.7419e-06 2.963e-10 TSX
20131011 20150802 6.5082e-05 3.2165e-10 TSX
20131017 20140719 1.0178e-05 4.3945e-10 TSX
20131028 20160304 1.2035e-05 3.1145e-10 TSX
20131102 20140519 -8.6077e-05 5.1841e-10 TSX
20131108 20140708 -1.4528e-05 4.6363e-10 TSX
20140209 20160309 0.00010065 3.2385e-10 TSX
20140223 20140829 5.6493e-05 5.1188e-10 TSX
20140408 20140705 -5.7539e-05 6.6664e-10 TSX
20140419 20170913 5.5279e-05 2.8622e-10 TSX
20140511 20141228 -7.18e-06 4.705e-10 TSX
20140519 20150824 0.000104 3.6623e-10 TSX
20140624 20171005 1.0693e-05 2.7324e-10 TSX
20140627 20151115 6.9534e-05 3.437e-10 TSX
20140705 20180911 -3.8017e-06 2.6182e-10 TSX
20140708 20160406 0.0001174 3.1461e-10 TSX
20140716 20171005 2.2981e-05 2.7245e-10 TSX
20140719 20151207 0.00013286 3.4177e-10 TSX
20140727 20150326 -6.3687e-05 4.6186e-10 TSX
20140810 20150122 4.6838e-05 5.4083e-10 TSX
20140818 20160301 -3.7456e-05 3.2563e-10 TSX
20140829 20160208 -3.1422e-05 3.3349e-10 TSX
20140901 20140912 -0.0002902 9.727e-10 TSX
20140912 20141209 -9.7683e-06 6.693e-10 TSX
20140920 20170902 6.2552e-05 2.8359e-10 TSX
20141209 20160211 4.3239e-05 3.6623e-10 TSX
20141217 20160722 -1.4371e-05 3.2593e-10 TSX
20141228 20160106 -8.1623e-06 3.8265e-10 TSX
20141231 20151024 0.00014262 4.2579e-10 TSX
20150105 20150824 3.1187e-05 4.8713e-10 TSX
20150108 20170811 -5.0136e-06 2.8442e-10 TSX
20150119 20160117 2.3228e-05 3.8815e-10 TSX
20150127 20160411 6.7964e-05 3.7759e-10 TSX
20150130 20151112 2.8897e-05 4.2944e-10 TSX
20150210 20170114 4.5782e-06 3.113e-10 TSX
20150213 20160326 8.5086e-05 3.7862e-10 TSX
20150218 20160216 8.1812e-05 4.0321e-10 TSX
20150221 20180112 3.4432e-05 2.8796e-10 TSX
20150304 20180911 -1.4599e-06 2.7412e-10 TSX
20150307 20160211 9.3348e-05 4.0188e-10 TSX
20150312 20160320 1.6329e-05 3.9899e-10 TSX
20150326 20150827 0.00012581 5.5138e-10 TSX
20150329 20151207 0.00011477 4.5566e-10 TSX
20150428 20160425 3.4096e-06 3.8745e-10 TSX
20150509 20150827 9.2391e-05 6.2178e-10 TSX
20150517 20150824 8.426e-05 6.6156e-10 TSX
20150520 20180911 -4.8527e-05 2.7703e-10 TSX
20150714 20170822 -1.8563e-05 3.009e-10 TSX
20150725 20170924 2.5679e-05 3.0613e-10 TSX
20150802 20160309 -6.8081e-05 4.9716e-10 TSX
20150805 20160403 -0.00012194 4.6221e-10 TSX
20150816 20171107 -1.966e-05 2.9824e-10 TSX
20150824 20150915 0.00069865 8.6837e-10 TSX
20150827 20170902 -1.3254e-05 3.1461e-10 TSX
20150915 20160216 -7.6939e-05 5.7059e-10 TSX
20151021 20160904 -8.8322e-05 4.134e-10 TSX
20151101 20171016 -2.8959e-05 3.0797e-10 TSX
20151112 20160425 -8.4841e-05 5.3741e-10 TSX
20151115 20151229 0.00018841 7.8046e-10 TSX
20151123 20171221 -1.8836e-05 3.0761e-10 TSX
20151204 20151215 0.00016957 9.8262e-10 TSX
20151207 20160406 -0.00012821 6.0545e-10 TSX
20151215 20170822 -1.3741e-05 3.3216e-10 TSX
20151226 20161223 -6.2832e-06 3.9388e-10 TSX
20151229 20160211 1.1998e-05 7.8046e-10 TSX
20160106 20161223 -5.9982e-06 3.9813e-10 TSX
20160117 20160926 5.5031e-06 4.5375e-10 TSX
20160128 20160301 -0.00016514 8.1342e-10 TSX
20160208 20160312 -6.05e-05 8.1342e-10 TSX
20160216 20160309 -0.00039857 8.6837e-10 TSX
20160219 20180319 -4.4792e-05 3.112e-10 TSX
20160301 20161201 3.2596e-05 4.3904e-10 TSX
20160304 20160326 1.7805e-05 8.5454e-10 TSX
20160312 20180319 -5.6439e-05 3.178e-10 TSX
20160320 20160411 0.0003987 8.6838e-10 TSX
20160323 20171118 -7.143e-06 3.2306e-10 TSX
20160326 20160406 -0.0004927 9.7263e-10 TSX
20160403 20171027 3.7752e-05 3.4137e-10 TSX
20160425 20170811 4.1879e-05 3.6601e-10 TSX
20160528 20160630 7.2321e-05 8.1342e-10 TSX
20160630 20171118 -2.7941e-06 3.5464e-10 TSX
20160722 20161201 6.7749e-05 5.8385e-10 TSX
20160904 20180707 -5.4838e-05 3.2638e-10 TSX
20160915 20180911 -7.1019e-05 3.1384e-10 TSX
20160926 20170114 -7.6834e-05 6.2175e-10 TSX
20161201 20171027 -2.7601e-05 4.1152e-10 TSX
20161223 20171107 -1.1957e-05 4.1097e-10 TSX
20170114 20170902 1.6518e-05 4.7036e-10 TSX
20170811 20171005 -6.9606e-05 7.487e-10 TSX
20170822 20180707 -0.00017063 4.1391e-10 TSX
20170913 20180707 -0.00019316 4.2476e-10 TSX
20170924 20180319 -0.00018396 5.2423e-10 TSX
20171005 20171107 3.097e-05 8.1342e-10 TSX
20171016 20180319 -0.00017787 5.5174e-10 TSX
20171027 20180911 -0.00015065 4.1374e-10 TSX
20171107 20171118 7.5195e-05 9.8262e-10 TSX
20171118 20171129 5.8367e-05 9.8262e-10 TSX
20171129 20171221 1.0885e-06 8.5653e-10 TSX
20171210 20180820 -0.0001463 4.5373e-10 TSX
20171221 20180911 -0.00016578 4.4579e-10 TSX
20180112 20181003 -4.9336e-05 4.4599e-10 TSX
20180319 20180707 -7.5386e-05 6.2174e-10 TSX
20180707 20180911 0.0001704 7.1941e-10 TSX
20180729 20181003 0.00011423 7.1941e-10 TSX
20180820 20181003 0.00021015 7.798e-10 TSX
20180911 20181003 -0.00015625 8.5653e-10 TSX
