20030427 20030914 0.00068626 5.6732e-10 ERS2
20030914 20080629 -5.6255e-05 2.9307e-10 ERS2
20050918 20090510 -9.1666e-05 3.1552e-10 ERS2
20051127 20081116 7.8357e-05 3.0642e-10 ERS2
20060903 20090510 -4.8187e-05 3.2062e-10 ERS2
20061231 20090105 -8.6167e-05 3.1835e-10 ALOS
20070402 20070703 6.3717e-05 6.7083e-10 ALOS
20070518 20091008 -7.987e-05 3.143e-10 ALOS
20070818 20071003 -0.00017939 7.8197e-10 ALOS
20071217 20100509 -0.00029364 3.0579e-10 ALOS
20080103 20100526 -0.00016091 3.2489e-10 ALOS
20080404 20080520 0.00012196 7.8194e-10 ALOS
20080618 20090921 -6.016e-05 3.7387e-10 ALOS
20080629 20090510 -0.00056669 4.1804e-10 ERS2
20080705 20091008 0.0001576 3.6573e-10 ALOS
20080803 20090823 -0.00034305 3.8241e-10 ERS2
20081116 20090823 0.00023714 4.3244e-10 ERS2
20081219 20090921 9.0004e-05 4.4869e-10 ALOS
20090105 20090708 3.4166e-05 5.3322e-10 ALOS
20090510 20091101 0.00024089 5.2341e-10 ERS2
20090708 20091008 0.00030633 6.71e-10 ALOS
20090823 20091101 0.00052204 7.0053e-10 ERS2
20091222 20100624 0.00017452 5.2686e-10 ALOS
20100108 20100223 0.00030132 7.819e-10 ALOS
20100223 20100526 -3.245e-05 6.7139e-10 ALOS
20100410 20100711 2.6676e-05 6.716e-10 ALOS
20100509 20100624 0.00070866 7.7949e-10 ALOS
20100526 20100711 0.0005016 7.8191e-10 ALOS
20100624 20101109 1.9087e-05 5.8588e-10 ALOS
20100711 20101011 -2.9001e-05 6.7055e-10 ALOS
20100809 20101109 -0.00012491 6.674e-10 ALOS
20101011 20101126 0.00014131 7.8191e-10 ALOS
20110111 20110226 0.00045997 7.819e-10 ALOS
20110924 20130715 3.0969e-05 4.1466e-10 TSX
20111005 20121229 -2.0592e-06 3.8745e-10 TSX
20111121 20171221 2.3032e-05 4.38e-10 TSX
20111221 20130131 1.1745e-05 3.9254e-10 TSX
20111224 20121027 -1.5713e-05 4.2639e-10 TSX
20120126 20140419 -5.6791e-05 3.9748e-10 TSX
20120203 20160320 4.9031e-05 2.9381e-10 TSX
20120206 20171107 2.8518e-05 4.5114e-10 TSX
20120617 20171129 -1.2274e-06 5.1385e-10 TSX
20120723 20160120 -1.6559e-05 4.0381e-10 TSX
20121024 20130109 5.7039e-05 7.0853e-10 TSX
20121027 20151226 -0.00010886 4.2756e-10 TSX
20121030 20130311 -1.4918e-05 5.8596e-10 TSX
20121107 20171118 -8.3678e-06 4.4844e-10 TSX
20121221 20160208 2.5405e-05 3.7967e-10 TSX
20121224 20130516 -0.00010577 5.6952e-10 TSX
20121229 20130407 -3.1722e-05 6.6112e-10 TSX
20130104 20130217 -4.9932e-05 7.7832e-10 TSX
20130109 20130715 0.00017228 5.4831e-10 TSX
20130112 20140511 1.5168e-05 4.941e-10 TSX
20130115 20130721 -0.00030142 5.3092e-10 TSX
20130126 20130823 -0.0003907 5.6667e-10 TSX
20130131 20130429 -4.1289e-05 6.8307e-10 TSX
20130203 20130729 -4.3332e-05 5.3709e-10 TSX
20130211 20130919 -1.1275e-05 5.372e-10 TSX
20130228 20141209 0.00010681 4.8478e-10 TSX
20130311 20130801 -0.00016823 5.9729e-10 TSX
20130316 20130623 -9.8787e-05 6.6431e-10 TSX
20130402 20150122 2.7556e-05 3.885e-10 TSX
20130407 20140530 -3.7355e-05 4.075e-10 TSX
20130421 20171016 4.7071e-05 3.8661e-10 TSX
20130424 20130721 -0.00034885 6.7269e-10 TSX
20130429 20130623 -0.00012072 7.6251e-10 TSX
20130505 20131028 -0.00092293 5.5275e-10 TSX
20130513 20151112 -4.526e-05 3.8201e-10 TSX
20130516 20131017 -0.00037453 5.7515e-10 TSX
20130521 20130715 0.0003132 7.634e-10 TSX
20130524 20171129 2.7406e-05 4.471e-10 TSX
20130527 20140627 7.6989e-06 4.3809e-10 TSX
20130601 20130930 0.00017265 6.2812e-10 TSX
20130604 20141217 7.8898e-05 4.3829e-10 TSX
20130607 20140719 2.7483e-05 4.4904e-10 TSX
20130612 20150105 5.6865e-06 3.9518e-10 TSX
20130615 20160106 -4.552e-05 4.933e-10 TSX
20130618 20140708 -2.3845e-05 4.2317e-10 TSX
20130623 20130715 0.0007137 8.6877e-10 TSX
20130629 20130914 0.0001013 6.9773e-10 TSX
20130707 20150130 4.1731e-05 5.0066e-10 TSX
20130710 20140901 5.0732e-05 4.0153e-10 TSX
20130715 20130726 -0.0024775 1.0174e-09 TSX
20130721 20131108 0.00065575 6.3851e-10 TSX
20130726 20150517 0.00013671 4.369e-10 TSX
20130729 20160904 -8.3963e-05 3.858e-10 TSX
20130801 20151115 7.75e-05 3.7518e-10 TSX
20130817 20140209 -0.00011306 5.5426e-10 TSX
20130828 20150312 0.00011743 4.1201e-10 TSX
20130903 20150329 -0.00012061 4.1764e-10 TSX
20130919 20160309 6.3831e-05 3.4876e-10 TSX
20130925 20140708 -2.2906e-05 4.4505e-10 TSX
20130930 20160411 -3.5872e-06 3.7235e-10 TSX
20131011 20150802 7.0457e-07 3.6256e-10 TSX
20131017 20140719 5.9269e-05 4.5257e-10 TSX
20131028 20160304 -5.0271e-05 3.8013e-10 TSX
20131102 20140519 6.782e-05 5.2279e-10 TSX
20131108 20140708 -8.701e-05 4.9088e-10 TSX
20140209 20160309 6.4336e-05 3.4674e-10 TSX
20140223 20140829 0.0001156 5.2622e-10 TSX
20140408 20140705 9.3344e-05 6.6336e-10 TSX
20140419 20170913 7.4262e-05 4.3018e-10 TSX
20140511 20141228 0.00011746 5.0212e-10 TSX
20140519 20150824 -1.3298e-05 3.8946e-10 TSX
20140624 20171005 1.7642e-05 4.718e-10 TSX
20140627 20151115 8.7152e-05 4.0148e-10 TSX
20140705 20180911 -2.7304e-05 3.5258e-10 TSX
20140708 20160406 -2.2874e-05 4.3394e-10 TSX
20140716 20171005 1.4196e-05 4.3499e-10 TSX
20140719 20151207 -1.9096e-05 4.0868e-10 TSX
20140727 20150326 -8.6889e-06 4.6977e-10 TSX
20140810 20150122 -0.00011174 5.4652e-10 TSX
20140818 20160301 -4.8909e-05 5.1537e-10 TSX
20140829 20160208 5.6188e-05 4.8085e-10 TSX
20140901 20140912 -0.00027884 9.7243e-10 TSX
20140912 20141209 -1.3548e-05 6.6701e-10 TSX
20140920 20170902 0.00012094 4.1294e-10 TSX
20141209 20160211 6.723e-05 4.0513e-10 TSX
20141217 20160722 1.6404e-05 4.2043e-10 TSX
20141228 20160106 7.1868e-05 4.8031e-10 TSX
20141231 20151024 -9.1691e-06 4.4446e-10 TSX
20150105 20150824 -2.9211e-05 5.0832e-10 TSX
20150108 20170811 4.0331e-05 5.8151e-10 TSX
20150119 20160117 0.0001082 4.7751e-10 TSX
20150127 20160411 1.2022e-05 3.9028e-10 TSX
20150130 20151112 -8.7535e-05 5.6768e-10 TSX
20150210 20170114 -6.1363e-05 4.2175e-10 TSX
20150213 20160326 0.00017029 4.2187e-10 TSX
20150218 20160216 2.0599e-05 4.1411e-10 TSX
20150221 20180112 -1.7366e-05 4.2736e-10 TSX
20150304 20180911 8.6919e-05 4.3201e-10 TSX
20150307 20160211 -3.9247e-07 4.2089e-10 TSX
20150312 20160320 -6.847e-05 4.1931e-10 TSX
20150326 20150827 8.5524e-05 5.6576e-10 TSX
20150329 20151207 -4.661e-05 4.6756e-10 TSX
20150428 20160425 4.1504e-05 4.3243e-10 TSX
20150509 20150827 -3.0719e-05 6.2608e-10 TSX
20150517 20150824 -0.00013459 6.6217e-10 TSX
20150520 20180911 3.6183e-05 4.6444e-10 TSX
20150714 20170822 -8.7166e-07 3.9917e-10 TSX
20150725 20170924 3.8127e-05 3.6626e-10 TSX
20150802 20160309 -0.0001094 5.0356e-10 TSX
20150805 20160403 0.00013839 4.6659e-10 TSX
20150816 20171107 5.1792e-05 3.5315e-10 TSX
20150824 20150915 0.00070171 8.6858e-10 TSX
20150827 20170902 -8.8629e-05 4.1388e-10 TSX
20150915 20160216 -6.4601e-05 5.7918e-10 TSX
20151021 20160904 -0.0001 4.3542e-10 TSX
20151101 20171016 -4.6234e-05 4.7561e-10 TSX
20151112 20160425 4.0836e-07 5.3786e-10 TSX
20151115 20151229 0.00011129 7.7832e-10 TSX
20151123 20171221 4.3752e-05 4.6812e-10 TSX
20151204 20151215 0.00015516 9.814e-10 TSX
20151207 20160406 -3.7299e-05 6.0365e-10 TSX
20151215 20170822 5.7065e-05 4.4571e-10 TSX
20151226 20161223 6.3274e-05 3.9205e-10 TSX
20151229 20160211 -7.3463e-06 7.7832e-10 TSX
20160106 20161223 7.9919e-05 3.9702e-10 TSX
20160117 20160926 -4.4772e-05 4.6558e-10 TSX
20160128 20160301 -0.00023153 8.1042e-10 TSX
20160208 20160312 -0.00012303 8.1042e-10 TSX
20160216 20160309 -0.00041226 8.6858e-10 TSX
20160219 20180319 8.1089e-05 4.4715e-10 TSX
20160301 20161201 0.00011769 4.376e-10 TSX
20160304 20160326 9.0532e-05 8.5367e-10 TSX
20160312 20180319 6.4537e-05 4.7621e-10 TSX
20160320 20160411 0.00036086 8.6858e-10 TSX
20160323 20171118 3.9667e-05 4.1668e-10 TSX
20160326 20160406 -0.00051567 9.7236e-10 TSX
20160403 20171027 0.00014722 3.9437e-10 TSX
20160425 20170811 6.1494e-05 4.4476e-10 TSX
20160528 20160630 -2.6132e-05 8.1042e-10 TSX
20160630 20171118 0.00010341 4.6489e-10 TSX
20160722 20161201 0.00018659 5.8251e-10 TSX
20160904 20180707 6.1384e-05 4.6598e-10 TSX
20160915 20180911 5.7346e-05 4.4434e-10 TSX
20160926 20170114 0.00022374 6.2124e-10 TSX
20161201 20171027 1.9979e-05 5.2695e-10 TSX
20161223 20171107 1.8802e-05 4.6054e-10 TSX
20170114 20170902 6.1866e-07 5.4251e-10 TSX
20170811 20171005 -7.2131e-05 7.4471e-10 TSX
20170822 20180707 -8.907e-05 4.1317e-10 TSX
20170913 20180707 -0.00017883 4.3384e-10 TSX
20170924 20180319 4.6067e-05 5.2367e-10 TSX
20171005 20171107 6.0357e-05 8.1042e-10 TSX
20171016 20180319 8.8367e-05 5.5053e-10 TSX
20171027 20180911 -1.591e-05 4.1427e-10 TSX
20171107 20171118 7.0376e-05 9.814e-10 TSX
20171118 20171129 5.9029e-05 9.814e-10 TSX
20171129 20171221 -4.141e-05 8.5445e-10 TSX
20171210 20180820 -9.1755e-05 4.5549e-10 TSX
20171221 20180911 -4.6681e-05 4.501e-10 TSX
20180112 20181003 4.3342e-05 4.5757e-10 TSX
20180319 20180707 -0.00028572 6.1967e-10 TSX
20180707 20180911 0.00026279 7.1537e-10 TSX
20180729 20181003 1.8346e-05 7.1537e-10 TSX
20180820 20181003 0.00018609 7.7611e-10 TSX
20180911 20181003 -0.00020767 8.5446e-10 TSX
