20030427 20030914 0.00013398 5.9517e-10 ERS2
20030914 20080629 -7.9124e-05 2.7234e-10 ERS2
20050918 20090510 2.1322e-05 3.052e-10 ERS2
20051127 20081116 0.00019921 3.0604e-10 ERS2
20060903 20090510 0.00019207 3.0632e-10 ERS2
20061231 20090105 0.00020404 3.4095e-10 ALOS
20070402 20070703 -5.3231e-05 7.0369e-10 ALOS
20070518 20091008 -8.4785e-05 3.0789e-10 ALOS
20070818 20071003 -0.0003308 8.013e-10 ALOS
20071217 20100509 -0.00012197 3.1554e-10 ALOS
20080103 20100526 0.00010677 3.4297e-10 ALOS
20080404 20080520 6.5541e-05 8.0203e-10 ALOS
20080618 20090921 -5.941e-06 3.8806e-10 ALOS
20080629 20090510 -0.00057865 4.321e-10 ERS2
20080705 20091008 8.0616e-05 3.7938e-10 ALOS
20080803 20090823 -9.2634e-05 3.9434e-10 ERS2
20081116 20090823 -0.00019082 4.4952e-10 ERS2
20081219 20090921 0.00021634 4.6924e-10 ALOS
20090105 20090708 0.0001656 5.6067e-10 ALOS
20090510 20091101 0.00065874 5.4993e-10 ERS2
20090708 20091008 0.00041022 7.037e-10 ALOS
20090823 20091101 -0.00021929 7.3134e-10 ERS2
20091222 20100624 -0.00015485 5.6101e-10 ALOS
20100108 20100223 0.00022024 8.01e-10 ALOS
20100223 20100526 0.00024409 7.0318e-10 ALOS
20100410 20100711 -0.00015079 7.0319e-10 ALOS
20100509 20100624 0.00063345 7.9926e-10 ALOS
20100526 20100711 0.00033262 8.0136e-10 ALOS
20100624 20101109 0.0001002 6.2079e-10 ALOS
20100711 20101011 0.0001393 7.0361e-10 ALOS
20100809 20101109 -6.7417e-05 7.0036e-10 ALOS
20101011 20101126 6.4436e-05 8.0137e-10 ALOS
20110111 20110226 0.00054326 8.0131e-10 ALOS
20110924 20130715 0.00012207 3.7068e-10 TSX
20111005 20121229 -0.00014141 4.2415e-10 TSX
20111121 20171221 2.9032e-05 4.288e-10 TSX
20111221 20130131 3.6694e-05 4.0039e-10 TSX
20111224 20121027 -2.4491e-05 4.3734e-10 TSX
20120126 20140419 -3.9582e-05 4.0435e-10 TSX
20120203 20160320 2.2255e-05 3.2433e-10 TSX
20120206 20171107 3.128e-05 4.9518e-10 TSX
20120617 20171129 1.6048e-05 4.216e-10 TSX
20120723 20160120 8.4126e-06 4.064e-10 TSX
20121024 20130109 0.00014747 7.3798e-10 TSX
20121027 20151226 -2.8215e-05 4.6398e-10 TSX
20121030 20130311 3.3208e-06 6.1976e-10 TSX
20121107 20171118 4.4189e-05 4.1414e-10 TSX
20121221 20160208 1.5088e-06 4.2366e-10 TSX
20121224 20130516 -0.00010792 6.0258e-10 TSX
20121229 20130407 1.2232e-06 6.9402e-10 TSX
20130104 20130217 -6.4547e-05 7.9809e-10 TSX
20130109 20130715 0.00048147 6.2142e-10 TSX
20130112 20140511 -0.00011355 4.1724e-10 TSX
20130115 20130721 -0.00017851 5.5075e-10 TSX
20130126 20130823 -0.00028023 5.5572e-10 TSX
20130131 20130429 -2.3025e-05 7.1521e-10 TSX
20130203 20130729 -7.5983e-05 5.5543e-10 TSX
20130211 20130919 0.00011795 5.2865e-10 TSX
20130228 20141209 5.6903e-05 4.2803e-10 TSX
20130311 20130801 -1.7349e-06 6.0258e-10 TSX
20130316 20130623 -5.2809e-05 6.9419e-10 TSX
20130402 20150122 0.00017689 3.7559e-10 TSX
20130407 20140530 2.8177e-05 4.0193e-10 TSX
20130421 20171016 -2.0204e-05 4.5914e-10 TSX
20130424 20130721 -0.0002192 6.9971e-10 TSX
20130429 20130623 -0.00010709 7.8401e-10 TSX
20130505 20131028 -0.00046275 5.5735e-10 TSX
20130513 20151112 -4.1923e-05 5.4043e-10 TSX
20130516 20131017 -0.00011436 5.9125e-10 TSX
20130521 20130715 0.00036663 7.8407e-10 TSX
20130524 20171129 -7.2849e-06 4.6789e-10 TSX
20130527 20140627 3.2157e-05 4.1108e-10 TSX
20130601 20130930 0.00052567 6.5591e-10 TSX
20130604 20141217 -6.6308e-06 3.7437e-10 TSX
20130607 20140719 6.0461e-05 4.1077e-10 TSX
20130612 20150105 1.0781e-05 4.1585e-10 TSX
20130615 20160106 -2.8465e-05 4.5993e-10 TSX
20130618 20140708 6.5263e-05 4.1111e-10 TSX
20130623 20130715 0.00073415 8.7649e-10 TSX
20130629 20130914 0.00041327 7.2286e-10 TSX
20130707 20150130 -2.3889e-05 3.4654e-10 TSX
20130710 20140901 5.8423e-05 4.0698e-10 TSX
20130715 20130726 -0.0025189 1.0214e-09 TSX
20130721 20131108 0.00062161 6.5648e-10 TSX
20130726 20150517 9.1815e-05 3.7467e-10 TSX
20130729 20160904 9.2242e-07 3.231e-10 TSX
20130801 20151115 5.7017e-05 4.1217e-10 TSX
20130817 20140209 -6.6731e-05 5.7529e-10 TSX
20130828 20150312 1.1464e-05 3.6667e-10 TSX
20130903 20150329 -0.00017346 3.5125e-10 TSX
20130919 20160309 2.8382e-05 3.8873e-10 TSX
20130925 20140708 5.6736e-05 4.5075e-10 TSX
20130930 20160411 -5.9312e-05 3.4082e-10 TSX
20131011 20150802 1.5858e-05 3.5806e-10 TSX
20131017 20140719 3.4325e-06 4.5898e-10 TSX
20131028 20160304 4.0112e-05 4.468e-10 TSX
20131102 20140519 -0.00012617 5.4956e-10 TSX
20131108 20140708 9.2066e-05 4.8562e-10 TSX
20140209 20160309 2.3718e-05 3.7808e-10 TSX
20140223 20140829 2.8924e-05 5.3921e-10 TSX
20140408 20140705 -6.1808e-05 6.971e-10 TSX
20140419 20170913 7.0866e-05 3.5769e-10 TSX
20140511 20141228 -2.5888e-05 4.9292e-10 TSX
20140519 20150824 6.3633e-05 4.0027e-10 TSX
20140624 20171005 2.2387e-05 3.3403e-10 TSX
20140627 20151115 2.5841e-05 4.0812e-10 TSX
20140705 20180911 3.2157e-05 4.821e-10 TSX
20140708 20160406 6.1895e-06 3.7331e-10 TSX
20140716 20171005 -3.7582e-06 3.5424e-10 TSX
20140719 20151207 0.00010965 3.628e-10 TSX
20140727 20150326 -2.9145e-05 4.8312e-10 TSX
20140810 20150122 -1.6967e-05 5.6987e-10 TSX
20140818 20160301 -1.7334e-06 3.3643e-10 TSX
20140829 20160208 -3.9127e-05 3.7363e-10 TSX
20140901 20140912 -0.00029289 9.7724e-10 TSX
20140912 20141209 -1.766e-05 6.9934e-10 TSX
20140920 20170902 4.7046e-05 4.3683e-10 TSX
20141209 20160211 -1.2959e-05 3.9098e-10 TSX
20141217 20160722 -2.6449e-05 3.412e-10 TSX
20141228 20160106 -3.4177e-05 3.9654e-10 TSX
20141231 20151024 9.1363e-05 4.4562e-10 TSX
20150105 20150824 -2.147e-05 5.1415e-10 TSX
20150108 20170811 -3.051e-05 5.9352e-10 TSX
20150119 20160117 8.7258e-06 4.0025e-10 TSX
20150127 20160411 -4.2742e-05 4.3052e-10 TSX
20150130 20151112 -3.2765e-05 4.4736e-10 TSX
20150210 20170114 -2.1209e-05 3.6652e-10 TSX
20150213 20160326 -7.226e-05 4.2182e-10 TSX
20150218 20160216 -7.109e-06 4.2133e-10 TSX
20150221 20180112 -1.3901e-05 4.3387e-10 TSX
20150304 20180911 -3.9552e-05 4.5503e-10 TSX
20150307 20160211 3.6535e-05 4.2758e-10 TSX
20150312 20160320 -8.2101e-06 4.3651e-10 TSX
20150326 20150827 2.067e-05 5.8162e-10 TSX
20150329 20151207 5.8069e-05 4.7931e-10 TSX
20150428 20160425 -2.9699e-05 4.0173e-10 TSX
20150509 20150827 1.0893e-05 6.5398e-10 TSX
20150517 20150824 1.7884e-05 6.9414e-10 TSX
20150520 20180911 -3.7145e-05 4.3488e-10 TSX
20150714 20170822 4.3216e-05 3.711e-10 TSX
20150725 20170924 -4.3387e-05 3.7165e-10 TSX
20150802 20160309 -5.7804e-05 5.2825e-10 TSX
20150805 20160403 -0.00012677 4.8292e-10 TSX
20150816 20171107 2.9722e-05 3.7524e-10 TSX
20150824 20150915 0.00071034 8.7632e-10 TSX
20150827 20170902 5.7367e-06 3.6844e-10 TSX
20150915 20160216 -0.00012951 6.0427e-10 TSX
20151021 20160904 -0.00016153 4.6038e-10 TSX
20151101 20171016 -3.079e-05 3.3338e-10 TSX
20151112 20160425 -2.2868e-05 5.6682e-10 TSX
20151115 20151229 0.00015596 7.9809e-10 TSX
20151123 20171221 3.3871e-05 5.0307e-10 TSX
20151204 20151215 0.0001644 9.8683e-10 TSX
20151207 20160406 -0.00015215 6.3807e-10 TSX
20151215 20170822 -0.00012737 4.4292e-10 TSX
20151226 20161223 -5.5119e-06 4.0762e-10 TSX
20151229 20160211 2.8015e-05 7.9809e-10 TSX
20160106 20161223 -6.9605e-05 4.1248e-10 TSX
20160117 20160926 -3.5199e-05 4.7682e-10 TSX
20160128 20160301 -0.00013276 8.2612e-10 TSX
20160208 20160312 -0.00010029 8.2612e-10 TSX
20160216 20160309 -0.0003811 8.7632e-10 TSX
20160219 20180319 3.1183e-05 4.7288e-10 TSX
20160301 20161201 -2.3914e-05 4.584e-10 TSX
20160304 20160326 3.367e-05 8.626e-10 TSX
20160312 20180319 4.0518e-05 5.2686e-10 TSX
20160320 20160411 0.00037682 8.7633e-10 TSX
20160323 20171118 -7.0194e-06 4.2672e-10 TSX
20160326 20160406 -0.00050884 9.7716e-10 TSX
20160403 20171027 2.8338e-05 4.5193e-10 TSX
20160425 20170811 -1.6836e-05 5.3001e-10 TSX
20160528 20160630 2.4297e-05 8.2612e-10 TSX
20160630 20171118 7.6442e-06 4.016e-10 TSX
20160722 20161201 2.4659e-05 6.1591e-10 TSX
20160904 20180707 1.6475e-05 3.6156e-10 TSX
20160915 20180911 -7.1409e-05 3.2973e-10 TSX
20160926 20170114 -2.2793e-05 6.5416e-10 TSX
20161201 20171027 -6.0376e-05 4.4425e-10 TSX
20161223 20171107 -2.4899e-05 4.4608e-10 TSX
20170114 20170902 -2.31e-05 5.4497e-10 TSX
20170811 20171005 -1.9705e-05 7.7093e-10 TSX
20170822 20180707 -9.5864e-05 4.2958e-10 TSX
20170913 20180707 -0.00013807 4.4356e-10 TSX
20170924 20180319 -1.8296e-05 5.5264e-10 TSX
20171005 20171107 6.5062e-05 8.2612e-10 TSX
20171016 20180319 -6.0822e-06 5.8225e-10 TSX
20171027 20180911 -0.00012588 4.3002e-10 TSX
20171107 20171118 8.0206e-05 9.8683e-10 TSX
20171118 20171129 6.6532e-05 9.8683e-10 TSX
20171129 20171221 1.214e-05 8.6437e-10 TSX
20171210 20180820 -0.00016328 4.7462e-10 TSX
20171221 20180911 -0.00021835 4.6633e-10 TSX
20180112 20181003 3.0991e-05 4.6683e-10 TSX
20180319 20180707 -0.00019031 6.5414e-10 TSX
20180707 20180911 0.0001864 7.4531e-10 TSX
20180729 20181003 0.00013515 7.4531e-10 TSX
20180820 20181003 0.00024966 7.9753e-10 TSX
20180911 20181003 -0.00015162 8.6437e-10 TSX
