20030427 20030914 0.00028136 5.6654e-10 ERS2
20030914 20080629 -4.4973e-05 2.6735e-10 ERS2
20050918 20090510 2.2369e-05 3.0305e-10 ERS2
20051127 20081116 0.00023038 3.0975e-10 ERS2
20060903 20090510 -0.0002171 3.0999e-10 ERS2
20061231 20090105 -0.00024141 3.1617e-10 ALOS
20070402 20070703 -0.00014405 6.6667e-10 ALOS
20070518 20091008 -0.00016783 3.0961e-10 ALOS
20070818 20071003 -0.00021513 7.7539e-10 ALOS
20071217 20100509 -0.00015461 3.0666e-10 ALOS
20080103 20100526 -2.8951e-05 3.2423e-10 ALOS
20080404 20080520 1.9117e-05 7.7549e-10 ALOS
20080618 20090921 3.0215e-05 3.7242e-10 ALOS
20080629 20090510 -4.99e-06 4.1199e-10 ERS2
20080705 20091008 -9.2998e-06 3.6636e-10 ALOS
20080803 20090823 -2.6631e-05 3.8375e-10 ERS2
20081116 20090823 -9.6879e-06 4.3201e-10 ERS2
20081219 20090921 -0.00016596 4.5276e-10 ALOS
20090105 20090708 -0.00026641 5.3187e-10 ALOS
20090510 20091101 -9.1091e-05 5.2063e-10 ERS2
20090708 20091008 0.0002001 6.6655e-10 ALOS
20090823 20091101 -0.00056069 6.9856e-10 ERS2
20091222 20100624 1.1841e-05 5.2944e-10 ALOS
20100108 20100223 -0.00044752 7.7631e-10 ALOS
20100223 20100526 -0.00029019 6.668e-10 ALOS
20100410 20100711 -8.7553e-05 6.6709e-10 ALOS
20100509 20100624 0.00064885 7.7335e-10 ALOS
20100526 20100711 0.00044673 7.7532e-10 ALOS
20100624 20101109 -8.0743e-05 5.8404e-10 ALOS
20100711 20101011 -0.00011511 6.6637e-10 ALOS
20100809 20101109 1.2344e-05 6.6364e-10 ALOS
20101011 20101126 0.00026812 7.7537e-10 ALOS
20110111 20110226 0.00044117 7.7536e-10 ALOS
20110924 20130715 -5.3956e-06 3.278e-10 TSX
20111005 20121229 1.6061e-05 3.7247e-10 TSX
20111121 20171221 8.0743e-06 3.1639e-10 TSX
20111221 20130131 2.5025e-06 3.8533e-10 TSX
20111224 20121027 7.9526e-06 4.194e-10 TSX
20120126 20140419 8.2073e-07 2.9865e-10 TSX
20120203 20160320 -3.7123e-05 3.0661e-10 TSX
20120206 20171107 1.945e-05 3.0617e-10 TSX
20120617 20171129 2.6999e-05 2.6995e-10 TSX
20120723 20160120 -2.1459e-05 3.267e-10 TSX
20121024 20130109 0.00011182 7.0175e-10 TSX
20121027 20151226 -1.0217e-05 3.2418e-10 TSX
20121030 20130311 -2.5835e-06 5.8469e-10 TSX
20121107 20171118 5.1192e-05 3.1132e-10 TSX
20121221 20160208 5.2112e-05 3.1944e-10 TSX
20121224 20130516 7.375e-06 5.6852e-10 TSX
20121229 20130407 2.4616e-05 6.5621e-10 TSX
20130104 20130217 -6.1033e-05 7.7324e-10 TSX
20130109 20130715 2.1054e-05 5.427e-10 TSX
20130112 20140511 -1.3802e-06 3.5572e-10 TSX
20130115 20130721 -8.0413e-05 5.1508e-10 TSX
20130126 20130823 -0.0001031 5.0677e-10 TSX
20130131 20130429 -9.285e-05 6.7811e-10 TSX
20130203 20130729 -8.3394e-06 5.2323e-10 TSX
20130211 20130919 -4.121e-05 4.9771e-10 TSX
20130228 20141209 3.4263e-05 3.543e-10 TSX
20130311 20130801 -3.9485e-05 5.708e-10 TSX
20130316 20130623 -4.1105e-05 6.5626e-10 TSX
20130402 20150122 -0.00010694 3.9018e-10 TSX
20130407 20140530 -5.2675e-06 3.806e-10 TSX
20130421 20171016 3.8814e-05 3.1952e-10 TSX
20130424 20130721 -0.00024354 6.6451e-10 TSX
20130429 20130623 -5.552e-05 7.5436e-10 TSX
20130505 20131028 -0.00024457 5.388e-10 TSX
20130513 20151112 4.8664e-05 3.4631e-10 TSX
20130516 20131017 -0.00018446 5.7841e-10 TSX
20130521 20130715 6.2611e-05 7.5446e-10 TSX
20130524 20171129 4.3451e-05 2.8191e-10 TSX
20130527 20140627 -4.5244e-05 3.8721e-10 TSX
20130601 20130930 -1.0978e-05 6.1732e-10 TSX
20130604 20141217 4.396e-05 3.4048e-10 TSX
20130607 20140719 2.2544e-06 3.8458e-10 TSX
20130612 20150105 2.4995e-05 3.4585e-10 TSX
20130615 20160106 1.6639e-05 3.0975e-10 TSX
20130618 20140708 1.113e-05 3.8822e-10 TSX
20130623 20130715 0.00059496 8.6192e-10 TSX
20130629 20130914 0.00012074 6.9171e-10 TSX
20130707 20150130 1.3038e-05 3.3839e-10 TSX
20130710 20140901 2.8595e-05 3.7749e-10 TSX
20130715 20130726 -0.0023467 1.011e-09 TSX
20130721 20131108 0.00054894 6.4511e-10 TSX
20130726 20150517 1.7242e-06 3.3179e-10 TSX
20130729 20160904 -1.3715e-05 2.9931e-10 TSX
20130801 20151115 1.6445e-05 3.8825e-10 TSX
20130817 20140209 2.6667e-05 5.4111e-10 TSX
20130828 20150312 7.2635e-05 3.4157e-10 TSX
20130903 20150329 -0.00020625 4.8033e-10 TSX
20130919 20160309 1.9583e-05 3.2484e-10 TSX
20130925 20140708 7.6991e-05 4.3826e-10 TSX
20130930 20160411 3.2424e-05 3.5276e-10 TSX
20131011 20150802 -2.4849e-05 3.384e-10 TSX
20131017 20140719 -5.7936e-05 4.4401e-10 TSX
20131028 20160304 -4.5451e-05 3.8871e-10 TSX
20131102 20140519 -8.617e-05 5.172e-10 TSX
20131108 20140708 0.0001032 4.7619e-10 TSX
20140209 20160309 -2.01e-05 3.3994e-10 TSX
20140223 20140829 -8.0309e-06 5.1115e-10 TSX
20140408 20140705 -3.6734e-05 6.6129e-10 TSX
20140419 20170913 6.3936e-05 3.5429e-10 TSX
20140511 20141228 5.5402e-05 4.7024e-10 TSX
20140519 20150824 3.1928e-05 3.7737e-10 TSX
20140624 20171005 8.0378e-07 3.1551e-10 TSX
20140627 20151115 6.1184e-05 3.5483e-10 TSX
20140705 20180911 2.8687e-05 2.803e-10 TSX
20140708 20160406 1.0376e-05 3.7272e-10 TSX
20140716 20171005 5.6938e-05 3.0168e-10 TSX
20140719 20151207 1.3778e-05 3.5397e-10 TSX
20140727 20150326 2.0497e-07 4.6162e-10 TSX
20140810 20150122 3.6863e-05 5.3895e-10 TSX
20140818 20160301 6.7735e-05 3.4099e-10 TSX
20140829 20160208 2.5809e-05 3.6479e-10 TSX
20140901 20140912 -0.00028994 9.6766e-10 TSX
20140912 20141209 4.487e-05 6.641e-10 TSX
20140920 20170902 5.7038e-05 3.2057e-10 TSX
20141209 20160211 1.2955e-05 3.9562e-10 TSX
20141217 20160722 5.21e-05 3.5073e-10 TSX
20141228 20160106 2.9529e-05 3.9156e-10 TSX
20141231 20151024 3.8198e-05 4.588e-10 TSX
20150105 20150824 -7.3172e-05 4.9481e-10 TSX
20150108 20170811 -8.8311e-05 3.2283e-10 TSX
20150119 20160117 0.00011107 4.0157e-10 TSX
20150127 20160411 -8.1266e-06 4.1828e-10 TSX
20150130 20151112 4.9665e-05 4.3283e-10 TSX
20150210 20170114 2.5741e-05 3.2447e-10 TSX
20150213 20160326 -3.8509e-05 4.3723e-10 TSX
20150218 20160216 3.5368e-06 4.2485e-10 TSX
20150221 20180112 2.7766e-05 3.3274e-10 TSX
20150304 20180911 4.8154e-05 3.3276e-10 TSX
20150307 20160211 1.8059e-06 4.0923e-10 TSX
20150312 20160320 -3.0928e-05 4.1688e-10 TSX
20150326 20150827 5.5089e-05 5.523e-10 TSX
20150329 20151207 -1.0857e-05 4.6154e-10 TSX
20150428 20160425 8.913e-05 3.9664e-10 TSX
20150509 20150827 1.4966e-05 6.198e-10 TSX
20150517 20150824 -0.00021399 6.5958e-10 TSX
20150520 20180911 5.2907e-05 3.5662e-10 TSX
20150714 20170822 6.7085e-05 3.089e-10 TSX
20150725 20170924 4.9575e-05 3.1685e-10 TSX
20150802 20160309 3.7346e-06 4.9616e-10 TSX
20150805 20160403 6.13e-05 4.6165e-10 TSX
20150816 20171107 8.3205e-05 3.0777e-10 TSX
20150824 20150915 0.00069561 8.6182e-10 TSX
20150827 20170902 6.1049e-05 3.4004e-10 TSX
20150915 20160216 -7.3743e-05 5.6892e-10 TSX
20151021 20160904 -3.6545e-05 4.1296e-10 TSX
20151101 20171016 6.6298e-05 3.1691e-10 TSX
20151112 20160425 2.217e-05 5.3623e-10 TSX
20151115 20151229 0.00011404 7.7324e-10 TSX
20151123 20171221 4.9136e-05 3.0097e-10 TSX
20151204 20151215 0.0001784 9.7742e-10 TSX
20151207 20160406 -1.9917e-05 6.0218e-10 TSX
20151215 20170822 5.6766e-05 3.2492e-10 TSX
20151226 20161223 7.2586e-05 3.9375e-10 TSX
20151229 20160211 -7.2007e-06 7.7324e-10 TSX
20160106 20161223 8.2977e-05 3.9794e-10 TSX
20160117 20160926 6.6045e-05 4.5294e-10 TSX
20160128 20160301 -0.00020427 8.0619e-10 TSX
20160208 20160312 -3.695e-05 8.0619e-10 TSX
20160216 20160309 -0.00039973 8.6182e-10 TSX
20160219 20180319 6.0345e-05 3.0346e-10 TSX
20160301 20161201 9.3134e-05 4.3863e-10 TSX
20160304 20160326 0.00010065 8.4857e-10 TSX
20160312 20180319 2.4772e-05 3.0103e-10 TSX
20160320 20160411 0.00034908 8.6182e-10 TSX
20160323 20171118 5.1006e-05 3.1998e-10 TSX
20160326 20160406 -0.00054368 9.6759e-10 TSX
20160403 20171027 6.7176e-05 3.2605e-10 TSX
20160425 20170811 4.8561e-05 3.6025e-10 TSX
20160528 20160630 3.1398e-05 8.0619e-10 TSX
20160630 20171118 7.1636e-05 3.46e-10 TSX
20160722 20161201 0.00017712 5.8134e-10 TSX
20160904 20180707 4.2179e-05 3.2693e-10 TSX
20160915 20180911 -8.3822e-07 3.0481e-10 TSX
20160926 20170114 3.2397e-05 6.1835e-10 TSX
20161201 20171027 2.9015e-05 4.0776e-10 TSX
20161223 20171107 1.2148e-05 4.0994e-10 TSX
20170114 20170902 6.4966e-05 4.7027e-10 TSX
20170811 20171005 6.9333e-06 7.4116e-10 TSX
20170822 20180707 -5.7551e-05 4.137e-10 TSX
20170913 20180707 -0.00011692 4.2508e-10 TSX
20170924 20180319 -3.0377e-05 5.232e-10 TSX
20171005 20171107 4.8014e-05 8.0619e-10 TSX
20171016 20180319 -9.7558e-06 5.5008e-10 TSX
20171027 20180911 -2.0007e-05 4.137e-10 TSX
20171107 20171118 8.093e-05 9.7742e-10 TSX
20171118 20171129 5.4146e-05 9.7742e-10 TSX
20171129 20171221 -1.9495e-06 8.5026e-10 TSX
20171210 20180820 -5.1144e-05 4.5338e-10 TSX
20171221 20180911 -2.6967e-05 4.4576e-10 TSX
20180112 20181003 7.0176e-06 4.4582e-10 TSX
20180319 20180707 -0.00013697 6.1799e-10 TSX
20180707 20180911 0.000285 7.1241e-10 TSX
20180729 20181003 6.799e-05 7.1241e-10 TSX
20180820 20181003 0.00015486 7.7213e-10 TSX
20180911 20181003 -0.00017825 8.5026e-10 TSX
