20030427 20030914 -7.664e-05 5.6572e-10 ERS2
20030914 20080629 -0.00011965 2.7803e-10 ERS2
20050918 20090510 -6.7193e-05 3.1663e-10 ERS2
20051127 20081116 -0.00013292 3.0567e-10 ERS2
20060903 20090510 -0.00020626 3.1102e-10 ERS2
20061231 20090105 2.4752e-05 3.3207e-10 ALOS
20070402 20070703 1.085e-06 6.6892e-10 ALOS
20070518 20091008 -0.00033834 3.3407e-10 ALOS
20070818 20071003 -0.00024999 7.7974e-10 ALOS
20071217 20100509 3.6435e-05 3.403e-10 ALOS
20080103 20100526 -0.00018204 3.3536e-10 ALOS
20080404 20080520 -0.00014392 7.7998e-10 ALOS
20080618 20090921 -8.9449e-05 3.7194e-10 ALOS
20080629 20090510 -0.00032833 4.1749e-10 ERS2
20080705 20091008 -0.0034998 3.6503e-10 ALOS
20080803 20090823 -4.0359e-05 3.8371e-10 ERS2
20081116 20090823 -9.837e-06 4.3526e-10 ERS2
20081219 20090921 -4.1904e-05 4.4995e-10 ALOS
20090105 20090708 0.00010463 5.3333e-10 ALOS
20090510 20091101 -0.00013323 5.2127e-10 ERS2
20090708 20091008 0.0002537 6.6891e-10 ALOS
20090823 20091101 0.00027335 6.9878e-10 ERS2
20091222 20100624 0.00038927 5.2687e-10 ALOS
20100108 20100223 0.00049204 7.8055e-10 ALOS
20100223 20100526 -0.00012496 6.7142e-10 ALOS
20100410 20100711 3.2265e-05 6.702e-10 ALOS
20100509 20100624 0.00061636 7.7738e-10 ALOS
20100526 20100711 0.00031447 7.7973e-10 ALOS
20100624 20101109 -3.2158e-05 5.8496e-10 ALOS
20100711 20101011 -9.5341e-05 6.6874e-10 ALOS
20100809 20101109 -2.6973e-05 6.6567e-10 ALOS
20101011 20101126 0.00029515 7.7974e-10 ALOS
20110111 20110226 0.0004269 7.7974e-10 ALOS
20110924 20130715 -1.2512e-05 3.7455e-10 TSX
20111005 20121229 6.4173e-05 3.9829e-10 TSX
20111121 20171221 -2.9539e-05 5.0589e-10 TSX
20111221 20130131 8.3265e-06 3.8875e-10 TSX
20111224 20121027 -3.0038e-05 4.198e-10 TSX
20120126 20140419 6.0176e-06 3.748e-10 TSX
20120203 20160320 4.0399e-05 3.6827e-10 TSX
20120206 20171107 3.1702e-06 4.2919e-10 TSX
20120617 20171129 -9.9261e-06 4.5473e-10 TSX
20120723 20160120 7.0685e-05 3.3537e-10 TSX
20121024 20130109 1.4085e-05 7.057e-10 TSX
20121027 20151226 2.2937e-05 4.2414e-10 TSX
20121030 20130311 3.5764e-05 5.8524e-10 TSX
20121107 20171118 3.8302e-05 3.5669e-10 TSX
20121221 20160208 7.189e-05 3.7747e-10 TSX
20121224 20130516 3.9198e-05 5.6897e-10 TSX
20121229 20130407 6.3379e-05 6.5862e-10 TSX
20130104 20130217 -2.2851e-07 7.7638e-10 TSX
20130109 20130715 0.00031688 5.8793e-10 TSX
20130112 20140511 -3.3645e-05 4.1075e-10 TSX
20130115 20130721 -0.00013771 5.2823e-10 TSX
20130126 20130823 -0.00022808 5.3126e-10 TSX
20130131 20130429 2.8281e-05 6.81e-10 TSX
20130203 20130729 -2.6748e-05 5.2778e-10 TSX
20130211 20130919 1.4834e-06 5.0851e-10 TSX
20130228 20141209 6.6902e-05 3.8219e-10 TSX
20130311 20130801 -6.4296e-05 5.7313e-10 TSX
20130316 20130623 -3.3932e-05 6.5971e-10 TSX
20130402 20150122 -9.3711e-05 4.3523e-10 TSX
20130407 20140530 -6.7495e-06 4.0696e-10 TSX
20130421 20171016 4.5401e-05 3.6554e-10 TSX
20130424 20130721 -0.00017526 6.6629e-10 TSX
20130429 20130623 -0.00010613 7.5892e-10 TSX
20130505 20131028 -0.00026933 5.7955e-10 TSX
20130513 20151112 6.4462e-05 4.01e-10 TSX
20130516 20131017 0.00023082 5.95e-10 TSX
20130521 20130715 0.00010917 7.5911e-10 TSX
20130524 20171129 2.1147e-05 3.8493e-10 TSX
20130527 20140627 -5.077e-05 4.155e-10 TSX
20130601 20130930 -3.153e-05 6.1913e-10 TSX
20130604 20141217 -6.7112e-06 3.8492e-10 TSX
20130607 20140719 -1.1217e-05 4.2308e-10 TSX
20130612 20150105 3.9495e-05 3.9384e-10 TSX
20130615 20160106 -2.9908e-05 4.5954e-10 TSX
20130618 20140708 -3.144e-05 3.9053e-10 TSX
20130623 20130715 0.00060131 8.6712e-10 TSX
20130629 20130914 3.7639e-05 7.0659e-10 TSX
20130707 20150130 1.4506e-05 3.9619e-10 TSX
20130710 20140901 5.2775e-05 4.1016e-10 TSX
20130715 20130726 -0.0023698 1.0161e-09 TSX
20130721 20131108 0.00043224 6.4637e-10 TSX
20130726 20150517 -1.8596e-05 3.7944e-10 TSX
20130729 20160904 2.4617e-05 4.0956e-10 TSX
20130801 20151115 1.3583e-05 3.3113e-10 TSX
20130817 20140209 -6.5022e-06 5.4299e-10 TSX
20130828 20150312 -4.3968e-05 3.6479e-10 TSX
20130903 20150329 -6.5528e-05 3.8196e-10 TSX
20130919 20160309 2.832e-05 3.4213e-10 TSX
20130925 20140708 0.0001365 4.4421e-10 TSX
20130930 20160411 8.8903e-05 3.9039e-10 TSX
20131011 20150802 6.1242e-07 3.8654e-10 TSX
20131017 20140719 4.6118e-05 4.635e-10 TSX
20131028 20160304 -0.0001973 3.1528e-10 TSX
20131102 20140519 5.0156e-05 5.1811e-10 TSX
20131108 20140708 9.0816e-05 4.8476e-10 TSX
20140209 20160309 -2.5699e-05 4.4183e-10 TSX
20140223 20140829 2.0477e-06 5.1371e-10 TSX
20140408 20140705 -1.0931e-05 6.6204e-10 TSX
20140419 20170913 7.9567e-05 3.5343e-10 TSX
20140511 20141228 4.7653e-05 4.9114e-10 TSX
20140519 20150824 -2.3922e-05 4.4057e-10 TSX
20140624 20171005 0.00010899 3.8432e-10 TSX
20140627 20151115 -1.83e-05 4.3496e-10 TSX
20140705 20180911 -4.9303e-05 5.2373e-10 TSX
20140708 20160406 3.7731e-05 4.2081e-10 TSX
20140716 20171005 1.803e-05 3.463e-10 TSX
20140719 20151207 3.8724e-05 3.8767e-10 TSX
20140727 20150326 -6.4944e-05 4.7063e-10 TSX
20140810 20150122 0.00010505 5.7183e-10 TSX
20140818 20160301 -3.3759e-05 3.6246e-10 TSX
20140829 20160208 -3.1079e-05 4.4317e-10 TSX
20140901 20140912 -0.00027016 9.7138e-10 TSX
20140912 20141209 4.4538e-05 6.656e-10 TSX
20140920 20170902 6.3658e-05 5.3152e-10 TSX
20141209 20160211 -5.6497e-05 4.0588e-10 TSX
20141217 20160722 -3.6314e-05 5.0215e-10 TSX
20141228 20160106 6.5657e-06 5.5212e-10 TSX
20141231 20151024 3.1796e-05 4.7815e-10 TSX
20150105 20150824 -1.7713e-05 5.2009e-10 TSX
20150108 20170811 2.9841e-05 5.672e-10 TSX
20150119 20160117 6.6001e-05 4.3518e-10 TSX
20150127 20160411 0.00011382 4.2175e-10 TSX
20150130 20151112 1.0107e-05 4.7878e-10 TSX
20150210 20170114 -1.279e-05 3.8666e-10 TSX
20150213 20160326 0.00021221 4.196e-10 TSX
20150218 20160216 1.0943e-05 4.6443e-10 TSX
20150221 20180112 -1.4249e-05 4.258e-10 TSX
20150304 20180911 -3.7959e-06 4.3616e-10 TSX
20150307 20160211 -3.1755e-05 4.3043e-10 TSX
20150312 20160320 -6.5853e-05 4.5022e-10 TSX
20150326 20150827 3.1108e-06 5.6526e-10 TSX
20150329 20151207 -0.00013413 5.0218e-10 TSX
20150428 20160425 -3.3155e-05 4.8245e-10 TSX
20150509 20150827 -0.0001287 6.3223e-10 TSX
20150517 20150824 -0.00029196 6.7133e-10 TSX
20150520 20180911 9.0888e-05 4.3825e-10 TSX
20150714 20170822 -2.7431e-05 3.7576e-10 TSX
20150725 20170924 2.8491e-05 4.2153e-10 TSX
20150802 20160309 -1.9712e-05 5.1855e-10 TSX
20150805 20160403 9.7151e-05 4.8588e-10 TSX
20150816 20171107 -1.6905e-05 4.2926e-10 TSX
20150824 20150915 0.00058508 8.6702e-10 TSX
20150827 20170902 -1.1401e-05 3.6408e-10 TSX
20150915 20160216 2.8165e-05 5.7235e-10 TSX
20151021 20160904 -8.4836e-05 4.6214e-10 TSX
20151101 20171016 -3.9652e-05 4.2558e-10 TSX
20151112 20160425 -4.3455e-06 5.4339e-10 TSX
20151115 20151229 7.3964e-05 7.7638e-10 TSX
20151123 20171221 -4.4789e-06 4.3472e-10 TSX
20151204 20151215 0.00016768 9.8046e-10 TSX
20151207 20160406 -2.7326e-05 6.0295e-10 TSX
20151215 20170822 4.0771e-05 4.3952e-10 TSX
20151226 20161223 4.3597e-05 4.0996e-10 TSX
20151229 20160211 1.1792e-05 7.7638e-10 TSX
20160106 20161223 4.5982e-05 4.0829e-10 TSX
20160117 20160926 4.2824e-05 4.7095e-10 TSX
20160128 20160301 -0.00023219 8.0865e-10 TSX
20160208 20160312 -0.0001002 8.0865e-10 TSX
20160216 20160309 -0.000339 8.6702e-10 TSX
20160219 20180319 -3.6495e-06 4.0568e-10 TSX
20160301 20161201 5.7715e-05 4.4002e-10 TSX
20160304 20160326 5.3257e-05 8.5226e-10 TSX
20160312 20180319 -1.5368e-05 3.7372e-10 TSX
20160320 20160411 0.0003588 8.6704e-10 TSX
20160323 20171118 2.654e-06 4.3868e-10 TSX
20160326 20160406 -0.00051244 9.7129e-10 TSX
20160403 20171027 -4.9297e-05 4.1727e-10 TSX
20160425 20170811 7.7792e-05 4.1449e-10 TSX
20160528 20160630 8.9451e-06 8.0865e-10 TSX
20160630 20171118 2.958e-05 3.8721e-10 TSX
20160722 20161201 0.00016188 5.8319e-10 TSX
20160904 20180707 -2.2103e-05 4.1924e-10 TSX
20160915 20180911 -2.9756e-06 3.7441e-10 TSX
20160926 20170114 0.00016684 6.3311e-10 TSX
20161201 20171027 7.7612e-05 4.6376e-10 TSX
20161223 20171107 2.3328e-05 4.4398e-10 TSX
20170114 20170902 5.1739e-05 5.0511e-10 TSX
20170811 20171005 -4.4909e-05 7.4274e-10 TSX
20170822 20180707 -5.7601e-05 4.1857e-10 TSX
20170913 20180707 -0.00012144 4.4078e-10 TSX
20170924 20180319 -3.6489e-05 5.2337e-10 TSX
20171005 20171107 9.2522e-05 8.0865e-10 TSX
20171016 20180319 -3.1764e-05 5.5027e-10 TSX
20171027 20180911 -4.6978e-05 4.1607e-10 TSX
20171107 20171118 6.68e-05 9.8046e-10 TSX
20171118 20171129 5.7393e-05 9.8046e-10 TSX
20171129 20171221 -4.1029e-06 8.5308e-10 TSX
20171210 20180820 -0.00012237 4.5949e-10 TSX
20171221 20180911 -7.1338e-05 4.5298e-10 TSX
20180112 20181003 3.2924e-06 4.6236e-10 TSX
20180319 20180707 -0.00017193 6.1863e-10 TSX
20180707 20180911 0.00022882 7.1361e-10 TSX
20180729 20181003 3.4653e-05 7.1361e-10 TSX
20180820 20181003 0.00018068 7.7415e-10 TSX
20180911 20181003 -0.00016497 8.5308e-10 TSX
