20030427 20030914 7.8743e-05 5.6537e-10 ERS2
20030914 20080629 3.9499e-05 2.9113e-10 ERS2
20050918 20090510 0.0001245 3.0454e-10 ERS2
20051127 20081116 -6.002e-05 2.9998e-10 ERS2
20060903 20090510 -5.7856e-05 3.3099e-10 ERS2
20061231 20090105 0.00019338 3.1429e-10 ALOS
20070402 20070703 -2.4557e-05 6.6625e-10 ALOS
20070518 20091008 0.00010992 3.0615e-10 ALOS
20070818 20071003 -9.5359e-05 7.7544e-10 ALOS
20071217 20100509 0.00010767 3.0503e-10 ALOS
20080103 20100526 -0.00014824 3.2986e-10 ALOS
20080404 20080520 5.4699e-05 7.7545e-10 ALOS
20080618 20090921 0.00023947 3.732e-10 ALOS
20080629 20090510 -0.00046398 4.1347e-10 ERS2
20080705 20091008 0.0002343 3.652e-10 ALOS
20080803 20090823 -9.8272e-06 3.8307e-10 ERS2
20081116 20090823 4.5503e-05 4.3251e-10 ERS2
20081219 20090921 0.00039755 4.4608e-10 ALOS
20090105 20090708 0.00014014 5.3181e-10 ALOS
20090510 20091101 0.00014184 5.2271e-10 ERS2
20090708 20091008 0.00093286 6.6636e-10 ALOS
20090823 20091101 0.00010414 6.9863e-10 ERS2
20091222 20100624 0.00065461 5.2643e-10 ALOS
20100108 20100223 0.00051932 7.7614e-10 ALOS
20100223 20100526 -0.00024137 6.6687e-10 ALOS
20100410 20100711 -0.00014326 6.6685e-10 ALOS
20100509 20100624 0.00073429 7.7341e-10 ALOS
20100526 20100711 0.00062759 7.7545e-10 ALOS
20100624 20101109 0.00034915 5.84e-10 ALOS
20100711 20101011 0.00074588 6.6629e-10 ALOS
20100809 20101109 0.00011757 6.6357e-10 ALOS
20101011 20101126 -3.366e-05 7.7543e-10 ALOS
20110111 20110226 0.00091534 7.7542e-10 ALOS
20110924 20130715 0.00019967 3.2719e-10 TSX
20111005 20121229 -1.2238e-05 3.7039e-10 TSX
20111121 20171221 -5.7534e-06 4.8589e-10 TSX
20111221 20130131 0.00014886 3.8549e-10 TSX
20111224 20121027 4.2019e-06 4.1934e-10 TSX
20120126 20140419 4.0603e-06 3.6276e-10 TSX
20120203 20160320 -9.6421e-06 3.1582e-10 TSX
20120206 20171107 -2.0504e-05 3.7673e-10 TSX
20120617 20171129 5.634e-05 4.3859e-10 TSX
20120723 20160120 6.5888e-05 4.3996e-10 TSX
20121024 20130109 1.8466e-05 7.0163e-10 TSX
20121027 20151226 2.1601e-05 4.1456e-10 TSX
20121030 20130311 3.9946e-05 5.8466e-10 TSX
20121107 20171118 4.0986e-05 4.8986e-10 TSX
20121221 20160208 9.7665e-06 3.9724e-10 TSX
20121224 20130516 0.00012686 5.6849e-10 TSX
20121229 20130407 0.00021452 6.5611e-10 TSX
20130104 20130217 0.00013283 7.7328e-10 TSX
20130109 20130715 0.00041824 5.2839e-10 TSX
20130112 20140511 3.5534e-05 3.5607e-10 TSX
20130115 20130721 0.00016742 5.1392e-10 TSX
20130126 20130823 -0.00010844 5.3711e-10 TSX
20130131 20130429 -2.1745e-05 6.7801e-10 TSX
20130203 20130729 0.0001041 5.2317e-10 TSX
20130211 20130919 0.00041859 4.9607e-10 TSX
20130228 20141209 0.00018444 3.3361e-10 TSX
20130311 20130801 0.00027431 5.684e-10 TSX
20130316 20130623 0.00030804 6.5611e-10 TSX
20130402 20150122 0.00014753 3.8803e-10 TSX
20130407 20140530 0.00025255 3.8249e-10 TSX
20130421 20171016 7.0588e-06 4.38e-10 TSX
20130424 20130721 2.6117e-06 6.6403e-10 TSX
20130429 20130623 0.00010423 7.5431e-10 TSX
20130505 20131028 -0.00050261 5.9654e-10 TSX
20130513 20151112 4.4278e-06 5.1274e-10 TSX
20130516 20131017 -0.00040973 5.7934e-10 TSX
20130521 20130715 0.0004341 7.5433e-10 TSX
20130524 20171129 1.877e-05 4.3689e-10 TSX
20130527 20140627 0.00032052 3.8371e-10 TSX
20130601 20130930 0.00042728 6.1699e-10 TSX
20130604 20141217 -2.9749e-05 4.0419e-10 TSX
20130607 20140719 0.00024379 3.8048e-10 TSX
20130612 20150105 0.00014142 3.553e-10 TSX
20130615 20160106 -1.9555e-05 4.278e-10 TSX
20130618 20140708 0.00021381 3.8822e-10 TSX
20130623 20130715 0.000726 8.6241e-10 TSX
20130629 20130914 0.00052184 6.9851e-10 TSX
20130707 20150130 -6.8965e-05 4.0453e-10 TSX
20130710 20140901 0.00023249 3.7736e-10 TSX
20130715 20130726 -0.0024216 1.0117e-09 TSX
20130721 20131108 0.00083995 6.6963e-10 TSX
20130726 20150517 2.0693e-05 3.5593e-10 TSX
20130729 20160904 -1.9001e-05 4.2433e-10 TSX
20130801 20151115 7.7862e-05 3.743e-10 TSX
20130817 20140209 3.0839e-05 5.4096e-10 TSX
20130828 20150312 5.0943e-06 3.7151e-10 TSX
20130903 20150329 -4.8573e-05 3.7893e-10 TSX
20130919 20160309 5.2729e-05 3.6671e-10 TSX
20130925 20140708 8.8136e-05 4.5048e-10 TSX
20130930 20160411 1.2767e-06 3.8746e-10 TSX
20131011 20150802 7.6467e-05 4.045e-10 TSX
20131017 20140719 0.00016883 4.4807e-10 TSX
20131028 20160304 -1.4168e-05 3.8681e-10 TSX
20131102 20140519 -0.00015703 5.1712e-10 TSX
20131108 20140708 -2.0837e-05 5.0469e-10 TSX
20140209 20160309 9.7653e-05 3.857e-10 TSX
20140223 20140829 0.00025303 5.1115e-10 TSX
20140408 20140705 -0.00013513 6.6134e-10 TSX
20140419 20170913 1.624e-05 3.6631e-10 TSX
20140511 20141228 3.4416e-05 4.709e-10 TSX
20140519 20150824 0.0002188 3.9857e-10 TSX
20140624 20171005 6.777e-06 3.6074e-10 TSX
20140627 20151115 4.6896e-05 3.797e-10 TSX
20140705 20180911 3.3527e-05 4.6654e-10 TSX
20140708 20160406 7.7835e-05 3.6979e-10 TSX
20140716 20171005 -2.0029e-05 3.6744e-10 TSX
20140719 20151207 7.9341e-05 3.8463e-10 TSX
20140727 20150326 -0.00015434 4.6848e-10 TSX
20140810 20150122 -0.00013213 5.5824e-10 TSX
20140818 20160301 -0.00013411 3.7525e-10 TSX
20140829 20160208 -9.9377e-05 4.0563e-10 TSX
20140901 20140912 -0.00031615 9.6816e-10 TSX
20140912 20141209 -0.00013423 6.6392e-10 TSX
20140920 20170902 -9.4376e-07 3.7923e-10 TSX
20141209 20160211 6.5194e-05 3.8198e-10 TSX
20141217 20160722 -1.0165e-05 3.7288e-10 TSX
20141228 20160106 -6.4258e-05 4.0811e-10 TSX
20141231 20151024 0.00032809 4.3252e-10 TSX
20150105 20150824 0.00020855 4.9235e-10 TSX
20150108 20170811 2.5389e-06 4.2086e-10 TSX
20150119 20160117 -4.6702e-05 4.1767e-10 TSX
20150127 20160411 0.00013022 4.0059e-10 TSX
20150130 20151112 1.6404e-05 4.4471e-10 TSX
20150210 20170114 -2.6668e-05 4.0305e-10 TSX
20150213 20160326 9.3109e-05 5.2967e-10 TSX
20150218 20160216 0.00016477 4.1282e-10 TSX
20150221 20180112 8.8641e-05 3.8081e-10 TSX
20150304 20180911 -2.6373e-05 3.8289e-10 TSX
20150307 20160211 0.00021256 4.1587e-10 TSX
20150312 20160320 0.00029707 4.0504e-10 TSX
20150326 20150827 0.00015135 5.5187e-10 TSX
20150329 20151207 0.00025131 4.5727e-10 TSX
20150428 20160425 6.8888e-05 4.2031e-10 TSX
20150509 20150827 0.00026377 6.2257e-10 TSX
20150517 20150824 0.000403 6.5621e-10 TSX
20150520 20180911 -4.3554e-05 4.2653e-10 TSX
20150714 20170822 3.5092e-05 3.8828e-10 TSX
20150725 20170924 5.6733e-05 3.4681e-10 TSX
20150802 20160309 -0.00011069 5.0241e-10 TSX
20150805 20160403 -0.0001224 5.1864e-10 TSX
20150816 20171107 1.6498e-05 4.0861e-10 TSX
20150824 20150915 0.00085026 8.6232e-10 TSX
20150827 20170902 -1.7639e-05 4.0252e-10 TSX
20150915 20160216 -0.00040119 5.6849e-10 TSX
20151021 20160904 -0.00021139 4.6095e-10 TSX
20151101 20171016 -8.9061e-06 3.9575e-10 TSX
20151112 20160425 -0.00016134 5.4511e-10 TSX
20151115 20151229 7.5993e-05 7.7328e-10 TSX
20151123 20171221 -2.2649e-05 3.8553e-10 TSX
20151204 20151215 0.0001582 9.7831e-10 TSX
20151207 20160406 -8.0094e-05 6.0218e-10 TSX
20151215 20170822 5.6956e-05 3.7277e-10 TSX
20151226 20161223 -2.3048e-05 4.4071e-10 TSX
20151229 20160211 -3.9382e-05 7.7328e-10 TSX
20160106 20161223 -2.8189e-06 4.2701e-10 TSX
20160117 20160926 3.5892e-05 4.8827e-10 TSX
20160128 20160301 -0.00013602 8.0671e-10 TSX
20160208 20160312 -0.00014622 8.0671e-10 TSX
20160216 20160309 -0.00040668 8.6232e-10 TSX
20160219 20180319 0.00018062 3.8912e-10 TSX
20160301 20161201 4.811e-05 4.4549e-10 TSX
20160304 20160326 8.5157e-05 8.489e-10 TSX
20160312 20180319 0.0001788 3.8108e-10 TSX
20160320 20160411 0.00034921 8.6233e-10 TSX
20160323 20171118 8.3423e-05 3.403e-10 TSX
20160326 20160406 -0.00051401 9.6809e-10 TSX
20160403 20171027 0.00011072 3.6e-10 TSX
20160425 20170811 0.00016551 3.6935e-10 TSX
20160528 20160630 1.8467e-05 8.0671e-10 TSX
20160630 20171118 0.00011591 3.8501e-10 TSX
20160722 20161201 9.011e-05 5.813e-10 TSX
20160904 20180707 -5.131e-05 3.6374e-10 TSX
20160915 20180911 -2.6841e-05 3.3299e-10 TSX
20160926 20170114 -6.7525e-05 6.1824e-10 TSX
20161201 20171027 0.00013891 4.3453e-10 TSX
20161223 20171107 0.0001438 4.2641e-10 TSX
20170114 20170902 0.00016686 4.7774e-10 TSX
20170811 20171005 -9.8732e-05 7.4136e-10 TSX
20170822 20180707 -0.0001985 4.1381e-10 TSX
20170913 20180707 -0.00028399 4.4166e-10 TSX
20170924 20180319 0.00038943 5.2392e-10 TSX
20171005 20171107 8.825e-05 8.0671e-10 TSX
20171016 20180319 0.0003979 5.5023e-10 TSX
20171027 20180911 -0.00023238 4.1404e-10 TSX
20171107 20171118 8.9703e-05 9.7831e-10 TSX
20171118 20171129 2.8492e-05 9.7831e-10 TSX
20171129 20171221 -6.5962e-05 8.5098e-10 TSX
20171210 20180820 -0.00029563 4.5347e-10 TSX
20171221 20180911 -0.00014963 4.4604e-10 TSX
20180112 20181003 0.00028586 4.5114e-10 TSX
20180319 20180707 -0.00093712 6.1799e-10 TSX
20180707 20180911 0.00021794 7.1254e-10 TSX
20180729 20181003 0.00046099 7.1254e-10 TSX
20180820 20181003 0.00051603 7.7246e-10 TSX
20180911 20181003 5.9098e-06 8.5098e-10 TSX
