20030427 20030914 0.00097168 6.3344e-10 ERS2
20030914 20080629 5.3901e-05 3.1102e-10 ERS2
20050918 20090510 -2.1444e-05 3.9409e-10 ERS2
20051127 20081116 0.00011741 3.6229e-10 ERS2
20060903 20090510 -7.8473e-05 3.9716e-10 ERS2
20061231 20090105 3.7772e-05 3.202e-10 ALOS
20070402 20070703 -1.3228e-05 7.0319e-10 ALOS
20070518 20091008 -2.3199e-05 3.0464e-10 ALOS
20070818 20071003 -0.00036005 8.0682e-10 ALOS
20071217 20100509 -6.9772e-05 3.0857e-10 ALOS
20080103 20100526 -7.9921e-05 3.04e-10 ALOS
20080404 20080520 -2.0388e-05 8.0682e-10 ALOS
20080618 20090921 -0.00019063 3.8616e-10 ALOS
20080629 20090510 8.4055e-06 4.7569e-10 ERS2
20080705 20091008 8.1337e-05 3.7375e-10 ALOS
20080803 20090823 2.6449e-05 4.2192e-10 ERS2
20081116 20090823 4.9124e-05 5.1121e-10 ERS2
20081219 20090921 0.0006058 4.5892e-10 ALOS
20090105 20090708 0.00023025 5.4888e-10 ALOS
20090510 20091101 -0.00045021 5.8097e-10 ERS2
20090708 20091008 0.0011989 7.0329e-10 ALOS
20090823 20091101 0.0011079 7.5699e-10 ERS2
20091222 20100624 0.00087231 5.4519e-10 ALOS
20100108 20100223 0.00070031 8.0686e-10 ALOS
20100223 20100526 -0.00015682 7.0324e-10 ALOS
20100410 20100711 -7.4355e-05 7.0326e-10 ALOS
20100509 20100624 0.00075984 8.0468e-10 ALOS
20100526 20100711 0.00061772 8.0684e-10 ALOS
20100624 20101109 0.00025379 6.1205e-10 ALOS
20100711 20101011 0.00022707 7.0329e-10 ALOS
20100809 20101109 -1.8505e-05 6.9983e-10 ALOS
20101011 20101126 0.00027428 8.0683e-10 ALOS
20110111 20110226 0.0009514 8.0682e-10 ALOS
20110924 20130715 2.2836e-05 3.3135e-10 TSX
20111005 20121229 -3.646e-05 3.784e-10 TSX
20111121 20171221 -1.8126e-05 3.1326e-10 TSX
20111221 20130131 -5.1098e-05 3.958e-10 TSX
20111224 20121027 1.7942e-06 4.6734e-10 TSX
20120126 20140419 3.986e-06 3.3538e-10 TSX
20120203 20160320 -1.3325e-05 2.5133e-10 TSX
20120206 20171107 -6.8113e-06 3.0001e-10 TSX
20120617 20171129 -3.528e-05 3.2073e-10 TSX
20120723 20160120 -8.463e-05 2.6847e-10 TSX
20121024 20130109 -7.6182e-05 7.4039e-10 TSX
20121027 20151226 -8.5986e-06 3.1173e-10 TSX
20121030 20130311 -6.2835e-05 6.1209e-10 TSX
20121107 20171118 -1.5841e-05 3.291e-10 TSX
20121221 20160208 -6.3119e-06 3.1225e-10 TSX
20121224 20130516 9.8743e-05 5.939e-10 TSX
20121229 20130407 -7.7928e-06 6.9352e-10 TSX
20130104 20130217 9.2824e-05 8.0396e-10 TSX
20130109 20130715 0.00022833 5.5052e-10 TSX
20130112 20140511 2.2402e-05 4.0221e-10 TSX
20130115 20130721 -5.3451e-05 5.3175e-10 TSX
20130126 20130823 -9.7521e-05 5.0654e-10 TSX
20130131 20130429 9.521e-05 7.1653e-10 TSX
20130203 20130729 3.4638e-05 5.8182e-10 TSX
20130211 20130919 0.00015994 5.1419e-10 TSX
20130228 20141209 2.1753e-05 3.1814e-10 TSX
20130311 20130801 -5.435e-06 5.9373e-10 TSX
20130316 20130623 -7.2544e-05 6.9353e-10 TSX
20130402 20150122 -4.689e-05 3.0402e-10 TSX
20130407 20140530 6.9277e-05 3.9097e-10 TSX
20130421 20171016 -6.9761e-06 3.1678e-10 TSX
20130424 20130721 -0.00023504 6.9964e-10 TSX
20130429 20130623 -0.00018241 7.8944e-10 TSX
20130505 20131028 -0.00057452 5.452e-10 TSX
20130513 20151112 -1.6208e-05 3.2012e-10 TSX
20130516 20131017 -0.00016754 5.7598e-10 TSX
20130521 20130715 0.0002755 7.8948e-10 TSX
20130524 20171129 -1.2052e-05 3.1113e-10 TSX
20130527 20140627 -7.856e-05 3.9345e-10 TSX
20130601 20130930 0.00019333 6.5074e-10 TSX
20130604 20141217 -6.9373e-06 3.8926e-10 TSX
20130607 20140719 6.6277e-05 3.8952e-10 TSX
20130612 20150105 -5.2789e-05 3.4621e-10 TSX
20130615 20160106 1.5162e-05 3.2005e-10 TSX
20130618 20140708 -2.392e-05 3.9792e-10 TSX
20130623 20130715 0.00073031 8.8099e-10 TSX
20130629 20130914 0.00019158 7.2484e-10 TSX
20130707 20150130 -3.793e-05 3.8933e-10 TSX
20130710 20140901 4.2514e-05 3.8643e-10 TSX
20130715 20130726 -0.0024522 1.0251e-09 TSX
20130721 20131108 0.00091483 6.5285e-10 TSX
20130726 20150517 -6.4406e-05 3.2977e-10 TSX
20130729 20160904 -3.6363e-05 3.2123e-10 TSX
20130801 20151115 1.102e-05 2.9078e-10 TSX
20130817 20140209 -0.00011127 5.6457e-10 TSX
20130828 20150312 9.66e-06 3.4845e-10 TSX
20130903 20150329 -0.00014987 3.2296e-10 TSX
20130919 20160309 -3.2124e-05 2.8375e-10 TSX
20130925 20140708 -4.9896e-05 4.4273e-10 TSX
20130930 20160411 -5.5478e-05 2.8139e-10 TSX
20131011 20150802 1.6959e-06 3.2761e-10 TSX
20131017 20140719 -0.00011084 4.5052e-10 TSX
20131028 20160304 -0.00011992 2.8299e-10 TSX
20131102 20140519 0.00015663 5.3771e-10 TSX
20131108 20140708 -4.3694e-05 4.7553e-10 TSX
20140209 20160309 -1.3727e-05 3.138e-10 TSX
20140223 20140829 1.7768e-05 5.6782e-10 TSX
20140408 20140705 6.6079e-06 7.3116e-10 TSX
20140419 20170913 -3.1768e-06 3.0891e-10 TSX
20140511 20141228 2.8668e-05 5.2133e-10 TSX
20140519 20150824 -9.7143e-05 3.7417e-10 TSX
20140624 20171005 -2.8704e-05 3.2924e-10 TSX
20140627 20151115 4.1276e-05 3.4689e-10 TSX
20140705 20180911 -2.2014e-05 3.3164e-10 TSX
20140708 20160406 5.8704e-05 3.1814e-10 TSX
20140716 20171005 -4.9248e-07 3.3372e-10 TSX
20140719 20151207 -1.1362e-05 3.4709e-10 TSX
20140727 20150326 -4.0382e-05 5.1251e-10 TSX
20140810 20150122 -5.5867e-05 5.6021e-10 TSX
20140818 20160301 -1.6141e-05 3.6298e-10 TSX
20140829 20160208 -1.8728e-05 3.6828e-10 TSX
20140901 20140912 -0.00026814 9.8106e-10 TSX
20140912 20141209 -0.00012557 6.9963e-10 TSX
20140920 20170902 1.4143e-05 3.3086e-10 TSX
20141209 20160211 -3.7087e-05 3.7138e-10 TSX
20141217 20160722 1.4525e-06 3.5783e-10 TSX
20141228 20160106 -1.3489e-05 4.1964e-10 TSX
20141231 20151024 5.2284e-05 4.3566e-10 TSX
20150105 20150824 -3.0181e-05 5.0321e-10 TSX
20150108 20170811 -3.1157e-05 3.3651e-10 TSX
20150119 20160117 5.647e-05 4.2568e-10 TSX
20150127 20160411 -2.4333e-05 3.814e-10 TSX
20150130 20151112 4.0245e-05 4.6981e-10 TSX
20150210 20170114 -6.3198e-06 3.4501e-10 TSX
20150213 20160326 0.00015383 3.7504e-10 TSX
20150218 20160216 1.6494e-06 4.1441e-10 TSX
20150221 20180112 1.6369e-05 3.4026e-10 TSX
20150304 20180911 -1.856e-05 3.1903e-10 TSX
20150307 20160211 -1.3024e-05 4.1011e-10 TSX
20150312 20160320 5.7266e-06 4.091e-10 TSX
20150326 20150827 4.3114e-05 6.1257e-10 TSX
20150329 20151207 -2.3026e-05 4.6745e-10 TSX
20150428 20160425 -2.6256e-05 4.2444e-10 TSX
20150509 20150827 5.0392e-05 6.869e-10 TSX
20150517 20150824 0.00014615 6.9354e-10 TSX
20150520 20180911 1.068e-05 3.2087e-10 TSX
20150714 20170822 -9.4342e-06 3.4429e-10 TSX
20150725 20170924 -1.9494e-06 3.3769e-10 TSX
20150802 20160309 -0.00018324 5.1414e-10 TSX
20150805 20160403 -5.8273e-05 5.1109e-10 TSX
20150816 20171107 -1.4191e-05 3.4242e-10 TSX
20150824 20150915 0.00069362 8.8087e-10 TSX
20150827 20170902 1.0741e-05 3.5375e-10 TSX
20150915 20160216 -0.00017416 5.9561e-10 TSX
20151021 20160904 -2.9119e-05 4.5912e-10 TSX
20151101 20171016 -1.8355e-05 3.5613e-10 TSX
20151112 20160425 -8.4762e-05 5.9669e-10 TSX
20151115 20151229 0.00011803 8.0396e-10 TSX
20151123 20171221 -2.6345e-05 3.473e-10 TSX
20151204 20151215 0.00016084 9.9524e-10 TSX
20151207 20160406 -0.00017506 6.3171e-10 TSX
20151215 20170822 -1.7897e-05 3.6353e-10 TSX
20151226 20161223 2.5432e-05 4.4078e-10 TSX
20151229 20160211 4.4447e-05 8.0396e-10 TSX
20160106 20161223 2.8879e-05 4.4524e-10 TSX
20160117 20160926 -1.406e-05 5.0168e-10 TSX
20160128 20160301 -0.00018871 8.4342e-10 TSX
20160208 20160312 -8.883e-05 8.4342e-10 TSX
20160216 20160309 -0.00041888 8.8087e-10 TSX
20160219 20180319 -2.6761e-05 3.4769e-10 TSX
20160301 20161201 1.2234e-06 4.8753e-10 TSX
20160304 20160326 1.5336e-05 8.6739e-10 TSX
20160312 20180319 -2.3801e-05 3.5227e-10 TSX
20160320 20160411 0.00032801 8.8088e-10 TSX
20160323 20171118 -3.1463e-05 3.5956e-10 TSX
20160326 20160406 -0.00043556 9.8102e-10 TSX
20160403 20171027 -1.6346e-05 3.6711e-10 TSX
20160425 20170811 -2.8019e-05 3.8848e-10 TSX
20160528 20160630 -4.6761e-06 8.4342e-10 TSX
20160630 20171118 -3.597e-05 3.8323e-10 TSX
20160722 20161201 3.0172e-05 6.4875e-10 TSX
20160904 20180707 2.2551e-07 3.8389e-10 TSX
20160915 20180911 -1.1447e-05 3.5398e-10 TSX
20160926 20170114 -1.3319e-05 6.8836e-10 TSX
20161201 20171027 -1.3081e-05 4.5287e-10 TSX
20161223 20171107 -5.8617e-05 4.4794e-10 TSX
20170114 20170902 2.9018e-05 5.1676e-10 TSX
20170811 20171005 -3.4516e-05 7.9764e-10 TSX
20170822 20180707 4.1956e-05 4.6159e-10 TSX
20170913 20180707 1.5826e-05 4.7298e-10 TSX
20170924 20180319 1.4608e-05 5.8198e-10 TSX
20171005 20171107 4.0132e-05 8.4342e-10 TSX
20171016 20180319 5.8985e-06 6.1328e-10 TSX
20171027 20180911 2.3524e-05 4.6141e-10 TSX
20171107 20171118 7.4393e-05 9.9524e-10 TSX
20171118 20171129 5.3396e-05 9.9524e-10 TSX
20171129 20171221 -1.9417e-05 8.7663e-10 TSX
20171210 20180820 3.6693e-05 5.0339e-10 TSX
20171221 20180911 7.0832e-05 4.9989e-10 TSX
20180112 20181003 -2.0538e-05 4.9483e-10 TSX
20180319 20180707 -4.0836e-05 6.8839e-10 TSX
20180707 20180911 0.00022411 7.7574e-10 TSX
20180729 20181003 4.1379e-05 7.7574e-10 TSX
20180820 20181003 0.00013658 8.1987e-10 TSX
20180911 20181003 -0.00016349 8.7675e-10 TSX
