20030427 20030914 0.00034844 5.6748e-10 ERS2
20030914 20080629 5.6668e-05 2.8574e-10 ERS2
20050918 20090510 3.5773e-06 2.9688e-10 ERS2
20051127 20081116 -1.1758e-05 3.1291e-10 ERS2
20060903 20090510 6.0827e-05 3.0763e-10 ERS2
20061231 20090105 0.00010067 3.141e-10 ALOS
20070402 20070703 -0.00013906 6.6649e-10 ALOS
20070518 20091008 0.00010191 3.0277e-10 ALOS
20070818 20071003 -0.00039834 7.752e-10 ALOS
20071217 20100509 -9.2705e-06 2.9927e-10 ALOS
20080103 20100526 6.2281e-05 3.0127e-10 ALOS
20080404 20080520 6.9031e-05 7.7523e-10 ALOS
20080618 20090921 -4.3218e-05 3.7246e-10 ALOS
20080629 20090510 -0.00021321 4.1644e-10 ERS2
20080705 20091008 -3.4841e-05 3.6499e-10 ALOS
20080803 20090823 -5.7038e-05 3.8362e-10 ERS2
20081116 20090823 0.00010549 4.3249e-10 ERS2
20081219 20090921 0.00033482 4.4618e-10 ALOS
20090105 20090708 -9.584e-05 5.2934e-10 ALOS
20090510 20091101 6.8254e-05 5.2083e-10 ERS2
20090708 20091008 0.0004683 6.662e-10 ALOS
20090823 20091101 0.00016509 6.9861e-10 ERS2
20091222 20100624 0.00056425 5.2549e-10 ALOS
20100108 20100223 0.00022343 7.7527e-10 ALOS
20100223 20100526 0.00011751 6.6659e-10 ALOS
20100410 20100711 -6.2205e-05 6.6636e-10 ALOS
20100509 20100624 0.00061954 7.7321e-10 ALOS
20100526 20100711 0.00037728 7.7521e-10 ALOS
20100624 20101109 -8.3304e-05 5.84e-10 ALOS
20100711 20101011 -0.00010499 6.6629e-10 ALOS
20100809 20101109 -6.1544e-05 6.6358e-10 ALOS
20101011 20101126 0.0002906 7.7521e-10 ALOS
20110111 20110226 0.00069546 7.752e-10 ALOS
20110924 20130715 3.3851e-05 3.2373e-10 TSX
20111005 20121229 -3.5336e-05 3.6889e-10 TSX
20111121 20171221 1.8163e-06 2.3508e-10 TSX
20111221 20130131 5.4357e-05 3.8552e-10 TSX
20111224 20121027 -1.8746e-05 4.1938e-10 TSX
20120126 20140419 -3.0792e-05 2.9069e-10 TSX
20120203 20160320 1.8065e-05 2.4631e-10 TSX
20120206 20171107 6.8336e-07 2.3808e-10 TSX
20120617 20171129 1.1005e-05 2.4016e-10 TSX
20120723 20160120 9.9472e-05 2.6365e-10 TSX
20121024 20130109 0.00019935 7.0163e-10 TSX
20121027 20151226 1.5173e-05 2.6545e-10 TSX
20121030 20130311 6.3757e-05 5.8466e-10 TSX
20121107 20171118 -1.5218e-07 2.3927e-10 TSX
20121221 20160208 -7.5434e-06 2.6317e-10 TSX
20121224 20130516 -7.7962e-05 5.6849e-10 TSX
20121229 20130407 0.00020689 6.5612e-10 TSX
20130104 20130217 6.0024e-05 7.7313e-10 TSX
20130109 20130715 -1.9881e-05 5.2844e-10 TSX
20130112 20140511 -4.8898e-05 3.5458e-10 TSX
20130115 20130721 -0.00016442 5.1396e-10 TSX
20130126 20130823 -0.00012443 4.9864e-10 TSX
20130131 20130429 -7.3363e-06 6.7802e-10 TSX
20130203 20130729 -3.7396e-05 5.2317e-10 TSX
20130211 20130919 -6.493e-05 4.9592e-10 TSX
20130228 20141209 4.2934e-05 3.125e-10 TSX
20130311 20130801 -6.8504e-05 5.6845e-10 TSX
20130316 20130623 6.986e-05 6.5612e-10 TSX
20130402 20150122 1.8809e-05 3.1271e-10 TSX
20130407 20140530 -3.7811e-05 3.8095e-10 TSX
20130421 20171016 -8.9974e-07 2.431e-10 TSX
20130424 20130721 -0.00028155 6.6403e-10 TSX
20130429 20130623 -7.1156e-05 7.5417e-10 TSX
20130505 20131028 -0.00037712 5.333e-10 TSX
20130513 20151112 -1.733e-06 2.7634e-10 TSX
20130516 20131017 -0.00021432 5.6064e-10 TSX
20130521 20130715 5.7756e-05 7.5419e-10 TSX
20130524 20171129 2.4354e-06 2.4051e-10 TSX
20130527 20140627 1.0552e-05 3.838e-10 TSX
20130601 20130930 -5.3512e-05 6.1701e-10 TSX
20130604 20141217 -1.7365e-05 3.3839e-10 TSX
20130607 20140719 3.4278e-07 3.8015e-10 TSX
20130612 20150105 3.9232e-05 3.3827e-10 TSX
20130615 20160106 9.8376e-06 2.7604e-10 TSX
20130618 20140708 -1.9508e-05 3.8798e-10 TSX
20130623 20130715 0.00050219 8.6162e-10 TSX
20130629 20130914 0.00020858 6.8863e-10 TSX
20130707 20150130 -2.1145e-05 3.3717e-10 TSX
20130710 20140901 3.5033e-05 3.7659e-10 TSX
20130715 20130726 -0.0025095 1.0107e-09 TSX
20130721 20131108 0.00068588 6.244e-10 TSX
20130726 20150517 0.00019325 3.2196e-10 TSX
20130729 20160904 -1.059e-05 2.7142e-10 TSX
20130801 20151115 4.2089e-05 2.8671e-10 TSX
20130817 20140209 0.00011179 5.4097e-10 TSX
20130828 20150312 6.9663e-05 3.4049e-10 TSX
20130903 20150329 -6.7802e-05 3.2288e-10 TSX
20130919 20160309 5.8624e-05 2.751e-10 TSX
20130925 20140708 4.3455e-05 4.3134e-10 TSX
20130930 20160411 7.704e-05 2.7081e-10 TSX
20131011 20150802 2.1494e-05 3.1967e-10 TSX
20131017 20140719 2.8408e-05 4.3878e-10 TSX
20131028 20160304 -5.4189e-05 3.1835e-10 TSX
20131102 20140519 -0.00013474 5.171e-10 TSX
20131108 20140708 1.0315e-06 4.6284e-10 TSX
20140209 20160309 8.3736e-06 3.0429e-10 TSX
20140223 20140829 -1.9656e-05 5.1113e-10 TSX
20140408 20140705 -5.5144e-06 6.6137e-10 TSX
20140419 20170913 -4.6252e-06 2.5202e-10 TSX
20140511 20141228 2.2712e-05 4.701e-10 TSX
20140519 20150824 0.00010948 3.6478e-10 TSX
20140624 20171005 8.8807e-06 2.6136e-10 TSX
20140627 20151115 5.5137e-05 3.3947e-10 TSX
20140705 20180911 3.9257e-06 2.5352e-10 TSX
20140708 20160406 5.7141e-05 3.1168e-10 TSX
20140716 20171005 -1.8611e-05 2.6198e-10 TSX
20140719 20151207 2.1486e-05 3.4005e-10 TSX
20140727 20150326 -1.0842e-05 4.6158e-10 TSX
20140810 20150122 -4.7102e-05 5.3919e-10 TSX
20140818 20160301 2.2744e-05 3.2452e-10 TSX
20140829 20160208 8.7445e-06 3.3084e-10 TSX
20140901 20140912 -0.00031989 9.6745e-10 TSX
20140912 20141209 0.00013967 6.6403e-10 TSX
20140920 20170902 -1.4594e-05 2.6456e-10 TSX
20141209 20160211 -1.446e-05 3.6352e-10 TSX
20141217 20160722 -9.9344e-06 3.1825e-10 TSX
20141228 20160106 7.5956e-06 3.82e-10 TSX
20141231 20151024 -2.1204e-06 4.2487e-10 TSX
20150105 20150824 3.7819e-05 4.8606e-10 TSX
20150108 20170811 1.2526e-05 2.7441e-10 TSX
20150119 20160117 -1.6083e-06 3.8714e-10 TSX
20150127 20160411 7.6799e-05 3.7121e-10 TSX
20150130 20151112 7.2119e-06 4.2853e-10 TSX
20150210 20170114 -2.1558e-05 2.9862e-10 TSX
20150213 20160326 -2.446e-05 3.9538e-10 TSX
20150218 20160216 7.6939e-06 4.0281e-10 TSX
20150221 20180112 7.6847e-06 2.6207e-10 TSX
20150304 20180911 2.0493e-05 2.5274e-10 TSX
20150307 20160211 1.5096e-05 4.0089e-10 TSX
20150312 20160320 -1.2617e-05 3.9796e-10 TSX
20150326 20150827 -3.3865e-05 5.4981e-10 TSX
20150329 20151207 -1.1452e-05 4.5478e-10 TSX
20150428 20160425 1.0079e-05 3.8688e-10 TSX
20150509 20150827 -8.1225e-05 6.1799e-10 TSX
20150517 20150824 -0.00020633 6.5614e-10 TSX
20150520 20180911 -5.6903e-06 2.5873e-10 TSX
20150714 20170822 -1.4339e-05 2.9143e-10 TSX
20150725 20170924 -1.0335e-05 2.8963e-10 TSX
20150802 20160309 2.6654e-05 4.9594e-10 TSX
20150805 20160403 7.6673e-05 4.6116e-10 TSX
20150816 20171107 -1.6553e-05 2.883e-10 TSX
20150824 20150915 0.00063808 8.6152e-10 TSX
20150827 20170902 -6.0105e-06 2.9564e-10 TSX
20150915 20160216 -7.1435e-05 5.682e-10 TSX
20151021 20160904 -9.6163e-06 4.125e-10 TSX
20151101 20171016 -9.9346e-06 3.0027e-10 TSX
20151112 20160425 1.6556e-05 5.3613e-10 TSX
20151115 20151229 0.00018321 7.7313e-10 TSX
20151123 20171221 -1.4039e-05 2.9366e-10 TSX
20151204 20151215 0.0001478 9.7805e-10 TSX
20151207 20160406 -1.1724e-06 6.0215e-10 TSX
20151215 20170822 -8.0048e-06 3.1353e-10 TSX
20151226 20161223 -2.9698e-05 3.9363e-10 TSX
20151229 20160211 6.7131e-06 7.7313e-10 TSX
20160106 20161223 -1.7261e-05 3.982e-10 TSX
20160117 20160926 -2.9695e-05 4.5308e-10 TSX
20160128 20160301 -0.00013002 8.0658e-10 TSX
20160208 20160312 -8.3147e-05 8.0658e-10 TSX
20160216 20160309 -0.0003687 8.6152e-10 TSX
20160219 20180319 -3.499e-06 2.9602e-10 TSX
20160301 20161201 -3.1008e-05 4.386e-10 TSX
20160304 20160326 0.00011883 8.4839e-10 TSX
20160312 20180319 -1.5517e-05 2.9776e-10 TSX
20160320 20160411 0.00047033 8.6153e-10 TSX
20160323 20171118 -2.0212e-05 3.1767e-10 TSX
20160326 20160406 -0.00055023 9.6738e-10 TSX
20160403 20171027 -1.5759e-05 3.2224e-10 TSX
20160425 20170811 -1.0739e-06 3.4646e-10 TSX
20160528 20160630 -5.6298e-05 8.0658e-10 TSX
20160630 20171118 5.0237e-06 3.3892e-10 TSX
20160722 20161201 2.4614e-05 5.8139e-10 TSX
20160904 20180707 -2.6702e-05 3.2248e-10 TSX
20160915 20180911 -1.5266e-06 3.0153e-10 TSX
20160926 20170114 -5.7755e-07 6.1804e-10 TSX
20161201 20171027 -1.5651e-05 4.0692e-10 TSX
20161223 20171107 -7.5592e-07 4.0915e-10 TSX
20170114 20170902 8.8778e-06 4.6866e-10 TSX
20170811 20171005 -9.226e-05 7.4136e-10 TSX
20170822 20180707 -1.1987e-05 4.1386e-10 TSX
20170913 20180707 -3.9075e-05 4.2501e-10 TSX
20170924 20180319 2.4347e-05 5.2323e-10 TSX
20171005 20171107 4.4763e-05 8.0658e-10 TSX
20171016 20180319 6.1747e-06 5.5013e-10 TSX
20171027 20180911 1.0776e-05 4.1385e-10 TSX
20171107 20171118 6.5154e-05 9.7805e-10 TSX
20171118 20171129 4.8638e-05 9.7805e-10 TSX
20171129 20171221 -4.491e-05 8.5077e-10 TSX
20171210 20180820 -1.0208e-05 4.5346e-10 TSX
20171221 20180911 3.6699e-05 4.457e-10 TSX
20180112 20181003 -1.569e-05 4.4569e-10 TSX
20180319 20180707 -5.1888e-05 6.1805e-10 TSX
20180707 20180911 0.00013378 7.1257e-10 TSX
20180729 20181003 -1.7528e-05 7.1257e-10 TSX
20180820 20181003 0.00013781 7.7241e-10 TSX
20180911 20181003 -0.00012958 8.5077e-10 TSX
