20030427 20030914 -0.00025027 5.6641e-10 ERS2
20030914 20080629 -5.5261e-05 2.9816e-10 ERS2
20050918 20090510 0.0001701 3.0046e-10 ERS2
20051127 20081116 0.00013035 3.2144e-10 ERS2
20060903 20090510 6.1382e-05 3.1203e-10 ERS2
20061231 20090105 3.2287e-06 3.2285e-10 ALOS
20070402 20070703 -9.9246e-05 6.6619e-10 ALOS
20070518 20091008 2.0841e-05 2.9986e-10 ALOS
20070818 20071003 -0.00027439 7.7582e-10 ALOS
20071217 20100509 -4.647e-05 3.1761e-10 ALOS
20080103 20100526 9.8143e-05 3.1922e-10 ALOS
20080404 20080520 5.4464e-05 7.7617e-10 ALOS
20080618 20090921 6.0025e-05 3.7281e-10 ALOS
20080629 20090510 -0.00032358 4.2163e-10 ERS2
20080705 20091008 0.00011856 3.6578e-10 ALOS
20080803 20090823 -1.5726e-05 3.8272e-10 ERS2
20081116 20090823 4.9541e-05 4.3194e-10 ERS2
20081219 20090921 0.00041024 4.534e-10 ALOS
20090105 20090708 -0.00021096 5.3383e-10 ALOS
20090510 20091101 -2.6275e-05 5.2095e-10 ERS2
20090708 20091008 0.00096689 6.6589e-10 ALOS
20090823 20091101 7.3759e-05 6.986e-10 ERS2
20091222 20100624 0.00024055 5.294e-10 ALOS
20100108 20100223 5.1429e-05 7.7741e-10 ALOS
20100223 20100526 -0.00021124 6.6677e-10 ALOS
20100410 20100711 -0.00024402 6.675e-10 ALOS
20100509 20100624 0.000624 7.7378e-10 ALOS
20100526 20100711 0.00053436 7.7584e-10 ALOS
20100624 20101109 0.00027505 5.8396e-10 ALOS
20100711 20101011 0.00048199 6.6632e-10 ALOS
20100809 20101109 9.6098e-05 6.6352e-10 ALOS
20101011 20101126 2.0651e-05 7.7583e-10 ALOS
20110111 20110226 0.00080019 7.7582e-10 ALOS
20110924 20130715 7.1337e-05 3.2546e-10 TSX
20111005 20121229 3.6752e-05 3.7544e-10 TSX
20111121 20171221 4.4386e-05 3.0838e-10 TSX
20111221 20130131 -3.8074e-06 3.8558e-10 TSX
20111224 20121027 6.1002e-05 4.1939e-10 TSX
20120126 20140419 -7.253e-06 2.9436e-10 TSX
20120203 20160320 4.5704e-05 2.8567e-10 TSX
20120206 20171107 6.6837e-05 3.4149e-10 TSX
20120617 20171129 7.548e-05 3.2266e-10 TSX
20120723 20160120 0.00010253 3.1756e-10 TSX
20121024 20130109 0.00010989 7.0163e-10 TSX
20121027 20151226 3.3725e-05 2.8984e-10 TSX
20121030 20130311 -7.2563e-05 5.8465e-10 TSX
20121107 20171118 9.7964e-05 2.9908e-10 TSX
20121221 20160208 6.5823e-05 3.0607e-10 TSX
20121224 20130516 -3.6714e-05 5.6848e-10 TSX
20121229 20130407 -7.6889e-06 6.5602e-10 TSX
20130104 20130217 -3.6773e-05 7.7365e-10 TSX
20130109 20130715 -7.2808e-06 5.2834e-10 TSX
20130112 20140511 -3.1547e-06 3.5439e-10 TSX
20130115 20130721 -2.4974e-05 5.1396e-10 TSX
20130126 20130823 4.7065e-05 5.4925e-10 TSX
20130131 20130429 -4.1758e-05 6.7795e-10 TSX
20130203 20130729 4.4493e-05 5.2313e-10 TSX
20130211 20130919 0.00014991 4.9594e-10 TSX
20130228 20141209 4.7315e-05 3.2762e-10 TSX
20130311 20130801 9.42e-05 5.6844e-10 TSX
20130316 20130623 4.3214e-05 6.5602e-10 TSX
20130402 20150122 -0.00011782 3.6601e-10 TSX
20130407 20140530 -3.0331e-05 3.8098e-10 TSX
20130421 20171016 4.0381e-05 3.1512e-10 TSX
20130424 20130721 -8.0572e-05 6.6401e-10 TSX
20130429 20130623 -5.9209e-05 7.5457e-10 TSX
20130505 20131028 -0.00073029 5.5988e-10 TSX
20130513 20151112 4.7925e-05 3.4592e-10 TSX
20130516 20131017 5.2269e-05 5.8252e-10 TSX
20130521 20130715 0.00030038 7.5459e-10 TSX
20130524 20171129 7.804e-05 2.9055e-10 TSX
20130527 20140627 5.6064e-05 3.8352e-10 TSX
20130601 20130930 0.00034271 6.1691e-10 TSX
20130604 20141217 4.7072e-05 3.4427e-10 TSX
20130607 20140719 8.4145e-05 3.8017e-10 TSX
20130612 20150105 5.3149e-05 3.4619e-10 TSX
20130615 20160106 7.8819e-05 3.4042e-10 TSX
20130618 20140708 4.2928e-05 3.8796e-10 TSX
20130623 20130715 0.00071839 8.6319e-10 TSX
20130629 20130914 4.2814e-05 7.0802e-10 TSX
20130707 20150130 2.3212e-05 3.3895e-10 TSX
20130710 20140901 4.4292e-05 3.7746e-10 TSX
20130715 20130726 -0.0023866 1.0125e-09 TSX
20130721 20131108 0.00079775 6.6301e-10 TSX
20130726 20150517 -4.5903e-05 3.3835e-10 TSX
20130729 20160904 3.4063e-05 2.9558e-10 TSX
20130801 20151115 9.3607e-05 3.2882e-10 TSX
20130817 20140209 -2.7352e-05 5.4099e-10 TSX
20130828 20150312 -6.7862e-06 3.5569e-10 TSX
20130903 20150329 -0.00018382 3.8105e-10 TSX
20130919 20160309 3.6177e-05 3.073e-10 TSX
20130925 20140708 -0.00012689 4.8387e-10 TSX
20130930 20160411 2.0726e-05 3.3913e-10 TSX
20131011 20150802 -2.0411e-05 3.4446e-10 TSX
20131017 20140719 -2.8596e-05 4.7852e-10 TSX
20131028 20160304 1.9428e-05 3.4058e-10 TSX
20131102 20140519 -0.00020325 5.171e-10 TSX
20131108 20140708 -4.685e-06 4.8962e-10 TSX
20140209 20160309 3.3911e-05 3.436e-10 TSX
20140223 20140829 5.6113e-05 5.1114e-10 TSX
20140408 20140705 8.8036e-06 6.6129e-10 TSX
20140419 20170913 9.6218e-05 3.2409e-10 TSX
20140511 20141228 8.3691e-05 4.6987e-10 TSX
20140519 20150824 4.292e-05 3.8601e-10 TSX
20140624 20171005 5.3913e-05 3.297e-10 TSX
20140627 20151115 5.6822e-05 3.6007e-10 TSX
20140705 20180911 4.4746e-05 3.2092e-10 TSX
20140708 20160406 5.2335e-05 3.4872e-10 TSX
20140716 20171005 8.3832e-05 3.3378e-10 TSX
20140719 20151207 5.1935e-05 3.5579e-10 TSX
20140727 20150326 -3.0611e-05 4.6224e-10 TSX
20140810 20150122 -1.2959e-06 5.5381e-10 TSX
20140818 20160301 6.5024e-05 3.5138e-10 TSX
20140829 20160208 3.8729e-05 3.7035e-10 TSX
20140901 20140912 -0.0002972 9.6891e-10 TSX
20140912 20141209 -6.3383e-05 6.6401e-10 TSX
20140920 20170902 8.4501e-05 3.4185e-10 TSX
20141209 20160211 1.1372e-05 3.852e-10 TSX
20141217 20160722 6.9361e-05 3.3141e-10 TSX
20141228 20160106 8.6624e-05 3.9061e-10 TSX
20141231 20151024 0.00011387 4.3124e-10 TSX
20150105 20150824 -1.7219e-05 4.9048e-10 TSX
20150108 20170811 7.921e-05 3.3401e-10 TSX
20150119 20160117 8.6992e-05 3.8834e-10 TSX
20150127 20160411 6.4826e-05 3.8852e-10 TSX
20150130 20151112 7.5934e-05 4.325e-10 TSX
20150210 20170114 0.00011693 3.2624e-10 TSX
20150213 20160326 -0.0001237 4.3062e-10 TSX
20150218 20160216 6.7666e-05 4.1498e-10 TSX
20150221 20180112 0.00013 3.3604e-10 TSX
20150304 20180911 -0.00013599 3.0419e-10 TSX
20150307 20160211 0.00010862 4.0921e-10 TSX
20150312 20160320 -1.0008e-05 4.0115e-10 TSX
20150326 20150827 0.00015728 5.5027e-10 TSX
20150329 20151207 0.00014139 4.5676e-10 TSX
20150428 20160425 0.00012977 3.9119e-10 TSX
20150509 20150827 0.00020617 6.2099e-10 TSX
20150517 20150824 0.00015622 6.5704e-10 TSX
20150520 20180911 4.6632e-05 3.1687e-10 TSX
20150714 20170822 0.00011887 3.3432e-10 TSX
20150725 20170924 0.00011651 3.2382e-10 TSX
20150802 20160309 4.5511e-06 5.0276e-10 TSX
20150805 20160403 7.412e-05 4.7812e-10 TSX
20150816 20171107 0.00010341 3.3378e-10 TSX
20150824 20150915 0.00080567 8.631e-10 TSX
20150827 20170902 0.00010721 3.3022e-10 TSX
20150915 20160216 -0.00011945 5.7013e-10 TSX
20151021 20160904 2.4342e-05 4.2202e-10 TSX
20151101 20171016 8.5888e-05 3.3336e-10 TSX
20151112 20160425 6.0374e-06 5.3701e-10 TSX
20151115 20151229 0.00015924 7.7365e-10 TSX
20151123 20171221 9.652e-05 3.1894e-10 TSX
20151204 20151215 0.00016394 9.7901e-10 TSX
20151207 20160406 -0.0001414 6.0213e-10 TSX
20151215 20170822 0.00013049 3.303e-10 TSX
20151226 20161223 0.00012366 3.9437e-10 TSX
20151229 20160211 -1.5623e-05 7.7365e-10 TSX
20160106 20161223 0.00014345 3.9888e-10 TSX
20160117 20160926 0.00014074 4.5702e-10 TSX
20160128 20160301 -0.0001476 8.0725e-10 TSX
20160208 20160312 -0.00012469 8.0725e-10 TSX
20160216 20160309 -0.00039863 8.631e-10 TSX
20160219 20180319 8.5447e-05 3.1075e-10 TSX
20160301 20161201 0.00019485 4.3856e-10 TSX
20160304 20160326 3.2374e-06 8.4958e-10 TSX
20160312 20180319 8.1287e-05 3.238e-10 TSX
20160320 20160411 0.00039861 8.631e-10 TSX
20160323 20171118 0.00012754 3.5416e-10 TSX
20160326 20160406 -0.00047553 9.6884e-10 TSX
20160403 20171027 0.00012771 3.3594e-10 TSX
20160425 20170811 0.00014847 3.5575e-10 TSX
20160528 20160630 4.3672e-05 8.0725e-10 TSX
20160630 20171118 0.00015911 3.4353e-10 TSX
20160722 20161201 0.00035056 5.8131e-10 TSX
20160904 20180707 -3.6971e-05 3.3076e-10 TSX
20160915 20180911 -5.075e-05 3.066e-10 TSX
20160926 20170114 5.599e-05 6.1822e-10 TSX
20161201 20171027 7.3677e-06 4.0805e-10 TSX
20161223 20171107 3.2303e-05 4.114e-10 TSX
20170114 20170902 0.00010223 4.7846e-10 TSX
20170811 20171005 -2.1295e-05 7.4157e-10 TSX
20170822 20180707 -0.00023652 4.1378e-10 TSX
20170913 20180707 -0.00027982 4.2875e-10 TSX
20170924 20180319 -7.8786e-05 5.2321e-10 TSX
20171005 20171107 7.7037e-05 8.0725e-10 TSX
20171016 20180319 -2.5199e-05 5.501e-10 TSX
20171027 20180911 -0.00023974 4.1376e-10 TSX
20171107 20171118 9.8471e-05 9.7901e-10 TSX
20171118 20171129 5.2167e-05 9.7901e-10 TSX
20171129 20171221 -2.0401e-05 8.5164e-10 TSX
20171210 20180820 -0.00027561 4.5348e-10 TSX
20171221 20180911 -0.00037624 4.4566e-10 TSX
20180112 20181003 -9.8983e-05 4.4552e-10 TSX
20180319 20180707 -0.00042132 6.1796e-10 TSX
20180707 20180911 0.00021305 7.1262e-10 TSX
20180729 20181003 4.3788e-05 7.1262e-10 TSX
20180820 20181003 0.00018853 7.7284e-10 TSX
20180911 20181003 -0.000189 8.5165e-10 TSX
