20030427 20030914 0.00033633 5.6689e-10 ERS2
20030914 20080629 -0.00015498 2.7194e-10 ERS2
20050918 20090510 0.00010547 3.0193e-10 ERS2
20051127 20081116 -2.1168e-05 3.1414e-10 ERS2
20060903 20090510 -9.4687e-05 3.1065e-10 ERS2
20061231 20090105 0.00092237 3.1355e-10 ALOS
20070402 20070703 0.00031458 6.6626e-10 ALOS
20070518 20091008 0.00077274 2.9914e-10 ALOS
20070818 20071003 -0.0001662 7.751e-10 ALOS
20071217 20100509 0.00051612 3.01e-10 ALOS
20080103 20100526 0.00055047 3.016e-10 ALOS
20080404 20080520 0.00019261 7.7508e-10 ALOS
20080618 20090921 0.00049173 3.7272e-10 ALOS
20080629 20090510 -0.0003081 4.1358e-10 ERS2
20080705 20091008 0.00060524 3.654e-10 ALOS
20080803 20090823 6.11e-05 3.8272e-10 ERS2
20081116 20090823 0.00012782 4.3194e-10 ERS2
20081219 20090921 0.00090828 4.4612e-10 ALOS
20090105 20090708 0.00030811 5.2809e-10 ALOS
20090510 20091101 4.9138e-05 5.2393e-10 ERS2
20090708 20091008 0.00098651 6.6615e-10 ALOS
20090823 20091101 -0.00034466 6.9851e-10 ERS2
20091222 20100624 0.0004935 5.2479e-10 ALOS
20100108 20100223 0.0005564 7.7548e-10 ALOS
20100223 20100526 1.5435e-05 6.6628e-10 ALOS
20100410 20100711 9.6018e-05 6.6636e-10 ALOS
20100509 20100624 0.0007283 7.7309e-10 ALOS
20100526 20100711 0.00061731 7.7507e-10 ALOS
20100624 20101109 0.0003514 5.8398e-10 ALOS
20100711 20101011 0.00045216 6.6624e-10 ALOS
20100809 20101109 0.00023981 6.6353e-10 ALOS
20101011 20101126 0.0001185 7.7507e-10 ALOS
20110111 20110226 0.00072656 7.7506e-10 ALOS
20110924 20130715 0.00050904 3.305e-10 TSX
20111005 20121229 0.00037299 3.6956e-10 TSX
20111121 20171221 6.8212e-05 3.6498e-10 TSX
20111221 20130131 0.0003798 3.8558e-10 TSX
20111224 20121027 1.4716e-05 4.1936e-10 TSX
20120126 20140419 8.7555e-06 3.2351e-10 TSX
20120203 20160320 0.00027683 2.8399e-10 TSX
20120206 20171107 1.4863e-05 3.5071e-10 TSX
20120617 20171129 0.00011931 3.312e-10 TSX
20120723 20160120 0.00021466 3.2398e-10 TSX
20121024 20130109 0.00016235 7.016e-10 TSX
20121027 20151226 0.00012961 3.8013e-10 TSX
20121030 20130311 0.00017399 5.8465e-10 TSX
20121107 20171118 0.00015178 3.4227e-10 TSX
20121221 20160208 1.2191e-05 3.0908e-10 TSX
20121224 20130516 0.00021474 5.6849e-10 TSX
20121229 20130407 0.00020985 6.5611e-10 TSX
20130104 20130217 0.00010403 7.7306e-10 TSX
20130109 20130715 0.00040088 5.3089e-10 TSX
20130112 20140511 -7.5875e-05 3.6088e-10 TSX
20130115 20130721 0.00020893 5.1406e-10 TSX
20130126 20130823 0.00023895 5.1977e-10 TSX
20130131 20130429 1.6524e-05 6.7795e-10 TSX
20130203 20130729 0.00026349 5.2321e-10 TSX
20130211 20130919 0.00038711 4.96e-10 TSX
20130228 20141209 0.00047231 3.2018e-10 TSX
20130311 20130801 0.00033943 5.6842e-10 TSX
20130316 20130623 0.00018182 6.5611e-10 TSX
20130402 20150122 0.00011141 3.8547e-10 TSX
20130407 20140530 0.00027688 3.8142e-10 TSX
20130421 20171016 8.9101e-05 4.0764e-10 TSX
20130424 20130721 6.2735e-05 6.6409e-10 TSX
20130429 20130623 9.6265e-05 7.5406e-10 TSX
20130505 20131028 -3.3536e-05 5.585e-10 TSX
20130513 20151112 0.00014066 3.6886e-10 TSX
20130516 20131017 0.00016668 5.7158e-10 TSX
20130521 20130715 0.00047555 7.5413e-10 TSX
20130524 20171129 5.3758e-05 3.8483e-10 TSX
20130527 20140627 0.00035401 3.8467e-10 TSX
20130601 20130930 0.00051759 6.1701e-10 TSX
20130604 20141217 1.4117e-05 3.4736e-10 TSX
20130607 20140719 0.00036819 3.8101e-10 TSX
20130612 20150105 0.00033058 3.4107e-10 TSX
20130615 20160106 9.6387e-05 3.7066e-10 TSX
20130618 20140708 0.00028941 3.8926e-10 TSX
20130623 20130715 0.00073789 8.614e-10 TSX
20130629 20130914 0.0004941 6.8819e-10 TSX
20130707 20150130 -5.7143e-05 3.4492e-10 TSX
20130710 20140901 0.00033917 3.7765e-10 TSX
20130715 20130726 -0.0024809 1.0103e-09 TSX
20130721 20131108 0.0008479 6.2561e-10 TSX
20130726 20150517 0.00035233 3.2682e-10 TSX
20130729 20160904 0.00012977 3.6795e-10 TSX
20130801 20151115 0.00023401 3.5628e-10 TSX
20130817 20140209 0.00013972 5.4098e-10 TSX
20130828 20150312 0.00032971 3.4271e-10 TSX
20130903 20150329 -2.9809e-05 3.8182e-10 TSX
20130919 20160309 0.0002102 3.171e-10 TSX
20130925 20140708 0.00021443 4.3148e-10 TSX
20130930 20160411 0.00016066 2.9494e-10 TSX
20131011 20150802 0.00026715 3.366e-10 TSX
20131017 20140719 0.00019465 4.3879e-10 TSX
20131028 20160304 -8.6526e-05 3.3276e-10 TSX
20131102 20140519 -0.00017703 5.1711e-10 TSX
20131108 20140708 0.00017933 4.6343e-10 TSX
20140209 20160309 0.00021315 3.2601e-10 TSX
20140223 20140829 0.00016283 5.1109e-10 TSX
20140408 20140705 0.00015837 6.6125e-10 TSX
20140419 20170913 3.4263e-05 3.3676e-10 TSX
20140511 20141228 0.0002135 4.7007e-10 TSX
20140519 20150824 0.00051778 3.7169e-10 TSX
20140624 20171005 7.9795e-05 3.4634e-10 TSX
20140627 20151115 0.00047157 3.526e-10 TSX
20140705 20180911 4.5056e-05 3.9334e-10 TSX
20140708 20160406 0.00046324 3.3921e-10 TSX
20140716 20171005 8.4037e-05 3.3921e-10 TSX
20140719 20151207 0.00046489 3.6273e-10 TSX
20140727 20150326 7.9088e-06 4.6185e-10 TSX
20140810 20150122 0.00028537 5.3922e-10 TSX
20140818 20160301 5.747e-05 3.4228e-10 TSX
20140829 20160208 0.00012006 3.6539e-10 TSX
20140901 20140912 -0.00030453 9.6719e-10 TSX
20140912 20141209 0.00018335 6.6402e-10 TSX
20140920 20170902 0.00012827 3.59e-10 TSX
20141209 20160211 0.00038027 3.7329e-10 TSX
20141217 20160722 3.5656e-05 3.5684e-10 TSX
20141228 20160106 0.00011282 3.8987e-10 TSX
20141231 20151024 0.00040538 4.2806e-10 TSX
20150105 20150824 0.00028812 4.8692e-10 TSX
20150108 20170811 0.00013332 3.7525e-10 TSX
20150119 20160117 0.000165 3.9817e-10 TSX
20150127 20160411 0.00035331 3.7906e-10 TSX
20150130 20151112 0.00019066 4.4092e-10 TSX
20150210 20170114 0.0001611 3.6867e-10 TSX
20150213 20160326 0.00018341 4.0409e-10 TSX
20150218 20160216 0.00037651 4.0844e-10 TSX
20150221 20180112 -4.8765e-05 3.6941e-10 TSX
20150304 20180911 -1.4953e-05 3.5337e-10 TSX
20150307 20160211 0.0004801 4.0537e-10 TSX
20150312 20160320 0.00027316 3.9959e-10 TSX
20150326 20150827 0.00035531 5.5257e-10 TSX
20150329 20151207 0.00047057 4.5917e-10 TSX
20150428 20160425 0.00013115 3.9417e-10 TSX
20150509 20150827 0.00026883 6.2203e-10 TSX
20150517 20150824 0.00021221 6.5623e-10 TSX
20150520 20180911 9.1612e-05 3.6356e-10 TSX
20150714 20170822 0.00014369 3.9584e-10 TSX
20150725 20170924 8.7499e-05 3.6362e-10 TSX
20150802 20160309 0.00031335 4.9625e-10 TSX
20150805 20160403 4.972e-05 4.6325e-10 TSX
20150816 20171107 -4.3112e-06 3.3661e-10 TSX
20150824 20150915 0.0007464 8.6123e-10 TSX
20150827 20170902 2.7757e-05 3.5028e-10 TSX
20150915 20160216 0.00016695 5.6818e-10 TSX
20151021 20160904 -8.8461e-07 4.1592e-10 TSX
20151101 20171016 9.4836e-05 3.258e-10 TSX
20151112 20160425 -1.4563e-05 5.3635e-10 TSX
20151115 20151229 0.00021966 7.7307e-10 TSX
20151123 20171221 -9.0604e-06 3.2851e-10 TSX
20151204 20151215 0.00018355 9.7711e-10 TSX
20151207 20160406 1.061e-05 6.0214e-10 TSX
20151215 20170822 0.00011747 3.4394e-10 TSX
20151226 20161223 7.5269e-05 3.9631e-10 TSX
20151229 20160211 0.00010424 7.7306e-10 TSX
20160106 20161223 0.00010264 3.9981e-10 TSX
20160117 20160926 0.00014891 4.5393e-10 TSX
20160128 20160301 -0.0002569 8.0605e-10 TSX
20160208 20160312 -3.8943e-05 8.0605e-10 TSX
20160216 20160309 -0.00043571 8.6123e-10 TSX
20160219 20180319 -1.2847e-05 3.1718e-10 TSX
20160301 20161201 0.00015107 4.3902e-10 TSX
20160304 20160326 6.4569e-05 8.482e-10 TSX
20160312 20180319 -5.4117e-05 3.2923e-10 TSX
20160320 20160411 0.00041702 8.6124e-10 TSX
20160323 20171118 0.0001008 3.2706e-10 TSX
20160326 20160406 -0.00050291 9.6712e-10 TSX
20160403 20171027 7.7938e-05 3.4285e-10 TSX
20160425 20170811 0.00014376 3.8095e-10 TSX
20160528 20160630 9.6952e-05 8.0605e-10 TSX
20160630 20171118 6.6778e-05 3.5376e-10 TSX
20160722 20161201 0.00023911 5.8132e-10 TSX
20160904 20180707 -1.156e-05 3.3999e-10 TSX
20160915 20180911 5.7337e-06 3.2039e-10 TSX
20160926 20170114 2.2691e-05 6.1803e-10 TSX
20161201 20171027 4.3504e-05 4.0966e-10 TSX
20161223 20171107 2.7183e-05 4.1299e-10 TSX
20170114 20170902 8.2591e-05 4.714e-10 TSX
20170811 20171005 8.1968e-06 7.4113e-10 TSX
20170822 20180707 -7.3008e-05 4.1371e-10 TSX
20170913 20180707 -0.00011032 4.2788e-10 TSX
20170924 20180319 -0.00023492 5.2333e-10 TSX
20171005 20171107 5.2853e-05 8.0606e-10 TSX
20171016 20180319 -0.00023252 5.5014e-10 TSX
20171027 20180911 -2.3168e-06 4.1361e-10 TSX
20171107 20171118 7.6417e-05 9.7711e-10 TSX
20171118 20171129 5.4153e-05 9.7711e-10 TSX
20171129 20171221 2.2878e-05 8.5004e-10 TSX
20171210 20180820 4.4294e-06 4.5351e-10 TSX
20171221 20180911 -1.8152e-05 4.4578e-10 TSX
20180112 20181003 7.2182e-05 4.4585e-10 TSX
20180319 20180707 0.0001382 6.1797e-10 TSX
20180707 20180911 0.00049313 7.1237e-10 TSX
20180729 20181003 0.00024651 7.1237e-10 TSX
20180820 20181003 0.00030951 7.7204e-10 TSX
20180911 20181003 -0.00017522 8.5004e-10 TSX
