20030427 20030914 0.00057137 5.6493e-10 ERS2
20030914 20080629 5.2728e-05 2.7047e-10 ERS2
20050918 20090510 8.1949e-05 3.0198e-10 ERS2
20051127 20081116 5.6011e-05 3.0398e-10 ERS2
20060903 20090510 -0.00022983 3.0872e-10 ERS2
20061231 20090105 0.00035504 3.2136e-10 ALOS
20070402 20070703 1.4018e-05 6.6653e-10 ALOS
20070518 20091008 0.00043834 3.0766e-10 ALOS
20070818 20071003 -0.00013408 7.7532e-10 ALOS
20071217 20100509 0.00058262 3.125e-10 ALOS
20080103 20100526 0.00054073 3.5529e-10 ALOS
20080404 20080520 0.00018622 7.7525e-10 ALOS
20080618 20090921 0.00052269 3.7272e-10 ALOS
20080629 20090510 -0.00036518 4.1882e-10 ERS2
20080705 20091008 0.00031556 3.663e-10 ALOS
20080803 20090823 -4.4425e-05 3.8293e-10 ERS2
20081116 20090823 0.00012116 4.3254e-10 ERS2
20081219 20090921 0.00075664 4.4828e-10 ALOS
20090105 20090708 0.00039816 5.2772e-10 ALOS
20090510 20091101 0.00029806 5.2075e-10 ERS2
20090708 20091008 0.0011457 6.6636e-10 ALOS
20090823 20091101 -0.00011465 6.9865e-10 ERS2
20091222 20100624 0.00067988 5.2911e-10 ALOS
20100108 20100223 0.00061354 7.754e-10 ALOS
20100223 20100526 2.5929e-05 6.6698e-10 ALOS
20100410 20100711 0.00034018 6.6675e-10 ALOS
20100509 20100624 0.00064069 7.7323e-10 ALOS
20100526 20100711 0.00055873 7.753e-10 ALOS
20100624 20101109 0.00044228 5.8395e-10 ALOS
20100711 20101011 0.00067946 6.6624e-10 ALOS
20100809 20101109 -7.0866e-05 6.6355e-10 ALOS
20101011 20101126 7.2062e-05 7.7529e-10 ALOS
20110111 20110226 0.00070457 7.7532e-10 ALOS
20110924 20130715 0.00026638 3.5102e-10 TSX
20111005 20121229 0.00027479 3.8283e-10 TSX
20111121 20171221 2.8226e-05 3.9392e-10 TSX
20111221 20130131 0.00031535 3.9316e-10 TSX
20111224 20121027 0.00023728 4.1964e-10 TSX
20120126 20140419 -0.00014467 3.5872e-10 TSX
20120203 20160320 0.00011112 3.5186e-10 TSX
20120206 20171107 4.8799e-05 3.9382e-10 TSX
20120617 20171129 9.7622e-05 3.9932e-10 TSX
20120723 20160120 6.1731e-05 2.9729e-10 TSX
20121024 20130109 0.00026008 7.0187e-10 TSX
20121027 20151226 -6.2744e-05 4.2127e-10 TSX
20121030 20130311 0.00020612 5.8465e-10 TSX
20121107 20171118 7.4698e-05 3.8843e-10 TSX
20121221 20160208 0.00010774 3.6537e-10 TSX
20121224 20130516 0.00022982 5.6937e-10 TSX
20121229 20130407 0.00016995 6.5605e-10 TSX
20130104 20130217 8.3991e-05 7.732e-10 TSX
20130109 20130715 0.00038964 5.517e-10 TSX
20130112 20140511 0.00022611 3.6461e-10 TSX
20130115 20130721 0.00029 5.2017e-10 TSX
20130126 20130823 0.00037161 5.1193e-10 TSX
20130131 20130429 6.2642e-05 6.7796e-10 TSX
20130203 20130729 0.00028262 5.2433e-10 TSX
20130211 20130919 0.00037283 5.0846e-10 TSX
20130228 20141209 0.00033508 4.2742e-10 TSX
20130311 20130801 0.00033793 5.7198e-10 TSX
20130316 20130623 0.00019698 6.5615e-10 TSX
20130402 20150122 0.00011046 3.3326e-10 TSX
20130407 20140530 0.00028888 4.0066e-10 TSX
20130421 20171016 4.7667e-05 3.749e-10 TSX
20130424 20130721 0.00019813 6.6437e-10 TSX
20130429 20130623 8.3314e-05 7.5434e-10 TSX
20130505 20131028 -0.0001631 5.5518e-10 TSX
20130513 20151112 -8.6529e-06 3.5372e-10 TSX
20130516 20131017 0.00021046 5.6225e-10 TSX
20130521 20130715 0.0005308 7.545e-10 TSX
20130524 20171129 6.8986e-05 3.9147e-10 TSX
20130527 20140627 0.0003998 3.8788e-10 TSX
20130601 20130930 0.00056525 6.1715e-10 TSX
20130604 20141217 0.00018616 3.6171e-10 TSX
20130607 20140719 0.00039516 4.001e-10 TSX
20130612 20150105 0.00027771 3.6856e-10 TSX
20130615 20160106 5.0327e-05 3.9814e-10 TSX
20130618 20140708 0.00032612 3.9784e-10 TSX
20130623 20130715 0.00076677 8.6209e-10 TSX
20130629 20130914 0.00050062 6.8883e-10 TSX
20130707 20150130 0.00020459 3.4757e-10 TSX
20130710 20140901 0.0003934 3.8591e-10 TSX
20130715 20130726 -0.0025233 1.0112e-09 TSX
20130721 20131108 0.00077783 6.2257e-10 TSX
20130726 20150517 0.00034595 3.5824e-10 TSX
20130729 20160904 -1.4837e-06 3.5257e-10 TSX
20130801 20151115 4.8056e-05 3.3829e-10 TSX
20130817 20140209 9.3783e-05 5.4139e-10 TSX
20130828 20150312 0.00042362 3.9328e-10 TSX
20130903 20150329 -4.5566e-05 3.5704e-10 TSX
20130919 20160309 0.00018021 4.0149e-10 TSX
20130925 20140708 0.00021868 4.3552e-10 TSX
20130930 20160411 7.6829e-05 3.3393e-10 TSX
20131011 20150802 0.00031504 4.0038e-10 TSX
20131017 20140719 0.00023452 4.4257e-10 TSX
20131028 20160304 -0.00015328 3.808e-10 TSX
20131102 20140519 -4.5749e-06 5.1685e-10 TSX
20131108 20140708 0.00018972 4.6655e-10 TSX
20140209 20160309 0.00022644 3.9865e-10 TSX
20140223 20140829 0.00022934 5.1123e-10 TSX
20140408 20140705 0.00010001 6.6129e-10 TSX
20140419 20170913 0.00011797 4.1211e-10 TSX
20140511 20141228 0.00023661 4.7044e-10 TSX
20140519 20150824 0.00047291 3.9089e-10 TSX
20140624 20171005 0.00020918 4.3999e-10 TSX
20140627 20151115 0.00035886 3.782e-10 TSX
20140705 20180911 8.8197e-05 3.9076e-10 TSX
20140708 20160406 0.00033124 3.4176e-10 TSX
20140716 20171005 0.00011267 4.2282e-10 TSX
20140719 20151207 0.00036323 3.631e-10 TSX
20140727 20150326 0.00011594 4.6185e-10 TSX
20140810 20150122 0.00033363 5.3983e-10 TSX
20140818 20160301 0.00024477 3.8571e-10 TSX
20140829 20160208 0.00030339 3.6501e-10 TSX
20140901 20140912 -0.00029835 9.6778e-10 TSX
20140912 20141209 0.00020735 6.6461e-10 TSX
20140920 20170902 0.0002128 4.0564e-10 TSX
20141209 20160211 0.00011753 3.9036e-10 TSX
20141217 20160722 6.3199e-05 3.5015e-10 TSX
20141228 20160106 0.00027523 3.9972e-10 TSX
20141231 20151024 0.00041924 4.3821e-10 TSX
20150105 20150824 0.00029772 5.1379e-10 TSX
20150108 20170811 -5.3916e-06 4.0556e-10 TSX
20150119 20160117 0.00029394 4.0046e-10 TSX
20150127 20160411 0.00031107 3.9904e-10 TSX
20150130 20151112 0.00028147 4.3546e-10 TSX
20150210 20170114 0.00011089 4.2941e-10 TSX
20150213 20160326 0.00012629 3.8039e-10 TSX
20150218 20160216 0.00049397 4.5176e-10 TSX
20150221 20180112 3.8776e-05 3.9079e-10 TSX
20150304 20180911 6.0624e-05 4.2443e-10 TSX
20150307 20160211 0.00061379 4.0642e-10 TSX
20150312 20160320 0.00038239 4.0201e-10 TSX
20150326 20150827 0.00035921 5.5605e-10 TSX
20150329 20151207 0.00050367 4.6508e-10 TSX
20150428 20160425 0.00024202 4.0367e-10 TSX
20150509 20150827 0.00032606 6.2956e-10 TSX
20150517 20150824 0.00030006 6.5764e-10 TSX
20150520 20180911 -6.6091e-05 3.6057e-10 TSX
20150714 20170822 0.00013531 3.8659e-10 TSX
20150725 20170924 0.0001164 3.5545e-10 TSX
20150802 20160309 0.00026121 5.2192e-10 TSX
20150805 20160403 0.00012326 4.6448e-10 TSX
20150816 20171107 0.00014884 3.7234e-10 TSX
20150824 20150915 0.00072689 8.6191e-10 TSX
20150827 20170902 0.00011516 3.5956e-10 TSX
20150915 20160216 0.00019585 5.7043e-10 TSX
20151021 20160904 0.00011306 4.3291e-10 TSX
20151101 20171016 0.0001211 3.6084e-10 TSX
20151112 20160425 3.5708e-05 5.3621e-10 TSX
20151115 20151229 0.00022376 7.7328e-10 TSX
20151123 20171221 8.2867e-05 3.624e-10 TSX
20151204 20151215 0.00017495 9.7768e-10 TSX
20151207 20160406 -6.3499e-06 6.0208e-10 TSX
20151215 20170822 2.6938e-05 3.3698e-10 TSX
20151226 20161223 0.00026783 3.9494e-10 TSX
20151229 20160211 9.3093e-05 7.732e-10 TSX
20160106 20161223 0.00027233 3.9812e-10 TSX
20160117 20160926 0.0002635 4.5446e-10 TSX
20160128 20160301 -0.00022494 8.0631e-10 TSX
20160208 20160312 -1.9586e-05 8.0631e-10 TSX
20160216 20160309 -0.00043001 8.6188e-10 TSX
20160219 20180319 6.0178e-05 3.4555e-10 TSX
20160301 20161201 0.00033571 4.3938e-10 TSX
20160304 20160326 5.1939e-05 8.4863e-10 TSX
20160312 20180319 -3.2997e-06 3.5521e-10 TSX
20160320 20160411 0.00039535 8.6189e-10 TSX
20160323 20171118 5.6619e-05 3.2953e-10 TSX
20160326 20160406 -0.00048712 9.6771e-10 TSX
20160403 20171027 0.00025695 3.641e-10 TSX
20160425 20170811 0.0003132 4.1428e-10 TSX
20160528 20160630 0.00011451 8.0631e-10 TSX
20160630 20171118 0.00025657 3.6973e-10 TSX
20160722 20161201 0.00029282 5.8137e-10 TSX
20160904 20180707 0.00019673 3.401e-10 TSX
20160915 20180911 -5.9623e-05 3.2041e-10 TSX
20160926 20170114 4.1702e-05 6.1816e-10 TSX
20161201 20171027 0.00014553 4.2255e-10 TSX
20161223 20171107 0.00018847 4.3695e-10 TSX
20170114 20170902 0.00020417 4.8808e-10 TSX
20170811 20171005 -5.6559e-06 7.4116e-10 TSX
20170822 20180707 -4.4776e-05 4.1443e-10 TSX
20170913 20180707 -9.8161e-05 4.3072e-10 TSX
20170924 20180319 -0.00021595 5.2327e-10 TSX
20171005 20171107 3.914e-05 8.063e-10 TSX
20171016 20180319 -0.00021315 5.5015e-10 TSX
20171027 20180911 5.3408e-05 4.1476e-10 TSX
20171107 20171118 7.834e-05 9.7768e-10 TSX
20171118 20171129 5.9469e-05 9.7768e-10 TSX
20171129 20171221 1.9223e-05 8.5046e-10 TSX
20171210 20180820 6.1982e-06 4.5358e-10 TSX
20171221 20180911 -1.1246e-05 4.4625e-10 TSX
20180112 20181003 0.00015026 4.4676e-10 TSX
20180319 20180707 7.5198e-05 6.1796e-10 TSX
20180707 20180911 0.00042212 7.124e-10 TSX
20180729 20181003 0.00024833 7.1241e-10 TSX
20180820 20181003 0.0003317 7.7218e-10 TSX
20180911 20181003 -0.00015809 8.5046e-10 TSX
