20030427 20030914 0.00056684 5.6639e-10 ERS2
20030914 20080629 4.2783e-05 2.7768e-10 ERS2
20050918 20090510 0.00011666 3.0937e-10 ERS2
20051127 20081116 0.00016127 3.1399e-10 ERS2
20060903 20090510 -3.7393e-05 3.0717e-10 ERS2
20061231 20090105 5.5785e-05 3.1323e-10 ALOS
20070402 20070703 1.9082e-05 6.6658e-10 ALOS
20070518 20091008 0.00014783 3.1588e-10 ALOS
20070818 20071003 -0.00026265 7.7603e-10 ALOS
20071217 20100509 0.00018198 3.3382e-10 ALOS
20080103 20100526 0.00028323 3.1357e-10 ALOS
20080404 20080520 8.1279e-05 7.7604e-10 ALOS
20080618 20090921 -8.04e-05 3.7299e-10 ALOS
20080629 20090510 -0.0001566 4.2514e-10 ERS2
20080705 20091008 2.5018e-05 3.6569e-10 ALOS
20080803 20090823 -2.1836e-05 3.8257e-10 ERS2
20081116 20090823 3.5796e-05 4.3259e-10 ERS2
20081219 20090921 0.00027088 4.4834e-10 ALOS
20090105 20090708 0.00057981 5.2929e-10 ALOS
20090510 20091101 4.1865e-05 5.2072e-10 ERS2
20090708 20091008 7.9147e-05 6.6658e-10 ALOS
20090823 20091101 -5.6323e-05 6.9855e-10 ERS2
20091222 20100624 0.0002791 5.2604e-10 ALOS
20100108 20100223 0.00053106 7.7607e-10 ALOS
20100223 20100526 1.563e-05 6.6646e-10 ALOS
20100410 20100711 -2.5117e-05 6.6664e-10 ALOS
20100509 20100624 0.00059714 7.7396e-10 ALOS
20100526 20100711 0.00028161 7.7607e-10 ALOS
20100624 20101109 0.00013258 5.841e-10 ALOS
20100711 20101011 7.0297e-05 6.6657e-10 ALOS
20100809 20101109 3.1705e-05 6.638e-10 ALOS
20101011 20101126 0.0001832 7.7606e-10 ALOS
20110111 20110226 0.00047972 7.7605e-10 ALOS
20110924 20130715 -7.4177e-05 4.1088e-10 TSX
20111005 20121229 -0.00022841 4.1531e-10 TSX
20111121 20171221 2.3569e-05 2.9124e-10 TSX
20111221 20130131 -6.2628e-06 4.2441e-10 TSX
20111224 20121027 6.9343e-05 4.2401e-10 TSX
20120126 20140419 3.256e-05 3.0636e-10 TSX
20120203 20160320 -2.1503e-05 2.969e-10 TSX
20120206 20171107 1.8997e-05 2.9094e-10 TSX
20120617 20171129 2.0516e-05 2.9698e-10 TSX
20120723 20160120 3.0176e-06 3.5788e-10 TSX
20121024 20130109 0.00012636 7.0369e-10 TSX
20121027 20151226 -4.0509e-05 3.0803e-10 TSX
20121030 20130311 0.00011131 5.8712e-10 TSX
20121107 20171118 4.8142e-05 2.8675e-10 TSX
20121221 20160208 4.606e-05 2.9756e-10 TSX
20121224 20130516 -0.00016987 5.6858e-10 TSX
20121229 20130407 -0.00011874 6.5677e-10 TSX
20130104 20130217 -3.5109e-05 7.737e-10 TSX
20130109 20130715 5.8271e-05 5.5229e-10 TSX
20130112 20140511 2.3603e-05 3.783e-10 TSX
20130115 20130721 -0.00019632 5.58e-10 TSX
20130126 20130823 -0.00035205 5.0765e-10 TSX
20130131 20130429 -0.00019835 6.7836e-10 TSX
20130203 20130729 -5.8073e-06 5.2785e-10 TSX
20130211 20130919 -4.5517e-05 5.0913e-10 TSX
20130228 20141209 -0.00014268 3.5595e-10 TSX
20130311 20130801 -4.1959e-05 5.9381e-10 TSX
20130316 20130623 -7.1197e-05 6.6466e-10 TSX
20130402 20150122 -8.6199e-05 3.7805e-10 TSX
20130407 20140530 8.7029e-05 4.3496e-10 TSX
20130421 20171016 2.0556e-05 2.858e-10 TSX
20130424 20130721 -0.00023668 6.7249e-10 TSX
20130429 20130623 -4.9443e-05 7.5914e-10 TSX
20130505 20131028 -0.00050261 5.5655e-10 TSX
20130513 20151112 7.2062e-05 3.0413e-10 TSX
20130516 20131017 -0.00031182 6.1296e-10 TSX
20130521 20130715 0.000228 7.5624e-10 TSX
20130524 20171129 7.9464e-05 2.8328e-10 TSX
20130527 20140627 -3.2357e-05 4.4962e-10 TSX
20130601 20130930 0.0001176 6.314e-10 TSX
20130604 20141217 -7.8822e-06 3.5989e-10 TSX
20130607 20140719 -8.6071e-05 4.2782e-10 TSX
20130612 20150105 -4.5618e-06 3.7188e-10 TSX
20130615 20160106 5.7287e-06 3.0752e-10 TSX
20130618 20140708 -4.3306e-05 4.2609e-10 TSX
20130623 20130715 0.00071848 8.6375e-10 TSX
20130629 20130914 0.00017705 6.9484e-10 TSX
20130707 20150130 2.9421e-05 3.5151e-10 TSX
20130710 20140901 -3.6638e-05 4.2034e-10 TSX
20130715 20130726 -0.0025279 1.0127e-09 TSX
20130721 20131108 0.00060342 6.2935e-10 TSX
20130726 20150517 8.5691e-05 3.8507e-10 TSX
20130729 20160904 2.5923e-05 3.0179e-10 TSX
20130801 20151115 2.155e-05 3.1813e-10 TSX
20130817 20140209 -0.000137 5.5227e-10 TSX
20130828 20150312 9.6995e-06 3.8621e-10 TSX
20130903 20150329 6.4161e-05 3.9797e-10 TSX
20130919 20160309 3.7086e-05 3.4842e-10 TSX
20130925 20140708 -7.9338e-05 4.551e-10 TSX
20130930 20160411 -2.3e-05 3.4764e-10 TSX
20131011 20150802 0.00010038 3.533e-10 TSX
20131017 20140719 -3.8547e-05 4.6477e-10 TSX
20131028 20160304 9.4545e-05 3.4452e-10 TSX
20131102 20140519 -0.00014156 5.2613e-10 TSX
20131108 20140708 -0.0001239 4.8022e-10 TSX
20140209 20160309 5.1966e-05 3.733e-10 TSX
20140223 20140829 -1.7344e-06 5.1235e-10 TSX
20140408 20140705 -3.818e-05 6.6135e-10 TSX
20140419 20170913 1.7913e-06 3.0097e-10 TSX
20140511 20141228 1.2576e-05 4.7517e-10 TSX
20140519 20150824 8.3131e-05 3.8613e-10 TSX
20140624 20171005 9.8063e-05 2.9424e-10 TSX
20140627 20151115 4.8758e-05 3.7883e-10 TSX
20140705 20180911 4.9833e-05 2.9792e-10 TSX
20140708 20160406 -1.2705e-05 3.7515e-10 TSX
20140716 20171005 6.0704e-05 2.9067e-10 TSX
20140719 20151207 1.0684e-05 4.1004e-10 TSX
20140727 20150326 2.908e-05 4.6131e-10 TSX
20140810 20150122 -5.778e-05 5.4049e-10 TSX
20140818 20160301 1.8213e-05 3.3628e-10 TSX
20140829 20160208 8.9953e-05 3.4293e-10 TSX
20140901 20140912 -0.00030296 9.6879e-10 TSX
20140912 20141209 6.9436e-05 6.6428e-10 TSX
20140920 20170902 -3.3796e-05 2.7035e-10 TSX
20141209 20160211 2.5263e-05 4.0381e-10 TSX
20141217 20160722 1.7462e-05 3.4224e-10 TSX
20141228 20160106 4.9681e-05 3.8831e-10 TSX
20141231 20151024 2.1464e-05 4.2954e-10 TSX
20150105 20150824 -4.3734e-05 4.9368e-10 TSX
20150108 20170811 4.7947e-05 2.9001e-10 TSX
20150119 20160117 0.00011133 3.9743e-10 TSX
20150127 20160411 -5.8878e-05 3.9412e-10 TSX
20150130 20151112 6.7004e-05 4.3135e-10 TSX
20150210 20170114 4.9453e-05 3.0853e-10 TSX
20150213 20160326 -2.3587e-05 4.0372e-10 TSX
20150218 20160216 2.7887e-05 4.0541e-10 TSX
20150221 20180112 5.9719e-05 2.8047e-10 TSX
20150304 20180911 -7.2901e-05 2.8288e-10 TSX
20150307 20160211 1.3525e-06 4.0245e-10 TSX
20150312 20160320 -0.00012414 4.046e-10 TSX
20150326 20150827 1.2044e-05 5.5133e-10 TSX
20150329 20151207 -5.1539e-07 4.5763e-10 TSX
20150428 20160425 6.8448e-05 3.9741e-10 TSX
20150509 20150827 -0.00011002 6.1878e-10 TSX
20150517 20150824 -4.6574e-05 6.6129e-10 TSX
20150520 20180911 -2.0681e-05 2.8701e-10 TSX
20150714 20170822 0.00010245 3.1271e-10 TSX
20150725 20170924 9.4122e-05 3.0433e-10 TSX
20150802 20160309 -5.2407e-05 4.9675e-10 TSX
20150805 20160403 6.4922e-05 4.6134e-10 TSX
20150816 20171107 6.0409e-05 3.1148e-10 TSX
20150824 20150915 0.00072188 8.6322e-10 TSX
20150827 20170902 3.5093e-05 3.2642e-10 TSX
20150915 20160216 -9.9727e-05 5.7117e-10 TSX
20151021 20160904 -8.3282e-05 4.2305e-10 TSX
20151101 20171016 3.288e-05 3.1127e-10 TSX
20151112 20160425 5.5866e-05 5.3615e-10 TSX
20151115 20151229 9.3538e-05 7.7368e-10 TSX
20151123 20171221 4.3651e-05 3.1734e-10 TSX
20151204 20151215 0.00015968 9.7821e-10 TSX
20151207 20160406 -7.3006e-05 6.0219e-10 TSX
20151215 20170822 0.0001847 3.3483e-10 TSX
20151226 20161223 5.6835e-05 3.976e-10 TSX
20151229 20160211 5.2919e-05 7.7368e-10 TSX
20160106 20161223 6.1728e-05 4.0044e-10 TSX
20160117 20160926 -9.8975e-06 4.5774e-10 TSX
20160128 20160301 -0.00019232 8.0666e-10 TSX
20160208 20160312 -8.1107e-05 8.0666e-10 TSX
20160216 20160309 -0.00041817 8.6322e-10 TSX
20160219 20180319 4.0899e-05 3.1661e-10 TSX
20160301 20161201 8.3876e-05 4.3811e-10 TSX
20160304 20160326 9.4884e-05 8.4947e-10 TSX
20160312 20180319 3.5375e-05 3.2854e-10 TSX
20160320 20160411 0.00035347 8.6322e-10 TSX
20160323 20171118 1.8498e-05 3.3583e-10 TSX
20160326 20160406 -0.00052409 9.6872e-10 TSX
20160403 20171027 8.7777e-05 3.3464e-10 TSX
20160425 20170811 2.8491e-05 3.5418e-10 TSX
20160528 20160630 -1.657e-05 8.0666e-10 TSX
20160630 20171118 4.0892e-05 3.5287e-10 TSX
20160722 20161201 9.2642e-05 5.8146e-10 TSX
20160904 20180707 4.8087e-05 3.4354e-10 TSX
20160915 20180911 1.1344e-05 3.3052e-10 TSX
20160926 20170114 8.5401e-05 6.2014e-10 TSX
20161201 20171027 9.5216e-06 4.1646e-10 TSX
20161223 20171107 3.1894e-05 4.1783e-10 TSX
20170114 20170902 -5.3577e-05 4.7298e-10 TSX
20170811 20171005 5.2015e-06 7.4136e-10 TSX
20170822 20180707 -3.0571e-05 4.1686e-10 TSX
20170913 20180707 -6.7437e-05 4.3092e-10 TSX
20170924 20180319 8.0917e-05 5.2357e-10 TSX
20171005 20171107 5.3537e-05 8.0666e-10 TSX
20171016 20180319 9.3027e-05 5.5049e-10 TSX
20171027 20180911 -6.8773e-05 4.1756e-10 TSX
20171107 20171118 8.3973e-05 9.7821e-10 TSX
20171118 20171129 6.1955e-05 9.7821e-10 TSX
20171129 20171221 -4.5462e-06 8.5091e-10 TSX
20171210 20180820 -8.2916e-05 4.5759e-10 TSX
20171221 20180911 -4.1757e-05 4.5169e-10 TSX
20180112 20181003 2.3337e-05 4.5026e-10 TSX
20180319 20180707 -0.00026668 6.1839e-10 TSX
20180707 20180911 0.00018456 7.1253e-10 TSX
20180729 20181003 6.466e-05 7.1256e-10 TSX
20180820 20181003 0.00017959 7.7244e-10 TSX
20180911 20181003 -0.00015692 8.5091e-10 TSX
