20030427 20030914 0.0003598 5.7728e-10 ERS2
20030914 20080629 8.5979e-05 2.7074e-10 ERS2
20050918 20090510 -1.9759e-05 2.9998e-10 ERS2
20051127 20081116 -6.375e-06 3.1693e-10 ERS2
20060903 20090510 -0.00013418 3.0821e-10 ERS2
20061231 20090105 -1.9824e-05 3.1297e-10 ALOS
20070402 20070703 -0.00010106 6.6646e-10 ALOS
20070518 20091008 -4.5354e-05 2.9829e-10 ALOS
20070818 20071003 -0.00044189 7.758e-10 ALOS
20071217 20100509 -5.732e-05 2.9899e-10 ALOS
20080103 20100526 -9.3928e-05 2.973e-10 ALOS
20080404 20080520 0.00016029 7.7588e-10 ALOS
20080618 20090921 -4.6565e-07 3.7239e-10 ALOS
20080629 20090510 -0.00027753 4.116e-10 ERS2
20080705 20091008 -6.6766e-05 3.6516e-10 ALOS
20080803 20090823 -8.2295e-05 3.8269e-10 ERS2
20081116 20090823 1.2304e-05 4.32e-10 ERS2
20081219 20090921 3.1144e-05 4.4648e-10 ALOS
20090105 20090708 -2.2192e-05 5.2961e-10 ALOS
20090510 20091101 0.00075859 5.2043e-10 ERS2
20090708 20091008 0.00023418 6.665e-10 ALOS
20090823 20091101 8.155e-06 6.9884e-10 ERS2
20091222 20100624 0.00015537 5.2521e-10 ALOS
20100108 20100223 7.9029e-05 7.7619e-10 ALOS
20100223 20100526 -2.5416e-05 6.6665e-10 ALOS
20100410 20100711 -0.00014209 6.6654e-10 ALOS
20100509 20100624 0.00063023 7.7374e-10 ALOS
20100526 20100711 0.00032999 7.7581e-10 ALOS
20100624 20101109 -0.00016472 5.8406e-10 ALOS
20100711 20101011 -0.00020231 6.6648e-10 ALOS
20100809 20101109 -0.00010832 6.6373e-10 ALOS
20101011 20101126 0.00026036 7.7581e-10 ALOS
20110111 20110226 0.00065399 7.758e-10 ALOS
20110924 20130715 2.329e-05 3.2363e-10 TSX
20111005 20121229 -1.7385e-05 3.6868e-10 TSX
20111121 20171221 -3.6206e-06 3.1131e-10 TSX
20111221 20130131 2.3505e-05 3.8542e-10 TSX
20111224 20121027 -1.8539e-05 4.1953e-10 TSX
20120126 20140419 -2.6937e-05 2.9036e-10 TSX
20120203 20160320 1.2602e-05 2.6316e-10 TSX
20120206 20171107 -9.0796e-06 2.9889e-10 TSX
20120617 20171129 -6.6356e-06 2.8743e-10 TSX
20120723 20160120 -2.6203e-06 2.6877e-10 TSX
20121024 20130109 0.00024901 7.0203e-10 TSX
20121027 20151226 -1.4885e-05 2.7953e-10 TSX
20121030 20130311 3.3923e-05 5.8469e-10 TSX
20121107 20171118 -1.5181e-05 2.9822e-10 TSX
20121221 20160208 2.0556e-05 2.743e-10 TSX
20121224 20130516 -6.3003e-05 5.6852e-10 TSX
20121229 20130407 0.00012749 6.5632e-10 TSX
20130104 20130217 1.2689e-06 7.735e-10 TSX
20130109 20130715 -4.7459e-05 5.2928e-10 TSX
20130112 20140511 -4.8643e-05 3.5448e-10 TSX
20130115 20130721 -0.00014995 5.1397e-10 TSX
20130126 20130823 -0.00017793 5.0545e-10 TSX
20130131 20130429 -7.002e-05 6.7828e-10 TSX
20130203 20130729 -4.7934e-05 5.2324e-10 TSX
20130211 20130919 -7.5443e-05 4.9596e-10 TSX
20130228 20141209 3.5726e-05 3.1296e-10 TSX
20130311 20130801 -6.0193e-05 5.6848e-10 TSX
20130316 20130623 2.7863e-05 6.5633e-10 TSX
20130402 20150122 8.686e-05 4.2788e-10 TSX
20130407 20140530 -4.6782e-05 3.809e-10 TSX
20130421 20171016 -8.7956e-06 3.0632e-10 TSX
20130424 20130721 -0.00029208 6.6411e-10 TSX
20130429 20130623 -7.1748e-05 7.5474e-10 TSX
20130505 20131028 -0.0005108 5.5781e-10 TSX
20130513 20151112 -4.3608e-06 2.8396e-10 TSX
20130516 20131017 -0.00029739 5.8291e-10 TSX
20130521 20130715 0.00010153 7.5476e-10 TSX
20130524 20171129 -6.1443e-06 2.9685e-10 TSX
20130527 20140627 4.8617e-06 3.8399e-10 TSX
20130601 20130930 -7.8301e-06 6.1713e-10 TSX
20130604 20141217 -1.2442e-05 3.3913e-10 TSX
20130607 20140719 4.4634e-05 3.8014e-10 TSX
20130612 20150105 1.4684e-05 3.3802e-10 TSX
20130615 20160106 1.2164e-05 2.7518e-10 TSX
20130618 20140708 -4.4453e-05 3.8823e-10 TSX
20130623 20130715 0.00055801 8.628e-10 TSX
20130629 20130914 0.00019315 6.9269e-10 TSX
20130707 20150130 -1.9166e-05 3.3839e-10 TSX
20130710 20140901 2.4477e-05 3.7638e-10 TSX
20130715 20130726 -0.0025515 1.012e-09 TSX
20130721 20131108 0.00077666 6.2864e-10 TSX
20130726 20150517 0.00018035 3.2235e-10 TSX
20130729 20160904 -1.4651e-05 2.7621e-10 TSX
20130801 20151115 2.2628e-05 2.9045e-10 TSX
20130817 20140209 3.7341e-05 5.4103e-10 TSX
20130828 20150312 1.2699e-05 3.4046e-10 TSX
20130903 20150329 -7.484e-05 3.5361e-10 TSX
20130919 20160309 4.6442e-05 2.8728e-10 TSX
20130925 20140708 3.4644e-05 4.314e-10 TSX
20130930 20160411 4.2284e-05 2.892e-10 TSX
20131011 20150802 -1.5988e-06 3.211e-10 TSX
20131017 20140719 2.3215e-05 4.3878e-10 TSX
20131028 20160304 -3.1803e-05 3.7445e-10 TSX
20131102 20140519 -0.00016093 5.1716e-10 TSX
20131108 20140708 5.7858e-06 4.6473e-10 TSX
20140209 20160309 8.1696e-07 3.1093e-10 TSX
20140223 20140829 -2.8603e-06 5.112e-10 TSX
20140408 20140705 -1.1194e-05 6.6161e-10 TSX
20140419 20170913 4.7046e-06 2.985e-10 TSX
20140511 20141228 4.4057e-05 4.7016e-10 TSX
20140519 20150824 0.00012353 3.6716e-10 TSX
20140624 20171005 6.7564e-06 2.9335e-10 TSX
20140627 20151115 2.6576e-05 3.4098e-10 TSX
20140705 20180911 1.9791e-06 2.8218e-10 TSX
20140708 20160406 3.0707e-05 3.1828e-10 TSX
20140716 20171005 -8.9152e-06 3.0602e-10 TSX
20140719 20151207 2.6708e-06 3.4086e-10 TSX
20140727 20150326 1.7591e-05 4.6164e-10 TSX
20140810 20150122 -1.3198e-05 5.3921e-10 TSX
20140818 20160301 1.8436e-05 3.2618e-10 TSX
20140829 20160208 -2.5148e-06 3.3622e-10 TSX
20140901 20140912 -0.00031514 9.6843e-10 TSX
20140912 20141209 0.00010593 6.6411e-10 TSX
20140920 20170902 3.6974e-06 2.9555e-10 TSX
20141209 20160211 -1.8067e-05 3.6361e-10 TSX
20141217 20160722 -2.6897e-05 3.2519e-10 TSX
20141228 20160106 -6.7102e-06 3.8196e-10 TSX
20141231 20151024 2.3966e-05 4.2521e-10 TSX
20150105 20150824 4.4035e-05 4.8613e-10 TSX
20150108 20170811 4.7998e-06 3.0867e-10 TSX
20150119 20160117 6.6244e-06 3.8719e-10 TSX
20150127 20160411 6.1479e-05 3.7557e-10 TSX
20150130 20151112 2.6659e-06 4.2903e-10 TSX
20150210 20170114 -1.1237e-05 3.2586e-10 TSX
20150213 20160326 -0.00024753 4.1915e-10 TSX
20150218 20160216 2.245e-06 4.0297e-10 TSX
20150221 20180112 -2.9011e-06 3.2303e-10 TSX
20150304 20180911 1.0882e-05 2.9765e-10 TSX
20150307 20160211 1.5122e-05 4.0096e-10 TSX
20150312 20160320 1.6885e-05 3.9888e-10 TSX
20150326 20150827 -3.4237e-05 5.4989e-10 TSX
20150329 20151207 -3.6691e-07 4.5484e-10 TSX
20150428 20160425 6.2467e-07 3.8643e-10 TSX
20150509 20150827 -0.00011776 6.1813e-10 TSX
20150517 20150824 -0.00014728 6.5641e-10 TSX
20150520 20180911 1.2933e-06 3.0591e-10 TSX
20150714 20170822 -1.4809e-05 2.9924e-10 TSX
20150725 20170924 -2.8387e-05 2.9761e-10 TSX
20150802 20160309 2.0583e-05 4.9593e-10 TSX
20150805 20160403 4.6287e-05 4.613e-10 TSX
20150816 20171107 -1.2519e-05 2.9513e-10 TSX
20150824 20150915 0.00067698 8.627e-10 TSX
20150827 20170902 -1.3897e-05 3.008e-10 TSX
20150915 20160216 -0.00010791 5.6828e-10 TSX
20151021 20160904 9.3274e-06 4.125e-10 TSX
20151101 20171016 -2.5351e-05 3.008e-10 TSX
20151112 20160425 2.2658e-05 5.3624e-10 TSX
20151115 20151229 0.00019824 7.735e-10 TSX
20151123 20171221 -1.8233e-05 2.9477e-10 TSX
20151204 20151215 0.0001411 9.7937e-10 TSX
20151207 20160406 -1.7862e-05 6.022e-10 TSX
20151215 20170822 8.7153e-06 3.1676e-10 TSX
20151226 20161223 -2.4025e-05 3.9337e-10 TSX
20151229 20160211 8.7623e-06 7.735e-10 TSX
20160106 20161223 -4.5533e-06 3.9815e-10 TSX
20160117 20160926 -2.4441e-05 4.5307e-10 TSX
20160128 20160301 -9.5222e-05 8.0759e-10 TSX
20160208 20160312 -7.9325e-05 8.0759e-10 TSX
20160216 20160309 -0.00039102 8.627e-10 TSX
20160219 20180319 2.7046e-06 2.9499e-10 TSX
20160301 20161201 -4.0935e-05 4.386e-10 TSX
20160304 20160326 0.00010833 8.4918e-10 TSX
20160312 20180319 5.0469e-06 2.9826e-10 TSX
20160320 20160411 0.0004377 8.6271e-10 TSX
20160323 20171118 -1.9558e-05 3.1768e-10 TSX
20160326 20160406 -0.00056706 9.6836e-10 TSX
20160403 20171027 -3.0635e-05 3.2356e-10 TSX
20160425 20170811 -1.7605e-05 3.4651e-10 TSX
20160528 20160630 -6.5233e-05 8.0759e-10 TSX
20160630 20171118 -8.5731e-06 3.3898e-10 TSX
20160722 20161201 6.6784e-06 5.8148e-10 TSX
20160904 20180707 -2.3525e-05 3.2376e-10 TSX
20160915 20180911 2.0642e-05 2.9997e-10 TSX
20160926 20170114 1.4446e-05 6.1819e-10 TSX
20161201 20171027 -1.5457e-05 4.0702e-10 TSX
20161223 20171107 -1.6103e-05 4.0945e-10 TSX
20170114 20170902 -1.2801e-05 4.6864e-10 TSX
20170811 20171005 -5.9391e-05 7.4195e-10 TSX
20170822 20180707 5.7494e-06 4.138e-10 TSX
20170913 20180707 -1.2275e-05 4.2522e-10 TSX
20170924 20180319 4.968e-05 5.2331e-10 TSX
20171005 20171107 4.5177e-05 8.0759e-10 TSX
20171016 20180319 3.2043e-05 5.5023e-10 TSX
20171027 20180911 2.8488e-05 4.1381e-10 TSX
20171107 20171118 6.4862e-05 9.7937e-10 TSX
20171118 20171129 5.0143e-05 9.7937e-10 TSX
20171129 20171221 -3.7327e-05 8.5197e-10 TSX
20171210 20180820 9.797e-06 4.5349e-10 TSX
20171221 20180911 6.9641e-05 4.4579e-10 TSX
20180112 20181003 1.1833e-05 4.4565e-10 TSX
20180319 20180707 -3.4666e-05 6.182e-10 TSX
20180707 20180911 0.00013534 7.1299e-10 TSX
20180729 20181003 -8.1624e-05 7.1299e-10 TSX
20180820 20181003 9.3001e-05 7.7319e-10 TSX
20180911 20181003 -0.00017809 8.5198e-10 TSX
