20030427 20030914 0.00075433 5.6646e-10 ERS2
20030914 20080629 -4.4964e-05 2.8547e-10 ERS2
20050918 20090510 6.4799e-05 3.0168e-10 ERS2
20051127 20081116 0.00022298 3.0193e-10 ERS2
20060903 20090510 -3.7124e-05 3.1112e-10 ERS2
20061231 20090105 3.1565e-05 3.1287e-10 ALOS
20070402 20070703 -0.00015293 6.6657e-10 ALOS
20070518 20091008 -2.5026e-05 3.1548e-10 ALOS
20070818 20071003 -0.00019449 7.7517e-10 ALOS
20071217 20100509 -1.5854e-05 3.0691e-10 ALOS
20080103 20100526 -0.00014237 3.0919e-10 ALOS
20080404 20080520 -5.5509e-06 7.7522e-10 ALOS
20080618 20090921 -5.7967e-05 3.7254e-10 ALOS
20080629 20090510 -7.3846e-05 4.1343e-10 ERS2
20080705 20091008 -0.00010621 3.6563e-10 ALOS
20080803 20090823 2.5093e-05 3.8305e-10 ERS2
20081116 20090823 1.6241e-05 4.3199e-10 ERS2
20081219 20090921 0.00013404 4.4727e-10 ALOS
20090105 20090708 -0.00011377 5.303e-10 ALOS
20090510 20091101 0.00015828 5.2308e-10 ERS2
20090708 20091008 0.00018446 6.6631e-10 ALOS
20090823 20091101 -0.00070068 6.9851e-10 ERS2
20091222 20100624 0.0001232 5.2536e-10 ALOS
20100108 20100223 -0.0002812 7.7579e-10 ALOS
20100223 20100526 -0.00015485 6.6656e-10 ALOS
20100410 20100711 5.1131e-05 6.669e-10 ALOS
20100509 20100624 0.00059264 7.7319e-10 ALOS
20100526 20100711 0.00047916 7.7518e-10 ALOS
20100624 20101109 -9.3417e-05 5.8399e-10 ALOS
20100711 20101011 -0.00016859 6.6636e-10 ALOS
20100809 20101109 -1.3636e-05 6.6358e-10 ALOS
20101011 20101126 0.00031524 7.7518e-10 ALOS
20110111 20110226 0.00043988 7.7518e-10 ALOS
20110924 20130715 -2.105e-05 3.2352e-10 TSX
20111005 20121229 -4.3297e-06 3.6884e-10 TSX
20111121 20171221 -2.0997e-05 2.5816e-10 TSX
20111221 20130131 -1.5108e-05 3.8529e-10 TSX
20111224 20121027 3.2638e-05 4.1942e-10 TSX
20120126 20140419 -4.3525e-05 2.9383e-10 TSX
20120203 20160320 -3.457e-05 2.5256e-10 TSX
20120206 20171107 1.1229e-05 2.5519e-10 TSX
20120617 20171129 1.0949e-05 2.4903e-10 TSX
20120723 20160120 3.2101e-05 3.1347e-10 TSX
20121024 20130109 0.00011352 7.0162e-10 TSX
20121027 20151226 1.417e-05 2.6517e-10 TSX
20121030 20130311 -4.4383e-05 5.8466e-10 TSX
20121107 20171118 1.9613e-05 2.4956e-10 TSX
20121221 20160208 2.7755e-05 2.6538e-10 TSX
20121224 20130516 -6.7909e-05 5.685e-10 TSX
20121229 20130407 2.0969e-06 6.5612e-10 TSX
20130104 20130217 -7.6726e-05 7.7313e-10 TSX
20130109 20130715 -9.8057e-05 5.2928e-10 TSX
20130112 20140511 -4.5342e-05 3.5501e-10 TSX
20130115 20130721 -0.00011834 5.1402e-10 TSX
20130126 20130823 -0.00022886 5.4934e-10 TSX
20130131 20130429 -0.00013736 6.7802e-10 TSX
20130203 20130729 1.7647e-05 5.231e-10 TSX
20130211 20130919 2.4704e-05 4.9612e-10 TSX
20130228 20141209 2.6654e-05 3.1309e-10 TSX
20130311 20130801 -4.038e-06 5.6849e-10 TSX
20130316 20130623 -3.033e-05 6.5614e-10 TSX
20130402 20150122 -9.0417e-05 3.3788e-10 TSX
20130407 20140530 -5.1642e-05 3.8076e-10 TSX
20130421 20171016 2.2592e-05 2.471e-10 TSX
20130424 20130721 -0.00015926 6.6404e-10 TSX
20130429 20130623 -9.1411e-06 7.5414e-10 TSX
20130505 20131028 -0.00047733 5.7423e-10 TSX
20130513 20151112 3.5472e-05 2.8119e-10 TSX
20130516 20131017 3.1287e-05 5.9807e-10 TSX
20130521 20130715 4.3429e-05 7.5417e-10 TSX
20130524 20171129 1.7256e-05 2.4538e-10 TSX
20130527 20140627 -6.0169e-05 3.8475e-10 TSX
20130601 20130930 9.0501e-06 6.1702e-10 TSX
20130604 20141217 4.528e-06 3.3802e-10 TSX
20130607 20140719 1.4883e-05 3.7993e-10 TSX
20130612 20150105 2.9611e-05 3.4088e-10 TSX
20130615 20160106 4.0709e-05 2.7997e-10 TSX
20130618 20140708 1.3259e-05 3.8842e-10 TSX
20130623 20130715 0.00057959 8.6156e-10 TSX
20130629 20130914 0.00017559 6.9204e-10 TSX
20130707 20150130 -1.0652e-05 3.3696e-10 TSX
20130710 20140901 3.4836e-05 3.7832e-10 TSX
20130715 20130726 -0.0022923 1.0106e-09 TSX
20130721 20131108 0.00052653 6.3677e-10 TSX
20130726 20150517 -2.1612e-06 3.225e-10 TSX
20130729 20160904 1.3955e-05 2.7947e-10 TSX
20130801 20151115 2.4484e-05 3.0185e-10 TSX
20130817 20140209 4.5993e-05 5.4099e-10 TSX
20130828 20150312 -1.3039e-05 3.4036e-10 TSX
20130903 20150329 -0.00019526 3.3833e-10 TSX
20130919 20160309 8.2998e-06 2.9027e-10 TSX
20130925 20140708 7.1473e-05 4.509e-10 TSX
20130930 20160411 1.6379e-05 2.7667e-10 TSX
20131011 20150802 -1.8046e-06 3.2977e-10 TSX
20131017 20140719 -8.6315e-05 4.4919e-10 TSX
20131028 20160304 -7.1298e-05 3.1777e-10 TSX
20131102 20140519 -0.00012657 5.1714e-10 TSX
20131108 20140708 0.00011153 4.8279e-10 TSX
20140209 20160309 -1.3132e-05 3.1279e-10 TSX
20140223 20140829 1.7916e-05 5.1111e-10 TSX
20140408 20140705 -2.3334e-05 6.6125e-10 TSX
20140419 20170913 7.5297e-05 2.5715e-10 TSX
20140511 20141228 6.0143e-05 4.7015e-10 TSX
20140519 20150824 7.7385e-05 3.6561e-10 TSX
20140624 20171005 1.3848e-05 2.6352e-10 TSX
20140627 20151115 7.6272e-05 3.4817e-10 TSX
20140705 20180911 1.1914e-05 2.5302e-10 TSX
20140708 20160406 7.361e-06 3.2419e-10 TSX
20140716 20171005 4.1836e-05 2.5844e-10 TSX
20140719 20151207 3.2312e-05 3.4432e-10 TSX
20140727 20150326 -4.1002e-06 4.6158e-10 TSX
20140810 20150122 3.5663e-05 5.3963e-10 TSX
20140818 20160301 6.4182e-05 3.3007e-10 TSX
20140829 20160208 4.0753e-05 3.3055e-10 TSX
20140901 20140912 -0.00029116 9.6738e-10 TSX
20140912 20141209 1.352e-05 6.6403e-10 TSX
20140920 20170902 5.237e-05 2.7446e-10 TSX
20141209 20160211 -4.4915e-06 3.7356e-10 TSX
20141217 20160722 6.1573e-05 3.2363e-10 TSX
20141228 20160106 6.1162e-05 3.8267e-10 TSX
20141231 20151024 3.2932e-05 4.2897e-10 TSX
20150105 20150824 2.5079e-07 4.8752e-10 TSX
20150108 20170811 2.4913e-05 2.7791e-10 TSX
20150119 20160117 9.7697e-05 3.8701e-10 TSX
20150127 20160411 1.2301e-05 3.7427e-10 TSX
20150130 20151112 7.8006e-05 4.2879e-10 TSX
20150210 20170114 7.0366e-05 3.0266e-10 TSX
20150213 20160326 5.1065e-05 4.1298e-10 TSX
20150218 20160216 3.7519e-05 4.0325e-10 TSX
20150221 20180112 5.7314e-05 2.8072e-10 TSX
20150304 20180911 7.3046e-06 2.5816e-10 TSX
20150307 20160211 1.7142e-05 4.0402e-10 TSX
20150312 20160320 1.4148e-06 3.9959e-10 TSX
20150326 20150827 0.00011516 5.4991e-10 TSX
20150329 20151207 2.9654e-05 4.5761e-10 TSX
20150428 20160425 7.2657e-05 3.8857e-10 TSX
20150509 20150827 0.0001349 6.1835e-10 TSX
20150517 20150824 -8.51e-05 6.567e-10 TSX
20150520 20180911 1.454e-05 2.6802e-10 TSX
20150714 20170822 7.8915e-05 2.9942e-10 TSX
20150725 20170924 3.4903e-05 2.904e-10 TSX
20150802 20160309 2.6558e-05 4.9598e-10 TSX
20150805 20160403 2.9228e-05 4.6118e-10 TSX
20150816 20171107 5.4238e-05 2.9075e-10 TSX
20150824 20150915 0.00067325 8.6146e-10 TSX
20150827 20170902 4.2013e-05 2.9813e-10 TSX
20150915 20160216 -5.132e-05 5.6826e-10 TSX
20151021 20160904 -2.4255e-05 4.1261e-10 TSX
20151101 20171016 4.925e-05 3.0125e-10 TSX
20151112 20160425 1.0341e-06 5.3609e-10 TSX
20151115 20151229 0.00013174 7.7313e-10 TSX
20151123 20171221 4.0152e-05 2.964e-10 TSX
20151204 20151215 0.00017783 9.7732e-10 TSX
20151207 20160406 -6.0281e-05 6.0216e-10 TSX
20151215 20170822 7.1203e-05 3.1492e-10 TSX
20151226 20161223 6.7096e-05 3.9418e-10 TSX
20151229 20160211 -9.4066e-06 7.7313e-10 TSX
20160106 20161223 7.5116e-05 3.9792e-10 TSX
20160117 20160926 9.4579e-05 4.5296e-10 TSX
20160128 20160301 -0.00017466 8.0612e-10 TSX
20160208 20160312 -4.9557e-05 8.0612e-10 TSX
20160216 20160309 -0.00040433 8.6146e-10 TSX
20160219 20180319 1.7865e-05 2.9821e-10 TSX
20160301 20161201 0.00011714 4.3863e-10 TSX
20160304 20160326 6.0299e-05 8.4835e-10 TSX
20160312 20180319 6.8357e-06 2.9874e-10 TSX
20160320 20160411 0.00034982 8.6147e-10 TSX
20160323 20171118 3.9095e-05 3.1827e-10 TSX
20160326 20160406 -0.00053769 9.6731e-10 TSX
20160403 20171027 6.8796e-05 3.2283e-10 TSX
20160425 20170811 7.4794e-05 3.4748e-10 TSX
20160528 20160630 5.1104e-05 8.0612e-10 TSX
20160630 20171118 6.5414e-05 3.3811e-10 TSX
20160722 20161201 0.00021894 5.8131e-10 TSX
20160904 20180707 9.3063e-06 3.21e-10 TSX
20160915 20180911 -1.1136e-05 3.0105e-10 TSX
20160926 20170114 -1.2893e-05 6.1797e-10 TSX
20161201 20171027 1.3097e-05 4.0673e-10 TSX
20161223 20171107 -8.9242e-07 4.0894e-10 TSX
20170114 20170902 5.347e-05 4.6868e-10 TSX
20170811 20171005 -2.6625e-05 7.4111e-10 TSX
20170822 20180707 -0.00010237 4.1355e-10 TSX
20170913 20180707 -0.00015547 4.2518e-10 TSX
20170924 20180319 -0.00010881 5.2318e-10 TSX
20171005 20171107 3.7057e-05 8.0612e-10 TSX
20171016 20180319 -0.00010668 5.5007e-10 TSX
20171027 20180911 -3.773e-05 4.1357e-10 TSX
20171107 20171118 7.7584e-05 9.7732e-10 TSX
20171118 20171129 4.9645e-05 9.7732e-10 TSX
20171129 20171221 -9.3381e-06 8.5017e-10 TSX
20171210 20180820 -4.2497e-05 4.5337e-10 TSX
20171221 20180911 -1.2039e-05 4.4563e-10 TSX
20180112 20181003 3.5503e-05 4.4563e-10 TSX
20180319 20180707 -8.252e-05 6.1796e-10 TSX
20180707 20180911 0.00029917 7.1238e-10 TSX
20180729 20181003 6.5379e-05 7.1238e-10 TSX
20180820 20181003 0.00013351 7.7207e-10 TSX
20180911 20181003 -0.0001623 8.5017e-10 TSX
