20030427 20030914 2.3714e-06 5.6858e-10 ERS2
20030914 20080629 -0.0002029 2.8337e-10 ERS2
20050918 20090510 -8.2789e-05 2.972e-10 ERS2
20051127 20081116 1.2419e-05 3.1413e-10 ERS2
20060903 20090510 4.3592e-05 3.0703e-10 ERS2
20061231 20090105 4.5326e-05 3.133e-10 ALOS
20070402 20070703 -0.00025911 6.728e-10 ALOS
20070518 20091008 3.3517e-06 3.0015e-10 ALOS
20070818 20071003 -0.00038472 7.8384e-10 ALOS
20071217 20100509 1.2329e-05 3.0046e-10 ALOS
20080103 20100526 0.00011246 2.9841e-10 ALOS
20080404 20080520 -2.3443e-05 7.8389e-10 ALOS
20080618 20090921 -6.649e-05 3.728e-10 ALOS
20080629 20090510 -0.00037611 4.157e-10 ERS2
20080705 20091008 2.6191e-05 3.6565e-10 ALOS
20080803 20090823 -0.00010772 3.8217e-10 ERS2
20081116 20090823 -6.1541e-06 4.3211e-10 ERS2
20081219 20090921 0.00042716 4.4711e-10 ALOS
20090105 20090708 0.00015014 5.3054e-10 ALOS
20090510 20091101 0.00053638 5.2253e-10 ERS2
20090708 20091008 0.00073345 6.7287e-10 ALOS
20090823 20091101 -0.00022667 7.0696e-10 ERS2
20091222 20100624 0.00034119 5.2874e-10 ALOS
20100108 20100223 0.00037509 7.8411e-10 ALOS
20100223 20100526 -0.00030752 6.7308e-10 ALOS
20100410 20100711 -0.00015136 6.7289e-10 ALOS
20100509 20100624 0.00093672 7.8153e-10 ALOS
20100526 20100711 0.00071933 7.8391e-10 ALOS
20100624 20101109 0.00010485 5.8742e-10 ALOS
20100711 20101011 1.4375e-05 6.7297e-10 ALOS
20100809 20101109 -0.00011503 6.6971e-10 ALOS
20101011 20101126 0.00023588 7.8389e-10 ALOS
20110111 20110226 0.00077648 7.8383e-10 ALOS
20110924 20130715 5.1571e-05 3.2374e-10 TSX
20111005 20121229 -6.1467e-05 3.7192e-10 TSX
20111121 20171221 -5.7498e-06 2.6267e-10 TSX
20111221 20130131 -1.2489e-05 3.8627e-10 TSX
20111224 20121027 -1.1562e-05 4.1953e-10 TSX
20120126 20140419 -5.4421e-06 2.8874e-10 TSX
20120203 20160320 2.92e-06 2.6923e-10 TSX
20120206 20171107 -1.0401e-05 2.7406e-10 TSX
20120617 20171129 -6.8953e-06 2.9003e-10 TSX
20120723 20160120 -5.4571e-06 2.8241e-10 TSX
20121024 20130109 0.00016293 7.0966e-10 TSX
20121027 20151226 -2.4209e-05 2.7331e-10 TSX
20121030 20130311 6.9928e-05 5.8734e-10 TSX
20121107 20171118 -2.3485e-05 3.0378e-10 TSX
20121221 20160208 -1.6964e-05 2.9827e-10 TSX
20121224 20130516 -0.00014322 5.7072e-10 TSX
20121229 20130407 7.1053e-06 6.6282e-10 TSX
20130104 20130217 6.2765e-05 7.807e-10 TSX
20130109 20130715 0.00016504 5.325e-10 TSX
20130112 20140511 -3.3629e-05 3.539e-10 TSX
20130115 20130721 -0.00025599 5.1515e-10 TSX
20130126 20130823 2.6392e-05 5.6752e-10 TSX
20130131 20130429 -0.00010648 6.8545e-10 TSX
20130203 20130729 -7.0511e-05 5.2563e-10 TSX
20130211 20130919 7.2282e-05 4.9765e-10 TSX
20130228 20141209 1.1073e-05 3.168e-10 TSX
20130311 20130801 -7.0713e-05 5.7067e-10 TSX
20130316 20130623 6.0852e-05 6.6282e-10 TSX
20130402 20150122 8.9406e-05 3.4198e-10 TSX
20130407 20140530 -1.9513e-05 3.8183e-10 TSX
20130421 20171016 -2.3524e-05 2.98e-10 TSX
20130424 20130721 -0.00040295 6.6935e-10 TSX
20130429 20130623 -0.00010858 7.6323e-10 TSX
20130505 20131028 -0.00099796 5.5195e-10 TSX
20130513 20151112 -2.6781e-06 2.9976e-10 TSX
20130516 20131017 3.7604e-05 5.9955e-10 TSX
20130521 20130715 0.00035968 7.6325e-10 TSX
20130524 20171129 -7.9448e-06 2.7772e-10 TSX
20130527 20140627 -1.4718e-05 3.8536e-10 TSX
20130601 20130930 0.00036275 6.223e-10 TSX
20130604 20141217 -1.924e-06 3.432e-10 TSX
20130607 20140719 -7.876e-06 3.8e-10 TSX
20130612 20150105 3.3289e-05 3.3912e-10 TSX
20130615 20160106 1.8592e-05 3.0872e-10 TSX
20130618 20140708 -1.767e-05 3.8804e-10 TSX
20130623 20130715 0.00078505 8.6964e-10 TSX
20130629 20130914 0.00058804 7.0273e-10 TSX
20130707 20150130 -2.1016e-06 3.3829e-10 TSX
20130710 20140901 2.386e-05 3.778e-10 TSX
20130715 20130726 -0.0025497 1.018e-09 TSX
20130721 20131108 0.0014112 6.4293e-10 TSX
20130726 20150517 3.6402e-05 3.2805e-10 TSX
20130729 20160904 -2.8243e-05 2.7761e-10 TSX
20130801 20151115 2.7824e-05 2.9202e-10 TSX
20130817 20140209 -2.0103e-05 5.4377e-10 TSX
20130828 20150312 9.0071e-05 3.4152e-10 TSX
20130903 20150329 -0.00014017 3.6635e-10 TSX
20130919 20160309 1.6186e-05 2.844e-10 TSX
20130925 20140708 -0.00018376 4.7722e-10 TSX
20130930 20160411 1.7779e-05 2.7598e-10 TSX
20131011 20150802 6.0088e-05 3.2177e-10 TSX
20131017 20140719 -4.0438e-05 4.4966e-10 TSX
20131028 20160304 -6.2592e-05 3.1879e-10 TSX
20131102 20140519 -0.00022686 5.1929e-10 TSX
20131108 20140708 -0.00014866 5.3572e-10 TSX
20140209 20160309 3.2841e-05 3.1545e-10 TSX
20140223 20140829 -2.5358e-05 5.1322e-10 TSX
20140408 20140705 2.0296e-05 6.6973e-10 TSX
20140419 20170913 -1.2195e-05 2.7825e-10 TSX
20140511 20141228 4.7243e-05 4.7128e-10 TSX
20140519 20150824 8.4588e-05 3.6535e-10 TSX
20140624 20171005 1.2303e-05 2.8487e-10 TSX
20140627 20151115 3.1045e-05 3.4255e-10 TSX
20140705 20180911 4.4843e-06 2.7369e-10 TSX
20140708 20160406 3.6874e-05 3.1572e-10 TSX
20140716 20171005 -2.059e-05 2.8435e-10 TSX
20140719 20151207 3.6926e-05 3.4302e-10 TSX
20140727 20150326 2.5734e-05 4.6256e-10 TSX
20140810 20150122 3.4083e-05 5.467e-10 TSX
20140818 20160301 4.7184e-06 3.2574e-10 TSX
20140829 20160208 2.5854e-06 3.3907e-10 TSX
20140901 20140912 -0.00031956 9.7342e-10 TSX
20140912 20141209 1.8536e-05 6.6935e-10 TSX
20140920 20170902 5.3939e-06 3.0031e-10 TSX
20141209 20160211 -1.3796e-05 3.6731e-10 TSX
20141217 20160722 -1.8501e-05 3.2458e-10 TSX
20141228 20160106 5.3593e-06 3.8241e-10 TSX
20141231 20151024 4.0132e-05 4.2574e-10 TSX
20150105 20150824 -4.8103e-05 4.8766e-10 TSX
20150108 20170811 -6.4706e-06 2.8968e-10 TSX
20150119 20160117 -1.5395e-06 3.8768e-10 TSX
20150127 20160411 6.5538e-05 3.721e-10 TSX
20150130 20151112 -1.819e-05 4.2919e-10 TSX
20150210 20170114 -1.2859e-05 3.1723e-10 TSX
20150213 20160326 9.2206e-05 4.0261e-10 TSX
20150218 20160216 2.6644e-05 4.0372e-10 TSX
20150221 20180112 -1.6504e-05 3.7217e-10 TSX
20150304 20180911 6.3315e-06 2.9209e-10 TSX
20150307 20160211 5.5989e-06 4.0179e-10 TSX
20150312 20160320 -9.3271e-05 3.9827e-10 TSX
20150326 20150827 -6.6877e-05 5.5337e-10 TSX
20150329 20151207 1.0275e-05 4.5537e-10 TSX
20150428 20160425 -1.3168e-05 3.8796e-10 TSX
20150509 20150827 -4.2957e-05 6.2453e-10 TSX
20150517 20150824 6.7487e-06 6.6285e-10 TSX
20150520 20180911 -1.3944e-05 2.8977e-10 TSX
20150714 20170822 -1.6194e-05 2.9819e-10 TSX
20150725 20170924 1.0615e-05 3.0872e-10 TSX
20150802 20160309 -0.00015418 4.9768e-10 TSX
20150805 20160403 -1.3676e-05 4.6226e-10 TSX
20150816 20171107 -8.1299e-06 2.9186e-10 TSX
20150824 20150915 0.00081043 8.6954e-10 TSX
20150827 20170902 7.8562e-06 2.9479e-10 TSX
20150915 20160216 -0.00019103 5.7185e-10 TSX
20151021 20160904 -7.4163e-05 4.1445e-10 TSX
20151101 20171016 -5.7273e-06 3.1252e-10 TSX
20151112 20160425 -4.0891e-05 5.3906e-10 TSX
20151115 20151229 0.00013606 7.807e-10 TSX
20151123 20171221 -1.9264e-05 3.0049e-10 TSX
20151204 20151215 0.00015411 9.8437e-10 TSX
20151207 20160406 -0.00013758 6.0537e-10 TSX
20151215 20170822 5.1297e-06 3.1958e-10 TSX
20151226 20161223 -8.8328e-06 3.9335e-10 TSX
20151229 20160211 -5.3294e-05 7.807e-10 TSX
20160106 20161223 1.4206e-07 3.9807e-10 TSX
20160117 20160926 -2.0872e-05 4.5379e-10 TSX
20160128 20160301 -0.00013104 8.1587e-10 TSX
20160208 20160312 -0.00015893 8.1587e-10 TSX
20160216 20160309 -0.0004232 8.6954e-10 TSX
20160219 20180319 -1.5043e-05 2.939e-10 TSX
20160301 20161201 2.203e-05 4.391e-10 TSX
20160304 20160326 5.7976e-05 8.551e-10 TSX
20160312 20180319 -8.1738e-06 3.0083e-10 TSX
20160320 20160411 0.00038733 8.6955e-10 TSX
20160323 20171118 -9.2474e-06 3.1713e-10 TSX
20160326 20160406 -0.00056802 9.7335e-10 TSX
20160403 20171027 -2.805e-05 3.2852e-10 TSX
20160425 20170811 -2.4562e-05 3.48e-10 TSX
20160528 20160630 7.8651e-06 8.1587e-10 TSX
20160630 20171118 -2.8523e-06 3.3882e-10 TSX
20160722 20161201 0.00010834 5.8617e-10 TSX
20160904 20180707 2.9598e-05 3.2192e-10 TSX
20160915 20180911 6.7445e-06 2.996e-10 TSX
20160926 20170114 0.00010169 6.2461e-10 TSX
20161201 20171027 -4.0503e-05 4.0709e-10 TSX
20161223 20171107 -3.3018e-05 4.096e-10 TSX
20170114 20170902 -5.9608e-05 4.7311e-10 TSX
20170811 20171005 -7.6152e-06 7.5173e-10 TSX
20170822 20180707 1.7311e-05 4.1368e-10 TSX
20170913 20180707 -1.5521e-05 4.2557e-10 TSX
20170924 20180319 4.1931e-05 5.2571e-10 TSX
20171005 20171107 5.7642e-05 8.1587e-10 TSX
20171016 20180319 4.4551e-05 5.5359e-10 TSX
20171027 20180911 1.0031e-05 4.1384e-10 TSX
20171107 20171118 8.435e-05 9.8437e-10 TSX
20171118 20171129 5.0552e-05 9.8437e-10 TSX
20171129 20171221 -2.9995e-05 8.5859e-10 TSX
20171210 20180820 -2.5643e-05 4.543e-10 TSX
20171221 20180911 3.5408e-05 4.4638e-10 TSX
20180112 20181003 9.7374e-05 4.4641e-10 TSX
20180319 20180707 -0.00010565 6.2449e-10 TSX
20180707 20180911 0.00011489 7.2255e-10 TSX
20180729 20181003 -3.5855e-05 7.2255e-10 TSX
20180820 20181003 0.00013077 7.8259e-10 TSX
20180911 20181003 -0.00015316 8.5859e-10 TSX
