20030427 20030914 0.00063206 6.4478e-10 ERS2
20030914 20080629 -0.00022931 3.4498e-10 ERS2
20050918 20090510 -5.1282e-06 3.7402e-10 ERS2
20051127 20081116 0.00013386 3.7691e-10 ERS2
20060903 20090510 -0.0001669 3.7915e-10 ERS2
20061231 20090105 0.00018651 4.154e-10 ALOS
20070402 20070703 -0.00012059 7.3065e-10 ALOS
20070518 20091008 -0.00023366 3.6926e-10 ALOS
20070818 20071003 -0.00050108 8.1245e-10 ALOS
20071217 20100509 -3.0233e-05 3.6613e-10 ALOS
20080103 20100526 -0.00025583 3.6761e-10 ALOS
20080404 20080520 -1.6517e-05 8.1246e-10 ALOS
20080618 20090921 -0.00016105 4.4739e-10 ALOS
20080629 20090510 -0.00040089 5.0102e-10 ERS2
20080705 20091008 6.2439e-06 4.3612e-10 ALOS
20080803 20090823 -0.00013082 4.6238e-10 ERS2
20081116 20090823 0.00010357 5.1303e-10 ERS2
20081219 20090921 0.00026184 5.2236e-10 ALOS
20090105 20090708 0.00012175 6.1363e-10 ALOS
20090510 20091101 0.00017328 6.0134e-10 ERS2
20090708 20091008 0.00040132 7.3066e-10 ALOS
20090823 20091101 0.0004352 7.5695e-10 ERS2
20091222 20100624 0.00029346 6.0914e-10 ALOS
20100108 20100223 0.00042841 8.1339e-10 ALOS
20100223 20100526 0.00029722 7.3183e-10 ALOS
20100410 20100711 -6.0563e-05 7.3173e-10 ALOS
20100509 20100624 0.00066451 8.1075e-10 ALOS
20100526 20100711 0.00042696 8.1246e-10 ALOS
20100624 20101109 -0.00012438 6.5904e-10 ALOS
20100711 20101011 -3.6128e-05 7.3067e-10 ALOS
20100809 20101109 -8.1242e-05 7.2809e-10 ALOS
20101011 20101126 0.0002152 8.1244e-10 ALOS
20110111 20110226 0.0006882 8.1245e-10 ALOS
20110924 20130715 2.4843e-05 3.9141e-10 TSX
20111005 20121229 3.9106e-05 4.4411e-10 TSX
20111121 20171221 -2.2455e-05 4.2988e-10 TSX
20111221 20130131 1.5073e-05 4.5868e-10 TSX
20111224 20121027 1.2761e-05 5.0224e-10 TSX
20120126 20140419 5.0576e-06 3.9883e-10 TSX
20120203 20160320 2.0214e-06 3.2817e-10 TSX
20120206 20171107 -1.3058e-05 4.5437e-10 TSX
20120617 20171129 -2.1592e-05 4.2288e-10 TSX
20120723 20160120 4.6459e-05 3.5077e-10 TSX
20121024 20130109 0.00013523 7.5951e-10 TSX
20121027 20151226 -4.6392e-06 4.3097e-10 TSX
20121030 20130311 6.3591e-05 6.5874e-10 TSX
20121107 20171118 -1.2856e-05 3.8543e-10 TSX
20121221 20160208 -5.4957e-06 4.4112e-10 TSX
20121224 20130516 -3.3727e-05 6.4389e-10 TSX
20121229 20130407 -2.5002e-05 7.2281e-10 TSX
20130104 20130217 3.4052e-05 8.1006e-10 TSX
20130109 20130715 6.8687e-05 6.1629e-10 TSX
20130112 20140511 -4.208e-06 4.3407e-10 TSX
20130115 20130721 -0.00012573 5.8927e-10 TSX
20130126 20130823 0.0001685 5.8881e-10 TSX
20130131 20130429 -1.3137e-05 7.4065e-10 TSX
20130203 20130729 -8.312e-05 6.0642e-10 TSX
20130211 20130919 -6.3792e-05 5.7376e-10 TSX
20130228 20141209 7.2239e-06 3.7948e-10 TSX
20130311 20130801 -5.2774e-05 6.4353e-10 TSX
20130316 20130623 1.9513e-05 7.2282e-10 TSX
20130402 20150122 2.1197e-05 5.2453e-10 TSX
20130407 20140530 2.2001e-07 4.5331e-10 TSX
20130421 20171016 -8.3565e-06 4.0142e-10 TSX
20130424 20130721 -0.00020844 7.2779e-10 TSX
20130429 20130623 -8.2239e-05 7.9798e-10 TSX
20130505 20131028 -0.00039484 6.1222e-10 TSX
20130513 20151112 1.7996e-06 4.3487e-10 TSX
20130516 20131017 3.8714e-05 6.5866e-10 TSX
20130521 20130715 0.00016831 7.9801e-10 TSX
20130524 20171129 -2.2457e-06 4.3815e-10 TSX
20130527 20140627 4.3664e-05 4.5821e-10 TSX
20130601 20130930 4.1046e-05 6.8929e-10 TSX
20130604 20141217 -1.1191e-05 4.1976e-10 TSX
20130607 20140719 9.4233e-07 4.5457e-10 TSX
20130612 20150105 -5.0656e-05 4.0613e-10 TSX
20130615 20160106 9.8865e-06 4.3653e-10 TSX
20130618 20140708 -1.7538e-05 4.6298e-10 TSX
20130623 20130715 0.00065299 8.7949e-10 TSX
20130629 20130914 0.00018743 7.6564e-10 TSX
20130707 20150130 -1.2831e-05 4.2339e-10 TSX
20130710 20140901 -4.3162e-05 4.5121e-10 TSX
20130715 20130726 -0.0024197 1.0223e-09 TSX
20130721 20131108 0.00057536 7.3594e-10 TSX
20130726 20150517 3.8747e-05 3.9041e-10 TSX
20130729 20160904 -2.5056e-05 3.9487e-10 TSX
20130801 20151115 -1.0724e-05 3.9651e-10 TSX
20130817 20140209 -5.76e-05 6.185e-10 TSX
20130828 20150312 8.2415e-05 4.1149e-10 TSX
20130903 20150329 -0.0001558 4.3785e-10 TSX
20130919 20160309 2.1793e-05 3.8336e-10 TSX
20130925 20140708 1.2983e-05 5.5365e-10 TSX
20130930 20160411 1.7853e-05 3.954e-10 TSX
20131011 20150802 8.0769e-05 3.9261e-10 TSX
20131017 20140719 1.8073e-05 6.3357e-10 TSX
20131028 20160304 -2.2164e-05 4.3782e-10 TSX
20131102 20140519 1.4845e-05 5.952e-10 TSX
20131108 20140708 -0.0002314 6.2708e-10 TSX
20140209 20160309 6.2038e-05 3.9562e-10 TSX
20140223 20140829 2.4684e-05 5.9495e-10 TSX
20140408 20140705 -2.9723e-05 7.293e-10 TSX
20140419 20170913 -7.043e-06 4.0883e-10 TSX
20140511 20141228 1.1903e-06 5.5396e-10 TSX
20140519 20150824 -9.9014e-06 4.4878e-10 TSX
20140624 20171005 -1.0301e-05 3.7767e-10 TSX
20140627 20151115 -0.00012323 4.1704e-10 TSX
20140705 20180911 -2.5952e-05 3.6674e-10 TSX
20140708 20160406 2.257e-05 3.8615e-10 TSX
20140716 20171005 -3.6477e-06 3.8494e-10 TSX
20140719 20151207 -4.8797e-05 4.0822e-10 TSX
20140727 20150326 -3.5629e-05 5.4526e-10 TSX
20140810 20150122 7.257e-05 6.7476e-10 TSX
20140818 20160301 1.9272e-05 4.0572e-10 TSX
20140829 20160208 1.0125e-05 4.3387e-10 TSX
20140901 20140912 -0.00028877 9.7876e-10 TSX
20140912 20141209 1.347e-05 7.2777e-10 TSX
20140920 20170902 1.1186e-05 4.303e-10 TSX
20141209 20160211 -4.5173e-05 4.4624e-10 TSX
20141217 20160722 2.1202e-05 4.3018e-10 TSX
20141228 20160106 1.6458e-06 4.6161e-10 TSX
20141231 20151024 -2.7019e-05 4.98e-10 TSX
20150105 20150824 -4.2679e-05 5.6701e-10 TSX
20150108 20170811 3.8872e-06 4.2339e-10 TSX
20150119 20160117 4.0484e-05 4.6707e-10 TSX
20150127 20160411 7.2097e-06 4.7674e-10 TSX
20150130 20151112 2.0541e-05 5.2537e-10 TSX
20150210 20170114 4.9048e-06 4.5262e-10 TSX
20150213 20160326 0.00025335 5.5893e-10 TSX
20150218 20160216 1.2351e-05 4.7605e-10 TSX
20150221 20180112 1.066e-05 5.3377e-10 TSX
20150304 20180911 -1.9474e-05 4.748e-10 TSX
20150307 20160211 -1.0702e-05 4.7701e-10 TSX
20150312 20160320 -8.6514e-05 4.8371e-10 TSX
20150326 20150827 4.7098e-05 6.3428e-10 TSX
20150329 20151207 -4.6215e-05 5.2946e-10 TSX
20150428 20160425 3.6402e-05 5.1364e-10 TSX
20150509 20150827 2.4123e-06 6.9429e-10 TSX
20150517 20150824 -0.00012846 7.2255e-10 TSX
20150520 20180911 -2.6982e-05 4.4603e-10 TSX
20150714 20170822 1.2297e-05 4.684e-10 TSX
20150725 20170924 6.6733e-06 4.4654e-10 TSX
20150802 20160309 -5.1132e-05 5.7995e-10 TSX
20150805 20160403 -3.0483e-05 5.7453e-10 TSX
20150816 20171107 -8.3622e-06 4.3234e-10 TSX
20150824 20150915 0.00065071 8.7938e-10 TSX
20150827 20170902 9.0021e-06 4.3242e-10 TSX
20150915 20160216 -2.9691e-05 6.4513e-10 TSX
20151021 20160904 -8.5455e-05 5.3256e-10 TSX
20151101 20171016 -7.044e-06 4.3723e-10 TSX
20151112 20160425 4.2906e-06 6.3293e-10 TSX
20151115 20151229 0.00019623 8.1006e-10 TSX
20151123 20171221 -1.2198e-05 4.2061e-10 TSX
20151204 20151215 0.00016023 9.8918e-10 TSX
20151207 20160406 -6.5398e-05 6.7461e-10 TSX
20151215 20170822 2.3064e-05 4.5251e-10 TSX
20151226 20161223 2.9687e-05 4.7681e-10 TSX
20151229 20160211 1.5152e-05 8.1006e-10 TSX
20160106 20161223 4.3207e-05 4.8388e-10 TSX
20160117 20160926 -2.5319e-06 5.6199e-10 TSX
20160128 20160301 -0.00016561 8.3524e-10 TSX
20160208 20160312 -9.7053e-05 8.3524e-10 TSX
20160216 20160309 -0.00036274 8.7938e-10 TSX
20160219 20180319 -1.7122e-05 4.22e-10 TSX
20160301 20161201 6.5904e-05 5.2169e-10 TSX
20160304 20160326 4.8877e-05 8.6665e-10 TSX
20160312 20180319 -1.3632e-05 4.3436e-10 TSX
20160320 20160411 0.00038601 8.7939e-10 TSX
20160323 20171118 -5.321e-06 3.9786e-10 TSX
20160326 20160406 -0.00051103 9.7868e-10 TSX
20160403 20171027 9.2613e-06 4.9666e-10 TSX
20160425 20170811 2.5132e-05 4.4419e-10 TSX
20160528 20160630 -4.5375e-05 8.3524e-10 TSX
20160630 20171118 2.9894e-05 4.2708e-10 TSX
20160722 20161201 0.00013835 6.6061e-10 TSX
20160904 20180707 3.3632e-05 4.0263e-10 TSX
20160915 20180911 -2.6004e-05 4.115e-10 TSX
20160926 20170114 6.3183e-05 6.9308e-10 TSX
20161201 20171027 -9.992e-06 4.8972e-10 TSX
20161223 20171107 -3.3891e-05 5.0247e-10 TSX
20170114 20170902 -1.21e-06 5.5658e-10 TSX
20170811 20171005 -8.2374e-05 7.8964e-10 TSX
20170822 20180707 -4.2225e-05 4.9653e-10 TSX
20170913 20180707 -8.3403e-05 5.1164e-10 TSX
20170924 20180319 -3.4107e-05 6.0685e-10 TSX
20171005 20171107 4.7935e-05 8.3524e-10 TSX
20171016 20180319 -5.2546e-06 6.3227e-10 TSX
20171027 20180911 -2.4887e-05 4.964e-10 TSX
20171107 20171118 8.3699e-05 9.8918e-10 TSX
20171118 20171129 5.496e-05 9.8918e-10 TSX
20171129 20171221 -3.2579e-05 8.6948e-10 TSX
20171210 20180820 -3.1385e-05 5.3741e-10 TSX
20171221 20180911 -4.147e-05 5.2934e-10 TSX
20180112 20181003 3.0253e-05 5.2933e-10 TSX
20180319 20180707 -9.3937e-05 6.9311e-10 TSX
20180707 20180911 0.00019328 7.6881e-10 TSX
20180729 20181003 -2.0098e-05 7.6881e-10 TSX
20180820 20181003 0.00011233 8.1133e-10 TSX
20180911 20181003 -0.00017551 8.6948e-10 TSX
