20030427 20030914 0.00021144 5.6615e-10 ERS2
20030914 20080629 6.1007e-05 3.0113e-10 ERS2
20050918 20090510 0.00011071 2.9959e-10 ERS2
20051127 20081116 4.6237e-05 3.0572e-10 ERS2
20060903 20090510 -0.00021438 3.0766e-10 ERS2
20061231 20090105 0.00042288 3.1185e-10 ALOS
20070402 20070703 -6.7456e-05 6.662e-10 ALOS
20070518 20091008 0.00028081 2.9755e-10 ALOS
20070818 20071003 -0.00027618 7.7505e-10 ALOS
20071217 20100509 0.00029788 2.9962e-10 ALOS
20080103 20100526 0.00029722 2.9743e-10 ALOS
20080404 20080520 -5.5467e-05 7.7506e-10 ALOS
20080618 20090921 0.0002268 3.7278e-10 ALOS
20080629 20090510 -0.00013589 4.1436e-10 ERS2
20080705 20091008 0.000152 3.6487e-10 ALOS
20080803 20090823 8.4677e-06 3.8292e-10 ERS2
20081116 20090823 0.00017608 4.3202e-10 ERS2
20081219 20090921 0.00058791 4.4605e-10 ALOS
20090105 20090708 0.00036018 5.2808e-10 ALOS
20090510 20091101 -0.00018837 5.2064e-10 ERS2
20090708 20091008 0.00063763 6.6619e-10 ALOS
20090823 20091101 -5.753e-05 6.9855e-10 ERS2
20091222 20100624 0.00071792 5.2521e-10 ALOS
20100108 20100223 0.00092573 7.7515e-10 ALOS
20100223 20100526 8.9005e-05 6.6623e-10 ALOS
20100410 20100711 0.00025371 6.6621e-10 ALOS
20100509 20100624 0.00047487 7.7308e-10 ALOS
20100526 20100711 0.00058731 7.7506e-10 ALOS
20100624 20101109 0.00014861 5.8396e-10 ALOS
20100711 20101011 9.2454e-05 6.6623e-10 ALOS
20100809 20101109 -1.7531e-05 6.6352e-10 ALOS
20101011 20101126 0.00036664 7.7506e-10 ALOS
20110111 20110226 0.0007194 7.7505e-10 ALOS
20110924 20130715 0.00024869 3.2394e-10 TSX
20111005 20121229 0.00013862 3.6903e-10 TSX
20111121 20171221 4.8992e-05 2.8476e-10 TSX
20111221 20130131 0.00023559 3.8551e-10 TSX
20111224 20121027 0.00013877 4.1949e-10 TSX
20120126 20140419 0.00015052 2.9025e-10 TSX
20120203 20160320 5.6825e-06 2.8039e-10 TSX
20120206 20171107 4.9584e-05 2.7678e-10 TSX
20120617 20171129 0.00011056 2.7738e-10 TSX
20120723 20160120 0.00016172 3.21e-10 TSX
20121024 20130109 4.1669e-05 7.0156e-10 TSX
20121027 20151226 0.00016074 2.7174e-10 TSX
20121030 20130311 0.00013461 5.8467e-10 TSX
20121107 20171118 0.00010903 2.8419e-10 TSX
20121221 20160208 0.00015672 2.7445e-10 TSX
20121224 20130516 4.6995e-05 5.6848e-10 TSX
20121229 20130407 0.00031432 6.5604e-10 TSX
20130104 20130217 0.00021895 7.7306e-10 TSX
20130109 20130715 0.00023471 5.2876e-10 TSX
20130112 20140511 0.00014415 3.5562e-10 TSX
20130115 20130721 -6.0698e-05 5.1397e-10 TSX
20130126 20130823 -2.9012e-06 4.9152e-10 TSX
20130131 20130429 3.7751e-05 6.7793e-10 TSX
20130203 20130729 5.2103e-05 5.2314e-10 TSX
20130211 20130919 0.00015185 4.9596e-10 TSX
20130228 20141209 0.00015779 3.126e-10 TSX
20130311 20130801 -1.6882e-05 5.6845e-10 TSX
20130316 20130623 0.00014542 6.5606e-10 TSX
20130402 20150122 0.0001283 3.5069e-10 TSX
20130407 20140530 0.00013326 3.8115e-10 TSX
20130421 20171016 0.00015372 2.8269e-10 TSX
20130424 20130721 -0.00017601 6.6401e-10 TSX
20130429 20130623 5.437e-06 7.5402e-10 TSX
20130505 20131028 -0.00038337 5.3577e-10 TSX
20130513 20151112 0.00018693 2.8004e-10 TSX
20130516 20131017 -0.00013874 5.5931e-10 TSX
20130521 20130715 0.00023057 7.5405e-10 TSX
20130524 20171129 0.0001182 2.7719e-10 TSX
20130527 20140627 0.00020802 3.8321e-10 TSX
20130601 20130930 0.00010218 6.1696e-10 TSX
20130604 20141217 0.00019036 3.3906e-10 TSX
20130607 20140719 0.00016044 3.7952e-10 TSX
20130612 20150105 0.00021466 3.3836e-10 TSX
20130615 20160106 0.00019228 2.8276e-10 TSX
20130618 20140708 0.00012347 3.8791e-10 TSX
20130623 20130715 0.00059814 8.6138e-10 TSX
20130629 20130914 0.00024872 6.8827e-10 TSX
20130707 20150130 0.00019237 3.3787e-10 TSX
20130710 20140901 0.00017591 3.7649e-10 TSX
20130715 20130726 -0.0024868 1.0104e-09 TSX
20130721 20131108 0.00069422 6.2356e-10 TSX
20130726 20150517 0.00033735 3.2261e-10 TSX
20130729 20160904 0.00017671 2.7812e-10 TSX
20130801 20151115 0.00016588 3.0121e-10 TSX
20130817 20140209 0.00011352 5.4096e-10 TSX
20130828 20150312 0.00028657 3.4022e-10 TSX
20130903 20150329 3.4736e-05 3.6893e-10 TSX
20130919 20160309 0.0001341 2.7813e-10 TSX
20130925 20140708 0.00014313 4.3136e-10 TSX
20130930 20160411 0.00019495 3.0329e-10 TSX
20131011 20150802 0.00019058 3.2536e-10 TSX
20131017 20140719 0.00014392 4.3875e-10 TSX
20131028 20160304 -6.0845e-05 3.4643e-10 TSX
20131102 20140519 -6.5617e-05 5.1709e-10 TSX
20131108 20140708 8.5424e-05 4.6278e-10 TSX
20140209 20160309 0.00016786 3.1395e-10 TSX
20140223 20140829 7.192e-05 5.1108e-10 TSX
20140408 20140705 -3.5054e-06 6.6127e-10 TSX
20140419 20170913 8.3e-05 2.7415e-10 TSX
20140511 20141228 0.00012502 4.7011e-10 TSX
20140519 20150824 0.00031357 3.6553e-10 TSX
20140624 20171005 0.00010351 2.7874e-10 TSX
20140627 20151115 0.00011273 3.4289e-10 TSX
20140705 20180911 0.00013369 2.7049e-10 TSX
20140708 20160406 0.00018035 3.2456e-10 TSX
20140716 20171005 3.1216e-05 2.7187e-10 TSX
20140719 20151207 0.00011266 3.4396e-10 TSX
20140727 20150326 6.3222e-05 4.6163e-10 TSX
20140810 20150122 0.0001394 5.3918e-10 TSX
20140818 20160301 0.00014441 3.2561e-10 TSX
20140829 20160208 0.00016203 3.3189e-10 TSX
20140901 20140912 -0.00030822 9.6724e-10 TSX
20140912 20141209 0.00012275 6.64e-10 TSX
20140920 20170902 0.0001637 2.8058e-10 TSX
20141209 20160211 7.4045e-05 3.6744e-10 TSX
20141217 20160722 0.00015106 3.208e-10 TSX
20141228 20160106 0.00012632 3.8186e-10 TSX
20141231 20151024 9.8588e-05 4.2538e-10 TSX
20150105 20150824 0.000105 4.8596e-10 TSX
20150108 20170811 0.00021877 2.7962e-10 TSX
20150119 20160117 0.00014323 3.8732e-10 TSX
20150127 20160411 0.00019217 3.7194e-10 TSX
20150130 20151112 0.00011866 4.2846e-10 TSX
20150210 20170114 0.00016768 2.9791e-10 TSX
20150213 20160326 0.00011433 4.0517e-10 TSX
20150218 20160216 0.00013253 4.0222e-10 TSX
20150221 20180112 0.00016423 2.763e-10 TSX
20150304 20180911 7.5079e-05 2.6635e-10 TSX
20150307 20160211 0.00011503 4.0307e-10 TSX
20150312 20160320 7.2217e-05 3.981e-10 TSX
20150326 20150827 0.00010495 5.4976e-10 TSX
20150329 20151207 8.4067e-05 4.5476e-10 TSX
20150428 20160425 0.00015801 3.8709e-10 TSX
20150509 20150827 6.0369e-05 6.1804e-10 TSX
20150517 20150824 -0.00013148 6.5615e-10 TSX
20150520 20180911 0.00014375 2.6902e-10 TSX
20150714 20170822 0.00017555 2.9225e-10 TSX
20150725 20170924 0.00020584 2.9047e-10 TSX
20150802 20160309 4.8894e-05 4.9594e-10 TSX
20150805 20160403 0.00013325 4.6119e-10 TSX
20150816 20171107 0.00020253 2.892e-10 TSX
20150824 20150915 0.00064833 8.6127e-10 TSX
20150827 20170902 0.00016603 2.9745e-10 TSX
20150915 20160216 4.3656e-06 5.6817e-10 TSX
20151021 20160904 6.7468e-05 4.1199e-10 TSX
20151101 20171016 0.00021281 2.9889e-10 TSX
20151112 20160425 4.4686e-05 5.3609e-10 TSX
20151115 20151229 0.0002005 7.7306e-10 TSX
20151123 20171221 0.00016416 2.947e-10 TSX
20151204 20151215 0.00017167 9.7746e-10 TSX
20151207 20160406 -1.4042e-05 6.0215e-10 TSX
20151215 20170822 0.00016423 3.1329e-10 TSX
20151226 20161223 0.00012484 3.9336e-10 TSX
20151229 20160211 2.1385e-05 7.7306e-10 TSX
20160106 20161223 0.00014404 3.983e-10 TSX
20160117 20160926 8.9974e-05 4.529e-10 TSX
20160128 20160301 -0.00023329 8.0621e-10 TSX
20160208 20160312 -5.5268e-05 8.0621e-10 TSX
20160216 20160309 -0.00040238 8.6126e-10 TSX
20160219 20180319 0.00017452 2.9571e-10 TSX
20160301 20161201 0.00018148 4.3849e-10 TSX
20160304 20160326 8.6697e-05 8.4823e-10 TSX
20160312 20180319 0.00014126 2.9881e-10 TSX
20160320 20160411 0.00047874 8.6127e-10 TSX
20160323 20171118 0.0001953 3.1894e-10 TSX
20160326 20160406 -0.00049684 9.6717e-10 TSX
20160403 20171027 0.00018648 3.2298e-10 TSX
20160425 20170811 0.00017372 3.4684e-10 TSX
20160528 20160630 1.5514e-05 8.0621e-10 TSX
20160630 20171118 0.00016574 3.3803e-10 TSX
20160722 20161201 0.00015592 5.8132e-10 TSX
20160904 20180707 0.00013621 3.2259e-10 TSX
20160915 20180911 0.00013671 3.0094e-10 TSX
20160926 20170114 3.6345e-05 6.1797e-10 TSX
20161201 20171027 9.3631e-05 4.0712e-10 TSX
20161223 20171107 0.00010981 4.0894e-10 TSX
20170114 20170902 0.0001197 4.6863e-10 TSX
20170811 20171005 -9.3334e-05 7.4116e-10 TSX
20170822 20180707 3.026e-05 4.1402e-10 TSX
20170913 20180707 -4.0674e-05 4.2498e-10 TSX
20170924 20180319 -3.5883e-05 5.2322e-10 TSX
20171005 20171107 2.7008e-05 8.0621e-10 TSX
20171016 20180319 -4.222e-05 5.5007e-10 TSX
20171027 20180911 2.8463e-05 4.1389e-10 TSX
20171107 20171118 7.0389e-05 9.7746e-10 TSX
20171118 20171129 5.2168e-05 9.7746e-10 TSX
20171129 20171221 -2.081e-05 8.5029e-10 TSX
20171210 20180820 7.5685e-06 4.5343e-10 TSX
20171221 20180911 -5.9618e-06 4.457e-10 TSX
20180112 20181003 6.11e-05 4.4571e-10 TSX
20180319 20180707 -6.9161e-05 6.1798e-10 TSX
20180707 20180911 0.00019707 7.1241e-10 TSX
20180729 20181003 8.9412e-05 7.1241e-10 TSX
20180820 20181003 0.00022178 7.7213e-10 TSX
20180911 20181003 -0.00010215 8.5029e-10 TSX
