20030427 20030914 -0.0011022 5.7002e-10 ERS2
20030914 20080629 -2.1737e-05 2.7463e-10 ERS2
20050918 20090510 -9.3711e-06 3.0031e-10 ERS2
20051127 20081116 2.1865e-06 3.0867e-10 ERS2
20060903 20090510 3.9223e-05 3.122e-10 ERS2
20061231 20090105 -6.0087e-05 3.1479e-10 ALOS
20070402 20070703 -0.000287 6.7146e-10 ALOS
20070518 20091008 -7.4328e-05 3.0087e-10 ALOS
20070818 20071003 -0.00037564 7.8267e-10 ALOS
20071217 20100509 -8.8851e-05 3.0181e-10 ALOS
20080103 20100526 -4.8753e-06 2.9947e-10 ALOS
20080404 20080520 -2.0003e-05 7.8268e-10 ALOS
20080618 20090921 -6.4576e-05 3.7313e-10 ALOS
20080629 20090510 -0.00014812 4.1226e-10 ERS2
20080705 20091008 4.4857e-05 3.6529e-10 ALOS
20080803 20090823 -1.8452e-05 3.8387e-10 ERS2
20081116 20090823 -0.00010226 4.3214e-10 ERS2
20081219 20090921 0.00038987 4.4678e-10 ALOS
20090105 20090708 0.00010886 5.2929e-10 ALOS
20090510 20091101 -0.00020349 5.2179e-10 ERS2
20090708 20091008 0.00085344 6.7146e-10 ALOS
20090823 20091101 2.1646e-05 7.0428e-10 ERS2
20091222 20100624 9.2342e-05 5.2678e-10 ALOS
20100108 20100223 9.6597e-05 7.8294e-10 ALOS
20100223 20100526 6.1066e-05 6.7146e-10 ALOS
20100410 20100711 -0.00010659 6.7132e-10 ALOS
20100509 20100624 0.00059562 7.8054e-10 ALOS
20100526 20100711 0.00045867 7.8269e-10 ALOS
20100624 20101109 6.0948e-05 5.8652e-10 ALOS
20100711 20101011 0.00011297 6.715e-10 ALOS
20100809 20101109 -0.00020721 6.6862e-10 ALOS
20101011 20101126 0.00026177 7.8269e-10 ALOS
20110111 20110226 0.00068759 7.8267e-10 ALOS
20110924 20130715 2.3185e-05 3.2425e-10 TSX
20111005 20121229 -2.2227e-05 3.6913e-10 TSX
20111121 20171221 2.5931e-05 2.6363e-10 TSX
20111221 20130131 -1.7885e-05 3.8568e-10 TSX
20111224 20121027 2.3441e-08 4.1941e-10 TSX
20120126 20140419 -1.2387e-05 2.9262e-10 TSX
20120203 20160320 -1.9113e-05 2.4881e-10 TSX
20120206 20171107 1.2589e-05 2.5943e-10 TSX
20120617 20171129 2.0565e-05 2.7049e-10 TSX
20120723 20160120 1.8464e-05 2.6431e-10 TSX
20121024 20130109 0.00010014 7.0815e-10 TSX
20121027 20151226 1.4824e-07 2.7381e-10 TSX
20121030 20130311 1.3472e-06 5.8711e-10 TSX
20121107 20171118 2.6416e-06 2.6122e-10 TSX
20121221 20160208 -1.0953e-06 2.7273e-10 TSX
20121224 20130516 -5.5396e-05 5.7058e-10 TSX
20121229 20130407 8.7478e-06 6.6101e-10 TSX
20130104 20130217 7.1575e-06 7.8006e-10 TSX
20130109 20130715 3.8487e-05 5.2981e-10 TSX
20130112 20140511 -1.6397e-05 3.5451e-10 TSX
20130115 20130721 -0.00018675 5.1493e-10 TSX
20130126 20130823 -8.9012e-05 4.9184e-10 TSX
20130131 20130429 -4.2464e-05 6.8372e-10 TSX
20130203 20130729 -3.9667e-05 5.2398e-10 TSX
20130211 20130919 2.1898e-05 4.9666e-10 TSX
20130228 20141209 1.5143e-05 3.1213e-10 TSX
20130311 20130801 -6.0651e-05 5.7049e-10 TSX
20130316 20130623 3.2899e-05 6.6102e-10 TSX
20130402 20150122 -4.9853e-06 2.9165e-10 TSX
20130407 20140530 -2.5353e-05 3.8105e-10 TSX
20130421 20171016 1.2589e-05 2.689e-10 TSX
20130424 20130721 -0.0002454 6.6887e-10 TSX
20130429 20130623 -1.2099e-05 7.6178e-10 TSX
20130505 20131028 -0.00045455 5.2696e-10 TSX
20130513 20151112 2.6593e-06 2.8398e-10 TSX
20130516 20131017 -0.00011854 5.546e-10 TSX
20130521 20130715 0.00029923 7.6181e-10 TSX
20130524 20171129 8.897e-06 2.7033e-10 TSX
20130527 20140627 -7.1054e-06 3.8377e-10 TSX
20130601 20130930 0.00024536 6.2043e-10 TSX
20130604 20141217 4.2002e-06 3.3848e-10 TSX
20130607 20140719 1.4692e-05 3.8105e-10 TSX
20130612 20150105 -1.2952e-05 3.3901e-10 TSX
20130615 20160106 2.9276e-05 2.7816e-10 TSX
20130618 20140708 3.115e-05 3.8828e-10 TSX
20130623 20130715 0.00063654 8.6798e-10 TSX
20130629 20130914 0.00021318 6.9388e-10 TSX
20130707 20150130 -3.1603e-06 3.3845e-10 TSX
20130710 20140901 -1.5402e-05 3.7715e-10 TSX
20130715 20130726 -0.0024188 1.0161e-09 TSX
20130721 20131108 0.00071194 6.2446e-10 TSX
20130726 20150517 -2.0609e-05 3.2258e-10 TSX
20130729 20160904 -3.0202e-07 2.7043e-10 TSX
20130801 20151115 -8.5486e-06 2.8839e-10 TSX
20130817 20140209 -0.00017509 5.423e-10 TSX
20130828 20150312 6.878e-07 3.408e-10 TSX
20130903 20150329 -0.00010908 3.1154e-10 TSX
20130919 20160309 -2.6239e-05 2.7292e-10 TSX
20130925 20140708 -4.2292e-05 4.3183e-10 TSX
20130930 20160411 -7.6081e-05 2.7074e-10 TSX
20131011 20150802 -4.8463e-05 3.2115e-10 TSX
20131017 20140719 -1.338e-05 4.3934e-10 TSX
20131028 20160304 -4.7995e-05 2.6732e-10 TSX
20131102 20140519 -4.6428e-05 5.1809e-10 TSX
20131108 20140708 -5.062e-05 4.6337e-10 TSX
20140209 20160309 4.9936e-05 3.054e-10 TSX
20140223 20140829 3.046e-05 5.1176e-10 TSX
20140408 20140705 -4.5224e-05 6.6629e-10 TSX
20140419 20170913 1.2872e-05 2.7354e-10 TSX
20140511 20141228 -1.042e-05 4.7032e-10 TSX
20140519 20150824 -1.4721e-05 3.6473e-10 TSX
20140624 20171005 -7.1022e-06 2.7214e-10 TSX
20140627 20151115 -6.6119e-05 3.3978e-10 TSX
20140705 20180911 1.2248e-05 2.5624e-10 TSX
20140708 20160406 2.16e-05 3.1203e-10 TSX
20140716 20171005 5.0694e-06 2.6855e-10 TSX
20140719 20151207 -4.4989e-05 3.4004e-10 TSX
20140727 20150326 -3.3178e-05 4.6173e-10 TSX
20140810 20150122 -8.8895e-06 5.4053e-10 TSX
20140818 20160301 -1.4367e-05 3.2518e-10 TSX
20140829 20160208 -3.0858e-06 3.3166e-10 TSX
20140901 20140912 -0.000272 9.724e-10 TSX
20140912 20141209 -7.1014e-05 6.6887e-10 TSX
20140920 20170902 6.4688e-06 2.8009e-10 TSX
20141209 20160211 -6.5654e-05 3.64e-10 TSX
20141217 20160722 -1.6536e-05 3.185e-10 TSX
20141228 20160106 1.3056e-06 3.8217e-10 TSX
20141231 20151024 9.4875e-06 4.2562e-10 TSX
20150105 20150824 -4.4698e-05 4.8669e-10 TSX
20150108 20170811 7.0207e-06 2.8239e-10 TSX
20150119 20160117 1.2736e-05 3.8722e-10 TSX
20150127 20160411 -4.1384e-05 3.7139e-10 TSX
20150130 20151112 -1.0383e-05 4.2867e-10 TSX
20150210 20170114 1.1701e-05 2.9873e-10 TSX
20150213 20160326 5.1233e-05 3.6951e-10 TSX
20150218 20160216 -3.2773e-05 4.0303e-10 TSX
20150221 20180112 5.1793e-05 2.7464e-10 TSX
20150304 20180911 1.5543e-05 2.7146e-10 TSX
20150307 20160211 -4.4326e-06 4.0109e-10 TSX
20150312 20160320 -0.0001202 3.9795e-10 TSX
20150326 20150827 2.7961e-05 5.5113e-10 TSX
20150329 20151207 -5.5079e-05 4.554e-10 TSX
20150428 20160425 -1.1577e-05 3.8705e-10 TSX
20150509 20150827 2.9863e-05 6.2132e-10 TSX
20150517 20150824 -2.3907e-05 6.61e-10 TSX
20150520 20180911 -2.1004e-05 2.6959e-10 TSX
20150714 20170822 2.1713e-05 3.0083e-10 TSX
20150725 20170924 -2.4824e-05 2.9401e-10 TSX
20150802 20160309 -9.235e-05 4.9668e-10 TSX
20150805 20160403 -4.1443e-05 4.6137e-10 TSX
20150816 20171107 -2.2709e-06 2.8955e-10 TSX
20150824 20150915 0.00061808 8.6786e-10 TSX
20150827 20170902 -8.3385e-06 3.0353e-10 TSX
20150915 20160216 -0.00010897 5.7013e-10 TSX
20151021 20160904 -0.00012061 4.1255e-10 TSX
20151101 20171016 -1.5034e-05 3.0219e-10 TSX
20151112 20160425 -3.4979e-05 5.372e-10 TSX
20151115 20151229 0.00017318 7.8005e-10 TSX
20151123 20171221 -1.1314e-05 2.9991e-10 TSX
20151204 20151215 0.00016597 9.828e-10 TSX
20151207 20160406 -9.7301e-05 6.0505e-10 TSX
20151215 20170822 2.0703e-05 3.1684e-10 TSX
20151226 20161223 3.4126e-07 3.9378e-10 TSX
20151229 20160211 3.7038e-05 7.8005e-10 TSX
20160106 20161223 -1.2892e-05 3.9835e-10 TSX
20160117 20160926 -3.4936e-05 4.5319e-10 TSX
20160128 20160301 -0.0002058 8.1334e-10 TSX
20160208 20160312 -7.3776e-05 8.1334e-10 TSX
20160216 20160309 -0.00037771 8.6786e-10 TSX
20160219 20180319 2.0602e-05 2.9674e-10 TSX
20160301 20161201 8.3194e-06 4.387e-10 TSX
20160304 20160326 3.0667e-05 8.5421e-10 TSX
20160312 20180319 2.1296e-05 2.9824e-10 TSX
20160320 20160411 0.000428 8.6787e-10 TSX
20160323 20171118 1.5062e-05 3.1829e-10 TSX
20160326 20160406 -0.00050134 9.7233e-10 TSX
20160403 20171027 1.7447e-05 3.2875e-10 TSX
20160425 20170811 1.9704e-05 3.5068e-10 TSX
20160528 20160630 4.0819e-05 8.1334e-10 TSX
20160630 20171118 1.2572e-05 3.3914e-10 TSX
20160722 20161201 3.5116e-05 5.8357e-10 TSX
20160904 20180707 3.6785e-05 3.2391e-10 TSX
20160915 20180911 -1.6206e-05 3.0108e-10 TSX
20160926 20170114 6.1053e-06 6.2141e-10 TSX
20161201 20171027 -8.4013e-06 4.0756e-10 TSX
20161223 20171107 -1.3244e-05 4.0902e-10 TSX
20170114 20170902 -1.8052e-05 4.6913e-10 TSX
20170811 20171005 -7.6259e-05 7.4843e-10 TSX
20170822 20180707 -3.5956e-05 4.1363e-10 TSX
20170913 20180707 -3.3189e-05 4.2504e-10 TSX
20170924 20180319 3.3121e-05 5.2405e-10 TSX
20171005 20171107 9.5732e-06 8.1334e-10 TSX
20171016 20180319 3.7189e-05 5.5149e-10 TSX
20171027 20180911 -5.2455e-05 4.1381e-10 TSX
20171107 20171118 7.8988e-05 9.828e-10 TSX
20171118 20171129 5.3263e-05 9.828e-10 TSX
20171129 20171221 7.8162e-06 8.5658e-10 TSX
20171210 20180820 -3.5112e-05 4.536e-10 TSX
20171221 20180911 -8.9562e-05 4.4596e-10 TSX
20180112 20181003 -3.6052e-05 4.4575e-10 TSX
20180319 20180707 -5.4232e-05 6.2142e-10 TSX
20180707 20180911 4.775e-05 7.1909e-10 TSX
20180729 20181003 2.0835e-05 7.1909e-10 TSX
20180820 20181003 0.00015046 7.7961e-10 TSX
20180911 20181003 -0.00013775 8.5658e-10 TSX
