20030427 20030914 5.1964e-05 5.6699e-10 ERS2
20030914 20080629 -6.321e-05 2.8274e-10 ERS2
20050918 20090510 -1.843e-05 3.061e-10 ERS2
20051127 20081116 0.00011146 3.0813e-10 ERS2
20060903 20090510 -0.00016777 3.1849e-10 ERS2
20061231 20090105 -2.3367e-05 3.4943e-10 ALOS
20070402 20070703 -7.9238e-05 6.6777e-10 ALOS
20070518 20091008 -0.00035974 3.582e-10 ALOS
20070818 20071003 -0.0002268 7.7776e-10 ALOS
20071217 20100509 -0.00069908 3.2974e-10 ALOS
20080103 20100526 0.00036555 3.33e-10 ALOS
20080404 20080520 -0.00019379 7.7806e-10 ALOS
20080618 20090921 -0.00013 3.724e-10 ALOS
20080629 20090510 -8.1736e-05 4.1802e-10 ERS2
20080705 20091008 0.00098225 3.6534e-10 ALOS
20080803 20090823 -4.2505e-05 3.8475e-10 ERS2
20081116 20090823 6.2696e-05 4.3328e-10 ERS2
20081219 20090921 -2.2277e-05 4.4804e-10 ALOS
20090105 20090708 -0.00050777 5.3378e-10 ALOS
20090510 20091101 0.00016951 5.2067e-10 ERS2
20090708 20091008 0.00019647 6.6695e-10 ALOS
20090823 20091101 0.00025986 6.9891e-10 ERS2
20091222 20100624 0.00041719 5.296e-10 ALOS
20100108 20100223 0.00032588 7.8044e-10 ALOS
20100223 20100526 -8.5174e-05 6.68e-10 ALOS
20100410 20100711 -2.8952e-05 6.6805e-10 ALOS
20100509 20100624 0.00058915 7.7549e-10 ALOS
20100526 20100711 0.00033465 7.7773e-10 ALOS
20100624 20101109 -3.2121e-05 5.8438e-10 ALOS
20100711 20101011 -0.00010329 6.6735e-10 ALOS
20100809 20101109 3.7845e-05 6.6448e-10 ALOS
20101011 20101126 0.00027198 7.7774e-10 ALOS
20110111 20110226 0.00045261 7.7773e-10 ALOS
20110924 20130715 -3.9058e-06 4.2041e-10 TSX
20111005 20121229 1.5288e-05 4.2316e-10 TSX
20111121 20171221 -1.7008e-05 3.1131e-10 TSX
20111221 20130131 1.0422e-06 3.9609e-10 TSX
20111224 20121027 1.2014e-06 4.2e-10 TSX
20120126 20140419 1.2996e-05 3.8874e-10 TSX
20120203 20160320 2.7858e-05 3.6834e-10 TSX
20120206 20171107 -1.184e-06 5.002e-10 TSX
20120617 20171129 -9.0351e-06 3.2054e-10 TSX
20120723 20160120 -8.9879e-07 3.6595e-10 TSX
20121024 20130109 2.1967e-06 7.0353e-10 TSX
20121027 20151226 2.9253e-05 4.187e-10 TSX
20121030 20130311 1.0099e-05 5.8489e-10 TSX
20121107 20171118 4.801e-05 3.7781e-10 TSX
20121221 20160208 -1.5557e-05 4.2763e-10 TSX
20121224 20130516 4.7925e-05 5.6867e-10 TSX
20121229 20130407 4.1096e-05 6.5737e-10 TSX
20130104 20130217 -1.4134e-05 7.7485e-10 TSX
20130109 20130715 0.00015807 5.504e-10 TSX
20130112 20140511 -3.5178e-05 4.1251e-10 TSX
20130115 20130721 -9.6525e-05 5.2593e-10 TSX
20130126 20130823 4.9014e-05 5.1257e-10 TSX
20130131 20130429 -1.0948e-05 6.7938e-10 TSX
20130203 20130729 -1.7134e-05 5.2787e-10 TSX
20130211 20130919 5.7157e-06 5.1202e-10 TSX
20130228 20141209 -7.2345e-06 4.2524e-10 TSX
20130311 20130801 -6.5686e-05 5.8317e-10 TSX
20130316 20130623 -4.7562e-05 6.5893e-10 TSX
20130402 20150122 -2.6649e-05 3.6414e-10 TSX
20130407 20140530 -5.2956e-05 4.1171e-10 TSX
20130421 20171016 2.2612e-05 4.3312e-10 TSX
20130424 20130721 -0.00019545 6.6792e-10 TSX
20130429 20130623 -8.97e-05 7.5696e-10 TSX
20130505 20131028 -0.00046041 5.88e-10 TSX
20130513 20151112 6.1019e-05 3.734e-10 TSX
20130516 20131017 4.2816e-05 5.9683e-10 TSX
20130521 20130715 8.2981e-05 7.5735e-10 TSX
20130524 20171129 7.2152e-06 4.8103e-10 TSX
20130527 20140627 -8.3163e-05 4.3258e-10 TSX
20130601 20130930 -4.4936e-05 6.188e-10 TSX
20130604 20141217 1.3121e-05 4.1626e-10 TSX
20130607 20140719 -4.134e-05 4.2082e-10 TSX
20130612 20150105 -3.2674e-07 4.3134e-10 TSX
20130615 20160106 3.2877e-05 4.2805e-10 TSX
20130618 20140708 -6.1059e-05 4.0289e-10 TSX
20130623 20130715 0.00059643 8.6531e-10 TSX
20130629 20130914 3.3172e-05 7.0337e-10 TSX
20130707 20150130 -1.4965e-05 4.0843e-10 TSX
20130710 20140901 9.9884e-07 4.3021e-10 TSX
20130715 20130726 -0.0023585 1.0146e-09 TSX
20130721 20131108 0.00057217 6.4312e-10 TSX
20130726 20150517 -1.8978e-05 3.7908e-10 TSX
20130729 20160904 2.689e-05 4.1711e-10 TSX
20130801 20151115 3.0901e-05 4.1169e-10 TSX
20130817 20140209 7.2014e-06 5.4526e-10 TSX
20130828 20150312 3.8867e-05 3.8106e-10 TSX
20130903 20150329 -2.3465e-05 3.7078e-10 TSX
20130919 20160309 -3.068e-05 4.3984e-10 TSX
20130925 20140708 0.00010512 4.5905e-10 TSX
20130930 20160411 -1.7117e-05 4.1196e-10 TSX
20131011 20150802 1.9782e-05 3.9765e-10 TSX
20131017 20140719 4.3356e-05 4.4793e-10 TSX
20131028 20160304 -8.9334e-05 3.0173e-10 TSX
20131102 20140519 2.6971e-05 5.2006e-10 TSX
20131108 20140708 0.0001004 4.9284e-10 TSX
20140209 20160309 -4.0546e-05 3.8658e-10 TSX
20140223 20140829 2.5602e-05 5.2178e-10 TSX
20140408 20140705 4.8115e-06 6.6155e-10 TSX
20140419 20170913 0.00010327 4.1626e-10 TSX
20140511 20141228 3.1356e-05 5.0929e-10 TSX
20140519 20150824 8.0403e-05 4.0818e-10 TSX
20140624 20171005 1.9179e-05 4.7197e-10 TSX
20140627 20151115 0.00018896 3.8148e-10 TSX
20140705 20180911 -9.9489e-06 4.4199e-10 TSX
20140708 20160406 0.00012745 4.0495e-10 TSX
20140716 20171005 3.9462e-06 4.6188e-10 TSX
20140719 20151207 4.1163e-05 4.7044e-10 TSX
20140727 20150326 -6.3651e-05 4.7867e-10 TSX
20140810 20150122 0.00015578 5.5659e-10 TSX
20140818 20160301 2.2235e-05 4.9072e-10 TSX
20140829 20160208 1.8869e-05 3.9258e-10 TSX
20140901 20140912 -0.00027292 9.7019e-10 TSX
20140912 20141209 4.6763e-05 6.6478e-10 TSX
20140920 20170902 -5.2958e-06 4.6524e-10 TSX
20141209 20160211 -2.9879e-05 4.6938e-10 TSX
20141217 20160722 -1.7234e-05 4.184e-10 TSX
20141228 20160106 6.0376e-05 4.741e-10 TSX
20141231 20151024 -3.1738e-05 4.5702e-10 TSX
20150105 20150824 2.8045e-05 5.0074e-10 TSX
20150108 20170811 -7.1844e-06 4.141e-10 TSX
20150119 20160117 4.9848e-05 5.1059e-10 TSX
20150127 20160411 8.5653e-05 4.6035e-10 TSX
20150130 20151112 0.000133 4.7512e-10 TSX
20150210 20170114 -1.5901e-06 4.4444e-10 TSX
20150213 20160326 -2.1601e-05 4.1521e-10 TSX
20150218 20160216 -3.2894e-05 4.7541e-10 TSX
20150221 20180112 6.0433e-05 3.6646e-10 TSX
20150304 20180911 -5.3006e-05 4.7113e-10 TSX
20150307 20160211 -7.2405e-05 4.4365e-10 TSX
20150312 20160320 5.5953e-07 4.2215e-10 TSX
20150326 20150827 -3.5334e-05 5.6836e-10 TSX
20150329 20151207 -9.9779e-06 5.1833e-10 TSX
20150428 20160425 -6.6878e-05 4.6051e-10 TSX
20150509 20150827 -1.3177e-05 6.4367e-10 TSX
20150517 20150824 -0.00033346 6.6171e-10 TSX
20150520 20180911 1.595e-05 4.4626e-10 TSX
20150714 20170822 -2.1931e-05 4.0208e-10 TSX
20150725 20170924 -3.5083e-05 4.0328e-10 TSX
20150802 20160309 5.5124e-05 5.07e-10 TSX
20150805 20160403 4.9428e-05 5.042e-10 TSX
20150816 20171107 2.5495e-05 4.4446e-10 TSX
20150824 20150915 0.00060978 8.6522e-10 TSX
20150827 20170902 -1.0148e-07 4.3093e-10 TSX
20150915 20160216 -0.00013952 5.7245e-10 TSX
20151021 20160904 -7.7999e-05 4.7527e-10 TSX
20151101 20171016 -2.9646e-06 4.4255e-10 TSX
20151112 20160425 -9.6177e-06 5.4806e-10 TSX
20151115 20151229 6.9512e-05 7.7485e-10 TSX
20151123 20171221 -2.6721e-05 4.2144e-10 TSX
20151204 20151215 0.00016945 9.7948e-10 TSX
20151207 20160406 -3.3792e-05 6.0246e-10 TSX
20151215 20170822 6.0136e-06 4.1701e-10 TSX
20151226 20161223 9.5218e-06 4.0419e-10 TSX
20151229 20160211 1.62e-05 7.7485e-10 TSX
20160106 20161223 5.8913e-05 4.0804e-10 TSX
20160117 20160926 6.8997e-05 4.8242e-10 TSX
20160128 20160301 -0.00022842 8.076e-10 TSX
20160208 20160312 -9.5919e-05 8.076e-10 TSX
20160216 20160309 -0.00035347 8.6522e-10 TSX
20160219 20180319 1.5317e-05 4.775e-10 TSX
20160301 20161201 8.1701e-05 4.4208e-10 TSX
20160304 20160326 5.3306e-05 8.5089e-10 TSX
20160312 20180319 2.0127e-06 4.487e-10 TSX
20160320 20160411 0.0003518 8.6523e-10 TSX
20160323 20171118 3.2613e-05 4.3944e-10 TSX
20160326 20160406 -0.00051656 9.7011e-10 TSX
20160403 20171027 1.5329e-05 4.0946e-10 TSX
20160425 20170811 -2.356e-05 3.8356e-10 TSX
20160528 20160630 9.7987e-06 8.0761e-10 TSX
20160630 20171118 1.9585e-05 4.0766e-10 TSX
20160722 20161201 0.00010666 5.8355e-10 TSX
20160904 20180707 -1.7611e-05 4.0725e-10 TSX
20160915 20180911 2.7313e-05 4.4127e-10 TSX
20160926 20170114 7.1356e-05 6.2874e-10 TSX
20161201 20171027 -3.644e-05 4.6525e-10 TSX
20161223 20171107 -5.9158e-05 4.4671e-10 TSX
20170114 20170902 -2.3108e-05 4.8229e-10 TSX
20170811 20171005 -3.8198e-05 7.4191e-10 TSX
20170822 20180707 -8.8366e-05 4.1716e-10 TSX
20170913 20180707 -0.00016084 4.3073e-10 TSX
20170924 20180319 -4.6845e-05 5.2333e-10 TSX
20171005 20171107 8.4436e-05 8.0761e-10 TSX
20171016 20180319 -3.6799e-05 5.5023e-10 TSX
20171027 20180911 -3.7256e-05 4.1484e-10 TSX
20171107 20171118 6.9184e-05 9.7948e-10 TSX
20171118 20171129 5.8287e-05 9.7948e-10 TSX
20171129 20171221 -1.0482e-05 8.5204e-10 TSX
20171210 20180820 -0.00011922 4.5538e-10 TSX
20171221 20180911 -4.7069e-05 4.4862e-10 TSX
20180112 20181003 8.5286e-06 4.5747e-10 TSX
20180319 20180707 -0.00016656 6.1896e-10 TSX
20180707 20180911 0.00025801 7.1294e-10 TSX
20180729 20181003 1.6178e-05 7.1294e-10 TSX
20180820 20181003 0.00015741 7.7318e-10 TSX
20180911 20181003 -0.00019343 8.5204e-10 TSX
