20030427 20030914 0.0006189 5.6841e-10 ERS2
20030914 20080629 6.4123e-05 2.7191e-10 ERS2
20050918 20090510 4.0319e-05 3.0221e-10 ERS2
20051127 20081116 0.00011845 3.0322e-10 ERS2
20060903 20090510 -0.00012934 3.0665e-10 ERS2
20061231 20090105 -6.6928e-05 3.1379e-10 ALOS
20070402 20070703 5.3258e-05 6.6651e-10 ALOS
20070518 20091008 6.9433e-06 3.0817e-10 ALOS
20070818 20071003 -0.00020629 7.7601e-10 ALOS
20071217 20100509 -9.5672e-05 2.9842e-10 ALOS
20080103 20100526 -9.1487e-05 3.0112e-10 ALOS
20080404 20080520 6.9947e-05 7.761e-10 ALOS
20080618 20090921 -6.3886e-06 3.7273e-10 ALOS
20080629 20090510 -0.00044299 4.2084e-10 ERS2
20080705 20091008 9.0776e-06 3.6509e-10 ALOS
20080803 20090823 8.6982e-05 3.8307e-10 ERS2
20081116 20090823 7.7735e-05 4.3241e-10 ERS2
20081219 20090921 0.00022794 4.464e-10 ALOS
20090105 20090708 0.00010598 5.3057e-10 ALOS
20090510 20091101 9.6922e-06 5.207e-10 ERS2
20090708 20091008 5.1587e-05 6.666e-10 ALOS
20090823 20091101 -6.6838e-05 6.9857e-10 ERS2
20091222 20100624 -2.2429e-05 5.2668e-10 ALOS
20100108 20100223 1.6181e-05 7.7672e-10 ALOS
20100223 20100526 -8.4798e-05 6.6738e-10 ALOS
20100410 20100711 1.7014e-05 6.6672e-10 ALOS
20100509 20100624 0.00066935 7.7394e-10 ALOS
20100526 20100711 0.00043908 7.7602e-10 ALOS
20100624 20101109 7.6705e-05 5.841e-10 ALOS
20100711 20101011 -2.8356e-05 6.6656e-10 ALOS
20100809 20101109 1.3243e-05 6.6381e-10 ALOS
20101011 20101126 0.00012293 7.7602e-10 ALOS
20110111 20110226 0.00043861 7.7601e-10 ALOS
20110924 20130715 9.4963e-05 3.508e-10 TSX
20111005 20121229 3.4918e-05 3.8449e-10 TSX
20111121 20171221 -4.8996e-06 3.0652e-10 TSX
20111221 20130131 4.4568e-05 3.8837e-10 TSX
20111224 20121027 5.0275e-05 4.2127e-10 TSX
20120126 20140419 1.0079e-05 3.7166e-10 TSX
20120203 20160320 -7.523e-06 3.1985e-10 TSX
20120206 20171107 -2.2029e-05 3.3466e-10 TSX
20120617 20171129 3.9224e-05 3.5309e-10 TSX
20120723 20160120 -2.463e-05 3.2233e-10 TSX
20121024 20130109 0.00011122 7.0309e-10 TSX
20121027 20151226 -0.0001312 3.8062e-10 TSX
20121030 20130311 1.3599e-05 5.8489e-10 TSX
20121107 20171118 2.4596e-06 4.0166e-10 TSX
20121221 20160208 0.00011051 3.3918e-10 TSX
20121224 20130516 -9.1736e-05 5.6865e-10 TSX
20121229 20130407 -7.9261e-05 6.5651e-10 TSX
20130104 20130217 -6.8569e-05 7.7367e-10 TSX
20130109 20130715 0.00014494 5.5018e-10 TSX
20130112 20140511 9.5865e-06 3.9876e-10 TSX
20130115 20130721 -3.0594e-05 5.3896e-10 TSX
20130126 20130823 -0.00017733 5.0541e-10 TSX
20130131 20130429 -0.00010704 6.7835e-10 TSX
20130203 20130729 8.3586e-05 5.2988e-10 TSX
20130211 20130919 6.2822e-05 5.1331e-10 TSX
20130228 20141209 3.8203e-05 3.9894e-10 TSX
20130311 20130801 -6.7074e-06 5.8112e-10 TSX
20130316 20130623 -9.8102e-05 6.5972e-10 TSX
20130402 20150122 8.5076e-05 3.7757e-10 TSX
20130407 20140530 3.7588e-05 3.9445e-10 TSX
20130421 20171016 -3.6567e-05 3.6816e-10 TSX
20130424 20130721 -0.00035604 6.7399e-10 TSX
20130429 20130623 -7.8225e-05 7.5582e-10 TSX
20130505 20131028 -0.00016923 5.603e-10 TSX
20130513 20151112 9.8029e-05 3.6125e-10 TSX
20130516 20131017 -0.0001729 5.7506e-10 TSX
20130521 20130715 0.0001943 7.5692e-10 TSX
20130524 20171129 8.5199e-05 3.9854e-10 TSX
20130527 20140627 2.273e-05 4.1872e-10 TSX
20130601 20130930 0.00017293 6.2037e-10 TSX
20130604 20141217 0.00010107 3.7257e-10 TSX
20130607 20140719 5.8036e-05 4.0258e-10 TSX
20130612 20150105 3.8691e-05 3.6172e-10 TSX
20130615 20160106 0.00010331 3.2336e-10 TSX
20130618 20140708 2.339e-05 3.9341e-10 TSX
20130623 20130715 0.00071391 8.6344e-10 TSX
20130629 20130914 0.0001115 6.9155e-10 TSX
20130707 20150130 7.6515e-05 3.6236e-10 TSX
20130710 20140901 6.2255e-05 3.8396e-10 TSX
20130715 20130726 -0.0024875 1.0125e-09 TSX
20130721 20131108 0.00063957 6.3152e-10 TSX
20130726 20150517 0.00010318 3.4836e-10 TSX
20130729 20160904 -0.00011387 3.2526e-10 TSX
20130801 20151115 7.9663e-05 3.9479e-10 TSX
20130817 20140209 -0.00010393 5.4294e-10 TSX
20130828 20150312 9.9033e-05 3.6006e-10 TSX
20130903 20150329 -0.00020585 3.7162e-10 TSX
20130919 20160309 1.3061e-05 3.0344e-10 TSX
20130925 20140708 1.4733e-05 4.3784e-10 TSX
20130930 20160411 2.8192e-05 3.1994e-10 TSX
20131011 20150802 -2.7205e-05 3.6086e-10 TSX
20131017 20140719 2.1687e-05 4.4596e-10 TSX
20131028 20160304 -0.00014461 3.6095e-10 TSX
20131102 20140519 -1.387e-06 5.1891e-10 TSX
20131108 20140708 3.0078e-07 4.728e-10 TSX
20140209 20160309 1.873e-05 3.2663e-10 TSX
20140223 20140829 7.9793e-05 5.1212e-10 TSX
20140408 20140705 2.6718e-05 6.6134e-10 TSX
20140419 20170913 1.8463e-05 3.7005e-10 TSX
20140511 20141228 0.00010135 4.7529e-10 TSX
20140519 20150824 5.037e-05 3.747e-10 TSX
20140624 20171005 6.036e-05 4.2991e-10 TSX
20140627 20151115 -0.00027805 4.0353e-10 TSX
20140705 20180911 4.4462e-05 3.6582e-10 TSX
20140708 20160406 2.8966e-05 3.5507e-10 TSX
20140716 20171005 -3.1479e-05 3.835e-10 TSX
20140719 20151207 6.6892e-05 3.8072e-10 TSX
20140727 20150326 7.7857e-06 4.6317e-10 TSX
20140810 20150122 -6.1548e-05 5.3931e-10 TSX
20140818 20160301 2.9433e-05 3.4953e-10 TSX
20140829 20160208 8.8337e-05 3.6061e-10 TSX
20140901 20140912 -0.00029192 9.6865e-10 TSX
20140912 20141209 -1.1771e-05 6.6419e-10 TSX
20140920 20170902 2.9708e-05 3.4154e-10 TSX
20141209 20160211 -3.9381e-06 3.8192e-10 TSX
20141217 20160722 4.7097e-05 3.5204e-10 TSX
20141228 20160106 2.8382e-05 4.0739e-10 TSX
20141231 20151024 1.341e-06 4.3055e-10 TSX
20150105 20150824 -3.3787e-05 4.9212e-10 TSX
20150108 20170811 -0.0001163 3.407e-10 TSX
20150119 20160117 8.2097e-05 3.9844e-10 TSX
20150127 20160411 8.3026e-06 4.0199e-10 TSX
20150130 20151112 0.0001383 4.4528e-10 TSX
20150210 20170114 9.7225e-05 3.5726e-10 TSX
20150213 20160326 0.00014804 3.9117e-10 TSX
20150218 20160216 -2.1576e-05 4.1194e-10 TSX
20150221 20180112 -2.1303e-05 3.3421e-10 TSX
20150304 20180911 3.2849e-06 3.5921e-10 TSX
20150307 20160211 -1.9765e-05 4.1217e-10 TSX
20150312 20160320 -5.3968e-05 4.1372e-10 TSX
20150326 20150827 0.00010501 5.5714e-10 TSX
20150329 20151207 -6.4317e-05 4.5822e-10 TSX
20150428 20160425 7.2871e-05 4.127e-10 TSX
20150509 20150827 3.1675e-05 6.226e-10 TSX
20150517 20150824 -0.00012879 6.5844e-10 TSX
20150520 20180911 -4.7868e-06 3.9403e-10 TSX
20150714 20170822 0.00010598 3.6842e-10 TSX
20150725 20170924 0.00014842 4.0197e-10 TSX
20150802 20160309 -4.8319e-05 4.974e-10 TSX
20150805 20160403 2.9316e-05 4.6111e-10 TSX
20150816 20171107 0.00025254 3.4335e-10 TSX
20150824 20150915 0.00072645 8.6307e-10 TSX
20150827 20170902 -2.0555e-05 3.6188e-10 TSX
20150915 20160216 -0.00013538 5.6934e-10 TSX
20151021 20160904 -5.7075e-05 4.1639e-10 TSX
20151101 20171016 7.412e-05 3.5932e-10 TSX
20151112 20160425 -1.6711e-05 5.3664e-10 TSX
20151115 20151229 0.0001221 7.7367e-10 TSX
20151123 20171221 6.7447e-05 3.4668e-10 TSX
20151204 20151215 0.00016136 9.781e-10 TSX
20151207 20160406 -4.2061e-05 6.0223e-10 TSX
20151215 20170822 -4.2054e-05 3.8888e-10 TSX
20151226 20161223 9.0168e-05 3.9485e-10 TSX
20151229 20160211 6.4679e-07 7.7367e-10 TSX
20160106 20161223 0.0001083 3.9826e-10 TSX
20160117 20160926 9.0307e-05 4.5499e-10 TSX
20160128 20160301 -0.00023387 8.0661e-10 TSX
20160208 20160312 -7.9609e-05 8.0661e-10 TSX
20160216 20160309 -0.00041245 8.6307e-10 TSX
20160219 20180319 6.394e-05 3.3632e-10 TSX
20160301 20161201 0.00012564 4.3826e-10 TSX
20160304 20160326 0.00012746 8.4938e-10 TSX
20160312 20180319 8.8354e-05 3.405e-10 TSX
20160320 20160411 0.00036078 8.6308e-10 TSX
20160323 20171118 0.00011211 3.7476e-10 TSX
20160326 20160406 -0.00053928 9.6858e-10 TSX
20160403 20171027 0.00013347 3.6021e-10 TSX
20160425 20170811 1.6595e-05 3.9681e-10 TSX
20160528 20160630 -2.659e-05 8.0661e-10 TSX
20160630 20171118 0.00012376 3.8445e-10 TSX
20160722 20161201 0.00017306 5.8149e-10 TSX
20160904 20180707 0.00010983 3.7314e-10 TSX
20160915 20180911 6.8888e-05 3.6999e-10 TSX
20160926 20170114 9.0682e-05 6.2077e-10 TSX
20161201 20171027 6.1209e-05 4.2557e-10 TSX
20161223 20171107 2.2341e-05 4.2885e-10 TSX
20170114 20170902 1.7527e-05 4.7638e-10 TSX
20170811 20171005 -8.6592e-06 7.4136e-10 TSX
20170822 20180707 -6.2564e-06 4.1492e-10 TSX
20170913 20180707 -8.0881e-05 4.2709e-10 TSX
20170924 20180319 1.6487e-05 5.2405e-10 TSX
20171005 20171107 2.8656e-05 8.0661e-10 TSX
20171016 20180319 4.4156e-05 5.508e-10 TSX
20171027 20180911 2.2645e-05 4.1475e-10 TSX
20171107 20171118 7.8974e-05 9.7811e-10 TSX
20171118 20171129 5.4644e-05 9.7811e-10 TSX
20171129 20171221 -3.8044e-05 8.5082e-10 TSX
20171210 20180820 -1.7472e-05 4.5453e-10 TSX
20171221 20180911 5.2943e-05 4.4985e-10 TSX
20180112 20181003 0.00011522 4.5061e-10 TSX
20180319 20180707 -0.00015012 6.1808e-10 TSX
20180707 20180911 0.00019133 7.1254e-10 TSX
20180729 20181003 5.5672e-05 7.1254e-10 TSX
20180820 20181003 0.00020339 7.7241e-10 TSX
20180911 20181003 -0.00015206 8.5083e-10 TSX
