20030427 20030914 0.0007614 5.7019e-10 ERS2
20030914 20080629 -8.2959e-05 2.7062e-10 ERS2
20050918 20090510 7.1574e-05 3.0002e-10 ERS2
20051127 20081116 -0.0001157 3.0014e-10 ERS2
20060903 20090510 6.8043e-05 3.2162e-10 ERS2
20061231 20090105 1.0039e-05 3.5129e-10 ALOS
20070402 20070703 8.4265e-05 6.6642e-10 ALOS
20070518 20091008 1.9175e-05 3.1142e-10 ALOS
20070818 20071003 -0.0002886 7.7581e-10 ALOS
20071217 20100509 7.5e-05 3.133e-10 ALOS
20080103 20100526 6.1601e-05 3.0371e-10 ALOS
20080404 20080520 0.00013202 7.7584e-10 ALOS
20080618 20090921 -0.00014181 3.7338e-10 ALOS
20080629 20090510 -0.00036737 4.2213e-10 ERS2
20080705 20091008 -0.0001107 3.6507e-10 ALOS
20080803 20090823 -9.0952e-05 3.8306e-10 ERS2
20081116 20090823 0.00010013 4.3251e-10 ERS2
20081219 20090921 0.00020274 4.4873e-10 ALOS
20090105 20090708 0.00015813 5.3005e-10 ALOS
20090510 20091101 0.00048106 5.2154e-10 ERS2
20090708 20091008 0.00027734 6.6643e-10 ALOS
20090823 20091101 -0.00021444 6.9864e-10 ERS2
20091222 20100624 0.00041396 5.2448e-10 ALOS
20100108 20100223 0.00056201 7.7585e-10 ALOS
20100223 20100526 4.1617e-05 6.6661e-10 ALOS
20100410 20100711 -0.00010413 6.6674e-10 ALOS
20100509 20100624 0.00064892 7.7376e-10 ALOS
20100526 20100711 0.00034839 7.7585e-10 ALOS
20100624 20101109 3.9582e-06 5.8403e-10 ALOS
20100711 20101011 0.0002461 6.6637e-10 ALOS
20100809 20101109 -5.0822e-05 6.6364e-10 ALOS
20101011 20101126 5.1812e-05 7.7584e-10 ALOS
20110111 20110226 0.000487 7.758e-10 ALOS
20110924 20130715 -4.8687e-05 4.0192e-10 TSX
20111005 20121229 -0.00025876 4.8517e-10 TSX
20111121 20171221 7.8404e-05 4.5048e-10 TSX
20111221 20130131 -0.00010813 4.2896e-10 TSX
20111224 20121027 0.0001092 4.7443e-10 TSX
20120126 20140419 4.5888e-05 3.8473e-10 TSX
20120203 20160320 3.4139e-05 3.7397e-10 TSX
20120206 20171107 5.8781e-06 4.3348e-10 TSX
20120617 20171129 3.0523e-05 3.0988e-10 TSX
20120723 20160120 7.3374e-06 3.6497e-10 TSX
20121024 20130109 0.00014606 7.0661e-10 TSX
20121027 20151226 6.0324e-07 3.5433e-10 TSX
20121030 20130311 2.4094e-05 5.9901e-10 TSX
20121107 20171118 2.3458e-05 3.7645e-10 TSX
20121221 20160208 0.00013321 3.9567e-10 TSX
20121224 20130516 -8.5061e-05 5.6872e-10 TSX
20121229 20130407 -0.00010485 6.5711e-10 TSX
20130104 20130217 -1.6173e-05 7.738e-10 TSX
20130109 20130715 9.0196e-06 5.5911e-10 TSX
20130112 20140511 2.1464e-05 4.3029e-10 TSX
20130115 20130721 -8.2885e-05 5.3834e-10 TSX
20130126 20130823 -0.00047324 5.157e-10 TSX
20130131 20130429 -0.00015636 6.7834e-10 TSX
20130203 20130729 -5.8244e-05 5.4726e-10 TSX
20130211 20130919 -1.8868e-05 5.5386e-10 TSX
20130228 20141209 2.6643e-05 4.5472e-10 TSX
20130311 20130801 -0.00016568 5.8965e-10 TSX
20130316 20130623 -9.6724e-05 6.641e-10 TSX
20130402 20150122 0.0001393 4.2549e-10 TSX
20130407 20140530 -0.00010972 4.6947e-10 TSX
20130421 20171016 5.6968e-05 3.3695e-10 TSX
20130424 20130721 -0.00032092 6.7132e-10 TSX
20130429 20130623 -0.0001253 7.5685e-10 TSX
20130505 20131028 -0.0004282 5.6274e-10 TSX
20130513 20151112 7.3327e-06 3.5831e-10 TSX
20130516 20131017 -0.00033376 5.7828e-10 TSX
20130521 20130715 0.00025358 7.5704e-10 TSX
20130524 20171129 5.8741e-05 4.4081e-10 TSX
20130527 20140627 2.9623e-05 4.4738e-10 TSX
20130601 20130930 0.00029698 6.3436e-10 TSX
20130604 20141217 8.0271e-05 4.0537e-10 TSX
20130607 20140719 1.4867e-05 4.6853e-10 TSX
20130612 20150105 -2.7302e-05 4.5447e-10 TSX
20130615 20160106 -5.1707e-05 3.8377e-10 TSX
20130618 20140708 -5.3901e-05 5.4888e-10 TSX
20130623 20130715 0.00072842 8.6458e-10 TSX
20130629 20130914 9.6854e-05 6.9656e-10 TSX
20130707 20150130 7.7831e-05 4.5105e-10 TSX
20130710 20140901 -7.0682e-05 4.4151e-10 TSX
20130715 20130726 -0.0025508 1.0125e-09 TSX
20130721 20131108 0.00051651 6.3594e-10 TSX
20130726 20150517 5.14e-05 4.7043e-10 TSX
20130729 20160904 -7.0639e-05 3.6533e-10 TSX
20130801 20151115 -1.5511e-05 4.0898e-10 TSX
20130817 20140209 -0.00012952 5.7932e-10 TSX
20130828 20150312 1.4068e-05 3.7906e-10 TSX
20130903 20150329 -1.8816e-06 3.4616e-10 TSX
20130919 20160309 -0.00012844 3.7656e-10 TSX
20130925 20140708 0.00011904 4.7316e-10 TSX
20130930 20160411 -5.4607e-05 3.4511e-10 TSX
20131011 20150802 -7.7922e-05 3.6954e-10 TSX
20131017 20140719 -8.8395e-05 5.1848e-10 TSX
20131028 20160304 6.7623e-06 3.0484e-10 TSX
20131102 20140519 -0.00028815 5.3422e-10 TSX
20131108 20140708 -0.0002004 4.9268e-10 TSX
20140209 20160309 3.7311e-05 4.1828e-10 TSX
20140223 20140829 7.5834e-05 5.24e-10 TSX
20140408 20140705 2.8883e-05 6.6192e-10 TSX
20140419 20170913 8.127e-05 3.4616e-10 TSX
20140511 20141228 0.00012697 4.8174e-10 TSX
20140519 20150824 2.1985e-05 4.302e-10 TSX
20140624 20171005 0.00014728 4.1459e-10 TSX
20140627 20151115 7.9641e-05 3.5705e-10 TSX
20140705 20180911 8.5045e-05 3.5922e-10 TSX
20140708 20160406 9.1705e-05 3.9779e-10 TSX
20140716 20171005 6.2583e-05 4.3912e-10 TSX
20140719 20151207 7.543e-05 4.6775e-10 TSX
20140727 20150326 0.0001415 4.6753e-10 TSX
20140810 20150122 7.1943e-05 5.4372e-10 TSX
20140818 20160301 0.0001554 4.082e-10 TSX
20140829 20160208 0.00010787 4.3952e-10 TSX
20140901 20140912 -0.00030887 9.6876e-10 TSX
20140912 20141209 8.8561e-05 6.6489e-10 TSX
20140920 20170902 7.1978e-05 3.7402e-10 TSX
20141209 20160211 1.1835e-05 3.9994e-10 TSX
20141217 20160722 0.00013471 3.6794e-10 TSX
20141228 20160106 0.00024049 4.2396e-10 TSX
20141231 20151024 1.6294e-05 4.3786e-10 TSX
20150105 20150824 -5.2754e-05 5.3268e-10 TSX
20150108 20170811 5.9006e-05 3.8586e-10 TSX
20150119 20160117 0.00021539 4.2887e-10 TSX
20150127 20160411 -0.00016765 3.869e-10 TSX
20150130 20151112 0.00015495 4.6017e-10 TSX
20150210 20170114 0.00014148 3.4913e-10 TSX
20150213 20160326 3.2828e-06 4.024e-10 TSX
20150218 20160216 -3.1078e-05 4.7242e-10 TSX
20150221 20180112 -0.0002058 3.0654e-10 TSX
20150304 20180911 8.8869e-05 4.0003e-10 TSX
20150307 20160211 2.0133e-05 4.138e-10 TSX
20150312 20160320 -3.7237e-05 4.0432e-10 TSX
20150326 20150827 0.00019158 5.5693e-10 TSX
20150329 20151207 2.7171e-05 4.5833e-10 TSX
20150428 20160425 0.00013335 4.3966e-10 TSX
20150509 20150827 0.00016927 6.3135e-10 TSX
20150517 20150824 6.286e-05 6.5941e-10 TSX
20150520 20180911 5.1493e-05 3.7819e-10 TSX
20150714 20170822 9.4627e-05 4.2766e-10 TSX
20150725 20170924 3.4873e-05 3.8546e-10 TSX
20150802 20160309 -0.00011636 5.0159e-10 TSX
20150805 20160403 0.00014258 4.6605e-10 TSX
20150816 20171107 0.00017645 3.7003e-10 TSX
20150824 20150915 0.00072108 8.6306e-10 TSX
20150827 20170902 3.0496e-05 3.9806e-10 TSX
20150915 20160216 -6.7252e-05 5.7355e-10 TSX
20151021 20160904 -3.879e-06 4.4799e-10 TSX
20151101 20171016 0.00020958 4.0123e-10 TSX
20151112 20160425 9.8239e-05 5.3996e-10 TSX
20151115 20151229 8.451e-05 7.7356e-10 TSX
20151123 20171221 2.8551e-05 3.5877e-10 TSX
20151204 20151215 0.00016976 9.7834e-10 TSX
20151207 20160406 -0.00010277 6.0211e-10 TSX
20151215 20170822 0.00019298 3.691e-10 TSX
20151226 20161223 0.00014362 4.1255e-10 TSX
20151229 20160211 8.9693e-05 7.7356e-10 TSX
20160106 20161223 0.00012418 4.0327e-10 TSX
20160117 20160926 6.0602e-05 4.7205e-10 TSX
20160128 20160301 -0.00015716 8.0671e-10 TSX
20160208 20160312 -3.9914e-05 8.0671e-10 TSX
20160216 20160309 -0.00041638 8.6305e-10 TSX
20160219 20180319 7.6049e-05 4.468e-10 TSX
20160301 20161201 0.00016229 4.4489e-10 TSX
20160304 20160326 5.9407e-05 8.4942e-10 TSX
20160312 20180319 8.1318e-05 4.5437e-10 TSX
20160320 20160411 0.00035888 8.6306e-10 TSX
20160323 20171118 0.00010408 3.7553e-10 TSX
20160326 20160406 -0.00050937 9.6869e-10 TSX
20160403 20171027 0.00020905 3.6011e-10 TSX
20160425 20170811 0.00018449 4.164e-10 TSX
20160528 20160630 3.7215e-05 8.067e-10 TSX
20160630 20171118 4.2927e-05 4.2154e-10 TSX
20160722 20161201 0.00033934 5.8805e-10 TSX
20160904 20180707 7.5109e-05 4.2633e-10 TSX
20160915 20180911 7.5797e-05 4.2155e-10 TSX
20160926 20170114 0.00017737 6.2634e-10 TSX
20161201 20171027 6.05e-05 4.5331e-10 TSX
20161223 20171107 4.836e-05 4.495e-10 TSX
20170114 20170902 0.00011707 4.8676e-10 TSX
20170811 20171005 1.891e-05 7.4131e-10 TSX
20170822 20180707 -6.9647e-05 4.2699e-10 TSX
20170913 20180707 -0.00010535 4.3178e-10 TSX
20170924 20180319 0.0001033 5.2655e-10 TSX
20171005 20171107 4.3397e-05 8.0672e-10 TSX
20171016 20180319 0.00012239 5.53e-10 TSX
20171027 20180911 -5.5346e-05 4.2557e-10 TSX
20171107 20171118 8.5102e-05 9.7834e-10 TSX
20171118 20171129 6.286e-05 9.7834e-10 TSX
20171129 20171221 2.5868e-05 8.51e-10 TSX
20171210 20180820 -6.8629e-05 4.761e-10 TSX
20171221 20180911 -0.00011064 4.7076e-10 TSX
20180112 20181003 3.1636e-05 4.793e-10 TSX
20180319 20180707 -0.00023054 6.1909e-10 TSX
20180707 20180911 0.00030389 7.125e-10 TSX
20180729 20181003 0.00019971 7.1249e-10 TSX
20180820 20181003 0.00029496 7.7243e-10 TSX
20180911 20181003 -0.00014374 8.51e-10 TSX
