20030427 20030914 -0.00072529 5.6632e-10 ERS2
20030914 20080629 -6.8395e-05 2.7885e-10 ERS2
20050918 20090510 -3.322e-06 2.9806e-10 ERS2
20051127 20081116 0.00020851 3.0034e-10 ERS2
20060903 20090510 -0.00012021 3.0395e-10 ERS2
20061231 20090105 6.7841e-05 3.1779e-10 ALOS
20070402 20070703 -0.00022051 6.6832e-10 ALOS
20070518 20091008 -5.9542e-05 3.124e-10 ALOS
20070818 20071003 -0.00047479 7.7875e-10 ALOS
20071217 20100509 -9.2319e-05 3.1265e-10 ALOS
20080103 20100526 -0.00011063 2.9767e-10 ALOS
20080404 20080520 -0.00013399 7.7918e-10 ALOS
20080618 20090921 -8.0862e-05 3.7286e-10 ALOS
20080629 20090510 -0.00023888 4.1311e-10 ERS2
20080705 20091008 0.00014783 3.6859e-10 ALOS
20080803 20090823 -7.4389e-05 3.8305e-10 ERS2
20081116 20090823 1.899e-05 4.3204e-10 ERS2
20081219 20090921 0.00011104 4.4772e-10 ALOS
20090105 20090708 0.0001336 5.3598e-10 ALOS
20090510 20091101 1.8856e-05 5.2033e-10 ERS2
20090708 20091008 0.00043699 6.676e-10 ALOS
20090823 20091101 0.00021575 7.0074e-10 ERS2
20091222 20100624 0.00038014 5.2764e-10 ALOS
20100108 20100223 0.00018762 7.8003e-10 ALOS
20100223 20100526 1.2291e-05 6.6939e-10 ALOS
20100410 20100711 -0.00016644 6.6967e-10 ALOS
20100509 20100624 0.00058958 7.7664e-10 ALOS
20100526 20100711 0.00032471 7.7876e-10 ALOS
20100624 20101109 -6.4446e-05 5.8409e-10 ALOS
20100711 20101011 2.2454e-05 6.6732e-10 ALOS
20100809 20101109 2.4645e-05 6.6472e-10 ALOS
20101011 20101126 0.000215 7.7876e-10 ALOS
20110111 20110226 0.00058954 7.7877e-10 ALOS
20110924 20130715 1.1754e-05 3.2613e-10 TSX
20111005 20121229 3.4069e-05 3.7114e-10 TSX
20111121 20171221 -1.2138e-05 2.9357e-10 TSX
20111221 20130131 1.1107e-05 3.8565e-10 TSX
20111224 20121027 6.7499e-06 4.1953e-10 TSX
20120126 20140419 -2.4767e-05 2.9858e-10 TSX
20120203 20160320 2.9549e-05 2.6726e-10 TSX
20120206 20171107 -5.1455e-06 3.0333e-10 TSX
20120617 20171129 -1.2022e-05 2.8651e-10 TSX
20120723 20160120 2.4243e-05 3.1446e-10 TSX
20121024 20130109 0.00014884 7.0377e-10 TSX
20121027 20151226 -1.5614e-05 2.8407e-10 TSX
20121030 20130311 6.8958e-06 5.8487e-10 TSX
20121107 20171118 -1.3365e-05 2.8644e-10 TSX
20121221 20160208 4.3486e-06 3.1925e-10 TSX
20121224 20130516 -3.0385e-05 5.6861e-10 TSX
20121229 20130407 -4.3065e-05 6.5708e-10 TSX
20130104 20130217 -2.3822e-05 7.7638e-10 TSX
20130109 20130715 -2.6404e-05 5.318e-10 TSX
20130112 20140511 -1.9996e-06 3.5769e-10 TSX
20130115 20130721 -0.0001264 5.143e-10 TSX
20130126 20130823 -4.9215e-05 5.1779e-10 TSX
20130131 20130429 -4.3078e-05 6.7945e-10 TSX
20130203 20130729 -4.7961e-05 5.2313e-10 TSX
20130211 20130919 -2.9775e-05 4.9621e-10 TSX
20130228 20141209 -7.395e-08 3.3093e-10 TSX
20130311 20130801 -2.779e-05 5.6859e-10 TSX
20130316 20130623 5.264e-06 6.5709e-10 TSX
20130402 20150122 3.8429e-07 3.6588e-10 TSX
20130407 20140530 -4.3586e-05 3.8118e-10 TSX
20130421 20171016 1.1836e-05 3.09e-10 TSX
20130424 20130721 -0.00018632 6.6521e-10 TSX
20130429 20130623 -8.1309e-05 7.5743e-10 TSX
20130505 20131028 -0.00011448 5.6224e-10 TSX
20130513 20151112 3.5197e-06 2.9894e-10 TSX
20130516 20131017 3.0109e-05 5.81e-10 TSX
20130521 20130715 0.00017726 7.5743e-10 TSX
20130524 20171129 1.5729e-05 3.0142e-10 TSX
20130527 20140627 1.9585e-05 3.8378e-10 TSX
20130601 20130930 6.2262e-05 6.1732e-10 TSX
20130604 20141217 -8.5672e-06 3.439e-10 TSX
20130607 20140719 2.5652e-05 3.8011e-10 TSX
20130612 20150105 -4.3883e-06 3.4725e-10 TSX
20130615 20160106 8.3971e-06 2.9995e-10 TSX
20130618 20140708 6.2165e-06 3.8814e-10 TSX
20130623 20130715 0.00065716 8.6572e-10 TSX
20130629 20130914 0.00015591 7.113e-10 TSX
20130707 20150130 -2.8769e-05 3.4412e-10 TSX
20130710 20140901 -3.6948e-06 3.7761e-10 TSX
20130715 20130726 -0.0023694 1.0146e-09 TSX
20130721 20131108 0.00071527 6.4193e-10 TSX
20130726 20150517 -2.5534e-05 3.4318e-10 TSX
20130729 20160904 -4.7824e-06 3.0467e-10 TSX
20130801 20151115 2.5507e-05 3.1386e-10 TSX
20130817 20140209 -6.0047e-05 5.4078e-10 TSX
20130828 20150312 4.719e-05 3.503e-10 TSX
20130903 20150329 -0.00019979 4.3183e-10 TSX
20130919 20160309 -2.0854e-05 3.0175e-10 TSX
20130925 20140708 -0.00013048 4.735e-10 TSX
20130930 20160411 -2.0076e-10 3.3622e-10 TSX
20131011 20150802 2.0099e-05 3.2888e-10 TSX
20131017 20140719 -3.0895e-05 4.7536e-10 TSX
20131028 20160304 -1.1213e-05 3.2154e-10 TSX
20131102 20140519 -3.8678e-05 5.1696e-10 TSX
20131108 20140708 -0.00022434 5.984e-10 TSX
20140209 20160309 1.8989e-05 3.1879e-10 TSX
20140223 20140829 1.9869e-05 5.1107e-10 TSX
20140408 20140705 -4.4668e-05 6.6283e-10 TSX
20140419 20170913 5.025e-05 2.7825e-10 TSX
20140511 20141228 1.3923e-05 4.705e-10 TSX
20140519 20150824 -2.2548e-05 3.729e-10 TSX
20140624 20171005 8.8856e-08 3.0602e-10 TSX
20140627 20151115 -3.805e-05 3.6179e-10 TSX
20140705 20180911 -1.7669e-05 2.8624e-10 TSX
20140708 20160406 7.8604e-06 3.2762e-10 TSX
20140716 20171005 2.1762e-05 2.8895e-10 TSX
20140719 20151207 7.0894e-06 3.5402e-10 TSX
20140727 20150326 -2.4641e-05 4.6233e-10 TSX
20140810 20150122 -7.225e-05 5.5052e-10 TSX
20140818 20160301 2.0041e-05 3.3752e-10 TSX
20140829 20160208 1.9467e-05 3.4667e-10 TSX
20140901 20140912 -0.0002943 9.7092e-10 TSX
20140912 20141209 -6.8838e-06 6.6541e-10 TSX
20140920 20170902 2.0001e-05 2.8314e-10 TSX
20141209 20160211 -1.6098e-05 3.7422e-10 TSX
20141217 20160722 1.2986e-05 3.3619e-10 TSX
20141228 20160106 1.5603e-05 3.87e-10 TSX
20141231 20151024 -1.1825e-05 4.3018e-10 TSX
20150105 20150824 -4.4534e-05 4.8898e-10 TSX
20150108 20170811 1.0216e-05 2.9158e-10 TSX
20150119 20160117 3.6342e-05 3.8928e-10 TSX
20150127 20160411 -7.3466e-06 3.8352e-10 TSX
20150130 20151112 2.6976e-05 4.3224e-10 TSX
20150210 20170114 1.3045e-05 3.2911e-10 TSX
20150213 20160326 -0.0001549 4.4486e-10 TSX
20150218 20160216 -7.7372e-06 4.0485e-10 TSX
20150221 20180112 7.4267e-05 3.7257e-10 TSX
20150304 20180911 -1.217e-05 3.1446e-10 TSX
20150307 20160211 2.3219e-05 4.0464e-10 TSX
20150312 20160320 -4.4693e-05 4.0169e-10 TSX
20150326 20150827 5.3271e-05 5.5122e-10 TSX
20150329 20151207 5.0075e-07 4.5672e-10 TSX
20150428 20160425 5.3903e-05 3.965e-10 TSX
20150509 20150827 4.744e-05 6.2158e-10 TSX
20150517 20150824 -7.7659e-05 6.5944e-10 TSX
20150520 20180911 -1.8032e-05 2.9919e-10 TSX
20150714 20170822 3.0791e-05 3.1196e-10 TSX
20150725 20170924 5.2596e-06 3.1394e-10 TSX
20150802 20160309 -5.6792e-05 5.0084e-10 TSX
20150805 20160403 -1.8163e-05 4.692e-10 TSX
20150816 20171107 1.2057e-05 3.0271e-10 TSX
20150824 20150915 0.00066842 8.6562e-10 TSX
20150827 20170902 3.7092e-05 3.1421e-10 TSX
20150915 20160216 -5.218e-05 5.691e-10 TSX
20151021 20160904 -4.8894e-05 4.1859e-10 TSX
20151101 20171016 2.0099e-05 3.1661e-10 TSX
20151112 20160425 -1.2993e-05 5.367e-10 TSX
20151115 20151229 0.00020226 7.7638e-10 TSX
20151123 20171221 2.0289e-05 3.1014e-10 TSX
20151204 20151215 0.00016839 9.8116e-10 TSX
20151207 20160406 -0.00010268 6.0251e-10 TSX
20151215 20170822 5.5204e-05 3.3151e-10 TSX
20151226 20161223 1.8964e-05 3.9936e-10 TSX
20151229 20160211 -1.4142e-05 7.7638e-10 TSX
20160106 20161223 3.0634e-05 4.0277e-10 TSX
20160117 20160926 3.0552e-05 4.5519e-10 TSX
20160128 20160301 -0.0001648 8.1032e-10 TSX
20160208 20160312 -9.9017e-05 8.1032e-10 TSX
20160216 20160309 -0.00036363 8.6562e-10 TSX
20160219 20180319 6.5902e-06 3.1302e-10 TSX
20160301 20161201 7.9335e-05 4.3927e-10 TSX
20160304 20160326 2.5113e-05 8.52e-10 TSX
20160312 20180319 6.4383e-06 3.2114e-10 TSX
20160320 20160411 0.00037381 8.6563e-10 TSX
20160323 20171118 2.5559e-05 3.2648e-10 TSX
20160326 20160406 -0.00051076 9.7085e-10 TSX
20160403 20171027 3.7686e-05 3.4691e-10 TSX
20160425 20170811 5.3487e-05 3.5841e-10 TSX
20160528 20160630 -3.0832e-05 8.1032e-10 TSX
20160630 20171118 7.2063e-05 3.4483e-10 TSX
20160722 20161201 0.00018894 5.817e-10 TSX
20160904 20180707 1.5193e-05 3.2991e-10 TSX
20160915 20180911 -5.3546e-06 3.1406e-10 TSX
20160926 20170114 3.0342e-05 6.1894e-10 TSX
20161201 20171027 -1.0676e-05 4.1219e-10 TSX
20161223 20171107 1.9053e-05 4.1184e-10 TSX
20170114 20170902 3.1381e-05 4.7383e-10 TSX
20170811 20171005 -8.3239e-05 7.4451e-10 TSX
20170822 20180707 -8.2322e-05 4.1386e-10 TSX
20170913 20180707 -0.00011625 4.2802e-10 TSX
20170924 20180319 -6.4103e-05 5.2321e-10 TSX
20171005 20171107 4.4212e-05 8.1032e-10 TSX
20171016 20180319 -4.12e-05 5.5017e-10 TSX
20171027 20180911 -4.1479e-05 4.1387e-10 TSX
20171107 20171118 8.8769e-05 9.8116e-10 TSX
20171118 20171129 5.6812e-05 9.8116e-10 TSX
20171129 20171221 -3.6285e-05 8.5429e-10 TSX
20171210 20180820 -7.7604e-05 4.535e-10 TSX
20171221 20180911 -6.852e-05 4.4576e-10 TSX
20180112 20181003 1.8273e-05 4.4592e-10 TSX
20180319 20180707 -9.7511e-05 6.1874e-10 TSX
20180707 20180911 0.00025465 7.1514e-10 TSX
20180729 20181003 -1.0962e-05 7.1514e-10 TSX
20180820 20181003 0.00012096 7.76e-10 TSX
20180911 20181003 -0.00020651 8.543e-10 TSX
