20030427 20030914 0.00058821 5.661e-10 ERS2
20030914 20080629 -0.00012275 2.8585e-10 ERS2
20050918 20090510 1.1778e-05 3.024e-10 ERS2
20051127 20081116 0.00024969 3.0483e-10 ERS2
20060903 20090510 -6.6474e-05 3.1207e-10 ERS2
20061231 20090105 -2.0956e-05 3.1238e-10 ALOS
20070402 20070703 -0.00021366 6.6851e-10 ALOS
20070518 20091008 4.2113e-05 2.9744e-10 ALOS
20070818 20071003 -0.00051365 7.7935e-10 ALOS
20071217 20100509 4.7497e-07 2.9874e-10 ALOS
20080103 20100526 4.1306e-05 2.9734e-10 ALOS
20080404 20080520 7.5605e-05 7.7935e-10 ALOS
20080618 20090921 -4.4918e-05 3.7199e-10 ALOS
20080629 20090510 -0.0002156 4.1201e-10 ERS2
20080705 20091008 -0.00018797 3.6485e-10 ALOS
20080803 20090823 -1.9421e-05 3.8334e-10 ERS2
20081116 20090823 3.8256e-05 4.3222e-10 ERS2
20081219 20090921 -9.7817e-06 4.4619e-10 ALOS
20090105 20090708 5.2187e-05 5.2935e-10 ALOS
20090510 20091101 0.0010831 5.1974e-10 ERS2
20090708 20091008 8.5072e-05 6.6866e-10 ALOS
20090823 20091101 0.00012841 7.0204e-10 ERS2
20091222 20100624 6.32e-05 5.2807e-10 ALOS
20100108 20100223 -0.00015507 7.7956e-10 ALOS
20100223 20100526 2.5789e-05 6.6866e-10 ALOS
20100410 20100711 -0.00016964 6.6872e-10 ALOS
20100509 20100624 0.00078852 7.7708e-10 ALOS
20100526 20100711 0.00035645 7.7936e-10 ALOS
20100624 20101109 -0.00025963 5.8491e-10 ALOS
20100711 20101011 -0.00040604 6.686e-10 ALOS
20100809 20101109 -0.00020841 6.6559e-10 ALOS
20101011 20101126 0.00026856 7.7936e-10 ALOS
20110111 20110226 0.00060379 7.7935e-10 ALOS
20110924 20130715 5.6673e-05 3.2257e-10 TSX
20111005 20121229 -9.4721e-06 3.6859e-10 TSX
20111121 20171221 -1.2577e-05 2.5815e-10 TSX
20111221 20130131 6.1419e-05 3.8534e-10 TSX
20111224 20121027 -7.6561e-06 4.1978e-10 TSX
20120126 20140419 2.4095e-05 2.9165e-10 TSX
20120203 20160320 -1.6039e-05 2.5475e-10 TSX
20120206 20171107 4.1284e-07 2.5324e-10 TSX
20120617 20171129 -3.5364e-06 2.669e-10 TSX
20120723 20160120 2.4235e-05 2.6164e-10 TSX
20121024 20130109 0.00018994 7.0494e-10 TSX
20121027 20151226 -2.3588e-06 2.6765e-10 TSX
20121030 20130311 2.1816e-05 5.8516e-10 TSX
20121107 20171118 1.0756e-06 2.6529e-10 TSX
20121221 20160208 -1.7887e-05 2.6831e-10 TSX
20121224 20130516 -7.5197e-05 5.6889e-10 TSX
20121229 20130407 3.4615e-05 6.5857e-10 TSX
20130104 20130217 -3.2855e-05 7.764e-10 TSX
20130109 20130715 1.7365e-05 5.2929e-10 TSX
20130112 20140511 1.6025e-05 3.5554e-10 TSX
20130115 20130721 -0.00018665 5.1419e-10 TSX
20130126 20130823 -0.00018986 5.1532e-10 TSX
20130131 20130429 -7.6535e-05 6.809e-10 TSX
20130203 20130729 -3.9473e-05 5.2382e-10 TSX
20130211 20130919 -4.8245e-05 4.9643e-10 TSX
20130228 20141209 1.5902e-05 3.1229e-10 TSX
20130311 20130801 -8.2741e-05 5.6886e-10 TSX
20130316 20130623 3.6068e-05 6.5858e-10 TSX
20130402 20150122 2.4167e-05 3.2593e-10 TSX
20130407 20140530 -2.8454e-06 3.8076e-10 TSX
20130421 20171016 -1.0604e-05 2.7894e-10 TSX
20130424 20130721 -0.000309 6.6544e-10 TSX
20130429 20130623 -9.5793e-05 7.5844e-10 TSX
20130505 20131028 -0.00062942 5.5896e-10 TSX
20130513 20151112 -7.0649e-06 2.7862e-10 TSX
20130516 20131017 -0.00034915 5.7872e-10 TSX
20130521 20130715 0.00016325 7.5846e-10 TSX
20130524 20171129 -3.0483e-06 2.8493e-10 TSX
20130527 20140627 -1.4323e-05 3.8387e-10 TSX
20130601 20130930 1.9787e-05 6.1877e-10 TSX
20130604 20141217 -9.3018e-06 3.398e-10 TSX
20130607 20140719 2.0585e-06 3.7988e-10 TSX
20130612 20150105 1.335e-05 3.3808e-10 TSX
20130615 20160106 3.1577e-06 2.7651e-10 TSX
20130618 20140708 -3.464e-05 3.8811e-10 TSX
20130623 20130715 0.00059333 8.6638e-10 TSX
20130629 20130914 0.00030979 6.9046e-10 TSX
20130707 20150130 1.6928e-06 3.3999e-10 TSX
20130710 20140901 8.3548e-06 3.763e-10 TSX
20130715 20130726 -0.0025765 1.0153e-09 TSX
20130721 20131108 0.00083548 6.2688e-10 TSX
20130726 20150517 0.00021102 3.2131e-10 TSX
20130729 20160904 -1.6119e-05 2.6876e-10 TSX
20130801 20151115 2.5898e-05 2.873e-10 TSX
20130817 20140209 4.4554e-06 5.4179e-10 TSX
20130828 20150312 8.411e-06 3.3997e-10 TSX
20130903 20150329 -0.00018948 3.5961e-10 TSX
20130919 20160309 6.6403e-06 2.7492e-10 TSX
20130925 20140708 4.11e-05 4.314e-10 TSX
20130930 20160411 3.8667e-05 2.7606e-10 TSX
20131011 20150802 -3.1145e-05 3.1936e-10 TSX
20131017 20140719 -2.5384e-05 4.3892e-10 TSX
20131028 20160304 -3.3822e-05 3.6652e-10 TSX
20131102 20140519 -0.00018369 5.1774e-10 TSX
20131108 20140708 5.1245e-06 4.6296e-10 TSX
20140209 20160309 -3.1692e-06 3.0506e-10 TSX
20140223 20140829 -1.4516e-05 5.117e-10 TSX
20140408 20140705 -2.7271e-06 6.647e-10 TSX
20140419 20170913 -2.1185e-05 3.1569e-10 TSX
20140511 20141228 7.0898e-06 4.705e-10 TSX
20140519 20150824 0.00010711 3.6486e-10 TSX
20140624 20171005 -1.7974e-05 2.8996e-10 TSX
20140627 20151115 5.4536e-06 3.403e-10 TSX
20140705 20180911 -3.2412e-07 2.7684e-10 TSX
20140708 20160406 3.2657e-05 3.1135e-10 TSX
20140716 20171005 -3.4843e-05 2.8138e-10 TSX
20140719 20151207 5.8659e-06 3.3999e-10 TSX
20140727 20150326 1.3636e-05 4.6192e-10 TSX
20140810 20150122 2.0708e-05 5.3948e-10 TSX
20140818 20160301 2.073e-06 3.2539e-10 TSX
20140829 20160208 -2.4775e-06 3.3167e-10 TSX
20140901 20140912 -0.00031652 9.7106e-10 TSX
20140912 20141209 0.00011449 6.6544e-10 TSX
20140920 20170902 -6.8323e-07 2.885e-10 TSX
20141209 20160211 -5.9872e-06 3.6359e-10 TSX
20141217 20160722 -1.8601e-05 3.1991e-10 TSX
20141228 20160106 1.2218e-06 3.8209e-10 TSX
20141231 20151024 5.5933e-06 4.2506e-10 TSX
20150105 20150824 -3.1093e-05 4.8653e-10 TSX
20150108 20170811 -1.8546e-05 2.9406e-10 TSX
20150119 20160117 -1.5144e-05 3.8724e-10 TSX
20150127 20160411 5.8487e-05 3.7106e-10 TSX
20150130 20151112 -2.487e-05 4.286e-10 TSX
20150210 20170114 3.7048e-06 3.1368e-10 TSX
20150213 20160326 -0.00013873 4.0652e-10 TSX
20150218 20160216 2.5648e-05 4.031e-10 TSX
20150221 20180112 -4.4005e-07 2.8241e-10 TSX
20150304 20180911 5.4079e-06 2.857e-10 TSX
20150307 20160211 9.156e-06 4.0089e-10 TSX
20150312 20160320 -4.054e-06 3.9772e-10 TSX
20150326 20150827 -4.2336e-05 5.5072e-10 TSX
20150329 20151207 -1.2079e-05 4.5494e-10 TSX
20150428 20160425 -8.2838e-06 3.8737e-10 TSX
20150509 20150827 -0.00010184 6.2016e-10 TSX
20150517 20150824 -0.00026153 6.5859e-10 TSX
20150520 20180911 1.0417e-05 2.6641e-10 TSX
20150714 20170822 -6.7701e-06 3.1498e-10 TSX
20150725 20170924 -1.5131e-05 3.0034e-10 TSX
20150802 20160309 4.4533e-05 4.964e-10 TSX
20150805 20160403 5.3421e-05 4.6147e-10 TSX
20150816 20171107 2.2975e-07 3.0012e-10 TSX
20150824 20150915 0.00067265 8.6628e-10 TSX
20150827 20170902 6.4464e-06 3.0707e-10 TSX
20150915 20160216 -5.3301e-05 5.6929e-10 TSX
20151021 20160904 5.7542e-06 4.1261e-10 TSX
20151101 20171016 -2.0293e-06 3.0417e-10 TSX
20151112 20160425 -8.6081e-06 5.3694e-10 TSX
20151115 20151229 0.0002007 7.764e-10 TSX
20151123 20171221 1.5209e-06 2.9511e-10 TSX
20151204 20151215 0.00012682 9.8299e-10 TSX
20151207 20160406 -5.7974e-06 6.0279e-10 TSX
20151215 20170822 9.9256e-06 3.2153e-10 TSX
20151226 20161223 -5.8511e-06 3.94e-10 TSX
20151229 20160211 2.3094e-06 7.764e-10 TSX
20160106 20161223 4.4971e-06 3.986e-10 TSX
20160117 20160926 -1.6057e-05 4.5326e-10 TSX
20160128 20160301 -0.00014447 8.1243e-10 TSX
20160208 20160312 -7.0097e-05 8.1243e-10 TSX
20160216 20160309 -0.00044008 8.6628e-10 TSX
20160219 20180319 -1.2134e-05 2.9648e-10 TSX
20160301 20161201 -1.7729e-05 4.3895e-10 TSX
20160304 20160326 8.6477e-05 8.5207e-10 TSX
20160312 20180319 -1.0558e-05 2.9857e-10 TSX
20160320 20160411 0.00042169 8.6628e-10 TSX
20160323 20171118 -1.5933e-05 3.1802e-10 TSX
20160326 20160406 -0.00057435 9.7099e-10 TSX
20160403 20171027 -9.4619e-06 3.2373e-10 TSX
20160425 20170811 -9.8277e-06 3.4754e-10 TSX
20160528 20160630 -5.896e-05 8.1243e-10 TSX
20160630 20171118 -7.7232e-06 3.3916e-10 TSX
20160722 20161201 4.5813e-05 5.828e-10 TSX
20160904 20180707 1.1917e-05 3.244e-10 TSX
20160915 20180911 2.4645e-05 3.0149e-10 TSX
20160926 20170114 6.8391e-05 6.2022e-10 TSX
20161201 20171027 -1.3988e-05 4.0745e-10 TSX
20161223 20171107 -1.1751e-05 4.0939e-10 TSX
20170114 20170902 -4.8098e-05 4.705e-10 TSX
20170811 20171005 -4.364e-05 7.4675e-10 TSX
20170822 20180707 2.9305e-05 4.1422e-10 TSX
20170913 20180707 1.7301e-05 4.2547e-10 TSX
20170924 20180319 7.4239e-05 5.2389e-10 TSX
20171005 20171107 4.0096e-05 8.1243e-10 TSX
20171016 20180319 5.4432e-05 5.511e-10 TSX
20171027 20180911 5.1269e-05 4.1423e-10 TSX
20171107 20171118 6.4013e-05 9.8299e-10 TSX
20171118 20171129 5.3667e-05 9.8299e-10 TSX
20171129 20171221 -3.3157e-05 8.5626e-10 TSX
20171210 20180820 4.4874e-05 4.538e-10 TSX
20171221 20180911 0.00010292 4.4597e-10 TSX
20180112 20181003 2.6198e-05 4.4592e-10 TSX
20180319 20180707 -8.0598e-06 6.2023e-10 TSX
20180707 20180911 0.00013947 7.1731e-10 TSX
20180729 20181003 -6.1893e-05 7.1731e-10 TSX
20180820 20181003 8.6773e-05 7.7821e-10 TSX
20180911 20181003 -0.00017431 8.5626e-10 TSX
