20030427 20030914 0.00019469 5.6846e-10 ERS2
20030914 20080629 -6.4617e-05 2.8871e-10 ERS2
20050918 20090510 -8.5138e-06 2.9662e-10 ERS2
20051127 20081116 9.5417e-05 3.366e-10 ERS2
20060903 20090510 -0.00013778 3.2166e-10 ERS2
20061231 20090105 0.0011857 3.1414e-10 ALOS
20070402 20070703 0.00030567 6.6626e-10 ALOS
20070518 20091008 0.00081205 3.0521e-10 ALOS
20070818 20071003 -0.00016627 7.7504e-10 ALOS
20071217 20100509 0.00077475 2.9855e-10 ALOS
20080103 20100526 0.00071665 3.021e-10 ALOS
20080404 20080520 0.00015617 7.7503e-10 ALOS
20080618 20090921 0.00056252 3.7214e-10 ALOS
20080629 20090510 -0.00019414 4.1223e-10 ERS2
20080705 20091008 0.00075021 3.6519e-10 ALOS
20080803 20090823 7.0966e-05 3.835e-10 ERS2
20081116 20090823 0.00014103 4.3198e-10 ERS2
20081219 20090921 0.0007665 4.4629e-10 ALOS
20090105 20090708 0.0003338 5.2772e-10 ALOS
20090510 20091101 -0.00035785 5.2397e-10 ERS2
20090708 20091008 0.00096225 6.6621e-10 ALOS
20090823 20091101 -0.00037153 6.9851e-10 ERS2
20091222 20100624 0.00067892 5.2495e-10 ALOS
20100108 20100223 0.00048822 7.7534e-10 ALOS
20100223 20100526 -2.4245e-06 6.665e-10 ALOS
20100410 20100711 0.00013541 6.6641e-10 ALOS
20100509 20100624 0.00072318 7.7305e-10 ALOS
20100526 20100711 0.0006263 7.7503e-10 ALOS
20100624 20101109 0.00036719 5.8396e-10 ALOS
20100711 20101011 0.00041782 6.6624e-10 ALOS
20100809 20101109 0.00023573 6.6353e-10 ALOS
20101011 20101126 0.00012132 7.7503e-10 ALOS
20110111 20110226 0.00073724 7.7502e-10 ALOS
20110924 20130715 0.00063426 3.2894e-10 TSX
20111005 20121229 0.0004398 3.7164e-10 TSX
20111121 20171221 8.3386e-05 2.4555e-10 TSX
20111221 20130131 0.00043623 3.8567e-10 TSX
20111224 20121027 0.00011875 4.1939e-10 TSX
20120126 20140419 0.00013538 2.9468e-10 TSX
20120203 20160320 2.4795e-05 3.0143e-10 TSX
20120206 20171107 -1.6532e-07 2.4865e-10 TSX
20120617 20171129 7.9125e-05 2.5271e-10 TSX
20120723 20160120 8.1502e-05 3.1412e-10 TSX
20121024 20130109 0.00012444 7.0166e-10 TSX
20121027 20151226 0.00015941 2.7011e-10 TSX
20121030 20130311 0.00011301 5.8464e-10 TSX
20121107 20171118 8.8151e-05 2.5641e-10 TSX
20121221 20160208 0.0001634 2.6901e-10 TSX
20121224 20130516 0.00014852 5.6851e-10 TSX
20121229 20130407 0.00018895 6.5608e-10 TSX
20130104 20130217 0.00010543 7.7301e-10 TSX
20130109 20130715 0.00041085 5.2978e-10 TSX
20130112 20140511 8.5467e-05 3.5412e-10 TSX
20130115 20130721 0.00019274 5.1467e-10 TSX
20130126 20130823 0.00022916 5.0244e-10 TSX
20130131 20130429 -1.7151e-05 6.7794e-10 TSX
20130203 20130729 0.00028027 5.2306e-10 TSX
20130211 20130919 0.00043001 4.9592e-10 TSX
20130228 20141209 0.00051119 3.2068e-10 TSX
20130311 20130801 0.0003762 5.6849e-10 TSX
20130316 20130623 0.00018566 6.5608e-10 TSX
20130402 20150122 -5.334e-05 3.367e-10 TSX
20130407 20140530 0.00030483 3.8123e-10 TSX
20130421 20171016 3.0081e-05 2.558e-10 TSX
20130424 20130721 1.4573e-05 6.6409e-10 TSX
20130429 20130623 0.00011229 7.5401e-10 TSX
20130505 20131028 7.6114e-06 5.4427e-10 TSX
20130513 20151112 0.00013482 2.8006e-10 TSX
20130516 20131017 0.00016634 5.7244e-10 TSX
20130521 20130715 0.00045131 7.5406e-10 TSX
20130524 20171129 0.00015548 2.6212e-10 TSX
20130527 20140627 0.00037598 3.8303e-10 TSX
20130601 20130930 0.00052183 6.1698e-10 TSX
20130604 20141217 0.00018176 3.3827e-10 TSX
20130607 20140719 0.00043205 3.7984e-10 TSX
20130612 20150105 0.00044124 3.4129e-10 TSX
20130615 20160106 0.00011053 2.7746e-10 TSX
20130618 20140708 0.00034898 3.8828e-10 TSX
20130623 20130715 0.00071632 8.6122e-10 TSX
20130629 20130914 0.00047051 6.8801e-10 TSX
20130707 20150130 0.0001456 3.3976e-10 TSX
20130710 20140901 0.00038083 3.769e-10 TSX
20130715 20130726 -0.0024707 1.0101e-09 TSX
20130721 20131108 0.00088231 6.2749e-10 TSX
20130726 20150517 0.00047574 3.2342e-10 TSX
20130729 20160904 0.00012057 2.7062e-10 TSX
20130801 20151115 2.8453e-05 3.0046e-10 TSX
20130817 20140209 0.00013095 5.4096e-10 TSX
20130828 20150312 0.00037486 3.4086e-10 TSX
20130903 20150329 -4.1698e-05 3.6206e-10 TSX
20130919 20160309 0.00016049 2.9509e-10 TSX
20130925 20140708 0.00019779 4.3252e-10 TSX
20130930 20160411 0.00020375 2.9228e-10 TSX
20131011 20150802 0.00037811 3.3535e-10 TSX
20131017 20140719 0.00016885 4.398e-10 TSX
20131028 20160304 -4.4766e-05 3.9859e-10 TSX
20131102 20140519 -0.00020479 5.1709e-10 TSX
20131108 20140708 0.00015478 4.6329e-10 TSX
20140209 20160309 0.00018369 3.2562e-10 TSX
20140223 20140829 0.0001277 5.111e-10 TSX
20140408 20140705 0.00015331 6.6125e-10 TSX
20140419 20170913 3.6927e-05 2.6774e-10 TSX
20140511 20141228 0.00025517 4.701e-10 TSX
20140519 20150824 0.00059752 3.6616e-10 TSX
20140624 20171005 0.00012584 2.6568e-10 TSX
20140627 20151115 0.00056103 3.5029e-10 TSX
20140705 20180911 1.5141e-05 2.64e-10 TSX
20140708 20160406 0.00058658 3.2276e-10 TSX
20140716 20171005 -7.2304e-06 2.7585e-10 TSX
20140719 20151207 0.00056243 3.4736e-10 TSX
20140727 20150326 7.6219e-05 4.6155e-10 TSX
20140810 20150122 0.00026552 5.3916e-10 TSX
20140818 20160301 0.00027371 3.2558e-10 TSX
20140829 20160208 0.00030497 3.3506e-10 TSX
20140901 20140912 -0.00031015 9.6705e-10 TSX
20140912 20141209 0.00018484 6.6402e-10 TSX
20140920 20170902 0.00015026 2.7045e-10 TSX
20141209 20160211 0.00045922 3.6982e-10 TSX
20141217 20160722 0.00029143 3.2482e-10 TSX
20141228 20160106 0.00021306 3.842e-10 TSX
20141231 20151024 0.00047692 4.3e-10 TSX
20150105 20150824 0.00035658 4.8732e-10 TSX
20150108 20170811 0.00022093 2.7536e-10 TSX
20150119 20160117 0.00024517 3.8845e-10 TSX
20150127 20160411 0.00046138 3.759e-10 TSX
20150130 20151112 0.00028707 4.3082e-10 TSX
20150210 20170114 0.00027117 2.9993e-10 TSX
20150213 20160326 0.00016648 4.406e-10 TSX
20150218 20160216 0.00048559 4.0565e-10 TSX
20150221 20180112 8.6243e-05 2.6539e-10 TSX
20150304 20180911 5.4055e-05 2.6117e-10 TSX
20150307 20160211 0.00055725 4.042e-10 TSX
20150312 20160320 0.00041359 3.9824e-10 TSX
20150326 20150827 0.00031978 5.515e-10 TSX
20150329 20151207 0.00053831 4.5571e-10 TSX
20150428 20160425 0.00023033 3.8876e-10 TSX
20150509 20150827 0.00029766 6.1889e-10 TSX
20150517 20150824 0.00026584 6.5571e-10 TSX
20150520 20180911 0.0001725 2.7131e-10 TSX
20150714 20170822 0.0002639 2.9958e-10 TSX
20150725 20170924 0.00027587 2.9067e-10 TSX
20150802 20160309 0.000364 4.9595e-10 TSX
20150805 20160403 0.00016922 4.6149e-10 TSX
20150816 20171107 0.00024297 2.902e-10 TSX
20150824 20150915 0.00075315 8.6108e-10 TSX
20150827 20170902 0.00024918 2.9753e-10 TSX
20150915 20160216 0.00014512 5.6824e-10 TSX
20151021 20160904 0.00013552 4.135e-10 TSX
20151101 20171016 0.00026379 3.0278e-10 TSX
20151112 20160425 -1.0923e-06 5.3612e-10 TSX
20151115 20151229 0.00021905 7.7304e-10 TSX
20151123 20171221 0.00018517 2.9762e-10 TSX
20151204 20151215 0.00018574 9.7702e-10 TSX
20151207 20160406 -2.1335e-05 6.0217e-10 TSX
20151215 20170822 0.00020538 3.1661e-10 TSX
20151226 20161223 0.00021161 3.9398e-10 TSX
20151229 20160211 7.94e-05 7.7304e-10 TSX
20160106 20161223 0.00024936 3.9802e-10 TSX
20160117 20160926 0.00023674 4.5409e-10 TSX
20160128 20160301 -0.00025881 8.0602e-10 TSX
20160208 20160312 -4.4949e-05 8.0602e-10 TSX
20160216 20160309 -0.00043162 8.6108e-10 TSX
20160219 20180319 0.00019912 2.9889e-10 TSX
20160301 20161201 0.00021393 4.3882e-10 TSX
20160304 20160326 5.4509e-05 8.4811e-10 TSX
20160312 20180319 0.0001547 3.0143e-10 TSX
20160320 20160411 0.00043863 8.6108e-10 TSX
20160323 20171118 0.00024861 3.2063e-10 TSX
20160326 20160406 -0.00050256 9.6698e-10 TSX
20160403 20171027 0.00021479 3.2395e-10 TSX
20160425 20170811 0.00019592 3.5082e-10 TSX
20160528 20160630 8.9261e-05 8.0601e-10 TSX
20160630 20171118 0.00023443 3.4079e-10 TSX
20160722 20161201 0.00025227 5.813e-10 TSX
20160904 20180707 9.7876e-05 3.2488e-10 TSX
20160915 20180911 0.00019552 3.014e-10 TSX
20160926 20170114 2.2423e-06 6.1796e-10 TSX
20161201 20171027 0.00010074 4.0783e-10 TSX
20161223 20171107 9.122e-05 4.1088e-10 TSX
20170114 20170902 9.5307e-05 4.6945e-10 TSX
20170811 20171005 -4.3476e-06 7.4121e-10 TSX
20170822 20180707 -4.5411e-06 4.1417e-10 TSX
20170913 20180707 -6.7694e-05 4.2619e-10 TSX
20170924 20180319 -0.00019978 5.245e-10 TSX
20171005 20171107 5.2379e-05 8.0603e-10 TSX
20171016 20180319 -0.00020751 5.5094e-10 TSX
20171027 20180911 6.9589e-05 4.1382e-10 TSX
20171107 20171118 7.4204e-05 9.7702e-10 TSX
20171118 20171129 4.8116e-05 9.7702e-10 TSX
20171129 20171221 1.8244e-05 8.4998e-10 TSX
20171210 20180820 -2.2215e-06 4.5318e-10 TSX
20171221 20180911 4.4917e-05 4.4551e-10 TSX
20180112 20181003 7.2933e-05 4.4551e-10 TSX
20180319 20180707 9.6042e-05 6.1794e-10 TSX
20180707 20180911 0.00049177 7.1237e-10 TSX
20180729 20181003 0.00022652 7.1236e-10 TSX
20180820 20181003 0.00028457 7.7202e-10 TSX
20180911 20181003 -0.00017347 8.4998e-10 TSX
