20030427 20030914 -2.8889e-05 5.6716e-10 ERS2
20030914 20080629 -0.00021607 2.6203e-10 ERS2
20050918 20090510 -0.00017608 2.9878e-10 ERS2
20051127 20081116 3.4441e-05 3.0874e-10 ERS2
20060903 20090510 -2.7282e-05 3.0955e-10 ERS2
20061231 20090105 -8.4696e-05 3.1326e-10 ALOS
20070402 20070703 -0.00013869 6.6636e-10 ALOS
20070518 20091008 -0.0001331 3.2902e-10 ALOS
20070818 20071003 -0.00014222 7.7498e-10 ALOS
20071217 20100509 -0.00018649 3.0107e-10 ALOS
20080103 20100526 -0.00022163 3.1421e-10 ALOS
20080404 20080520 1.296e-05 7.7515e-10 ALOS
20080618 20090921 -1.5958e-05 3.7304e-10 ALOS
20080629 20090510 -0.0003374 4.1227e-10 ERS2
20080705 20091008 -2.2207e-05 3.6549e-10 ALOS
20080803 20090823 -9.9604e-06 3.8315e-10 ERS2
20081116 20090823 0.00010681 4.3207e-10 ERS2
20081219 20090921 0.00025379 4.497e-10 ALOS
20090105 20090708 4.2178e-06 5.3518e-10 ALOS
20090510 20091101 0.00095747 5.2161e-10 ERS2
20090708 20091008 0.00076679 6.6633e-10 ALOS
20090823 20091101 -6.4995e-05 6.9851e-10 ERS2
20091222 20100624 0.00052149 5.277e-10 ALOS
20100108 20100223 0.00049514 7.7516e-10 ALOS
20100223 20100526 -2.6139e-05 6.6813e-10 ALOS
20100410 20100711 -8.1707e-05 6.6716e-10 ALOS
20100509 20100624 0.00056377 7.7302e-10 ALOS
20100526 20100711 0.00043401 7.7499e-10 ALOS
20100624 20101109 0.00015163 5.8397e-10 ALOS
20100711 20101011 0.00021403 6.6641e-10 ALOS
20100809 20101109 5.1124e-05 6.6352e-10 ALOS
20101011 20101126 0.00016448 7.7498e-10 ALOS
20110111 20110226 0.00070227 7.7498e-10 ALOS
20110924 20130715 -1.6025e-05 3.2507e-10 TSX
20111005 20121229 -0.00018231 3.692e-10 TSX
20111121 20171221 1.4313e-05 3.8347e-10 TSX
20111221 20130131 -0.00010786 3.8557e-10 TSX
20111224 20121027 0.00016815 4.1937e-10 TSX
20120126 20140419 5.372e-05 3.2196e-10 TSX
20120203 20160320 6.4476e-05 3.1981e-10 TSX
20120206 20171107 4.8476e-05 3.4432e-10 TSX
20120617 20171129 2.2775e-05 4.0475e-10 TSX
20120723 20160120 2.7718e-05 3.6024e-10 TSX
20121024 20130109 -4.8807e-05 7.0166e-10 TSX
20121027 20151226 2.9687e-05 3.3268e-10 TSX
20121030 20130311 -1.1089e-05 5.8465e-10 TSX
20121107 20171118 4.3218e-05 3.162e-10 TSX
20121221 20160208 -6.5512e-05 3.314e-10 TSX
20121224 20130516 -4.3132e-05 5.6848e-10 TSX
20121229 20130407 0.0002178 6.5608e-10 TSX
20130104 20130217 0.00017365 7.7302e-10 TSX
20130109 20130715 8.0462e-05 5.2985e-10 TSX
20130112 20140511 3.946e-05 3.5653e-10 TSX
20130115 20130721 -0.00018508 5.1434e-10 TSX
20130126 20130823 3.9961e-05 5.2155e-10 TSX
20130131 20130429 -0.00015205 6.7794e-10 TSX
20130203 20130729 0.00021877 5.2313e-10 TSX
20130211 20130919 -1.9746e-05 4.9625e-10 TSX
20130228 20141209 2.1287e-05 3.1647e-10 TSX
20130311 20130801 6.9157e-05 5.6862e-10 TSX
20130316 20130623 5.5852e-05 6.5607e-10 TSX
20130402 20150122 0.00010624 3.574e-10 TSX
20130407 20140530 -0.00020915 3.8123e-10 TSX
20130421 20171016 -4.7725e-05 3.0779e-10 TSX
20130424 20130721 -0.00020291 6.6405e-10 TSX
20130429 20130623 6.976e-05 7.5397e-10 TSX
20130505 20131028 -0.00024486 5.5474e-10 TSX
20130513 20151112 5.3575e-05 3.3833e-10 TSX
20130516 20131017 -0.00012756 5.718e-10 TSX
20130521 20130715 0.00020038 7.5399e-10 TSX
20130524 20171129 7.5868e-05 4.2482e-10 TSX
20130527 20140627 -0.0001398 3.8443e-10 TSX
20130601 20130930 0.00016508 6.1694e-10 TSX
20130604 20141217 0.00012112 3.4208e-10 TSX
20130607 20140719 -5.9606e-05 3.8067e-10 TSX
20130612 20150105 -2.5482e-05 3.396e-10 TSX
20130615 20160106 0.00017386 3.5624e-10 TSX
20130618 20140708 -0.00012292 3.8815e-10 TSX
20130623 20130715 0.00061657 8.6105e-10 TSX
20130629 20130914 0.00029117 6.9081e-10 TSX
20130707 20150130 8.6508e-05 3.4079e-10 TSX
20130710 20140901 -8.9019e-05 3.7746e-10 TSX
20130715 20130726 -0.0024337 1.0099e-09 TSX
20130721 20131108 0.00084344 6.3081e-10 TSX
20130726 20150517 5.5224e-05 3.2349e-10 TSX
20130729 20160904 2.3923e-05 3.687e-10 TSX
20130801 20151115 2.2415e-05 3.2012e-10 TSX
20130817 20140209 2.2361e-05 5.4096e-10 TSX
20130828 20150312 -4.2989e-05 3.4084e-10 TSX
20130903 20150329 1.0966e-05 4.3375e-10 TSX
20130919 20160309 -8.4964e-06 3.7705e-10 TSX
20130925 20140708 6.0855e-05 4.3315e-10 TSX
20130930 20160411 2.4685e-05 3.2446e-10 TSX
20131011 20150802 -6.5115e-05 3.545e-10 TSX
20131017 20140719 -0.00010533 4.3892e-10 TSX
20131028 20160304 5.8964e-05 2.9562e-10 TSX
20131102 20140519 -0.0003322 5.1711e-10 TSX
20131108 20140708 -2.1599e-05 4.675e-10 TSX
20140209 20160309 -3.941e-05 3.1822e-10 TSX
20140223 20140829 0.00016324 5.111e-10 TSX
20140408 20140705 0.00011589 6.6126e-10 TSX
20140419 20170913 9.2168e-05 4.1385e-10 TSX
20140511 20141228 0.00025938 4.7014e-10 TSX
20140519 20150824 8.8002e-05 3.7321e-10 TSX
20140624 20171005 -1.8131e-05 3.614e-10 TSX
20140627 20151115 0.00010444 3.6062e-10 TSX
20140705 20180911 3.0646e-05 3.564e-10 TSX
20140708 20160406 -8.2869e-06 3.7269e-10 TSX
20140716 20171005 2.9258e-05 3.5584e-10 TSX
20140719 20151207 -3.3197e-05 3.522e-10 TSX
20140727 20150326 0.00010544 4.6159e-10 TSX
20140810 20150122 5.6871e-05 5.3914e-10 TSX
20140818 20160301 0.00011412 3.4542e-10 TSX
20140829 20160208 8.5761e-05 3.5371e-10 TSX
20140901 20140912 -0.00032661 9.6695e-10 TSX
20140912 20141209 0.000141 6.6401e-10 TSX
20140920 20170902 0.00012318 3.8186e-10 TSX
20141209 20160211 2.584e-05 3.6954e-10 TSX
20141217 20160722 8.4153e-05 3.6221e-10 TSX
20141228 20160106 0.0001217 3.8578e-10 TSX
20141231 20151024 5.626e-05 4.3569e-10 TSX
20150105 20150824 6.6472e-06 4.8989e-10 TSX
20150108 20170811 7.6748e-05 3.2476e-10 TSX
20150119 20160117 0.00010893 3.9194e-10 TSX
20150127 20160411 5.1563e-05 3.8882e-10 TSX
20150130 20151112 0.00020527 4.3161e-10 TSX
20150210 20170114 6.2801e-05 3.2368e-10 TSX
20150213 20160326 3.8666e-05 4.2957e-10 TSX
20150218 20160216 -2.8439e-05 4.1423e-10 TSX
20150221 20180112 5.9189e-05 3.2091e-10 TSX
20150304 20180911 2.3947e-05 3.7159e-10 TSX
20150307 20160211 1.7012e-06 4.0493e-10 TSX
20150312 20160320 -5.7771e-05 4.0945e-10 TSX
20150326 20150827 0.00023965 5.5493e-10 TSX
20150329 20151207 7.0986e-05 4.546e-10 TSX
20150428 20160425 0.00016968 4.0472e-10 TSX
20150509 20150827 0.00020878 6.2103e-10 TSX
20150517 20150824 8.0712e-05 6.5802e-10 TSX
20150520 20180911 -5.8817e-05 3.4561e-10 TSX
20150714 20170822 6.5577e-05 3.1734e-10 TSX
20150725 20170924 4.5163e-05 3.0728e-10 TSX
20150802 20160309 3.8418e-05 4.9622e-10 TSX
20150805 20160403 0.00010899 4.6161e-10 TSX
20150816 20171107 0.0001088 3.1061e-10 TSX
20150824 20150915 0.00076033 8.6095e-10 TSX
20150827 20170902 0.00013222 3.3204e-10 TSX
20150915 20160216 -0.00011981 5.6801e-10 TSX
20151021 20160904 0.00014775 4.1394e-10 TSX
20151101 20171016 0.00010485 3.19e-10 TSX
20151112 20160425 0.00010576 5.362e-10 TSX
20151115 20151229 0.00017563 7.7302e-10 TSX
20151123 20171221 0.00012197 3.1541e-10 TSX
20151204 20151215 0.00018558 9.7703e-10 TSX
20151207 20160406 -9.1159e-05 6.0224e-10 TSX
20151215 20170822 9.0859e-05 3.2367e-10 TSX
20151226 20161223 0.00016393 3.9365e-10 TSX
20151229 20160211 3.5388e-05 7.7301e-10 TSX
20160106 20161223 0.00018977 3.9813e-10 TSX
20160117 20160926 0.00022872 4.5302e-10 TSX
20160128 20160301 -0.00022399 8.0604e-10 TSX
20160208 20160312 -5.8019e-05 8.0604e-10 TSX
20160216 20160309 -0.00040494 8.6095e-10 TSX
20160219 20180319 2.2613e-05 3.111e-10 TSX
20160301 20161201 0.0002159 4.3867e-10 TSX
20160304 20160326 2.1561e-05 8.4804e-10 TSX
20160312 20180319 5.0785e-06 3.1207e-10 TSX
20160320 20160411 0.00047194 8.6096e-10 TSX
20160323 20171118 9.2477e-05 3.2209e-10 TSX
20160326 20160406 -0.00049097 9.6688e-10 TSX
20160403 20171027 0.00015269 3.2616e-10 TSX
20160425 20170811 0.00013779 3.4883e-10 TSX
20160528 20160630 7.4918e-05 8.0604e-10 TSX
20160630 20171118 5.625e-05 3.4001e-10 TSX
20160722 20161201 0.00020641 5.8132e-10 TSX
20160904 20180707 -8.9791e-05 3.3418e-10 TSX
20160915 20180911 -7.8578e-05 3.0641e-10 TSX
20160926 20170114 4.2515e-05 6.1796e-10 TSX
20161201 20171027 0.0001391 4.0689e-10 TSX
20161223 20171107 0.00010421 4.0949e-10 TSX
20170114 20170902 0.0001493 4.6878e-10 TSX
20170811 20171005 -2.9794e-05 7.4111e-10 TSX
20170822 20180707 -8.9872e-05 4.1372e-10 TSX
20170913 20180707 -0.00016205 4.2531e-10 TSX
20170924 20180319 -0.00016358 5.2324e-10 TSX
20171005 20171107 6.3077e-05 8.0604e-10 TSX
20171016 20180319 -0.00018431 5.501e-10 TSX
20171027 20180911 -2.8305e-05 4.1369e-10 TSX
20171107 20171118 6.8022e-05 9.7703e-10 TSX
20171118 20171129 3.9398e-05 9.7703e-10 TSX
20171129 20171221 5.0002e-06 8.4999e-10 TSX
20171210 20180820 -2.0767e-05 4.5346e-10 TSX
20171221 20180911 1.7196e-05 4.4574e-10 TSX
20180112 20181003 2.766e-05 4.4577e-10 TSX
20180319 20180707 -3.9779e-06 6.1797e-10 TSX
20180707 20180911 0.00041622 7.1238e-10 TSX
20180729 20181003 0.0001788 7.1238e-10 TSX
20180820 20181003 0.00021079 7.7204e-10 TSX
20180911 20181003 -0.00015067 8.4999e-10 TSX
