20030427 20030914 0.00044941 5.662e-10 ERS2
20030914 20080629 -6.122e-05 2.9233e-10 ERS2
20050918 20090510 0.00014962 3.0375e-10 ERS2
20051127 20081116 3.1258e-05 3.067e-10 ERS2
20060903 20090510 -0.00035898 3.2978e-10 ERS2
20061231 20090105 6.3069e-05 3.1569e-10 ALOS
20070402 20070703 0.0003305 6.6627e-10 ALOS
20070518 20091008 9.5123e-05 3.0921e-10 ALOS
20070818 20071003 -0.00012772 7.7511e-10 ALOS
20071217 20100509 0.00016906 3.0328e-10 ALOS
20080103 20100526 9.7068e-06 3.0039e-10 ALOS
20080404 20080520 0.00015457 7.7509e-10 ALOS
20080618 20090921 0.00015211 3.7291e-10 ALOS
20080629 20090510 -0.00011503 4.1231e-10 ERS2
20080705 20091008 -0.0001078 3.6511e-10 ALOS
20080803 20090823 3.3738e-05 3.8305e-10 ERS2
20081116 20090823 2.0497e-05 4.3208e-10 ERS2
20081219 20090921 0.00040631 4.4618e-10 ALOS
20090105 20090708 0.00022226 5.2911e-10 ALOS
20090510 20091101 -0.00031391 5.226e-10 ERS2
20090708 20091008 0.0003607 6.6634e-10 ALOS
20090823 20091101 -0.00040175 6.9851e-10 ERS2
20091222 20100624 3.8952e-05 5.2606e-10 ALOS
20100108 20100223 8.1286e-05 7.751e-10 ALOS
20100223 20100526 -1.4784e-05 6.6646e-10 ALOS
20100410 20100711 8.457e-05 6.6647e-10 ALOS
20100509 20100624 0.00067522 7.7309e-10 ALOS
20100526 20100711 0.0005695 7.7507e-10 ALOS
20100624 20101109 0.00011149 5.8398e-10 ALOS
20100711 20101011 0.00011712 6.6626e-10 ALOS
20100809 20101109 7.5048e-06 6.6354e-10 ALOS
20101011 20101126 0.00011963 7.7507e-10 ALOS
20110111 20110226 0.00055237 7.7506e-10 ALOS
20110924 20130715 9.0174e-05 3.2871e-10 TSX
20111005 20121229 1.9739e-05 3.7093e-10 TSX
20111121 20171221 1.0486e-06 2.9625e-10 TSX
20111221 20130131 8.888e-05 3.8574e-10 TSX
20111224 20121027 0.00017904 4.1963e-10 TSX
20120126 20140419 2.3826e-05 3.2125e-10 TSX
20120203 20160320 6.9054e-05 2.7272e-10 TSX
20120206 20171107 1.6768e-05 2.9533e-10 TSX
20120617 20171129 3.3878e-05 3.1774e-10 TSX
20120723 20160120 -6.3129e-05 3.2712e-10 TSX
20121024 20130109 3.6673e-05 7.0161e-10 TSX
20121027 20151226 3.1511e-05 3.1428e-10 TSX
20121030 20130311 4.3124e-05 5.8465e-10 TSX
20121107 20171118 6.2067e-05 3.3169e-10 TSX
20121221 20160208 0.00011076 3.0039e-10 TSX
20121224 20130516 -1.9797e-05 5.6851e-10 TSX
20121229 20130407 8.072e-05 6.5609e-10 TSX
20130104 20130217 6.2149e-05 7.7307e-10 TSX
20130109 20130715 0.00017596 5.2878e-10 TSX
20130112 20140511 1.2505e-05 3.6251e-10 TSX
20130115 20130721 -0.00021079 5.1372e-10 TSX
20130126 20130823 -9.9264e-05 5.0276e-10 TSX
20130131 20130429 -0.00014092 6.7796e-10 TSX
20130203 20130729 0.00033178 5.2358e-10 TSX
20130211 20130919 6.0708e-05 4.9612e-10 TSX
20130228 20141209 8.3139e-05 3.2798e-10 TSX
20130311 20130801 8.7237e-05 5.687e-10 TSX
20130316 20130623 1.6806e-05 6.561e-10 TSX
20130402 20150122 -1.9076e-05 3.4047e-10 TSX
20130407 20140530 3.3398e-05 3.807e-10 TSX
20130421 20171016 6.0367e-05 3.0006e-10 TSX
20130424 20130721 -0.00024107 6.6422e-10 TSX
20130429 20130623 3.4322e-05 7.5406e-10 TSX
20130505 20131028 -0.00037487 5.4727e-10 TSX
20130513 20151112 5.6848e-05 3.2182e-10 TSX
20130516 20131017 -6.0886e-05 5.7202e-10 TSX
20130521 20130715 0.00033078 7.541e-10 TSX
20130524 20171129 6.7341e-05 3.0389e-10 TSX
20130527 20140627 8.6419e-06 3.8505e-10 TSX
20130601 20130930 0.00028542 6.1703e-10 TSX
20130604 20141217 0.0001434 3.5339e-10 TSX
20130607 20140719 5.014e-05 3.8133e-10 TSX
20130612 20150105 4.339e-05 3.398e-10 TSX
20130615 20160106 0.00013512 3.193e-10 TSX
20130618 20140708 2.3641e-05 3.8872e-10 TSX
20130623 20130715 0.00069649 8.613e-10 TSX
20130629 20130914 0.00023008 6.9029e-10 TSX
20130707 20150130 5.0696e-05 3.4592e-10 TSX
20130710 20140901 2.7717e-05 3.778e-10 TSX
20130715 20130726 -0.0024579 1.0102e-09 TSX
20130721 20131108 0.00085036 6.2826e-10 TSX
20130726 20150517 9.9331e-05 3.2422e-10 TSX
20130729 20160904 5.7716e-05 3.1806e-10 TSX
20130801 20151115 -7.2887e-05 3.4074e-10 TSX
20130817 20140209 -1.2697e-06 5.4099e-10 TSX
20130828 20150312 7.935e-05 3.4316e-10 TSX
20130903 20150329 -4.9195e-05 3.4975e-10 TSX
20130919 20160309 0.00016017 2.9186e-10 TSX
20130925 20140708 1.6886e-05 4.3509e-10 TSX
20130930 20160411 -1.5255e-05 2.922e-10 TSX
20131011 20150802 1.6987e-05 3.3059e-10 TSX
20131017 20140719 -4.4551e-05 4.3928e-10 TSX
20131028 20160304 -2.4175e-05 3.6834e-10 TSX
20131102 20140519 -0.00026344 5.1709e-10 TSX
20131108 20140708 -1.3999e-05 4.6717e-10 TSX
20140209 20160309 -9.1758e-05 3.215e-10 TSX
20140223 20140829 0.00014255 5.1109e-10 TSX
20140408 20140705 5.3171e-05 6.6125e-10 TSX
20140419 20170913 0.00014477 3.3256e-10 TSX
20140511 20141228 0.00023977 4.701e-10 TSX
20140519 20150824 0.00013976 3.7351e-10 TSX
20140624 20171005 0.00021385 3.0105e-10 TSX
20140627 20151115 0.00013121 3.485e-10 TSX
20140705 20180911 4.9612e-05 3.0149e-10 TSX
20140708 20160406 9.3668e-05 3.249e-10 TSX
20140716 20171005 0.00018951 3.3018e-10 TSX
20140719 20151207 0.00015162 3.4821e-10 TSX
20140727 20150326 7.3023e-05 4.6142e-10 TSX
20140810 20150122 0.00012343 5.3915e-10 TSX
20140818 20160301 0.00014657 3.4871e-10 TSX
20140829 20160208 0.00020291 3.6842e-10 TSX
20140901 20140912 -0.00030994 9.6713e-10 TSX
20140912 20141209 0.00010819 6.6401e-10 TSX
20140920 20170902 0.00023991 3.1742e-10 TSX
20141209 20160211 0.00014043 3.7168e-10 TSX
20141217 20160722 0.00018243 3.4602e-10 TSX
20141228 20160106 0.00024295 3.927e-10 TSX
20141231 20151024 0.00013873 4.2989e-10 TSX
20150105 20150824 5.816e-05 4.8893e-10 TSX
20150108 20170811 4.715e-05 3.1798e-10 TSX
20150119 20160117 0.00026896 3.992e-10 TSX
20150127 20160411 0.00015093 3.7474e-10 TSX
20150130 20151112 0.00033595 4.3329e-10 TSX
20150210 20170114 0.00022143 3.3389e-10 TSX
20150213 20160326 0.0001761 4.2211e-10 TSX
20150218 20160216 9.8433e-05 4.0873e-10 TSX
20150221 20180112 0.00024256 3.0429e-10 TSX
20150304 20180911 9.8431e-05 3.1515e-10 TSX
20150307 20160211 0.00020458 4.0858e-10 TSX
20150312 20160320 3.7878e-05 4.052e-10 TSX
20150326 20150827 0.00040535 5.5023e-10 TSX
20150329 20151207 0.00015536 4.5717e-10 TSX
20150428 20160425 0.00026736 3.972e-10 TSX
20150509 20150827 0.00036276 6.1889e-10 TSX
20150517 20150824 0.00012331 6.5691e-10 TSX
20150520 20180911 0.00012494 3.3059e-10 TSX
20150714 20170822 0.00026123 3.3212e-10 TSX
20150725 20170924 0.00022162 3.2716e-10 TSX
20150802 20160309 0.00015652 4.9604e-10 TSX
20150805 20160403 0.00013806 4.6167e-10 TSX
20150816 20171107 0.00022116 3.2312e-10 TSX
20150824 20150915 0.00075166 8.6117e-10 TSX
20150827 20170902 0.00020697 3.4362e-10 TSX
20150915 20160216 2.3671e-05 5.6826e-10 TSX
20151021 20160904 0.00013369 4.1673e-10 TSX
20151101 20171016 0.00021896 3.368e-10 TSX
20151112 20160425 2.6664e-05 5.3614e-10 TSX
20151115 20151229 0.00016627 7.7306e-10 TSX
20151123 20171221 0.00017304 3.3197e-10 TSX
20151204 20151215 0.00018443 9.77e-10 TSX
20151207 20160406 -3.0664e-05 6.0213e-10 TSX
20151215 20170822 0.00022956 3.4622e-10 TSX
20151226 20161223 0.00023676 3.9526e-10 TSX
20151229 20160211 4.108e-05 7.7307e-10 TSX
20160106 20161223 0.0002667 3.9945e-10 TSX
20160117 20160926 0.00029904 4.5735e-10 TSX
20160128 20160301 -0.0002302 8.0601e-10 TSX
20160208 20160312 -4.2586e-05 8.0601e-10 TSX
20160216 20160309 -0.00042867 8.6117e-10 TSX
20160219 20180319 6.3114e-05 3.2492e-10 TSX
20160301 20161201 0.00034606 4.388e-10 TSX
20160304 20160326 8.6829e-05 8.4817e-10 TSX
20160312 20180319 9.4585e-05 3.2978e-10 TSX
20160320 20160411 0.00041049 8.6118e-10 TSX
20160323 20171118 0.00023031 3.4866e-10 TSX
20160326 20160406 -0.00054916 9.6706e-10 TSX
20160403 20171027 0.00026441 3.4682e-10 TSX
20160425 20170811 0.00032156 3.8061e-10 TSX
20160528 20160630 9.661e-05 8.0601e-10 TSX
20160630 20171118 0.00024598 3.566e-10 TSX
20160722 20161201 0.00038284 5.8137e-10 TSX
20160904 20180707 3.4881e-05 3.4257e-10 TSX
20160915 20180911 4.363e-05 3.3137e-10 TSX
20160926 20170114 0.00010543 6.18e-10 TSX
20161201 20171027 0.00016052 4.2107e-10 TSX
20161223 20171107 0.00015712 4.2088e-10 TSX
20170114 20170902 0.00023756 4.73e-10 TSX
20170811 20171005 1.1078e-05 7.411e-10 TSX
20170822 20180707 -0.00014908 4.2244e-10 TSX
20170913 20180707 -0.0002146 4.3176e-10 TSX
20170924 20180319 -0.0002656 5.2371e-10 TSX
20171005 20171107 4.7079e-05 8.0602e-10 TSX
20171016 20180319 -0.00027669 5.5068e-10 TSX
20171027 20180911 -3.6982e-05 4.2243e-10 TSX
20171107 20171118 7.6729e-05 9.77e-10 TSX
20171118 20171129 4.853e-05 9.77e-10 TSX
20171129 20171221 7.1012e-06 8.4997e-10 TSX
20171210 20180820 -5.3124e-05 4.5547e-10 TSX
20171221 20180911 4.2363e-05 4.5151e-10 TSX
20180112 20181003 9.8569e-05 4.4863e-10 TSX
20180319 20180707 6.0498e-05 6.1798e-10 TSX
20180707 20180911 0.00051663 7.1237e-10 TSX
20180729 20181003 0.00028037 7.1237e-10 TSX
20180820 20181003 0.00031357 7.7202e-10 TSX
20180911 20181003 -0.0001631 8.4997e-10 TSX
