20030427 20030914 -0.00027419 5.6583e-10 ERS2
20030914 20080629 1.8989e-05 2.702e-10 ERS2
20050918 20090510 1.0443e-05 3.0005e-10 ERS2
20051127 20081116 2.481e-05 3.0321e-10 ERS2
20060903 20090510 0.00013756 3.0879e-10 ERS2
20061231 20090105 -4.1498e-05 3.151e-10 ALOS
20070402 20070703 -7.5181e-05 6.747e-10 ALOS
20070518 20091008 -5.7336e-05 3.2539e-10 ALOS
20070818 20071003 -0.00039431 7.8527e-10 ALOS
20071217 20100509 -4.3095e-05 3.064e-10 ALOS
20080103 20100526 -0.00018087 3.0801e-10 ALOS
20080404 20080520 7.7597e-06 7.8519e-10 ALOS
20080618 20090921 -3.1458e-05 3.7198e-10 ALOS
20080629 20090510 -0.00051024 4.1473e-10 ERS2
20080705 20091008 -8.8064e-05 3.6585e-10 ALOS
20080803 20090823 8.0836e-06 3.8399e-10 ERS2
20081116 20090823 5.285e-05 4.3279e-10 ERS2
20081219 20090921 4.5815e-05 4.4704e-10 ALOS
20090105 20090708 0.00011558 5.3497e-10 ALOS
20090510 20091101 0.00014327 5.2089e-10 ERS2
20090708 20091008 0.00011732 6.7385e-10 ALOS
20090823 20091101 0.00058128 7.0084e-10 ERS2
20091222 20100624 9.7398e-05 5.3794e-10 ALOS
20100108 20100223 0.0003334 7.8563e-10 ALOS
20100223 20100526 -9.027e-05 6.7602e-10 ALOS
20100410 20100711 7.4417e-05 6.7551e-10 ALOS
20100509 20100624 0.00063259 7.8246e-10 ALOS
20100526 20100711 0.000476 7.8519e-10 ALOS
20100624 20101109 -0.00010708 5.8807e-10 ALOS
20100711 20101011 -0.00031575 6.7421e-10 ALOS
20100809 20101109 -7.2668e-05 6.7069e-10 ALOS
20101011 20101126 0.00029832 7.8513e-10 ALOS
20110111 20110226 0.00059766 7.8512e-10 ALOS
20110924 20130715 2.3256e-05 3.2829e-10 TSX
20111005 20121229 -1.0278e-06 3.8637e-10 TSX
20111121 20171221 -3.7267e-06 4.547e-10 TSX
20111221 20130131 5.8097e-06 3.8619e-10 TSX
20111224 20121027 -2.8034e-05 4.2001e-10 TSX
20120126 20140419 -1.284e-05 3.5185e-10 TSX
20120203 20160320 1.4226e-05 3.3006e-10 TSX
20120206 20171107 -5.3687e-06 4.5718e-10 TSX
20120617 20171129 4.6756e-07 4.7889e-10 TSX
20120723 20160120 9.8763e-07 4.538e-10 TSX
20121024 20130109 -2.815e-05 7.1523e-10 TSX
20121027 20151226 4.5811e-05 4.3088e-10 TSX
20121030 20130311 7.6626e-05 5.8748e-10 TSX
20121107 20171118 -1.4891e-05 4.7593e-10 TSX
20121221 20160208 1.4501e-05 3.7289e-10 TSX
20121224 20130516 2.9896e-05 5.7125e-10 TSX
20121229 20130407 6.142e-05 6.6431e-10 TSX
20130104 20130217 8.8681e-05 7.8067e-10 TSX
20130109 20130715 0.00015056 5.4462e-10 TSX
20130112 20140511 -1.2177e-05 3.7466e-10 TSX
20130115 20130721 -3.6535e-05 5.1903e-10 TSX
20130126 20130823 -0.00031036 5.1394e-10 TSX
20130131 20130429 0.00012107 6.8689e-10 TSX
20130203 20130729 7.0692e-06 5.2443e-10 TSX
20130211 20130919 -3.1898e-05 5.0158e-10 TSX
20130228 20141209 2.7063e-05 3.4258e-10 TSX
20130311 20130801 -0.00010072 5.7163e-10 TSX
20130316 20130623 2.0737e-05 6.6437e-10 TSX
20130402 20150122 -9.7256e-05 4.171e-10 TSX
20130407 20140530 2.4265e-05 3.8333e-10 TSX
20130421 20171016 -2.3145e-05 4.5559e-10 TSX
20130424 20130721 -8.9136e-05 6.6963e-10 TSX
20130429 20130623 -0.00011842 7.6485e-10 TSX
20130505 20131028 -4.225e-05 6.2002e-10 TSX
20130513 20151112 3.2055e-05 3.7149e-10 TSX
20130516 20131017 3.7311e-05 5.8639e-10 TSX
20130521 20130715 0.00014753 7.6488e-10 TSX
20130524 20171129 6.1942e-06 4.2321e-10 TSX
20130527 20140627 -6.5181e-06 3.8664e-10 TSX
20130601 20130930 -3.2417e-05 6.2398e-10 TSX
20130604 20141217 2.0699e-05 3.8527e-10 TSX
20130607 20140719 6.5151e-06 3.8192e-10 TSX
20130612 20150105 2.0626e-05 3.4402e-10 TSX
20130615 20160106 2.0549e-05 3.8716e-10 TSX
20130618 20140708 -4.5377e-05 3.8883e-10 TSX
20130623 20130715 0.00062811 8.7095e-10 TSX
20130629 20130914 -3.4118e-05 7.0494e-10 TSX
20130707 20150130 -5.7605e-06 3.5783e-10 TSX
20130710 20140901 2.1859e-06 3.7716e-10 TSX
20130715 20130726 -0.0024205 1.0191e-09 TSX
20130721 20131108 -0.00029576 6.4636e-10 TSX
20130726 20150517 9.4092e-05 3.8899e-10 TSX
20130729 20160904 2.3856e-06 3.6302e-10 TSX
20130801 20151115 9.372e-07 3.7891e-10 TSX
20130817 20140209 7.2753e-05 5.4465e-10 TSX
20130828 20150312 -4.8562e-05 4.0416e-10 TSX
20130903 20150329 -7.061e-05 3.8424e-10 TSX
20130919 20160309 8.1365e-05 3.3634e-10 TSX
20130925 20140708 -5.9004e-06 4.8493e-10 TSX
20130930 20160411 -4.6615e-05 3.7571e-10 TSX
20131011 20150802 9.8212e-06 4.0211e-10 TSX
20131017 20140719 7.9854e-05 4.7664e-10 TSX
20131028 20160304 0.00010205 3.7376e-10 TSX
20131102 20140519 0.00016108 5.1982e-10 TSX
20131108 20140708 -0.00010012 5.1718e-10 TSX
20140209 20160309 -4.1365e-05 3.7545e-10 TSX
20140223 20140829 -2.1084e-06 5.1258e-10 TSX
20140408 20140705 -1.2283e-05 6.6348e-10 TSX
20140419 20170913 3.3152e-05 5.0573e-10 TSX
20140511 20141228 4.8055e-05 4.738e-10 TSX
20140519 20150824 -4.9981e-05 3.8982e-10 TSX
20140624 20171005 -4.5979e-06 4.6691e-10 TSX
20140627 20151115 -2.2705e-05 4.5703e-10 TSX
20140705 20180911 -1.5115e-05 4.5524e-10 TSX
20140708 20160406 9.2184e-06 3.7181e-10 TSX
20140716 20171005 4.2465e-06 4.1883e-10 TSX
20140719 20151207 -1.0777e-05 4.3235e-10 TSX
20140727 20150326 -2.5391e-05 4.6222e-10 TSX
20140810 20150122 0.0001001 5.5363e-10 TSX
20140818 20160301 -1.5534e-05 4.4087e-10 TSX
20140829 20160208 -1.8575e-05 4.0352e-10 TSX
20140901 20140912 -0.00026367 9.7392e-10 TSX
20140912 20141209 -8.7185e-06 6.6963e-10 TSX
20140920 20170902 -2.6835e-05 4.1324e-10 TSX
20141209 20160211 -3.4548e-05 4.0007e-10 TSX
20141217 20160722 -1.3275e-05 4.8117e-10 TSX
20141228 20160106 4.5786e-05 4.3207e-10 TSX
20141231 20151024 -6.1241e-05 4.9157e-10 TSX
20150105 20150824 -2.6639e-05 4.954e-10 TSX
20150108 20170811 -2.7963e-05 4.0675e-10 TSX
20150119 20160117 7.9568e-06 4.1503e-10 TSX
20150127 20160411 -4.4995e-05 4.0894e-10 TSX
20150130 20151112 2.64e-05 4.372e-10 TSX
20150210 20170114 2.1699e-05 4.1353e-10 TSX
20150213 20160326 6.2115e-06 4.253e-10 TSX
20150218 20160216 -5.0996e-05 4.1176e-10 TSX
20150221 20180112 -4.8539e-07 3.2551e-10 TSX
20150304 20180911 -1.2348e-05 4.6875e-10 TSX
20150307 20160211 -4.2157e-05 4.2525e-10 TSX
20150312 20160320 2.6159e-05 4.2411e-10 TSX
20150326 20150827 6.313e-05 5.5994e-10 TSX
20150329 20151207 -6.8106e-05 4.7321e-10 TSX
20150428 20160425 4.2153e-05 5.1909e-10 TSX
20150509 20150827 7.5146e-05 6.3402e-10 TSX
20150517 20150824 -0.00028063 6.6723e-10 TSX
20150520 20180911 -1.1519e-05 4.2813e-10 TSX
20150714 20170822 1.9802e-05 4.0241e-10 TSX
20150725 20170924 -1.4708e-05 3.3251e-10 TSX
20150802 20160309 -2.5797e-05 4.9869e-10 TSX
20150805 20160403 4.4868e-05 4.6575e-10 TSX
20150816 20171107 1.3298e-05 3.3197e-10 TSX
20150824 20150915 0.00053213 8.7087e-10 TSX
20150827 20170902 3.3246e-05 3.3774e-10 TSX
20150915 20160216 1.3987e-07 5.7323e-10 TSX
20151021 20160904 -2.9899e-05 4.395e-10 TSX
20151101 20171016 8.9815e-06 3.499e-10 TSX
20151112 20160425 -1.0279e-05 5.3891e-10 TSX
20151115 20151229 0.00011102 7.8067e-10 TSX
20151123 20171221 3.3774e-06 3.6411e-10 TSX
20151204 20151215 0.00016101 9.8268e-10 TSX
20151207 20160406 8.0242e-07 6.0541e-10 TSX
20151215 20170822 -7.535e-06 3.5278e-10 TSX
20151226 20161223 2.6539e-05 3.958e-10 TSX
20151229 20160211 2.4314e-05 7.8067e-10 TSX
20160106 20161223 2.3685e-05 3.994e-10 TSX
20160117 20160926 3.0825e-05 4.6371e-10 TSX
20160128 20160301 -0.00015471 8.1114e-10 TSX
20160208 20160312 -9.5307e-05 8.1114e-10 TSX
20160216 20160309 -0.00031189 8.7087e-10 TSX
20160219 20180319 1.0598e-05 3.2273e-10 TSX
20160301 20161201 5.0887e-06 4.3891e-10 TSX
20160304 20160326 3.1407e-05 8.5545e-10 TSX
20160312 20180319 1.1986e-05 3.1655e-10 TSX
20160320 20160411 0.00039022 8.7089e-10 TSX
20160323 20171118 1.3263e-05 3.4468e-10 TSX
20160326 20160406 -0.00048683 9.7383e-10 TSX
20160403 20171027 -2.9455e-06 3.6373e-10 TSX
20160425 20170811 2.5837e-05 3.604e-10 TSX
20160528 20160630 -2.5124e-06 8.1114e-10 TSX
20160630 20171118 3.2433e-05 3.5581e-10 TSX
20160722 20161201 5.8128e-05 5.8226e-10 TSX
20160904 20180707 -3.5558e-06 3.3993e-10 TSX
20160915 20180911 -1.2016e-06 3.2683e-10 TSX
20160926 20170114 7.7942e-05 6.1991e-10 TSX
20161201 20171027 1.289e-05 4.1355e-10 TSX
20161223 20171107 -1.0782e-05 4.2202e-10 TSX
20170114 20170902 -3.0029e-05 4.7205e-10 TSX
20170811 20171005 -5.5165e-05 7.4502e-10 TSX
20170822 20180707 -5.3128e-05 4.1433e-10 TSX
20170913 20180707 -6.0854e-05 4.2879e-10 TSX
20170924 20180319 -4.9058e-05 5.2383e-10 TSX
20171005 20171107 8.0648e-05 8.1114e-10 TSX
20171016 20180319 -2.4564e-05 5.5082e-10 TSX
20171027 20180911 -1.8e-05 4.1439e-10 TSX
20171107 20171118 7.3283e-05 9.8268e-10 TSX
20171118 20171129 4.9556e-05 9.8268e-10 TSX
20171129 20171221 -1.5828e-05 8.5547e-10 TSX
20171210 20180820 -6.6606e-05 4.5403e-10 TSX
20171221 20180911 -5.3403e-05 4.4656e-10 TSX
20180112 20181003 -5.0451e-05 4.4669e-10 TSX
20180319 20180707 -0.0001139 6.1963e-10 TSX
20180707 20180911 0.00013113 7.1566e-10 TSX
20180729 20181003 -4.0211e-05 7.1566e-10 TSX
20180820 20181003 5.372e-05 7.766e-10 TSX
20180911 20181003 -0.00016904 8.5548e-10 TSX
