20030427 20030914 0.0012598 5.7445e-10 ERS2
20030914 20080629 0.00012709 2.7912e-10 ERS2
20050918 20090510 -9.2559e-06 3.086e-10 ERS2
20051127 20081116 -9.66e-05 3.0967e-10 ERS2
20060903 20090510 1.053e-05 3.1843e-10 ERS2
20061231 20090105 2.2358e-05 3.1069e-10 ALOS
20070402 20070703 3.574e-05 6.7328e-10 ALOS
20070518 20091008 -1.1446e-05 2.9583e-10 ALOS
20070818 20071003 -0.00040756 7.8387e-10 ALOS
20071217 20100509 -5.8018e-05 2.9752e-10 ALOS
20080103 20100526 2.1865e-05 2.9421e-10 ALOS
20080404 20080520 -2.6296e-05 7.8391e-10 ALOS
20080618 20090921 -0.00012681 3.7223e-10 ALOS
20080629 20090510 6.8381e-05 4.1505e-10 ERS2
20080705 20091008 0.00042669 3.6418e-10 ALOS
20080803 20090823 4.2968e-06 3.8668e-10 ERS2
20081116 20090823 2.7848e-05 4.3476e-10 ERS2
20081219 20090921 0.0011216 4.4733e-10 ALOS
20090105 20090708 0.00022157 5.3095e-10 ALOS
20090510 20091101 -0.0001265 5.2457e-10 ERS2
20090708 20091008 0.001351 6.7327e-10 ALOS
20090823 20091101 0.0010526 7.1107e-10 ERS2
20091222 20100624 0.0009604 5.2771e-10 ALOS
20100108 20100223 0.00066705 7.8391e-10 ALOS
20100223 20100526 -6.8542e-05 6.7331e-10 ALOS
20100410 20100711 -0.00013166 6.7323e-10 ALOS
20100509 20100624 0.00079265 7.8151e-10 ALOS
20100526 20100711 0.00052575 7.839e-10 ALOS
20100624 20101109 0.00024522 5.8792e-10 ALOS
20100711 20101011 0.00040052 6.7329e-10 ALOS
20100809 20101109 -3.627e-05 6.7006e-10 ALOS
20101011 20101126 0.00026821 7.8389e-10 ALOS
20110111 20110226 0.001034 7.8387e-10 ALOS
20110924 20130715 2.5534e-06 3.2169e-10 TSX
20111005 20121229 5.8401e-06 3.6825e-10 TSX
20111121 20171221 -2.3948e-06 2.6759e-10 TSX
20111221 20130131 -7.9319e-06 3.8532e-10 TSX
20111224 20121027 -8.3148e-06 4.2256e-10 TSX
20120126 20140419 -2.7513e-06 2.9562e-10 TSX
20120203 20160320 -6.9037e-06 2.4374e-10 TSX
20120206 20171107 -9.3554e-07 2.7402e-10 TSX
20120617 20171129 -9.6126e-06 2.6077e-10 TSX
20120723 20160120 4.5029e-06 2.607e-10 TSX
20121024 20130109 -8.8018e-06 7.1026e-10 TSX
20121027 20151226 1.2178e-05 2.7173e-10 TSX
20121030 20130311 -9.1871e-06 5.8765e-10 TSX
20121107 20171118 -1.5245e-06 2.7465e-10 TSX
20121221 20160208 -7.5891e-06 2.7882e-10 TSX
20121224 20130516 3.2105e-05 5.7102e-10 TSX
20121229 20130407 6.4542e-05 6.6347e-10 TSX
20130104 20130217 5.3013e-05 7.8067e-10 TSX
20130109 20130715 2.3979e-05 5.3178e-10 TSX
20130112 20140511 1.9606e-05 3.586e-10 TSX
20130115 20130721 -4.0962e-05 5.1545e-10 TSX
20130126 20130823 -0.00020536 4.9258e-10 TSX
20130131 20130429 2.0916e-05 6.8604e-10 TSX
20130203 20130729 3.2107e-05 5.2961e-10 TSX
20130211 20130919 3.1951e-05 4.984e-10 TSX
20130228 20141209 2.6141e-05 3.1033e-10 TSX
20130311 20130801 -5.3136e-05 5.7099e-10 TSX
20130316 20130623 2.5228e-06 6.6348e-10 TSX
20130402 20150122 3.3542e-06 2.9309e-10 TSX
20130407 20140530 -3.4598e-05 3.8066e-10 TSX
20130421 20171016 -2.0029e-08 2.6761e-10 TSX
20130424 20130721 -0.00013577 6.6956e-10 TSX
20130429 20130623 -0.00017094 7.6348e-10 TSX
20130505 20131028 -0.00053388 5.2913e-10 TSX
20130513 20151112 2.9243e-06 2.8033e-10 TSX
20130516 20131017 -0.00025547 5.554e-10 TSX
20130521 20130715 0.00014692 7.6351e-10 TSX
20130524 20171129 -4.5687e-06 2.702e-10 TSX
20130527 20140627 -4.0071e-05 3.8329e-10 TSX
20130601 20130930 7.7496e-05 6.2304e-10 TSX
20130604 20141217 -3.885e-06 3.4239e-10 TSX
20130607 20140719 -5.4452e-06 3.7962e-10 TSX
20130612 20150105 2.638e-06 3.3675e-10 TSX
20130615 20160106 3.8919e-06 2.8103e-10 TSX
20130618 20140708 -1.2426e-05 3.8803e-10 TSX
20130623 20130715 0.00066046 8.695e-10 TSX
20130629 20130914 0.00019432 6.9455e-10 TSX
20130707 20150130 -9.1886e-06 3.4331e-10 TSX
20130710 20140901 1.5689e-05 3.7646e-10 TSX
20130715 20130726 -0.0023411 1.0177e-09 TSX
20130721 20131108 0.00072295 6.2518e-10 TSX
20130726 20150517 -2.1061e-05 3.1999e-10 TSX
20130729 20160904 -1.9461e-05 2.7936e-10 TSX
20130801 20151115 2.5395e-05 2.8326e-10 TSX
20130817 20140209 -1.8397e-05 5.4458e-10 TSX
20130828 20150312 -2.31e-05 3.3875e-10 TSX
20130903 20150329 -0.00012399 3.117e-10 TSX
20130919 20160309 9.4664e-06 2.7506e-10 TSX
20130925 20140708 -9.2343e-06 4.3202e-10 TSX
20130930 20160411 -1.9364e-06 2.7334e-10 TSX
20131011 20150802 3.1691e-05 3.1801e-10 TSX
20131017 20140719 -4.4993e-05 4.395e-10 TSX
20131028 20160304 -7.6805e-05 3.3515e-10 TSX
20131102 20140519 2.7918e-06 5.2008e-10 TSX
20131108 20140708 1.9619e-05 4.638e-10 TSX
20140209 20160309 -9.014e-06 3.0304e-10 TSX
20140223 20140829 7.9076e-06 5.1695e-10 TSX
20140408 20140705 -1.0632e-05 6.7533e-10 TSX
20140419 20170913 -3.0996e-06 2.6492e-10 TSX
20140511 20141228 8.2944e-06 4.7421e-10 TSX
20140519 20150824 2.2568e-05 3.6393e-10 TSX
20140624 20171005 -1.0317e-05 2.7349e-10 TSX
20140627 20151115 1.6577e-05 3.3904e-10 TSX
20140705 20180911 -4.4513e-06 2.7732e-10 TSX
20140708 20160406 5.8729e-05 3.1022e-10 TSX
20140716 20171005 7.7175e-06 2.7502e-10 TSX
20140719 20151207 1.6447e-05 3.3949e-10 TSX
20140727 20150326 -2.0891e-05 4.6548e-10 TSX
20140810 20150122 -4.6697e-05 5.4112e-10 TSX
20140818 20160301 -1.5503e-06 3.2892e-10 TSX
20140829 20160208 2.1435e-05 3.3568e-10 TSX
20140901 20140912 -0.00028658 9.7336e-10 TSX
20140912 20141209 4.5899e-05 6.6956e-10 TSX
20140920 20170902 1.0329e-05 2.7828e-10 TSX
20141209 20160211 -4.4172e-05 3.6295e-10 TSX
20141217 20160722 2.8333e-05 3.2315e-10 TSX
20141228 20160106 1.7458e-05 3.8463e-10 TSX
20141231 20151024 -1.9044e-05 4.255e-10 TSX
20150105 20150824 -2.9421e-05 4.884e-10 TSX
20150108 20170811 -1.679e-05 2.9111e-10 TSX
20150119 20160117 4.1177e-05 3.8977e-10 TSX
20150127 20160411 2.9633e-05 3.7083e-10 TSX
20150130 20151112 4.5263e-05 4.3077e-10 TSX
20150210 20170114 -1.2771e-05 3.0708e-10 TSX
20150213 20160326 8.6929e-05 3.7159e-10 TSX
20150218 20160216 -4.684e-06 4.0324e-10 TSX
20150221 20180112 2.2878e-05 2.841e-10 TSX
20150304 20180911 3.9932e-06 2.9175e-10 TSX
20150307 20160211 2.6407e-05 4.0078e-10 TSX
20150312 20160320 3.1437e-05 3.9805e-10 TSX
20150326 20150827 3.6016e-05 5.572e-10 TSX
20150329 20151207 -1.2155e-05 4.5557e-10 TSX
20150428 20160425 2.7262e-05 3.9003e-10 TSX
20150509 20150827 1.2787e-05 6.3007e-10 TSX
20150517 20150824 -9.5216e-05 6.6348e-10 TSX
20150520 20180911 -1.0135e-05 2.8841e-10 TSX
20150714 20170822 -1.4222e-05 3.0524e-10 TSX
20150725 20170924 1.6043e-05 3.051e-10 TSX
20150802 20160309 -2.2692e-05 4.984e-10 TSX
20150805 20160403 2.3657e-06 4.6492e-10 TSX
20150816 20171107 -1.337e-05 3.0942e-10 TSX
20150824 20150915 0.0006622 8.6939e-10 TSX
20150827 20170902 9.5858e-06 3.1272e-10 TSX
20150915 20160216 -0.00014055 5.7261e-10 TSX
20151021 20160904 6.6596e-06 4.156e-10 TSX
20151101 20171016 -2.1206e-06 3.1381e-10 TSX
20151112 20160425 -1.853e-05 5.4336e-10 TSX
20151115 20151229 0.00016553 7.8067e-10 TSX
20151123 20171221 1.0371e-05 3.0531e-10 TSX
20151204 20151215 0.0001352 9.8673e-10 TSX
20151207 20160406 -0.00022099 6.0568e-10 TSX
20151215 20170822 3.0521e-07 3.2474e-10 TSX
20151226 20161223 -7.275e-06 3.9702e-10 TSX
20151229 20160211 4.8388e-05 7.8067e-10 TSX
20160106 20161223 1.729e-05 4.0138e-10 TSX
20160117 20160926 1.3339e-05 4.5655e-10 TSX
20160128 20160301 -0.00015989 8.1949e-10 TSX
20160208 20160312 -7.4572e-05 8.1949e-10 TSX
20160216 20160309 -0.0004031 8.6939e-10 TSX
20160219 20180319 -2.1912e-05 3.0247e-10 TSX
20160301 20161201 3.2668e-05 4.4212e-10 TSX
20160304 20160326 -1.3523e-05 8.5502e-10 TSX
20160312 20180319 -9.2616e-06 3.0515e-10 TSX
20160320 20160411 0.0003679 8.694e-10 TSX
20160323 20171118 -2.7966e-06 3.2522e-10 TSX
20160326 20160406 -0.00046412 9.7329e-10 TSX
20160403 20171027 6.164e-06 3.3108e-10 TSX
20160425 20170811 -1.5242e-05 3.5203e-10 TSX
20160528 20160630 -2.9069e-06 8.1949e-10 TSX
20160630 20171118 1.1932e-05 3.4202e-10 TSX
20160722 20161201 1.7949e-05 5.9152e-10 TSX
20160904 20180707 2.456e-05 3.282e-10 TSX
20160915 20180911 3.547e-06 3.0616e-10 TSX
20160926 20170114 3.4298e-05 6.302e-10 TSX
20161201 20171027 -2.3898e-06 4.1114e-10 TSX
20161223 20171107 1.15e-05 4.1167e-10 TSX
20170114 20170902 3.3201e-05 4.7492e-10 TSX
20170811 20171005 -1.2952e-05 7.5662e-10 TSX
20170822 20180707 7.6828e-05 4.1704e-10 TSX
20170913 20180707 6.4896e-05 4.2817e-10 TSX
20170924 20180319 4.0267e-05 5.2973e-10 TSX
20171005 20171107 2.2443e-05 8.1949e-10 TSX
20171016 20180319 2.8138e-05 5.5824e-10 TSX
20171027 20180911 5.0474e-05 4.1709e-10 TSX
20171107 20171118 7.1377e-05 9.8673e-10 TSX
20171118 20171129 5.552e-05 9.8673e-10 TSX
20171129 20171221 -1.0252e-05 8.6149e-10 TSX
20171210 20180820 4.5333e-05 4.5723e-10 TSX
20171221 20180911 8.9473e-06 4.4898e-10 TSX
20180112 20181003 4.3493e-05 4.4917e-10 TSX
20180319 20180707 6.3987e-06 6.303e-10 TSX
20180707 20180911 0.00016924 7.2787e-10 TSX
20180729 20181003 -8.1314e-06 7.2787e-10 TSX
20180820 20181003 0.00013169 7.8691e-10 TSX
20180911 20181003 -0.00019625 8.6149e-10 TSX
