20030427 20030914 0.00012624 5.6712e-10 ERS2
20030914 20080629 2.6097e-05 2.8141e-10 ERS2
20050918 20090510 2.6292e-05 3.0385e-10 ERS2
20051127 20081116 -2.4689e-05 3.0292e-10 ERS2
20060903 20090510 -0.0002212 3.2593e-10 ERS2
20061231 20090105 0.0001385 3.3717e-10 ALOS
20070402 20070703 -9.8507e-05 6.6844e-10 ALOS
20070518 20091008 7.9307e-05 3.182e-10 ALOS
20070818 20071003 -0.00027708 7.762e-10 ALOS
20071217 20100509 -0.00011627 3.0623e-10 ALOS
20080103 20100526 -0.00014435 3.243e-10 ALOS
20080404 20080520 -0.00019886 7.7664e-10 ALOS
20080618 20090921 -5.1398e-05 3.7242e-10 ALOS
20080629 20090510 -0.00020071 4.1492e-10 ERS2
20080705 20091008 0.0003634 3.652e-10 ALOS
20080803 20090823 -1.9384e-05 3.8349e-10 ERS2
20081116 20090823 6.9248e-05 4.32e-10 ERS2
20081219 20090921 -3.1343e-05 4.4673e-10 ALOS
20090105 20090708 -0.00029902 5.4104e-10 ALOS
20090510 20091101 -2.8394e-05 5.2364e-10 ERS2
20090708 20091008 0.00019116 6.668e-10 ALOS
20090823 20091101 0.00015932 6.9859e-10 ERS2
20091222 20100624 7.6991e-05 5.2984e-10 ALOS
20100108 20100223 0.00016695 7.7797e-10 ALOS
20100223 20100526 -0.00028695 6.7161e-10 ALOS
20100410 20100711 6.6092e-05 6.6745e-10 ALOS
20100509 20100624 0.00055293 7.7404e-10 ALOS
20100526 20100711 0.00037377 7.7617e-10 ALOS
20100624 20101109 -2.4143e-05 5.8417e-10 ALOS
20100711 20101011 -8.5396e-05 6.6669e-10 ALOS
20100809 20101109 5.5186e-05 6.6388e-10 ALOS
20101011 20101126 0.00022827 7.7617e-10 ALOS
20110111 20110226 0.00047497 7.7617e-10 ALOS
20110924 20130715 -1.2056e-05 3.2501e-10 TSX
20111005 20121229 -6.6126e-06 3.7324e-10 TSX
20111121 20171221 -3.1165e-05 4.4252e-10 TSX
20111221 20130131 7.8301e-07 3.8584e-10 TSX
20111224 20121027 3.8653e-06 4.1945e-10 TSX
20120126 20140419 -5.0685e-05 4.2068e-10 TSX
20120203 20160320 8.0687e-05 3.686e-10 TSX
20120206 20171107 1.3613e-05 4.0586e-10 TSX
20120617 20171129 1.0822e-05 4.5115e-10 TSX
20120723 20160120 1.5386e-05 3.5067e-10 TSX
20121024 20130109 6.1145e-05 7.023e-10 TSX
20121027 20151226 2.3355e-05 3.12e-10 TSX
20121030 20130311 9.6442e-06 5.8474e-10 TSX
20121107 20171118 2.7232e-05 5.331e-10 TSX
20121221 20160208 4.3515e-06 3.8698e-10 TSX
20121224 20130516 5.5317e-05 5.6856e-10 TSX
20121229 20130407 3.2991e-05 6.5651e-10 TSX
20130104 20130217 -2.3701e-05 7.7376e-10 TSX
20130109 20130715 7.543e-05 5.3164e-10 TSX
20130112 20140511 -4.9061e-06 3.6316e-10 TSX
20130115 20130721 -7.4709e-05 5.1596e-10 TSX
20130126 20130823 0.00011341 5.1797e-10 TSX
20130131 20130429 -2.6835e-05 6.7847e-10 TSX
20130203 20130729 -6.0129e-06 5.2347e-10 TSX
20130211 20130919 -1.9503e-05 4.9676e-10 TSX
20130228 20141209 1.4979e-05 3.2812e-10 TSX
20130311 20130801 -3.8761e-05 5.6922e-10 TSX
20130316 20130623 -6.6796e-06 6.5674e-10 TSX
20130402 20150122 1.1054e-06 4.3336e-10 TSX
20130407 20140530 -1.5146e-05 3.8147e-10 TSX
20130421 20171016 1.03e-05 4.9246e-10 TSX
20130424 20130721 -0.0001294 6.645e-10 TSX
20130429 20130623 -5.2164e-05 7.5514e-10 TSX
20130505 20131028 -0.00044166 5.5297e-10 TSX
20130513 20151112 -3.8065e-05 3.333e-10 TSX
20130516 20131017 -0.00015944 6.1984e-10 TSX
20130521 20130715 6.3858e-05 7.5522e-10 TSX
20130524 20171129 3.1408e-07 4.6352e-10 TSX
20130527 20140627 -3.7786e-05 3.8523e-10 TSX
20130601 20130930 -4.2704e-05 6.1741e-10 TSX
20130604 20141217 -2.5843e-05 3.5473e-10 TSX
20130607 20140719 -2.3223e-06 3.8196e-10 TSX
20130612 20150105 1.0183e-05 3.4523e-10 TSX
20130615 20160106 3.9887e-05 3.8632e-10 TSX
20130618 20140708 -2.8706e-05 3.8834e-10 TSX
20130623 20130715 0.00058122 8.6342e-10 TSX
20130629 20130914 3.9918e-05 6.9599e-10 TSX
20130707 20150130 -1.9349e-05 3.4107e-10 TSX
20130710 20140901 4.2426e-05 3.7851e-10 TSX
20130715 20130726 -0.0023414 1.0127e-09 TSX
20130721 20131108 0.00053656 6.5816e-10 TSX
20130726 20150517 1.2303e-06 3.3622e-10 TSX
20130729 20160904 1.3768e-05 4.4038e-10 TSX
20130801 20151115 1.5083e-05 3.4427e-10 TSX
20130817 20140209 1.2059e-05 5.4131e-10 TSX
20130828 20150312 1.9891e-05 3.4586e-10 TSX
20130903 20150329 -1.811e-05 4.4611e-10 TSX
20130919 20160309 -1.4741e-05 3.1802e-10 TSX
20130925 20140708 8.3393e-05 5.1191e-10 TSX
20130930 20160411 1.6734e-05 3.5991e-10 TSX
20131011 20150802 -1.1778e-06 3.6659e-10 TSX
20131017 20140719 -5.1417e-05 4.4422e-10 TSX
20131028 20160304 -2.4209e-05 3.8718e-10 TSX
20131102 20140519 -8.1484e-06 5.1743e-10 TSX
20131108 20140708 6.9359e-05 5.2761e-10 TSX
20140209 20160309 -1.3375e-05 3.9859e-10 TSX
20140223 20140829 4.2646e-05 5.1142e-10 TSX
20140408 20140705 1.4224e-05 6.6135e-10 TSX
20140419 20170913 4.8493e-05 4.0944e-10 TSX
20140511 20141228 3.694e-05 4.7245e-10 TSX
20140519 20150824 4.7872e-05 3.8412e-10 TSX
20140624 20171005 -4.8037e-05 3.8261e-10 TSX
20140627 20151115 1.7485e-05 3.8001e-10 TSX
20140705 20180911 1.5614e-05 4.0606e-10 TSX
20140708 20160406 -2.1743e-05 3.584e-10 TSX
20140716 20171005 1.1404e-05 4.3566e-10 TSX
20140719 20151207 6.286e-06 3.7815e-10 TSX
20140727 20150326 -5.9929e-05 4.619e-10 TSX
20140810 20150122 6.5751e-05 5.4293e-10 TSX
20140818 20160301 1.6426e-05 3.8262e-10 TSX
20140829 20160208 1.2457e-05 4.3008e-10 TSX
20140901 20140912 -0.00027401 9.6886e-10 TSX
20140912 20141209 1.8078e-05 6.6428e-10 TSX
20140920 20170902 -1.601e-06 4.1591e-10 TSX
20141209 20160211 -1.7002e-05 3.8787e-10 TSX
20141217 20160722 1.4074e-05 4.362e-10 TSX
20141228 20160106 1.3726e-05 4.4298e-10 TSX
20141231 20151024 -4.8157e-06 4.4155e-10 TSX
20150105 20150824 -6.418e-05 4.9548e-10 TSX
20150108 20170811 2.8299e-05 4.1164e-10 TSX
20150119 20160117 5.6934e-05 4.1314e-10 TSX
20150127 20160411 -4.8922e-05 4.1197e-10 TSX
20150130 20151112 1.4946e-05 4.4147e-10 TSX
20150210 20170114 6.9348e-05 3.7683e-10 TSX
20150213 20160326 -4.6931e-05 3.9677e-10 TSX
20150218 20160216 -3.3163e-05 4.3572e-10 TSX
20150221 20180112 3.8682e-06 4.9099e-10 TSX
20150304 20180911 1.2525e-05 3.8264e-10 TSX
20150307 20160211 -2.4489e-05 4.1453e-10 TSX
20150312 20160320 -4.9268e-05 4.2589e-10 TSX
20150326 20150827 4.3228e-05 5.5331e-10 TSX
20150329 20151207 -2.3772e-05 4.6172e-10 TSX
20150428 20160425 6.1034e-05 4.0057e-10 TSX
20150509 20150827 4.3128e-05 6.3042e-10 TSX
20150517 20150824 -0.00029652 6.606e-10 TSX
20150520 20180911 -3.8298e-06 4.2384e-10 TSX
20150714 20170822 9.6923e-05 3.9039e-10 TSX
20150725 20170924 2.8088e-05 3.1543e-10 TSX
20150802 20160309 -2.8943e-05 4.9658e-10 TSX
20150805 20160403 8.9648e-07 4.6252e-10 TSX
20150816 20171107 1.5301e-05 3.2683e-10 TSX
20150824 20150915 0.00059743 8.6333e-10 TSX
20150827 20170902 6.7186e-05 3.4083e-10 TSX
20150915 20160216 -7.4727e-05 5.6998e-10 TSX
20151021 20160904 -6.0756e-05 4.2365e-10 TSX
20151101 20171016 1.171e-05 3.2247e-10 TSX
20151112 20160425 -1.7617e-05 5.3665e-10 TSX
20151115 20151229 8.0206e-05 7.7376e-10 TSX
20151123 20171221 7.4515e-06 3.7956e-10 TSX
20151204 20151215 0.00017265 9.7847e-10 TSX
20151207 20160406 -3.8243e-05 6.0227e-10 TSX
20151215 20170822 -3.7722e-05 3.7185e-10 TSX
20151226 20161223 2.6867e-05 3.9432e-10 TSX
20151229 20160211 1.0967e-05 7.7376e-10 TSX
20160106 20161223 3.2782e-05 4.0174e-10 TSX
20160117 20160926 7.344e-05 4.5605e-10 TSX
20160128 20160301 -0.00019903 8.0674e-10 TSX
20160208 20160312 -6.5031e-05 8.0674e-10 TSX
20160216 20160309 -0.00035073 8.6333e-10 TSX
20160219 20180319 5.2906e-06 3.1665e-10 TSX
20160301 20161201 8.1323e-05 4.3857e-10 TSX
20160304 20160326 5.374e-05 8.4955e-10 TSX
20160312 20180319 3.5861e-06 3.1266e-10 TSX
20160320 20160411 0.00035001 8.6334e-10 TSX
20160323 20171118 4.0023e-05 3.3271e-10 TSX
20160326 20160406 -0.00051712 9.6879e-10 TSX
20160403 20171027 1.2532e-05 3.4611e-10 TSX
20160425 20170811 4.0431e-05 4.1495e-10 TSX
20160528 20160630 8.5009e-06 8.0674e-10 TSX
20160630 20171118 4.6525e-05 3.4986e-10 TSX
20160722 20161201 0.00013195 5.8145e-10 TSX
20160904 20180707 -9.0985e-06 3.2639e-10 TSX
20160915 20180911 2.4299e-07 3.1215e-10 TSX
20160926 20170114 9.3148e-05 6.1859e-10 TSX
20161201 20171027 -8.2003e-06 4.1565e-10 TSX
20161223 20171107 -9.2356e-06 4.1493e-10 TSX
20170114 20170902 -5.7999e-05 4.6954e-10 TSX
20170811 20171005 -2.7723e-05 7.4138e-10 TSX
20170822 20180707 -7.508e-05 4.1397e-10 TSX
20170913 20180707 -0.0001372 4.2521e-10 TSX
20170924 20180319 -6.1997e-05 5.2323e-10 TSX
20171005 20171107 7.209e-05 8.0674e-10 TSX
20171016 20180319 -4.9236e-05 5.5011e-10 TSX
20171027 20180911 -2.9295e-05 4.1387e-10 TSX
20171107 20171118 7.2212e-05 9.7848e-10 TSX
20171118 20171129 5.8033e-05 9.7847e-10 TSX
20171129 20171221 -1.6884e-05 8.5107e-10 TSX
20171210 20180820 -8.1031e-05 4.5357e-10 TSX
20171221 20180911 -4.4713e-05 4.4586e-10 TSX
20180112 20181003 -1.4122e-05 4.4636e-10 TSX
20180319 20180707 -0.00012269 6.1806e-10 TSX
20180707 20180911 0.00022404 7.1256e-10 TSX
20180729 20181003 -2.0399e-05 7.1256e-10 TSX
20180820 20181003 0.00011489 7.7248e-10 TSX
20180911 20181003 -0.00019182 8.5107e-10 TSX
