20030427 20030914 -0.00012274 5.6617e-10 ERS2
20030914 20080629 2.4766e-05 2.8311e-10 ERS2
20050918 20090510 0.0001353 3.016e-10 ERS2
20051127 20081116 0.00019087 3.1881e-10 ERS2
20060903 20090510 -2.345e-05 3.135e-10 ERS2
20061231 20090105 0.00098974 3.1388e-10 ALOS
20070402 20070703 0.00015997 6.6625e-10 ALOS
20070518 20091008 0.00090541 3.2361e-10 ALOS
20070818 20071003 -6.3168e-06 7.7514e-10 ALOS
20071217 20100509 0.00082402 3.0427e-10 ALOS
20080103 20100526 0.0007645 3.3901e-10 ALOS
20080404 20080520 8.2964e-05 7.7515e-10 ALOS
20080618 20090921 0.00058104 3.7354e-10 ALOS
20080629 20090510 -0.00042694 4.1658e-10 ERS2
20080705 20091008 0.00072175 3.6548e-10 ALOS
20080803 20090823 -3.6156e-06 3.8275e-10 ERS2
20081116 20090823 0.00015131 4.3202e-10 ERS2
20081219 20090921 0.00080697 4.5155e-10 ALOS
20090105 20090708 0.0002537 5.3058e-10 ALOS
20090510 20091101 0.00069371 5.1996e-10 ERS2
20090708 20091008 0.0010996 6.6669e-10 ALOS
20090823 20091101 0.00018479 6.9855e-10 ERS2
20091222 20100624 0.00050041 5.2742e-10 ALOS
20100108 20100223 0.00039273 7.756e-10 ALOS
20100223 20100526 -0.00013582 6.683e-10 ALOS
20100410 20100711 -5.7393e-05 6.6718e-10 ALOS
20100509 20100624 0.00060447 7.7316e-10 ALOS
20100526 20100711 0.00044077 7.7515e-10 ALOS
20100624 20101109 0.0004626 5.8405e-10 ALOS
20100711 20101011 0.00053017 6.6668e-10 ALOS
20100809 20101109 0.00027085 6.6354e-10 ALOS
20101011 20101126 5.8553e-05 7.7514e-10 ALOS
20110111 20110226 0.00076725 7.7513e-10 ALOS
20110924 20130715 0.00066156 3.2664e-10 TSX
20111005 20121229 0.00051657 3.6999e-10 TSX
20111121 20171221 2.1639e-05 4.0312e-10 TSX
20111221 20130131 0.00053119 3.8574e-10 TSX
20111224 20121027 0.0001315 4.193e-10 TSX
20120126 20140419 5.7954e-05 3.1555e-10 TSX
20120203 20160320 0.000108 2.7363e-10 TSX
20120206 20171107 7.0897e-06 4.1161e-10 TSX
20120617 20171129 3.6882e-05 3.6123e-10 TSX
20120723 20160120 6.2437e-05 3.5052e-10 TSX
20121024 20130109 7.2011e-06 7.0156e-10 TSX
20121027 20151226 7.4539e-05 3.4443e-10 TSX
20121030 20130311 0.00017402 5.8465e-10 TSX
20121107 20171118 4.1138e-05 3.9591e-10 TSX
20121221 20160208 3.5689e-05 3.4621e-10 TSX
20121224 20130516 6.8697e-05 5.6848e-10 TSX
20121229 20130407 0.00030855 6.5607e-10 TSX
20130104 20130217 0.0001583 7.7311e-10 TSX
20130109 20130715 0.00042381 5.2852e-10 TSX
20130112 20140511 4.6736e-05 3.5589e-10 TSX
20130115 20130721 0.00018041 5.1395e-10 TSX
20130126 20130823 2.4288e-05 5.1061e-10 TSX
20130131 20130429 3.1503e-05 6.7796e-10 TSX
20130203 20130729 0.0001667 5.2312e-10 TSX
20130211 20130919 0.00037913 4.9591e-10 TSX
20130228 20141209 0.00056825 3.1867e-10 TSX
20130311 20130801 0.0002936 5.6843e-10 TSX
20130316 20130623 0.00018078 6.5607e-10 TSX
20130402 20150122 0.00015838 3.3862e-10 TSX
20130407 20140530 0.00037739 3.8088e-10 TSX
20130421 20171016 -7.9599e-06 3.0116e-10 TSX
20130424 20130721 -1.0455e-06 6.6401e-10 TSX
20130429 20130623 5.6527e-05 7.5408e-10 TSX
20130505 20131028 -0.00058557 6.4364e-10 TSX
20130513 20151112 1.1714e-05 3.6417e-10 TSX
20130516 20131017 9.0175e-05 5.7618e-10 TSX
20130521 20130715 0.00032261 7.5411e-10 TSX
20130524 20171129 1.3487e-05 2.977e-10 TSX
20130527 20140627 0.00046051 3.8397e-10 TSX
20130601 20130930 0.00047324 6.1697e-10 TSX
20130604 20141217 8.5017e-05 3.4661e-10 TSX
20130607 20140719 0.00054453 3.8e-10 TSX
20130612 20150105 0.00052776 3.392e-10 TSX
20130615 20160106 5.4469e-05 3.4136e-10 TSX
20130618 20140708 0.00045282 3.8837e-10 TSX
20130623 20130715 0.00069069 8.6162e-10 TSX
20130629 20130914 0.00042047 7.0352e-10 TSX
20130707 20150130 2.9263e-05 3.5325e-10 TSX
20130710 20140901 0.00048464 3.7637e-10 TSX
20130715 20130726 -0.0023747 1.0107e-09 TSX
20130721 20131108 0.00076779 6.5371e-10 TSX
20130726 20150517 0.00046388 3.3066e-10 TSX
20130729 20160904 3.4571e-05 3.4925e-10 TSX
20130801 20151115 0.00015511 3.5465e-10 TSX
20130817 20140209 0.0003401 5.4095e-10 TSX
20130828 20150312 0.00047543 3.4484e-10 TSX
20130903 20150329 -0.00017103 3.7724e-10 TSX
20130919 20160309 0.00033875 3.0389e-10 TSX
20130925 20140708 0.00039368 4.423e-10 TSX
20130930 20160411 0.00011043 3.1029e-10 TSX
20131011 20150802 0.00046504 3.4633e-10 TSX
20131017 20140719 0.00031264 4.5338e-10 TSX
20131028 20160304 -3.2651e-05 3.9293e-10 TSX
20131102 20140519 3.7316e-05 5.1711e-10 TSX
20131108 20140708 0.0002404 4.9778e-10 TSX
20140209 20160309 0.00028188 3.2185e-10 TSX
20140223 20140829 0.00014771 5.1109e-10 TSX
20140408 20140705 -4.0514e-05 6.6128e-10 TSX
20140419 20170913 7.1893e-05 4.0144e-10 TSX
20140511 20141228 0.00015257 4.6997e-10 TSX
20140519 20150824 0.00049859 3.6996e-10 TSX
20140624 20171005 7.5124e-05 4.0944e-10 TSX
20140627 20151115 0.00054394 3.6954e-10 TSX
20140705 20180911 3.2622e-05 3.2217e-10 TSX
20140708 20160406 0.00040036 3.3361e-10 TSX
20140716 20171005 0.00011026 3.5755e-10 TSX
20140719 20151207 0.00048375 3.5023e-10 TSX
20140727 20150326 1.9529e-05 4.6274e-10 TSX
20140810 20150122 0.00023864 5.4278e-10 TSX
20140818 20160301 2.5419e-05 3.55e-10 TSX
20140829 20160208 6.1911e-05 3.8123e-10 TSX
20140901 20140912 -0.00031706 9.6744e-10 TSX
20140912 20141209 0.00013417 6.6401e-10 TSX
20140920 20170902 0.00011504 3.9566e-10 TSX
20141209 20160211 0.00044637 3.7164e-10 TSX
20141217 20160722 8.4571e-05 3.6057e-10 TSX
20141228 20160106 8.9335e-05 3.8612e-10 TSX
20141231 20151024 0.00044336 4.2698e-10 TSX
20150105 20150824 0.00029777 4.8743e-10 TSX
20150108 20170811 1.6867e-05 3.3673e-10 TSX
20150119 20160117 0.00013013 3.9415e-10 TSX
20150127 20160411 0.00046743 3.8586e-10 TSX
20150130 20151112 0.0001177 4.3428e-10 TSX
20150210 20170114 9.4165e-05 3.5414e-10 TSX
20150213 20160326 -4.9278e-05 4.3334e-10 TSX
20150218 20160216 0.00043558 4.0578e-10 TSX
20150221 20180112 4.2613e-05 3.4062e-10 TSX
20150304 20180911 -2.8987e-06 3.6889e-10 TSX
20150307 20160211 0.00050502 4.0303e-10 TSX
20150312 20160320 0.00043102 4.0082e-10 TSX
20150326 20150827 0.00022136 5.5086e-10 TSX
20150329 20151207 0.00044846 4.5628e-10 TSX
20150428 20160425 0.00013253 3.9355e-10 TSX
20150509 20150827 0.00023761 6.2079e-10 TSX
20150517 20150824 0.00041063 6.5659e-10 TSX
20150520 20180911 -9.8397e-05 3.84e-10 TSX
20150714 20170822 -3.4076e-06 3.3759e-10 TSX
20150725 20170924 2.6363e-05 3.3199e-10 TSX
20150802 20160309 0.00027848 4.9818e-10 TSX
20150805 20160403 5.4084e-05 4.6258e-10 TSX
20150816 20171107 8.8765e-05 3.4364e-10 TSX
20150824 20150915 0.00082711 8.6152e-10 TSX
20150827 20170902 0.00011513 3.2742e-10 TSX
20150915 20160216 1.4162e-05 5.6822e-10 TSX
20151021 20160904 1.6446e-05 4.1145e-10 TSX
20151101 20171016 7.2304e-05 3.1205e-10 TSX
20151112 20160425 6.028e-07 5.3674e-10 TSX
20151115 20151229 0.00017704 7.7311e-10 TSX
20151123 20171221 3.4108e-06 3.2233e-10 TSX
20151204 20151215 0.00016763 9.7754e-10 TSX
20151207 20160406 0.00010219 6.0214e-10 TSX
20151215 20170822 0.00012161 3.2575e-10 TSX
20151226 20161223 8.7464e-05 3.9199e-10 TSX
20151229 20160211 1.9252e-05 7.7311e-10 TSX
20160106 20161223 0.00010674 3.9688e-10 TSX
20160117 20160926 0.00012372 4.5307e-10 TSX
20160128 20160301 -0.00016431 8.0626e-10 TSX
20160208 20160312 -0.00010771 8.0626e-10 TSX
20160216 20160309 -0.00039831 8.6152e-10 TSX
20160219 20180319 2.7729e-05 3.1678e-10 TSX
20160301 20161201 0.00014105 4.3785e-10 TSX
20160304 20160326 2.8861e-05 8.4837e-10 TSX
20160312 20180319 1.9371e-05 3.0967e-10 TSX
20160320 20160411 0.00042437 8.6153e-10 TSX
20160323 20171118 0.00010759 3.2572e-10 TSX
20160326 20160406 -0.00048047 9.6737e-10 TSX
20160403 20171027 9.6965e-05 3.3467e-10 TSX
20160425 20170811 0.00012059 3.4993e-10 TSX
20160528 20160630 3.8556e-05 8.0626e-10 TSX
20160630 20171118 8.9736e-05 3.4081e-10 TSX
20160722 20161201 0.00020431 5.8134e-10 TSX
20160904 20180707 -1.3374e-05 3.3464e-10 TSX
20160915 20180911 1.5917e-05 3.1172e-10 TSX
20160926 20170114 4.3286e-05 6.1782e-10 TSX
20161201 20171027 7.0634e-05 4.069e-10 TSX
20161223 20171107 9.1618e-05 4.0939e-10 TSX
20170114 20170902 9.0908e-05 4.6901e-10 TSX
20170811 20171005 -4.7773e-05 7.4118e-10 TSX
20170822 20180707 -0.00013787 4.1359e-10 TSX
20170913 20180707 -0.0001826 4.2507e-10 TSX
20170924 20180319 6.4715e-06 5.2325e-10 TSX
20171005 20171107 7.7545e-05 8.0626e-10 TSX
20171016 20180319 3.3508e-05 5.5011e-10 TSX
20171027 20180911 -5.2593e-05 4.1369e-10 TSX
20171107 20171118 8.6787e-05 9.7754e-10 TSX
20171118 20171129 3.8632e-05 9.7754e-10 TSX
20171129 20171221 -2.651e-05 8.5036e-10 TSX
20171210 20180820 -0.00013187 4.5347e-10 TSX
20171221 20180911 -9.421e-05 4.4589e-10 TSX
20180112 20181003 6.6759e-05 4.464e-10 TSX
20180319 20180707 -0.00039676 6.18e-10 TSX
20180707 20180911 0.00035231 7.1242e-10 TSX
20180729 20181003 0.00024146 7.1242e-10 TSX
20180820 20181003 0.0003205 7.7217e-10 TSX
20180911 20181003 -0.0001307 8.5036e-10 TSX
