20030427 20030914 0.00028764 5.6715e-10 ERS2
20030914 20080629 -0.00023571 2.8978e-10 ERS2
20050918 20090510 -4.3733e-06 3.0116e-10 ERS2
20051127 20081116 0.0002876 3.1678e-10 ERS2
20060903 20090510 8.2976e-05 3.0876e-10 ERS2
20061231 20090105 5.5054e-05 3.1392e-10 ALOS
20070402 20070703 -9.0324e-05 6.6666e-10 ALOS
20070518 20091008 -2.6932e-05 2.9973e-10 ALOS
20070818 20071003 -0.00041532 7.7632e-10 ALOS
20071217 20100509 1.6159e-05 2.9946e-10 ALOS
20080103 20100526 7.0851e-05 2.9831e-10 ALOS
20080404 20080520 0.00011435 7.7633e-10 ALOS
20080618 20090921 -5.4196e-05 3.7291e-10 ALOS
20080629 20090510 -0.00028178 4.1174e-10 ERS2
20080705 20091008 -6.6468e-05 3.6524e-10 ALOS
20080803 20090823 -5.8558e-05 3.8241e-10 ERS2
20081116 20090823 2.7951e-05 4.3208e-10 ERS2
20081219 20090921 0.00020839 4.4621e-10 ALOS
20090105 20090708 5.3044e-05 5.2882e-10 ALOS
20090510 20091101 0.0011141 5.201e-10 ERS2
20090708 20091008 0.00022558 6.6668e-10 ALOS
20090823 20091101 2.8485e-05 6.9911e-10 ERS2
20091222 20100624 0.00029219 5.2554e-10 ALOS
20100108 20100223 0.00019139 7.765e-10 ALOS
20100223 20100526 -3.1612e-07 6.6676e-10 ALOS
20100410 20100711 -0.00018495 6.6669e-10 ALOS
20100509 20100624 0.00068092 7.742e-10 ALOS
20100526 20100711 0.00033055 7.7633e-10 ALOS
20100624 20101109 -0.00018671 5.8412e-10 ALOS
20100711 20101011 -0.00017201 6.6668e-10 ALOS
20100809 20101109 -0.00016582 6.639e-10 ALOS
20101011 20101126 0.00023023 7.7633e-10 ALOS
20110111 20110226 0.00065797 7.7632e-10 ALOS
20110924 20130715 4.3454e-05 3.2352e-10 TSX
20111005 20121229 -1.0422e-05 3.6852e-10 TSX
20111121 20171221 -1.4326e-05 2.689e-10 TSX
20111221 20130131 6.223e-05 3.8552e-10 TSX
20111224 20121027 -1.1912e-05 4.1937e-10 TSX
20120126 20140419 -9.7829e-07 2.9084e-10 TSX
20120203 20160320 -3.0224e-06 2.494e-10 TSX
20120206 20171107 -4.7176e-06 2.7277e-10 TSX
20120617 20171129 2.5253e-06 2.6952e-10 TSX
20120723 20160120 2.4436e-05 2.6423e-10 TSX
20121024 20130109 0.00020533 7.023e-10 TSX
20121027 20151226 6.0088e-06 2.6627e-10 TSX
20121030 20130311 4.0368e-05 5.8473e-10 TSX
20121107 20171118 4.587e-06 2.5753e-10 TSX
20121221 20160208 7.129e-06 2.678e-10 TSX
20121224 20130516 -6.0645e-05 5.6855e-10 TSX
20121229 20130407 0.00011202 6.5654e-10 TSX
20130104 20130217 9.3196e-06 7.7386e-10 TSX
20130109 20130715 1.1838e-05 5.2942e-10 TSX
20130112 20140511 -1.454e-05 3.5442e-10 TSX
20130115 20130721 -0.00021044 5.1399e-10 TSX
20130126 20130823 -0.00020636 5.0348e-10 TSX
20130131 20130429 -8.0705e-05 6.7855e-10 TSX
20130203 20130729 -5.662e-05 5.2327e-10 TSX
20130211 20130919 -6.3017e-05 4.96e-10 TSX
20130228 20141209 3.9977e-05 3.1369e-10 TSX
20130311 20130801 -7.4073e-05 5.685e-10 TSX
20130316 20130623 2.5155e-05 6.5655e-10 TSX
20130402 20150122 6.0033e-05 3.4378e-10 TSX
20130407 20140530 -1.7148e-05 3.8097e-10 TSX
20130421 20171016 6.212e-07 2.7806e-10 TSX
20130424 20130721 -0.00034207 6.6418e-10 TSX
20130429 20130623 -8.0693e-05 7.5525e-10 TSX
20130505 20131028 -0.00055329 5.4806e-10 TSX
20130513 20151112 8.4072e-06 2.7904e-10 TSX
20130516 20131017 -0.00036314 5.6402e-10 TSX
20130521 20130715 0.00011595 7.5528e-10 TSX
20130524 20171129 9.198e-06 2.6288e-10 TSX
20130527 20140627 1.4661e-05 3.8393e-10 TSX
20130601 20130930 -4.8659e-06 6.1727e-10 TSX
20130604 20141217 -7.2681e-06 3.3799e-10 TSX
20130607 20140719 3.4536e-05 3.8037e-10 TSX
20130612 20150105 2.4385e-05 3.3806e-10 TSX
20130615 20160106 -5.6179e-06 2.7683e-10 TSX
20130618 20140708 -3.8939e-05 3.8803e-10 TSX
20130623 20130715 0.00056722 8.6355e-10 TSX
20130629 20130914 0.00023355 6.8923e-10 TSX
20130707 20150130 -2.3583e-06 3.3793e-10 TSX
20130710 20140901 1.5673e-05 3.7685e-10 TSX
20130715 20130726 -0.0025673 1.0128e-09 TSX
20130721 20131108 0.00079038 6.2696e-10 TSX
20130726 20150517 0.0001875 3.2245e-10 TSX
20130729 20160904 1.0284e-05 2.7026e-10 TSX
20130801 20151115 3.7504e-05 2.8927e-10 TSX
20130817 20140209 3.1589e-05 5.4108e-10 TSX
20130828 20150312 2.1672e-05 3.4037e-10 TSX
20130903 20150329 -0.00011176 3.3724e-10 TSX
20130919 20160309 4.2515e-05 2.7941e-10 TSX
20130925 20140708 2.9114e-05 4.3131e-10 TSX
20130930 20160411 3.9797e-05 2.7435e-10 TSX
20131011 20150802 -4.1136e-06 3.2041e-10 TSX
20131017 20140719 2.6018e-05 4.3876e-10 TSX
20131028 20160304 5.5429e-05 3.034e-10 TSX
20131102 20140519 -0.00015851 5.1718e-10 TSX
20131108 20140708 1.2997e-05 4.6323e-10 TSX
20140209 20160309 2.2341e-05 3.167e-10 TSX
20140223 20140829 -1.6199e-05 5.1123e-10 TSX
20140408 20140705 -1.4092e-05 6.6188e-10 TSX
20140419 20170913 1.2646e-05 3.048e-10 TSX
20140511 20141228 3.0125e-05 4.7021e-10 TSX
20140519 20150824 0.00011345 3.6488e-10 TSX
20140624 20171005 -4.4567e-06 2.8438e-10 TSX
20140627 20151115 2.4032e-05 3.4152e-10 TSX
20140705 20180911 7.715e-06 2.8213e-10 TSX
20140708 20160406 6.4824e-05 3.1377e-10 TSX
20140716 20171005 1.11e-05 2.8942e-10 TSX
20140719 20151207 5.943e-06 3.4009e-10 TSX
20140727 20150326 1.0536e-05 4.6164e-10 TSX
20140810 20150122 1.1924e-05 5.3923e-10 TSX
20140818 20160301 1.5082e-05 3.2514e-10 TSX
20140829 20160208 -2.0936e-06 3.3145e-10 TSX
20140901 20140912 -0.00031632 9.6902e-10 TSX
20140912 20141209 0.00011813 6.6418e-10 TSX
20140920 20170902 9.9778e-06 2.8336e-10 TSX
20141209 20160211 2.1364e-06 3.6438e-10 TSX
20141217 20160722 -4.1399e-06 3.2407e-10 TSX
20141228 20160106 -9.8554e-06 3.8204e-10 TSX
20141231 20151024 8.3143e-06 4.2496e-10 TSX
20150105 20150824 -5.1842e-06 4.8623e-10 TSX
20150108 20170811 -1.435e-05 2.9878e-10 TSX
20150119 20160117 8.292e-06 3.8703e-10 TSX
20150127 20160411 6.299e-05 3.7205e-10 TSX
20150130 20151112 -1.8914e-05 4.2862e-10 TSX
20150210 20170114 1.5397e-06 3.1702e-10 TSX
20150213 20160326 -4.6011e-06 3.8309e-10 TSX
20150218 20160216 1.9405e-05 4.0302e-10 TSX
20150221 20180112 9.3579e-06 3.2273e-10 TSX
20150304 20180911 6.2597e-06 2.7991e-10 TSX
20150307 20160211 2.677e-05 4.0123e-10 TSX
20150312 20160320 -3.4391e-06 3.9792e-10 TSX
20150326 20150827 -3.5006e-05 5.4998e-10 TSX
20150329 20151207 -1.6472e-05 4.5474e-10 TSX
20150428 20160425 1.3314e-05 3.8742e-10 TSX
20150509 20150827 -0.00010835 6.1814e-10 TSX
20150517 20150824 -0.00022498 6.5662e-10 TSX
20150520 20180911 3.6457e-06 2.7948e-10 TSX
20150714 20170822 -9.4046e-06 2.9483e-10 TSX
20150725 20170924 -6.191e-06 2.9384e-10 TSX
20150802 20160309 2.1845e-05 4.9602e-10 TSX
20150805 20160403 6.1949e-05 4.6123e-10 TSX
20150816 20171107 3.736e-06 2.9333e-10 TSX
20150824 20150915 0.00066827 8.6345e-10 TSX
20150827 20170902 -3.0414e-06 2.976e-10 TSX
20150915 20160216 -6.9338e-05 5.6834e-10 TSX
20151021 20160904 4.015e-05 4.122e-10 TSX
20151101 20171016 -1.1993e-05 3.0579e-10 TSX
20151112 20160425 6.857e-05 5.3628e-10 TSX
20151115 20151229 0.00019891 7.7386e-10 TSX
20151123 20171221 1.7906e-05 2.971e-10 TSX
20151204 20151215 0.00013712 9.8025e-10 TSX
20151207 20160406 3.8944e-07 6.0223e-10 TSX
20151215 20170822 2.3184e-05 3.1586e-10 TSX
20151226 20161223 1.7248e-05 3.9382e-10 TSX
20151229 20160211 1.9581e-05 7.7386e-10 TSX
20160106 20161223 3.5314e-05 3.984e-10 TSX
20160117 20160926 -2.3917e-06 4.5304e-10 TSX
20160128 20160301 -0.00010651 8.0844e-10 TSX
20160208 20160312 -6.9564e-05 8.0844e-10 TSX
20160216 20160309 -0.00040578 8.6345e-10 TSX
20160219 20180319 -1.561e-06 2.9589e-10 TSX
20160301 20161201 -3.0265e-05 4.3863e-10 TSX
20160304 20160326 0.00010295 8.4973e-10 TSX
20160312 20180319 -1.3569e-05 2.9847e-10 TSX
20160320 20160411 0.00043858 8.6346e-10 TSX
20160323 20171118 -7.1242e-06 3.1735e-10 TSX
20160326 20160406 -0.00056631 9.6895e-10 TSX
20160403 20171027 -2.0422e-06 3.2252e-10 TSX
20160425 20170811 -2.847e-06 3.4665e-10 TSX
20160528 20160630 -6.7621e-05 8.0844e-10 TSX
20160630 20171118 7.3961e-06 3.39e-10 TSX
20160722 20161201 2.5993e-05 5.816e-10 TSX
20160904 20180707 3.3657e-06 3.2143e-10 TSX
20160915 20180911 1.2716e-05 3.0172e-10 TSX
20160926 20170114 4.7626e-05 6.1835e-10 TSX
20161201 20171027 -1.3778e-05 4.0698e-10 TSX
20161223 20171107 -6.2877e-07 4.0908e-10 TSX
20170114 20170902 -2.2478e-05 4.6896e-10 TSX
20170811 20171005 -4.9931e-05 7.4256e-10 TSX
20170822 20180707 1.9814e-05 4.1394e-10 TSX
20170913 20180707 -9.9029e-07 4.2507e-10 TSX
20170924 20180319 6.288e-05 5.2336e-10 TSX
20171005 20171107 4.2046e-05 8.0844e-10 TSX
20171016 20180319 5.4502e-05 5.5028e-10 TSX
20171027 20180911 4.3692e-05 4.1391e-10 TSX
20171107 20171118 6.5801e-05 9.8025e-10 TSX
20171118 20171129 5.3847e-05 9.8025e-10 TSX
20171129 20171221 -3.5404e-05 8.5287e-10 TSX
20171210 20180820 1.8963e-05 4.5357e-10 TSX
20171221 20180911 1.7316e-05 4.4574e-10 TSX
20180112 20181003 9.5709e-06 4.4567e-10 TSX
20180319 20180707 -9.9665e-06 6.1836e-10 TSX
20180707 20180911 0.0001479 7.1347e-10 TSX
20180729 20181003 -8.2151e-05 7.1347e-10 TSX
20180820 20181003 7.8442e-05 7.7394e-10 TSX
20180911 20181003 -0.00019473 8.5287e-10 TSX
