20030427 20030914 0.00015921 6.4564e-10 ERS2
20030914 20080629 -3.1488e-05 3.6316e-10 ERS2
20050918 20090510 -1.1942e-05 3.8713e-10 ERS2
20051127 20081116 -6.628e-05 3.8676e-10 ERS2
20060903 20090510 -0.00010985 4.1261e-10 ERS2
20061231 20090105 4.5408e-05 3.2778e-10 ALOS
20070402 20070703 -0.00014318 7.2322e-10 ALOS
20070518 20091008 -0.00012449 3.0795e-10 ALOS
20070818 20071003 -0.0003441 8.1009e-10 ALOS
20071217 20100509 -8.5485e-05 3.0717e-10 ALOS
20080103 20100526 8.548e-05 3.1319e-10 ALOS
20080404 20080520 9.3127e-05 8.101e-10 ALOS
20080618 20090921 -0.00021019 4.0258e-10 ALOS
20080629 20090510 -0.00036567 4.9701e-10 ERS2
20080705 20091008 -0.00011156 3.949e-10 ALOS
20080803 20090823 -5.3681e-05 4.6846e-10 ERS2
20081116 20090823 3.625e-05 5.1731e-10 ERS2
20081219 20090921 0.00071691 4.9528e-10 ALOS
20090105 20090708 0.00020521 5.9209e-10 ALOS
20090510 20091101 -0.00013764 6.1025e-10 ERS2
20090708 20091008 0.00064494 7.2328e-10 ALOS
20090823 20091101 -4.9984e-05 7.5839e-10 ERS2
20091222 20100624 0.00047234 5.8608e-10 ALOS
20100108 20100223 0.00034179 8.1037e-10 ALOS
20100223 20100526 5.6391e-05 7.2376e-10 ALOS
20100410 20100711 -0.00011143 7.2342e-10 ALOS
20100509 20100624 0.00080084 8.0813e-10 ALOS
20100526 20100711 0.00053429 8.1011e-10 ALOS
20100624 20101109 -1.2771e-05 6.4613e-10 ALOS
20100711 20101011 -6.3348e-05 7.2333e-10 ALOS
20100809 20101109 -0.00021771 7.2035e-10 ALOS
20101011 20101126 0.00029777 8.1011e-10 ALOS
20110111 20110226 0.00078675 8.1009e-10 ALOS
20110924 20130715 0.00019856 3.3965e-10 TSX
20111005 20121229 4.5741e-05 4.008e-10 TSX
20111121 20171221 -7.599e-06 3.8075e-10 TSX
20111221 20130131 4.6781e-05 4.2215e-10 TSX
20111224 20121027 -2.1089e-05 5.1584e-10 TSX
20120126 20140419 1.0854e-05 3.8499e-10 TSX
20120203 20160320 -3.1114e-05 2.359e-10 TSX
20120206 20171107 -1.1415e-05 3.6301e-10 TSX
20120617 20171129 -3.2678e-06 3.5342e-10 TSX
20120723 20160120 0.00013511 2.648e-10 TSX
20121024 20130109 0.00019274 7.54e-10 TSX
20121027 20151226 -5.2923e-06 3.5788e-10 TSX
20121030 20130311 6.0188e-05 6.4571e-10 TSX
20121107 20171118 1.7078e-06 3.6671e-10 TSX
20121221 20160208 -1.1271e-08 3.6011e-10 TSX
20121224 20130516 -0.00032385 6.2949e-10 TSX
20121229 20130407 4.0513e-06 7.1548e-10 TSX
20130104 20130217 2.4626e-05 8.0711e-10 TSX
20130109 20130715 0.00013632 5.9084e-10 TSX
20130112 20140511 -7.5663e-06 4.517e-10 TSX
20130115 20130721 -0.00030489 5.7186e-10 TSX
20130126 20130823 -0.00032023 5.7325e-10 TSX
20130131 20130429 -0.0001735 7.3438e-10 TSX
20130203 20130729 -3.601e-05 6.1258e-10 TSX
20130211 20130919 4.2789e-05 5.5503e-10 TSX
20130228 20141209 3.3464e-05 3.2949e-10 TSX
20130311 20130801 -8.9353e-05 6.2944e-10 TSX
20130316 20130623 2.8497e-05 7.1549e-10 TSX
20130402 20150122 0.00015546 5.0002e-10 TSX
20130407 20140530 -4.8702e-05 4.1629e-10 TSX
20130421 20171016 -1.5096e-06 3.5806e-10 TSX
20130424 20130721 -0.00037721 7.1971e-10 TSX
20130429 20130623 -8.1995e-05 7.951e-10 TSX
20130505 20131028 -0.001155 6.031e-10 TSX
20130513 20151112 -1.0154e-05 3.7089e-10 TSX
20130516 20131017 -0.00035094 6.2855e-10 TSX
20130521 20130715 0.00028213 7.9514e-10 TSX
20130524 20171129 -9.828e-06 3.5766e-10 TSX
20130527 20140627 6.0031e-06 4.1934e-10 TSX
20130601 20130930 0.00036021 6.7993e-10 TSX
20130604 20141217 5.9383e-06 4.3763e-10 TSX
20130607 20140719 2.5639e-05 4.1444e-10 TSX
20130612 20150105 -3.8313e-05 3.5952e-10 TSX
20130615 20160106 -7.009e-06 3.7186e-10 TSX
20130618 20140708 -2.8295e-05 4.2461e-10 TSX
20130623 20130715 0.0007289 8.798e-10 TSX
20130629 20130914 0.00043932 7.4666e-10 TSX
20130707 20150130 4.1552e-06 4.3859e-10 TSX
20130710 20140901 2.9887e-05 4.1079e-10 TSX
20130715 20130726 -0.0025529 1.0233e-09 TSX
20130721 20131108 0.0010296 7.568e-10 TSX
20130726 20150517 0.00018484 3.3833e-10 TSX
20130729 20160904 -3.1686e-05 3.624e-10 TSX
20130801 20151115 5.5663e-05 3.0223e-10 TSX
20130817 20140209 -1.8139e-05 6.041e-10 TSX
20130828 20150312 0.00015232 3.6266e-10 TSX
20130903 20150329 -0.00059367 3.8047e-10 TSX
20130919 20160309 3.8566e-05 2.7694e-10 TSX
20130925 20140708 -7.4761e-05 4.8439e-10 TSX
20130930 20160411 -1.2614e-06 2.7435e-10 TSX
20131011 20150802 3.7992e-05 3.3724e-10 TSX
20131017 20140719 -5.8348e-05 4.8609e-10 TSX
20131028 20160304 -0.00019221 2.9767e-10 TSX
20131102 20140519 -0.00037014 5.7847e-10 TSX
20131108 20140708 -9.1144e-05 5.3441e-10 TSX
20140209 20160309 5.8004e-05 3.1557e-10 TSX
20140223 20140829 -2.7546e-06 6.0373e-10 TSX
20140408 20140705 -6.3824e-06 7.3313e-10 TSX
20140419 20170913 1.3708e-05 3.9629e-10 TSX
20140511 20141228 5.2194e-05 5.6457e-10 TSX
20140519 20150824 0.00025941 3.9537e-10 TSX
20140624 20171005 1.1116e-05 3.6193e-10 TSX
20140627 20151115 -2.8685e-05 3.6377e-10 TSX
20140705 20180911 2.5767e-05 3.4621e-10 TSX
20140708 20160406 8.9862e-05 3.2796e-10 TSX
20140716 20171005 -5.1094e-06 3.577e-10 TSX
20140719 20151207 4.2246e-05 3.6463e-10 TSX
20140727 20150326 2.2205e-05 5.5647e-10 TSX
20140810 20150122 -4.0364e-05 5.9898e-10 TSX
20140818 20160301 2.0741e-05 4.1562e-10 TSX
20140829 20160208 4.9906e-06 4.2158e-10 TSX
20140901 20140912 -0.00030319 9.7876e-10 TSX
20140912 20141209 1.1698e-05 7.197e-10 TSX
20140920 20170902 6.9899e-06 3.6487e-10 TSX
20141209 20160211 -1.9847e-05 3.9393e-10 TSX
20141217 20160722 -1.0796e-05 4.097e-10 TSX
20141228 20160106 -3.6886e-06 4.7171e-10 TSX
20141231 20151024 6.0641e-05 4.6955e-10 TSX
20150105 20150824 -5.933e-05 5.4401e-10 TSX
20150108 20170811 4.3907e-06 3.7149e-10 TSX
20150119 20160117 3.2729e-06 4.7762e-10 TSX
20150127 20160411 0.00014222 4.0346e-10 TSX
20150130 20151112 -2.0639e-05 5.1777e-10 TSX
20150210 20170114 2.5102e-05 3.8695e-10 TSX
20150213 20160326 0.00036385 4.2958e-10 TSX
20150218 20160216 4.4355e-05 4.4421e-10 TSX
20150221 20180112 -3.2755e-06 5.0738e-10 TSX
20150304 20180911 1.1183e-05 3.5419e-10 TSX
20150307 20160211 2.603e-05 4.402e-10 TSX
20150312 20160320 -0.00014637 4.379e-10 TSX
20150326 20150827 -3.7276e-05 6.3597e-10 TSX
20150329 20151207 -3.9689e-05 5.0488e-10 TSX
20150428 20160425 1.3009e-06 4.7669e-10 TSX
20150509 20150827 -5.8381e-05 6.9727e-10 TSX
20150517 20150824 -0.00014561 7.1551e-10 TSX
20150520 20180911 1.0354e-05 3.6714e-10 TSX
20150714 20170822 1.1328e-05 3.8642e-10 TSX
20150725 20170924 3.6102e-05 3.8418e-10 TSX
20150802 20160309 -0.00016957 5.5501e-10 TSX
20150805 20160403 3.4018e-05 5.553e-10 TSX
20150816 20171107 2.5815e-06 3.8161e-10 TSX
20150824 20150915 0.00073387 8.7969e-10 TSX
20150827 20170902 1.094e-05 3.8776e-10 TSX
20150915 20160216 -0.00014449 6.3228e-10 TSX
20151021 20160904 -4.964e-05 5.0681e-10 TSX
20151101 20171016 -2.6504e-06 3.9348e-10 TSX
20151112 20160425 2.685e-05 6.2449e-10 TSX
20151115 20151229 0.00021437 8.0711e-10 TSX
20151123 20171221 2.3054e-05 3.8727e-10 TSX
20151204 20151215 0.00014957 9.9074e-10 TSX
20151207 20160406 -8.0912e-05 6.6283e-10 TSX
20151215 20170822 2.9123e-05 4.0637e-10 TSX
20151226 20161223 1.3787e-06 4.9052e-10 TSX
20151229 20160211 1.3246e-05 8.0711e-10 TSX
20160106 20161223 2.4611e-05 4.9511e-10 TSX
20160117 20160926 -2.3137e-06 5.4761e-10 TSX
20160128 20160301 -0.00014733 8.3732e-10 TSX
20160208 20160312 -0.00010204 8.3732e-10 TSX
20160216 20160309 -0.00043082 8.7969e-10 TSX
20160219 20180319 4.3832e-06 3.8812e-10 TSX
20160301 20161201 1.5114e-05 5.3426e-10 TSX
20160304 20160326 6.0603e-05 8.6594e-10 TSX
20160312 20180319 1.0092e-05 3.9043e-10 TSX
20160320 20160411 0.00042074 8.797e-10 TSX
20160323 20171118 3.4612e-07 4.0826e-10 TSX
20160326 20160406 -0.00055132 9.7869e-10 TSX
20160403 20171027 -5.8683e-06 4.1222e-10 TSX
20160425 20170811 -4.3105e-06 4.35e-10 TSX
20160528 20160630 -3.2564e-05 8.3732e-10 TSX
20160630 20171118 1.2181e-05 4.2976e-10 TSX
20160722 20161201 7.24e-05 6.6562e-10 TSX
20160904 20180707 5.0624e-05 4.2232e-10 TSX
20160915 20180911 3.9211e-05 3.9411e-10 TSX
20160926 20170114 7.3865e-05 6.9753e-10 TSX
20161201 20171027 -6.8927e-06 5.0199e-10 TSX
20161223 20171107 -4.9482e-06 4.9937e-10 TSX
20170114 20170902 -4.0976e-05 5.6499e-10 TSX
20170811 20171005 -1.6755e-05 7.9243e-10 TSX
20170822 20180707 1.0092e-05 5.1017e-10 TSX
20170913 20180707 -1.8392e-05 5.2046e-10 TSX
20170924 20180319 5.378e-05 6.1434e-10 TSX
20171005 20171107 5.1337e-05 8.3732e-10 TSX
20171016 20180319 7.3199e-05 6.3757e-10 TSX
20171027 20180911 2.473e-05 5.1037e-10 TSX
20171107 20171118 7.5821e-05 9.9074e-10 TSX
20171118 20171129 5.4042e-05 9.9074e-10 TSX
20171129 20171221 -1.0747e-05 8.7125e-10 TSX
20171210 20180820 2.2439e-05 5.4854e-10 TSX
20171221 20180911 -2.6097e-05 5.4119e-10 TSX
20180112 20181003 0.00014687 5.4113e-10 TSX
20180319 20180707 -6.273e-05 6.9756e-10 TSX
20180707 20180911 0.0001994 7.7196e-10 TSX
20180729 20181003 1.2195e-05 7.7196e-10 TSX
20180820 20181003 0.0001263 8.1376e-10 TSX
20180911 20181003 -0.00019367 8.7125e-10 TSX
