20030427 20030914 0.00059148 5.6549e-10 ERS2
20030914 20080629 2.4133e-05 2.882e-10 ERS2
20050918 20090510 -1.2173e-05 2.9986e-10 ERS2
20051127 20081116 0.00014269 3.16e-10 ERS2
20060903 20090510 -0.00015997 3.0483e-10 ERS2
20061231 20090105 0.00013539 3.1323e-10 ALOS
20070402 20070703 -0.00020293 6.6655e-10 ALOS
20070518 20091008 0.00013536 2.9899e-10 ALOS
20070818 20071003 -0.00031516 7.7521e-10 ALOS
20071217 20100509 0.00013026 3.0025e-10 ALOS
20080103 20100526 3.8548e-05 3.0093e-10 ALOS
20080404 20080520 0.00011296 7.7522e-10 ALOS
20080618 20090921 -2.3015e-05 3.7224e-10 ALOS
20080629 20090510 -0.00040181 4.1194e-10 ERS2
20080705 20091008 4.7206e-05 3.6502e-10 ALOS
20080803 20090823 -8.6012e-05 3.8323e-10 ERS2
20081116 20090823 -7.341e-05 4.3225e-10 ERS2
20081219 20090921 5.8246e-05 4.461e-10 ALOS
20090105 20090708 5.6496e-05 5.2771e-10 ALOS
20090510 20091101 -4.3245e-05 5.2025e-10 ERS2
20090708 20091008 0.00028771 6.6628e-10 ALOS
20090823 20091101 7.0164e-06 6.9855e-10 ERS2
20091222 20100624 3.6268e-05 5.2504e-10 ALOS
20100108 20100223 0.0002745 7.7544e-10 ALOS
20100223 20100526 1.4992e-05 6.6641e-10 ALOS
20100410 20100711 -0.00010306 6.6634e-10 ALOS
20100509 20100624 0.00054192 7.7321e-10 ALOS
20100526 20100711 0.00037893 7.7522e-10 ALOS
20100624 20101109 -9.0045e-05 5.8399e-10 ALOS
20100711 20101011 -2.8185e-05 6.6631e-10 ALOS
20100809 20101109 -1.8937e-05 6.6358e-10 ALOS
20101011 20101126 0.00025688 7.7521e-10 ALOS
20110111 20110226 0.00071337 7.7521e-10 ALOS
20110924 20130715 1.6081e-05 3.2364e-10 TSX
20111005 20121229 3.2868e-05 3.6899e-10 TSX
20111121 20171221 1.146e-05 3.1145e-10 TSX
20111221 20130131 0.00011357 3.8545e-10 TSX
20111224 20121027 -2.1522e-05 4.1926e-10 TSX
20120126 20140419 -5.0286e-05 2.9161e-10 TSX
20120203 20160320 2.9674e-05 2.522e-10 TSX
20120206 20171107 2.757e-06 2.993e-10 TSX
20120617 20171129 1.9708e-05 2.9083e-10 TSX
20120723 20160120 1.3545e-05 2.7319e-10 TSX
20121024 20130109 0.00023739 7.0163e-10 TSX
20121027 20151226 -4.702e-06 2.7831e-10 TSX
20121030 20130311 4.8066e-05 5.8466e-10 TSX
20121107 20171118 8.7355e-07 3.0405e-10 TSX
20121221 20160208 4.3009e-05 2.7077e-10 TSX
20121224 20130516 -4.4986e-05 5.6849e-10 TSX
20121229 20130407 0.00020923 6.5612e-10 TSX
20130104 20130217 5.7821e-05 7.7314e-10 TSX
20130109 20130715 -4.3431e-05 5.2859e-10 TSX
20130112 20140511 -4.4485e-05 3.5449e-10 TSX
20130115 20130721 -0.00024084 5.1396e-10 TSX
20130126 20130823 -0.00014376 5.1118e-10 TSX
20130131 20130429 -5.3232e-05 6.7802e-10 TSX
20130203 20130729 -4.5745e-05 5.2316e-10 TSX
20130211 20130919 -7.2384e-05 4.9594e-10 TSX
20130228 20141209 -1.7902e-06 3.1256e-10 TSX
20130311 20130801 -5.1996e-05 5.6845e-10 TSX
20130316 20130623 3.7465e-05 6.5612e-10 TSX
20130402 20150122 2.6436e-05 3.7179e-10 TSX
20130407 20140530 1.787e-05 3.8079e-10 TSX
20130421 20171016 3.7411e-06 2.9329e-10 TSX
20130424 20130721 -0.00035175 6.6403e-10 TSX
20130429 20130623 -5.3724e-05 7.5417e-10 TSX
20130505 20131028 -0.00043841 5.4671e-10 TSX
20130513 20151112 8.4374e-06 2.9011e-10 TSX
20130516 20131017 -0.00030197 5.7101e-10 TSX
20130521 20130715 5.5779e-05 7.5419e-10 TSX
20130524 20171129 -5.8054e-08 2.9062e-10 TSX
20130527 20140627 2.3116e-05 3.834e-10 TSX
20130601 20130930 -2.6484e-05 6.17e-10 TSX
20130604 20141217 -2.175e-05 3.3835e-10 TSX
20130607 20140719 9.7652e-05 3.7974e-10 TSX
20130612 20150105 5.4036e-05 3.376e-10 TSX
20130615 20160106 2.9258e-06 2.8691e-10 TSX
20130618 20140708 4.2375e-05 3.876e-10 TSX
20130623 20130715 0.00054515 8.6164e-10 TSX
20130629 20130914 0.00014514 6.9246e-10 TSX
20130707 20150130 -2.8823e-05 3.376e-10 TSX
20130710 20140901 9.9172e-05 3.7707e-10 TSX
20130715 20130726 -0.002492 1.0107e-09 TSX
20130721 20131108 0.00073942 6.478e-10 TSX
20130726 20150517 0.00020139 3.223e-10 TSX
20130729 20160904 -2.6055e-06 2.7759e-10 TSX
20130801 20151115 -1.1027e-05 2.9006e-10 TSX
20130817 20140209 0.00014125 5.4097e-10 TSX
20130828 20150312 3.142e-05 3.3996e-10 TSX
20130903 20150329 -0.00010756 3.7403e-10 TSX
20130919 20160309 3.8053e-05 2.7967e-10 TSX
20130925 20140708 8.6808e-05 4.3168e-10 TSX
20130930 20160411 2.9034e-05 2.7857e-10 TSX
20131011 20150802 3.2854e-05 3.2076e-10 TSX
20131017 20140719 4.8118e-05 4.3885e-10 TSX
20131028 20160304 -2.2267e-05 3.0896e-10 TSX
20131102 20140519 -0.00012871 5.1713e-10 TSX
20131108 20140708 3.2773e-05 4.647e-10 TSX
20140209 20160309 -5.7048e-05 3.1159e-10 TSX
20140223 20140829 -3.9044e-06 5.111e-10 TSX
20140408 20140705 -1.1173e-05 6.6136e-10 TSX
20140419 20170913 1.5891e-05 3.2699e-10 TSX
20140511 20141228 3.6882e-05 4.7012e-10 TSX
20140519 20150824 0.00014153 3.6513e-10 TSX
20140624 20171005 2.6876e-05 2.888e-10 TSX
20140627 20151115 4.2481e-05 3.4165e-10 TSX
20140705 20180911 6.7734e-06 2.9804e-10 TSX
20140708 20160406 3.2276e-05 3.1432e-10 TSX
20140716 20171005 4.0501e-06 2.822e-10 TSX
20140719 20151207 1.2354e-06 3.4155e-10 TSX
20140727 20150326 -2.2978e-05 4.616e-10 TSX
20140810 20150122 8.3509e-07 5.3919e-10 TSX
20140818 20160301 2.3577e-06 3.2904e-10 TSX
20140829 20160208 -3.6683e-06 3.3605e-10 TSX
20140901 20140912 -0.00031601 9.6746e-10 TSX
20140912 20141209 5.7094e-05 6.6403e-10 TSX
20140920 20170902 3.0485e-05 3.087e-10 TSX
20141209 20160211 3.4004e-05 3.6406e-10 TSX
20141217 20160722 -1.0287e-05 3.3394e-10 TSX
20141228 20160106 -1.6661e-06 3.8362e-10 TSX
20141231 20151024 6.0135e-05 4.253e-10 TSX
20150105 20150824 3.1279e-05 4.8622e-10 TSX
20150108 20170811 1.425e-05 3.3008e-10 TSX
20150119 20160117 2.2915e-05 3.8799e-10 TSX
20150127 20160411 6.9858e-05 3.7233e-10 TSX
20150130 20151112 -1.923e-05 4.2952e-10 TSX
20150210 20170114 1.6396e-05 3.4202e-10 TSX
20150213 20160326 -0.00026114 4.1252e-10 TSX
20150218 20160216 5.8027e-05 4.0315e-10 TSX
20150221 20180112 1.4607e-05 3.5236e-10 TSX
20150304 20180911 7.5657e-06 3.1296e-10 TSX
20150307 20160211 5.3446e-05 4.0079e-10 TSX
20150312 20160320 5.6407e-05 3.9835e-10 TSX
20150326 20150827 3.763e-06 5.504e-10 TSX
20150329 20151207 -1.6001e-05 4.5493e-10 TSX
20150428 20160425 1.0636e-05 3.8924e-10 TSX
20150509 20150827 -9.6798e-05 6.1889e-10 TSX
20150517 20150824 -0.00015862 6.5615e-10 TSX
20150520 20180911 1.5903e-06 2.9301e-10 TSX
20150714 20170822 -5.0952e-05 3.0263e-10 TSX
20150725 20170924 -2.3033e-05 3.0679e-10 TSX
20150802 20160309 -3.1117e-05 4.9591e-10 TSX
20150805 20160403 -5.9124e-07 4.6151e-10 TSX
20150816 20171107 -3.2754e-05 2.9454e-10 TSX
20150824 20150915 0.00071816 8.6154e-10 TSX
20150827 20170902 -3.6839e-05 3.0458e-10 TSX
20150915 20160216 -0.00015153 5.6823e-10 TSX
20151021 20160904 -3.4084e-05 4.1227e-10 TSX
20151101 20171016 -4.2834e-05 3.0328e-10 TSX
20151112 20160425 2.7236e-05 5.3615e-10 TSX
20151115 20151229 0.00016156 7.7314e-10 TSX
20151123 20171221 -3.1389e-05 2.966e-10 TSX
20151204 20151215 0.00015825 9.779e-10 TSX
20151207 20160406 -7.9068e-06 6.0215e-10 TSX
20151215 20170822 1.3198e-05 3.2175e-10 TSX
20151226 20161223 -2.6847e-05 3.9352e-10 TSX
20151229 20160211 2.1466e-05 7.7314e-10 TSX
20160106 20161223 -1.2116e-05 3.9826e-10 TSX
20160117 20160926 -1.8614e-05 4.5301e-10 TSX
20160128 20160301 -0.00013425 8.0651e-10 TSX
20160208 20160312 -7.8735e-05 8.0651e-10 TSX
20160216 20160309 -0.00039803 8.6154e-10 TSX
20160219 20180319 -4.0217e-05 2.971e-10 TSX
20160301 20161201 -6.1226e-05 4.3861e-10 TSX
20160304 20160326 9.7668e-05 8.484e-10 TSX
20160312 20180319 -4.4172e-05 2.986e-10 TSX
20160320 20160411 0.00043787 8.6155e-10 TSX
20160323 20171118 -1.8647e-05 3.1731e-10 TSX
20160326 20160406 -0.00053511 9.6739e-10 TSX
20160403 20171027 -2.65e-05 3.2137e-10 TSX
20160425 20170811 -3.2988e-05 3.4662e-10 TSX
20160528 20160630 -3.5253e-05 8.0651e-10 TSX
20160630 20171118 -2.4948e-05 3.3866e-10 TSX
20160722 20161201 -9.2501e-06 5.8137e-10 TSX
20160904 20180707 -4.5719e-05 3.2346e-10 TSX
20160915 20180911 -4.9675e-06 3.0054e-10 TSX
20160926 20170114 4.2689e-05 6.1803e-10 TSX
20161201 20171027 -1.9771e-05 4.07e-10 TSX
20161223 20171107 -4.3612e-05 4.0909e-10 TSX
20170114 20170902 -7.6028e-05 4.6885e-10 TSX
20170811 20171005 -5.4289e-05 7.4134e-10 TSX
20170822 20180707 -5.5671e-05 4.1372e-10 TSX
20170913 20180707 -5.8379e-05 4.25e-10 TSX
20170924 20180319 -1.206e-05 5.2322e-10 TSX
20171005 20171107 4.4283e-05 8.0651e-10 TSX
20171016 20180319 -2.4035e-05 5.5013e-10 TSX
20171027 20180911 -2.3372e-05 4.1383e-10 TSX
20171107 20171118 6.802e-05 9.779e-10 TSX
20171118 20171129 4.2992e-05 9.779e-10 TSX
20171129 20171221 -3.0427e-05 8.5067e-10 TSX
20171210 20180820 -6.0729e-05 4.5351e-10 TSX
20171221 20180911 1.2603e-05 4.4567e-10 TSX
20180112 20181003 1.9484e-05 4.4562e-10 TSX
20180319 20180707 -9.2755e-05 6.1804e-10 TSX
20180707 20180911 0.00015583 7.1255e-10 TSX
20180729 20181003 -2.2668e-06 7.1255e-10 TSX
20180820 20181003 0.00014334 7.7237e-10 TSX
20180911 20181003 -0.00014926 8.5067e-10 TSX
