20030427 20030914 -0.00018334 5.6581e-10 ERS2
20030914 20080629 5.7931e-05 2.8482e-10 ERS2
20050918 20090510 2.6326e-06 3.007e-10 ERS2
20051127 20081116 -9.7156e-05 3.1653e-10 ERS2
20060903 20090510 0.00017965 3.1592e-10 ERS2
20061231 20090105 4.3025e-05 3.1942e-10 ALOS
20070402 20070703 9.6051e-06 6.7526e-10 ALOS
20070518 20091008 -4.6239e-05 3.3035e-10 ALOS
20070818 20071003 -0.00038517 7.8645e-10 ALOS
20071217 20100509 7.113e-06 3.1291e-10 ALOS
20080103 20100526 -1.62e-05 3.0693e-10 ALOS
20080404 20080520 1.9892e-05 7.8683e-10 ALOS
20080618 20090921 -4.0435e-05 3.7274e-10 ALOS
20080629 20090510 -2.0468e-05 4.1578e-10 ERS2
20080705 20091008 -0.00012107 3.6782e-10 ALOS
20080803 20090823 -5.1656e-06 3.8422e-10 ERS2
20081116 20090823 4.0195e-05 4.3606e-10 ERS2
20081219 20090921 7.8958e-05 4.4917e-10 ALOS
20090105 20090708 -0.00015763 5.3335e-10 ALOS
20090510 20091101 -1.9957e-05 5.2161e-10 ERS2
20090708 20091008 0.00032422 6.754e-10 ALOS
20090823 20091101 0.001096 7.0125e-10 ERS2
20091222 20100624 -5.2985e-05 5.3352e-10 ALOS
20100108 20100223 0.00044965 7.8708e-10 ALOS
20100223 20100526 8.4749e-06 6.765e-10 ALOS
20100410 20100711 0.00010781 6.7591e-10 ALOS
20100509 20100624 0.00056016 7.8385e-10 ALOS
20100526 20100711 0.00036818 7.8658e-10 ALOS
20100624 20101109 -3.2035e-05 5.8846e-10 ALOS
20100711 20101011 -0.00030253 6.7526e-10 ALOS
20100809 20101109 -4.4962e-05 6.7137e-10 ALOS
20101011 20101126 0.00040086 7.8669e-10 ALOS
20110111 20110226 0.00059573 7.8653e-10 ALOS
20110924 20130715 4.4587e-05 3.2385e-10 TSX
20111005 20121229 -1.6007e-05 3.8688e-10 TSX
20111121 20171221 5.5353e-06 4.624e-10 TSX
20111221 20130131 1.4021e-06 3.8611e-10 TSX
20111224 20121027 -3.3474e-05 4.2025e-10 TSX
20120126 20140419 -2.8282e-05 3.5797e-10 TSX
20120203 20160320 5.1626e-05 4.1588e-10 TSX
20120206 20171107 -9.2696e-06 4.0301e-10 TSX
20120617 20171129 1.4155e-05 4.1798e-10 TSX
20120723 20160120 2.41e-05 4.1368e-10 TSX
20121024 20130109 -6.7823e-05 7.1338e-10 TSX
20121027 20151226 5.6909e-06 4.0502e-10 TSX
20121030 20130311 0.00010175 5.8781e-10 TSX
20121107 20171118 -4.5411e-06 3.5036e-10 TSX
20121221 20160208 7.0944e-06 3.8889e-10 TSX
20121224 20130516 -2.1901e-06 5.7119e-10 TSX
20121229 20130407 2.7448e-05 6.6516e-10 TSX
20130104 20130217 0.00012913 7.8192e-10 TSX
20130109 20130715 0.0002061 5.3646e-10 TSX
20130112 20140511 -3.447e-05 3.8037e-10 TSX
20130115 20130721 3.4655e-06 5.1717e-10 TSX
20130126 20130823 -0.00016804 5.3579e-10 TSX
20130131 20130429 0.00013204 6.8801e-10 TSX
20130203 20130729 -2.2521e-05 5.2396e-10 TSX
20130211 20130919 -3.7492e-05 4.9841e-10 TSX
20130228 20141209 2.2793e-05 3.3093e-10 TSX
20130311 20130801 -0.00010233 5.7114e-10 TSX
20130316 20130623 2.1708e-05 6.6516e-10 TSX
20130402 20150122 3.2854e-05 3.4457e-10 TSX
20130407 20140530 4.5661e-05 3.8177e-10 TSX
20130421 20171016 -6.4537e-06 3.5051e-10 TSX
20130424 20130721 -8.7117e-05 6.6988e-10 TSX
20130429 20130623 -0.00011453 7.6625e-10 TSX
20130505 20131028 -5.6664e-05 5.6083e-10 TSX
20130513 20151112 1.2026e-05 3.5897e-10 TSX
20130516 20131017 -0.00015264 5.9781e-10 TSX
20130521 20130715 0.00014758 7.6621e-10 TSX
20130524 20171129 -4.6803e-06 3.3732e-10 TSX
20130527 20140627 -2.034e-05 3.8364e-10 TSX
20130601 20130930 -5.7115e-05 6.2418e-10 TSX
20130604 20141217 6.2909e-06 3.4178e-10 TSX
20130607 20140719 3.4289e-06 3.7964e-10 TSX
20130612 20150105 1.7923e-05 3.3775e-10 TSX
20130615 20160106 1.7546e-05 3.9629e-10 TSX
20130618 20140708 -2.439e-05 3.879e-10 TSX
20130623 20130715 0.00063247 8.723e-10 TSX
20130629 20130914 5.7084e-06 7.141e-10 TSX
20130707 20150130 -1.6518e-05 3.3764e-10 TSX
20130710 20140901 -4.2942e-06 3.761e-10 TSX
20130715 20130726 -0.0024186 1.0203e-09 TSX
20130721 20131108 -0.00024501 6.4867e-10 TSX
20130726 20150517 8.4794e-05 3.4377e-10 TSX
20130729 20160904 -2.3939e-06 3.3677e-10 TSX
20130801 20151115 -2.5281e-05 4.0065e-10 TSX
20130817 20140209 2.8553e-05 5.4493e-10 TSX
20130828 20150312 -1.7858e-05 3.4222e-10 TSX
20130903 20150329 -8.4109e-05 3.9285e-10 TSX
20130919 20160309 2.9807e-05 3.1581e-10 TSX
20130925 20140708 -5.2401e-05 4.9877e-10 TSX
20130930 20160411 0.00010353 3.7894e-10 TSX
20131011 20150802 1.0358e-05 3.3471e-10 TSX
20131017 20140719 9.4861e-05 4.7159e-10 TSX
20131028 20160304 3.8504e-05 3.6177e-10 TSX
20131102 20140519 0.00017233 5.2016e-10 TSX
20131108 20140708 5.527e-05 4.968e-10 TSX
20140209 20160309 -3.3331e-05 3.6512e-10 TSX
20140223 20140829 2.3301e-05 5.119e-10 TSX
20140408 20140705 -1.1123e-05 6.636e-10 TSX
20140419 20170913 1.7268e-05 3.7703e-10 TSX
20140511 20141228 2.3952e-05 4.7095e-10 TSX
20140519 20150824 -1.7835e-05 3.7518e-10 TSX
20140624 20171005 -8.521e-06 4.0004e-10 TSX
20140627 20151115 -5.81e-05 3.9821e-10 TSX
20140705 20180911 -5.7387e-06 3.2517e-10 TSX
20140708 20160406 -2.5644e-05 3.6303e-10 TSX
20140716 20171005 -5.5926e-06 3.7882e-10 TSX
20140719 20151207 -6.1838e-05 3.8107e-10 TSX
20140727 20150326 -1.1311e-05 4.6218e-10 TSX
20140810 20150122 3.6956e-05 5.5866e-10 TSX
20140818 20160301 1.1068e-05 3.5507e-10 TSX
20140829 20160208 1.9628e-05 3.8022e-10 TSX
20140901 20140912 -0.00025993 9.7507e-10 TSX
20140912 20141209 -4.9338e-05 6.6988e-10 TSX
20140920 20170902 -5.283e-06 4.1605e-10 TSX
20141209 20160211 -1.7238e-05 3.7676e-10 TSX
20141217 20160722 1.7978e-05 4.0109e-10 TSX
20141228 20160106 5.0226e-06 3.9455e-10 TSX
20141231 20151024 -5.0637e-05 4.3646e-10 TSX
20150105 20150824 1.6124e-05 4.9086e-10 TSX
20150108 20170811 8.0037e-06 3.6938e-10 TSX
20150119 20160117 -9.786e-06 3.9483e-10 TSX
20150127 20160411 1.3403e-05 3.9539e-10 TSX
20150130 20151112 2.6472e-05 4.3724e-10 TSX
20150210 20170114 3.3702e-05 3.8242e-10 TSX
20150213 20160326 0.00014602 4.7813e-10 TSX
20150218 20160216 -2.7158e-05 4.0609e-10 TSX
20150221 20180112 1.2172e-05 3.4748e-10 TSX
20150304 20180911 -3.2117e-06 4.0461e-10 TSX
20150307 20160211 -5.2808e-05 4.1332e-10 TSX
20150312 20160320 3.4957e-05 3.9931e-10 TSX
20150326 20150827 4.6699e-05 5.5213e-10 TSX
20150329 20151207 -0.00012778 4.5879e-10 TSX
20150428 20160425 2.6775e-05 4.2138e-10 TSX
20150509 20150827 1.9964e-05 6.2777e-10 TSX
20150517 20150824 -0.00022532 6.6668e-10 TSX
20150520 20180911 -5.2486e-06 4.141e-10 TSX
20150714 20170822 -2.1939e-05 3.6853e-10 TSX
20150725 20170924 -9.9006e-06 3.4702e-10 TSX
20150802 20160309 -4.821e-05 4.9856e-10 TSX
20150805 20160403 1.8988e-05 4.6296e-10 TSX
20150816 20171107 -2.8726e-06 3.0139e-10 TSX
20150824 20150915 0.0005338 8.7222e-10 TSX
20150827 20170902 6.9261e-06 3.3536e-10 TSX
20150915 20160216 1.8648e-05 5.7334e-10 TSX
20151021 20160904 -3.8902e-05 4.1785e-10 TSX
20151101 20171016 -5.4416e-06 3.3057e-10 TSX
20151112 20160425 2.2476e-05 5.3744e-10 TSX
20151115 20151229 0.00013181 7.8192e-10 TSX
20151123 20171221 1.0468e-06 3.21e-10 TSX
20151204 20151215 0.00015332 9.8389e-10 TSX
20151207 20160406 2.8569e-05 6.0584e-10 TSX
20151215 20170822 1.9747e-05 3.6077e-10 TSX
20151226 20161223 4.2917e-05 3.945e-10 TSX
20151229 20160211 1.8738e-05 7.8192e-10 TSX
20160106 20161223 2.5372e-05 3.9926e-10 TSX
20160117 20160926 3.5738e-05 4.5869e-10 TSX
20160128 20160301 -0.00013841 8.1234e-10 TSX
20160208 20160312 -7.5035e-05 8.1234e-10 TSX
20160216 20160309 -0.00031414 8.7222e-10 TSX
20160219 20180319 9.2387e-06 3.1626e-10 TSX
20160301 20161201 9.4273e-06 4.3928e-10 TSX
20160304 20160326 1.5918e-05 8.5672e-10 TSX
20160312 20180319 4.7742e-06 3.1725e-10 TSX
20160320 20160411 0.00038786 8.7223e-10 TSX
20160323 20171118 1.047e-05 3.3062e-10 TSX
20160326 20160406 -0.00049237 9.7497e-10 TSX
20160403 20171027 1.7446e-05 3.78e-10 TSX
20160425 20170811 1.8729e-05 3.5837e-10 TSX
20160528 20160630 6.1516e-06 8.1234e-10 TSX
20160630 20171118 8.6412e-06 3.4033e-10 TSX
20160722 20161201 2.1076e-05 5.8237e-10 TSX
20160904 20180707 1.0107e-05 3.2226e-10 TSX
20160915 20180911 1.8496e-06 3.086e-10 TSX
20160926 20170114 2.1761e-05 6.196e-10 TSX
20161201 20171027 1.8004e-05 4.0846e-10 TSX
20161223 20171107 -1.9386e-05 4.1614e-10 TSX
20170114 20170902 1.4307e-05 4.7362e-10 TSX
20170811 20171005 -4.6962e-05 7.4574e-10 TSX
20170822 20180707 -3.4083e-05 4.1465e-10 TSX
20170913 20180707 -3.7873e-05 4.2661e-10 TSX
20170924 20180319 -8.3591e-05 5.2402e-10 TSX
20171005 20171107 7.6073e-05 8.1234e-10 TSX
20171016 20180319 -5.095e-05 5.5097e-10 TSX
20171027 20180911 -1.3815e-05 4.146e-10 TSX
20171107 20171118 7.7442e-05 9.8389e-10 TSX
20171118 20171129 4.373e-05 9.8389e-10 TSX
20171129 20171221 -2.9267e-05 8.5674e-10 TSX
20171210 20180820 -3.9301e-05 4.541e-10 TSX
20171221 20180911 -8.8016e-06 4.4639e-10 TSX
20180112 20181003 -5.9219e-05 4.464e-10 TSX
20180319 20180707 -6.0918e-05 6.1947e-10 TSX
20180707 20180911 0.00013238 7.1612e-10 TSX
20180729 20181003 -4.816e-05 7.1612e-10 TSX
20180820 20181003 1.5337e-05 7.7758e-10 TSX
20180911 20181003 -0.0001773 8.5674e-10 TSX
