20030427 20030914 0.00058126 5.7136e-10 ERS2
20030914 20080629 -0.00011324 3.0733e-10 ERS2
20050918 20090510 -1.2268e-05 2.9896e-10 ERS2
20051127 20081116 -2.4652e-05 3.2688e-10 ERS2
20060903 20090510 -0.00021154 3.1038e-10 ERS2
20061231 20090105 0.00014274 3.1385e-10 ALOS
20070402 20070703 -0.00020759 6.6626e-10 ALOS
20070518 20091008 3.9933e-05 2.9839e-10 ALOS
20070818 20071003 -0.00028799 7.7506e-10 ALOS
20071217 20100509 7.9478e-05 2.9978e-10 ALOS
20080103 20100526 0.00015858 2.9815e-10 ALOS
20080404 20080520 4.5004e-05 7.7508e-10 ALOS
20080618 20090921 -3.9796e-05 3.7219e-10 ALOS
20080629 20090510 -0.00036123 4.1431e-10 ERS2
20080705 20091008 4.9686e-05 3.6502e-10 ALOS
20080803 20090823 -3.9085e-05 3.8297e-10 ERS2
20081116 20090823 -6.4514e-05 4.3215e-10 ERS2
20081219 20090921 0.00013657 4.462e-10 ALOS
20090105 20090708 7.8616e-06 5.2818e-10 ALOS
20090510 20091101 0.0006754 5.218e-10 ERS2
20090708 20091008 0.00060332 6.6623e-10 ALOS
20090823 20091101 5.9445e-05 6.9853e-10 ERS2
20091222 20100624 0.00045465 5.25e-10 ALOS
20100108 20100223 0.00049945 7.7515e-10 ALOS
20100223 20100526 -3.7528e-05 6.6631e-10 ALOS
20100410 20100711 -0.00013565 6.6623e-10 ALOS
20100509 20100624 0.00056907 7.7309e-10 ALOS
20100526 20100711 0.00041177 7.7507e-10 ALOS
20100624 20101109 -1.8845e-05 5.8398e-10 ALOS
20100711 20101011 0.00010589 6.6625e-10 ALOS
20100809 20101109 -2.182e-05 6.6355e-10 ALOS
20101011 20101126 0.00029405 7.7507e-10 ALOS
20110111 20110226 0.0007584 7.7506e-10 ALOS
20110924 20130715 3.623e-05 3.2397e-10 TSX
20111005 20121229 -2.5602e-05 3.685e-10 TSX
20111121 20171221 -4.186e-05 2.5915e-10 TSX
20111221 20130131 5.6564e-05 3.8556e-10 TSX
20111224 20121027 -3.1471e-05 4.1939e-10 TSX
20120126 20140419 -8.1725e-05 2.8956e-10 TSX
20120203 20160320 3.0992e-05 2.5466e-10 TSX
20120206 20171107 -2.84e-05 2.5032e-10 TSX
20120617 20171129 -3.0785e-06 2.5507e-10 TSX
20120723 20160120 5.9167e-05 2.6349e-10 TSX
20121024 20130109 0.00011833 7.0156e-10 TSX
20121027 20151226 -2.0417e-05 2.6624e-10 TSX
20121030 20130311 4.8384e-05 5.8465e-10 TSX
20121107 20171118 -2.9888e-05 2.5952e-10 TSX
20121221 20160208 -3.5238e-05 2.6931e-10 TSX
20121224 20130516 -3.3936e-05 5.6848e-10 TSX
20121229 20130407 0.00029369 6.5608e-10 TSX
20130104 20130217 0.00015981 7.7306e-10 TSX
20130109 20130715 9.504e-06 5.285e-10 TSX
20130112 20140511 -7.7382e-05 3.5429e-10 TSX
20130115 20130721 -0.00019025 5.1396e-10 TSX
20130126 20130823 -0.00011101 4.9384e-10 TSX
20130131 20130429 -7.0373e-05 6.7797e-10 TSX
20130203 20130729 -3.1415e-05 5.2314e-10 TSX
20130211 20130919 -4.3894e-05 4.9593e-10 TSX
20130228 20141209 2.5654e-05 3.1199e-10 TSX
20130311 20130801 -6.1688e-05 5.6844e-10 TSX
20130316 20130623 5.6389e-05 6.5608e-10 TSX
20130402 20150122 9.7881e-05 3.3976e-10 TSX
20130407 20140530 -3.6464e-05 3.8082e-10 TSX
20130421 20171016 -2.8769e-05 2.5285e-10 TSX
20130424 20130721 -0.00030981 6.6402e-10 TSX
20130429 20130623 -2.3319e-05 7.5404e-10 TSX
20130505 20131028 -0.00035759 5.816e-10 TSX
20130513 20151112 -9.1961e-06 2.8164e-10 TSX
20130516 20131017 -0.00029356 5.6637e-10 TSX
20130521 20130715 3.2193e-05 7.5406e-10 TSX
20130524 20171129 -3.1882e-05 2.5765e-10 TSX
20130527 20140627 -3.9614e-05 3.8339e-10 TSX
20130601 20130930 -6.0832e-05 6.1698e-10 TSX
20130604 20141217 -3.9222e-05 3.3877e-10 TSX
20130607 20140719 -1.4865e-05 3.7963e-10 TSX
20130612 20150105 5.4572e-05 3.3763e-10 TSX
20130615 20160106 -9.4811e-06 2.7872e-10 TSX
20130618 20140708 -1.3143e-05 3.8782e-10 TSX
20130623 20130715 0.00051925 8.6128e-10 TSX
20130629 20130914 0.00012535 6.887e-10 TSX
20130707 20150130 -5.806e-05 3.381e-10 TSX
20130710 20140901 6.1907e-05 3.7617e-10 TSX
20130715 20130726 -0.0024814 1.0102e-09 TSX
20130721 20131108 0.00070017 6.255e-10 TSX
20130726 20150517 0.00016321 3.2162e-10 TSX
20130729 20160904 -5.7022e-05 2.6997e-10 TSX
20130801 20151115 2.9902e-05 2.8573e-10 TSX
20130817 20140209 0.00012438 5.4096e-10 TSX
20130828 20150312 4.4115e-05 3.403e-10 TSX
20130903 20150329 -7.4685e-05 3.6196e-10 TSX
20130919 20160309 3.7905e-05 2.785e-10 TSX
20130925 20140708 8.1264e-05 4.3136e-10 TSX
20130930 20160411 4.3781e-05 2.8189e-10 TSX
20131011 20150802 1.662e-05 3.1969e-10 TSX
20131017 20140719 1.7517e-05 4.3883e-10 TSX
20131028 20160304 1.5453e-05 3.547e-10 TSX
20131102 20140519 -0.00013586 5.1709e-10 TSX
20131108 20140708 2.66e-07 4.6278e-10 TSX
20140209 20160309 -2.4241e-05 3.0605e-10 TSX
20140223 20140829 -2.8082e-05 5.111e-10 TSX
20140408 20140705 -1.2518e-05 6.6131e-10 TSX
20140419 20170913 -2.1718e-05 2.5931e-10 TSX
20140511 20141228 3.431e-05 4.7015e-10 TSX
20140519 20150824 0.00012991 3.6377e-10 TSX
20140624 20171005 -1.0061e-05 2.6928e-10 TSX
20140627 20151115 4.2647e-05 3.4077e-10 TSX
20140705 20180911 -1.7812e-05 2.6422e-10 TSX
20140708 20160406 7.816e-05 3.1218e-10 TSX
20140716 20171005 -2.7693e-05 2.7348e-10 TSX
20140719 20151207 4.5712e-05 3.3989e-10 TSX
20140727 20150326 -5.0999e-05 4.6151e-10 TSX
20140810 20150122 -4.7878e-05 5.3918e-10 TSX
20140818 20160301 -2.4958e-05 3.2615e-10 TSX
20140829 20160208 -3.2401e-05 3.327e-10 TSX
20140901 20140912 -0.00031891 9.6715e-10 TSX
20140912 20141209 7.0528e-05 6.6401e-10 TSX
20140920 20170902 1.6185e-06 2.767e-10 TSX
20141209 20160211 3.0766e-05 3.6389e-10 TSX
20141217 20160722 -1.7511e-05 3.2043e-10 TSX
20141228 20160106 -3.0244e-05 3.819e-10 TSX
20141231 20151024 4.7948e-05 4.2492e-10 TSX
20150105 20150824 3.449e-05 4.8605e-10 TSX
20150108 20170811 -1.9785e-05 2.7123e-10 TSX
20150119 20160117 -1.6603e-05 3.8707e-10 TSX
20150127 20160411 7.1381e-05 3.7063e-10 TSX
20150130 20151112 1.0525e-05 4.2867e-10 TSX
20150210 20170114 -4.5744e-05 3.0017e-10 TSX
20150213 20160326 2.296e-07 4.4278e-10 TSX
20150218 20160216 1.3872e-05 4.03e-10 TSX
20150221 20180112 9.719e-06 2.7451e-10 TSX
20150304 20180911 2.65e-05 2.6713e-10 TSX
20150307 20160211 2.9379e-05 4.008e-10 TSX
20150312 20160320 2.324e-05 3.9801e-10 TSX
20150326 20150827 -3.187e-06 5.4985e-10 TSX
20150329 20151207 -2.4437e-05 4.5478e-10 TSX
20150428 20160425 1.8769e-06 3.8688e-10 TSX
20150509 20150827 -6.8775e-05 6.181e-10 TSX
20150517 20150824 -0.00017283 6.5611e-10 TSX
20150520 20180911 -3.413e-05 2.7495e-10 TSX
20150714 20170822 -2.3414e-05 2.8762e-10 TSX
20150725 20170924 -1.1803e-05 2.8799e-10 TSX
20150802 20160309 -3.2027e-05 4.9593e-10 TSX
20150805 20160403 2.1562e-06 4.6126e-10 TSX
20150816 20171107 -2.8065e-05 2.8807e-10 TSX
20150824 20150915 0.00069296 8.6118e-10 TSX
20150827 20170902 -3.2521e-05 2.9406e-10 TSX
20150915 20160216 -0.00018573 5.6818e-10 TSX
20151021 20160904 -6.7468e-05 4.1221e-10 TSX
20151101 20171016 -3.3772e-05 2.9807e-10 TSX
20151112 20160425 -2.7765e-05 5.3612e-10 TSX
20151115 20151229 0.00014207 7.7306e-10 TSX
20151123 20171221 -3.7533e-05 2.9229e-10 TSX
20151204 20151215 0.0001665 9.7749e-10 TSX
20151207 20160406 -4.0696e-05 6.0214e-10 TSX
20151215 20170822 -2.4005e-05 3.1271e-10 TSX
20151226 20161223 -2.5279e-05 3.9366e-10 TSX
20151229 20160211 4.6833e-05 7.7306e-10 TSX
20160106 20161223 -8.2535e-07 3.9808e-10 TSX
20160117 20160926 -5.0584e-06 4.53e-10 TSX
20160128 20160301 -0.0001726 8.0627e-10 TSX
20160208 20160312 -7.2692e-05 8.0627e-10 TSX
20160216 20160309 -0.00038772 8.6118e-10 TSX
20160219 20180319 -4.0367e-05 2.9422e-10 TSX
20160301 20161201 -2.1413e-05 4.3858e-10 TSX
20160304 20160326 9.3107e-05 8.4817e-10 TSX
20160312 20180319 -5.3847e-05 2.9723e-10 TSX
20160320 20160411 0.00045661 8.6118e-10 TSX
20160323 20171118 -2.2353e-05 3.1682e-10 TSX
20160326 20160406 -0.00051369 9.6708e-10 TSX
20160403 20171027 -3.713e-05 3.2157e-10 TSX
20160425 20170811 -1.9757e-05 3.4653e-10 TSX
20160528 20160630 -2.3216e-05 8.0627e-10 TSX
20160630 20171118 -1.9769e-05 3.391e-10 TSX
20160722 20161201 3.0178e-06 5.8135e-10 TSX
20160904 20180707 -6.5323e-05 3.2195e-10 TSX
20160915 20180911 -3.2222e-05 2.9954e-10 TSX
20160926 20170114 -1.1077e-05 6.18e-10 TSX
20161201 20171027 -2.9176e-05 4.0699e-10 TSX
20161223 20171107 -5.9356e-05 4.09e-10 TSX
20170114 20170902 -3.4289e-05 4.6866e-10 TSX
20170811 20171005 -8.5968e-05 7.4122e-10 TSX
20170822 20180707 -7.5345e-05 4.1381e-10 TSX
20170913 20180707 -0.00011148 4.25e-10 TSX
20170924 20180319 -8.0888e-05 5.2321e-10 TSX
20171005 20171107 4.694e-05 8.0627e-10 TSX
20171016 20180319 -6.5177e-05 5.5011e-10 TSX
20171027 20180911 -4.6137e-05 4.1374e-10 TSX
20171107 20171118 6.7063e-05 9.7749e-10 TSX
20171118 20171129 4.8146e-05 9.7749e-10 TSX
20171129 20171221 -3.3563e-05 8.5034e-10 TSX
20171210 20180820 -8.2678e-05 4.5347e-10 TSX
20171221 20180911 -0.0001285 4.4576e-10 TSX
20180112 20181003 -4.9331e-05 4.4574e-10 TSX
20180319 20180707 -8.1956e-05 6.1801e-10 TSX
20180707 20180911 0.00020977 7.1246e-10 TSX
20180729 20181003 3.9468e-05 7.1246e-10 TSX
20180820 20181003 0.00017499 7.722e-10 TSX
20180911 20181003 -0.00015753 8.5034e-10 TSX
