20030427 20030914 -0.00030238 5.6907e-10 ERS2
20030914 20080629 -0.00010952 2.7661e-10 ERS2
20050918 20090510 -1.7982e-06 3.0668e-10 ERS2
20051127 20081116 0.00013223 3.2551e-10 ERS2
20060903 20090510 -7.1618e-05 3.1672e-10 ERS2
20061231 20090105 6.8821e-05 3.2278e-10 ALOS
20070402 20070703 -9.2122e-05 6.872e-10 ALOS
20070518 20091008 -5.8635e-05 3.1538e-10 ALOS
20070818 20071003 -0.00036638 7.9385e-10 ALOS
20071217 20100509 -8.8134e-05 3.1212e-10 ALOS
20080103 20100526 -3.5512e-05 3.2142e-10 ALOS
20080404 20080520 -4.341e-06 7.9346e-10 ALOS
20080618 20090921 9.8143e-06 3.7774e-10 ALOS
20080629 20090510 -0.00052301 4.186e-10 ERS2
20080705 20091008 1.2551e-05 3.7233e-10 ALOS
20080803 20090823 -6.5352e-06 3.8602e-10 ERS2
20081116 20090823 8.6231e-05 4.3386e-10 ERS2
20081219 20090921 5.1067e-05 4.5584e-10 ALOS
20090105 20090708 2.7989e-05 5.4591e-10 ALOS
20090510 20091101 -0.00025327 5.2431e-10 ERS2
20090708 20091008 0.00013403 6.8628e-10 ALOS
20090823 20091101 0.00072476 7.0607e-10 ERS2
20091222 20100624 -2.0713e-05 5.4439e-10 ALOS
20100108 20100223 0.00034144 7.9445e-10 ALOS
20100223 20100526 -0.00011777 6.9211e-10 ALOS
20100410 20100711 9.7092e-05 6.8879e-10 ALOS
20100509 20100624 0.00063941 7.9067e-10 ALOS
20100526 20100711 0.00046714 7.9371e-10 ALOS
20100624 20101109 -0.00014128 5.995e-10 ALOS
20100711 20101011 -0.00030396 6.8735e-10 ALOS
20100809 20101109 -0.00010327 6.8326e-10 ALOS
20101011 20101126 0.00027305 7.9349e-10 ALOS
20110111 20110226 0.00058213 7.9358e-10 ALOS
20110924 20130715 -3.4952e-06 3.4041e-10 TSX
20111005 20121229 -6.9271e-06 4.1275e-10 TSX
20111121 20171221 -5.5094e-06 4.1322e-10 TSX
20111221 20130131 -8.9873e-06 3.9232e-10 TSX
20111224 20121027 -5.2766e-05 4.2211e-10 TSX
20120126 20140419 -2.1506e-05 3.7568e-10 TSX
20120203 20160320 1.7851e-05 3.5611e-10 TSX
20120206 20171107 1.1681e-05 4.6717e-10 TSX
20120617 20171129 6.8816e-06 4.3813e-10 TSX
20120723 20160120 -1.5828e-06 4.2835e-10 TSX
20121024 20130109 5.2402e-06 7.255e-10 TSX
20121027 20151226 7.4483e-05 4.2673e-10 TSX
20121030 20130311 7.0859e-05 5.9673e-10 TSX
20121107 20171118 -1.9462e-05 4.5865e-10 TSX
20121221 20160208 -3.7668e-05 3.8028e-10 TSX
20121224 20130516 2.3981e-05 5.8049e-10 TSX
20121229 20130407 4.1439e-05 6.7815e-10 TSX
20130104 20130217 7.4515e-05 7.88e-10 TSX
20130109 20130715 0.00011098 5.7698e-10 TSX
20130112 20140511 -3.2604e-05 3.938e-10 TSX
20130115 20130721 -6.0933e-05 5.3093e-10 TSX
20130126 20130823 -0.00031241 5.3362e-10 TSX
20130131 20130429 0.00010724 7.0009e-10 TSX
20130203 20130729 5.6848e-06 5.2951e-10 TSX
20130211 20130919 -2.4488e-05 5.2139e-10 TSX
20130228 20141209 1.554e-05 3.6898e-10 TSX
20130311 20130801 -0.0001081 5.8162e-10 TSX
20130316 20130623 2.1517e-06 6.7842e-10 TSX
20130402 20150122 2.1805e-05 4.0014e-10 TSX
20130407 20140530 4.7973e-05 3.8985e-10 TSX
20130421 20171016 -1.6176e-05 5.3085e-10 TSX
20130424 20130721 -0.00010781 6.8073e-10 TSX
20130429 20130623 -0.0001237 7.7499e-10 TSX
20130505 20131028 -7.1945e-05 6.0768e-10 TSX
20130513 20151112 3.3011e-05 4.7204e-10 TSX
20130516 20131017 -4.5966e-05 5.9083e-10 TSX
20130521 20130715 0.00016789 7.7503e-10 TSX
20130524 20171129 3.1162e-05 4.1204e-10 TSX
20130527 20140627 -2.213e-06 3.9511e-10 TSX
20130601 20130930 -2.4891e-05 6.3838e-10 TSX
20130604 20141217 2.2266e-05 3.8417e-10 TSX
20130607 20140719 6.1491e-06 3.8923e-10 TSX
20130612 20150105 3.3004e-05 3.4783e-10 TSX
20130615 20160106 -6.6666e-06 3.9586e-10 TSX
20130618 20140708 -6.1443e-05 3.9498e-10 TSX
20130623 20130715 0.00063869 8.7493e-10 TSX
20130629 20130914 -8.0833e-05 7.1737e-10 TSX
20130707 20150130 1.721e-05 3.9234e-10 TSX
20130710 20140901 6.3935e-06 3.8338e-10 TSX
20130715 20130726 -0.0024269 1.0215e-09 TSX
20130721 20131108 -0.00021367 6.563e-10 TSX
20130726 20150517 0.00011178 3.8306e-10 TSX
20130729 20160904 1.3366e-05 3.9936e-10 TSX
20130801 20151115 -3.051e-05 3.5768e-10 TSX
20130817 20140209 6.8499e-05 5.5671e-10 TSX
20130828 20150312 -3.3749e-05 3.8568e-10 TSX
20130903 20150329 -2.7529e-05 4.313e-10 TSX
20130919 20160309 4.678e-05 4.2943e-10 TSX
20130925 20140708 -8.0795e-06 4.7179e-10 TSX
20130930 20160411 6.1568e-05 3.4318e-10 TSX
20131011 20150802 3.2325e-05 3.8305e-10 TSX
20131017 20140719 0.00013194 4.7955e-10 TSX
20131028 20160304 2.109e-05 4.0502e-10 TSX
20131102 20140519 0.00015356 5.3015e-10 TSX
20131108 20140708 -0.00026403 5.3818e-10 TSX
20140209 20160309 -1.5548e-05 3.9366e-10 TSX
20140223 20140829 -9.8096e-06 5.1715e-10 TSX
20140408 20140705 -2.4555e-05 6.6863e-10 TSX
20140419 20170913 9.7187e-05 5.0053e-10 TSX
20140511 20141228 6.5837e-05 4.8039e-10 TSX
20140519 20150824 -3.2775e-05 4.0362e-10 TSX
20140624 20171005 2.7274e-06 5.1927e-10 TSX
20140627 20151115 3.7838e-06 4.1112e-10 TSX
20140705 20180911 -1.0832e-05 4.8371e-10 TSX
20140708 20160406 3.0592e-06 4.3433e-10 TSX
20140716 20171005 6.0131e-06 3.9425e-10 TSX
20140719 20151207 3.6489e-05 3.8915e-10 TSX
20140727 20150326 -2.8926e-05 4.6415e-10 TSX
20140810 20150122 7.2533e-05 5.6273e-10 TSX
20140818 20160301 -3.3779e-05 4.4895e-10 TSX
20140829 20160208 -2.5007e-05 5.0031e-10 TSX
20140901 20140912 -0.00026685 9.7597e-10 TSX
20140912 20141209 -8.9074e-06 6.8065e-10 TSX
20140920 20170902 -2.4526e-05 4.3664e-10 TSX
20141209 20160211 -5.3662e-05 4.0927e-10 TSX
20141217 20160722 -1.0833e-05 4.2521e-10 TSX
20141228 20160106 6.0791e-05 4.2783e-10 TSX
20141231 20151024 -6.6411e-05 4.6825e-10 TSX
20150105 20150824 5.0791e-06 5.1098e-10 TSX
20150108 20170811 -5.6033e-05 4.3334e-10 TSX
20150119 20160117 4.778e-05 4.9036e-10 TSX
20150127 20160411 -0.00013118 4.0369e-10 TSX
20150130 20151112 4.2785e-05 4.5912e-10 TSX
20150210 20170114 1.9233e-05 3.7211e-10 TSX
20150213 20160326 0.00011495 4.1531e-10 TSX
20150218 20160216 -3.3959e-05 4.3039e-10 TSX
20150221 20180112 7.469e-05 4.3986e-10 TSX
20150304 20180911 -8.8559e-06 4.5529e-10 TSX
20150307 20160211 -7.7601e-05 4.2098e-10 TSX
20150312 20160320 -3.4622e-05 4.2366e-10 TSX
20150326 20150827 7.2546e-05 5.6842e-10 TSX
20150329 20151207 -9.6582e-05 5.0427e-10 TSX
20150428 20160425 4.768e-05 4.8383e-10 TSX
20150509 20150827 8.3063e-05 6.4393e-10 TSX
20150517 20150824 -0.00025352 6.8158e-10 TSX
20150520 20180911 2.7389e-06 4.1241e-10 TSX
20150714 20170822 7.7098e-05 4.2298e-10 TSX
20150725 20170924 -1.7139e-05 3.7987e-10 TSX
20150802 20160309 -6.014e-05 5.0886e-10 TSX
20150805 20160403 6.7347e-05 4.7456e-10 TSX
20150816 20171107 2.3561e-05 3.7229e-10 TSX
20150824 20150915 0.00055755 8.7484e-10 TSX
20150827 20170902 3.3583e-05 4.0547e-10 TSX
20150915 20160216 -8.8439e-06 5.8433e-10 TSX
20151021 20160904 -3.8968e-05 4.6335e-10 TSX
20151101 20171016 5.6276e-06 4.3443e-10 TSX
20151112 20160425 -2.0185e-05 5.4933e-10 TSX
20151115 20151229 0.00011057 7.88e-10 TSX
20151123 20171221 -1.7501e-05 3.8243e-10 TSX
20151204 20151215 0.00016134 9.8422e-10 TSX
20151207 20160406 5.4446e-07 6.1501e-10 TSX
20151215 20170822 -3.9098e-05 4.3033e-10 TSX
20151226 20161223 3.6349e-05 4.0069e-10 TSX
20151229 20160211 2.353e-05 7.88e-10 TSX
20160106 20161223 3.2741e-05 4.0476e-10 TSX
20160117 20160926 2.7242e-05 4.8095e-10 TSX
20160128 20160301 -0.00017141 8.148e-10 TSX
20160208 20160312 -0.00010541 8.148e-10 TSX
20160216 20160309 -0.00032786 8.7484e-10 TSX
20160219 20180319 -6.9335e-07 3.7643e-10 TSX
20160301 20161201 2.873e-05 4.4024e-10 TSX
20160304 20160326 3.827e-05 8.5903e-10 TSX
20160312 20180319 2.3081e-05 3.7462e-10 TSX
20160320 20160411 0.00039201 8.7487e-10 TSX
20160323 20171118 2.2892e-05 3.6872e-10 TSX
20160326 20160406 -0.00049246 9.7587e-10 TSX
20160403 20171027 1.8697e-05 3.8255e-10 TSX
20160425 20170811 3.2784e-05 3.9869e-10 TSX
20160528 20160630 -4.359e-06 8.148e-10 TSX
20160630 20171118 5.776e-05 3.6821e-10 TSX
20160722 20161201 8.0791e-05 5.8562e-10 TSX
20160904 20180707 -2.1134e-05 3.8886e-10 TSX
20160915 20180911 -1.1507e-05 3.8823e-10 TSX
20160926 20170114 0.00010725 6.2512e-10 TSX
20161201 20171027 2.9276e-07 4.3093e-10 TSX
20161223 20171107 -2.4595e-05 4.5701e-10 TSX
20170114 20170902 -5.4806e-05 4.7504e-10 TSX
20170811 20171005 -6.5137e-05 7.5022e-10 TSX
20170822 20180707 -6.747e-05 4.1618e-10 TSX
20170913 20180707 -7.0162e-05 4.3668e-10 TSX
20170924 20180319 -5.7338e-05 5.2615e-10 TSX
20171005 20171107 8.252e-05 8.148e-10 TSX
20171016 20180319 -3.0845e-05 5.5362e-10 TSX
20171027 20180911 -2.2398e-05 4.1599e-10 TSX
20171107 20171118 7.2911e-05 9.8422e-10 TSX
20171118 20171129 4.8598e-05 9.8422e-10 TSX
20171129 20171221 -1.423e-05 8.5799e-10 TSX
20171210 20180820 -8.2066e-05 4.5535e-10 TSX
20171221 20180911 -6.4955e-05 4.4885e-10 TSX
20180112 20181003 -1.8453e-05 4.4998e-10 TSX
20180319 20180707 -0.00014138 6.2421e-10 TSX
20180707 20180911 0.00014055 7.2108e-10 TSX
20180729 20181003 -3.9419e-05 7.2108e-10 TSX
20180820 20181003 6.3274e-05 7.812e-10 TSX
20180911 20181003 -0.0001708 8.5799e-10 TSX
