20030427 20030914 0.00016957 5.7371e-10 ERS2
20030914 20080629 -0.00013801 3.0681e-10 ERS2
20050918 20090510 -9.6892e-06 3.0826e-10 ERS2
20051127 20081116 -1.7648e-06 3.1756e-10 ERS2
20060903 20090510 -5.771e-05 3.1892e-10 ERS2
20061231 20090105 2.1497e-05 3.173e-10 ALOS
20070402 20070703 -0.00014402 6.7935e-10 ALOS
20070518 20091008 0.00011664 3.0715e-10 ALOS
20070818 20071003 -0.00042847 7.8796e-10 ALOS
20071217 20100509 3.0315e-05 3.1832e-10 ALOS
20080103 20100526 -2.0426e-05 3.0172e-10 ALOS
20080404 20080520 -7.4622e-05 7.8842e-10 ALOS
20080618 20090921 -0.00012259 3.7411e-10 ALOS
20080629 20090510 -0.00062408 4.2391e-10 ERS2
20080705 20091008 -7.9427e-05 3.6619e-10 ALOS
20080803 20090823 -2.0112e-05 3.8432e-10 ERS2
20081116 20090823 0.0001158 4.3431e-10 ERS2
20081219 20090921 0.00039162 4.49e-10 ALOS
20090105 20090708 6.1085e-05 5.3627e-10 ALOS
20090510 20091101 -0.00069491 5.2678e-10 ERS2
20090708 20091008 0.00082762 6.7855e-10 ALOS
20090823 20091101 0.00044337 7.1234e-10 ERS2
20091222 20100624 0.00076127 5.3713e-10 ALOS
20100108 20100223 0.00052782 7.8841e-10 ALOS
20100223 20100526 0.0001312 6.7869e-10 ALOS
20100410 20100711 -0.00014969 6.7905e-10 ALOS
20100509 20100624 0.00071563 7.8559e-10 ALOS
20100526 20100711 0.00042817 7.878e-10 ALOS
20100624 20101109 -0.00012541 5.9186e-10 ALOS
20100711 20101011 0.0002833 6.7831e-10 ALOS
20100809 20101109 -0.00012121 6.7547e-10 ALOS
20101011 20101126 0.00011031 7.8776e-10 ALOS
20110111 20110226 0.0007362 7.8768e-10 ALOS
20110924 20130715 3.4645e-05 3.2503e-10 TSX
20111005 20121229 -2.0794e-05 3.7998e-10 TSX
20111121 20171221 -2.827e-05 3.501e-10 TSX
20111221 20130131 -6.5648e-07 3.8649e-10 TSX
20111224 20121027 -1.1256e-06 4.2134e-10 TSX
20120126 20140419 -4.5895e-05 3.6625e-10 TSX
20120203 20160320 -3.5141e-06 3.3435e-10 TSX
20120206 20171107 -1.1124e-05 4.4485e-10 TSX
20120617 20171129 -1.4789e-05 3.9928e-10 TSX
20120723 20160120 -2.4672e-05 3.751e-10 TSX
20121024 20130109 0.00021551 7.1503e-10 TSX
20121027 20151226 -4.6079e-05 3.2827e-10 TSX
20121030 20130311 6.808e-06 5.9251e-10 TSX
20121107 20171118 3.5103e-06 3.8485e-10 TSX
20121221 20160208 8.0004e-06 3.4226e-10 TSX
20121224 20130516 -0.00013016 5.7549e-10 TSX
20121229 20130407 1.8906e-06 6.6798e-10 TSX
20130104 20130217 6.452e-06 7.851e-10 TSX
20130109 20130715 9.9087e-06 5.3338e-10 TSX
20130112 20140511 -3.5181e-05 3.6013e-10 TSX
20130115 20130721 -0.00019773 5.181e-10 TSX
20130126 20130823 0.00012145 5.318e-10 TSX
20130131 20130429 -4.7358e-05 6.9079e-10 TSX
20130203 20130729 -9.3054e-05 5.2907e-10 TSX
20130211 20130919 -3.118e-05 4.9904e-10 TSX
20130228 20141209 -1.4546e-05 3.2702e-10 TSX
20130311 20130801 -0.00010717 5.754e-10 TSX
20130316 20130623 -3.1086e-05 6.6801e-10 TSX
20130402 20150122 9.0349e-05 4.0585e-10 TSX
20130407 20140530 -0.0001031 3.8143e-10 TSX
20130421 20171016 8.0495e-06 3.9207e-10 TSX
20130424 20130721 -0.00026362 6.7573e-10 TSX
20130429 20130623 -0.00013082 7.6757e-10 TSX
20130505 20131028 -0.00056245 6.2495e-10 TSX
20130513 20151112 -3.8067e-05 4.0069e-10 TSX
20130516 20131017 -0.00012757 5.853e-10 TSX
20130521 20130715 0.00025666 7.676e-10 TSX
20130524 20171129 1.7146e-05 3.439e-10 TSX
20130527 20140627 -4.024e-05 3.85e-10 TSX
20130601 20130930 8.8404e-05 6.2681e-10 TSX
20130604 20141217 -2.4108e-05 3.6954e-10 TSX
20130607 20140719 -4.8399e-07 3.8143e-10 TSX
20130612 20150105 -4.5707e-05 3.4001e-10 TSX
20130615 20160106 5.1371e-06 4.4283e-10 TSX
20130618 20140708 -4.3399e-05 3.8935e-10 TSX
20130623 20130715 0.00070851 8.7043e-10 TSX
20130629 20130914 -0.00017296 7.2974e-10 TSX
20130707 20150130 -2.4812e-05 3.6912e-10 TSX
20130710 20140901 -1.4388e-05 3.7729e-10 TSX
20130715 20130726 -0.0024264 1.0177e-09 TSX
20130721 20131108 0.00086754 6.5045e-10 TSX
20130726 20150517 2.8255e-05 3.392e-10 TSX
20130729 20160904 -1.5669e-05 3.7775e-10 TSX
20130801 20151115 -1.8909e-06 3.8206e-10 TSX
20130817 20140209 -7.2356e-05 5.4625e-10 TSX
20130828 20150312 5.8794e-05 3.4845e-10 TSX
20130903 20150329 -0.0002127 3.8335e-10 TSX
20130919 20160309 2.5928e-05 3.8677e-10 TSX
20130925 20140708 -0.00014489 5.06e-10 TSX
20130930 20160411 -5.6537e-05 3.203e-10 TSX
20131011 20150802 4.455e-05 3.3809e-10 TSX
20131017 20140719 0.00010093 4.8142e-10 TSX
20131028 20160304 9.6568e-06 3.9751e-10 TSX
20131102 20140519 -0.00015179 5.212e-10 TSX
20131108 20140708 -7.8627e-05 4.9248e-10 TSX
20140209 20160309 3.0934e-06 3.4524e-10 TSX
20140223 20140829 -9.4974e-06 5.1635e-10 TSX
20140408 20140705 -5.5139e-05 6.7492e-10 TSX
20140419 20170913 4.684e-05 4.3478e-10 TSX
20140511 20141228 1.776e-06 4.758e-10 TSX
20140519 20150824 2.8691e-05 3.7136e-10 TSX
20140624 20171005 -2.8545e-05 3.97e-10 TSX
20140627 20151115 -1.8784e-05 3.6838e-10 TSX
20140705 20180911 -1.0585e-05 3.6647e-10 TSX
20140708 20160406 3.6781e-05 3.7754e-10 TSX
20140716 20171005 2.0468e-05 3.6734e-10 TSX
20140719 20151207 -1.2077e-05 3.5425e-10 TSX
20140727 20150326 -2.272e-05 4.6453e-10 TSX
20140810 20150122 1.8657e-05 5.7325e-10 TSX
20140818 20160301 2.4735e-05 4.0408e-10 TSX
20140829 20160208 2.1533e-05 4.2012e-10 TSX
20140901 20140912 -0.00029253 9.7392e-10 TSX
20140912 20141209 -2.5939e-05 6.7573e-10 TSX
20140920 20170902 1.931e-05 3.5264e-10 TSX
20141209 20160211 -2.1363e-05 3.7518e-10 TSX
20141217 20160722 1.1956e-05 3.843e-10 TSX
20141228 20160106 2.1198e-05 4.0396e-10 TSX
20141231 20151024 -4.5206e-06 4.2869e-10 TSX
20150105 20150824 -9.1109e-05 4.9517e-10 TSX
20150108 20170811 2.2018e-05 3.9417e-10 TSX
20150119 20160117 2.2453e-05 4.0044e-10 TSX
20150127 20160411 4.6485e-06 3.9026e-10 TSX
20150130 20151112 1.1251e-05 4.3625e-10 TSX
20150210 20170114 3.1043e-05 3.1699e-10 TSX
20150213 20160326 8.0007e-05 3.9682e-10 TSX
20150218 20160216 2.0377e-05 4.0553e-10 TSX
20150221 20180112 4.6344e-05 5.0556e-10 TSX
20150304 20180911 3.6751e-06 4.5898e-10 TSX
20150307 20160211 1.6896e-05 4.138e-10 TSX
20150312 20160320 -9.8441e-05 4.0171e-10 TSX
20150326 20150827 1.2787e-05 5.5946e-10 TSX
20150329 20151207 1.1136e-06 4.5809e-10 TSX
20150428 20160425 2.4639e-05 4.2063e-10 TSX
20150509 20150827 -2.5122e-06 6.3387e-10 TSX
20150517 20150824 -0.00015462 6.6801e-10 TSX
20150520 20180911 1.7974e-05 3.5909e-10 TSX
20150714 20170822 4.0945e-05 3.5659e-10 TSX
20150725 20170924 -0.00013598 3.3922e-10 TSX
20150802 20160309 -3.0502e-05 5.0229e-10 TSX
20150805 20160403 -5.3144e-05 4.7561e-10 TSX
20150816 20171107 -6.2951e-05 3.7837e-10 TSX
20150824 20150915 0.00073154 8.7033e-10 TSX
20150827 20170902 2.2162e-05 3.5317e-10 TSX
20150915 20160216 -4.7458e-05 5.7604e-10 TSX
20151021 20160904 -0.0001241 4.361e-10 TSX
20151101 20171016 4.9599e-06 4.3148e-10 TSX
20151112 20160425 4.6035e-06 5.4804e-10 TSX
20151115 20151229 0.00016656 7.8509e-10 TSX
20151123 20171221 1.0649e-05 3.5748e-10 TSX
20151204 20151215 0.000168 9.8421e-10 TSX
20151207 20160406 -0.00012086 6.1095e-10 TSX
20151215 20170822 3.0178e-05 3.5564e-10 TSX
20151226 20161223 1.916e-05 3.976e-10 TSX
20151229 20160211 8.3145e-07 7.8509e-10 TSX
20160106 20161223 1.8726e-05 4.0557e-10 TSX
20160117 20160926 -8.0396e-06 4.6155e-10 TSX
20160128 20160301 -0.00015379 8.1775e-10 TSX
20160208 20160312 -0.0001137 8.1775e-10 TSX
20160216 20160309 -0.0003797 8.7033e-10 TSX
20160219 20180319 1.1851e-05 3.6221e-10 TSX
20160301 20161201 5.221e-05 4.4452e-10 TSX
20160304 20160326 2.1686e-05 8.5675e-10 TSX
20160312 20180319 6.6517e-06 3.7089e-10 TSX
20160320 20160411 0.00039022 8.7033e-10 TSX
20160323 20171118 2.7592e-06 3.5597e-10 TSX
20160326 20160406 -0.00049671 9.7384e-10 TSX
20160403 20171027 2.044e-05 3.788e-10 TSX
20160425 20170811 1.2423e-05 3.5532e-10 TSX
20160528 20160630 1.9726e-05 8.1775e-10 TSX
20160630 20171118 1.7812e-05 3.5528e-10 TSX
20160722 20161201 0.00018403 5.907e-10 TSX
20160904 20180707 3.4591e-05 3.539e-10 TSX
20160915 20180911 -7.4546e-06 3.4456e-10 TSX
20160926 20170114 9.9885e-05 6.2965e-10 TSX
20161201 20171027 -2.3217e-05 4.1829e-10 TSX
20161223 20171107 -4.8273e-05 4.3265e-10 TSX
20170114 20170902 -7.0607e-05 4.8099e-10 TSX
20170811 20171005 -5.4685e-05 7.5568e-10 TSX
20170822 20180707 -3.0649e-05 4.1583e-10 TSX
20170913 20180707 -0.00010133 4.5485e-10 TSX
20170924 20180319 -2.7403e-05 5.2914e-10 TSX
20171005 20171107 4.5413e-05 8.1775e-10 TSX
20171016 20180319 1.5732e-05 5.5762e-10 TSX
20171027 20180911 -2.1521e-05 4.1594e-10 TSX
20171107 20171118 9.5599e-05 9.8421e-10 TSX
20171118 20171129 6.124e-05 9.8421e-10 TSX
20171129 20171221 -3.277e-05 8.5932e-10 TSX
20171210 20180820 -6.5436e-05 4.5631e-10 TSX
20171221 20180911 -7.1829e-05 4.4831e-10 TSX
20180112 20181003 0.00011579 4.5341e-10 TSX
20180319 20180707 -0.00011236 6.2954e-10 TSX
20180707 20180911 0.00022063 7.2718e-10 TSX
20180729 20181003 2.6305e-05 7.2718e-10 TSX
20180820 20181003 0.00016785 7.856e-10 TSX
20180911 20181003 -0.00021712 8.5933e-10 TSX
