20030427 20030914 0.00015246 6.3821e-10 ERS2
20030914 20080629 -0.00015497 3.4417e-10 ERS2
20050918 20090510 6.8595e-05 3.9473e-10 ERS2
20051127 20081116 -3.0313e-05 4.0666e-10 ERS2
20060903 20090510 -0.00020699 3.91e-10 ERS2
20061231 20090105 -0.00010343 5.8981e-10 ALOS
20070402 20070703 -1.6738e-05 7.6728e-10 ALOS
20070518 20091008 0.00051554 5.7253e-10 ALOS
20070818 20071003 -0.00035906 8.2827e-10 ALOS
20071217 20100509 -6.9247e-05 5.8854e-10 ALOS
20080103 20100526 5.6037e-05 5.609e-10 ALOS
20080404 20080520 -2.3648e-05 8.2939e-10 ALOS
20080618 20090921 -2.0609e-05 5.791e-10 ALOS
20080629 20090510 -0.00047335 5.2083e-10 ERS2
20080705 20091008 -3.1416e-05 5.7587e-10 ALOS
20080803 20090823 -6.0976e-05 4.6746e-10 ERS2
20081116 20090823 5.2783e-05 5.1483e-10 ERS2
20081219 20090921 -8.2104e-05 6.2225e-10 ALOS
20090105 20090708 -0.00026423 6.8717e-10 ALOS
20090510 20091101 -0.00063373 5.9856e-10 ERS2
20090708 20091008 0.00021368 7.6659e-10 ALOS
20090823 20091101 0.00042043 7.5413e-10 ERS2
20091222 20100624 -3.497e-05 6.7423e-10 ALOS
20100108 20100223 0.00042378 8.3416e-10 ALOS
20100223 20100526 -0.0001179 7.6761e-10 ALOS
20100410 20100711 -4.9004e-05 7.7712e-10 ALOS
20100509 20100624 0.0006425 8.2584e-10 ALOS
20100526 20100711 0.00035091 8.2827e-10 ALOS
20100624 20101109 3.55e-07 7.1821e-10 ALOS
20100711 20101011 -3.656e-05 7.7036e-10 ALOS
20100809 20101109 -1.1694e-05 7.6549e-10 ALOS
20101011 20101126 0.00026145 8.2827e-10 ALOS
20110111 20110226 0.00054515 8.2825e-10 ALOS
20110924 20130715 3.9754e-05 6.4525e-10 TSX
20111005 20121229 -4.6795e-05 6.8368e-10 TSX
20111121 20171221 -5.7311e-06 6.1918e-10 TSX
20111221 20130131 3.6553e-06 5.9373e-10 TSX
20111224 20121027 -8.9985e-05 4.9759e-10 TSX
20120126 20140419 1.5026e-08 4.0646e-10 TSX
20120203 20160320 -1.3538e-05 5.6122e-10 TSX
20120206 20171107 6.2839e-05 4.5396e-10 TSX
20120617 20171129 -7.362e-06 6.4343e-10 TSX
20120723 20160120 -2.7933e-05 6.1413e-10 TSX
20121024 20130109 4.3315e-05 7.9006e-10 TSX
20121027 20151226 3.9484e-05 4.0375e-10 TSX
20121030 20130311 2.5942e-05 7.0733e-10 TSX
20121107 20171118 -6.4591e-06 5.4159e-10 TSX
20121221 20160208 -6.1441e-05 5.026e-10 TSX
20121224 20130516 -1.9222e-05 6.9569e-10 TSX
20121229 20130407 3.9228e-05 7.6393e-10 TSX
20130104 20130217 1.9e-05 8.2203e-10 TSX
20130109 20130715 0.0001513 7.755e-10 TSX
20130112 20140511 -7.2975e-05 5.5403e-10 TSX
20130115 20130721 -1.5841e-05 7.1013e-10 TSX
20130126 20130823 -0.00013092 6.2629e-10 TSX
20130131 20130429 1.3596e-05 7.768e-10 TSX
20130203 20130729 -3.8679e-05 6.3532e-10 TSX
20130211 20130919 8.3646e-06 6.7829e-10 TSX
20130228 20141209 -1.7279e-05 6.2357e-10 TSX
20130311 20130801 6.6811e-06 7.2338e-10 TSX
20130316 20130623 -8.7941e-06 7.7073e-10 TSX
20130402 20150122 6.6354e-05 6.6551e-10 TSX
20130407 20140530 4.0762e-05 6.4534e-10 TSX
20130421 20171016 4.9417e-05 3.9949e-10 TSX
20130424 20130721 -0.00023384 7.6989e-10 TSX
20130429 20130623 -9.7013e-05 8.186e-10 TSX
20130505 20131028 -0.00055972 7.2386e-10 TSX
20130513 20151112 7.3959e-05 6.1729e-10 TSX
20130516 20131017 -0.00030416 7.3726e-10 TSX
20130521 20130715 0.00018441 8.2073e-10 TSX
20130524 20171129 1.6884e-05 6.0084e-10 TSX
20130527 20140627 -8.3081e-07 6.3568e-10 TSX
20130601 20130930 5.7114e-05 7.4135e-10 TSX
20130604 20141217 0.00012013 5.7267e-10 TSX
20130607 20140719 2.6912e-05 6.5595e-10 TSX
20130612 20150105 -2.0176e-05 5.7343e-10 TSX
20130615 20160106 0.00015309 4.5339e-10 TSX
20130618 20140708 -5.22e-05 5.7829e-10 TSX
20130623 20130715 0.00063726 8.8715e-10 TSX
20130629 20130914 0.00012349 7.7733e-10 TSX
20130707 20150130 5.486e-06 5.8553e-10 TSX
20130710 20140901 3.1732e-05 5.9948e-10 TSX
20130715 20130726 -0.0024188 1.0275e-09 TSX
20130721 20131108 0.00038422 7.4323e-10 TSX
20130726 20150517 -8.8063e-06 6.1324e-10 TSX
20130729 20160904 -2.531e-05 5.673e-10 TSX
20130801 20151115 -3.1433e-05 6.0486e-10 TSX
20130817 20140209 -3.1809e-05 7.0658e-10 TSX
20130828 20150312 1.5709e-06 6.1767e-10 TSX
20130903 20150329 -0.00013138 5.9946e-10 TSX
20130919 20160309 -4.6426e-05 6.7997e-10 TSX
20130925 20140708 5.7665e-05 6.9284e-10 TSX
20130930 20160411 2.8412e-05 5.4645e-10 TSX
20131011 20150802 -8.6488e-05 6.0536e-10 TSX
20131017 20140719 -1.7895e-05 6.2589e-10 TSX
20131028 20160304 -5.9627e-05 4.8866e-10 TSX
20131102 20140519 4.6284e-05 6.8555e-10 TSX
20131108 20140708 0.0001239 6.5951e-10 TSX
20140209 20160309 -3.1086e-05 5.7544e-10 TSX
20140223 20140829 -1.9384e-05 6.4459e-10 TSX
20140408 20140705 -4.0868e-05 7.2366e-10 TSX
20140419 20170913 1.8449e-05 4.2373e-10 TSX
20140511 20141228 7.6009e-05 6.1856e-10 TSX
20140519 20150824 -1.5905e-05 6.2108e-10 TSX
20140624 20171005 -1.7042e-05 5.6418e-10 TSX
20140627 20151115 -1.6603e-05 5.8551e-10 TSX
20140705 20180911 3.4976e-05 3.724e-10 TSX
20140708 20160406 -4.8149e-05 5.7044e-10 TSX
20140716 20171005 -2.5917e-05 5.1556e-10 TSX
20140719 20151207 3.0896e-05 5.4464e-10 TSX
20140727 20150326 -6.4115e-05 5.5942e-10 TSX
20140810 20150122 5.6604e-05 6.9845e-10 TSX
20140818 20160301 -0.00014255 4.7982e-10 TSX
20140829 20160208 7.026e-06 5.7803e-10 TSX
20140901 20140912 -0.00027947 9.8188e-10 TSX
20140912 20141209 5.1631e-05 7.5639e-10 TSX
20140920 20170902 -5.7559e-05 5.1268e-10 TSX
20141209 20160211 1.3308e-05 6.4034e-10 TSX
20141217 20160722 0.00011564 5.4815e-10 TSX
20141228 20160106 0.00017487 5.293e-10 TSX
20141231 20151024 -3.7818e-05 6.5599e-10 TSX
20150105 20150824 -0.0001001 7.1014e-10 TSX
20150108 20170811 -3.783e-05 4.8771e-10 TSX
20150119 20160117 -8.1326e-05 5.6144e-10 TSX
20150127 20160411 7.3123e-05 6.8818e-10 TSX
20150130 20151112 8.9206e-05 5.2906e-10 TSX
20150210 20170114 3.5007e-05 4.8425e-10 TSX
20150213 20160326 -0.00017864 6.0667e-10 TSX
20150218 20160216 2.5242e-05 6.3441e-10 TSX
20150221 20180112 4.1383e-05 4.3146e-10 TSX
20150304 20180911 6.4853e-05 5.6651e-10 TSX
20150307 20160211 3.4163e-05 6.3045e-10 TSX
20150312 20160320 6.1396e-05 6.5953e-10 TSX
20150326 20150827 7.4016e-05 6.6871e-10 TSX
20150329 20151207 4.3498e-06 6.509e-10 TSX
20150428 20160425 2.7788e-05 5.0865e-10 TSX
20150509 20150827 -5.2907e-05 6.9428e-10 TSX
20150517 20150824 -0.00014706 7.8278e-10 TSX
20150520 20180911 2.2198e-05 4.7448e-10 TSX
20150714 20170822 -4.3754e-05 5.2659e-10 TSX
20150725 20170924 -0.00021569 4.7132e-10 TSX
20150802 20160309 3.818e-05 6.843e-10 TSX
20150805 20160403 0.00014935 6.3264e-10 TSX
20150816 20171107 3.1609e-05 5.5566e-10 TSX
20150824 20150915 0.00061873 8.8705e-10 TSX
20150827 20170902 -6.6452e-05 5.6131e-10 TSX
20150915 20160216 -2.8597e-05 7.326e-10 TSX
20151021 20160904 0.00010004 5.961e-10 TSX
20151101 20171016 4.9824e-05 5.6507e-10 TSX
20151112 20160425 -4.2738e-05 6.2268e-10 TSX
20151115 20151229 9.7051e-05 8.2202e-10 TSX
20151123 20171221 7.8671e-05 5.6718e-10 TSX
20151204 20151215 0.00016103 9.8943e-10 TSX
20151207 20160406 -3.2633e-05 7.1904e-10 TSX
20151215 20170822 -7.5614e-05 5.187e-10 TSX
20151226 20161223 6.331e-05 4.8862e-10 TSX
20151229 20160211 1.0861e-05 8.2202e-10 TSX
20160106 20161223 5.0474e-05 5.1358e-10 TSX
20160117 20160926 -4.0735e-05 6.3804e-10 TSX
20160128 20160301 -0.00023029 8.3396e-10 TSX
20160208 20160312 -0.000135 8.3396e-10 TSX
20160216 20160309 -0.00036033 8.8705e-10 TSX
20160219 20180319 3.3793e-05 5.7366e-10 TSX
20160301 20161201 0.00010406 5.2684e-10 TSX
20160304 20160326 5.0168e-05 8.7185e-10 TSX
20160312 20180319 1.9606e-05 5.8967e-10 TSX
20160320 20160411 0.00038186 8.8714e-10 TSX
20160323 20171118 -4.4196e-05 6.0144e-10 TSX
20160326 20160406 -0.00050914 9.8178e-10 TSX
20160403 20171027 -3.402e-05 5.1991e-10 TSX
20160425 20170811 2.6832e-05 5.295e-10 TSX
20160528 20160630 1.4248e-06 8.3396e-10 TSX
20160630 20171118 -1.4897e-05 5.1818e-10 TSX
20160722 20161201 0.00018252 6.7619e-10 TSX
20160904 20180707 -3.0435e-05 5.015e-10 TSX
20160915 20180911 1.3734e-05 5.8178e-10 TSX
20160926 20170114 0.00015116 7.068e-10 TSX
20161201 20171027 -0.00015504 5.2043e-10 TSX
20161223 20171107 0.00019755 5.4553e-10 TSX
20170114 20170902 -0.00014115 6.1502e-10 TSX
20170811 20171005 -5.9075e-05 7.8648e-10 TSX
20170822 20180707 -0.00010746 4.9427e-10 TSX
20170913 20180707 -0.0001596 5.6088e-10 TSX
20170924 20180319 -1.1241e-05 5.9805e-10 TSX
20171005 20171107 8.9979e-05 8.3396e-10 TSX
20171016 20180319 2.2279e-06 6.2395e-10 TSX
20171027 20180911 -6.9759e-05 4.9994e-10 TSX
20171107 20171118 6.7103e-05 9.8943e-10 TSX
20171118 20171129 5.4172e-05 9.8943e-10 TSX
20171129 20171221 5.2789e-06 8.6908e-10 TSX
20171210 20180820 -0.00018873 5.5053e-10 TSX
20171221 20180911 -0.00010858 5.8165e-10 TSX
20180112 20181003 5.8467e-05 5.5272e-10 TSX
20180319 20180707 -0.00026746 6.9103e-10 TSX
20180707 20180911 0.00021111 7.648e-10 TSX
20180729 20181003 3.4442e-05 7.648e-10 TSX
20180820 20181003 0.00017706 8.091e-10 TSX
20180911 20181003 -0.00015639 8.6908e-10 TSX
