20030427 20030914 -0.00030191 5.648e-10 ERS2
20030914 20080629 2.448e-05 2.8459e-10 ERS2
20050918 20090510 3.3868e-05 3.0911e-10 ERS2
20051127 20081116 -0.00019291 3.0619e-10 ERS2
20060903 20090510 2.1945e-05 3.128e-10 ERS2
20061231 20090105 1.0177e-05 3.157e-10 ALOS
20070402 20070703 -7.7858e-05 6.6653e-10 ALOS
20070518 20091008 -0.0007808 3.1561e-10 ALOS
20070818 20071003 -0.00045957 7.7578e-10 ALOS
20071217 20100509 -8.2204e-06 3.1802e-10 ALOS
20080103 20100526 1.399e-05 3.1857e-10 ALOS
20080404 20080520 -0.00018346 7.765e-10 ALOS
20080618 20090921 -4.9489e-05 3.7413e-10 ALOS
20080629 20090510 -0.00025237 4.1557e-10 ERS2
20080705 20091008 -0.0002152 3.6644e-10 ALOS
20080803 20090823 -3.7761e-05 3.8286e-10 ERS2
20081116 20090823 -2.6603e-06 4.3216e-10 ERS2
20081219 20090921 0.0001088 4.4728e-10 ALOS
20090105 20090708 0.00010444 5.369e-10 ALOS
20090510 20091101 6.6894e-05 5.2115e-10 ERS2
20090708 20091008 0.00012011 6.667e-10 ALOS
20090823 20091101 -0.00019405 6.9858e-10 ERS2
20091222 20100624 -4.7219e-05 5.2719e-10 ALOS
20100108 20100223 -6.8424e-05 7.7849e-10 ALOS
20100223 20100526 0.00022536 6.7019e-10 ALOS
20100410 20100711 0.0002963 6.7996e-10 ALOS
20100509 20100624 0.00055601 7.7374e-10 ALOS
20100526 20100711 0.00029344 7.7579e-10 ALOS
20100624 20101109 1.9919e-06 5.8397e-10 ALOS
20100711 20101011 8.1056e-05 6.6638e-10 ALOS
20100809 20101109 9.6166e-05 6.6353e-10 ALOS
20101011 20101126 0.00020493 7.7583e-10 ALOS
20110111 20110226 0.00054432 7.7583e-10 ALOS
20110924 20130715 -2.4997e-06 3.5004e-10 TSX
20111005 20121229 -3.3848e-05 3.9291e-10 TSX
20111121 20171221 1.1057e-05 3.9188e-10 TSX
20111221 20130131 -1.6561e-05 3.8599e-10 TSX
20111224 20121027 6.4461e-06 4.1926e-10 TSX
20120126 20140419 -3.2212e-05 3.7867e-10 TSX
20120203 20160320 2.1284e-05 3.8467e-10 TSX
20120206 20171107 9.3788e-06 4.8843e-10 TSX
20120617 20171129 -1.3338e-06 3.7533e-10 TSX
20120723 20160120 6.5952e-06 3.2661e-10 TSX
20121024 20130109 8.6078e-05 7.016e-10 TSX
20121027 20151226 -1.4728e-05 4.0955e-10 TSX
20121030 20130311 -3.6249e-05 5.8464e-10 TSX
20121107 20171118 5.8889e-06 3.6363e-10 TSX
20121221 20160208 2.6968e-05 4.5818e-10 TSX
20121224 20130516 -4.7313e-05 5.6849e-10 TSX
20121229 20130407 -3.1615e-05 6.5603e-10 TSX
20130104 20130217 -5.2739e-05 7.7362e-10 TSX
20130109 20130715 -3.6257e-06 5.4305e-10 TSX
20130112 20140511 -2.7949e-06 4.0745e-10 TSX
20130115 20130721 5.2392e-07 5.1794e-10 TSX
20130126 20130823 0.00014211 5.5921e-10 TSX
20130131 20130429 -7.4982e-05 6.7796e-10 TSX
20130203 20130729 4.0985e-05 5.2374e-10 TSX
20130211 20130919 4.3294e-05 5.0222e-10 TSX
20130228 20141209 -2.7685e-06 3.6221e-10 TSX
20130311 20130801 2.7801e-05 5.7089e-10 TSX
20130316 20130623 -4.7427e-06 6.5611e-10 TSX
20130402 20150122 -0.00011823 3.6951e-10 TSX
20130407 20140530 -3.5959e-05 3.9661e-10 TSX
20130421 20171016 2.9164e-05 4.1411e-10 TSX
20130424 20130721 -8.2345e-05 6.6417e-10 TSX
20130429 20130623 -2.9453e-05 7.5454e-10 TSX
20130505 20131028 -0.00021253 5.4786e-10 TSX
20130513 20151112 1.0603e-05 4.3626e-10 TSX
20130516 20131017 0.00030192 5.8985e-10 TSX
20130521 20130715 0.00011478 7.5453e-10 TSX
20130524 20171129 3.0016e-05 4.7485e-10 TSX
20130527 20140627 2.833e-05 3.8519e-10 TSX
20130601 20130930 8.323e-05 6.1691e-10 TSX
20130604 20141217 1.6672e-05 4.3585e-10 TSX
20130607 20140719 -6.1887e-06 3.8133e-10 TSX
20130612 20150105 -1.1674e-05 3.862e-10 TSX
20130615 20160106 2.5689e-05 4.2097e-10 TSX
20130618 20140708 -2.3127e-05 3.8893e-10 TSX
20130623 20130715 0.000626 8.6302e-10 TSX
20130629 20130914 0.00034661 7.0853e-10 TSX
20130707 20150130 -7.0611e-06 4.1395e-10 TSX
20130710 20140901 -7.6686e-06 3.7891e-10 TSX
20130715 20130726 -0.0023326 1.0123e-09 TSX
20130721 20131108 0.00063862 6.536e-10 TSX
20130726 20150517 -4.8183e-05 4.6513e-10 TSX
20130729 20160904 7.8638e-06 4.3109e-10 TSX
20130801 20151115 6.878e-06 3.4067e-10 TSX
20130817 20140209 -3.7486e-05 5.4094e-10 TSX
20130828 20150312 3.8377e-06 3.8873e-10 TSX
20130903 20150329 -1.462e-05 3.9654e-10 TSX
20130919 20160309 4.0308e-06 4.1247e-10 TSX
20130925 20140708 -2.1886e-05 4.5918e-10 TSX
20130930 20160411 -3.0221e-05 3.8524e-10 TSX
20131011 20150802 -1.2955e-05 3.8146e-10 TSX
20131017 20140719 -0.00011746 4.7067e-10 TSX
20131028 20160304 -0.00015495 2.9031e-10 TSX
20131102 20140519 -4.1896e-05 5.1714e-10 TSX
20131108 20140708 4.0696e-05 4.8843e-10 TSX
20140209 20160309 -8.2528e-06 3.9571e-10 TSX
20140223 20140829 2.5812e-05 5.1116e-10 TSX
20140408 20140705 -1.3644e-05 6.6123e-10 TSX
20140419 20170913 8.5421e-05 4.531e-10 TSX
20140511 20141228 2.3052e-05 4.7597e-10 TSX
20140519 20150824 8.2991e-06 3.9327e-10 TSX
20140624 20171005 2.3186e-05 4.2214e-10 TSX
20140627 20151115 -3.2983e-05 4.0743e-10 TSX
20140705 20180911 -7.7839e-06 3.8855e-10 TSX
20140708 20160406 -3.8165e-06 4.163e-10 TSX
20140716 20171005 3.2383e-05 3.9275e-10 TSX
20140719 20151207 2.2086e-05 3.8431e-10 TSX
20140727 20150326 -4.2366e-05 4.6865e-10 TSX
20140810 20150122 -7.9124e-05 5.7427e-10 TSX
20140818 20160301 1.2133e-05 3.9682e-10 TSX
20140829 20160208 4.7626e-06 3.8628e-10 TSX
20140901 20140912 -0.0002911 9.688e-10 TSX
20140912 20141209 -2.1252e-05 6.6398e-10 TSX
20140920 20170902 2.0328e-06 4.2467e-10 TSX
20141209 20160211 1.5309e-05 4.6544e-10 TSX
20141217 20160722 2.2195e-05 4.2904e-10 TSX
20141228 20160106 2.375e-05 4.4466e-10 TSX
20141231 20151024 1.4202e-05 4.6444e-10 TSX
20150105 20150824 -1.7286e-05 5.1179e-10 TSX
20150108 20170811 6.8501e-05 4.6198e-10 TSX
20150119 20160117 2.4504e-05 4.5994e-10 TSX
20150127 20160411 5.9233e-05 4.305e-10 TSX
20150130 20151112 2.9644e-05 4.51e-10 TSX
20150210 20170114 4.5814e-05 4.6614e-10 TSX
20150213 20160326 -0.00017301 4.0087e-10 TSX
20150218 20160216 5.6684e-06 4.2589e-10 TSX
20150221 20180112 0.00013251 3.8573e-10 TSX
20150304 20180911 2.6956e-05 4.2521e-10 TSX
20150307 20160211 5.2902e-05 4.5994e-10 TSX
20150312 20160320 -1e-05 4.5606e-10 TSX
20150326 20150827 0.00010546 5.7221e-10 TSX
20150329 20151207 1.4128e-05 4.6352e-10 TSX
20150428 20160425 1.5298e-05 4.2177e-10 TSX
20150509 20150827 0.00012216 6.3066e-10 TSX
20150517 20150824 -2.4251e-05 6.6106e-10 TSX
20150520 20180911 4.7737e-05 4.128e-10 TSX
20150714 20170822 5.7673e-05 4.2401e-10 TSX
20150725 20170924 1.2422e-05 4.1668e-10 TSX
20150802 20160309 -3.4927e-05 5.2301e-10 TSX
20150805 20160403 -4.7793e-05 5.1555e-10 TSX
20150816 20171107 4.1869e-05 3.917e-10 TSX
20150824 20150915 0.00063763 8.6293e-10 TSX
20150827 20170902 5.2702e-05 4.4053e-10 TSX
20150915 20160216 -6.2764e-05 5.7544e-10 TSX
20151021 20160904 -4.4579e-05 4.8372e-10 TSX
20151101 20171016 1.7635e-05 3.9797e-10 TSX
20151112 20160425 -2.0334e-05 5.3848e-10 TSX
20151115 20151229 0.00018453 7.7362e-10 TSX
20151123 20171221 3.0071e-05 4.2212e-10 TSX
20151204 20151215 0.00016911 9.7894e-10 TSX
20151207 20160406 -0.00010513 6.0225e-10 TSX
20151215 20170822 0.00010836 4.0495e-10 TSX
20151226 20161223 5.3179e-05 4.1949e-10 TSX
20151229 20160211 -2.6705e-05 7.7362e-10 TSX
20160106 20161223 4.8158e-05 4.5484e-10 TSX
20160117 20160926 7.0868e-05 4.9298e-10 TSX
20160128 20160301 -0.00016668 8.0715e-10 TSX
20160208 20160312 -7.7864e-05 8.0715e-10 TSX
20160216 20160309 -0.00036956 8.6293e-10 TSX
20160219 20180319 -3.1473e-06 4.1102e-10 TSX
20160301 20161201 0.00011101 4.5065e-10 TSX
20160304 20160326 2.0424e-05 8.495e-10 TSX
20160312 20180319 1.6384e-06 4.2189e-10 TSX
20160320 20160411 0.0003689 8.6294e-10 TSX
20160323 20171118 5.8679e-05 3.9024e-10 TSX
20160326 20160406 -0.00051263 9.6873e-10 TSX
20160403 20171027 5.774e-05 4.1001e-10 TSX
20160425 20170811 0.00010795 4.0587e-10 TSX
20160528 20160630 -1.8712e-05 8.0715e-10 TSX
20160630 20171118 5.8795e-05 3.98e-10 TSX
20160722 20161201 0.00018244 5.813e-10 TSX
20160904 20180707 -2.2433e-05 3.4822e-10 TSX
20160915 20180911 -3.6875e-05 3.6196e-10 TSX
20160926 20170114 7.1276e-06 6.1939e-10 TSX
20161201 20171027 1.1266e-05 4.8039e-10 TSX
20161223 20171107 -1.6094e-05 4.5824e-10 TSX
20170114 20170902 4.313e-05 5.2481e-10 TSX
20170811 20171005 -8.1266e-05 7.4147e-10 TSX
20170822 20180707 -8.3772e-05 4.1346e-10 TSX
20170913 20180707 -0.0001452 4.3592e-10 TSX
20170924 20180319 -0.00011156 5.2319e-10 TSX
20171005 20171107 4.1438e-05 8.0715e-10 TSX
20171016 20180319 -9.774e-05 5.5006e-10 TSX
20171027 20180911 -5.4029e-05 4.1349e-10 TSX
20171107 20171118 8.4941e-05 9.7894e-10 TSX
20171118 20171129 5.1816e-05 9.7894e-10 TSX
20171129 20171221 -3.0723e-05 8.5155e-10 TSX
20171210 20180820 -6.2743e-05 4.5343e-10 TSX
20171221 20180911 -6.4731e-05 4.4571e-10 TSX
20180112 20181003 -1.9183e-05 4.4951e-10 TSX
20180319 20180707 -6.2905e-05 6.1792e-10 TSX
20180707 20180911 0.00024057 7.1253e-10 TSX
20180729 20181003 1.0522e-06 7.1253e-10 TSX
20180820 20181003 0.00011623 7.7273e-10 TSX
20180911 20181003 -0.00017459 8.5155e-10 TSX
