20030427 20030914 0.00050667 5.6761e-10 ERS2
20030914 20080629 -0.00012779 2.8341e-10 ERS2
20050918 20090510 5.5807e-05 3.0456e-10 ERS2
20051127 20081116 8.2593e-05 3.0884e-10 ERS2
20060903 20090510 -0.00017094 3.0905e-10 ERS2
20061231 20090105 0.00011853 3.2117e-10 ALOS
20070402 20070703 0.00011575 6.7075e-10 ALOS
20070518 20091008 0.00016589 3.1391e-10 ALOS
20070818 20071003 -0.00019918 7.8207e-10 ALOS
20071217 20100509 -7.4259e-05 3.2161e-10 ALOS
20080103 20100526 -2.7659e-05 3.2451e-10 ALOS
20080404 20080520 0.00017849 7.8216e-10 ALOS
20080618 20090921 0.00017896 3.7376e-10 ALOS
20080629 20090510 -0.00069463 4.1343e-10 ERS2
20080705 20091008 0.00025791 3.66e-10 ALOS
20080803 20090823 -0.0003205 3.8453e-10 ERS2
20081116 20090823 0.00029938 4.3424e-10 ERS2
20081219 20090921 0.00026593 4.4807e-10 ALOS
20090105 20090708 7.6057e-05 5.3416e-10 ALOS
20090510 20091101 0.00029116 5.2108e-10 ERS2
20090708 20091008 0.00034793 6.7078e-10 ALOS
20090823 20091101 0.00051205 7.0051e-10 ERS2
20091222 20100624 0.0002023 5.2851e-10 ALOS
20100108 20100223 0.00028636 7.8204e-10 ALOS
20100223 20100526 0.00014236 6.7205e-10 ALOS
20100410 20100711 0.00011653 6.7249e-10 ALOS
20100509 20100624 0.00072081 7.7958e-10 ALOS
20100526 20100711 0.00056306 7.8201e-10 ALOS
20100624 20101109 4.9581e-05 5.8595e-10 ALOS
20100711 20101011 -9.552e-05 6.7065e-10 ALOS
20100809 20101109 -0.00020121 6.6748e-10 ALOS
20101011 20101126 0.00014138 7.82e-10 ALOS
20110111 20110226 0.00046402 7.8199e-10 ALOS
20110924 20130715 -1.1393e-07 4.02e-10 TSX
20111005 20121229 4.1901e-05 4.0741e-10 TSX
20111121 20171221 1.6774e-05 4.5277e-10 TSX
20111221 20130131 5.7893e-05 3.9892e-10 TSX
20111224 20121027 -8.3623e-06 4.2405e-10 TSX
20120126 20140419 -7.49e-05 4.8963e-10 TSX
20120203 20160320 -1.8856e-05 3.3587e-10 TSX
20120206 20171107 2.2781e-05 3.6897e-10 TSX
20120617 20171129 -1.5426e-05 5.1832e-10 TSX
20120723 20160120 -5.8941e-05 3.6745e-10 TSX
20121024 20130109 6.2241e-05 7.0928e-10 TSX
20121027 20151226 -6.3576e-05 5.0294e-10 TSX
20121030 20130311 -5.3639e-05 5.8609e-10 TSX
20121107 20171118 -2.901e-05 4.6633e-10 TSX
20121221 20160208 -2.274e-06 4.1746e-10 TSX
20121224 20130516 -8.1027e-05 5.6957e-10 TSX
20121229 20130407 -3.4361e-07 6.6271e-10 TSX
20130104 20130217 -4.9148e-05 7.7839e-10 TSX
20130109 20130715 0.00018373 5.4715e-10 TSX
20130112 20140511 -4.1096e-05 4.5515e-10 TSX
20130115 20130721 -0.0001977 5.4424e-10 TSX
20130126 20130823 -0.0004712 5.2527e-10 TSX
20130131 20130429 -8.5887e-06 6.8319e-10 TSX
20130203 20130729 -5.813e-05 5.3021e-10 TSX
20130211 20130919 4.2032e-05 5.1039e-10 TSX
20130228 20141209 0.00012123 4.4348e-10 TSX
20130311 20130801 -4.8879e-05 5.8462e-10 TSX
20130316 20130623 -8.286e-05 6.629e-10 TSX
20130402 20150122 1.9411e-05 3.4806e-10 TSX
20130407 20140530 5.6108e-05 4.1896e-10 TSX
20130421 20171016 5.0886e-05 3.725e-10 TSX
20130424 20130721 -0.00027144 6.7068e-10 TSX
20130429 20130623 -0.00010799 7.6165e-10 TSX
20130505 20131028 -0.00091247 5.4754e-10 TSX
20130513 20151112 -5.3582e-06 4.3287e-10 TSX
20130516 20131017 -0.00046038 5.7913e-10 TSX
20130521 20130715 0.00028513 7.6266e-10 TSX
20130524 20171129 2.6329e-05 4.8122e-10 TSX
20130527 20140627 3.4336e-05 4.1045e-10 TSX
20130601 20130930 0.00021438 6.2916e-10 TSX
20130604 20141217 0.000101 4.7029e-10 TSX
20130607 20140719 0.00011295 4.1349e-10 TSX
20130612 20150105 -1.5816e-05 3.7151e-10 TSX
20130615 20160106 -1.4991e-05 4.5453e-10 TSX
20130618 20140708 -9.3341e-06 4.2704e-10 TSX
20130623 20130715 0.00071192 8.6876e-10 TSX
20130629 20130914 0.0001426 6.9747e-10 TSX
20130707 20150130 2.3449e-05 4.8992e-10 TSX
20130710 20140901 0.00010901 4.15e-10 TSX
20130715 20130726 -0.002462 1.0174e-09 TSX
20130721 20131108 0.00062904 6.4154e-10 TSX
20130726 20150517 0.00022187 4.2122e-10 TSX
20130729 20160904 -0.00010439 4.6332e-10 TSX
20130801 20151115 4.6108e-06 3.832e-10 TSX
20130817 20140209 -0.00012583 5.4655e-10 TSX
20130828 20150312 -2.6174e-06 3.9418e-10 TSX
20130903 20150329 -0.00014291 3.9853e-10 TSX
20130919 20160309 0.00011424 3.8764e-10 TSX
20130925 20140708 2.2863e-05 4.4738e-10 TSX
20130930 20160411 4.8198e-05 3.4073e-10 TSX
20131011 20150802 9.2429e-05 3.7862e-10 TSX
20131017 20140719 9.5426e-05 4.5128e-10 TSX
20131028 20160304 -2.0822e-05 3.8532e-10 TSX
20131102 20140519 7.1137e-05 5.2212e-10 TSX
20131108 20140708 1.5738e-05 4.7353e-10 TSX
20140209 20160309 -5.7472e-06 3.6245e-10 TSX
20140223 20140829 4.8326e-05 5.2391e-10 TSX
20140408 20140705 5.1359e-05 6.6338e-10 TSX
20140419 20170913 7.4731e-05 4.3729e-10 TSX
20140511 20141228 0.00011256 4.9948e-10 TSX
20140519 20150824 -4.8411e-06 3.9919e-10 TSX
20140624 20171005 1.0243e-05 4.8593e-10 TSX
20140627 20151115 -4.6337e-05 4.2322e-10 TSX
20140705 20180911 2.5538e-05 3.9344e-10 TSX
20140708 20160406 -8.1995e-05 4.2245e-10 TSX
20140716 20171005 1.7903e-05 4.6685e-10 TSX
20140719 20151207 -6.7873e-06 4.3038e-10 TSX
20140727 20150326 -3.2124e-05 4.6771e-10 TSX
20140810 20150122 -0.00010151 5.5025e-10 TSX
20140818 20160301 -7.6722e-05 3.8414e-10 TSX
20140829 20160208 5.3776e-05 4.6465e-10 TSX
20140901 20140912 -0.0002756 9.7245e-10 TSX
20140912 20141209 -4.9459e-05 6.6693e-10 TSX
20140920 20170902 8.6143e-05 4.6306e-10 TSX
20141209 20160211 -2.4103e-05 4.2768e-10 TSX
20141217 20160722 -7.9318e-05 4.5607e-10 TSX
20141228 20160106 5.3428e-05 4.5385e-10 TSX
20141231 20151024 -5.1697e-05 4.88e-10 TSX
20150105 20150824 -6.519e-05 5.0462e-10 TSX
20150108 20170811 5.6462e-06 5.7641e-10 TSX
20150119 20160117 0.00011987 4.2874e-10 TSX
20150127 20160411 5.1594e-05 4.0463e-10 TSX
20150130 20151112 8.0859e-06 5.2669e-10 TSX
20150210 20170114 1.1745e-05 4.1453e-10 TSX
20150213 20160326 0.00010304 4.0517e-10 TSX
20150218 20160216 -0.00010408 4.2888e-10 TSX
20150221 20180112 -3.8201e-05 4.3184e-10 TSX
20150304 20180911 5.2242e-05 3.8852e-10 TSX
20150307 20160211 2.0497e-07 4.3686e-10 TSX
20150312 20160320 3.094e-05 4.3199e-10 TSX
20150326 20150827 6.5582e-05 5.6129e-10 TSX
20150329 20151207 -0.0001014 4.6561e-10 TSX
20150428 20160425 -1.519e-05 4.5713e-10 TSX
20150509 20150827 -5.5907e-05 6.2952e-10 TSX
20150517 20150824 -0.00018658 6.6776e-10 TSX
20150520 20180911 2.9035e-05 4.7481e-10 TSX
20150714 20170822 8.6051e-05 4.1046e-10 TSX
20150725 20170924 0.00011287 3.967e-10 TSX
20150802 20160309 -0.00014796 5.0036e-10 TSX
20150805 20160403 0.00011271 4.7201e-10 TSX
20150816 20171107 6.9265e-05 4.4838e-10 TSX
20150824 20150915 0.00070556 8.6863e-10 TSX
20150827 20170902 -7.7091e-05 3.8882e-10 TSX
20150915 20160216 -6.8331e-05 5.7866e-10 TSX
20151021 20160904 -8.0803e-05 4.4147e-10 TSX
20151101 20171016 -0.00013468 4.9438e-10 TSX
20151112 20160425 -4.0424e-06 5.383e-10 TSX
20151115 20151229 0.00010085 7.7839e-10 TSX
20151123 20171221 -2.664e-07 4.2607e-10 TSX
20151204 20151215 0.00015774 9.814e-10 TSX
20151207 20160406 -5.7434e-05 6.037e-10 TSX
20151215 20170822 2.7433e-05 4.3341e-10 TSX
20151226 20161223 7.9886e-05 4.0419e-10 TSX
20151229 20160211 -2.4425e-05 7.7839e-10 TSX
20160106 20161223 9.8661e-05 4.0663e-10 TSX
20160117 20160926 2.5184e-05 4.6764e-10 TSX
20160128 20160301 -0.00024264 8.1042e-10 TSX
20160208 20160312 -0.00012831 8.1042e-10 TSX
20160216 20160309 -0.00040796 8.6863e-10 TSX
20160219 20180319 6.0183e-05 4.8813e-10 TSX
20160301 20161201 0.0001271 4.4226e-10 TSX
20160304 20160326 8.7343e-05 8.537e-10 TSX
20160312 20180319 4.4313e-05 5.3026e-10 TSX
20160320 20160411 0.00035179 8.6864e-10 TSX
20160323 20171118 5.2965e-05 4.6176e-10 TSX
20160326 20160406 -0.0005189 9.7237e-10 TSX
20160403 20171027 0.00014863 4.1868e-10 TSX
20160425 20170811 8.0529e-06 4.9034e-10 TSX
20160528 20160630 -1.2948e-05 8.1042e-10 TSX
20160630 20171118 0.00011388 5.1119e-10 TSX
20160722 20161201 0.00018646 5.8262e-10 TSX
20160904 20180707 4.2818e-05 4.1133e-10 TSX
20160915 20180911 2.2857e-05 4.4617e-10 TSX
20160926 20170114 0.00019959 6.2648e-10 TSX
20161201 20171027 -9.8189e-06 4.4386e-10 TSX
20161223 20171107 4.5278e-06 4.4463e-10 TSX
20170114 20170902 1.9727e-06 5.5108e-10 TSX
20170811 20171005 -6.5087e-05 7.447e-10 TSX
20170822 20180707 -8.5851e-05 4.1566e-10 TSX
20170913 20180707 -0.00014894 4.4052e-10 TSX
20170924 20180319 4.3502e-05 5.2447e-10 TSX
20171005 20171107 7.1225e-05 8.1042e-10 TSX
20171016 20180319 8.1569e-05 5.5072e-10 TSX
20171027 20180911 -4.6037e-06 4.1557e-10 TSX
20171107 20171118 7.2047e-05 9.8141e-10 TSX
20171118 20171129 5.9671e-05 9.814e-10 TSX
20171129 20171221 -3.3883e-05 8.5446e-10 TSX
20171210 20180820 -7.7497e-05 4.5469e-10 TSX
20171221 20180911 -2.0998e-05 4.5052e-10 TSX
20180112 20181003 5.3065e-05 4.5631e-10 TSX
20180319 20180707 -0.00027206 6.1955e-10 TSX
20180707 20180911 0.00030288 7.1537e-10 TSX
20180729 20181003 5.4962e-05 7.1537e-10 TSX
20180820 20181003 0.00020236 7.7611e-10 TSX
20180911 20181003 -0.00020218 8.5446e-10 TSX
