20030427 20030914 -2.1994e-05 5.6575e-10 ERS2
20030914 20080629 -5.2326e-05 2.7531e-10 ERS2
20050918 20090510 -4.5174e-06 3.0534e-10 ERS2
20051127 20081116 -0.00010043 3.0603e-10 ERS2
20060903 20090510 -0.00010491 3.1374e-10 ERS2
20061231 20090105 8.1297e-05 3.2983e-10 ALOS
20070402 20070703 -0.00014539 6.6791e-10 ALOS
20070518 20091008 7.1584e-05 3.2653e-10 ALOS
20070818 20071003 -0.00045401 7.7944e-10 ALOS
20071217 20100509 1.6273e-05 3.0557e-10 ALOS
20080103 20100526 9.5589e-05 3.2242e-10 ALOS
20080404 20080520 5.1786e-05 7.7943e-10 ALOS
20080618 20090921 -9.3525e-05 3.7341e-10 ALOS
20080629 20090510 -0.00051346 4.1311e-10 ERS2
20080705 20091008 -3.5246e-05 3.6788e-10 ALOS
20080803 20090823 -3.9921e-05 3.8264e-10 ERS2
20081116 20090823 2.8525e-06 4.3201e-10 ERS2
20081219 20090921 4.1626e-05 4.4736e-10 ALOS
20090105 20090708 1.7641e-05 5.3159e-10 ALOS
20090510 20091101 0.00027575 5.2112e-10 ERS2
20090708 20091008 0.00031746 6.6792e-10 ALOS
20090823 20091101 0.00051058 6.9905e-10 ERS2
20091222 20100624 -6.7979e-05 5.322e-10 ALOS
20100108 20100223 0.00041287 7.8074e-10 ALOS
20100223 20100526 -0.00010573 6.7315e-10 ALOS
20100410 20100711 -1.6489e-05 6.6781e-10 ALOS
20100509 20100624 0.00057036 7.77e-10 ALOS
20100526 20100711 0.0004474 7.7938e-10 ALOS
20100624 20101109 -6.3742e-05 5.8444e-10 ALOS
20100711 20101011 -0.00027977 6.6779e-10 ALOS
20100809 20101109 -3.6885e-05 6.6479e-10 ALOS
20101011 20101126 0.00037572 7.7937e-10 ALOS
20110111 20110226 0.00066922 7.7936e-10 ALOS
20110924 20130715 1.9809e-05 3.2275e-10 TSX
20111005 20121229 -2.6663e-05 3.7128e-10 TSX
20111121 20171221 -1.6869e-05 2.9254e-10 TSX
20111221 20130131 2.4083e-07 3.8628e-10 TSX
20111224 20121027 -1.1524e-05 4.1939e-10 TSX
20120126 20140419 -1.5199e-05 3.0062e-10 TSX
20120203 20160320 -1.0187e-05 3.3768e-10 TSX
20120206 20171107 -8.3133e-08 2.8729e-10 TSX
20120617 20171129 -2.9399e-06 2.931e-10 TSX
20120723 20160120 3.8423e-05 3.7487e-10 TSX
20121024 20130109 -4.1624e-05 7.0481e-10 TSX
20121027 20151226 -5.7313e-06 3.0851e-10 TSX
20121030 20130311 8.4584e-05 5.849e-10 TSX
20121107 20171118 2.895e-06 3.0828e-10 TSX
20121221 20160208 -5.1074e-07 2.8901e-10 TSX
20121224 20130516 6.8351e-06 5.687e-10 TSX
20121229 20130407 2.4208e-05 6.5765e-10 TSX
20130104 20130217 0.00011557 7.7614e-10 TSX
20130109 20130715 0.0001606 5.397e-10 TSX
20130112 20140511 -9.1117e-06 3.5837e-10 TSX
20130115 20130721 3.4151e-05 5.153e-10 TSX
20130126 20130823 -3.2267e-05 5.145e-10 TSX
20130131 20130429 0.00013964 6.799e-10 TSX
20130203 20130729 1.091e-05 5.2323e-10 TSX
20130211 20130919 -4.2128e-05 4.9635e-10 TSX
20130228 20141209 1.7633e-05 3.2367e-10 TSX
20130311 20130801 -8.3504e-05 5.6866e-10 TSX
20130316 20130623 6.0762e-05 6.5759e-10 TSX
20130402 20150122 3.3903e-05 3.2554e-10 TSX
20130407 20140530 4.9867e-05 3.8173e-10 TSX
20130421 20171016 1.2225e-06 3.0596e-10 TSX
20130424 20130721 -5.4343e-05 6.6482e-10 TSX
20130429 20130623 -0.00010125 7.5809e-10 TSX
20130505 20131028 4.6509e-05 5.9296e-10 TSX
20130513 20151112 -8.1945e-07 2.996e-10 TSX
20130516 20131017 -2.9203e-05 6.029e-10 TSX
20130521 20130715 9.4033e-05 7.5809e-10 TSX
20130524 20171129 3.7333e-06 3.0053e-10 TSX
20130527 20140627 -1.3803e-05 3.83e-10 TSX
20130601 20130930 -6.109e-05 6.1794e-10 TSX
20130604 20141217 5.0648e-06 3.4564e-10 TSX
20130607 20140719 2.5117e-05 3.7913e-10 TSX
20130612 20150105 1.7865e-05 3.3851e-10 TSX
20130615 20160106 1.5138e-05 3.3162e-10 TSX
20130618 20140708 -3.5728e-05 3.8762e-10 TSX
20130623 20130715 0.00060623 8.676e-10 TSX
20130629 20130914 1.9264e-05 7.0314e-10 TSX
20130707 20150130 -8.8837e-06 3.3607e-10 TSX
20130710 20140901 -1.9873e-05 3.7563e-10 TSX
20130715 20130726 -0.0024073 1.0169e-09 TSX
20130721 20131108 -0.00030175 6.56e-10 TSX
20130726 20150517 2.2092e-05 3.2591e-10 TSX
20130729 20160904 -2.378e-05 2.9523e-10 TSX
20130801 20151115 5.8302e-06 3.553e-10 TSX
20130817 20140209 3.1656e-05 5.4146e-10 TSX
20130828 20150312 -3.9091e-05 3.4232e-10 TSX
20130903 20150329 -7.4969e-05 3.7097e-10 TSX
20130919 20160309 1.8835e-05 3.0229e-10 TSX
20130925 20140708 -2.1576e-05 4.8307e-10 TSX
20130930 20160411 1.0895e-05 3.662e-10 TSX
20131011 20150802 2.9235e-06 3.3812e-10 TSX
20131017 20140719 8.0909e-05 4.6266e-10 TSX
20131028 20160304 -1.298e-05 3.6666e-10 TSX
20131102 20140519 0.00015462 5.1753e-10 TSX
20131108 20140708 -0.00025307 5.0941e-10 TSX
20140209 20160309 -3.0434e-06 3.4339e-10 TSX
20140223 20140829 9.1585e-06 5.1123e-10 TSX
20140408 20140705 7.9788e-06 6.6163e-10 TSX
20140419 20170913 -7.9395e-07 2.999e-10 TSX
20140511 20141228 3.1762e-05 4.7026e-10 TSX
20140519 20150824 -2.5811e-05 3.6907e-10 TSX
20140624 20171005 3.7232e-06 2.9424e-10 TSX
20140627 20151115 -1.8784e-05 3.6318e-10 TSX
20140705 20180911 3.7574e-06 2.8261e-10 TSX
20140708 20160406 4.9022e-05 3.4063e-10 TSX
20140716 20171005 5.7887e-06 2.8992e-10 TSX
20140719 20151207 -2.2177e-05 3.6508e-10 TSX
20140727 20150326 6.7101e-06 4.6154e-10 TSX
20140810 20150122 7.4052e-05 5.5295e-10 TSX
20140818 20160301 1.7717e-05 3.2859e-10 TSX
20140829 20160208 1.9299e-06 3.5065e-10 TSX
20140901 20140912 -0.0002582 9.7228e-10 TSX
20140912 20141209 -1.5506e-05 6.6482e-10 TSX
20140920 20170902 1.7819e-05 2.9282e-10 TSX
20141209 20160211 -3.8921e-05 3.7031e-10 TSX
20141217 20160722 4.1173e-07 3.4459e-10 TSX
20141228 20160106 -1.2122e-05 3.8583e-10 TSX
20141231 20151024 -6.2954e-05 4.3462e-10 TSX
20150105 20150824 -1.7706e-05 4.8803e-10 TSX
20150108 20170811 1.2429e-05 3.1956e-10 TSX
20150119 20160117 -1.8171e-05 3.884e-10 TSX
20150127 20160411 -8.8191e-06 3.8723e-10 TSX
20150130 20151112 2.605e-05 4.294e-10 TSX
20150210 20170114 1.8053e-06 3.2339e-10 TSX
20150213 20160326 6.3212e-05 4.1983e-10 TSX
20150218 20160216 -4.1367e-05 4.0357e-10 TSX
20150221 20180112 7.6696e-06 3.3417e-10 TSX
20150304 20180911 3.2596e-06 3.3883e-10 TSX
20150307 20160211 -3.5786e-05 4.0992e-10 TSX
20150312 20160320 1.2929e-05 4.018e-10 TSX
20150326 20150827 3.6937e-05 5.5157e-10 TSX
20150329 20151207 -9.4562e-05 4.5826e-10 TSX
20150428 20160425 2.3717e-05 3.9348e-10 TSX
20150509 20150827 5.1939e-05 6.2478e-10 TSX
20150517 20150824 -0.00027202 6.5782e-10 TSX
20150520 20180911 3.0489e-06 2.9149e-10 TSX
20150714 20170822 1.3548e-05 2.9823e-10 TSX
20150725 20170924 5.6621e-06 3.0217e-10 TSX
20150802 20160309 -2.0828e-05 4.9625e-10 TSX
20150805 20160403 2.1151e-06 4.6147e-10 TSX
20150816 20171107 1.3058e-05 2.8511e-10 TSX
20150824 20150915 0.00049511 8.6751e-10 TSX
20150827 20170902 1.434e-05 2.9746e-10 TSX
20150915 20160216 4.5156e-05 5.688e-10 TSX
20151021 20160904 -1.6119e-05 4.1287e-10 TSX
20151101 20171016 1.1126e-05 3.0164e-10 TSX
20151112 20160425 1.2569e-06 5.3619e-10 TSX
20151115 20151229 0.0001246 7.7614e-10 TSX
20151123 20171221 -5.7233e-06 3.0041e-10 TSX
20151204 20151215 0.00015633 9.8182e-10 TSX
20151207 20160406 1.9165e-05 6.0246e-10 TSX
20151215 20170822 -1.8801e-06 3.1996e-10 TSX
20151226 20161223 1.6302e-05 3.9458e-10 TSX
20151229 20160211 2.4247e-05 7.7614e-10 TSX
20160106 20161223 2.8058e-05 3.9873e-10 TSX
20160117 20160926 1.5637e-05 4.5251e-10 TSX
20160128 20160301 -0.00011801 8.0931e-10 TSX
20160208 20160312 -7.6522e-05 8.0931e-10 TSX
20160216 20160309 -0.00029192 8.6751e-10 TSX
20160219 20180319 4.2775e-06 2.9653e-10 TSX
20160301 20161201 -1.5558e-05 4.3832e-10 TSX
20160304 20160326 1.276e-05 8.5284e-10 TSX
20160312 20180319 -1.0714e-06 3.0173e-10 TSX
20160320 20160411 0.00038188 8.6753e-10 TSX
20160323 20171118 7.3315e-06 3.1795e-10 TSX
20160326 20160406 -0.0004798 9.7219e-10 TSX
20160403 20171027 1.3305e-05 3.2224e-10 TSX
20160425 20170811 1.1125e-05 3.4922e-10 TSX
20160528 20160630 -9.0432e-07 8.0931e-10 TSX
20160630 20171118 2.381e-06 3.3885e-10 TSX
20160722 20161201 4.0866e-05 5.8144e-10 TSX
20160904 20180707 1.5191e-05 3.2051e-10 TSX
20160915 20180911 -2.7377e-06 3.0625e-10 TSX
20160926 20170114 2.7515e-05 6.1814e-10 TSX
20161201 20171027 1.4112e-05 4.0672e-10 TSX
20161223 20171107 -2.839e-05 4.098e-10 TSX
20170114 20170902 2.1698e-05 4.6936e-10 TSX
20170811 20171005 -3.9369e-05 7.427e-10 TSX
20170822 20180707 -1.7895e-05 4.1395e-10 TSX
20170913 20180707 -1.5207e-05 4.2464e-10 TSX
20170924 20180319 -3.6426e-05 5.2328e-10 TSX
20171005 20171107 7.4007e-05 8.0931e-10 TSX
20171016 20180319 -7.468e-06 5.5016e-10 TSX
20171027 20180911 -6.7804e-06 4.1391e-10 TSX
20171107 20171118 7.5229e-05 9.8182e-10 TSX
20171118 20171129 5.0107e-05 9.8182e-10 TSX
20171129 20171221 -2.2741e-05 8.5415e-10 TSX
20171210 20180820 -3.1236e-05 4.533e-10 TSX
20171221 20180911 -1.3697e-05 4.4553e-10 TSX
20180112 20181003 -7.0777e-06 4.455e-10 TSX
20180319 20180707 -5.8904e-05 6.1814e-10 TSX
20180707 20180911 0.0001083 7.1339e-10 TSX
20180729 20181003 -8.7121e-06 7.1339e-10 TSX
20180820 20181003 6.2206e-05 7.7441e-10 TSX
20180911 20181003 -0.00015208 8.5415e-10 TSX
