20030427 20030914 0.00079318 5.674e-10 ERS2
20030914 20080629 -7.1275e-05 2.6521e-10 ERS2
20050918 20090510 2.1846e-06 2.9626e-10 ERS2
20051127 20081116 -0.00017679 3.0227e-10 ERS2
20060903 20090510 -1.6936e-05 3.1334e-10 ERS2
20061231 20090105 -4.9265e-07 3.1368e-10 ALOS
20070402 20070703 -0.00013453 6.6711e-10 ALOS
20070518 20091008 -4.0566e-05 3.0009e-10 ALOS
20070818 20071003 -0.00032643 7.7734e-10 ALOS
20071217 20100509 -3.0655e-05 3.0113e-10 ALOS
20080103 20100526 -6.5033e-05 3.0034e-10 ALOS
20080404 20080520 0.00010694 7.7734e-10 ALOS
20080618 20090921 -4.9513e-05 3.7301e-10 ALOS
20080629 20090510 -0.00027088 4.1172e-10 ERS2
20080705 20091008 -1.1781e-05 3.6492e-10 ALOS
20080803 20090823 -2.7169e-05 3.8287e-10 ERS2
20081116 20090823 9.3266e-07 4.3187e-10 ERS2
20081219 20090921 0.00034545 4.4614e-10 ALOS
20090105 20090708 3.6332e-05 5.2815e-10 ALOS
20090510 20091101 0.00012049 5.2043e-10 ERS2
20090708 20091008 0.00044017 6.6719e-10 ALOS
20090823 20091101 -9.0156e-05 6.9971e-10 ERS2
20091222 20100624 0.0001129 5.2614e-10 ALOS
20100108 20100223 0.00027779 7.777e-10 ALOS
20100223 20100526 3.5461e-07 6.672e-10 ALOS
20100410 20100711 -0.00010134 6.6713e-10 ALOS
20100509 20100624 0.00067583 7.7515e-10 ALOS
20100526 20100711 0.0004666 7.7735e-10 ALOS
20100624 20101109 -4.3956e-05 5.8427e-10 ALOS
20100711 20101011 -0.00010082 6.6718e-10 ALOS
20100809 20101109 -0.00011154 6.6427e-10 ALOS
20101011 20101126 0.00026996 7.7735e-10 ALOS
20110111 20110226 0.0007468 7.7734e-10 ALOS
20110924 20130715 7.0026e-05 3.2347e-10 TSX
20111005 20121229 2.291e-06 3.69e-10 TSX
20111121 20171221 -5.9458e-06 2.5598e-10 TSX
20111221 20130131 4.294e-05 3.8537e-10 TSX
20111224 20121027 -1.957e-05 4.1958e-10 TSX
20120126 20140419 -1.2867e-05 2.9252e-10 TSX
20120203 20160320 -1.5206e-05 2.5143e-10 TSX
20120206 20171107 -4.9833e-06 2.5861e-10 TSX
20120617 20171129 -1.1994e-05 2.494e-10 TSX
20120723 20160120 2.5295e-05 2.757e-10 TSX
20121024 20130109 0.00022499 7.0301e-10 TSX
20121027 20151226 -2.9053e-05 2.6795e-10 TSX
20121030 20130311 2.4938e-05 5.8479e-10 TSX
20121107 20171118 -1.6745e-05 2.5718e-10 TSX
20121221 20160208 -1.0267e-06 2.6643e-10 TSX
20121224 20130516 -0.00017595 5.686e-10 TSX
20121229 20130407 7.2347e-05 6.5701e-10 TSX
20130104 20130217 3.6227e-06 7.7468e-10 TSX
20130109 20130715 4.4747e-05 5.2915e-10 TSX
20130112 20140511 -4.0899e-05 3.5462e-10 TSX
20130115 20130721 -0.00018628 5.1404e-10 TSX
20130126 20130823 -0.00020994 5.371e-10 TSX
20130131 20130429 -9.7751e-05 6.7913e-10 TSX
20130203 20130729 -9.9004e-05 5.2341e-10 TSX
20130211 20130919 1.3344e-05 4.9606e-10 TSX
20130228 20141209 4.006e-05 3.1266e-10 TSX
20130311 20130801 -2.1349e-05 5.6857e-10 TSX
20130316 20130623 4.2205e-05 6.5702e-10 TSX
20130402 20150122 4.3883e-05 4.1551e-10 TSX
20130407 20140530 -3.396e-05 3.8071e-10 TSX
20130421 20171016 -1.5474e-05 2.705e-10 TSX
20130424 20130721 -0.00032286 6.6442e-10 TSX
20130429 20130623 -8.6627e-05 7.5625e-10 TSX
20130505 20131028 -0.00078396 5.6463e-10 TSX
20130513 20151112 -2.0327e-06 2.8238e-10 TSX
20130516 20131017 -0.00034801 5.729e-10 TSX
20130521 20130715 0.00021952 7.5627e-10 TSX
20130524 20171129 -2.6412e-06 2.5705e-10 TSX
20130527 20140627 3.1474e-05 3.8371e-10 TSX
20130601 20130930 0.00019347 6.1759e-10 TSX
20130604 20141217 4.93e-06 3.3876e-10 TSX
20130607 20140719 6.0176e-05 3.8008e-10 TSX
20130612 20150105 1.1509e-05 3.3808e-10 TSX
20130615 20160106 7.9105e-06 2.791e-10 TSX
20130618 20140708 -7.3705e-06 3.8828e-10 TSX
20130623 20130715 0.00068057 8.6484e-10 TSX
20130629 20130914 0.00029948 6.9474e-10 TSX
20130707 20150130 4.3245e-06 3.3788e-10 TSX
20130710 20140901 3.3545e-05 3.7673e-10 TSX
20130715 20130726 -0.0025488 1.0141e-09 TSX
20130721 20131108 0.00094665 6.5944e-10 TSX
20130726 20150517 0.00013293 3.2114e-10 TSX
20130729 20160904 -1.2037e-05 2.6929e-10 TSX
20130801 20151115 2.6804e-05 2.9177e-10 TSX
20130817 20140209 8.1191e-08 5.4121e-10 TSX
20130828 20150312 3.6889e-05 3.4003e-10 TSX
20130903 20150329 -0.00011031 3.9571e-10 TSX
20130919 20160309 9.2681e-06 2.8232e-10 TSX
20130925 20140708 2.3205e-06 4.3753e-10 TSX
20130930 20160411 8.7192e-06 2.7681e-10 TSX
20131011 20150802 2.6354e-05 3.2011e-10 TSX
20131017 20140719 -1.2402e-05 4.4042e-10 TSX
20131028 20160304 -8.4206e-05 3.4631e-10 TSX
20131102 20140519 -0.00016178 5.1727e-10 TSX
20131108 20140708 4.3699e-05 4.9106e-10 TSX
20140209 20160309 2.8458e-05 3.0825e-10 TSX
20140223 20140829 -2.6608e-05 5.1136e-10 TSX
20140408 20140705 -1.1575e-05 6.6243e-10 TSX
20140419 20170913 1.8473e-05 2.6813e-10 TSX
20140511 20141228 5.1551e-05 4.7031e-10 TSX
20140519 20150824 0.00012206 3.6503e-10 TSX
20140624 20171005 1.5993e-05 2.7278e-10 TSX
20140627 20151115 -4.073e-06 3.3989e-10 TSX
20140705 20180911 6.1709e-06 2.6167e-10 TSX
20140708 20160406 3.1716e-05 3.1585e-10 TSX
20140716 20171005 -8.7236e-06 2.7145e-10 TSX
20140719 20151207 3.0275e-06 3.4093e-10 TSX
20140727 20150326 1.0565e-05 4.6168e-10 TSX
20140810 20150122 -4.5876e-05 5.3921e-10 TSX
20140818 20160301 3.4942e-05 3.2462e-10 TSX
20140829 20160208 2.4172e-05 3.306e-10 TSX
20140901 20140912 -0.00030487 9.7002e-10 TSX
20140912 20141209 -1.2642e-06 6.6442e-10 TSX
20140920 20170902 6.7489e-06 2.7695e-10 TSX
20141209 20160211 -3.2018e-05 3.6484e-10 TSX
20141217 20160722 1.0838e-06 3.1728e-10 TSX
20141228 20160106 -7.721e-06 3.8231e-10 TSX
20141231 20151024 5.2868e-05 4.2484e-10 TSX
20150105 20150824 -1.9003e-05 4.8622e-10 TSX
20150108 20170811 -4.1766e-06 2.8469e-10 TSX
20150119 20160117 3.5923e-05 3.8704e-10 TSX
20150127 20160411 4.8992e-05 3.7314e-10 TSX
20150130 20151112 -2.3808e-05 4.2861e-10 TSX
20150210 20170114 -2.741e-06 3.0204e-10 TSX
20150213 20160326 0.00015582 4.3857e-10 TSX
20150218 20160216 2.868e-05 4.0312e-10 TSX
20150221 20180112 -8.6486e-06 2.8784e-10 TSX
20150304 20180911 4.9748e-06 3.0715e-10 TSX
20150307 20160211 7.1167e-06 4.01e-10 TSX
20150312 20160320 6.9649e-06 3.9767e-10 TSX
20150326 20150827 -5.3163e-05 5.5011e-10 TSX
20150329 20151207 -3.8531e-05 4.5474e-10 TSX
20150428 20160425 8.5155e-06 3.8692e-10 TSX
20150509 20150827 -0.00011242 6.1863e-10 TSX
20150517 20150824 -0.00010902 6.5705e-10 TSX
20150520 20180911 2.8532e-06 2.8326e-10 TSX
20150714 20170822 1.4671e-05 2.9411e-10 TSX
20150725 20170924 -5.1274e-06 2.9065e-10 TSX
20150802 20160309 -0.00014965 4.9635e-10 TSX
20150805 20160403 6.0513e-05 4.615e-10 TSX
20150816 20171107 8.9534e-06 2.9038e-10 TSX
20150824 20150915 0.0007599 8.6474e-10 TSX
20150827 20170902 1.5659e-05 2.9771e-10 TSX
20150915 20160216 -0.00017596 5.6899e-10 TSX
20151021 20160904 -2.7434e-05 4.1252e-10 TSX
20151101 20171016 5.8016e-07 2.9901e-10 TSX
20151112 20160425 3.0966e-05 5.3637e-10 TSX
20151115 20151229 0.00021346 7.7468e-10 TSX
20151123 20171221 1.1729e-05 2.9391e-10 TSX
20151204 20151215 0.00014466 9.8107e-10 TSX
20151207 20160406 -5.5407e-05 6.0231e-10 TSX
20151215 20170822 3.1944e-05 3.2045e-10 TSX
20151226 20161223 9.9828e-06 3.9364e-10 TSX
20151229 20160211 -2.9003e-05 7.7468e-10 TSX
20160106 20161223 2.5876e-05 3.9818e-10 TSX
20160117 20160926 -1.8838e-05 4.5308e-10 TSX
20160128 20160301 -9.5841e-05 8.0956e-10 TSX
20160208 20160312 -0.00012385 8.0956e-10 TSX
20160216 20160309 -0.00042976 8.6474e-10 TSX
20160219 20180319 -1.2998e-05 2.9535e-10 TSX
20160301 20161201 -2.9995e-05 4.3876e-10 TSX
20160304 20160326 7.3498e-05 8.5073e-10 TSX
20160312 20180319 -9.9922e-06 2.9833e-10 TSX
20160320 20160411 0.00042106 8.6474e-10 TSX
20160323 20171118 -1.2004e-05 3.1722e-10 TSX
20160326 20160406 -0.00055286 9.6995e-10 TSX
20160403 20171027 -8.2519e-06 3.2198e-10 TSX
20160425 20170811 -1.196e-05 3.4641e-10 TSX
20160528 20160630 -4.0766e-05 8.0956e-10 TSX
20160630 20171118 6.1238e-06 3.3873e-10 TSX
20160722 20161201 4.7442e-05 5.8178e-10 TSX
20160904 20180707 2.786e-05 3.2265e-10 TSX
20160915 20180911 2.7744e-05 3.0098e-10 TSX
20160926 20170114 3.8516e-05 6.1867e-10 TSX
20161201 20171027 -1.0093e-05 4.0681e-10 TSX
20161223 20171107 -1.8773e-05 4.0905e-10 TSX
20170114 20170902 -5.0032e-06 4.6958e-10 TSX
20170811 20171005 -3.9627e-07 7.436e-10 TSX
20170822 20180707 1.0744e-05 4.1393e-10 TSX
20170913 20180707 -2.7963e-06 4.2506e-10 TSX
20170924 20180319 7.4898e-05 5.2349e-10 TSX
20171005 20171107 4.9627e-05 8.0956e-10 TSX
20171016 20180319 8.2944e-05 5.5042e-10 TSX
20171027 20180911 4.4249e-05 4.1387e-10 TSX
20171107 20171118 7.5998e-05 9.8107e-10 TSX
20171118 20171129 4.867e-05 9.8107e-10 TSX
20171129 20171221 -1.2584e-05 8.5387e-10 TSX
20171210 20180820 1.6336e-05 4.5359e-10 TSX
20171221 20180911 5.2364e-05 4.4583e-10 TSX
20180112 20181003 9.4519e-05 4.4578e-10 TSX
20180319 20180707 -5.8719e-05 6.1868e-10 TSX
20180707 20180911 0.00016808 7.1435e-10 TSX
20180729 20181003 -6.1066e-05 7.1435e-10 TSX
20180820 20181003 8.0867e-05 7.7508e-10 TSX
20180911 20181003 -0.0002088 8.5387e-10 TSX
