20030427 20030914 5.7292e-05 5.6813e-10 ERS2
20030914 20080629 -7.3419e-05 2.8722e-10 ERS2
20050918 20090510 -1.5696e-05 3.0373e-10 ERS2
20051127 20081116 -8.7586e-05 3.174e-10 ERS2
20060903 20090510 -0.00023962 3.1208e-10 ERS2
20061231 20090105 -0.00014059 3.3836e-10 ALOS
20070402 20070703 -0.00010557 6.7167e-10 ALOS
20070518 20091008 -7.0034e-05 3.4112e-10 ALOS
20070818 20071003 -0.0002585 7.7649e-10 ALOS
20071217 20100509 -1.3914e-05 3.0381e-10 ALOS
20080103 20100526 -0.00012306 3.224e-10 ALOS
20080404 20080520 -0.00013067 7.764e-10 ALOS
20080618 20090921 1.1436e-05 3.7264e-10 ALOS
20080629 20090510 -0.0003416 4.1261e-10 ERS2
20080705 20091008 -0.00075725 3.6991e-10 ALOS
20080803 20090823 -2.0674e-05 3.8316e-10 ERS2
20081116 20090823 6.7604e-05 4.3234e-10 ERS2
20081219 20090921 8.703e-05 4.4605e-10 ALOS
20090105 20090708 -0.00038879 5.3062e-10 ALOS
20090510 20091101 4.8138e-05 5.2007e-10 ERS2
20090708 20091008 0.00016373 6.67e-10 ALOS
20090823 20091101 0.00016757 6.9859e-10 ERS2
20091222 20100624 0.00027598 5.2698e-10 ALOS
20100108 20100223 0.00035745 7.7741e-10 ALOS
20100223 20100526 -0.00013485 6.6712e-10 ALOS
20100410 20100711 -1.5527e-05 6.6737e-10 ALOS
20100509 20100624 0.00060275 7.7412e-10 ALOS
20100526 20100711 0.00041336 7.7622e-10 ALOS
20100624 20101109 -2.322e-05 5.8416e-10 ALOS
20100711 20101011 -0.00016235 6.6661e-10 ALOS
20100809 20101109 -3.6039e-05 6.6389e-10 ALOS
20101011 20101126 0.00027982 7.7624e-10 ALOS
20110111 20110226 0.00044644 7.7626e-10 ALOS
20110924 20130715 -7.759e-06 3.2427e-10 TSX
20111005 20121229 -6.5778e-06 3.6997e-10 TSX
20111121 20171221 -3.5374e-05 3.4685e-10 TSX
20111221 20130131 -3.5362e-06 3.8546e-10 TSX
20111224 20121027 -4.9295e-06 4.1939e-10 TSX
20120126 20140419 5.8062e-06 3.1396e-10 TSX
20120203 20160320 2.7242e-05 3.351e-10 TSX
20120206 20171107 2.4507e-05 4.4543e-10 TSX
20120617 20171129 9.0391e-06 3.8989e-10 TSX
20120723 20160120 -1.0974e-05 4.7126e-10 TSX
20121024 20130109 6.3388e-05 7.0228e-10 TSX
20121027 20151226 -8.7098e-06 3.559e-10 TSX
20121030 20130311 9.9426e-06 5.8474e-10 TSX
20121107 20171118 2.0009e-06 3.6514e-10 TSX
20121221 20160208 1.1347e-05 3.2656e-10 TSX
20121224 20130516 2.405e-05 5.6856e-10 TSX
20121229 20130407 6.4111e-05 6.5652e-10 TSX
20130104 20130217 -1.6074e-06 7.7379e-10 TSX
20130109 20130715 6.9855e-05 5.3624e-10 TSX
20130112 20140511 -1.8185e-05 3.7892e-10 TSX
20130115 20130721 -2.293e-05 5.1408e-10 TSX
20130126 20130823 0.00022334 5.0984e-10 TSX
20130131 20130429 3.3999e-06 6.785e-10 TSX
20130203 20130729 -5.6441e-06 5.2321e-10 TSX
20130211 20130919 1.4421e-06 4.9634e-10 TSX
20130228 20141209 2.2558e-05 3.4293e-10 TSX
20130311 20130801 -2.3246e-05 5.6881e-10 TSX
20130316 20130623 8.3191e-06 6.5656e-10 TSX
20130402 20150122 1.3148e-05 3.6328e-10 TSX
20130407 20140530 -2.1455e-05 3.8119e-10 TSX
20130421 20171016 2.5434e-05 4.309e-10 TSX
20130424 20130721 -8.3017e-05 6.6435e-10 TSX
20130429 20130623 -5.0873e-05 7.5514e-10 TSX
20130505 20131028 -0.00031091 5.498e-10 TSX
20130513 20151112 3.4541e-05 3.729e-10 TSX
20130516 20131017 0.00020913 5.7811e-10 TSX
20130521 20130715 6.1926e-05 7.5521e-10 TSX
20130524 20171129 4.292e-05 3.7809e-10 TSX
20130527 20140627 -2.4637e-05 3.8396e-10 TSX
20130601 20130930 -2.7109e-05 6.1732e-10 TSX
20130604 20141217 4.1619e-05 3.5168e-10 TSX
20130607 20140719 -3.1178e-06 3.801e-10 TSX
20130612 20150105 1.4721e-05 3.4188e-10 TSX
20130615 20160106 2.5917e-05 3.4947e-10 TSX
20130618 20140708 -4.3641e-05 3.8815e-10 TSX
20130623 20130715 0.00057342 8.6359e-10 TSX
20130629 20130914 4.1635e-05 6.9488e-10 TSX
20130707 20150130 6.7021e-06 3.4152e-10 TSX
20130710 20140901 3.2071e-05 3.7707e-10 TSX
20130715 20130726 -0.0023527 1.0129e-09 TSX
20130721 20131108 0.00048255 6.3618e-10 TSX
20130726 20150517 8.9755e-06 3.2431e-10 TSX
20130729 20160904 4.7781e-06 3.6582e-10 TSX
20130801 20151115 4.063e-05 4.0561e-10 TSX
20130817 20140209 -2.253e-06 5.4123e-10 TSX
20130828 20150312 6.7823e-06 3.4158e-10 TSX
20130903 20150329 -0.00020173 3.8941e-10 TSX
20130919 20160309 -2.8311e-06 3.3742e-10 TSX
20130925 20140708 8.1361e-05 4.6652e-10 TSX
20130930 20160411 4.1902e-05 3.3135e-10 TSX
20131011 20150802 1.3681e-05 3.5403e-10 TSX
20131017 20140719 -2.0532e-05 4.4934e-10 TSX
20131028 20160304 -8.0185e-05 4.1421e-10 TSX
20131102 20140519 3.0598e-05 5.1731e-10 TSX
20131108 20140708 7.7569e-05 5.0381e-10 TSX
20140209 20160309 -7.1034e-06 3.8933e-10 TSX
20140223 20140829 2.4138e-05 5.1116e-10 TSX
20140408 20140705 2.0215e-05 6.6136e-10 TSX
20140419 20170913 2.2878e-05 3.8319e-10 TSX
20140511 20141228 4.2632e-05 4.7026e-10 TSX
20140519 20150824 3.5842e-05 3.7222e-10 TSX
20140624 20171005 1.3499e-05 3.6246e-10 TSX
20140627 20151115 -2.658e-05 4.2108e-10 TSX
20140705 20180911 -1.1413e-06 3.8937e-10 TSX
20140708 20160406 2.6712e-05 3.6612e-10 TSX
20140716 20171005 6.5531e-06 3.8362e-10 TSX
20140719 20151207 9.9254e-06 3.7406e-10 TSX
20140727 20150326 -4.5215e-05 4.6162e-10 TSX
20140810 20150122 7.6807e-05 5.4095e-10 TSX
20140818 20160301 1.5966e-06 3.6615e-10 TSX
20140829 20160208 -1.0223e-05 3.5854e-10 TSX
20140901 20140912 -0.00027043 9.6902e-10 TSX
20140912 20141209 -4.7052e-06 6.6421e-10 TSX
20140920 20170902 2.6821e-05 3.6316e-10 TSX
20141209 20160211 -3.4752e-06 3.9947e-10 TSX
20141217 20160722 3.2624e-05 3.7208e-10 TSX
20141228 20160106 1.8135e-05 4.3732e-10 TSX
20141231 20151024 6.093e-06 4.3335e-10 TSX
20150105 20150824 -2.1694e-05 4.9762e-10 TSX
20150108 20170811 4.8198e-05 4.0129e-10 TSX
20150119 20160117 3.0065e-05 3.9962e-10 TSX
20150127 20160411 1.1602e-05 4.2065e-10 TSX
20150130 20151112 2.9827e-05 4.4426e-10 TSX
20150210 20170114 5.0523e-06 4.0907e-10 TSX
20150213 20160326 0.00016258 3.9602e-10 TSX
20150218 20160216 5.3444e-06 4.3508e-10 TSX
20150221 20180112 6.8669e-05 3.6257e-10 TSX
20150304 20180911 3.6844e-06 4.0838e-10 TSX
20150307 20160211 1.715e-06 4.2735e-10 TSX
20150312 20160320 -5.47e-06 4.1732e-10 TSX
20150326 20150827 4.0644e-05 5.5445e-10 TSX
20150329 20151207 -5.6381e-05 4.5782e-10 TSX
20150428 20160425 4.2279e-05 4.2897e-10 TSX
20150509 20150827 2.9297e-05 6.2663e-10 TSX
20150517 20150824 -0.00025419 6.6222e-10 TSX
20150520 20180911 3.612e-05 3.7174e-10 TSX
20150714 20170822 -2.3575e-06 3.3348e-10 TSX
20150725 20170924 1.4126e-05 3.6835e-10 TSX
20150802 20160309 -4.4473e-05 4.9708e-10 TSX
20150805 20160403 1.0167e-05 4.6192e-10 TSX
20150816 20171107 3.7596e-06 3.2144e-10 TSX
20150824 20150915 0.00056291 8.635e-10 TSX
20150827 20170902 1.9179e-05 3.3274e-10 TSX
20150915 20160216 -8.1987e-06 5.6874e-10 TSX
20151021 20160904 -4.305e-05 4.1943e-10 TSX
20151101 20171016 -6.9542e-06 3.0941e-10 TSX
20151112 20160425 1.6675e-06 5.3614e-10 TSX
20151115 20151229 7.1815e-05 7.7379e-10 TSX
20151123 20171221 1.622e-05 3.1172e-10 TSX
20151204 20151215 0.00017113 9.7868e-10 TSX
20151207 20160406 -1.9287e-05 6.0226e-10 TSX
20151215 20170822 1.7872e-05 3.338e-10 TSX
20151226 20161223 2.031e-05 3.9379e-10 TSX
20151229 20160211 1.5319e-05 7.7379e-10 TSX
20160106 20161223 -3.8168e-06 4.0051e-10 TSX
20160117 20160926 7.334e-05 4.5612e-10 TSX
20160128 20160301 -0.00018686 8.0682e-10 TSX
20160208 20160312 -6.4379e-05 8.0682e-10 TSX
20160216 20160309 -0.00032841 8.6349e-10 TSX
20160219 20180319 1.7731e-06 3.1493e-10 TSX
20160301 20161201 7.9098e-05 4.3853e-10 TSX
20160304 20160326 5.1131e-05 8.4967e-10 TSX
20160312 20180319 4.3839e-06 3.1185e-10 TSX
20160320 20160411 0.00035381 8.6351e-10 TSX
20160323 20171118 1.551e-05 3.2816e-10 TSX
20160326 20160406 -0.000511 9.6894e-10 TSX
20160403 20171027 1.7442e-05 3.283e-10 TSX
20160425 20170811 6.3189e-05 3.8222e-10 TSX
20160528 20160630 -4.9077e-07 8.0682e-10 TSX
20160630 20171118 2.3792e-05 3.5269e-10 TSX
20160722 20161201 0.00012887 5.8139e-10 TSX
20160904 20180707 8.163e-06 3.2671e-10 TSX
20160915 20180911 -2.3592e-05 3.1054e-10 TSX
20160926 20170114 0.00011224 6.1844e-10 TSX
20161201 20171027 -2.3338e-05 4.0843e-10 TSX
20161223 20171107 1.5719e-05 4.1175e-10 TSX
20170114 20170902 -4.3435e-05 4.7214e-10 TSX
20170811 20171005 -3.483e-05 7.414e-10 TSX
20170822 20180707 -6.8205e-05 4.1382e-10 TSX
20170913 20180707 -0.00010353 4.2578e-10 TSX
20170924 20180319 -6.8642e-05 5.2324e-10 TSX
20171005 20171107 7.5481e-05 8.0682e-10 TSX
20171016 20180319 -5.4752e-05 5.5011e-10 TSX
20171027 20180911 -4.6538e-05 4.1363e-10 TSX
20171107 20171118 7.1814e-05 9.7868e-10 TSX
20171118 20171129 5.7162e-05 9.7868e-10 TSX
20171129 20171221 -1.9424e-05 8.5121e-10 TSX
20171210 20180820 -6.7364e-05 4.5349e-10 TSX
20171221 20180911 -4.8238e-05 4.4566e-10 TSX
20180112 20181003 -2.2052e-05 4.4569e-10 TSX
20180319 20180707 -9.6639e-05 6.1808e-10 TSX
20180707 20180911 0.00018208 7.1257e-10 TSX
20180729 20181003 7.3836e-06 7.1257e-10 TSX
20180820 20181003 0.00012663 7.7252e-10 TSX
20180911 20181003 -0.0001546 8.5121e-10 TSX
