20030427 20030914 -0.00042566 5.6555e-10 ERS2
20030914 20080629 -6.1756e-05 2.8159e-10 ERS2
20050918 20090510 -1.0399e-05 3.0037e-10 ERS2
20051127 20081116 7.1357e-05 3.1384e-10 ERS2
20060903 20090510 -0.00023635 3.0828e-10 ERS2
20061231 20090105 7.1387e-07 3.1182e-10 ALOS
20070402 20070703 -0.00022064 6.6623e-10 ALOS
20070518 20091008 -2.3135e-05 2.9772e-10 ALOS
20070818 20071003 -0.00040692 7.7557e-10 ALOS
20071217 20100509 -8.0814e-05 2.9968e-10 ALOS
20080103 20100526 1.4988e-05 2.9641e-10 ALOS
20080404 20080520 -6.1894e-05 7.7558e-10 ALOS
20080618 20090921 -5.5102e-06 3.7315e-10 ALOS
20080629 20090510 -0.00041725 4.1253e-10 ERS2
20080705 20091008 -0.00010594 3.6519e-10 ALOS
20080803 20090823 -6.2813e-05 3.8447e-10 ERS2
20081116 20090823 -0.00012325 4.3205e-10 ERS2
20081219 20090921 5.0854e-05 4.4615e-10 ALOS
20090105 20090708 1.6209e-05 5.281e-10 ALOS
20090510 20091101 -0.00029878 5.2028e-10 ERS2
20090708 20091008 0.00013374 6.6621e-10 ALOS
20090823 20091101 0.00038543 6.9862e-10 ERS2
20091222 20100624 -0.0001125 5.2554e-10 ALOS
20100108 20100223 -0.00017472 7.7589e-10 ALOS
20100223 20100526 -1.1358e-05 6.6623e-10 ALOS
20100410 20100711 -0.00012607 6.6622e-10 ALOS
20100509 20100624 0.00064535 7.7356e-10 ALOS
20100526 20100711 0.00037915 7.7558e-10 ALOS
20100624 20101109 -6.1391e-05 5.8399e-10 ALOS
20100711 20101011 -0.00015706 6.6625e-10 ALOS
20100809 20101109 -8.4346e-05 6.6354e-10 ALOS
20101011 20101126 0.00026694 7.7558e-10 ALOS
20110111 20110226 0.00057763 7.7557e-10 ALOS
20110924 20130715 2.4029e-05 3.2374e-10 TSX
20111005 20121229 2.2092e-05 3.6831e-10 TSX
20111121 20171221 1.1109e-05 2.4667e-10 TSX
20111221 20130131 3.6706e-06 3.8508e-10 TSX
20111224 20121027 -1.9651e-06 4.1955e-10 TSX
20120126 20140419 -2.3871e-06 2.8942e-10 TSX
20120203 20160320 -1.7923e-05 2.4289e-10 TSX
20120206 20171107 5.6934e-06 2.5692e-10 TSX
20120617 20171129 1.2023e-05 2.4656e-10 TSX
20120723 20160120 3.5259e-05 2.6128e-10 TSX
20121024 20130109 0.0002549 7.0161e-10 TSX
20121027 20151226 1.8991e-05 2.6254e-10 TSX
20121030 20130311 2.3543e-05 5.8466e-10 TSX
20121107 20171118 -6.036e-06 2.478e-10 TSX
20121221 20160208 -1.7121e-05 2.6444e-10 TSX
20121224 20130516 -4.6834e-05 5.6849e-10 TSX
20121229 20130407 -1.3291e-06 6.5605e-10 TSX
20130104 20130217 -2.7948e-05 7.7345e-10 TSX
20130109 20130715 -4.1365e-05 5.2967e-10 TSX
20130112 20140511 -1.3561e-05 3.5528e-10 TSX
20130115 20130721 -0.00015198 5.1395e-10 TSX
20130126 20130823 -6.0467e-05 4.9145e-10 TSX
20130131 20130429 -7.4518e-07 6.7796e-10 TSX
20130203 20130729 -3.463e-05 5.2316e-10 TSX
20130211 20130919 2.6811e-05 4.9593e-10 TSX
20130228 20141209 2.4689e-05 3.1283e-10 TSX
20130311 20130801 -8.4478e-05 5.6846e-10 TSX
20130316 20130623 2.6399e-05 6.5606e-10 TSX
20130402 20150122 7.4193e-05 2.9085e-10 TSX
20130407 20140530 6.1663e-06 3.8058e-10 TSX
20130421 20171016 1.9793e-05 2.5523e-10 TSX
20130424 20130721 -0.00024701 6.6402e-10 TSX
20130429 20130623 -2.9229e-05 7.5439e-10 TSX
20130505 20131028 -0.00047388 5.2547e-10 TSX
20130513 20151112 1.6467e-05 2.7629e-10 TSX
20130516 20131017 -0.00019115 5.5318e-10 TSX
20130521 20130715 0.0002214 7.5442e-10 TSX
20130524 20171129 2.1805e-05 2.5193e-10 TSX
20130527 20140627 3.9507e-05 3.836e-10 TSX
20130601 20130930 8.5275e-05 6.1695e-10 TSX
20130604 20141217 6.2287e-06 3.3888e-10 TSX
20130607 20140719 2.8493e-05 3.7962e-10 TSX
20130612 20150105 1.1034e-05 3.3934e-10 TSX
20130615 20160106 9.5124e-06 2.7607e-10 TSX
20130618 20140708 3.9801e-06 3.8779e-10 TSX
20130623 20130715 0.00056066 8.6267e-10 TSX
20130629 20130914 0.00015811 6.883e-10 TSX
20130707 20150130 -3.4502e-07 3.3796e-10 TSX
20130710 20140901 -6.848e-07 3.76e-10 TSX
20130715 20130726 -0.0024223 1.0119e-09 TSX
20130721 20131108 0.00064721 6.2103e-10 TSX
20130726 20150517 0.00011421 3.2244e-10 TSX
20130729 20160904 -1.3752e-05 2.6645e-10 TSX
20130801 20151115 3.0997e-05 2.8735e-10 TSX
20130817 20140209 -4.3372e-05 5.4096e-10 TSX
20130828 20150312 4.8269e-05 3.4117e-10 TSX
20130903 20150329 -7.1705e-05 3.109e-10 TSX
20130919 20160309 9.0577e-06 2.7415e-10 TSX
20130925 20140708 8.4489e-06 4.3124e-10 TSX
20130930 20160411 7.749e-06 2.7259e-10 TSX
20131011 20150802 4.5178e-07 3.2095e-10 TSX
20131017 20140719 -3.7757e-06 4.387e-10 TSX
20131028 20160304 2.8715e-05 2.8064e-10 TSX
20131102 20140519 -9.1792e-05 5.171e-10 TSX
20131108 20140708 -4.8445e-05 4.628e-10 TSX
20140209 20160309 3.5957e-05 3.0573e-10 TSX
20140223 20140829 -3.9435e-06 5.1108e-10 TSX
20140408 20140705 -1.552e-05 6.6131e-10 TSX
20140419 20170913 2.3656e-05 2.6109e-10 TSX
20140511 20141228 -1.1191e-05 4.7019e-10 TSX
20140519 20150824 5.5905e-05 3.6407e-10 TSX
20140624 20171005 1.3776e-05 2.6358e-10 TSX
20140627 20151115 -4.9032e-05 3.3952e-10 TSX
20140705 20180911 8.9303e-06 2.5022e-10 TSX
20140708 20160406 2.8224e-05 3.1232e-10 TSX
20140716 20171005 1.5849e-05 2.6686e-10 TSX
20140719 20151207 -1.6713e-05 3.3986e-10 TSX
20140727 20150326 -5.9613e-06 4.6151e-10 TSX
20140810 20150122 7.0982e-05 5.3919e-10 TSX
20140818 20160301 -1.0213e-05 3.2574e-10 TSX
20140829 20160208 -8.0326e-06 3.3136e-10 TSX
20140901 20140912 -0.00027725 9.685e-10 TSX
20140912 20141209 -1.6331e-05 6.6402e-10 TSX
20140920 20170902 1.1873e-05 2.7065e-10 TSX
20141209 20160211 -1.1662e-05 3.639e-10 TSX
20141217 20160722 -1.2762e-05 3.1902e-10 TSX
20141228 20160106 -2.5626e-05 3.8236e-10 TSX
20141231 20151024 2.8942e-06 4.2505e-10 TSX
20150105 20150824 -2.326e-06 4.861e-10 TSX
20150108 20170811 5.1186e-06 2.8045e-10 TSX
20150119 20160117 6.1144e-06 3.8755e-10 TSX
20150127 20160411 5.6214e-06 3.7113e-10 TSX
20150130 20151112 -4.6685e-06 4.2843e-10 TSX
20150210 20170114 1.0096e-05 2.9711e-10 TSX
20150213 20160326 -1.5848e-06 3.691e-10 TSX
20150218 20160216 -2.6768e-05 4.029e-10 TSX
20150221 20180112 6.3036e-06 2.6188e-10 TSX
20150304 20180911 5.2321e-06 2.5568e-10 TSX
20150307 20160211 2.0267e-05 4.006e-10 TSX
20150312 20160320 -8.5887e-05 3.9773e-10 TSX
20150326 20150827 -1.7021e-05 5.4979e-10 TSX
20150329 20151207 -3.6695e-05 4.5479e-10 TSX
20150428 20160425 -1.0344e-05 3.8674e-10 TSX
20150509 20150827 1.7742e-05 6.1794e-10 TSX
20150517 20150824 -0.000137 6.5605e-10 TSX
20150520 20180911 4.9976e-06 2.5854e-10 TSX
20150714 20170822 1.7042e-05 2.9636e-10 TSX
20150725 20170924 2.2518e-07 2.9348e-10 TSX
20150802 20160309 -2.7974e-05 4.9595e-10 TSX
20150805 20160403 1.5073e-05 4.6128e-10 TSX
20150816 20171107 1.2338e-05 2.9142e-10 TSX
20150824 20150915 0.00060841 8.6257e-10 TSX
20150827 20170902 1.8671e-05 2.9801e-10 TSX
20150915 20160216 -0.0001061 5.6816e-10 TSX
20151021 20160904 -6.0726e-05 4.1271e-10 TSX
20151101 20171016 2.9314e-05 3.0185e-10 TSX
20151112 20160425 -3.059e-05 5.3614e-10 TSX
20151115 20151229 0.00014997 7.7345e-10 TSX
20151123 20171221 5.7273e-06 2.9436e-10 TSX
20151204 20151215 0.00015255 9.791e-10 TSX
20151207 20160406 -6.0004e-06 6.0214e-10 TSX
20151215 20170822 1.5113e-05 3.1324e-10 TSX
20151226 20161223 1.0021e-05 3.9298e-10 TSX
20151229 20160211 2.633e-05 7.7345e-10 TSX
20160106 20161223 2.7735e-05 3.9754e-10 TSX
20160117 20160926 -3.4986e-05 4.5297e-10 TSX
20160128 20160301 -0.00022571 8.0711e-10 TSX
20160208 20160312 -8.9994e-05 8.0711e-10 TSX
20160216 20160309 -0.0003781 8.6257e-10 TSX
20160219 20180319 1.5943e-05 2.9577e-10 TSX
20160301 20161201 7.0519e-05 4.3869e-10 TSX
20160304 20160326 6.44e-05 8.4922e-10 TSX
20160312 20180319 2.2457e-05 2.9737e-10 TSX
20160320 20160411 0.00044511 8.6257e-10 TSX
20160323 20171118 1.4898e-05 3.1642e-10 TSX
20160326 20160406 -0.00056496 9.6843e-10 TSX
20160403 20171027 2.9824e-05 3.2171e-10 TSX
20160425 20170811 1.3847e-05 3.4791e-10 TSX
20160528 20160630 2.5017e-05 8.0711e-10 TSX
20160630 20171118 1.0651e-05 3.3935e-10 TSX
20160722 20161201 9.5114e-05 5.8135e-10 TSX
20160904 20180707 3.9419e-05 3.231e-10 TSX
20160915 20180911 1.8963e-05 3.0098e-10 TSX
20160926 20170114 6.8697e-05 6.1799e-10 TSX
20161201 20171027 -8.314e-06 4.0708e-10 TSX
20161223 20171107 4.5767e-06 4.0927e-10 TSX
20170114 20170902 -8.7991e-06 4.687e-10 TSX
20170811 20171005 -7.8858e-05 7.4146e-10 TSX
20170822 20180707 1.1253e-05 4.1371e-10 TSX
20170913 20180707 1.6084e-06 4.2544e-10 TSX
20170924 20180319 4.3129e-05 5.232e-10 TSX
20171005 20171107 1.093e-05 8.0711e-10 TSX
20171016 20180319 1.4095e-05 5.5011e-10 TSX
20171027 20180911 -9.2325e-06 4.137e-10 TSX
20171107 20171118 6.9235e-05 9.791e-10 TSX
20171118 20171129 4.377e-05 9.791e-10 TSX
20171129 20171221 -5.5397e-06 8.5159e-10 TSX
20171210 20180820 2.3878e-05 4.5324e-10 TSX
20171221 20180911 5.7332e-05 4.4563e-10 TSX
20180112 20181003 1.6114e-05 4.4562e-10 TSX
20180319 20180707 -4.115e-05 6.18e-10 TSX
20180707 20180911 3.0419e-05 7.1256e-10 TSX
20180729 20181003 -2.907e-05 7.1256e-10 TSX
20180820 20181003 0.00010811 7.7269e-10 TSX
20180911 20181003 -8.7184e-05 8.516e-10 TSX
