20030427 20030914 0.00040314 5.6981e-10 ERS2
20030914 20080629 -0.00021373 2.8946e-10 ERS2
20050918 20090510 3.6625e-07 3.0055e-10 ERS2
20051127 20081116 0.00014674 3.0446e-10 ERS2
20060903 20090510 1.1094e-05 3.1679e-10 ERS2
20061231 20090105 0.00014712 3.1756e-10 ALOS
20070402 20070703 -0.00024263 6.7305e-10 ALOS
20070518 20091008 0.00016941 3.1738e-10 ALOS
20070818 20071003 -0.00035143 7.8434e-10 ALOS
20071217 20100509 3.0098e-05 2.9829e-10 ALOS
20080103 20100526 0.00010732 3.0024e-10 ALOS
20080404 20080520 -7.6451e-05 7.8451e-10 ALOS
20080618 20090921 -1.2007e-05 3.7298e-10 ALOS
20080629 20090510 -0.00026762 4.1516e-10 ERS2
20080705 20091008 0.00012027 3.6608e-10 ALOS
20080803 20090823 -0.00010607 3.8261e-10 ERS2
20081116 20090823 -7.3487e-06 4.3263e-10 ERS2
20081219 20090921 0.0007643 4.4713e-10 ALOS
20090105 20090708 0.00027661 5.3405e-10 ALOS
20090510 20091101 0.00013197 5.2245e-10 ERS2
20090708 20091008 0.00088762 6.731e-10 ALOS
20090823 20091101 -0.00032674 7.0743e-10 ERS2
20091222 20100624 0.00049298 5.2646e-10 ALOS
20100108 20100223 0.00049308 7.852e-10 ALOS
20100223 20100526 -0.00031164 6.7353e-10 ALOS
20100410 20100711 -0.00016835 6.736e-10 ALOS
20100509 20100624 0.00099958 7.8198e-10 ALOS
20100526 20100711 0.00077853 7.8449e-10 ALOS
20100624 20101109 0.00022464 5.8718e-10 ALOS
20100711 20101011 0.00018125 6.7342e-10 ALOS
20100809 20101109 -2.6537e-05 6.6959e-10 ALOS
20101011 20101126 0.00022743 7.8446e-10 ALOS
20110111 20110226 0.00084142 7.8436e-10 ALOS
20110924 20130715 6.7898e-05 3.248e-10 TSX
20111005 20121229 -0.00012845 3.6984e-10 TSX
20111121 20171221 -1.0694e-05 3.0584e-10 TSX
20111221 20130131 -3.8567e-05 3.8644e-10 TSX
20111224 20121027 -4.6992e-05 4.1994e-10 TSX
20120126 20140419 -1.1239e-06 2.8976e-10 TSX
20120203 20160320 1.6213e-05 2.5402e-10 TSX
20120206 20171107 -2.3736e-05 3.4294e-10 TSX
20120617 20171129 -5.4277e-07 2.9877e-10 TSX
20120723 20160120 3.1512e-05 2.6798e-10 TSX
20121024 20130109 0.00015521 7.0986e-10 TSX
20121027 20151226 -9.0724e-06 2.8059e-10 TSX
20121030 20130311 6.3984e-05 5.8712e-10 TSX
20121107 20171118 -1.1405e-05 3.3067e-10 TSX
20121221 20160208 4.5338e-06 3.0548e-10 TSX
20121224 20130516 -0.00014423 5.7052e-10 TSX
20121229 20130407 -1.6883e-05 6.6264e-10 TSX
20130104 20130217 7.4085e-05 7.8117e-10 TSX
20130109 20130715 0.00025983 5.3036e-10 TSX
20130112 20140511 1.1201e-05 3.5491e-10 TSX
20130115 20130721 -0.00023007 5.1535e-10 TSX
20130126 20130823 -2.8099e-05 5.2192e-10 TSX
20130131 20130429 -0.00013223 6.854e-10 TSX
20130203 20130729 -3.1739e-05 5.2566e-10 TSX
20130211 20130919 0.00014625 4.9768e-10 TSX
20130228 20141209 0.00010732 3.1296e-10 TSX
20130311 20130801 -2.2416e-05 5.705e-10 TSX
20130316 20130623 0.00010924 6.6264e-10 TSX
20130402 20150122 0.00016883 3.6485e-10 TSX
20130407 20140530 2.338e-05 3.8188e-10 TSX
20130421 20171016 -4.1725e-06 3.472e-10 TSX
20130424 20130721 -0.00037439 6.6927e-10 TSX
20130429 20130623 -6.0459e-05 7.6368e-10 TSX
20130505 20131028 -0.0011805 5.8168e-10 TSX
20130513 20151112 -5.2347e-06 3.1782e-10 TSX
20130516 20131017 2.4739e-05 5.9059e-10 TSX
20130521 20130715 0.00041211 7.637e-10 TSX
20130524 20171129 1.6557e-05 3.1201e-10 TSX
20130527 20140627 5.6334e-05 3.8413e-10 TSX
20130601 20130930 0.000445 6.22e-10 TSX
20130604 20141217 -5.0615e-06 3.4429e-10 TSX
20130607 20140719 3.279e-05 3.8081e-10 TSX
20130612 20150105 6.9549e-05 3.3836e-10 TSX
20130615 20160106 -1.2075e-05 3.1087e-10 TSX
20130618 20140708 4.1392e-05 3.8839e-10 TSX
20130623 20130715 0.00080446 8.7022e-10 TSX
20130629 20130914 0.00063214 7.0281e-10 TSX
20130707 20150130 4.858e-06 3.3919e-10 TSX
20130710 20140901 9.9598e-05 3.7718e-10 TSX
20130715 20130726 -0.0025423 1.0185e-09 TSX
20130721 20131108 0.0014456 6.3932e-10 TSX
20130726 20150517 8.5677e-05 3.2201e-10 TSX
20130729 20160904 -2.649e-05 3.0266e-10 TSX
20130801 20151115 8.6199e-05 2.9471e-10 TSX
20130817 20140209 -3.7952e-05 5.4347e-10 TSX
20130828 20150312 9.6016e-05 3.4069e-10 TSX
20130903 20150329 -4.0233e-05 4.4925e-10 TSX
20130919 20160309 2.4652e-05 2.8316e-10 TSX
20130925 20140708 -0.00016416 4.7137e-10 TSX
20130930 20160411 -2.0749e-05 2.8346e-10 TSX
20131011 20150802 5.1903e-05 3.2037e-10 TSX
20131017 20140719 4.6392e-05 4.5778e-10 TSX
20131028 20160304 4.1566e-05 2.8974e-10 TSX
20131102 20140519 -0.00025745 5.191e-10 TSX
20131108 20140708 -0.00013896 4.9125e-10 TSX
20140209 20160309 5.7537e-05 3.0824e-10 TSX
20140223 20140829 1.2334e-05 5.1354e-10 TSX
20140408 20140705 3.377e-05 6.6985e-10 TSX
20140419 20170913 -2.0141e-05 3.3106e-10 TSX
20140511 20141228 5.7775e-05 4.7167e-10 TSX
20140519 20150824 0.00012279 3.6517e-10 TSX
20140624 20171005 4.3713e-05 2.9757e-10 TSX
20140627 20151115 5.9428e-05 3.4201e-10 TSX
20140705 20180911 1.9042e-06 2.79e-10 TSX
20140708 20160406 4.8512e-05 3.1136e-10 TSX
20140716 20171005 4.044e-06 2.9279e-10 TSX
20140719 20151207 7.3576e-05 3.416e-10 TSX
20140727 20150326 1.9677e-05 4.6279e-10 TSX
20140810 20150122 1.872e-05 5.442e-10 TSX
20140818 20160301 -2.0169e-05 3.2544e-10 TSX
20140829 20160208 -9.6855e-06 3.3174e-10 TSX
20140901 20140912 -0.00032293 9.7393e-10 TSX
20140912 20141209 2.3531e-05 6.6925e-10 TSX
20140920 20170902 -2.1302e-05 3.1218e-10 TSX
20141209 20160211 -5.3827e-05 3.6481e-10 TSX
20141217 20160722 -4.0087e-05 3.3467e-10 TSX
20141228 20160106 -1.4922e-05 3.8314e-10 TSX
20141231 20151024 7.5119e-05 4.2565e-10 TSX
20150105 20150824 -4.3093e-05 4.8778e-10 TSX
20150108 20170811 -3.6348e-05 3.3144e-10 TSX
20150119 20160117 -1.3759e-05 3.8793e-10 TSX
20150127 20160411 -3.38e-06 3.7347e-10 TSX
20150130 20151112 9.2885e-06 4.2978e-10 TSX
20150210 20170114 -4.4795e-05 3.3889e-10 TSX
20150213 20160326 0.00026611 4.0754e-10 TSX
20150218 20160216 2.1558e-05 4.036e-10 TSX
20150221 20180112 -2.8182e-05 4.4767e-10 TSX
20150304 20180911 -3.7827e-05 3.4208e-10 TSX
20150307 20160211 -1.4933e-06 4.0158e-10 TSX
20150312 20160320 -9.2972e-05 3.9842e-10 TSX
20150326 20150827 -5.6689e-05 5.5342e-10 TSX
20150329 20151207 3.1289e-05 4.5537e-10 TSX
20150428 20160425 -5.1322e-06 3.8942e-10 TSX
20150509 20150827 7.716e-07 6.2467e-10 TSX
20150517 20150824 2.8029e-05 6.6275e-10 TSX
20150520 20180911 -2.401e-05 2.9525e-10 TSX
20150714 20170822 6.5816e-06 3.3196e-10 TSX
20150725 20170924 -2.0432e-05 3.0976e-10 TSX
20150802 20160309 -0.00013784 4.9777e-10 TSX
20150805 20160403 -3.6901e-05 4.6417e-10 TSX
20150816 20171107 -3.1305e-05 2.9751e-10 TSX
20150824 20150915 0.00082318 8.7012e-10 TSX
20150827 20170902 -7.4031e-06 3.1322e-10 TSX
20150915 20160216 -0.00025512 5.7149e-10 TSX
20151021 20160904 -8.3099e-05 4.1728e-10 TSX
20151101 20171016 -3.8121e-05 3.1949e-10 TSX
20151112 20160425 -8.425e-05 5.3926e-10 TSX
20151115 20151229 0.00010354 7.8117e-10 TSX
20151123 20171221 -2.0375e-05 3.1343e-10 TSX
20151204 20151215 0.00015641 9.847e-10 TSX
20151207 20160406 -0.00022407 6.0515e-10 TSX
20151215 20170822 -5.6368e-06 3.3183e-10 TSX
20151226 20161223 -2.9976e-05 3.9451e-10 TSX
20151229 20160211 -6.5246e-05 7.8117e-10 TSX
20160106 20161223 4.981e-06 3.9891e-10 TSX
20160117 20160926 -2.9566e-05 4.5757e-10 TSX
20160128 20160301 -0.00015296 8.1635e-10 TSX
20160208 20160312 -0.00016563 8.1635e-10 TSX
20160216 20160309 -0.00042751 8.7012e-10 TSX
20160219 20180319 3.8073e-06 3.0757e-10 TSX
20160301 20161201 4.8983e-05 4.4033e-10 TSX
20160304 20160326 6.6522e-05 8.5565e-10 TSX
20160312 20180319 1.4448e-05 3.1088e-10 TSX
20160320 20160411 0.00037371 8.7013e-10 TSX
20160323 20171118 -6.6902e-06 3.2116e-10 TSX
20160326 20160406 -0.00055817 9.7386e-10 TSX
20160403 20171027 -3.3552e-06 3.3516e-10 TSX
20160425 20170811 -5.4119e-06 3.4812e-10 TSX
20160528 20160630 1.9375e-05 8.1635e-10 TSX
20160630 20171118 8.3271e-06 3.3973e-10 TSX
20160722 20161201 0.00012254 5.8616e-10 TSX
20160904 20180707 2.2032e-05 3.2114e-10 TSX
20160915 20180911 -1.0562e-05 2.9997e-10 TSX
20160926 20170114 0.00011342 6.2513e-10 TSX
20161201 20171027 -2.5515e-05 4.0799e-10 TSX
20161223 20171107 -2.227e-05 4.1216e-10 TSX
20170114 20170902 -3.4322e-05 4.7257e-10 TSX
20170811 20171005 -5.8685e-07 7.5215e-10 TSX
20170822 20180707 7.98e-06 4.1415e-10 TSX
20170913 20180707 6.1688e-06 4.2659e-10 TSX
20170924 20180319 8.5406e-05 5.2573e-10 TSX
20171005 20171107 6.0258e-05 8.1635e-10 TSX
20171016 20180319 8.9857e-05 5.536e-10 TSX
20171027 20180911 -2.2283e-05 4.1436e-10 TSX
20171107 20171118 8.8768e-05 9.847e-10 TSX
20171118 20171129 4.9751e-05 9.847e-10 TSX
20171129 20171221 -3.5648e-05 8.5901e-10 TSX
20171210 20180820 -3.4957e-05 4.5435e-10 TSX
20171221 20180911 -4.487e-05 4.4648e-10 TSX
20180112 20181003 0.00011448 4.4654e-10 TSX
20180319 20180707 -0.00016442 6.2452e-10 TSX
20180707 20180911 9.8159e-05 7.2289e-10 TSX
20180729 20181003 7.6946e-06 7.2289e-10 TSX
20180820 20181003 0.00016236 7.8307e-10 TSX
20180911 20181003 -0.00012686 8.5901e-10 TSX
