20030427 20030914 2.6419e-06 5.9069e-10 ERS2
20030914 20080629 3.5184e-05 2.8447e-10 ERS2
20050918 20090510 -1.3159e-05 3.0667e-10 ERS2
20051127 20081116 -8.4318e-05 3.1779e-10 ERS2
20060903 20090510 -0.00013548 3.2775e-10 ERS2
20061231 20090105 -5.9995e-05 3.2753e-10 ALOS
20070402 20070703 3.9611e-05 6.9599e-10 ALOS
20070518 20091008 -0.00015017 3.3261e-10 ALOS
20070818 20071003 -0.00038373 7.9804e-10 ALOS
20071217 20100509 -0.00010715 3.0182e-10 ALOS
20080103 20100526 2.4954e-05 3.1924e-10 ALOS
20080404 20080520 2.4779e-05 7.9793e-10 ALOS
20080618 20090921 -0.00012408 3.7498e-10 ALOS
20080629 20090510 -0.00094334 4.2159e-10 ERS2
20080705 20091008 -8.831e-05 3.7183e-10 ALOS
20080803 20090823 9.872e-05 3.9016e-10 ERS2
20081116 20090823 0.00013624 4.4319e-10 ERS2
20081219 20090921 0.0001621 4.5692e-10 ALOS
20090105 20090708 3.7049e-05 5.5024e-10 ALOS
20090510 20091101 -1.9081e-05 5.4409e-10 ERS2
20090708 20091008 0.00043408 6.9628e-10 ALOS
20090823 20091101 0.00085555 7.2707e-10 ERS2
20091222 20100624 0.00022835 5.4686e-10 ALOS
20100108 20100223 0.00046358 7.9894e-10 ALOS
20100223 20100526 0.0001625 6.9642e-10 ALOS
20100410 20100711 -9.9058e-05 6.965e-10 ALOS
20100509 20100624 0.00057136 7.9592e-10 ALOS
20100526 20100711 0.00034961 7.9806e-10 ALOS
20100624 20101109 -3.2468e-05 6.0917e-10 ALOS
20100711 20101011 -0.00019246 6.9547e-10 ALOS
20100809 20101109 0.00010475 6.9238e-10 ALOS
20101011 20101126 0.00034623 7.9805e-10 ALOS
20110111 20110226 0.00069964 7.9804e-10 ALOS
20110924 20130715 3.3368e-05 3.2568e-10 TSX
20111005 20121229 -6.1309e-05 3.7385e-10 TSX
20111121 20171221 -1.1037e-05 2.9303e-10 TSX
20111221 20130131 1.7255e-05 3.9018e-10 TSX
20111224 20121027 1.108e-05 4.295e-10 TSX
20120126 20140419 -5.6399e-06 3.0939e-10 TSX
20120203 20160320 1.3296e-05 2.8026e-10 TSX
20120206 20171107 -7.9003e-06 2.8034e-10 TSX
20120617 20171129 -6.4987e-06 2.8061e-10 TSX
20120723 20160120 4.5001e-05 2.9829e-10 TSX
20121024 20130109 1.8128e-05 7.3051e-10 TSX
20121027 20151226 -2.087e-05 2.9244e-10 TSX
20121030 20130311 0.0001071 6.0942e-10 TSX
20121107 20171118 3.9267e-07 3.0649e-10 TSX
20121221 20160208 -7.7144e-07 2.9609e-10 TSX
20121224 20130516 -2.833e-05 5.9196e-10 TSX
20121229 20130407 -6.5887e-05 6.856e-10 TSX
20130104 20130217 0.00010824 7.9501e-10 TSX
20130109 20130715 0.0001707 5.5948e-10 TSX
20130112 20140511 -2.4018e-05 3.5897e-10 TSX
20130115 20130721 8.6412e-06 5.3279e-10 TSX
20130126 20130823 -0.00027333 5.3204e-10 TSX
20130131 20130429 0.00011935 7.0761e-10 TSX
20130203 20130729 -4.1311e-05 5.4525e-10 TSX
20130211 20130919 -5.5377e-05 5.1271e-10 TSX
20130228 20141209 2.4649e-05 3.306e-10 TSX
20130311 20130801 -8.5443e-05 5.9187e-10 TSX
20130316 20130623 7.8096e-05 6.8562e-10 TSX
20130402 20150122 -0.00029231 3.7802e-10 TSX
20130407 20140530 0.00010812 3.861e-10 TSX
20130421 20171016 -7.3863e-06 3.2285e-10 TSX
20130424 20130721 -0.00010915 6.921e-10 TSX
20130429 20130623 -9.4269e-05 7.7975e-10 TSX
20130505 20131028 -3.8259e-05 5.8028e-10 TSX
20130513 20151112 1.8934e-06 3.1592e-10 TSX
20130516 20131017 -0.00037873 6.291e-10 TSX
20130521 20130715 0.0001191 7.7976e-10 TSX
20130524 20171129 3.1625e-07 2.9867e-10 TSX
20130527 20140627 3.7878e-05 3.8805e-10 TSX
20130601 20130930 -6.295e-05 6.4506e-10 TSX
20130604 20141217 -4.783e-06 3.4225e-10 TSX
20130607 20140719 -5.9047e-05 3.8342e-10 TSX
20130612 20150105 8.8534e-06 3.4018e-10 TSX
20130615 20160106 -5.1502e-06 3.3175e-10 TSX
20130618 20140708 -3.2669e-05 3.9218e-10 TSX
20130623 20130715 0.00062644 8.7574e-10 TSX
20130629 20130914 2.2958e-05 7.3022e-10 TSX
20130707 20150130 -2.183e-05 3.4063e-10 TSX
20130710 20140901 -2.5464e-05 3.7931e-10 TSX
20130715 20130726 -0.0024246 1.0214e-09 TSX
20130721 20131108 -0.00015938 7.1225e-10 TSX
20130726 20150517 4.7745e-05 3.3412e-10 TSX
20130729 20160904 -4.4324e-06 2.9276e-10 TSX
20130801 20151115 -1.4877e-05 3.1512e-10 TSX
20130817 20140209 -7.0657e-05 5.6275e-10 TSX
20130828 20150312 -4.1562e-05 3.4231e-10 TSX
20130903 20150329 4.1618e-06 3.9507e-10 TSX
20130919 20160309 3.2e-05 3.1447e-10 TSX
20130925 20140708 -0.00014041 5.5193e-10 TSX
20130930 20160411 1.7889e-05 3.0393e-10 TSX
20131011 20150802 3.1595e-05 3.5101e-10 TSX
20131017 20140719 6.1038e-05 4.924e-10 TSX
20131028 20160304 -6.6656e-05 3.1228e-10 TSX
20131102 20140519 0.00014998 5.362e-10 TSX
20131108 20140708 -0.00029642 5.2272e-10 TSX
20140209 20160309 5.5815e-05 3.3492e-10 TSX
20140223 20140829 4.4052e-06 5.3191e-10 TSX
20140408 20140705 1.8079e-05 6.92e-10 TSX
20140419 20170913 -2.0885e-05 3.218e-10 TSX
20140511 20141228 3.307e-05 4.8612e-10 TSX
20140519 20150824 -1.6112e-05 3.892e-10 TSX
20140624 20171005 9.5659e-06 3.0383e-10 TSX
20140627 20151115 -9.3076e-05 3.5302e-10 TSX
20140705 20180911 -2.2305e-06 2.8356e-10 TSX
20140708 20160406 2.9887e-06 3.4221e-10 TSX
20140716 20171005 9.6748e-06 2.9381e-10 TSX
20140719 20151207 -1.1747e-05 3.5504e-10 TSX
20140727 20150326 -1.6343e-05 4.7648e-10 TSX
20140810 20150122 3.7589e-06 5.8075e-10 TSX
20140818 20160301 -1.6766e-06 3.3394e-10 TSX
20140829 20160208 -1.069e-05 3.407e-10 TSX
20140901 20140912 -0.00026607 9.7732e-10 TSX
20140912 20141209 5.4521e-06 6.921e-10 TSX
20140920 20170902 6.6797e-06 3.0903e-10 TSX
20141209 20160211 -7.2064e-05 3.7926e-10 TSX
20141217 20160722 4.4989e-06 3.4369e-10 TSX
20141228 20160106 -8.5223e-06 3.9053e-10 TSX
20141231 20151024 -5.7567e-05 4.372e-10 TSX
20150105 20150824 3.1183e-06 5.0694e-10 TSX
20150108 20170811 1.2997e-05 3.224e-10 TSX
20150119 20160117 2.8553e-05 3.9562e-10 TSX
20150127 20160411 -3.2354e-05 3.8164e-10 TSX
20150130 20151112 4.7439e-05 4.4013e-10 TSX
20150210 20170114 8.6701e-06 3.2399e-10 TSX
20150213 20160326 -0.00019979 4.5555e-10 TSX
20150218 20160216 -2.7629e-05 4.0874e-10 TSX
20150221 20180112 1.4312e-05 3.5456e-10 TSX
20150304 20180911 -1.0262e-05 2.9912e-10 TSX
20150307 20160211 -6.669e-05 4.0764e-10 TSX
20150312 20160320 2.54e-05 4.0427e-10 TSX
20150326 20150827 6.883e-05 5.7492e-10 TSX
20150329 20151207 -0.00010894 4.6612e-10 TSX
20150428 20160425 1.2471e-05 4.0176e-10 TSX
20150509 20150827 6.3851e-05 6.4751e-10 TSX
20150517 20150824 -0.00019785 6.8706e-10 TSX
20150520 20180911 -1.4352e-06 2.9116e-10 TSX
20150714 20170822 2.2759e-06 3.1356e-10 TSX
20150725 20170924 -9.7038e-06 3.1356e-10 TSX
20150802 20160309 -3.9669e-05 5.1237e-10 TSX
20150805 20160403 -2.0187e-05 4.7827e-10 TSX
20150816 20171107 -1.098e-05 3.1224e-10 TSX
20150824 20150915 0.00053677 8.7564e-10 TSX
20150827 20170902 -1.4644e-05 3.257e-10 TSX
20150915 20160216 3.5903e-05 5.927e-10 TSX
20151021 20160904 -5.0785e-05 4.2386e-10 TSX
20151101 20171016 4.7058e-06 3.0873e-10 TSX
20151112 20160425 -1.274e-05 5.5962e-10 TSX
20151115 20151229 0.00014286 7.9501e-10 TSX
20151123 20171221 -5.6338e-06 3.0403e-10 TSX
20151204 20151215 0.00014939 9.8747e-10 TSX
20151207 20160406 -3.5278e-05 6.2812e-10 TSX
20151215 20170822 1.1319e-06 3.1971e-10 TSX
20151226 20161223 1.0904e-05 4.0199e-10 TSX
20151229 20160211 9.0184e-06 7.9501e-10 TSX
20160106 20161223 2.2289e-05 4.0622e-10 TSX
20160117 20160926 -3.4894e-05 4.7028e-10 TSX
20160128 20160301 -0.00011808 8.2506e-10 TSX
20160208 20160312 -7.3702e-05 8.2506e-10 TSX
20160216 20160309 -0.00031617 8.7564e-10 TSX
20160219 20180319 2.1579e-06 3.0492e-10 TSX
20160301 20161201 2.9284e-06 4.5081e-10 TSX
20160304 20160326 1.4642e-05 8.6189e-10 TSX
20160312 20180319 -1.1596e-07 3.0718e-10 TSX
20160320 20160411 0.00038051 8.7565e-10 TSX
20160323 20171118 -3.0052e-06 3.2629e-10 TSX
20160326 20160406 -0.00049237 9.7723e-10 TSX
20160403 20171027 1.5498e-05 3.3253e-10 TSX
20160425 20170811 2.6505e-05 3.567e-10 TSX
20160528 20160630 -1.3565e-05 8.2506e-10 TSX
20160630 20171118 2.4875e-05 3.4465e-10 TSX
20160722 20161201 6.2225e-05 6.0894e-10 TSX
20160904 20180707 1.2066e-05 3.2456e-10 TSX
20160915 20180911 -1.3075e-05 3.0922e-10 TSX
20160926 20170114 3.6064e-05 6.478e-10 TSX
20161201 20171027 5.5467e-06 4.1634e-10 TSX
20161223 20171107 -1.3675e-05 4.1823e-10 TSX
20170114 20170902 8.9385e-06 4.8447e-10 TSX
20170811 20171005 -4.457e-05 7.6791e-10 TSX
20170822 20180707 -1.5546e-05 4.2335e-10 TSX
20170913 20180707 -8.8112e-06 4.3651e-10 TSX
20170924 20180319 -5.7262e-05 5.4536e-10 TSX
20171005 20171107 6.5284e-05 8.2506e-10 TSX
20171016 20180319 -1.2475e-05 5.7499e-10 TSX
20171027 20180911 -6.8099e-06 4.2336e-10 TSX
20171107 20171118 7.595e-05 9.8747e-10 TSX
20171118 20171129 4.8395e-05 9.8747e-10 TSX
20171129 20171221 -3.3606e-05 8.6428e-10 TSX
20171210 20180820 -3.8261e-05 4.6742e-10 TSX
20171221 20180911 1.7409e-05 4.5868e-10 TSX
20180112 20181003 2.3895e-05 4.5872e-10 TSX
20180319 20180707 -4.5423e-05 6.478e-10 TSX
20180707 20180911 0.0001248 7.4146e-10 TSX
20180729 20181003 3.1503e-05 7.4146e-10 TSX
20180820 20181003 0.0001087 7.9544e-10 TSX
20180911 20181003 -0.00014031 8.6428e-10 TSX
