20030427 20030914 -0.00027704 6.5356e-10 ERS2
20030914 20080629 3.3671e-05 3.8413e-10 ERS2
20050918 20090510 0.00011045 4.1253e-10 ERS2
20051127 20081116 0.00010726 4.1698e-10 ERS2
20060903 20090510 0.00011104 4.1366e-10 ERS2
20061231 20090105 -0.0001495 4.3386e-10 ALOS
20070402 20070703 -0.00022689 7.4107e-10 ALOS
20070518 20091008 -5.6483e-05 4.906e-10 ALOS
20070818 20071003 -0.00042325 8.1685e-10 ALOS
20071217 20100509 -0.00020172 4.2364e-10 ALOS
20080103 20100526 8.597e-05 4.3514e-10 ALOS
20080404 20080520 2.9424e-05 8.1685e-10 ALOS
20080618 20090921 -0.00010289 4.9208e-10 ALOS
20080629 20090510 -0.00041131 5.1918e-10 ERS2
20080705 20091008 6.2688e-05 4.8109e-10 ALOS
20080803 20090823 0.0002173 4.8875e-10 ERS2
20081116 20090823 9.9022e-05 5.3561e-10 ERS2
20081219 20090921 0.00026107 5.5331e-10 ALOS
20090105 20090708 7.6061e-05 6.3415e-10 ALOS
20090510 20091101 0.00043285 6.1391e-10 ERS2
20090708 20091008 0.0005139 7.4119e-10 ALOS
20090823 20091101 -0.00023584 7.6169e-10 ERS2
20091222 20100624 -0.00018709 6.3044e-10 ALOS
20100108 20100223 0.00020103 8.1887e-10 ALOS
20100223 20100526 0.00028359 7.6186e-10 ALOS
20100410 20100711 -4.8227e-05 7.409e-10 ALOS
20100509 20100624 0.00056593 8.1513e-10 ALOS
20100526 20100711 0.00033599 8.1687e-10 ALOS
20100624 20101109 0.0001241 6.7823e-10 ALOS
20100711 20101011 0.00015847 7.4121e-10 ALOS
20100809 20101109 -0.0001145 7.3874e-10 ALOS
20101011 20101126 7.7843e-05 8.1688e-10 ALOS
20110111 20110226 0.00061126 8.1685e-10 ALOS
20110924 20130715 8.6156e-05 4.6055e-10 TSX
20111005 20121229 -1.7382e-05 5.1017e-10 TSX
20111121 20171221 0.00013192 4.3351e-10 TSX
20111221 20130131 3.1853e-06 5.0055e-10 TSX
20111224 20121027 5.5892e-05 5.2545e-10 TSX
20120126 20140419 2.1284e-05 3.9522e-10 TSX
20120203 20160320 1.2992e-05 3.6951e-10 TSX
20120206 20171107 7.0965e-05 5.7459e-10 TSX
20120617 20171129 3.7736e-05 4.7604e-10 TSX
20120723 20160120 6.1139e-05 5.2739e-10 TSX
20121024 20130109 0.00014614 7.7103e-10 TSX
20121027 20151226 5.6146e-05 4.2754e-10 TSX
20121030 20130311 -6.6078e-07 6.7541e-10 TSX
20121107 20171118 0.0001235 4.3701e-10 TSX
20121221 20160208 7.8534e-05 4.4345e-10 TSX
20121224 20130516 -2.7288e-06 6.623e-10 TSX
20121229 20130407 -1.6462e-05 7.3424e-10 TSX
20130104 20130217 -4.9832e-05 8.139e-10 TSX
20130109 20130715 7.2953e-05 6.4252e-10 TSX
20130112 20140511 5.179e-05 4.6165e-10 TSX
20130115 20130721 -0.00011834 6.2502e-10 TSX
20130126 20130823 -0.0001107 5.9817e-10 TSX
20130131 20130429 -6.6439e-06 7.5062e-10 TSX
20130203 20130729 -7.0107e-06 6.2144e-10 TSX
20130211 20130919 7.4719e-05 6.012e-10 TSX
20130228 20141209 4.278e-05 4.4738e-10 TSX
20130311 20130801 -1.5627e-05 6.6128e-10 TSX
20130316 20130623 2.0128e-06 7.3406e-10 TSX
20130402 20150122 4.6912e-05 4.3055e-10 TSX
20130407 20140530 -1.77e-05 5.1665e-10 TSX
20130421 20171016 6.3312e-05 3.836e-10 TSX
20130424 20130721 -0.00017014 7.3705e-10 TSX
20130429 20130623 -7.7592e-05 8.0344e-10 TSX
20130505 20131028 -0.00044697 6.2014e-10 TSX
20130513 20151112 6.5946e-05 4.7446e-10 TSX
20130516 20131017 -0.00017475 6.4683e-10 TSX
20130521 20130715 0.00033221 8.0344e-10 TSX
20130524 20171129 0.00010463 4.0046e-10 TSX
20130527 20140627 2.9943e-05 4.9429e-10 TSX
20130601 20130930 0.0004168 7.0389e-10 TSX
20130604 20141217 8.7035e-05 4.5206e-10 TSX
20130607 20140719 6.1911e-05 4.9321e-10 TSX
20130612 20150105 -1.9123e-05 4.882e-10 TSX
20130615 20160106 5.9946e-05 4.9042e-10 TSX
20130618 20140708 4.3566e-05 5.0124e-10 TSX
20130623 20130715 0.00070475 8.8135e-10 TSX
20130629 20130914 0.00037839 7.5468e-10 TSX
20130707 20150130 5.1234e-05 4.4794e-10 TSX
20130710 20140901 5.0898e-05 4.9189e-10 TSX
20130715 20130726 -0.0024715 1.0235e-09 TSX
20130721 20131108 0.00064606 7.0261e-10 TSX
20130726 20150517 -4.0304e-06 4.3999e-10 TSX
20130729 20160904 2.7822e-05 3.8328e-10 TSX
20130801 20151115 3.4237e-05 4.6046e-10 TSX
20130817 20140209 -6.0786e-05 6.4198e-10 TSX
20130828 20150312 9.4622e-06 4.5988e-10 TSX
20130903 20150329 -0.00011789 4.0543e-10 TSX
20130919 20160309 -1.0383e-05 4.487e-10 TSX
20130925 20140708 -2.9998e-05 5.331e-10 TSX
20130930 20160411 -8.2841e-05 4.0017e-10 TSX
20131011 20150802 -1.6303e-05 4.3968e-10 TSX
20131017 20140719 -4.2051e-05 5.4104e-10 TSX
20131028 20160304 2.7079e-05 4.0392e-10 TSX
20131102 20140519 -4.7378e-05 6.2128e-10 TSX
20131108 20140708 -1.5381e-05 5.6183e-10 TSX
20140209 20160309 1.375e-05 4.3978e-10 TSX
20140223 20140829 9.0843e-05 6.1029e-10 TSX
20140408 20140705 -3.1938e-05 7.3532e-10 TSX
20140419 20170913 0.00011498 4.9146e-10 TSX
20140511 20141228 3.8915e-05 5.7243e-10 TSX
20140519 20150824 -7.8085e-06 4.8256e-10 TSX
20140624 20171005 9.6257e-05 3.9804e-10 TSX
20140627 20151115 -3.745e-06 4.6916e-10 TSX
20140705 20180911 6.5537e-05 3.7446e-10 TSX
20140708 20160406 4.603e-05 4.205e-10 TSX
20140716 20171005 8.0408e-05 3.9628e-10 TSX
20140719 20151207 3.7662e-05 4.6661e-10 TSX
20140727 20150326 1.3629e-05 5.6455e-10 TSX
20140810 20150122 8.4443e-06 6.3208e-10 TSX
20140818 20160301 6.1605e-05 4.2556e-10 TSX
20140829 20160208 7.7026e-05 4.3261e-10 TSX
20140901 20140912 -0.00029164 9.7965e-10 TSX
20140912 20141209 -1.7545e-05 7.3714e-10 TSX
20140920 20170902 0.00012988 3.8951e-10 TSX
20141209 20160211 -5.8599e-05 4.7722e-10 TSX
20141217 20160722 7.0918e-05 4.2675e-10 TSX
20141228 20160106 7.1171e-05 4.8358e-10 TSX
20141231 20151024 5.9548e-05 5.2832e-10 TSX
20150105 20150824 -2.0346e-05 5.9201e-10 TSX
20150108 20170811 9.3304e-05 4.1379e-10 TSX
20150119 20160117 0.00012238 4.8897e-10 TSX
20150127 20160411 1.7166e-05 4.9542e-10 TSX
20150130 20151112 4.4583e-05 5.2753e-10 TSX
20150210 20170114 9.193e-05 4.0336e-10 TSX
20150213 20160326 1.3456e-05 4.6777e-10 TSX
20150218 20160216 -1.2755e-06 5.1427e-10 TSX
20150221 20180112 9.5788e-05 4.3061e-10 TSX
20150304 20180911 0.00010685 4.6623e-10 TSX
20150307 20160211 3.9021e-06 5.1022e-10 TSX
20150312 20160320 -2.8094e-05 5.1193e-10 TSX
20150326 20150827 0.00011759 6.4161e-10 TSX
20150329 20151207 3.0226e-05 5.5811e-10 TSX
20150428 20160425 6.0746e-05 4.8773e-10 TSX
20150509 20150827 8.7114e-05 7.004e-10 TSX
20150517 20150824 4.0888e-05 7.3405e-10 TSX
20150520 20180911 4.8834e-05 3.9908e-10 TSX
20150714 20170822 0.0001011 4.3839e-10 TSX
20150725 20170924 7.6126e-05 4.1495e-10 TSX
20150802 20160309 -6.5817e-05 6.0147e-10 TSX
20150805 20160403 -6.7772e-05 5.6497e-10 TSX
20150816 20171107 8.0244e-05 4.2429e-10 TSX
20150824 20150915 0.00069886 8.8124e-10 TSX
20150827 20170902 6.0957e-05 4.4341e-10 TSX
20150915 20160216 -0.00011745 6.6393e-10 TSX
20151021 20160904 -4.5971e-05 5.1623e-10 TSX
20151101 20171016 4.7346e-05 4.197e-10 TSX
20151112 20160425 1.462e-05 6.3366e-10 TSX
20151115 20151229 0.00017046 8.1391e-10 TSX
20151123 20171221 3.8586e-05 5.5467e-10 TSX
20151204 20151215 0.00016493 9.8955e-10 TSX
20151207 20160406 -0.0001284 6.8874e-10 TSX
20151215 20170822 6.9981e-05 4.9928e-10 TSX
20151226 20161223 7.8405e-05 5.0168e-10 TSX
20151229 20160211 1.548e-05 8.1391e-10 TSX
20160106 20161223 3.7434e-05 5.057e-10 TSX
20160117 20160926 2.9955e-05 5.5488e-10 TSX
20160128 20160301 -0.0001504 8.3673e-10 TSX
20160208 20160312 -8.0449e-05 8.3673e-10 TSX
20160216 20160309 -0.00039269 8.8123e-10 TSX
20160219 20180319 6.3002e-05 4.1327e-10 TSX
20160301 20161201 7.2792e-05 5.4533e-10 TSX
20160304 20160326 2.8552e-05 8.6824e-10 TSX
20160312 20180319 9.2536e-05 4.2309e-10 TSX
20160320 20160411 0.00038904 8.8124e-10 TSX
20160323 20171118 6.7391e-05 4.2986e-10 TSX
20160326 20160406 -0.00050454 9.7958e-10 TSX
20160403 20171027 0.00011321 4.3456e-10 TSX
20160425 20170811 8.9823e-05 5.9136e-10 TSX
20160528 20160630 4.485e-05 8.3672e-10 TSX
20160630 20171118 9.7571e-05 4.4981e-10 TSX
20160722 20161201 9.5433e-05 6.7217e-10 TSX
20160904 20180707 6.8883e-05 4.3273e-10 TSX
20160915 20180911 1.067e-05 4.1356e-10 TSX
20160926 20170114 -3.6732e-07 7.0115e-10 TSX
20161201 20171027 2.3537e-05 5.1504e-10 TSX
20161223 20171107 7.3272e-05 5.0532e-10 TSX
20170114 20170902 2.5925e-05 5.6826e-10 TSX
20170811 20171005 -5.1132e-05 7.9282e-10 TSX
20170822 20180707 -8.1937e-05 5.2122e-10 TSX
20170913 20180707 -0.00011798 5.3083e-10 TSX
20170924 20180319 -7.7777e-05 6.2161e-10 TSX
20171005 20171107 4.5451e-05 8.3673e-10 TSX
20171016 20180319 -5.8533e-05 6.4566e-10 TSX
20171027 20180911 -7.8016e-05 5.2034e-10 TSX
20171107 20171118 7.8434e-05 9.8955e-10 TSX
20171118 20171129 6.0541e-05 9.8955e-10 TSX
20171129 20171221 2.2827e-07 8.703e-10 TSX
20171210 20180820 -0.00010836 5.5794e-10 TSX
20171221 20180911 -0.00016901 5.5008e-10 TSX
20180112 20181003 3.1118e-05 5.5024e-10 TSX
20180319 20180707 -0.00010075 7.013e-10 TSX
20180707 20180911 0.00018932 7.7291e-10 TSX
20180729 20181003 0.00010927 7.7291e-10 TSX
20180820 20181003 0.00020688 8.1362e-10 TSX
20180911 20181003 -0.00016856 8.703e-10 TSX
