20030427 20030914 -0.00061677 5.6757e-10 ERS2
20030914 20080629 -8.3985e-06 2.8726e-10 ERS2
20050918 20090510 -5.534e-06 3.0153e-10 ERS2
20051127 20081116 -4.8903e-05 3.0156e-10 ERS2
20060903 20090510 -7.2887e-05 3.0641e-10 ERS2
20061231 20090105 9.1294e-06 3.1188e-10 ALOS
20070402 20070703 -0.00013499 6.6628e-10 ALOS
20070518 20091008 -2.1623e-05 2.9653e-10 ALOS
20070818 20071003 -0.00048841 7.7571e-10 ALOS
20071217 20100509 -4.9957e-05 2.9945e-10 ALOS
20080103 20100526 -2.78e-06 2.9604e-10 ALOS
20080404 20080520 -3.183e-05 7.7572e-10 ALOS
20080618 20090921 1.2891e-05 3.7345e-10 ALOS
20080629 20090510 -0.00013888 4.1307e-10 ERS2
20080705 20091008 -0.00010834 3.6545e-10 ALOS
20080803 20090823 1.4986e-06 3.8318e-10 ERS2
20081116 20090823 -1.3207e-05 4.3286e-10 ERS2
20081219 20090921 -7.4292e-05 4.4608e-10 ALOS
20090105 20090708 -0.00017886 5.2809e-10 ALOS
20090510 20091101 -2.8105e-05 5.2058e-10 ERS2
20090708 20091008 -7.2782e-05 6.663e-10 ALOS
20090823 20091101 0.00043338 6.9873e-10 ERS2
20091222 20100624 -9.8875e-05 5.2542e-10 ALOS
20100108 20100223 -0.00034167 7.7578e-10 ALOS
20100223 20100526 -2.6535e-05 6.663e-10 ALOS
20100410 20100711 -5.6998e-05 6.6627e-10 ALOS
20100509 20100624 0.00071049 7.7368e-10 ALOS
20100526 20100711 0.00030227 7.7573e-10 ALOS
20100624 20101109 -0.00014127 5.84e-10 ALOS
20100711 20101011 -0.00037387 6.663e-10 ALOS
20100809 20101109 3.7127e-06 6.6364e-10 ALOS
20101011 20101126 0.00021847 7.7572e-10 ALOS
20110111 20110226 0.00046326 7.7571e-10 ALOS
20110924 20130715 1.7217e-06 3.2375e-10 TSX
20111005 20121229 -1.6398e-05 3.6829e-10 TSX
20111121 20171221 7.0826e-06 2.4816e-10 TSX
20111221 20130131 -7.8367e-06 3.851e-10 TSX
20111224 20121027 -1.8865e-05 4.1934e-10 TSX
20120126 20140419 4.8645e-06 2.8988e-10 TSX
20120203 20160320 -2.0237e-05 2.4489e-10 TSX
20120206 20171107 8.2708e-06 2.6206e-10 TSX
20120617 20171129 1.4552e-06 2.6439e-10 TSX
20120723 20160120 -2.0585e-05 2.6073e-10 TSX
20121024 20130109 0.00022379 7.0169e-10 TSX
20121027 20151226 8.4898e-06 2.6475e-10 TSX
20121030 20130311 1.9003e-05 5.8466e-10 TSX
20121107 20171118 -7.1893e-06 2.6181e-10 TSX
20121221 20160208 -1.36e-05 2.649e-10 TSX
20121224 20130516 -5.0455e-05 5.6851e-10 TSX
20121229 20130407 1.0242e-05 6.5611e-10 TSX
20130104 20130217 -5.0275e-05 7.7353e-10 TSX
20130109 20130715 4.8251e-06 5.2878e-10 TSX
20130112 20140511 -2.7895e-06 3.548e-10 TSX
20130115 20130721 -0.00010426 5.1396e-10 TSX
20130126 20130823 -0.00011354 4.9165e-10 TSX
20130131 20130429 2.8603e-05 6.7803e-10 TSX
20130203 20130729 -1.2581e-05 5.2314e-10 TSX
20130211 20130919 1.5813e-05 4.9592e-10 TSX
20130228 20141209 2.2331e-05 3.1312e-10 TSX
20130311 20130801 -3.6429e-05 5.6845e-10 TSX
20130316 20130623 2.0676e-05 6.5612e-10 TSX
20130402 20150122 3.9753e-05 2.9264e-10 TSX
20130407 20140530 -1.0664e-05 3.8044e-10 TSX
20130421 20171016 1.3472e-05 2.6856e-10 TSX
20130424 20130721 -0.00018701 6.6405e-10 TSX
20130429 20130623 -6.4875e-05 7.5453e-10 TSX
20130505 20131028 -0.00045003 5.268e-10 TSX
20130513 20151112 1.1069e-05 2.7619e-10 TSX
20130516 20131017 -0.00018766 5.534e-10 TSX
20130521 20130715 0.00021985 7.5455e-10 TSX
20130524 20171129 1.5584e-05 2.5992e-10 TSX
20130527 20140627 -8.5452e-06 3.8341e-10 TSX
20130601 20130930 7.1184e-05 6.1699e-10 TSX
20130604 20141217 3.0998e-06 3.398e-10 TSX
20130607 20140719 -3.3249e-06 3.7957e-10 TSX
20130612 20150105 3.665e-05 3.3896e-10 TSX
20130615 20160106 1.7615e-05 2.7433e-10 TSX
20130618 20140708 -1.4461e-05 3.8752e-10 TSX
20130623 20130715 0.00055431 8.6298e-10 TSX
20130629 20130914 0.0001175 6.8833e-10 TSX
20130707 20150130 1.0572e-05 3.3918e-10 TSX
20130710 20140901 6.5528e-06 3.7621e-10 TSX
20130715 20130726 -0.0023483 1.0123e-09 TSX
20130721 20131108 0.00059186 6.2105e-10 TSX
20130726 20150517 5.5605e-05 3.2237e-10 TSX
20130729 20160904 -2.8814e-05 2.6785e-10 TSX
20130801 20151115 1.3447e-05 2.8799e-10 TSX
20130817 20140209 -2.3639e-05 5.4098e-10 TSX
20130828 20150312 3.997e-05 3.4126e-10 TSX
20130903 20150329 -0.00013371 3.1253e-10 TSX
20130919 20160309 1.9727e-05 2.7452e-10 TSX
20130925 20140708 -2.4828e-05 4.3137e-10 TSX
20130930 20160411 -3.9487e-07 2.7059e-10 TSX
20131011 20150802 -1.2629e-06 3.2106e-10 TSX
20131017 20140719 -3.7145e-05 4.3881e-10 TSX
20131028 20160304 -7.483e-06 2.7792e-10 TSX
20131102 20140519 -9.6403e-05 5.1709e-10 TSX
20131108 20140708 -3.9308e-05 4.628e-10 TSX
20140209 20160309 4.1431e-05 3.0651e-10 TSX
20140223 20140829 9.1032e-06 5.1116e-10 TSX
20140408 20140705 8.3304e-06 6.6139e-10 TSX
20140419 20170913 1.1375e-05 2.7602e-10 TSX
20140511 20141228 -1.0704e-05 4.7011e-10 TSX
20140519 20150824 6.0927e-05 3.6405e-10 TSX
20140624 20171005 -5.3227e-06 2.673e-10 TSX
20140627 20151115 -2.9792e-05 3.3948e-10 TSX
20140705 20180911 -8.2232e-06 2.5414e-10 TSX
20140708 20160406 3.0442e-05 3.1261e-10 TSX
20140716 20171005 -2.7741e-07 2.7196e-10 TSX
20140719 20151207 8.5178e-06 3.3938e-10 TSX
20140727 20150326 1.0716e-05 4.6157e-10 TSX
20140810 20150122 5.9971e-05 5.3919e-10 TSX
20140818 20160301 -4.7757e-06 3.2594e-10 TSX
20140829 20160208 9.554e-06 3.3173e-10 TSX
20140901 20140912 -0.00027733 9.688e-10 TSX
20140912 20141209 9.4062e-06 6.6404e-10 TSX
20140920 20170902 4.2544e-06 2.718e-10 TSX
20141209 20160211 -1.8246e-05 3.6364e-10 TSX
20141217 20160722 -2.8937e-06 3.2021e-10 TSX
20141228 20160106 -3.993e-07 3.8207e-10 TSX
20141231 20151024 -3.2555e-07 4.2485e-10 TSX
20150105 20150824 1.3283e-05 4.861e-10 TSX
20150108 20170811 -1.0676e-05 2.8129e-10 TSX
20150119 20160117 1.1882e-05 3.8725e-10 TSX
20150127 20160411 2.6729e-05 3.7088e-10 TSX
20150130 20151112 7.12e-06 4.284e-10 TSX
20150210 20170114 2.8107e-06 2.9814e-10 TSX
20150213 20160326 5.8116e-06 3.73e-10 TSX
20150218 20160216 -4.1557e-06 4.0308e-10 TSX
20150221 20180112 4.3485e-05 2.6862e-10 TSX
20150304 20180911 2.4059e-06 2.6263e-10 TSX
20150307 20160211 2.1536e-05 4.008e-10 TSX
20150312 20160320 -5.7656e-05 3.978e-10 TSX
20150326 20150827 -1.1959e-05 5.4983e-10 TSX
20150329 20151207 -1.7675e-05 4.5489e-10 TSX
20150428 20160425 1.1229e-05 3.8711e-10 TSX
20150509 20150827 1.1323e-05 6.18e-10 TSX
20150517 20150824 -0.00010267 6.5611e-10 TSX
20150520 20180911 -8.4736e-06 2.7566e-10 TSX
20150714 20170822 8.3072e-07 2.9267e-10 TSX
20150725 20170924 6.2184e-06 2.9054e-10 TSX
20150802 20160309 -1.248e-05 4.9596e-10 TSX
20150805 20160403 4.3912e-05 4.6119e-10 TSX
20150816 20171107 3.7465e-06 2.8729e-10 TSX
20150824 20150915 0.00060678 8.6288e-10 TSX
20150827 20170902 8.2744e-06 2.9681e-10 TSX
20150915 20160216 -8.7374e-05 5.6819e-10 TSX
20151021 20160904 -1.3965e-05 4.126e-10 TSX
20151101 20171016 3.1765e-05 2.9979e-10 TSX
20151112 20160425 2.7782e-07 5.3613e-10 TSX
20151115 20151229 0.00014324 7.7353e-10 TSX
20151123 20171221 8.4541e-06 2.9517e-10 TSX
20151204 20151215 0.00013896 9.7978e-10 TSX
20151207 20160406 -8.5988e-06 6.0216e-10 TSX
20151215 20170822 1.2416e-05 3.1552e-10 TSX
20151226 20161223 -1.184e-05 3.9319e-10 TSX
20151229 20160211 1.9292e-05 7.7353e-10 TSX
20160106 20161223 5.5687e-06 3.9764e-10 TSX
20160117 20160926 -2.7906e-05 4.5286e-10 TSX
20160128 20160301 -0.00020362 8.0752e-10 TSX
20160208 20160312 -9.9706e-05 8.0752e-10 TSX
20160216 20160309 -0.00036091 8.6288e-10 TSX
20160219 20180319 1.6903e-05 2.9594e-10 TSX
20160301 20161201 2.8857e-05 4.3882e-10 TSX
20160304 20160326 7.4631e-05 8.4943e-10 TSX
20160312 20180319 3.2751e-05 3.0092e-10 TSX
20160320 20160411 0.0004275 8.6288e-10 TSX
20160323 20171118 3.4664e-06 3.165e-10 TSX
20160326 20160406 -0.00058703 9.6873e-10 TSX
20160403 20171027 2.7726e-05 3.2138e-10 TSX
20160425 20170811 6.4604e-07 3.4769e-10 TSX
20160528 20160630 2.3255e-05 8.0752e-10 TSX
20160630 20171118 -7.0036e-06 3.3983e-10 TSX
20160722 20161201 3.7265e-05 5.8141e-10 TSX
20160904 20180707 3.4266e-05 3.2197e-10 TSX
20160915 20180911 -2.6069e-06 2.9995e-10 TSX
20160926 20170114 3.431e-05 6.1806e-10 TSX
20161201 20171027 1.9449e-06 4.069e-10 TSX
20161223 20171107 2.3984e-05 4.091e-10 TSX
20170114 20170902 1.5576e-05 4.6894e-10 TSX
20170811 20171005 -5.798e-05 7.4166e-10 TSX
20170822 20180707 4.1545e-05 4.1348e-10 TSX
20170913 20180707 1.0836e-05 4.2531e-10 TSX
20170924 20180319 6.9166e-05 5.2323e-10 TSX
20171005 20171107 1.0551e-05 8.0752e-10 TSX
20171016 20180319 4.2132e-05 5.5013e-10 TSX
20171027 20180911 7.8535e-06 4.1354e-10 TSX
20171107 20171118 6.9169e-05 9.7978e-10 TSX
20171118 20171129 4.7717e-05 9.7978e-10 TSX
20171129 20171221 -1.1018e-05 8.5215e-10 TSX
20171210 20180820 2.321e-05 4.5333e-10 TSX
20171221 20180911 1.3457e-05 4.4584e-10 TSX
20180112 20181003 1.4453e-05 4.4576e-10 TSX
20180319 20180707 -2.7095e-05 6.1806e-10 TSX
20180707 20180911 3.1081e-05 7.127e-10 TSX
20180729 20181003 4.0714e-06 7.127e-10 TSX
20180820 20181003 0.00013754 7.7297e-10 TSX
20180911 20181003 -8.4766e-05 8.5215e-10 TSX
