20030427 20030914 6.2272e-05 5.6636e-10 ERS2
20030914 20080629 2.6329e-05 3.3285e-10 ERS2
20050918 20090510 -1.1728e-05 3.0161e-10 ERS2
20051127 20081116 7.4889e-05 3.0143e-10 ERS2
20060903 20090510 -5.4459e-05 3.0444e-10 ERS2
20061231 20090105 -0.00011312 3.3175e-10 ALOS
20070402 20070703 -0.00029258 6.6763e-10 ALOS
20070518 20091008 9.1874e-05 3.4483e-10 ALOS
20070818 20071003 -0.0003007 7.7564e-10 ALOS
20071217 20100509 6.8219e-06 3.0278e-10 ALOS
20080103 20100526 0.00013589 4.0443e-10 ALOS
20080404 20080520 -3.39e-05 7.7589e-10 ALOS
20080618 20090921 -9.0009e-05 3.7255e-10 ALOS
20080629 20090510 -0.00023051 4.1162e-10 ERS2
20080705 20091008 -0.00020906 3.6834e-10 ALOS
20080803 20090823 -6.3121e-06 3.8346e-10 ERS2
20081116 20090823 5.5736e-05 4.3211e-10 ERS2
20081219 20090921 0.00017946 4.5109e-10 ALOS
20090105 20090708 -0.00019895 5.3257e-10 ALOS
20090510 20091101 -3.7924e-05 5.2e-10 ERS2
20090708 20091008 0.00039529 6.6693e-10 ALOS
20090823 20091101 -1.9084e-05 6.9853e-10 ERS2
20091222 20100624 -5.3058e-05 5.29e-10 ALOS
20100108 20100223 0.00033512 7.7672e-10 ALOS
20100223 20100526 -0.00013873 6.6831e-10 ALOS
20100410 20100711 -8.7698e-05 6.6844e-10 ALOS
20100509 20100624 0.00058963 7.7356e-10 ALOS
20100526 20100711 0.00040108 7.7557e-10 ALOS
20100624 20101109 -0.00011742 5.8381e-10 ALOS
20100711 20101011 -0.00016387 6.6664e-10 ALOS
20100809 20101109 -3.5155e-05 6.6367e-10 ALOS
20101011 20101126 0.00031024 7.7561e-10 ALOS
20110111 20110226 0.00049103 7.7566e-10 ALOS
20110924 20130715 -1.9117e-05 3.278e-10 TSX
20111005 20121229 -1.7543e-05 3.7015e-10 TSX
20111121 20171221 -2.0761e-05 4.0048e-10 TSX
20111221 20130131 -6.372e-06 3.8533e-10 TSX
20111224 20121027 1.2593e-05 4.1955e-10 TSX
20120126 20140419 9.9664e-06 3.6284e-10 TSX
20120203 20160320 3.3889e-05 2.965e-10 TSX
20120206 20171107 7.9792e-06 3.9437e-10 TSX
20120617 20171129 2.0305e-05 4.3324e-10 TSX
20120723 20160120 1.7877e-05 3.3905e-10 TSX
20121024 20130109 0.00010038 7.0179e-10 TSX
20121027 20151226 9.6461e-06 3.7532e-10 TSX
20121030 20130311 1.5469e-06 5.8469e-10 TSX
20121107 20171118 3.7252e-05 3.9999e-10 TSX
20121221 20160208 3.5368e-05 3.936e-10 TSX
20121224 20130516 -1.3054e-05 5.6853e-10 TSX
20121229 20130407 3.103e-05 6.5624e-10 TSX
20130104 20130217 -7.2091e-06 7.7341e-10 TSX
20130109 20130715 -7.0105e-05 5.3199e-10 TSX
20130112 20140511 1.6274e-05 3.9534e-10 TSX
20130115 20130721 -3.471e-05 5.1453e-10 TSX
20130126 20130823 0.00026635 5.0523e-10 TSX
20130131 20130429 -2.705e-05 6.7816e-10 TSX
20130203 20130729 1.9611e-05 5.2585e-10 TSX
20130211 20130919 -1.5159e-05 4.9619e-10 TSX
20130228 20141209 5.525e-06 3.2746e-10 TSX
20130311 20130801 -5.0612e-06 5.6849e-10 TSX
20130316 20130623 1.1579e-05 6.5625e-10 TSX
20130402 20150122 0.00020745 4.4021e-10 TSX
20130407 20140530 -3.0691e-05 3.8063e-10 TSX
20130421 20171016 8.1719e-06 4.4625e-10 TSX
20130424 20130721 -6.5413e-05 6.6407e-10 TSX
20130429 20130623 -2.2787e-05 7.5449e-10 TSX
20130505 20131028 8.3361e-05 5.6582e-10 TSX
20130513 20151112 4.6494e-05 3.7254e-10 TSX
20130516 20131017 0.00020999 5.9308e-10 TSX
20130521 20130715 1.36e-06 7.5452e-10 TSX
20130524 20171129 2.0897e-05 3.2366e-10 TSX
20130527 20140627 2.9585e-05 3.8465e-10 TSX
20130601 20130930 -2.6363e-05 6.1711e-10 TSX
20130604 20141217 2.8411e-05 3.6756e-10 TSX
20130607 20140719 1.3673e-05 3.7928e-10 TSX
20130612 20150105 1.9259e-06 3.4749e-10 TSX
20130615 20160106 3.1845e-05 3.4607e-10 TSX
20130618 20140708 1.5669e-06 3.8955e-10 TSX
20130623 20130715 0.00055686 8.6269e-10 TSX
20130629 20130914 0.00014982 6.9903e-10 TSX
20130707 20150130 5.8892e-06 3.6216e-10 TSX
20130710 20140901 2.7966e-05 3.7668e-10 TSX
20130715 20130726 -0.0023386 1.012e-09 TSX
20130721 20131108 0.00032134 6.3719e-10 TSX
20130726 20150517 -1.9371e-05 3.3434e-10 TSX
20130729 20160904 2.5923e-05 3.6312e-10 TSX
20130801 20151115 2.3185e-05 3.3971e-10 TSX
20130817 20140209 4.0122e-05 5.4108e-10 TSX
20130828 20150312 1.3877e-05 3.5485e-10 TSX
20130903 20150329 -5.5152e-05 3.9276e-10 TSX
20130919 20160309 8.1232e-06 3.1559e-10 TSX
20130925 20140708 0.00011397 4.7774e-10 TSX
20130930 20160411 -7.0309e-07 3.1892e-10 TSX
20131011 20150802 -1.1083e-05 3.4413e-10 TSX
20131017 20140719 1.051e-05 4.538e-10 TSX
20131028 20160304 -3.3288e-05 3.5219e-10 TSX
20131102 20140519 2.465e-05 5.1721e-10 TSX
20131108 20140708 0.00015812 5.5911e-10 TSX
20140209 20160309 -1.7548e-05 3.588e-10 TSX
20140223 20140829 2.3101e-05 5.1114e-10 TSX
20140408 20140705 1.2914e-05 6.6127e-10 TSX
20140419 20170913 9.3899e-06 4.5142e-10 TSX
20140511 20141228 1.9935e-05 4.7116e-10 TSX
20140519 20150824 1.1316e-06 3.9113e-10 TSX
20140624 20171005 1.9974e-05 3.838e-10 TSX
20140627 20151115 2.5013e-05 3.7872e-10 TSX
20140705 20180911 2.7512e-05 3.8666e-10 TSX
20140708 20160406 -1.1485e-06 3.431e-10 TSX
20140716 20171005 4.3651e-05 3.3624e-10 TSX
20140719 20151207 -3.1202e-06 3.6859e-10 TSX
20140727 20150326 -3.3904e-05 4.6167e-10 TSX
20140810 20150122 5.128e-05 5.5046e-10 TSX
20140818 20160301 2.3165e-05 3.6564e-10 TSX
20140829 20160208 1.7113e-05 3.5781e-10 TSX
20140901 20140912 -0.00027057 9.6842e-10 TSX
20140912 20141209 -3.1744e-05 6.6408e-10 TSX
20140920 20170902 3.6024e-05 3.6326e-10 TSX
20141209 20160211 -2.2157e-07 3.8068e-10 TSX
20141217 20160722 7.7757e-06 3.6213e-10 TSX
20141228 20160106 3.5329e-05 4.2203e-10 TSX
20141231 20151024 -1.1091e-05 4.3454e-10 TSX
20150105 20150824 -2.063e-05 4.9837e-10 TSX
20150108 20170811 -1.5081e-06 3.7586e-10 TSX
20150119 20160117 4.3473e-05 4.2584e-10 TSX
20150127 20160411 1.7572e-05 3.915e-10 TSX
20150130 20151112 3.2114e-05 4.6414e-10 TSX
20150210 20170114 8.0598e-05 3.5551e-10 TSX
20150213 20160326 -9.1093e-05 4.5026e-10 TSX
20150218 20160216 -1.8538e-05 4.0925e-10 TSX
20150221 20180112 4.1317e-05 4.2889e-10 TSX
20150304 20180911 1.681e-05 3.8579e-10 TSX
20150307 20160211 2.055e-05 4.0743e-10 TSX
20150312 20160320 -1.6833e-05 4.0715e-10 TSX
20150326 20150827 6.6611e-05 5.6328e-10 TSX
20150329 20151207 -1.8794e-05 4.5738e-10 TSX
20150428 20160425 3.1607e-05 4.6891e-10 TSX
20150509 20150827 8.111e-05 6.4788e-10 TSX
20150517 20150824 -0.00015722 6.6009e-10 TSX
20150520 20180911 1.8729e-05 4.4604e-10 TSX
20150714 20170822 -6.864e-06 3.8704e-10 TSX
20150725 20170924 2.4478e-05 3.901e-10 TSX
20150802 20160309 -2.6959e-05 4.9599e-10 TSX
20150805 20160403 -4.1666e-05 4.7524e-10 TSX
20150816 20171107 1.7278e-05 3.5537e-10 TSX
20150824 20150915 0.00054969 8.626e-10 TSX
20150827 20170902 1.3548e-05 3.3255e-10 TSX
20150915 20160216 1.3054e-05 5.683e-10 TSX
20151021 20160904 -4.8302e-05 4.3562e-10 TSX
20151101 20171016 -1.0731e-05 3.5544e-10 TSX
20151112 20160425 -1.7529e-06 5.3616e-10 TSX
20151115 20151229 9.8249e-05 7.7341e-10 TSX
20151123 20171221 1.5613e-05 3.4639e-10 TSX
20151204 20151215 0.00017146 9.7839e-10 TSX
20151207 20160406 -4.1732e-05 6.0218e-10 TSX
20151215 20170822 6.1268e-05 3.4421e-10 TSX
20151226 20161223 1.8018e-05 3.9512e-10 TSX
20151229 20160211 1.029e-05 7.7341e-10 TSX
20160106 20161223 4.6547e-06 4.0398e-10 TSX
20160117 20160926 5.8003e-05 4.5786e-10 TSX
20160128 20160301 -0.00016058 8.0661e-10 TSX
20160208 20160312 -6.1137e-05 8.0661e-10 TSX
20160216 20160309 -0.00033295 8.626e-10 TSX
20160219 20180319 -9.5649e-06 3.4567e-10 TSX
20160301 20161201 7.451e-05 4.3916e-10 TSX
20160304 20160326 3.5577e-05 8.4911e-10 TSX
20160312 20180319 -1.5139e-05 3.622e-10 TSX
20160320 20160411 0.00035389 8.6261e-10 TSX
20160323 20171118 1.9962e-05 3.4867e-10 TSX
20160326 20160406 -0.0005034 9.6835e-10 TSX
20160403 20171027 5.6521e-05 3.9681e-10 TSX
20160425 20170811 5.4771e-05 3.9729e-10 TSX
20160528 20160630 -2.6982e-05 8.0661e-10 TSX
20160630 20171118 4.6612e-05 3.5966e-10 TSX
20160722 20161201 0.00014086 5.8133e-10 TSX
20160904 20180707 4.1434e-06 3.357e-10 TSX
20160915 20180911 -2.7706e-05 3.2606e-10 TSX
20160926 20170114 7.8014e-05 6.1812e-10 TSX
20161201 20171027 -1.2512e-05 4.0795e-10 TSX
20161223 20171107 1.0859e-05 4.3344e-10 TSX
20170114 20170902 -5.8974e-05 4.7112e-10 TSX
20170811 20171005 -3.5219e-05 7.4125e-10 TSX
20170822 20180707 -7.2229e-05 4.1378e-10 TSX
20170913 20180707 -8.3515e-05 4.2435e-10 TSX
20170924 20180319 -6.855e-05 5.232e-10 TSX
20171005 20171107 5.9449e-05 8.0661e-10 TSX
20171016 20180319 -5.4102e-05 5.5008e-10 TSX
20171027 20180911 -3.5066e-05 4.1382e-10 TSX
20171107 20171118 7.762e-05 9.7839e-10 TSX
20171118 20171129 5.6323e-05 9.7839e-10 TSX
20171129 20171221 -3.2873e-05 8.5096e-10 TSX
20171210 20180820 -4.8203e-05 4.533e-10 TSX
20171221 20180911 -3.0604e-05 4.456e-10 TSX
20180112 20181003 -7.9175e-06 4.4548e-10 TSX
20180319 20180707 -5.3849e-05 6.1797e-10 TSX
20180707 20180911 0.00016833 7.1244e-10 TSX
20180729 20181003 3.8089e-05 7.1244e-10 TSX
20180820 20181003 0.00013822 7.7234e-10 TSX
20180911 20181003 -0.00013171 8.5096e-10 TSX
