20030427 20030914 -3.9535e-05 5.6465e-10 ERS2
20030914 20080629 -5.492e-05 2.7452e-10 ERS2
20050918 20090510 0.00016629 3.0433e-10 ERS2
20051127 20081116 -0.00018163 3.0786e-10 ERS2
20060903 20090510 -2.9601e-05 3.1091e-10 ERS2
20061231 20090105 0.00011095 3.1704e-10 ALOS
20070402 20070703 -0.00012926 6.6784e-10 ALOS
20070518 20091008 6.8904e-05 3.3232e-10 ALOS
20070818 20071003 -0.00030367 7.7536e-10 ALOS
20071217 20100509 1.8554e-05 3.1829e-10 ALOS
20080103 20100526 -0.00011292 3.3676e-10 ALOS
20080404 20080520 5.427e-05 7.7552e-10 ALOS
20080618 20090921 2.1619e-05 3.7319e-10 ALOS
20080629 20090510 -4.4919e-05 4.1549e-10 ERS2
20080705 20091008 0.00018925 3.6459e-10 ALOS
20080803 20090823 -1.351e-05 3.8305e-10 ERS2
20081116 20090823 3.7548e-05 4.3192e-10 ERS2
20081219 20090921 -8.9606e-05 4.468e-10 ALOS
20090105 20090708 -0.00012631 5.2942e-10 ALOS
20090510 20091101 0.00030914 5.2148e-10 ERS2
20090708 20091008 0.00045996 6.6607e-10 ALOS
20090823 20091101 -0.00023428 6.9853e-10 ERS2
20091222 20100624 -0.00013863 5.2849e-10 ALOS
20100108 20100223 -0.00055619 7.7712e-10 ALOS
20100223 20100526 -0.00016452 6.669e-10 ALOS
20100410 20100711 -0.00017809 6.6744e-10 ALOS
20100509 20100624 0.00060511 7.7334e-10 ALOS
20100526 20100711 0.00043456 7.7537e-10 ALOS
20100624 20101109 -1.913e-05 5.8397e-10 ALOS
20100711 20101011 0.00020009 6.6625e-10 ALOS
20100809 20101109 9.9815e-05 6.6352e-10 ALOS
20101011 20101126 -2.4742e-05 7.7536e-10 ALOS
20110111 20110226 0.00060083 7.7535e-10 ALOS
20110924 20130715 1.387e-05 3.2315e-10 TSX
20111005 20121229 2.4045e-05 3.7172e-10 TSX
20111121 20171221 1.3287e-05 3.7964e-10 TSX
20111221 20130131 1.2705e-06 3.8524e-10 TSX
20111224 20121027 0.0001048 4.1931e-10 TSX
20120126 20140419 6.5119e-05 3.363e-10 TSX
20120203 20160320 -1.05e-05 3.3678e-10 TSX
20120206 20171107 4.1076e-05 5.4104e-10 TSX
20120617 20171129 1.2174e-05 3.7794e-10 TSX
20120723 20160120 7.4231e-05 3.6536e-10 TSX
20121024 20130109 0.00010028 7.0155e-10 TSX
20121027 20151226 6.7093e-05 4.3321e-10 TSX
20121030 20130311 -5.9675e-05 5.8465e-10 TSX
20121107 20171118 8.0277e-05 4.2776e-10 TSX
20121221 20160208 8.424e-05 4.0975e-10 TSX
20121224 20130516 -8.6839e-05 5.6848e-10 TSX
20121229 20130407 -4.1328e-05 6.5604e-10 TSX
20130104 20130217 -7.6075e-05 7.7326e-10 TSX
20130109 20130715 1.0419e-05 5.3637e-10 TSX
20130112 20140511 6.5129e-05 3.5749e-10 TSX
20130115 20130721 -2.3361e-06 5.1415e-10 TSX
20130126 20130823 0.00014854 5.1249e-10 TSX
20130131 20130429 -4.2584e-05 6.7794e-10 TSX
20130203 20130729 0.00011876 5.231e-10 TSX
20130211 20130919 0.00012499 4.9581e-10 TSX
20130228 20141209 5.0535e-05 3.6475e-10 TSX
20130311 20130801 0.00010205 5.6844e-10 TSX
20130316 20130623 -2.1504e-05 6.5604e-10 TSX
20130402 20150122 0.00011861 4.023e-10 TSX
20130407 20140530 -1.2029e-05 3.8086e-10 TSX
20130421 20171016 3.0522e-05 3.4256e-10 TSX
20130424 20130721 -3.3597e-05 6.64e-10 TSX
20130429 20130623 -6.7917e-05 7.5421e-10 TSX
20130505 20131028 -0.0003068 5.8146e-10 TSX
20130513 20151112 0.00013705 3.6996e-10 TSX
20130516 20131017 0.00016243 6.0674e-10 TSX
20130521 20130715 0.0002441 7.5423e-10 TSX
20130524 20171129 4.3144e-05 4.5329e-10 TSX
20130527 20140627 3.9129e-05 3.8359e-10 TSX
20130601 20130930 0.00026276 6.1694e-10 TSX
20130604 20141217 8.5929e-05 3.7336e-10 TSX
20130607 20140719 6.6235e-05 3.7994e-10 TSX
20130612 20150105 -1.5125e-05 3.4206e-10 TSX
20130615 20160106 0.00012229 4.5857e-10 TSX
20130618 20140708 4.4754e-05 3.8816e-10 TSX
20130623 20130715 0.00067929 8.6226e-10 TSX
20130629 20130914 9.7073e-05 7.041e-10 TSX
20130707 20150130 7.1705e-05 3.4947e-10 TSX
20130710 20140901 4.1079e-05 3.7639e-10 TSX
20130715 20130726 -0.0023265 1.0115e-09 TSX
20130721 20131108 0.00049348 6.4061e-10 TSX
20130726 20150517 -2.9202e-05 3.5457e-10 TSX
20130729 20160904 0.00010367 3.5912e-10 TSX
20130801 20151115 9.5393e-06 3.9671e-10 TSX
20130817 20140209 2.3029e-05 5.4095e-10 TSX
20130828 20150312 1.2843e-05 3.5237e-10 TSX
20130903 20150329 -4.8778e-05 4.155e-10 TSX
20130919 20160309 7.0529e-05 3.7072e-10 TSX
20130925 20140708 3.809e-06 4.9592e-10 TSX
20130930 20160411 4.4248e-05 3.2868e-10 TSX
20131011 20150802 3.9155e-05 3.9092e-10 TSX
20131017 20140719 -5.4871e-05 4.8902e-10 TSX
20131028 20160304 5.5114e-05 3.6552e-10 TSX
20131102 20140519 -0.00016955 5.1711e-10 TSX
20131108 20140708 0.00011235 5.1013e-10 TSX
20140209 20160309 -5.395e-06 4.0644e-10 TSX
20140223 20140829 6.2996e-05 5.1111e-10 TSX
20140408 20140705 -5.9853e-06 6.6124e-10 TSX
20140419 20170913 -1.4242e-05 4.0566e-10 TSX
20140511 20141228 0.00013568 4.7217e-10 TSX
20140519 20150824 8.254e-05 3.8286e-10 TSX
20140624 20171005 0.00015693 3.5804e-10 TSX
20140627 20151115 4.8598e-05 4.2713e-10 TSX
20140705 20180911 -2.1126e-05 4.1836e-10 TSX
20140708 20160406 3.9619e-05 4.1816e-10 TSX
20140716 20171005 0.00018754 3.5744e-10 TSX
20140719 20151207 1.7254e-05 3.8658e-10 TSX
20140727 20150326 2.3113e-05 4.6072e-10 TSX
20140810 20150122 -3.0788e-05 5.4326e-10 TSX
20140818 20160301 0.00011071 4.5736e-10 TSX
20140829 20160208 7.5237e-05 5.1127e-10 TSX
20140901 20140912 -0.00030206 9.6807e-10 TSX
20140912 20141209 -2.4451e-05 6.64e-10 TSX
20140920 20170902 0.00013378 4.933e-10 TSX
20141209 20160211 5.0349e-05 4.1019e-10 TSX
20141217 20160722 0.00010192 4.687e-10 TSX
20141228 20160106 0.00013884 4.3461e-10 TSX
20141231 20151024 0.00013181 4.3346e-10 TSX
20150105 20150824 4.82e-06 5.0199e-10 TSX
20150108 20170811 0.00017476 4.46e-10 TSX
20150119 20160117 0.0001681 4.3782e-10 TSX
20150127 20160411 6.8457e-05 4.0097e-10 TSX
20150130 20151112 0.00013362 4.4618e-10 TSX
20150210 20170114 0.00014118 4.3374e-10 TSX
20150213 20160326 -4.4065e-05 4.6035e-10 TSX
20150218 20160216 0.00010372 4.1818e-10 TSX
20150221 20180112 9.3314e-05 5.2541e-10 TSX
20150304 20180911 3.8216e-05 5.5809e-10 TSX
20150307 20160211 0.00011422 4.237e-10 TSX
20150312 20160320 3.4728e-05 4.0392e-10 TSX
20150326 20150827 0.00023036 5.5382e-10 TSX
20150329 20151207 0.00012162 4.583e-10 TSX
20150428 20160425 0.00021477 4.0735e-10 TSX
20150509 20150827 0.00027655 6.2535e-10 TSX
20150517 20150824 0.00013415 6.5688e-10 TSX
20150520 20180911 1.6364e-05 4.9189e-10 TSX
20150714 20170822 0.00016502 4.2791e-10 TSX
20150725 20170924 4.4133e-05 4.3466e-10 TSX
20150802 20160309 -8.4762e-06 4.9987e-10 TSX
20150805 20160403 7.7053e-05 4.8927e-10 TSX
20150816 20171107 0.0001578 3.6811e-10 TSX
20150824 20150915 0.00077098 8.6217e-10 TSX
20150827 20170902 0.00013141 3.8611e-10 TSX
20150915 20160216 -9.7103e-05 5.7119e-10 TSX
20151021 20160904 7.4631e-05 4.5441e-10 TSX
20151101 20171016 9.6085e-05 4.0111e-10 TSX
20151112 20160425 3.9628e-05 5.4287e-10 TSX
20151115 20151229 0.00016907 7.7326e-10 TSX
20151123 20171221 1.7175e-05 3.8663e-10 TSX
20151204 20151215 0.00017092 9.7815e-10 TSX
20151207 20160406 -7.44e-05 6.0217e-10 TSX
20151215 20170822 0.00014209 4.8754e-10 TSX
20151226 20161223 0.00016573 4.052e-10 TSX
20151229 20160211 1.2628e-05 7.7326e-10 TSX
20160106 20161223 0.00018059 4.0975e-10 TSX
20160117 20160926 0.00017745 4.7606e-10 TSX
20160128 20160301 -0.00016253 8.0657e-10 TSX
20160208 20160312 -8.7554e-05 8.0657e-10 TSX
20160216 20160309 -0.00040017 8.6217e-10 TSX
20160219 20180319 8.9461e-05 4.1574e-10 TSX
20160301 20161201 0.00025955 4.5336e-10 TSX
20160304 20160326 -1.3117e-05 8.4886e-10 TSX
20160312 20180319 5.6071e-05 4.4001e-10 TSX
20160320 20160411 0.0003956 8.6218e-10 TSX
20160323 20171118 0.00017476 4.0117e-10 TSX
20160326 20160406 -0.0004996 9.68e-10 TSX
20160403 20171027 0.00017862 4.4544e-10 TSX
20160425 20170811 0.00021062 4.3363e-10 TSX
20160528 20160630 6.4107e-05 8.0657e-10 TSX
20160630 20171118 0.00022219 3.6802e-10 TSX
20160722 20161201 0.0003753 5.8131e-10 TSX
20160904 20180707 -3.4324e-05 3.6219e-10 TSX
20160915 20180911 -4.3931e-05 3.6039e-10 TSX
20160926 20170114 6.9379e-05 6.1899e-10 TSX
20161201 20171027 6.3437e-05 4.3239e-10 TSX
20161223 20171107 0.00014375 4.4572e-10 TSX
20170114 20170902 0.00013842 4.8536e-10 TSX
20170811 20171005 -2.8562e-05 7.4123e-10 TSX
20170822 20180707 -0.00022327 4.1381e-10 TSX
20170913 20180707 -0.00027725 4.2998e-10 TSX
20170924 20180319 -0.00016234 5.2317e-10 TSX
20171005 20171107 6.4423e-05 8.0657e-10 TSX
20171016 20180319 -0.00014144 5.5007e-10 TSX
20171027 20180911 -0.00022697 4.1379e-10 TSX
20171107 20171118 9.2842e-05 9.7815e-10 TSX
20171118 20171129 5.2293e-05 9.7815e-10 TSX
20171129 20171221 -1.1779e-05 8.5084e-10 TSX
20171210 20180820 -0.00024471 4.5338e-10 TSX
20171221 20180911 -0.0003169 4.4569e-10 TSX
20180112 20181003 -0.00018777 4.4724e-10 TSX
20180319 20180707 -0.00027579 6.1796e-10 TSX
20180707 20180911 0.00025293 7.1242e-10 TSX
20180729 20181003 1.1405e-05 7.1242e-10 TSX
20180820 20181003 0.00010848 7.7233e-10 TSX
20180911 20181003 -0.00021689 8.5084e-10 TSX
