20030427 20030914 -0.00047122 5.6639e-10 ERS2
20030914 20080629 8.6788e-05 2.8257e-10 ERS2
20050918 20090510 0.00010897 3.0109e-10 ERS2
20051127 20081116 5.2985e-05 2.9858e-10 ERS2
20060903 20090510 -0.00020663 3.1885e-10 ERS2
20061231 20090105 2.5629e-06 3.1861e-10 ALOS
20070402 20070703 -9.8874e-05 6.6656e-10 ALOS
20070518 20091008 8.3225e-05 3.0926e-10 ALOS
20070818 20071003 -0.00030201 7.7665e-10 ALOS
20071217 20100509 9.8918e-05 3.0307e-10 ALOS
20080103 20100526 9.4295e-05 3.036e-10 ALOS
20080404 20080520 0.00015158 7.7666e-10 ALOS
20080618 20090921 1.1295e-05 3.7255e-10 ALOS
20080629 20090510 -0.00018327 4.1604e-10 ERS2
20080705 20091008 0.00017925 3.6559e-10 ALOS
20080803 20090823 -9.2979e-05 3.8327e-10 ERS2
20081116 20090823 0.00010175 4.3218e-10 ERS2
20081219 20090921 0.00039089 4.4604e-10 ALOS
20090105 20090708 9.8741e-05 5.3358e-10 ALOS
20090510 20091101 7.1018e-05 5.2155e-10 ERS2
20090708 20091008 0.00068865 6.6656e-10 ALOS
20090823 20091101 -0.00025921 6.9885e-10 ERS2
20091222 20100624 0.00015466 5.308e-10 ALOS
20100108 20100223 0.00038935 7.7707e-10 ALOS
20100223 20100526 0.00010735 6.6689e-10 ALOS
20100410 20100711 1.1514e-05 6.6607e-10 ALOS
20100509 20100624 0.00057219 7.7459e-10 ALOS
20100526 20100711 0.00039406 7.7672e-10 ALOS
20100624 20101109 0.00010091 5.8401e-10 ALOS
20100711 20101011 0.00045374 6.6645e-10 ALOS
20100809 20101109 -0.0001468 6.6375e-10 ALOS
20101011 20101126 -3.6364e-06 7.7671e-10 ALOS
20110111 20110226 0.00062991 7.7666e-10 ALOS
20110924 20130715 0.00011865 3.2774e-10 TSX
20111005 20121229 2.5754e-05 3.7442e-10 TSX
20111121 20171221 9.4e-05 3.7469e-10 TSX
20111221 20130131 5.9763e-05 3.85e-10 TSX
20111224 20121027 0.00011714 4.1945e-10 TSX
20120126 20140419 -9.8493e-05 3.0965e-10 TSX
20120203 20160320 6.1208e-05 2.8226e-10 TSX
20120206 20171107 2.1664e-05 3.9477e-10 TSX
20120617 20171129 6.0865e-05 3.4367e-10 TSX
20120723 20160120 3.4091e-05 3.4247e-10 TSX
20121024 20130109 0.00022916 7.0207e-10 TSX
20121027 20151226 8.5839e-05 3.5271e-10 TSX
20121030 20130311 4.656e-05 5.847e-10 TSX
20121107 20171118 5.5346e-05 3.849e-10 TSX
20121221 20160208 0.00017658 3.2606e-10 TSX
20121224 20130516 -2.4596e-05 5.6865e-10 TSX
20121229 20130407 -4.0122e-05 6.5621e-10 TSX
20130104 20130217 -5.2903e-05 7.7436e-10 TSX
20130109 20130715 0.00013388 5.3029e-10 TSX
20130112 20140511 6.2248e-05 3.5933e-10 TSX
20130115 20130721 -0.00010878 5.1438e-10 TSX
20130126 20130823 -0.00013398 4.9268e-10 TSX
20130131 20130429 -2.0264e-05 6.7824e-10 TSX
20130203 20130729 9.2553e-05 5.2335e-10 TSX
20130211 20130919 3.6928e-05 4.9628e-10 TSX
20130228 20141209 4.2201e-05 3.3181e-10 TSX
20130311 20130801 -8.6192e-06 5.6896e-10 TSX
20130316 20130623 4.4055e-06 6.5634e-10 TSX
20130402 20150122 0.00011873 3.1767e-10 TSX
20130407 20140530 -3.5903e-05 3.8112e-10 TSX
20130421 20171016 3.8008e-05 3.8337e-10 TSX
20130424 20130721 -6.9658e-05 6.6438e-10 TSX
20130429 20130623 -4.1876e-05 7.5544e-10 TSX
20130505 20131028 -0.0004487 5.308e-10 TSX
20130513 20151112 0.00020137 3.3197e-10 TSX
20130516 20131017 -0.00016201 5.586e-10 TSX
20130521 20130715 0.00044553 7.5546e-10 TSX
20130524 20171129 8.6581e-05 3.7376e-10 TSX
20130527 20140627 8.7314e-05 3.8387e-10 TSX
20130601 20130930 0.0004118 6.1709e-10 TSX
20130604 20141217 9.0853e-05 3.4482e-10 TSX
20130607 20140719 6.5674e-05 3.8174e-10 TSX
20130612 20150105 1.5891e-05 3.4339e-10 TSX
20130615 20160106 5.912e-05 3.3236e-10 TSX
20130618 20140708 3.0235e-05 3.8918e-10 TSX
20130623 20130715 0.00075134 8.6427e-10 TSX
20130629 20130914 0.00038368 6.8904e-10 TSX
20130707 20150130 6.4712e-05 3.4145e-10 TSX
20130710 20140901 1.9639e-05 3.7679e-10 TSX
20130715 20130726 -0.0025336 1.0135e-09 TSX
20130721 20131108 0.00062887 6.2109e-10 TSX
20130726 20150517 7.878e-05 3.2796e-10 TSX
20130729 20160904 3.1093e-05 3.021e-10 TSX
20130801 20151115 5.0038e-05 3.026e-10 TSX
20130817 20140209 -0.00013439 5.4098e-10 TSX
20130828 20150312 3.8054e-05 3.4368e-10 TSX
20130903 20150329 -1.4729e-05 3.3684e-10 TSX
20130919 20160309 4.2651e-05 2.9873e-10 TSX
20130925 20140708 -3.1219e-05 4.3146e-10 TSX
20130930 20160411 -3.7576e-05 3.0638e-10 TSX
20131011 20150802 -9.4753e-06 3.2402e-10 TSX
20131017 20140719 3.5542e-05 4.3881e-10 TSX
20131028 20160304 -1.8319e-05 3.2522e-10 TSX
20131102 20140519 -9.4361e-05 5.1714e-10 TSX
20131108 20140708 -6.3448e-05 4.6339e-10 TSX
20140209 20160309 9.1804e-05 3.0884e-10 TSX
20140223 20140829 0.00015546 5.1111e-10 TSX
20140408 20140705 -6.5791e-06 6.6137e-10 TSX
20140419 20170913 0.00014406 3.7296e-10 TSX
20140511 20141228 8.0579e-05 4.6997e-10 TSX
20140519 20150824 4.3211e-05 3.6427e-10 TSX
20140624 20171005 0.00018225 3.3677e-10 TSX
20140627 20151115 5.6724e-05 3.4151e-10 TSX
20140705 20180911 9.6385e-05 3.3227e-10 TSX
20140708 20160406 6.9214e-05 3.2304e-10 TSX
20140716 20171005 3.0067e-05 3.3581e-10 TSX
20140719 20151207 8.9086e-05 3.5098e-10 TSX
20140727 20150326 7.3298e-06 4.6156e-10 TSX
20140810 20150122 7.6337e-05 5.3923e-10 TSX
20140818 20160301 0.00014814 3.4183e-10 TSX
20140829 20160208 0.00015317 3.5362e-10 TSX
20140901 20140912 -0.00029048 9.6971e-10 TSX
20140912 20141209 4.9038e-05 6.6421e-10 TSX
20140920 20170902 6.1933e-05 3.1526e-10 TSX
20141209 20160211 5.2007e-05 3.6558e-10 TSX
20141217 20160722 0.00014485 3.4211e-10 TSX
20141228 20160106 0.00016282 3.8721e-10 TSX
20141231 20151024 0.0001054 4.2599e-10 TSX
20150105 20150824 -2.1269e-05 4.8653e-10 TSX
20150108 20170811 0.00023803 3.3154e-10 TSX
20150119 20160117 0.00018046 3.8908e-10 TSX
20150127 20160411 7.7783e-05 3.7565e-10 TSX
20150130 20151112 0.0001587 4.3022e-10 TSX
20150210 20170114 0.00018322 3.552e-10 TSX
20150213 20160326 0.00014366 3.8452e-10 TSX
20150218 20160216 7.4748e-05 4.0257e-10 TSX
20150221 20180112 8.2045e-05 3.0695e-10 TSX
20150304 20180911 7.4621e-05 3.2343e-10 TSX
20150307 20160211 9.546e-05 4.0162e-10 TSX
20150312 20160320 2.9469e-05 3.9826e-10 TSX
20150326 20150827 0.00023971 5.4997e-10 TSX
20150329 20151207 0.00015301 4.5557e-10 TSX
20150428 20160425 0.00016905 3.9528e-10 TSX
20150509 20150827 0.00020649 6.213e-10 TSX
20150517 20150824 0.00012171 6.5654e-10 TSX
20150520 20180911 0.00019339 2.9324e-10 TSX
20150714 20170822 0.00021454 3.3586e-10 TSX
20150725 20170924 0.00018332 3.432e-10 TSX
20150802 20160309 1.1292e-05 4.9646e-10 TSX
20150805 20160403 -1.6319e-05 4.665e-10 TSX
20150816 20171107 0.00015586 3.3738e-10 TSX
20150824 20150915 0.00072202 8.6411e-10 TSX
20150827 20170902 0.00014798 3.3087e-10 TSX
20150915 20160216 8.9616e-06 5.6821e-10 TSX
20151021 20160904 2.8085e-06 4.2622e-10 TSX
20151101 20171016 0.00014873 3.1363e-10 TSX
20151112 20160425 1.2062e-05 5.4243e-10 TSX
20151115 20151229 0.00018745 7.7436e-10 TSX
20151123 20171221 0.00014827 3.1703e-10 TSX
20151204 20151215 0.00017089 9.7954e-10 TSX
20151207 20160406 -0.00011167 6.0228e-10 TSX
20151215 20170822 0.00017358 3.5071e-10 TSX
20151226 20161223 0.00016475 3.9861e-10 TSX
20151229 20160211 4.8428e-05 7.7436e-10 TSX
20160106 20161223 0.00015998 4.0079e-10 TSX
20160117 20160926 0.00015687 4.5376e-10 TSX
20160128 20160301 -0.00016694 8.0784e-10 TSX
20160208 20160312 -3.935e-05 8.0784e-10 TSX
20160216 20160309 -0.00041901 8.641e-10 TSX
20160219 20180319 -1.7102e-06 3.2581e-10 TSX
20160301 20161201 0.00018812 4.3972e-10 TSX
20160304 20160326 3.3383e-05 8.5042e-10 TSX
20160312 20180319 9.2278e-05 3.1177e-10 TSX
20160320 20160411 0.0003872 8.6411e-10 TSX
20160323 20171118 0.00018733 3.3301e-10 TSX
20160326 20160406 -0.0004938 9.6964e-10 TSX
20160403 20171027 0.00023024 3.4993e-10 TSX
20160425 20170811 0.00018179 3.9017e-10 TSX
20160528 20160630 8.129e-05 8.0784e-10 TSX
20160630 20171118 0.00019548 3.5144e-10 TSX
20160722 20161201 0.00012647 5.813e-10 TSX
20160904 20180707 0.00010533 3.4073e-10 TSX
20160915 20180911 8.7926e-05 3.2502e-10 TSX
20160926 20170114 -4.1079e-05 6.1801e-10 TSX
20161201 20171027 9.05e-05 4.1305e-10 TSX
20161223 20171107 0.00010088 4.138e-10 TSX
20170114 20170902 0.00012205 4.7436e-10 TSX
20170811 20171005 -4.3071e-05 7.4198e-10 TSX
20170822 20180707 -7.8905e-05 4.1504e-10 TSX
20170913 20180707 -0.00011068 4.3102e-10 TSX
20170924 20180319 -0.00014603 5.2327e-10 TSX
20171005 20171107 3.6534e-05 8.0784e-10 TSX
20171016 20180319 -0.00015102 5.5009e-10 TSX
20171027 20180911 -2.7571e-05 4.1422e-10 TSX
20171107 20171118 7.9084e-05 9.7954e-10 TSX
20171118 20171129 6.0908e-05 9.7954e-10 TSX
20171129 20171221 9.0093e-06 8.5223e-10 TSX
20171210 20180820 -3.2665e-05 4.5336e-10 TSX
20171221 20180911 -4.9273e-05 4.4593e-10 TSX
20180112 20181003 8.1303e-05 4.4559e-10 TSX
20180319 20180707 -5.3082e-05 6.1797e-10 TSX
20180707 20180911 0.00027175 7.1289e-10 TSX
20180729 20181003 0.00016526 7.1289e-10 TSX
20180820 20181003 0.00025647 7.7336e-10 TSX
20180911 20181003 -0.00015956 8.5223e-10 TSX
