20030427 20030914 -0.00029706 6.5545e-10 ERS2
20030914 20080629 -1.717e-05 3.6594e-10 ERS2
20050918 20090510 2.3978e-06 4.1103e-10 ERS2
20051127 20081116 -3.3905e-05 4.3562e-10 ERS2
20060903 20090510 0.00011637 4.3332e-10 ERS2
20061231 20090105 -0.00012343 4.0795e-10 ALOS
20070402 20070703 -6.6419e-05 7.3441e-10 ALOS
20070518 20091008 -0.00011931 4.123e-10 ALOS
20070818 20071003 -0.00035842 8.1418e-10 ALOS
20071217 20100509 -0.00014628 3.9741e-10 ALOS
20080103 20100526 4.303e-05 4.0782e-10 ALOS
20080404 20080520 -1.5917e-05 8.1419e-10 ALOS
20080618 20090921 -7.4936e-05 4.7032e-10 ALOS
20080629 20090510 -0.00079363 5.1673e-10 ERS2
20080705 20091008 5.3502e-05 4.5897e-10 ALOS
20080803 20090823 -5.7352e-05 4.8971e-10 ERS2
20081116 20090823 1.0495e-05 5.3546e-10 ERS2
20081219 20090921 0.00047082 5.4098e-10 ALOS
20090105 20090708 0.00021958 6.1523e-10 ALOS
20090510 20091101 -0.00023011 6.197e-10 ERS2
20090708 20091008 0.00078614 7.3474e-10 ALOS
20090823 20091101 6.0215e-05 7.6173e-10 ERS2
20091222 20100624 0.00026767 6.1288e-10 ALOS
20100108 20100223 0.00050333 8.1667e-10 ALOS
20100223 20100526 -9.07e-05 7.3881e-10 ALOS
20100410 20100711 -0.00010695 7.3487e-10 ALOS
20100509 20100624 0.00086908 8.1249e-10 ALOS
20100526 20100711 0.00061127 8.142e-10 ALOS
20100624 20101109 0.00013193 6.6748e-10 ALOS
20100711 20101011 0.00019729 7.3493e-10 ALOS
20100809 20101109 -2.8225e-05 7.3252e-10 ALOS
20101011 20101126 0.00017029 8.142e-10 ALOS
20110111 20110226 0.00077874 8.1417e-10 ALOS
20110924 20130715 6.7241e-05 4.214e-10 TSX
20111005 20121229 -8.4724e-05 4.6676e-10 TSX
20111121 20171221 -4.5552e-06 5.2386e-10 TSX
20111221 20130131 -4.8594e-05 4.7939e-10 TSX
20111224 20121027 -6.154e-05 5.2618e-10 TSX
20120126 20140419 -4.0118e-06 3.9912e-10 TSX
20120203 20160320 -2.1564e-05 4.2738e-10 TSX
20120206 20171107 -1.3906e-05 4.8495e-10 TSX
20120617 20171129 1.5278e-05 4.5814e-10 TSX
20120723 20160120 -3.0418e-05 4.8306e-10 TSX
20121024 20130109 0.00018277 7.6238e-10 TSX
20121027 20151226 1.7173e-05 3.9092e-10 TSX
20121030 20130311 3.9058e-05 6.667e-10 TSX
20121107 20171118 6.2838e-06 5.0868e-10 TSX
20121221 20160208 2.0824e-05 4.1877e-10 TSX
20121224 20130516 -0.00018935 6.536e-10 TSX
20121229 20130407 -1.6658e-05 7.273e-10 TSX
20130104 20130217 3.3584e-05 8.1182e-10 TSX
20130109 20130715 0.00011276 6.2744e-10 TSX
20130112 20140511 4.1536e-05 4.6396e-10 TSX
20130115 20130721 -0.00023304 6.0056e-10 TSX
20130126 20130823 -8.9156e-05 6.6319e-10 TSX
20130131 20130429 -8.8661e-05 7.445e-10 TSX
20130203 20130729 -7.734e-06 6.2158e-10 TSX
20130211 20130919 7.9534e-05 5.8648e-10 TSX
20130228 20141209 3.4225e-05 4.3537e-10 TSX
20130311 20130801 -0.00010618 6.5232e-10 TSX
20130316 20130623 3.3452e-05 7.2731e-10 TSX
20130402 20150122 2.9897e-05 5.1517e-10 TSX
20130407 20140530 -4.8656e-05 4.7399e-10 TSX
20130421 20171016 -3.5243e-06 5.1946e-10 TSX
20130424 20130721 -0.00031033 7.3228e-10 TSX
20130429 20130623 -7.4273e-05 8.0008e-10 TSX
20130505 20131028 -0.00098032 6.2299e-10 TSX
20130513 20151112 3.872e-05 3.9069e-10 TSX
20130516 20131017 -0.00015243 6.7713e-10 TSX
20130521 20130715 0.00035083 8.0012e-10 TSX
20130524 20171129 3.3328e-05 4.9431e-10 TSX
20130527 20140627 -2.1559e-05 4.8242e-10 TSX
20130601 20130930 0.00027018 6.9505e-10 TSX
20130604 20141217 3.9304e-05 4.5759e-10 TSX
20130607 20140719 -8.8031e-06 4.8915e-10 TSX
20130612 20150105 -1.0132e-05 4.3918e-10 TSX
20130615 20160106 2.2914e-05 4.1651e-10 TSX
20130618 20140708 -1.6812e-05 4.8483e-10 TSX
20130623 20130715 0.0007503 8.8046e-10 TSX
20130629 20130914 0.00033013 7.5899e-10 TSX
20130707 20150130 3.4595e-05 4.5327e-10 TSX
20130710 20140901 1.584e-05 4.936e-10 TSX
20130715 20130726 -0.0024714 1.0231e-09 TSX
20130721 20131108 0.0012551 7.3694e-10 TSX
20130726 20150517 -3.166e-05 4.395e-10 TSX
20130729 20160904 -4.9076e-05 3.9797e-10 TSX
20130801 20151115 1.8758e-05 4.4134e-10 TSX
20130817 20140209 -9.3941e-05 6.2792e-10 TSX
20130828 20150312 0.00011864 4.5667e-10 TSX
20130903 20150329 -0.00021702 5.041e-10 TSX
20130919 20160309 -2.4019e-05 4.9858e-10 TSX
20130925 20140708 -0.0003504 6.2536e-10 TSX
20130930 20160411 -1.5685e-05 4.9971e-10 TSX
20131011 20150802 5.261e-05 4.2059e-10 TSX
20131017 20140719 4.1607e-05 6.3407e-10 TSX
20131028 20160304 -5.3421e-05 5.5135e-10 TSX
20131102 20140519 -0.00016805 6.0681e-10 TSX
20131108 20140708 -0.00019937 6.7107e-10 TSX
20140209 20160309 4.8181e-05 5.3524e-10 TSX
20140223 20140829 5.9818e-05 6.1092e-10 TSX
20140408 20140705 2.2262e-05 7.3565e-10 TSX
20140419 20170913 -1.23e-05 4.3205e-10 TSX
20140511 20141228 6.6855e-05 5.7319e-10 TSX
20140519 20150824 6.9608e-05 4.7897e-10 TSX
20140624 20171005 4.1681e-05 4.0498e-10 TSX
20140627 20151115 1.6235e-05 4.6648e-10 TSX
20140705 20180911 -6.5512e-06 4.0679e-10 TSX
20140708 20160406 2.824e-05 4.4836e-10 TSX
20140716 20171005 -1.5852e-05 4.0936e-10 TSX
20140719 20151207 1.8238e-05 4.4465e-10 TSX
20140727 20150326 5.9816e-06 5.6543e-10 TSX
20140810 20150122 -5.3703e-05 6.6949e-10 TSX
20140818 20160301 -1.0252e-05 4.2944e-10 TSX
20140829 20160208 -1.3272e-06 4.4163e-10 TSX
20140901 20140912 -0.00030129 9.7933e-10 TSX
20140912 20141209 6.1517e-06 7.3232e-10 TSX
20140920 20170902 -2.9769e-05 4.165e-10 TSX
20141209 20160211 -7.2692e-05 4.6704e-10 TSX
20141217 20160722 -3.5024e-05 4.2201e-10 TSX
20141228 20160106 -3.2015e-05 4.8346e-10 TSX
20141231 20151024 8.8415e-06 5.2659e-10 TSX
20150105 20150824 -6.7499e-05 5.7703e-10 TSX
20150108 20170811 -4.4333e-05 4.043e-10 TSX
20150119 20160117 -2.471e-05 4.8879e-10 TSX
20150127 20160411 -1.7334e-05 4.6845e-10 TSX
20150130 20151112 8.8672e-06 5.2976e-10 TSX
20150210 20170114 4.4585e-06 4.3573e-10 TSX
20150213 20160326 4.264e-05 5.3136e-10 TSX
20150218 20160216 2.8489e-06 4.93e-10 TSX
20150221 20180112 -1.3971e-05 5.5645e-10 TSX
20150304 20180911 -4.8534e-05 4.7969e-10 TSX
20150307 20160211 -3.0279e-05 4.9509e-10 TSX
20150312 20160320 -0.00018515 4.9409e-10 TSX
20150326 20150827 -2.3242e-05 6.4197e-10 TSX
20150329 20151207 8.7207e-06 5.4509e-10 TSX
20150428 20160425 6.4755e-07 4.8841e-10 TSX
20150509 20150827 3.3476e-05 7.0085e-10 TSX
20150517 20150824 8.6674e-06 7.2722e-10 TSX
20150520 20180911 -4.292e-05 4.6564e-10 TSX
20150714 20170822 -3.6554e-05 4.6903e-10 TSX
20150725 20170924 -1.6197e-05 4.4593e-10 TSX
20150802 20160309 -0.00011587 5.8827e-10 TSX
20150805 20160403 -3.1315e-05 5.6411e-10 TSX
20150816 20171107 -3.0653e-05 4.3286e-10 TSX
20150824 20150915 0.00076319 8.8035e-10 TSX
20150827 20170902 -2.2279e-05 4.194e-10 TSX
20150915 20160216 -0.00013384 6.5245e-10 TSX
20151021 20160904 -0.00016688 5.1805e-10 TSX
20151101 20171016 -3.4566e-05 4.0888e-10 TSX
20151112 20160425 -9.943e-05 6.3318e-10 TSX
20151115 20151229 0.0001147 8.1181e-10 TSX
20151123 20171221 -3.2332e-05 4.1063e-10 TSX
20151204 20151215 0.00016077 9.8984e-10 TSX
20151207 20160406 -0.00016764 6.8175e-10 TSX
20151215 20170822 7.1535e-07 4.2467e-10 TSX
20151226 20161223 -3.2723e-05 5.0225e-10 TSX
20151229 20160211 -3.1594e-05 8.1181e-10 TSX
20160106 20161223 1.0332e-06 5.0636e-10 TSX
20160117 20160926 -4.1684e-05 5.5659e-10 TSX
20160128 20160301 -0.0001764 8.3698e-10 TSX
20160208 20160312 -0.00015516 8.3698e-10 TSX
20160216 20160309 -0.00041613 8.8035e-10 TSX
20160219 20180319 -8.5195e-06 4.1867e-10 TSX
20160301 20161201 3.6419e-05 5.4408e-10 TSX
20160304 20160326 5.4352e-05 8.6748e-10 TSX
20160312 20180319 8.7339e-06 4.2342e-10 TSX
20160320 20160411 0.00037756 8.8036e-10 TSX
20160323 20171118 -7.6421e-06 4.3063e-10 TSX
20160326 20160406 -0.00052467 9.7926e-10 TSX
20160403 20171027 -6.6748e-06 4.4413e-10 TSX
20160425 20170811 7.7329e-06 4.5225e-10 TSX
20160528 20160630 1.9578e-05 8.3698e-10 TSX
20160630 20171118 1.4493e-05 4.4773e-10 TSX
20160722 20161201 0.00015213 6.7167e-10 TSX
20160904 20180707 3.276e-05 4.348e-10 TSX
20160915 20180911 -2.5235e-05 4.0786e-10 TSX
20160926 20170114 0.00010949 7.0142e-10 TSX
20161201 20171027 -4.7797e-06 5.15e-10 TSX
20161223 20171107 -2.5414e-05 5.1085e-10 TSX
20170114 20170902 -6.8842e-05 5.6887e-10 TSX
20170811 20171005 -1.0994e-05 7.9307e-10 TSX
20170822 20180707 -2.5698e-05 5.2085e-10 TSX
20170913 20180707 -8.9286e-05 5.3091e-10 TSX
20170924 20180319 7.143e-05 6.2204e-10 TSX
20171005 20171107 5.9614e-05 8.3698e-10 TSX
20171016 20180319 9.7659e-05 6.4579e-10 TSX
20171027 20180911 -7.9363e-05 5.2104e-10 TSX
20171107 20171118 9.1058e-05 9.8984e-10 TSX
20171118 20171129 5.3311e-05 9.8984e-10 TSX
20171129 20171221 -4.3463e-05 8.7057e-10 TSX
20171210 20180820 -0.00011229 5.5822e-10 TSX
20171221 20180911 -0.00011877 5.5085e-10 TSX
20180112 20181003 5.5648e-05 5.5082e-10 TSX
20180319 20180707 -0.00024024 7.0144e-10 TSX
20180707 20180911 0.0001137 7.7317e-10 TSX
20180729 20181003 -2.7439e-06 7.7317e-10 TSX
20180820 20181003 0.00017106 8.1387e-10 TSX
20180911 20181003 -0.00014606 8.7057e-10 TSX
