20030427 20030914 -0.00028207 5.9679e-10 ERS2
20030914 20080629 -0.00020267 2.7991e-10 ERS2
20050918 20090510 2.89e-05 3.0296e-10 ERS2
20051127 20081116 0.00015705 3.1499e-10 ERS2
20060903 20090510 9.5721e-05 3.3434e-10 ERS2
20061231 20090105 0.00012549 3.1863e-10 ALOS
20070402 20070703 -0.00017699 7.0076e-10 ALOS
20070518 20091008 1.0198e-05 3.0422e-10 ALOS
20070818 20071003 -0.00035583 7.9974e-10 ALOS
20071217 20100509 -1.1519e-06 3.0514e-10 ALOS
20080103 20100526 -4.5194e-05 3.0505e-10 ALOS
20080404 20080520 5.3454e-05 7.9981e-10 ALOS
20080618 20090921 -4.3464e-05 3.8252e-10 ALOS
20080629 20090510 -0.00027311 4.2331e-10 ERS2
20080705 20091008 0.00010921 3.7409e-10 ALOS
20080803 20090823 -6.2552e-05 3.9328e-10 ERS2
20081116 20090823 -7.5251e-05 4.4561e-10 ERS2
20081219 20090921 0.00032913 4.6432e-10 ALOS
20090105 20090708 -0.00015882 5.5572e-10 ALOS
20090510 20091101 4.5221e-05 5.451e-10 ERS2
20090708 20091008 0.00064251 7.0053e-10 ALOS
20090823 20091101 -0.00028188 7.2952e-10 ERS2
20091222 20100624 0.00025361 5.5338e-10 ALOS
20100108 20100223 0.00037393 8.0022e-10 ALOS
20100223 20100526 0.00014844 7.0138e-10 ALOS
20100410 20100711 -0.00017509 7.0088e-10 ALOS
20100509 20100624 0.00053073 7.9772e-10 ALOS
20100526 20100711 0.0003316 7.9975e-10 ALOS
20100624 20101109 9.8315e-05 6.1695e-10 ALOS
20100711 20101011 0.00023978 7.0061e-10 ALOS
20100809 20101109 -0.00013817 6.9757e-10 ALOS
20101011 20101126 0.00012595 7.9976e-10 ALOS
20110111 20110226 0.00059388 7.9974e-10 ALOS
20110924 20130715 9.7571e-05 3.3042e-10 TSX
20111005 20121229 -7.5084e-05 3.7898e-10 TSX
20111121 20171221 4.3942e-05 2.6384e-10 TSX
20111221 20130131 1.523e-05 3.9635e-10 TSX
20111224 20121027 3.2044e-05 4.3194e-10 TSX
20120126 20140419 -2.1744e-05 2.9721e-10 TSX
20120203 20160320 4.2859e-05 3.1931e-10 TSX
20120206 20171107 6.1027e-05 2.7562e-10 TSX
20120617 20171129 7.9429e-05 2.5121e-10 TSX
20120723 20160120 0.00016178 3.0601e-10 TSX
20121024 20130109 3.1368e-05 7.3491e-10 TSX
20121027 20151226 -8.9576e-07 2.716e-10 TSX
20121030 20130311 -2.5921e-05 6.1601e-10 TSX
20121107 20171118 4.595e-05 2.6967e-10 TSX
20121221 20160208 2.1857e-05 2.7541e-10 TSX
20121224 20130516 -2.8893e-05 5.9896e-10 TSX
20121229 20130407 4.4021e-05 6.9112e-10 TSX
20130104 20130217 3.4324e-05 7.9672e-10 TSX
20130109 20130715 0.00021471 5.5962e-10 TSX
20130112 20140511 -8.8855e-06 3.5944e-10 TSX
20130115 20130721 -7.81e-05 5.3851e-10 TSX
20130126 20130823 -0.00011095 5.143e-10 TSX
20130131 20130429 -1.4989e-05 7.1251e-10 TSX
20130203 20130729 -3.6146e-05 5.4909e-10 TSX
20130211 20130919 9.2487e-05 5.2094e-10 TSX
20130228 20141209 7.7832e-05 3.1852e-10 TSX
20130311 20130801 2.1065e-05 5.9864e-10 TSX
20130316 20130623 3.6426e-05 6.9113e-10 TSX
20130402 20150122 6.4611e-05 3.1347e-10 TSX
20130407 20140530 4.8904e-06 3.9201e-10 TSX
20130421 20171016 3.9187e-05 2.7951e-10 TSX
20130424 20130721 -0.00010718 6.9675e-10 TSX
20130429 20130623 -4.2821e-05 7.8213e-10 TSX
20130505 20131028 -0.00041118 5.5121e-10 TSX
20130513 20151112 5.5843e-05 2.8388e-10 TSX
20130516 20131017 -0.0001205 5.8058e-10 TSX
20130521 20130715 0.00036915 7.8216e-10 TSX
20130524 20171129 3.2901e-05 2.6138e-10 TSX
20130527 20140627 7.2873e-05 3.9389e-10 TSX
20130601 20130930 0.00044799 6.5152e-10 TSX
20130604 20141217 2.977e-05 3.4493e-10 TSX
20130607 20140719 7.6263e-05 3.8875e-10 TSX
20130612 20150105 2.3048e-05 3.4431e-10 TSX
20130615 20160106 4.8589e-05 2.883e-10 TSX
20130618 20140708 5.7535e-05 3.9824e-10 TSX
20130623 20130715 0.00070701 8.7539e-10 TSX
20130629 20130914 0.00036652 7.2016e-10 TSX
20130707 20150130 1.7203e-05 3.4175e-10 TSX
20130710 20140901 8.0256e-05 3.8633e-10 TSX
20130715 20130726 -0.0024635 1.0205e-09 TSX
20130721 20131108 0.00065246 6.5341e-10 TSX
20130726 20150517 9.8306e-06 3.4044e-10 TSX
20130729 20160904 5.8517e-06 2.7439e-10 TSX
20130801 20151115 4.5303e-05 3.1379e-10 TSX
20130817 20140209 -7.903e-05 5.7102e-10 TSX
20130828 20150312 1.4004e-05 3.4803e-10 TSX
20130903 20150329 -0.00010164 3.3922e-10 TSX
20130919 20160309 2.2581e-05 3.4495e-10 TSX
20130925 20140708 -5.2241e-05 4.4673e-10 TSX
20130930 20160411 -2.2124e-05 3.4067e-10 TSX
20131011 20150802 5.2689e-05 3.2631e-10 TSX
20131017 20140719 -2.1639e-05 4.5504e-10 TSX
20131028 20160304 2.8557e-05 3.125e-10 TSX
20131102 20140519 -7.9371e-05 5.4472e-10 TSX
20131108 20140708 -3.9177e-05 4.8159e-10 TSX
20140209 20160309 0.00011294 3.2653e-10 TSX
20140223 20140829 7.0524e-05 5.3569e-10 TSX
20140408 20140705 -4.8176e-05 6.9487e-10 TSX
20140419 20170913 5.8911e-05 2.6852e-10 TSX
20140511 20141228 1.5617e-05 4.8939e-10 TSX
20140519 20150824 6.5499e-05 3.7631e-10 TSX
20140624 20171005 4.5076e-05 2.7095e-10 TSX
20140627 20151115 2.5476e-05 3.6409e-10 TSX
20140705 20180911 3.7255e-05 2.6807e-10 TSX
20140708 20160406 7.5918e-05 3.3158e-10 TSX
20140716 20171005 4.2017e-05 2.7685e-10 TSX
20140719 20151207 8.5432e-05 3.5065e-10 TSX
20140727 20150326 -2.514e-05 4.797e-10 TSX
20140810 20150122 2.0489e-05 5.661e-10 TSX
20140818 20160301 2.4439e-05 3.273e-10 TSX
20140829 20160208 1.4026e-05 3.3519e-10 TSX
20140901 20140912 -0.00028937 9.7661e-10 TSX
20140912 20141209 -2.4756e-05 6.9676e-10 TSX
20140920 20170902 3.1925e-05 2.8073e-10 TSX
20141209 20160211 -7.432e-06 3.7381e-10 TSX
20141217 20160722 2.4016e-06 3.1955e-10 TSX
20141228 20160106 2.3884e-05 3.8986e-10 TSX
20141231 20151024 0.00012966 4.3995e-10 TSX
20150105 20150824 8.6872e-06 5.1037e-10 TSX
20150108 20170811 4.3906e-05 2.8095e-10 TSX
20150119 20160117 8.4092e-05 3.9569e-10 TSX
20150127 20160411 1.8762e-05 4.4977e-10 TSX
20150130 20151112 5.603e-05 4.4145e-10 TSX
20150210 20170114 -1.0946e-06 3.0143e-10 TSX
20150213 20160326 6.0557e-05 4.2806e-10 TSX
20150218 20160216 3.9886e-05 4.1704e-10 TSX
20150221 20180112 5.3977e-05 2.7384e-10 TSX
20150304 20180911 2.9682e-05 2.6312e-10 TSX
20150307 20160211 6.5139e-05 4.1416e-10 TSX
20150312 20160320 7.4211e-06 4.1306e-10 TSX
20150326 20150827 0.00010561 5.7802e-10 TSX
20150329 20151207 8.1027e-05 4.735e-10 TSX
20150428 20160425 3.7983e-05 3.949e-10 TSX
20150509 20150827 8.8774e-05 6.509e-10 TSX
20150517 20150824 5.1094e-05 6.9112e-10 TSX
20150520 20180911 2.7868e-05 2.733e-10 TSX
20150714 20170822 6.3311e-05 2.9887e-10 TSX
20150725 20170924 3.3844e-05 2.9979e-10 TSX
20150802 20160309 -4.5315e-05 5.1982e-10 TSX
20150805 20160403 -0.00010434 4.7996e-10 TSX
20150816 20171107 5.0158e-05 2.9276e-10 TSX
20150824 20150915 0.00068868 8.7526e-10 TSX
20150827 20170902 3.0484e-05 3.0492e-10 TSX
20150915 20160216 -0.00010995 6.0005e-10 TSX
20151021 20160904 -7.0529e-05 4.2347e-10 TSX
20151101 20171016 3.3987e-05 3.077e-10 TSX
20151112 20160425 -7.7836e-05 5.6358e-10 TSX
20151115 20151229 0.0001762 7.9672e-10 TSX
20151123 20171221 8.2973e-06 3.0966e-10 TSX
20151204 20151215 0.00016688 9.8664e-10 TSX
20151207 20160406 -0.00014162 6.3413e-10 TSX
20151215 20170822 1.7871e-05 3.2245e-10 TSX
20151226 20161223 1.0035e-05 4.0278e-10 TSX
20151229 20160211 3.179e-06 7.9672e-10 TSX
20160106 20161223 -1.9112e-06 4.0776e-10 TSX
20160117 20160926 -5.7885e-06 4.6976e-10 TSX
20160128 20160301 -0.00016775 8.2543e-10 TSX
20160208 20160312 -7.256e-05 8.2543e-10 TSX
20160216 20160309 -0.0003836 8.7526e-10 TSX
20160219 20180319 3.4464e-05 3.0307e-10 TSX
20160301 20161201 4.9924e-05 4.5349e-10 TSX
20160304 20160326 1.8524e-05 8.618e-10 TSX
20160312 20180319 3.4851e-05 3.1098e-10 TSX
20160320 20160411 0.00040452 8.7527e-10 TSX
20160323 20171118 8.544e-06 3.2863e-10 TSX
20160326 20160406 -0.00049707 9.7653e-10 TSX
20160403 20171027 4.2135e-05 3.2891e-10 TSX
20160425 20170811 6.3542e-05 3.7007e-10 TSX
20160528 20160630 7.2245e-05 8.2543e-10 TSX
20160630 20171118 9.5068e-06 3.4587e-10 TSX
20160722 20161201 8.5174e-05 6.1278e-10 TSX
20160904 20180707 2.494e-05 3.2631e-10 TSX
20160915 20180911 -1.0932e-05 3.061e-10 TSX
20160926 20170114 -4.8294e-05 6.5108e-10 TSX
20161201 20171027 -2.0142e-05 4.1743e-10 TSX
20161223 20171107 2.0079e-05 4.2293e-10 TSX
20170114 20170902 3.4245e-05 4.8738e-10 TSX
20170811 20171005 -6.5839e-05 7.6959e-10 TSX
20170822 20180707 -7.9613e-05 4.2518e-10 TSX
20170913 20180707 -0.00012232 4.3828e-10 TSX
20170924 20180319 -8.1516e-05 5.4921e-10 TSX
20171005 20171107 3.4068e-05 8.2543e-10 TSX
20171016 20180319 -7.6636e-05 5.7903e-10 TSX
20171027 20180911 -8.1409e-05 4.2506e-10 TSX
20171107 20171118 7.6661e-05 9.8664e-10 TSX
20171118 20171129 5.7046e-05 9.8664e-10 TSX
20171129 20171221 -9.917e-07 8.6397e-10 TSX
20171210 20180820 -9.1064e-05 4.7032e-10 TSX
20171221 20180911 -0.00011232 4.6139e-10 TSX
20180112 20181003 6.7673e-06 4.6162e-10 TSX
20180319 20180707 -7.48e-05 6.5112e-10 TSX
20180707 20180911 0.00014758 7.4364e-10 TSX
20180729 20181003 0.00010037 7.4364e-10 TSX
20180820 20181003 0.00019861 7.9651e-10 TSX
20180911 20181003 -0.00015315 8.6397e-10 TSX
