20030427 20030914 -0.00081835 5.6836e-10 ERS2
20030914 20080629 6.9699e-05 2.7889e-10 ERS2
20050918 20090510 2.5259e-07 3.0058e-10 ERS2
20051127 20081116 -0.00021776 3.0304e-10 ERS2
20060903 20090510 -1.4293e-05 3.1137e-10 ERS2
20061231 20090105 -9.1423e-05 3.1492e-10 ALOS
20070402 20070703 -0.00028006 6.7147e-10 ALOS
20070518 20091008 -4.072e-05 3.0039e-10 ALOS
20070818 20071003 -0.00045932 7.827e-10 ALOS
20071217 20100509 -8.0188e-05 2.9994e-10 ALOS
20080103 20100526 2.1102e-05 2.996e-10 ALOS
20080404 20080520 2.0217e-05 7.8271e-10 ALOS
20080618 20090921 -0.00018833 3.7263e-10 ALOS
20080629 20090510 -0.00012785 4.12e-10 ERS2
20080705 20091008 -8.7951e-06 3.6552e-10 ALOS
20080803 20090823 -3.3963e-05 3.8445e-10 ERS2
20081116 20090823 -0.00012498 4.3233e-10 ERS2
20081219 20090921 0.00045874 4.4667e-10 ALOS
20090105 20090708 -5.3792e-05 5.2932e-10 ALOS
20090510 20091101 -0.00024945 5.206e-10 ERS2
20090708 20091008 0.00086734 6.7148e-10 ALOS
20090823 20091101 -5.8637e-05 7.045e-10 ERS2
20091222 20100624 0.00044876 5.2667e-10 ALOS
20100108 20100223 0.00039046 7.8275e-10 ALOS
20100223 20100526 7.369e-05 6.7149e-10 ALOS
20100410 20100711 -0.00016508 6.7149e-10 ALOS
20100509 20100624 0.00058982 7.8057e-10 ALOS
20100526 20100711 0.0003645 7.8272e-10 ALOS
20100624 20101109 2.2516e-05 5.8654e-10 ALOS
20100711 20101011 0.00018002 6.7152e-10 ALOS
20100809 20101109 -0.00022631 6.6863e-10 ALOS
20101011 20101126 0.00026617 7.8272e-10 ALOS
20110111 20110226 0.00071766 7.827e-10 ALOS
20110924 20130715 2.5667e-05 3.2398e-10 TSX
20111005 20121229 -7.4521e-05 3.6916e-10 TSX
20111121 20171221 8.2574e-06 2.5545e-10 TSX
20111221 20130131 -1.277e-05 3.859e-10 TSX
20111224 20121027 -2.061e-05 4.1954e-10 TSX
20120126 20140419 -3.5995e-05 2.9222e-10 TSX
20120203 20160320 -1.9254e-05 2.4721e-10 TSX
20120206 20171107 1.399e-05 2.6601e-10 TSX
20120617 20171129 2.2754e-06 2.5804e-10 TSX
20120723 20160120 4.0611e-05 2.7e-10 TSX
20121024 20130109 3.5564e-06 7.0815e-10 TSX
20121027 20151226 -4.0579e-05 2.6534e-10 TSX
20121030 20130311 6.5229e-06 5.871e-10 TSX
20121107 20171118 1.1836e-05 2.5818e-10 TSX
20121221 20160208 -3.0538e-05 2.6654e-10 TSX
20121224 20130516 -6.665e-05 5.7059e-10 TSX
20121229 20130407 7.4584e-05 6.6102e-10 TSX
20130104 20130217 6.9999e-05 7.8008e-10 TSX
20130109 20130715 0.00014714 5.2961e-10 TSX
20130112 20140511 -2.3399e-05 3.5497e-10 TSX
20130115 20130721 -0.00017004 5.1497e-10 TSX
20130126 20130823 -9.6437e-05 4.9189e-10 TSX
20130131 20130429 -4.7728e-05 6.8374e-10 TSX
20130203 20130729 -5.7066e-05 5.2403e-10 TSX
20130211 20130919 2.9549e-05 4.9664e-10 TSX
20130228 20141209 2.0202e-05 3.1212e-10 TSX
20130311 20130801 -4.1778e-05 5.7051e-10 TSX
20130316 20130623 3.3978e-05 6.6103e-10 TSX
20130402 20150122 1.7015e-05 2.9058e-10 TSX
20130407 20140530 -3.5044e-05 3.813e-10 TSX
20130421 20171016 9.0654e-06 2.6211e-10 TSX
20130424 20130721 -0.00021857 6.6888e-10 TSX
20130429 20130623 -7.0062e-06 7.6181e-10 TSX
20130505 20131028 -0.00045387 5.269e-10 TSX
20130513 20151112 -2.6655e-05 2.815e-10 TSX
20130516 20131017 -0.00011304 5.5466e-10 TSX
20130521 20130715 0.00031381 7.6183e-10 TSX
20130524 20171129 8.6506e-06 2.5849e-10 TSX
20130527 20140627 -1.5797e-05 3.836e-10 TSX
20130601 20130930 0.00026502 6.2044e-10 TSX
20130604 20141217 -6.0517e-06 3.3898e-10 TSX
20130607 20140719 3.8853e-06 3.8061e-10 TSX
20130612 20150105 -1.8763e-05 3.3849e-10 TSX
20130615 20160106 -6.321e-06 2.7728e-10 TSX
20130618 20140708 1.7908e-05 3.8837e-10 TSX
20130623 20130715 0.00064629 8.6802e-10 TSX
20130629 20130914 0.00023306 6.939e-10 TSX
20130707 20150130 -1.919e-06 3.3973e-10 TSX
20130710 20140901 -2.3517e-05 3.7762e-10 TSX
20130715 20130726 -0.0024317 1.0162e-09 TSX
20130721 20131108 0.00070374 6.2447e-10 TSX
20130726 20150517 -2.4807e-05 3.2104e-10 TSX
20130729 20160904 -2.6292e-05 2.689e-10 TSX
20130801 20151115 -5.853e-06 2.9012e-10 TSX
20130817 20140209 -0.00017755 5.4232e-10 TSX
20130828 20150312 -7.3165e-06 3.4081e-10 TSX
20130903 20150329 -8.0085e-05 3.113e-10 TSX
20130919 20160309 -1.537e-05 2.7782e-10 TSX
20130925 20140708 -5.0991e-05 4.319e-10 TSX
20130930 20160411 -6.6063e-05 2.733e-10 TSX
20131011 20150802 -4.3459e-05 3.1975e-10 TSX
20131017 20140719 -1.2774e-05 4.3938e-10 TSX
20131028 20160304 -2.0078e-05 2.7164e-10 TSX
20131102 20140519 -1.4142e-05 5.1812e-10 TSX
20131108 20140708 -5.0023e-05 4.6342e-10 TSX
20140209 20160309 4.9894e-05 3.055e-10 TSX
20140223 20140829 1.7806e-05 5.118e-10 TSX
20140408 20140705 -5.0215e-05 6.6635e-10 TSX
20140419 20170913 1.2277e-05 2.7389e-10 TSX
20140511 20141228 -1.9378e-05 4.704e-10 TSX
20140519 20150824 -3.4423e-05 3.6446e-10 TSX
20140624 20171005 6.0033e-06 2.7044e-10 TSX
20140627 20151115 -4.2847e-05 3.4023e-10 TSX
20140705 20180911 -2.9917e-06 2.5944e-10 TSX
20140708 20160406 1.8248e-05 3.1369e-10 TSX
20140716 20171005 3.1062e-06 2.7572e-10 TSX
20140719 20151207 -2.1619e-05 3.407e-10 TSX
20140727 20150326 -4.6505e-05 4.6175e-10 TSX
20140810 20150122 5.1893e-06 5.4053e-10 TSX
20140818 20160301 -2.0473e-05 3.24e-10 TSX
20140829 20160208 -3.8267e-07 3.31e-10 TSX
20140901 20140912 -0.00027477 9.7242e-10 TSX
20140912 20141209 -5.6504e-05 6.6888e-10 TSX
20140920 20170902 6.1814e-06 2.6705e-10 TSX
20141209 20160211 -6.2254e-05 3.6389e-10 TSX
20141217 20160722 -6.6693e-06 3.1822e-10 TSX
20141228 20160106 -1.1945e-05 3.8245e-10 TSX
20141231 20151024 1.6667e-05 4.2545e-10 TSX
20150105 20150824 -3.9912e-05 4.8674e-10 TSX
20150108 20170811 -1.2063e-05 2.781e-10 TSX
20150119 20160117 1.002e-05 3.8732e-10 TSX
20150127 20160411 -5.1155e-05 3.7172e-10 TSX
20150130 20151112 -3.8843e-05 4.2877e-10 TSX
20150210 20170114 -2.1126e-05 2.9729e-10 TSX
20150213 20160326 5.4797e-05 3.6821e-10 TSX
20150218 20160216 -4.9703e-05 4.0305e-10 TSX
20150221 20180112 3.7231e-05 2.6148e-10 TSX
20150304 20180911 7.1946e-06 2.6039e-10 TSX
20150307 20160211 -3.4501e-06 4.0121e-10 TSX
20150312 20160320 -0.00011639 3.9821e-10 TSX
20150326 20150827 3.0285e-05 5.5117e-10 TSX
20150329 20151207 -3.0791e-05 4.5545e-10 TSX
20150428 20160425 1.1946e-05 3.8697e-10 TSX
20150509 20150827 9.9701e-06 6.2137e-10 TSX
20150517 20150824 3.536e-06 6.6102e-10 TSX
20150520 20180911 8.8647e-06 2.6308e-10 TSX
20150714 20170822 5.4491e-06 2.9216e-10 TSX
20150725 20170924 -1.0533e-05 2.9353e-10 TSX
20150802 20160309 -7.7e-05 4.9668e-10 TSX
20150805 20160403 -4.1336e-05 4.6148e-10 TSX
20150816 20171107 -1.0174e-05 2.8854e-10 TSX
20150824 20150915 0.0006245 8.679e-10 TSX
20150827 20170902 -2.3262e-05 2.9695e-10 TSX
20150915 20160216 -0.00010297 5.7012e-10 TSX
20151021 20160904 -9.4535e-05 4.1256e-10 TSX
20151101 20171016 -2.9423e-05 3.0303e-10 TSX
20151112 20160425 1.013e-05 5.3723e-10 TSX
20151115 20151229 0.00017885 7.8008e-10 TSX
20151123 20171221 -1.7183e-05 3.0267e-10 TSX
20151204 20151215 0.00016792 9.8275e-10 TSX
20151207 20160406 -0.00012014 6.0505e-10 TSX
20151215 20170822 5.2887e-07 3.149e-10 TSX
20151226 20161223 6.4434e-06 3.9375e-10 TSX
20151229 20160211 2.732e-05 7.8008e-10 TSX
20160106 20161223 1.8857e-07 3.9815e-10 TSX
20160117 20160926 -1.9023e-05 4.5305e-10 TSX
20160128 20160301 -0.00019093 8.1335e-10 TSX
20160208 20160312 -7.2929e-05 8.1335e-10 TSX
20160216 20160309 -0.000379 8.679e-10 TSX
20160219 20180319 -1.6071e-05 2.9664e-10 TSX
20160301 20161201 5.7069e-06 4.3869e-10 TSX
20160304 20160326 2.6458e-05 8.5423e-10 TSX
20160312 20180319 -8.9413e-06 2.9906e-10 TSX
20160320 20160411 0.00042996 8.6791e-10 TSX
20160323 20171118 -1.1656e-05 3.1841e-10 TSX
20160326 20160406 -0.00049579 9.7234e-10 TSX
20160403 20171027 1.1809e-05 3.2441e-10 TSX
20160425 20170811 1.1643e-05 3.5078e-10 TSX
20160528 20160630 4.819e-05 8.1335e-10 TSX
20160630 20171118 1.4565e-05 3.3798e-10 TSX
20160722 20161201 4.1543e-05 5.8361e-10 TSX
20160904 20180707 2.9447e-05 3.251e-10 TSX
20160915 20180911 -2.0605e-05 3.0067e-10 TSX
20160926 20170114 -1.2648e-05 6.2146e-10 TSX
20161201 20171027 -4.9877e-06 4.0829e-10 TSX
20161223 20171107 1.6226e-05 4.1016e-10 TSX
20170114 20170902 1.8268e-05 4.6917e-10 TSX
20170811 20171005 -7.9572e-05 7.4847e-10 TSX
20170822 20180707 -3.7984e-05 4.1392e-10 TSX
20170913 20180707 -3.2504e-05 4.2507e-10 TSX
20170924 20180319 1.9739e-05 5.2409e-10 TSX
20171005 20171107 1.3904e-05 8.1335e-10 TSX
20171016 20180319 2.7236e-05 5.5153e-10 TSX
20171027 20180911 -4.8272e-05 4.1405e-10 TSX
20171107 20171118 7.8571e-05 9.8275e-10 TSX
20171118 20171129 5.2628e-05 9.8275e-10 TSX
20171129 20171221 7.5124e-06 8.5656e-10 TSX
20171210 20180820 -3.7896e-05 4.535e-10 TSX
20171221 20180911 -7.581e-05 4.4579e-10 TSX
20180112 20181003 -3.1655e-05 4.4573e-10 TSX
20180319 20180707 -5.6578e-05 6.2147e-10 TSX
20180707 20180911 5.4589e-05 7.1914e-10 TSX
20180729 20181003 3.5303e-05 7.1914e-10 TSX
20180820 20181003 0.00016142 7.7963e-10 TSX
20180911 20181003 -0.00013127 8.5656e-10 TSX
