20030427 20030914 0.00049905 5.7016e-10 ERS2
20030914 20080629 -1.1273e-05 2.6827e-10 ERS2
20050918 20090510 -2.6266e-05 3.0465e-10 ERS2
20051127 20081116 4.3242e-05 3.1639e-10 ERS2
20060903 20090510 0.00012108 3.2392e-10 ERS2
20061231 20090105 8.2621e-06 3.1088e-10 ALOS
20070402 20070703 -0.00015217 6.7312e-10 ALOS
20070518 20091008 -7.4242e-05 2.9621e-10 ALOS
20070818 20071003 -0.0004852 7.8367e-10 ALOS
20071217 20100509 -6.1574e-05 2.9611e-10 ALOS
20080103 20100526 -1.6762e-05 2.9553e-10 ALOS
20080404 20080520 6.131e-05 7.8368e-10 ALOS
20080618 20090921 -6.2057e-05 3.7113e-10 ALOS
20080629 20090510 -0.00021405 4.1229e-10 ERS2
20080705 20091008 -0.00018317 3.6485e-10 ALOS
20080803 20090823 -1.0289e-05 3.8347e-10 ERS2
20081116 20090823 4.5607e-06 4.327e-10 ERS2
20081219 20090921 2.4443e-05 4.4711e-10 ALOS
20090105 20090708 7.826e-05 5.3079e-10 ALOS
20090510 20091101 0.00079891 5.2404e-10 ERS2
20090708 20091008 6.6474e-05 6.7312e-10 ALOS
20090823 20091101 0.00019759 7.0863e-10 ERS2
20091222 20100624 -3.3041e-05 5.2743e-10 ALOS
20100108 20100223 -0.00026737 7.8382e-10 ALOS
20100223 20100526 7.0614e-05 6.7322e-10 ALOS
20100410 20100711 -0.00019447 6.7323e-10 ALOS
20100509 20100624 0.00082981 7.8133e-10 ALOS
20100526 20100711 0.00039289 7.8368e-10 ALOS
20100624 20101109 -0.00030178 5.8769e-10 ALOS
20100711 20101011 -0.00045792 6.7325e-10 ALOS
20100809 20101109 -0.00019986 6.6991e-10 ALOS
20101011 20101126 0.00028186 7.8368e-10 ALOS
20110111 20110226 0.00058794 7.8367e-10 ALOS
20110924 20130715 4.4575e-05 3.2245e-10 TSX
20111005 20121229 1.3353e-05 3.6905e-10 TSX
20111121 20171221 -1.2788e-06 2.4535e-10 TSX
20111221 20130131 3.6861e-05 3.859e-10 TSX
20111224 20121027 -1.5002e-05 4.2028e-10 TSX
20120126 20140419 2.864e-06 2.9072e-10 TSX
20120203 20160320 -9.6199e-06 2.4762e-10 TSX
20120206 20171107 -4.4671e-06 2.3907e-10 TSX
20120617 20171129 -1.4627e-05 2.5027e-10 TSX
20120723 20160120 1.239e-05 2.5768e-10 TSX
20121024 20130109 0.00018169 7.1031e-10 TSX
20121027 20151226 -1.7503e-05 2.6191e-10 TSX
20121030 20130311 4.9313e-06 5.8744e-10 TSX
20121107 20171118 -1.9203e-05 2.5933e-10 TSX
20121221 20160208 1.5651e-05 2.6694e-10 TSX
20121224 20130516 -9.6051e-05 5.7082e-10 TSX
20121229 20130407 -6.0059e-06 6.6328e-10 TSX
20130104 20130217 -4.7109e-05 7.8045e-10 TSX
20130109 20130715 -2.0337e-06 5.3226e-10 TSX
20130112 20140511 -6.0407e-06 3.5608e-10 TSX
20130115 20130721 -0.00017319 5.1521e-10 TSX
20130126 20130823 -0.00027397 5.0445e-10 TSX
20130131 20130429 -6.8355e-05 6.8587e-10 TSX
20130203 20130729 -4.3926e-05 5.2703e-10 TSX
20130211 20130919 -5.5724e-05 4.9813e-10 TSX
20130228 20141209 1.6827e-05 3.1215e-10 TSX
20130311 20130801 -7.0557e-05 5.7078e-10 TSX
20130316 20130623 5.3622e-05 6.6329e-10 TSX
20130402 20150122 7.9761e-05 3.295e-10 TSX
20130407 20140530 -1.4005e-05 3.8131e-10 TSX
20130421 20171016 -1.4602e-05 2.6138e-10 TSX
20130424 20130721 -0.00029081 6.6938e-10 TSX
20130429 20130623 -0.00010163 7.6329e-10 TSX
20130505 20131028 -0.00075984 5.4048e-10 TSX
20130513 20151112 -2.2769e-05 2.7875e-10 TSX
20130516 20131017 -0.00029848 5.6711e-10 TSX
20130521 20130715 0.00017319 7.6332e-10 TSX
20130524 20171129 -3.1399e-06 2.6694e-10 TSX
20130527 20140627 -1.94e-05 3.8293e-10 TSX
20130601 20130930 2.8282e-05 6.2279e-10 TSX
20130604 20141217 -7.788e-06 3.4027e-10 TSX
20130607 20140719 -9.537e-08 3.7922e-10 TSX
20130612 20150105 6.6966e-06 3.3771e-10 TSX
20130615 20160106 8.8711e-06 2.7212e-10 TSX
20130618 20140708 -4.3309e-05 3.8714e-10 TSX
20130623 20130715 0.00060111 8.6905e-10 TSX
20130629 20130914 0.00033133 6.9505e-10 TSX
20130707 20150130 1.2792e-07 3.4038e-10 TSX
20130710 20140901 -4.0943e-06 3.7561e-10 TSX
20130715 20130726 -0.0025623 1.0172e-09 TSX
20130721 20131108 0.00082843 6.2646e-10 TSX
20130726 20150517 0.000192 3.212e-10 TSX
20130729 20160904 -6.0467e-06 2.6472e-10 TSX
20130801 20151115 8.9085e-06 2.8931e-10 TSX
20130817 20140209 -5.9398e-06 5.4426e-10 TSX
20130828 20150312 -9.425e-06 3.4012e-10 TSX
20130903 20150329 -0.00011564 3.3785e-10 TSX
20130919 20160309 8.8845e-06 2.766e-10 TSX
20130925 20140708 1.4108e-05 4.3194e-10 TSX
20130930 20160411 2.0421e-05 2.7964e-10 TSX
20131011 20150802 -1.1253e-05 3.1915e-10 TSX
20131017 20140719 -3.6185e-05 4.3941e-10 TSX
20131028 20160304 4.092e-05 3.1038e-10 TSX
20131102 20140519 -0.00022837 5.1977e-10 TSX
20131108 20140708 2.3912e-05 4.636e-10 TSX
20140209 20160309 -1.7215e-05 3.0762e-10 TSX
20140223 20140829 -1.2038e-05 5.1446e-10 TSX
20140408 20140705 2.7444e-06 6.7173e-10 TSX
20140419 20170913 -1.9712e-05 2.615e-10 TSX
20140511 20141228 -2.6833e-06 4.7199e-10 TSX
20140519 20150824 0.00011738 3.6491e-10 TSX
20140624 20171005 -5.5995e-06 2.5906e-10 TSX
20140627 20151115 -2.5156e-06 3.394e-10 TSX
20140705 20180911 -6.9673e-06 2.541e-10 TSX
20140708 20160406 1.8967e-05 3.1508e-10 TSX
20140716 20171005 -7.0145e-06 2.6131e-10 TSX
20140719 20151207 -9.9573e-06 3.4025e-10 TSX
20140727 20150326 1.152e-05 4.6317e-10 TSX
20140810 20150122 2.9819e-05 5.4086e-10 TSX
20140818 20160301 -7.2676e-06 3.242e-10 TSX
20140829 20160208 4.2602e-06 3.3099e-10 TSX
20140901 20140912 -0.000316 9.7277e-10 TSX
20140912 20141209 0.00013889 6.6938e-10 TSX
20140920 20170902 -1.1618e-05 2.6891e-10 TSX
20141209 20160211 -4.0497e-05 3.6394e-10 TSX
20141217 20160722 -1.1567e-05 3.1874e-10 TSX
20141228 20160106 2.7447e-06 3.8224e-10 TSX
20141231 20151024 1.3734e-06 4.2551e-10 TSX
20150105 20150824 -5.0241e-05 4.8809e-10 TSX
20150108 20170811 -1.4984e-05 2.74e-10 TSX
20150119 20160117 1.0315e-05 3.8734e-10 TSX
20150127 20160411 4.8511e-05 3.7394e-10 TSX
20150130 20151112 -3.327e-05 4.292e-10 TSX
20150210 20170114 -5.1364e-06 3.0543e-10 TSX
20150213 20160326 -5.2381e-05 4.1016e-10 TSX
20150218 20160216 2.5631e-05 4.0502e-10 TSX
20150221 20180112 -1.2916e-05 2.6637e-10 TSX
20150304 20180911 -5.6232e-06 2.5873e-10 TSX
20150307 20160211 -2.1424e-06 4.0162e-10 TSX
20150312 20160320 4.4322e-06 3.983e-10 TSX
20150326 20150827 -4.988e-05 5.5446e-10 TSX
20150329 20151207 -1.766e-05 4.555e-10 TSX
20150428 20160425 -6.2475e-06 3.8704e-10 TSX
20150509 20150827 -0.00010674 6.262e-10 TSX
20150517 20150824 -0.00025661 6.6329e-10 TSX
20150520 20180911 -1.4403e-05 2.6708e-10 TSX
20150714 20170822 -2.6801e-05 2.9098e-10 TSX
20150725 20170924 -3.1138e-05 2.9072e-10 TSX
20150802 20160309 4.7038e-05 4.9814e-10 TSX
20150805 20160403 9.5933e-06 4.6285e-10 TSX
20150816 20171107 -7.3251e-06 2.8684e-10 TSX
20150824 20150915 0.0006781 8.6894e-10 TSX
20150827 20170902 -1.202e-05 2.9486e-10 TSX
20150915 20160216 -3.3803e-05 5.7232e-10 TSX
20151021 20160904 8.5843e-06 4.13e-10 TSX
20151101 20171016 -3.0195e-05 2.992e-10 TSX
20151112 20160425 3.0441e-05 5.4065e-10 TSX
20151115 20151229 0.00019688 7.8045e-10 TSX
20151123 20171221 -1.8659e-05 2.9086e-10 TSX
20151204 20151215 0.00012269 9.8519e-10 TSX
20151207 20160406 -3.3329e-05 6.0546e-10 TSX
20151215 20170822 -6.1391e-06 3.1287e-10 TSX
20151226 20161223 -1.536e-05 3.9477e-10 TSX
20151229 20160211 -1.3628e-05 7.8045e-10 TSX
20160106 20161223 -7.9965e-06 3.9932e-10 TSX
20160117 20160926 -2.942e-05 4.5448e-10 TSX
20160128 20160301 -0.0001616 8.1723e-10 TSX
20160208 20160312 -9.3253e-05 8.1723e-10 TSX
20160216 20160309 -0.00044971 8.6894e-10 TSX
20160219 20180319 -1.2084e-05 2.9539e-10 TSX
20160301 20161201 1.3685e-05 4.3979e-10 TSX
20160304 20160326 7.3573e-05 8.5456e-10 TSX
20160312 20180319 -1.0645e-05 2.972e-10 TSX
20160320 20160411 0.00040999 8.6895e-10 TSX
20160323 20171118 -2.8957e-05 3.1692e-10 TSX
20160326 20160406 -0.00057186 9.727e-10 TSX
20160403 20171027 -4.6837e-05 3.207e-10 TSX
20160425 20170811 -3.5134e-05 3.4675e-10 TSX
20160528 20160630 -4.449e-05 8.1723e-10 TSX
20160630 20171118 -4.3627e-06 3.3868e-10 TSX
20160722 20161201 6.1133e-05 5.8771e-10 TSX
20160904 20180707 -9.0679e-06 3.2453e-10 TSX
20160915 20180911 -3.3338e-06 2.9977e-10 TSX
20160926 20170114 8.2304e-05 6.2627e-10 TSX
20161201 20171027 -4.5023e-05 4.0751e-10 TSX
20161223 20171107 -3.2088e-05 4.0967e-10 TSX
20170114 20170902 -7.4958e-05 4.7227e-10 TSX
20170811 20171005 -3.7878e-05 7.5361e-10 TSX
20170822 20180707 4.7072e-05 4.1492e-10 TSX
20170913 20180707 1.4954e-05 4.2602e-10 TSX
20170924 20180319 5.8778e-05 5.2712e-10 TSX
20171005 20171107 3.6787e-05 8.1723e-10 TSX
20171016 20180319 4.8225e-05 5.5534e-10 TSX
20171027 20180911 5.0377e-05 4.1495e-10 TSX
20171107 20171118 6.6264e-05 9.8519e-10 TSX
20171118 20171129 5.346e-05 9.8519e-10 TSX
20171129 20171221 -2.9114e-05 8.5964e-10 TSX
20171210 20180820 2.9148e-05 4.5493e-10 TSX
20171221 20180911 7.8565e-05 4.4713e-10 TSX
20180112 20181003 4.7636e-05 4.471e-10 TSX
20180319 20180707 -4.776e-06 6.2628e-10 TSX
20180707 20180911 0.00013631 7.2458e-10 TSX
20180729 20181003 -4.391e-05 7.2458e-10 TSX
20180820 20181003 0.00011153 7.8425e-10 TSX
20180911 20181003 -0.00016568 8.5964e-10 TSX
