20030427 20030914 0.00013242 5.6655e-10 ERS2
20030914 20080629 -0.00011457 2.8078e-10 ERS2
20050918 20090510 -2.1145e-05 2.9903e-10 ERS2
20051127 20081116 -3.6479e-05 3.074e-10 ERS2
20060903 20090510 -2.518e-07 3.0743e-10 ERS2
20061231 20090105 -0.00026026 3.1561e-10 ALOS
20070402 20070703 -4.272e-05 6.6664e-10 ALOS
20070518 20091008 0.00014416 3.0923e-10 ALOS
20070818 20071003 -0.00023925 7.7548e-10 ALOS
20071217 20100509 -0.00015692 3.0148e-10 ALOS
20080103 20100526 -4.7419e-05 2.9952e-10 ALOS
20080404 20080520 8.6559e-05 7.7552e-10 ALOS
20080618 20090921 4.7048e-05 3.7203e-10 ALOS
20080629 20090510 -0.00021674 4.1299e-10 ERS2
20080705 20091008 -0.0003858 3.6653e-10 ALOS
20080803 20090823 3.0697e-05 3.8314e-10 ERS2
20081116 20090823 6.2866e-05 4.3209e-10 ERS2
20081219 20090921 0.00010093 4.4724e-10 ALOS
20090105 20090708 0.00010707 5.309e-10 ALOS
20090510 20091101 -0.00022555 5.2151e-10 ERS2
20090708 20091008 7.3819e-05 6.6637e-10 ALOS
20090823 20091101 -0.00031369 6.9858e-10 ERS2
20091222 20100624 -0.0001186 5.266e-10 ALOS
20100108 20100223 -0.00039913 7.7595e-10 ALOS
20100223 20100526 -0.00011927 6.6639e-10 ALOS
20100410 20100711 2.0911e-05 6.672e-10 ALOS
20100509 20100624 0.00062844 7.7346e-10 ALOS
20100526 20100711 0.00047061 7.7549e-10 ALOS
20100624 20101109 -3.3766e-05 5.8405e-10 ALOS
20100711 20101011 -0.00011675 6.6637e-10 ALOS
20100809 20101109 2.1506e-05 6.6366e-10 ALOS
20101011 20101126 0.00013485 7.7549e-10 ALOS
20110111 20110226 0.00038575 7.7548e-10 ALOS
20110924 20130715 4.5378e-05 3.4547e-10 TSX
20111005 20121229 -4.3394e-05 3.7325e-10 TSX
20111121 20171221 1.093e-05 4.1848e-10 TSX
20111221 20130131 -1.3544e-05 3.8589e-10 TSX
20111224 20121027 2.2427e-06 4.2069e-10 TSX
20120126 20140419 -4.4415e-06 3.2515e-10 TSX
20120203 20160320 -2.3719e-05 3.6995e-10 TSX
20120206 20171107 -5.5046e-05 3.7147e-10 TSX
20120617 20171129 1.2611e-06 3.7415e-10 TSX
20120723 20160120 5.6144e-05 4.3634e-10 TSX
20121024 20130109 9.764e-05 7.0203e-10 TSX
20121027 20151226 -7.8016e-06 3.5972e-10 TSX
20121030 20130311 -1.401e-05 5.8469e-10 TSX
20121107 20171118 -5.5296e-06 3.7517e-10 TSX
20121221 20160208 -6.9844e-06 3.7084e-10 TSX
20121224 20130516 -5.0628e-05 5.6852e-10 TSX
20121229 20130407 -4.2748e-05 6.5623e-10 TSX
20130104 20130217 -6.8841e-05 7.7332e-10 TSX
20130109 20130715 -5.9407e-06 5.3507e-10 TSX
20130112 20140511 3.0437e-05 3.9308e-10 TSX
20130115 20130721 -9.9514e-05 5.2015e-10 TSX
20130126 20130823 -0.00011643 5.1136e-10 TSX
20130131 20130429 -7.8758e-05 6.7814e-10 TSX
20130203 20130729 8.5544e-05 5.2664e-10 TSX
20130211 20130919 2.5728e-06 5.0018e-10 TSX
20130228 20141209 8.6278e-06 4.5423e-10 TSX
20130311 20130801 2.0321e-05 5.8622e-10 TSX
20130316 20130623 -9.7297e-05 6.5688e-10 TSX
20130402 20150122 -0.00013321 3.7479e-10 TSX
20130407 20140530 -3.6836e-06 3.9093e-10 TSX
20130421 20171016 -3.1576e-05 3.8382e-10 TSX
20130424 20130721 -0.00034673 6.6937e-10 TSX
20130429 20130623 -7.7668e-05 7.5462e-10 TSX
20130505 20131028 -0.00029809 5.5623e-10 TSX
20130513 20151112 -2.1832e-05 3.8084e-10 TSX
20130516 20131017 0.00013189 5.9724e-10 TSX
20130521 20130715 0.00017144 7.5508e-10 TSX
20130524 20171129 3.5154e-05 3.745e-10 TSX
20130527 20140627 1.2533e-05 4.0615e-10 TSX
20130601 20130930 0.00013006 6.1757e-10 TSX
20130604 20141217 4.7999e-05 3.6543e-10 TSX
20130607 20140719 1.6258e-05 4.2243e-10 TSX
20130612 20150105 -5.1608e-05 3.4584e-10 TSX
20130615 20160106 -8.2875e-06 3.6097e-10 TSX
20130618 20140708 -4.1567e-05 3.8973e-10 TSX
20130623 20130715 0.00068486 8.6231e-10 TSX
20130629 20130914 8.7869e-05 6.907e-10 TSX
20130707 20150130 2.866e-05 3.5504e-10 TSX
20130710 20140901 -2.4144e-05 3.7813e-10 TSX
20130715 20130726 -0.0024507 1.0114e-09 TSX
20130721 20131108 0.00062199 6.2698e-10 TSX
20130726 20150517 1.5285e-05 3.2152e-10 TSX
20130729 20160904 -1.9448e-05 3.8738e-10 TSX
20130801 20151115 4.1871e-05 3.8706e-10 TSX
20130817 20140209 -0.00010436 5.4135e-10 TSX
20130828 20150312 3.3201e-05 3.4173e-10 TSX
20130903 20150329 -0.00020177 3.6546e-10 TSX
20130919 20160309 -0.00015894 3.2207e-10 TSX
20130925 20140708 -4.835e-05 4.3732e-10 TSX
20130930 20160411 -0.00013916 2.9887e-10 TSX
20131011 20150802 -8.8129e-05 3.5257e-10 TSX
20131017 20140719 -1.9957e-05 4.4212e-10 TSX
20131028 20160304 -0.00015201 3.8369e-10 TSX
20131102 20140519 -5.3144e-05 5.1744e-10 TSX
20131108 20140708 -1.856e-06 4.8675e-10 TSX
20140209 20160309 -0.00017309 3.5559e-10 TSX
20140223 20140829 2.3114e-05 5.1122e-10 TSX
20140408 20140705 1.6659e-06 6.6129e-10 TSX
20140419 20170913 -9.1198e-06 3.7013e-10 TSX
20140511 20141228 7.4974e-05 4.759e-10 TSX
20140519 20150824 5.3913e-05 3.7077e-10 TSX
20140624 20171005 0.00012947 4.1871e-10 TSX
20140627 20151115 1.6723e-05 4.1945e-10 TSX
20140705 20180911 5.5775e-07 3.749e-10 TSX
20140708 20160406 4.0357e-05 3.8679e-10 TSX
20140716 20171005 1.0816e-05 3.7586e-10 TSX
20140719 20151207 1.3513e-05 4.3346e-10 TSX
20140727 20150326 1.7081e-05 4.6202e-10 TSX
20140810 20150122 -3.3048e-05 5.4186e-10 TSX
20140818 20160301 3.999e-05 4.0555e-10 TSX
20140829 20160208 8.568e-05 3.9611e-10 TSX
20140901 20140912 -0.00029684 9.6788e-10 TSX
20140912 20141209 -2.1879e-05 6.6416e-10 TSX
20140920 20170902 3.6974e-05 3.7209e-10 TSX
20141209 20160211 1.8197e-05 3.9386e-10 TSX
20141217 20160722 -5.4608e-06 4.0426e-10 TSX
20141228 20160106 -4.405e-05 4.3787e-10 TSX
20141231 20151024 8.4314e-06 4.3652e-10 TSX
20150105 20150824 -1.7712e-05 4.9294e-10 TSX
20150108 20170811 -0.00014045 3.3261e-10 TSX
20150119 20160117 3.2044e-05 4.1558e-10 TSX
20150127 20160411 4.411e-05 3.7914e-10 TSX
20150130 20151112 4.4895e-05 4.4859e-10 TSX
20150210 20170114 6.0307e-05 3.4483e-10 TSX
20150213 20160326 0.00014883 4.0271e-10 TSX
20150218 20160216 -2.1697e-06 4.0776e-10 TSX
20150221 20180112 -7.9461e-06 3.5618e-10 TSX
20150304 20180911 -2.7382e-05 3.6715e-10 TSX
20150307 20160211 -2.2598e-05 4.1877e-10 TSX
20150312 20160320 -5.605e-05 4.0361e-10 TSX
20150326 20150827 6.7494e-05 5.5573e-10 TSX
20150329 20151207 -5.1029e-05 4.6141e-10 TSX
20150428 20160425 -2.3337e-06 4.4074e-10 TSX
20150509 20150827 -5.1222e-05 6.2291e-10 TSX
20150517 20150824 -0.00012685 6.5777e-10 TSX
20150520 20180911 4.3558e-05 3.5613e-10 TSX
20150714 20170822 5.5765e-05 3.4407e-10 TSX
20150725 20170924 0.00014414 3.795e-10 TSX
20150802 20160309 -2.2915e-05 4.9637e-10 TSX
20150805 20160403 6.287e-05 4.6355e-10 TSX
20150816 20171107 8.3466e-05 3.9189e-10 TSX
20150824 20150915 0.00073413 8.6209e-10 TSX
20150827 20170902 5.6846e-05 3.6242e-10 TSX
20150915 20160216 -0.00014065 5.6854e-10 TSX
20151021 20160904 -6.0104e-05 4.1692e-10 TSX
20151101 20171016 3.6911e-05 3.9368e-10 TSX
20151112 20160425 -2.3663e-05 5.3671e-10 TSX
20151115 20151229 0.00011886 7.7332e-10 TSX
20151123 20171221 5.5782e-05 3.8621e-10 TSX
20151204 20151215 0.00017108 9.775e-10 TSX
20151207 20160406 -3.9639e-05 6.0218e-10 TSX
20151215 20170822 1.0868e-05 3.7007e-10 TSX
20151226 20161223 8.0032e-05 3.9342e-10 TSX
20151229 20160211 -8.8088e-06 7.7332e-10 TSX
20160106 20161223 0.00011052 3.9838e-10 TSX
20160117 20160926 5.5474e-05 4.5625e-10 TSX
20160128 20160301 -0.00023306 8.0625e-10 TSX
20160208 20160312 -5.7004e-05 8.0625e-10 TSX
20160216 20160309 -0.00041228 8.6209e-10 TSX
20160219 20180319 7.7409e-05 3.7874e-10 TSX
20160301 20161201 9.1403e-05 4.391e-10 TSX
20160304 20160326 0.00013764 8.4874e-10 TSX
20160312 20180319 5.6192e-05 3.7267e-10 TSX
20160320 20160411 0.0003619 8.621e-10 TSX
20160323 20171118 4.3678e-05 3.3789e-10 TSX
20160326 20160406 -0.00055522 9.6781e-10 TSX
20160403 20171027 3.1673e-05 3.5174e-10 TSX
20160425 20170811 7.6004e-05 3.7089e-10 TSX
20160528 20160630 1.2964e-06 8.0625e-10 TSX
20160630 20171118 6.9959e-05 3.6873e-10 TSX
20160722 20161201 0.00015502 5.815e-10 TSX
20160904 20180707 6.176e-05 3.7669e-10 TSX
20160915 20180911 4.7788e-05 3.7157e-10 TSX
20160926 20170114 7.0974e-05 6.1915e-10 TSX
20161201 20171027 2.816e-05 4.3369e-10 TSX
20161223 20171107 -1.5359e-05 4.2582e-10 TSX
20170114 20170902 6.3729e-05 4.75e-10 TSX
20170811 20171005 3.3909e-06 7.412e-10 TSX
20170822 20180707 -1.9507e-05 4.1433e-10 TSX
20170913 20180707 -7.2435e-05 4.2553e-10 TSX
20170924 20180319 1.5284e-05 5.2333e-10 TSX
20171005 20171107 3.4062e-05 8.0626e-10 TSX
20171016 20180319 3.8696e-05 5.5023e-10 TSX
20171027 20180911 -1.3284e-05 4.1381e-10 TSX
20171107 20171118 8.4459e-05 9.775e-10 TSX
20171118 20171129 5.2576e-05 9.775e-10 TSX
20171129 20171221 -1.9333e-05 8.5033e-10 TSX
20171210 20180820 -5.1063e-05 4.5356e-10 TSX
20171221 20180911 1.913e-05 4.4683e-10 TSX
20180112 20181003 6.8975e-05 4.4602e-10 TSX
20180319 20180707 -0.00013022 6.1825e-10 TSX
20180707 20180911 0.00020533 7.1244e-10 TSX
20180729 20181003 0.00011087 7.1244e-10 TSX
20180820 20181003 0.00024955 7.7218e-10 TSX
20180911 20181003 -0.00012546 8.5034e-10 TSX
