20030427 20030914 0.00061127 6.5866e-10 ERS2
20030914 20080629 -6.7691e-05 3.9897e-10 ERS2
20050918 20090510 -3.584e-05 4.2801e-10 ERS2
20051127 20081116 5.2343e-05 4.4943e-10 ERS2
20060903 20090510 -5.0445e-05 4.2915e-10 ERS2
20061231 20090105 -5.4736e-05 3.3996e-10 ALOS
20070402 20070703 -0.00015429 7.2251e-10 ALOS
20070518 20091008 -8.2273e-05 3.2265e-10 ALOS
20070818 20071003 -0.0004729 8.0969e-10 ALOS
20071217 20100509 -6.1276e-05 3.2602e-10 ALOS
20080103 20100526 7.3188e-07 3.2315e-10 ALOS
20080404 20080520 6.4024e-05 8.097e-10 ALOS
20080618 20090921 -0.00017967 4.1404e-10 ALOS
20080629 20090510 -0.00018937 5.2231e-10 ERS2
20080705 20091008 -0.00022726 4.0256e-10 ALOS
20080803 20090823 -5.7128e-05 4.9827e-10 ERS2
20081116 20090823 1.7431e-05 5.4177e-10 ERS2
20081219 20090921 0.00021611 4.9666e-10 ALOS
20090105 20090708 7.9602e-05 5.88e-10 ALOS
20090510 20091101 0.00016047 6.289e-10 ERS2
20090708 20091008 0.00017418 7.2251e-10 ALOS
20090823 20091101 0.00021076 7.6396e-10 ERS2
20091222 20100624 0.00016317 5.8472e-10 ALOS
20100108 20100223 -0.00014334 8.0975e-10 ALOS
20100223 20100526 2.6481e-05 7.2253e-10 ALOS
20100410 20100711 -0.0002493 7.2253e-10 ALOS
20100509 20100624 0.00081184 8.0775e-10 ALOS
20100526 20100711 0.00042406 8.097e-10 ALOS
20100624 20101109 -0.00020297 6.455e-10 ALOS
20100711 20101011 -0.00033795 7.2256e-10 ALOS
20100809 20101109 -0.00017837 7.1969e-10 ALOS
20101011 20101126 0.00027499 8.097e-10 ALOS
20110111 20110226 0.00063991 8.0969e-10 ALOS
20110924 20130715 0.00012142 3.5103e-10 TSX
20111005 20121229 2.1106e-05 4.0593e-10 TSX
20111121 20171221 -1.7246e-06 3.8483e-10 TSX
20111221 20130131 8.351e-05 4.2646e-10 TSX
20111224 20121027 -1.3615e-05 5.4376e-10 TSX
20120126 20140419 1.6218e-05 4.2486e-10 TSX
20120203 20160320 -4.3206e-05 2.5576e-10 TSX
20120206 20171107 -1.1546e-05 3.7622e-10 TSX
20120617 20171129 -9.0863e-06 3.7295e-10 TSX
20120723 20160120 3.8421e-05 2.8479e-10 TSX
20121024 20130109 0.00013336 7.5331e-10 TSX
20121027 20151226 -3.3462e-06 4.0263e-10 TSX
20121030 20130311 9.1343e-06 6.46e-10 TSX
20121107 20171118 8.2922e-07 3.8452e-10 TSX
20121221 20160208 -1.6549e-05 4.0072e-10 TSX
20121224 20130516 -0.00011564 6.2995e-10 TSX
20121229 20130407 -2.4695e-05 7.1453e-10 TSX
20130104 20130217 -2.2684e-05 8.0691e-10 TSX
20130109 20130715 9.7659e-05 5.8931e-10 TSX
20130112 20140511 5.7497e-06 4.8766e-10 TSX
20130115 20130721 -0.00021895 5.7275e-10 TSX
20130126 20130823 -0.00035034 5.5738e-10 TSX
20130131 20130429 -0.00010562 7.3355e-10 TSX
20130203 20130729 -4.0459e-05 6.3468e-10 TSX
20130211 20130919 -5.2523e-05 5.5394e-10 TSX
20130228 20141209 2.4927e-05 3.4643e-10 TSX
20130311 20130801 -7.8146e-05 6.2986e-10 TSX
20130316 20130623 4.4565e-05 7.1455e-10 TSX
20130402 20150122 9.9027e-05 3.5814e-10 TSX
20130407 20140530 3.475e-07 4.2063e-10 TSX
20130421 20171016 -1.7868e-05 3.9221e-10 TSX
20130424 20130721 -0.00030339 7.1958e-10 TSX
20130429 20130623 -9.2187e-05 7.9461e-10 TSX
20130505 20131028 -0.0010025 5.9626e-10 TSX
20130513 20151112 -1.183e-06 4.1214e-10 TSX
20130516 20131017 -0.00029964 6.697e-10 TSX
20130521 20130715 0.00021312 7.9465e-10 TSX
20130524 20171129 -2.9807e-06 3.7926e-10 TSX
20130527 20140627 -5.1648e-05 4.3081e-10 TSX
20130601 20130930 0.00010051 6.7879e-10 TSX
20130604 20141217 4.2606e-06 4.7384e-10 TSX
20130607 20140719 -6.3254e-06 4.265e-10 TSX
20130612 20150105 3.0151e-05 3.6833e-10 TSX
20130615 20160106 1.2607e-05 4.1149e-10 TSX
20130618 20140708 -8.5642e-05 4.3542e-10 TSX
20130623 20130715 0.00064137 8.7956e-10 TSX
20130629 20130914 0.00039312 7.4119e-10 TSX
20130707 20150130 1.2058e-05 4.7451e-10 TSX
20130710 20140901 -1.5763e-05 4.2278e-10 TSX
20130715 20130726 -0.0025479 1.0231e-09 TSX
20130721 20131108 0.00089908 6.9704e-10 TSX
20130726 20150517 0.00034233 3.4864e-10 TSX
20130729 20160904 -9.4279e-06 4.062e-10 TSX
20130801 20151115 4.7751e-05 3.1583e-10 TSX
20130817 20140209 -5.0288e-05 6.0277e-10 TSX
20130828 20150312 4.2183e-05 3.7137e-10 TSX
20130903 20150329 -0.00027309 4.1886e-10 TSX
20130919 20160309 3.5461e-05 2.9075e-10 TSX
20130925 20140708 -5.1928e-06 4.8035e-10 TSX
20130930 20160411 4.3946e-05 2.8853e-10 TSX
20131011 20150802 -6.4157e-05 3.4665e-10 TSX
20131017 20140719 -4.596e-05 4.8896e-10 TSX
20131028 20160304 -2.3314e-05 3.1639e-10 TSX
20131102 20140519 -0.00025317 5.7725e-10 TSX
20131108 20140708 4.3842e-06 5.1666e-10 TSX
20140209 20160309 -1.5825e-06 3.2924e-10 TSX
20140223 20140829 2.9721e-06 6.2409e-10 TSX
20140408 20140705 5.2947e-06 7.4059e-10 TSX
20140419 20170913 -8.1338e-07 3.9299e-10 TSX
20140511 20141228 1.5203e-05 5.8779e-10 TSX
20140519 20150824 0.00015697 4.0089e-10 TSX
20140624 20171005 -1.1928e-06 3.9785e-10 TSX
20140627 20151115 3.2665e-07 3.7631e-10 TSX
20140705 20180911 -7.6513e-07 3.9521e-10 TSX
20140708 20160406 9.1261e-05 3.448e-10 TSX
20140716 20171005 -1.0265e-05 3.9768e-10 TSX
20140719 20151207 2.3667e-05 3.7733e-10 TSX
20140727 20150326 6.9465e-06 5.8038e-10 TSX
20140810 20150122 -5.5954e-06 5.9954e-10 TSX
20140818 20160301 -5.2831e-06 4.5126e-10 TSX
20140829 20160208 8.5023e-06 4.5648e-10 TSX
20140901 20140912 -0.00030993 9.7859e-10 TSX
20140912 20141209 0.00012143 7.1957e-10 TSX
20140920 20170902 -1.6791e-06 3.9929e-10 TSX
20141209 20160211 -2.1223e-05 4.039e-10 TSX
20141217 20160722 -1.6177e-05 4.4551e-10 TSX
20141228 20160106 -1.1399e-05 5.0266e-10 TSX
20141231 20151024 1.5302e-05 4.7361e-10 TSX
20150105 20150824 -7.5506e-05 5.4286e-10 TSX
20150108 20170811 -5.4544e-06 4.0545e-10 TSX
20150119 20160117 2.334e-05 5.0779e-10 TSX
20150127 20160411 0.0001329 4.0817e-10 TSX
20150130 20151112 -1.1067e-05 5.4645e-10 TSX
20150210 20170114 -2.045e-06 4.2322e-10 TSX
20150213 20160326 0.00010931 5.7558e-10 TSX
20150218 20160216 7.1511e-05 4.4647e-10 TSX
20150221 20180112 -3.8119e-06 3.9739e-10 TSX
20150304 20180911 3.5393e-06 3.9595e-10 TSX
20150307 20160211 9.1384e-06 4.4625e-10 TSX
20150312 20160320 2.6454e-05 4.4035e-10 TSX
20150326 20150827 -2.6469e-05 6.4885e-10 TSX
20150329 20151207 -3.8702e-06 5.0755e-10 TSX
20150428 20160425 -4.8042e-06 5.0652e-10 TSX
20150509 20150827 -6.1958e-05 7.0658e-10 TSX
20150517 20150824 -0.00027723 7.1455e-10 TSX
20150520 20180911 -9.0288e-06 3.9572e-10 TSX
20150714 20170822 4.0328e-06 4.2138e-10 TSX
20150725 20170924 -7.6688e-06 4.2142e-10 TSX
20150802 20160309 3.7141e-05 5.5395e-10 TSX
20150805 20160403 1.8389e-06 5.7962e-10 TSX
20150816 20171107 -5.2143e-06 4.1953e-10 TSX
20150824 20150915 0.00069331 8.7944e-10 TSX
20150827 20170902 6.4396e-07 4.2277e-10 TSX
20150915 20160216 -4.1007e-05 6.3096e-10 TSX
20151021 20160904 -1.8088e-05 5.3595e-10 TSX
20151101 20171016 -1.123e-05 4.2982e-10 TSX
20151112 20160425 1.2801e-05 6.4606e-10 TSX
20151115 20151229 0.00019063 8.0691e-10 TSX
20151123 20171221 -1.5527e-06 4.2658e-10 TSX
20151204 20151215 0.00013528 9.9159e-10 TSX
20151207 20160406 -5.0523e-05 6.6297e-10 TSX
20151215 20170822 2.3071e-06 4.3925e-10 TSX
20151226 20161223 3.1043e-06 5.218e-10 TSX
20151229 20160211 -3.8372e-06 8.0691e-10 TSX
20160106 20161223 2.9484e-05 5.2598e-10 TSX
20160117 20160926 -2.8047e-05 5.7206e-10 TSX
20160128 20160301 -0.00017146 8.3951e-10 TSX
20160208 20160312 -9.8605e-05 8.3951e-10 TSX
20160216 20160309 -0.0004505 8.7944e-10 TSX
20160219 20180319 -8.7724e-06 4.3e-10 TSX
20160301 20161201 1.9351e-05 5.6068e-10 TSX
20160304 20160326 6.3065e-05 8.6576e-10 TSX
20160312 20180319 5.5259e-06 4.304e-10 TSX
20160320 20160411 0.00040251 8.7945e-10 TSX
20160323 20171118 -1.2845e-05 4.4564e-10 TSX
20160326 20160406 -0.00055447 9.7852e-10 TSX
20160403 20171027 -2.7624e-05 4.4911e-10 TSX
20160425 20170811 -2.7253e-05 4.6988e-10 TSX
20160528 20160630 -2.5407e-05 8.3951e-10 TSX
20160630 20171118 -1.2613e-05 4.6626e-10 TSX
20160722 20161201 7.5915e-05 6.7826e-10 TSX
20160904 20180707 -1.3692e-05 4.6188e-10 TSX
20160915 20180911 2.5405e-05 4.3387e-10 TSX
20160926 20170114 7.1137e-05 7.0716e-10 TSX
20161201 20171027 -4.1692e-05 5.3082e-10 TSX
20161223 20171107 -2.9634e-05 5.2801e-10 TSX
20170114 20170902 -6.2212e-05 5.8392e-10 TSX
20170811 20171005 -3.8368e-05 7.9665e-10 TSX
20170822 20180707 3.4106e-05 5.3946e-10 TSX
20170913 20180707 -8.6508e-06 5.4804e-10 TSX
20170924 20180319 3.8297e-05 6.3482e-10 TSX
20171005 20171107 4.1292e-05 8.3951e-10 TSX
20171016 20180319 3.574e-05 6.579e-10 TSX
20171027 20180911 4.7968e-05 5.3962e-10 TSX
20171107 20171118 7.0298e-05 9.9159e-10 TSX
20171118 20171129 5.3608e-05 9.9159e-10 TSX
20171129 20171221 -2.4363e-05 8.7264e-10 TSX
20171210 20180820 1.2289e-05 5.736e-10 TSX
20171221 20180911 5.3111e-05 5.6673e-10 TSX
20180112 20181003 6.3506e-05 5.6629e-10 TSX
20180319 20180707 -3.1247e-05 7.072e-10 TSX
20180707 20180911 0.00016457 7.7727e-10 TSX
20180729 20181003 -5.3758e-06 7.7727e-10 TSX
20180820 20181003 0.0001409 8.1693e-10 TSX
20180911 20181003 -0.00016425 8.7264e-10 TSX
