20030427 20030914 0.0007431 5.7467e-10 ERS2
20030914 20080629 0.00010345 2.7246e-10 ERS2
20050918 20090510 -3.3824e-06 2.995e-10 ERS2
20051127 20081116 -7.4056e-05 3.105e-10 ERS2
20060903 20090510 6.6259e-05 3.1129e-10 ERS2
20061231 20090105 2.734e-05 3.1498e-10 ALOS
20070402 20070703 5.6959e-05 6.6881e-10 ALOS
20070518 20091008 -2.9358e-05 2.9941e-10 ALOS
20070818 20071003 -0.00039364 7.7982e-10 ALOS
20071217 20100509 -7.8314e-05 3.0163e-10 ALOS
20080103 20100526 -3.8031e-05 3.0025e-10 ALOS
20080404 20080520 -5.2058e-05 7.7986e-10 ALOS
20080618 20090921 -8.7143e-05 3.7311e-10 ALOS
20080629 20090510 -5.9794e-05 4.1506e-10 ERS2
20080705 20091008 0.00023741 3.6495e-10 ALOS
20080803 20090823 1.9953e-05 3.8348e-10 ERS2
20081116 20090823 3.0205e-05 4.3257e-10 ERS2
20081219 20090921 0.0010761 4.4689e-10 ALOS
20090105 20090708 0.00019172 5.2889e-10 ALOS
20090510 20091101 -5.131e-05 5.2217e-10 ERS2
20090708 20091008 0.0011956 6.6874e-10 ALOS
20090823 20091101 0.0011255 7.0324e-10 ERS2
20091222 20100624 0.0008921 5.2596e-10 ALOS
20100108 20100223 0.00068713 7.7989e-10 ALOS
20100223 20100526 -3.2692e-05 6.6876e-10 ALOS
20100410 20100711 -0.0001055 6.6871e-10 ALOS
20100509 20100624 0.00078383 7.7753e-10 ALOS
20100526 20100711 0.00052749 7.7988e-10 ALOS
20100624 20101109 0.0002203 5.8509e-10 ALOS
20100711 20101011 0.00041539 6.6876e-10 ALOS
20100809 20101109 -8.0032e-05 6.6567e-10 ALOS
20101011 20101126 0.00026358 7.7987e-10 ALOS
20110111 20110226 0.0010351 7.7983e-10 ALOS
20110924 20130715 2.8362e-06 3.2472e-10 TSX
20111005 20121229 -2.7421e-05 3.686e-10 TSX
20111121 20171221 -2.0227e-05 2.617e-10 TSX
20111221 20130131 -1.0471e-05 3.8523e-10 TSX
20111224 20121027 -2.7266e-05 4.199e-10 TSX
20120126 20140419 -3.9324e-06 2.9312e-10 TSX
20120203 20160320 -7.3714e-07 2.43e-10 TSX
20120206 20171107 -3.3012e-06 2.616e-10 TSX
20120617 20171129 -2.3915e-05 2.7205e-10 TSX
20120723 20160120 -1.0252e-05 2.6417e-10 TSX
20121024 20130109 -2.3755e-05 7.0522e-10 TSX
20121027 20151226 -2.3969e-06 2.7022e-10 TSX
20121030 20130311 -1.0141e-05 5.8528e-10 TSX
20121107 20171118 -2.0643e-05 2.6352e-10 TSX
20121221 20160208 -4.7773e-06 2.6629e-10 TSX
20121224 20130516 2.5449e-05 5.6901e-10 TSX
20121229 20130407 7.52e-05 6.5878e-10 TSX
20130104 20130217 6.2591e-05 7.768e-10 TSX
20130109 20130715 6.904e-05 5.2937e-10 TSX
20130112 20140511 3.9663e-06 3.5482e-10 TSX
20130115 20130721 -2.0655e-05 5.1432e-10 TSX
20130126 20130823 -0.00015447 4.9169e-10 TSX
20130131 20130429 2.6391e-05 6.8112e-10 TSX
20130203 20130729 2.9638e-05 5.2434e-10 TSX
20130211 20130919 3.8221e-05 4.9653e-10 TSX
20130228 20141209 3.0086e-05 3.1287e-10 TSX
20130311 20130801 -5.0891e-05 5.6897e-10 TSX
20130316 20130623 -5.9771e-07 6.5879e-10 TSX
20130402 20150122 -4.8876e-06 2.8995e-10 TSX
20130407 20140530 -1.9468e-05 3.807e-10 TSX
20130421 20171016 -1.1229e-05 2.7536e-10 TSX
20130424 20130721 -0.00011971 6.6556e-10 TSX
20130429 20130623 -0.00015828 7.5887e-10 TSX
20130505 20131028 -0.00048678 5.264e-10 TSX
20130513 20151112 4.6713e-06 2.8196e-10 TSX
20130516 20131017 -0.00020551 5.5366e-10 TSX
20130521 20130715 0.0001718 7.589e-10 TSX
20130524 20171129 -3.4639e-06 2.8136e-10 TSX
20130527 20140627 -3.5482e-05 3.841e-10 TSX
20130601 20130930 8.0626e-05 6.1899e-10 TSX
20130604 20141217 -2.1096e-05 3.3862e-10 TSX
20130607 20140719 -1.3533e-05 3.8067e-10 TSX
20130612 20150105 1.9799e-05 3.3852e-10 TSX
20130615 20160106 -5.8923e-06 2.7908e-10 TSX
20130618 20140708 -1.1292e-05 3.8862e-10 TSX
20130623 20130715 0.00066829 8.6737e-10 TSX
20130629 20130914 0.00015436 6.9022e-10 TSX
20130707 20150130 -2.5703e-05 3.374e-10 TSX
20130710 20140901 9.9713e-06 3.7785e-10 TSX
20130715 20130726 -0.002335 1.0164e-09 TSX
20130721 20131108 0.00066653 6.22e-10 TSX
20130726 20150517 -1.9083e-05 3.2295e-10 TSX
20130729 20160904 -2.1244e-05 2.6634e-10 TSX
20130801 20151115 3.3578e-05 2.871e-10 TSX
20130817 20140209 -1.7975e-05 5.4199e-10 TSX
20130828 20150312 -3.0909e-05 3.4036e-10 TSX
20130903 20150329 -0.00013328 3.1079e-10 TSX
20130919 20160309 3.2583e-06 2.7329e-10 TSX
20130925 20140708 -1.7817e-05 4.3143e-10 TSX
20130930 20160411 -2.2452e-05 2.7061e-10 TSX
20131011 20150802 9.5833e-06 3.2069e-10 TSX
20131017 20140719 -4.3692e-05 4.3895e-10 TSX
20131028 20160304 -4.2692e-05 2.7237e-10 TSX
20131102 20140519 3.4771e-06 5.1788e-10 TSX
20131108 20140708 2.1379e-05 4.6307e-10 TSX
20140209 20160309 -1.0195e-05 3.0643e-10 TSX
20140223 20140829 1.1314e-05 5.1212e-10 TSX
20140408 20140705 -1.417e-05 6.662e-10 TSX
20140419 20170913 -1.2924e-06 2.6917e-10 TSX
20140511 20141228 7.5178e-08 4.708e-10 TSX
20140519 20150824 3.3699e-05 3.6407e-10 TSX
20140624 20171005 -1.7579e-05 2.8779e-10 TSX
20140627 20151115 2.2723e-05 3.3994e-10 TSX
20140705 20180911 -7.8245e-06 2.744e-10 TSX
20140708 20160406 6.4552e-05 3.1214e-10 TSX
20140716 20171005 -5.4534e-06 2.8792e-10 TSX
20140719 20151207 2.699e-05 3.3984e-10 TSX
20140727 20150326 -3.8712e-05 4.6225e-10 TSX
20140810 20150122 -3.2366e-05 5.3961e-10 TSX
20140818 20160301 -2.2314e-05 3.2477e-10 TSX
20140829 20160208 -1.8564e-05 3.3311e-10 TSX
20140901 20140912 -0.00027781 9.7216e-10 TSX
20140912 20141209 -6.2222e-07 6.6555e-10 TSX
20140920 20170902 5.5131e-07 2.838e-10 TSX
20141209 20160211 -4.5712e-05 3.6396e-10 TSX
20141217 20160722 -4.533e-06 3.1892e-10 TSX
20141228 20160106 -6.1332e-06 3.8253e-10 TSX
20141231 20151024 -8.6159e-06 4.2516e-10 TSX
20150105 20150824 -1.2375e-05 4.8663e-10 TSX
20150108 20170811 -1.6437e-05 2.8514e-10 TSX
20150119 20160117 1.7008e-05 3.8791e-10 TSX
20150127 20160411 1.8322e-06 3.7064e-10 TSX
20150130 20151112 2.6702e-05 4.2895e-10 TSX
20150210 20170114 -7.3757e-06 3.0522e-10 TSX
20150213 20160326 6.7939e-05 3.7418e-10 TSX
20150218 20160216 -1.7471e-05 4.0279e-10 TSX
20150221 20180112 3.6044e-05 2.7671e-10 TSX
20150304 20180911 -2.4458e-06 2.8601e-10 TSX
20150307 20160211 2.2387e-05 4.0085e-10 TSX
20150312 20160320 2.4716e-05 3.977e-10 TSX
20150326 20150827 1.8795e-05 5.5134e-10 TSX
20150329 20151207 -1.7726e-05 4.5508e-10 TSX
20150428 20160425 -1.1853e-05 3.8837e-10 TSX
20150509 20150827 1.6969e-05 6.2136e-10 TSX
20150517 20150824 -5.9841e-05 6.5879e-10 TSX
20150520 20180911 -8.2811e-06 2.76e-10 TSX
20150714 20170822 -2.8406e-05 2.9141e-10 TSX
20150725 20170924 -2.2302e-06 2.8761e-10 TSX
20150802 20160309 -4.5899e-05 4.9653e-10 TSX
20150805 20160403 -6.4155e-05 4.6188e-10 TSX
20150816 20171107 -3.0126e-05 2.8856e-10 TSX
20150824 20150915 0.0006431 8.6727e-10 TSX
20150827 20170902 -2.4472e-05 2.9889e-10 TSX
20150915 20160216 -0.00011701 5.695e-10 TSX
20151021 20160904 -1.8033e-05 4.1282e-10 TSX
20151101 20171016 -1.4414e-05 2.9958e-10 TSX
20151112 20160425 -4.5098e-05 5.3751e-10 TSX
20151115 20151229 0.00014912 7.768e-10 TSX
20151123 20171221 -1.35e-05 2.9703e-10 TSX
20151204 20151215 0.00013632 9.8508e-10 TSX
20151207 20160406 -0.00021313 6.0291e-10 TSX
20151215 20170822 -1.6279e-05 3.1749e-10 TSX
20151226 20161223 -2.063e-05 3.9408e-10 TSX
20151229 20160211 5.9967e-05 7.768e-10 TSX
20160106 20161223 -1.3678e-06 3.987e-10 TSX
20160117 20160926 -2.827e-06 4.5366e-10 TSX
20160128 20160301 -0.00016458 8.1456e-10 TSX
20160208 20160312 -7.6286e-05 8.1456e-10 TSX
20160216 20160309 -0.0003962 8.6727e-10 TSX
20160219 20180319 -3.1431e-05 2.9573e-10 TSX
20160301 20161201 -5.5813e-07 4.3917e-10 TSX
20160304 20160326 -1.3993e-05 8.5296e-10 TSX
20160312 20180319 -2.7881e-05 2.9844e-10 TSX
20160320 20160411 0.00036233 8.6727e-10 TSX
20160323 20171118 -2.8188e-05 3.1979e-10 TSX
20160326 20160406 -0.00047064 9.721e-10 TSX
20160403 20171027 -2.2947e-05 3.2489e-10 TSX
20160425 20170811 -3.9463e-05 3.4796e-10 TSX
20160528 20160630 -2.6435e-06 8.1456e-10 TSX
20160630 20171118 -3.4325e-05 3.4012e-10 TSX
20160722 20161201 -1.8533e-05 5.8376e-10 TSX
20160904 20180707 -5.6028e-06 3.2461e-10 TSX
20160915 20180911 -1.8693e-05 3.0392e-10 TSX
20160926 20170114 2.5074e-07 6.215e-10 TSX
20161201 20171027 -2.3184e-05 4.0726e-10 TSX
20161223 20171107 -2.5117e-05 4.1005e-10 TSX
20170114 20170902 6.2402e-06 4.6941e-10 TSX
20170811 20171005 -1.3121e-05 7.4866e-10 TSX
20170822 20180707 5.4151e-05 4.1411e-10 TSX
20170913 20180707 3.2977e-05 4.2564e-10 TSX
20170924 20180319 2.899e-05 5.2439e-10 TSX
20171005 20171107 2.02e-05 8.1456e-10 TSX
20171016 20180319 3.7835e-05 5.5177e-10 TSX
20171027 20180911 2.3015e-05 4.1419e-10 TSX
20171107 20171118 7.3671e-05 9.8508e-10 TSX
20171118 20171129 5.8176e-05 9.8508e-10 TSX
20171129 20171221 -3.1951e-06 8.5839e-10 TSX
20171210 20180820 3.0383e-05 4.5408e-10 TSX
20171221 20180911 -8.2974e-05 4.4625e-10 TSX
20180112 20181003 3.1184e-05 4.4629e-10 TSX
20180319 20180707 1.2378e-05 6.2154e-10 TSX
20180707 20180911 0.00018003 7.191e-10 TSX
20180729 20181003 -4.0557e-06 7.191e-10 TSX
20180820 20181003 0.00012373 7.8026e-10 TSX
20180911 20181003 -0.00021469 8.584e-10 TSX
