20030427 20030914 3.6972e-06 6.5421e-10 ERS2
20030914 20080629 -1.4239e-05 3.8315e-10 ERS2
20050918 20090510 -8.8155e-06 4.2288e-10 ERS2
20051127 20081116 0.00012149 4.3642e-10 ERS2
20060903 20090510 8.9984e-05 4.4812e-10 ERS2
20061231 20090105 -5.4105e-05 6.2102e-10 ALOS
20070402 20070703 -2.9907e-05 7.861e-10 ALOS
20070518 20091008 1.1042e-05 5.8839e-10 ALOS
20070818 20071003 -0.00042884 8.3422e-10 ALOS
20071217 20100509 -0.00016992 5.7349e-10 ALOS
20080103 20100526 -4.066e-05 5.74e-10 ALOS
20080404 20080520 -3.0402e-06 8.3481e-10 ALOS
20080618 20090921 -4.2793e-05 6.1632e-10 ALOS
20080629 20090510 -0.00026246 5.3881e-10 ERS2
20080705 20091008 -3.8782e-06 6.1265e-10 ALOS
20080803 20090823 -8.4048e-05 4.9651e-10 ERS2
20081116 20090823 1.2438e-05 5.4308e-10 ERS2
20081219 20090921 1.0706e-06 6.483e-10 ALOS
20090105 20090708 -0.00011581 7.0919e-10 ALOS
20090510 20091101 -0.00013815 6.1933e-10 ERS2
20090708 20091008 0.00029212 7.8346e-10 ALOS
20090823 20091101 0.00095302 7.5981e-10 ERS2
20091222 20100624 6.487e-05 7.0296e-10 ALOS
20100108 20100223 0.00036234 8.3445e-10 ALOS
20100223 20100526 -7.4104e-05 7.8515e-10 ALOS
20100410 20100711 -2.6207e-06 7.8415e-10 ALOS
20100509 20100624 0.00061104 8.3199e-10 ALOS
20100526 20100711 0.00041271 8.3437e-10 ALOS
20100624 20101109 -4.2904e-05 7.3616e-10 ALOS
20100711 20101011 -0.00015993 7.8416e-10 ALOS
20100809 20101109 -4.4763e-05 7.7982e-10 ALOS
20101011 20101126 0.00028355 8.3457e-10 ALOS
20110111 20110226 0.00056882 8.3436e-10 ALOS
20110924 20130715 4.4948e-05 5.9668e-10 TSX
20111005 20121229 -8.9404e-06 6.7961e-10 TSX
20111121 20171221 1.9828e-06 4.2233e-10 TSX
20111221 20130131 3.1731e-06 6.3047e-10 TSX
20111224 20121027 -8.5887e-05 5.2001e-10 TSX
20120126 20140419 -1.5939e-05 5.6758e-10 TSX
20120203 20160320 3.8027e-05 6.035e-10 TSX
20120206 20171107 -2.3794e-06 5.4085e-10 TSX
20120617 20171129 -8.6309e-06 4.4217e-10 TSX
20120723 20160120 1.5281e-05 6.7658e-10 TSX
20121024 20130109 2.0402e-05 8.0476e-10 TSX
20121027 20151226 -3.5988e-06 4.8552e-10 TSX
20121030 20130311 8.2262e-05 7.2502e-10 TSX
20121107 20171118 1.9593e-05 4.2993e-10 TSX
20121221 20160208 1.9463e-05 5.6088e-10 TSX
20121224 20130516 -5.1896e-05 7.1476e-10 TSX
20121229 20130407 3.2591e-05 7.8181e-10 TSX
20130104 20130217 8.0274e-05 8.2776e-10 TSX
20130109 20130715 0.00017086 7.177e-10 TSX
20130112 20140511 -2.9827e-05 4.9897e-10 TSX
20130115 20130721 -6.6144e-05 6.8608e-10 TSX
20130126 20130823 -2.0463e-05 7.003e-10 TSX
20130131 20130429 5.9658e-05 7.9262e-10 TSX
20130203 20130729 -1.9231e-05 6.1512e-10 TSX
20130211 20130919 -1.608e-06 6.9267e-10 TSX
20130228 20141209 2.6302e-05 5.4361e-10 TSX
20130311 20130801 -9.2456e-05 7.1458e-10 TSX
20130316 20130623 -2.125e-06 7.8204e-10 TSX
20130402 20150122 0.00012019 6.3806e-10 TSX
20130407 20140530 4.8556e-05 6.278e-10 TSX
20130421 20171016 -1.5967e-06 5.5609e-10 TSX
20130424 20130721 -0.00016603 7.7173e-10 TSX
20130429 20130623 -0.00010321 8.2625e-10 TSX
20130505 20131028 -0.00014285 7.2043e-10 TSX
20130513 20151112 4.9041e-05 5.5926e-10 TSX
20130516 20131017 -0.0003666 7.074e-10 TSX
20130521 20130715 0.00020858 8.2613e-10 TSX
20130524 20171129 -4.7298e-06 4.2803e-10 TSX
20130527 20140627 3.5408e-07 5.9808e-10 TSX
20130601 20130930 4.2558e-05 7.6234e-10 TSX
20130604 20141217 8.1909e-06 4.8895e-10 TSX
20130607 20140719 6.1319e-06 5.9685e-10 TSX
20130612 20150105 3.3465e-05 6.131e-10 TSX
20130615 20160106 1.9236e-06 5.4224e-10 TSX
20130618 20140708 -3.0885e-05 6.0125e-10 TSX
20130623 20130715 0.00065344 8.8957e-10 TSX
20130629 20130914 4.6206e-05 7.9297e-10 TSX
20130707 20150130 -6.1087e-06 4.655e-10 TSX
20130710 20140901 6.3644e-07 5.9579e-10 TSX
20130715 20130726 -0.0024322 1.029e-09 TSX
20130721 20131108 0.00018727 7.5487e-10 TSX
20130726 20150517 4.6153e-05 6.3133e-10 TSX
20130729 20160904 -7.4692e-06 4.5603e-10 TSX
20130801 20151115 2.2314e-05 6.676e-10 TSX
20130817 20140209 1.6959e-05 7.2019e-10 TSX
20130828 20150312 4.7488e-06 6.3285e-10 TSX
20130903 20150329 5.5806e-05 5.8346e-10 TSX
20130919 20160309 -3.0401e-05 6.2829e-10 TSX
20130925 20140708 2.7218e-05 7.0502e-10 TSX
20130930 20160411 9.3007e-05 6.1997e-10 TSX
20131011 20150802 1.1139e-05 6.3915e-10 TSX
20131017 20140719 6.4249e-05 7.2807e-10 TSX
20131028 20160304 -6.8505e-05 5.8526e-10 TSX
20131102 20140519 8.672e-05 7.0582e-10 TSX
20131108 20140708 9.543e-05 7.5448e-10 TSX
20140209 20160309 -1.0789e-05 6.6099e-10 TSX
20140223 20140829 3.0067e-05 6.037e-10 TSX
20140408 20140705 -2.7266e-05 7.2983e-10 TSX
20140419 20170913 5.3294e-06 5.481e-10 TSX
20140511 20141228 6.6652e-05 5.673e-10 TSX
20140519 20150824 -7.354e-06 6.3583e-10 TSX
20140624 20171005 4.4314e-06 5.2398e-10 TSX
20140627 20151115 -2.9187e-05 7.092e-10 TSX
20140705 20180911 1.4816e-05 4.8626e-10 TSX
20140708 20160406 5.6985e-05 6.5428e-10 TSX
20140716 20171005 -1.0965e-05 4.5445e-10 TSX
20140719 20151207 -2.693e-05 6.4016e-10 TSX
20140727 20150326 -3.1996e-05 5.5872e-10 TSX
20140810 20150122 8.3768e-05 7.1352e-10 TSX
20140818 20160301 8.3225e-06 4.8143e-10 TSX
20140829 20160208 1.3632e-05 5.5167e-10 TSX
20140901 20140912 -0.00027385 9.8343e-10 TSX
20140912 20141209 -1.8908e-05 7.7186e-10 TSX
20140920 20170902 3.5374e-05 5.7287e-10 TSX
20141209 20160211 -5.7532e-05 6.1158e-10 TSX
20141217 20160722 -8.2096e-06 6.0066e-10 TSX
20141228 20160106 -5.1823e-05 5.2629e-10 TSX
20141231 20151024 -2.1203e-05 6.3846e-10 TSX
20150105 20150824 -8.396e-06 7.0252e-10 TSX
20150108 20170811 8.127e-06 5.7319e-10 TSX
20150119 20160117 -2.3686e-05 5.0195e-10 TSX
20150127 20160411 1.4056e-05 6.4334e-10 TSX
20150130 20151112 2.5576e-05 5.8258e-10 TSX
20150210 20170114 -3.2344e-05 4.9743e-10 TSX
20150213 20160326 0.00017186 6.8414e-10 TSX
20150218 20160216 -1.6496e-05 6.7199e-10 TSX
20150221 20180112 -4.946e-05 5.0992e-10 TSX
20150304 20180911 -1.2734e-05 5.9124e-10 TSX
20150307 20160211 -1.3639e-05 6.6113e-10 TSX
20150312 20160320 -1.9111e-05 6.5626e-10 TSX
20150326 20150827 6.4907e-05 6.5022e-10 TSX
20150329 20151207 -4.7025e-05 6.3752e-10 TSX
20150428 20160425 2.7727e-05 5.3959e-10 TSX
20150509 20150827 2.8039e-05 7.0992e-10 TSX
20150517 20150824 -0.00011912 7.8439e-10 TSX
20150520 20180911 -3.0597e-05 4.6446e-10 TSX
20150714 20170822 8.9597e-06 5.4893e-10 TSX
20150725 20170924 -4.2781e-05 4.2566e-10 TSX
20150802 20160309 -4.6288e-05 6.9142e-10 TSX
20150805 20160403 0.00010448 5.5664e-10 TSX
20150816 20171107 -1.1414e-06 4.3974e-10 TSX
20150824 20150915 0.00061964 8.895e-10 TSX
20150827 20170902 -6.2968e-07 4.4027e-10 TSX
20150915 20160216 -1.3496e-05 7.352e-10 TSX
20151021 20160904 -3.3293e-05 5.2054e-10 TSX
20151101 20171016 -4.0667e-05 4.4619e-10 TSX
20151112 20160425 1.1908e-06 6.2653e-10 TSX
20151115 20151229 0.00013418 8.2775e-10 TSX
20151123 20171221 -1.9524e-05 4.1732e-10 TSX
20151204 20151215 0.00015607 9.9066e-10 TSX
20151207 20160406 -8.9345e-06 7.3588e-10 TSX
20151215 20170822 -9.6363e-06 4.7227e-10 TSX
20151226 20161223 6.5709e-05 5.0156e-10 TSX
20151229 20160211 8.6502e-06 8.2775e-10 TSX
20160106 20161223 5.4804e-05 5.0093e-10 TSX
20160117 20160926 3.5246e-05 5.6167e-10 TSX
20160128 20160301 -0.00017117 8.3594e-10 TSX
20160208 20160312 -8.2808e-05 8.3594e-10 TSX
20160216 20160309 -0.00035973 8.895e-10 TSX
20160219 20180319 1.1518e-06 4.0582e-10 TSX
20160301 20161201 5.9604e-05 5.3782e-10 TSX
20160304 20160326 3.1444e-05 8.7439e-10 TSX
20160312 20180319 -1.0707e-05 4.4e-10 TSX
20160320 20160411 0.00039058 8.895e-10 TSX
20160323 20171118 2.0769e-05 4.8023e-10 TSX
20160326 20160406 -0.00050772 9.8332e-10 TSX
20160403 20171027 1.4777e-05 4.8352e-10 TSX
20160425 20170811 4.1609e-05 4.5945e-10 TSX
20160528 20160630 4.4477e-06 8.3594e-10 TSX
20160630 20171118 3.0704e-05 4.6653e-10 TSX
20160722 20161201 5.0924e-05 6.6392e-10 TSX
20160904 20180707 -4.475e-05 4.7341e-10 TSX
20160915 20180911 -1.4634e-05 4.5911e-10 TSX
20160926 20170114 2.3954e-05 6.9464e-10 TSX
20161201 20171027 2.2169e-05 5.2317e-10 TSX
20161223 20171107 -2.9066e-05 5.0944e-10 TSX
20170114 20170902 2.1678e-05 5.785e-10 TSX
20170811 20171005 -5.5841e-05 7.8974e-10 TSX
20170822 20180707 -8.1639e-05 5.1518e-10 TSX
20170913 20180707 -6.5019e-05 5.4004e-10 TSX
20170924 20180319 -0.00010148 6.1515e-10 TSX
20171005 20171107 7.262e-05 8.3594e-10 TSX
20171016 20180319 -7.8038e-05 6.373e-10 TSX
20171027 20180911 -2.3274e-05 5.1525e-10 TSX
20171107 20171118 7.6039e-05 9.9066e-10 TSX
20171118 20171129 4.2928e-05 9.9066e-10 TSX
20171129 20171221 -2.8448e-05 8.7062e-10 TSX
20171210 20180820 -9.9903e-05 5.5141e-10 TSX
20171221 20180911 -5.8491e-06 5.4433e-10 TSX
20180112 20181003 -1.807e-05 5.5125e-10 TSX
20180319 20180707 -9.6085e-05 6.9467e-10 TSX
20180707 20180911 0.00016363 7.6887e-10 TSX
20180729 20181003 -2.6308e-05 7.6887e-10 TSX
20180820 20181003 6.8917e-05 8.1165e-10 TSX
20180911 20181003 -0.00016852 8.7062e-10 TSX
