20030427 20030914 0.00012001 5.6559e-10 ERS2
20030914 20080629 -9.785e-05 2.8429e-10 ERS2
20050918 20090510 0.0001747 3.0168e-10 ERS2
20051127 20081116 -4.1333e-05 3.1184e-10 ERS2
20060903 20090510 0.0003635 3.069e-10 ERS2
20061231 20090105 0.00033306 3.1753e-10 ALOS
20070402 20070703 9.8942e-05 6.6648e-10 ALOS
20070518 20091008 0.00036234 3.0147e-10 ALOS
20070818 20071003 -5.9717e-05 7.7537e-10 ALOS
20071217 20100509 0.00011026 3.0797e-10 ALOS
20080103 20100526 -0.00018707 3.7421e-10 ALOS
20080404 20080520 8.2173e-05 7.7538e-10 ALOS
20080618 20090921 0.00019672 3.7349e-10 ALOS
20080629 20090510 -0.00045937 4.1299e-10 ERS2
20080705 20091008 0.000366 3.6663e-10 ALOS
20080803 20090823 -2.1867e-05 3.8256e-10 ERS2
20081116 20090823 6.9601e-05 4.3172e-10 ERS2
20081219 20090921 0.00060419 4.4807e-10 ALOS
20090105 20090708 0.00017966 5.3338e-10 ALOS
20090510 20091101 3.3412e-05 5.2056e-10 ERS2
20090708 20091008 0.0011333 6.6647e-10 ALOS
20090823 20091101 0.00015534 6.9857e-10 ERS2
20091222 20100624 0.00035876 5.2744e-10 ALOS
20100108 20100223 0.00042344 7.7664e-10 ALOS
20100223 20100526 -0.00020859 6.6673e-10 ALOS
20100410 20100711 -0.00014706 6.6746e-10 ALOS
20100509 20100624 0.00068536 7.7335e-10 ALOS
20100526 20100711 0.00055241 7.7538e-10 ALOS
20100624 20101109 0.00042101 5.8399e-10 ALOS
20100711 20101011 0.00074119 6.6633e-10 ALOS
20100809 20101109 0.00018817 6.6356e-10 ALOS
20101011 20101126 -4.6333e-06 7.7535e-10 ALOS
20110111 20110226 0.00087995 7.7536e-10 ALOS
20110924 20130715 0.00023587 3.2678e-10 TSX
20111005 20121229 0.0001076 3.7207e-10 TSX
20111121 20171221 -2.5307e-05 3.1643e-10 TSX
20111221 20130131 0.00018851 3.854e-10 TSX
20111224 20121027 7.2193e-05 4.1935e-10 TSX
20120126 20140419 2.6656e-05 3.4299e-10 TSX
20120203 20160320 2.2165e-05 2.8205e-10 TSX
20120206 20171107 -2.5348e-05 3.008e-10 TSX
20120617 20171129 2.203e-05 3.6938e-10 TSX
20120723 20160120 6.4312e-05 3.6938e-10 TSX
20121024 20130109 5.0612e-06 7.016e-10 TSX
20121027 20151226 4.1159e-05 3.7071e-10 TSX
20121030 20130311 5.0868e-05 5.8466e-10 TSX
20121107 20171118 4.7813e-05 4.0354e-10 TSX
20121221 20160208 7.3772e-05 4.1911e-10 TSX
20121224 20130516 0.00010145 5.6849e-10 TSX
20121229 20130407 0.00019359 6.5609e-10 TSX
20130104 20130217 0.00010408 7.7325e-10 TSX
20130109 20130715 0.00039778 5.285e-10 TSX
20130112 20140511 5.4064e-05 3.6091e-10 TSX
20130115 20130721 0.00015903 5.1403e-10 TSX
20130126 20130823 -0.00018763 5.4407e-10 TSX
20130131 20130429 2.3453e-06 6.7799e-10 TSX
20130203 20130729 0.00014713 5.2317e-10 TSX
20130211 20130919 0.00035673 4.9591e-10 TSX
20130228 20141209 0.00019565 3.2598e-10 TSX
20130311 20130801 0.00028047 5.6846e-10 TSX
20130316 20130623 0.00023233 6.5609e-10 TSX
20130402 20150122 0.00020004 3.7684e-10 TSX
20130407 20140530 0.00017387 3.8089e-10 TSX
20130421 20171016 3.5336e-05 3.8465e-10 TSX
20130424 20130721 3.6138e-05 6.6402e-10 TSX
20130429 20130623 6.6581e-05 7.5425e-10 TSX
20130505 20131028 -0.0005838 6.0094e-10 TSX
20130513 20151112 0.00012296 3.8523e-10 TSX
20130516 20131017 -0.00017238 5.6754e-10 TSX
20130521 20130715 0.00040904 7.5426e-10 TSX
20130524 20171129 4.0093e-05 4.0611e-10 TSX
20130527 20140627 0.00024505 3.8354e-10 TSX
20130601 20130930 0.00049946 6.1697e-10 TSX
20130604 20141217 5.6147e-05 3.7265e-10 TSX
20130607 20140719 0.00025798 3.7977e-10 TSX
20130612 20150105 0.00020851 3.4272e-10 TSX
20130615 20160106 6.1399e-05 3.2966e-10 TSX
20130618 20140708 0.00021677 3.8798e-10 TSX
20130623 20130715 0.00072899 8.6227e-10 TSX
20130629 20130914 0.00059432 7.0052e-10 TSX
20130707 20150130 5.386e-06 3.5299e-10 TSX
20130710 20140901 0.00021244 3.7749e-10 TSX
20130715 20130726 -0.0024029 1.0115e-09 TSX
20130721 20131108 0.00084932 6.5221e-10 TSX
20130726 20150517 8.7236e-05 3.436e-10 TSX
20130729 20160904 5.7176e-05 3.5959e-10 TSX
20130801 20151115 6.2024e-05 3.6664e-10 TSX
20130817 20140209 0.00013153 5.4095e-10 TSX
20130828 20150312 0.00010103 3.564e-10 TSX
20130903 20150329 -0.00010159 4.2633e-10 TSX
20130919 20160309 8.156e-05 3.3596e-10 TSX
20130925 20140708 0.00011185 4.6639e-10 TSX
20130930 20160411 -0.00012411 2.9507e-10 TSX
20131011 20150802 0.00011399 3.4941e-10 TSX
20131017 20140719 0.00013828 4.5886e-10 TSX
20131028 20160304 -4.8501e-05 3.5406e-10 TSX
20131102 20140519 -0.00013863 5.1712e-10 TSX
20131108 20140708 3.0761e-05 4.8001e-10 TSX
20140209 20160309 -1.0534e-05 3.3877e-10 TSX
20140223 20140829 0.00025511 5.1147e-10 TSX
20140408 20140705 -9.8171e-05 6.6131e-10 TSX
20140419 20170913 3.6767e-05 3.3315e-10 TSX
20140511 20141228 9.9018e-05 4.7028e-10 TSX
20140519 20150824 0.00027328 3.7609e-10 TSX
20140624 20171005 7.7977e-05 3.2728e-10 TSX
20140627 20151115 0.00027881 3.5755e-10 TSX
20140705 20180911 4.5453e-06 4.0669e-10 TSX
20140708 20160406 0.00021759 3.3564e-10 TSX
20140716 20171005 -2.3448e-05 3.2533e-10 TSX
20140719 20151207 0.00024318 3.4872e-10 TSX
20140727 20150326 -0.00010743 4.6455e-10 TSX
20140810 20150122 5.4805e-05 5.588e-10 TSX
20140818 20160301 -4.5764e-05 3.9872e-10 TSX
20140829 20160208 2.1587e-05 4.0565e-10 TSX
20140901 20140912 -0.00031221 9.6805e-10 TSX
20140912 20141209 -3.2694e-05 6.6404e-10 TSX
20140920 20170902 7.7842e-05 3.2848e-10 TSX
20141209 20160211 0.00024765 3.7745e-10 TSX
20141217 20160722 7.7284e-05 3.7432e-10 TSX
20141228 20160106 1.2342e-05 4.3775e-10 TSX
20141231 20151024 0.00033225 4.3153e-10 TSX
20150105 20150824 0.00018651 4.903e-10 TSX
20150108 20170811 -2.1965e-05 3.7706e-10 TSX
20150119 20160117 4.483e-05 3.9522e-10 TSX
20150127 20160411 0.00022845 3.7762e-10 TSX
20150130 20151112 0.00015927 4.3231e-10 TSX
20150210 20170114 4.5884e-05 4.1589e-10 TSX
20150213 20160326 7.5289e-05 5.3622e-10 TSX
20150218 20160216 0.00028447 4.0902e-10 TSX
20150221 20180112 4.9908e-05 3.838e-10 TSX
20150304 20180911 -1.3608e-05 3.4933e-10 TSX
20150307 20160211 0.00033813 4.0565e-10 TSX
20150312 20160320 0.00027125 4.0063e-10 TSX
20150326 20150827 0.00020024 5.5517e-10 TSX
20150329 20151207 0.0003493 4.5666e-10 TSX
20150428 20160425 0.00013703 3.9504e-10 TSX
20150509 20150827 0.00031202 6.216e-10 TSX
20150517 20150824 0.00044027 6.5619e-10 TSX
20150520 20180911 -6.1096e-05 3.5485e-10 TSX
20150714 20170822 9.8317e-05 3.632e-10 TSX
20150725 20170924 -1.2208e-05 3.4636e-10 TSX
20150802 20160309 7.6035e-05 4.9724e-10 TSX
20150805 20160403 -3.1096e-05 4.7415e-10 TSX
20150816 20171107 8.6019e-05 3.6305e-10 TSX
20150824 20150915 0.00084611 8.6218e-10 TSX
20150827 20170902 9.4397e-05 3.6105e-10 TSX
20150915 20160216 -0.00016442 5.6834e-10 TSX
20151021 20160904 -8.5059e-05 4.3276e-10 TSX
20151101 20171016 6.8653e-05 3.3347e-10 TSX
20151112 20160425 -0.00012399 5.3672e-10 TSX
20151115 20151229 0.00011964 7.7325e-10 TSX
20151123 20171221 -2.423e-05 3.4218e-10 TSX
20151204 20151215 0.00016069 9.7816e-10 TSX
20151207 20160406 -1.798e-05 6.0213e-10 TSX
20151215 20170822 0.00011626 3.5108e-10 TSX
20151226 20161223 6.2865e-05 4.0228e-10 TSX
20151229 20160211 -2.1025e-05 7.7325e-10 TSX
20160106 20161223 8.2596e-05 4.0376e-10 TSX
20160117 20160926 9.3133e-05 4.6413e-10 TSX
20160128 20160301 -0.00014798 8.066e-10 TSX
20160208 20160312 -0.00014087 8.066e-10 TSX
20160216 20160309 -0.00040575 8.6218e-10 TSX
20160219 20180319 0.00023642 3.4163e-10 TSX
20160301 20161201 0.00014471 4.4009e-10 TSX
20160304 20160326 5.0302e-05 8.4882e-10 TSX
20160312 20180319 0.00022641 3.5903e-10 TSX
20160320 20160411 0.00038628 8.6219e-10 TSX
20160323 20171118 0.00011029 3.2761e-10 TSX
20160326 20160406 -0.00049032 9.6797e-10 TSX
20160403 20171027 0.00013259 3.4663e-10 TSX
20160425 20170811 0.00016349 3.5388e-10 TSX
20160528 20160630 2.6124e-05 8.066e-10 TSX
20160630 20171118 0.00014799 3.4332e-10 TSX
20160722 20161201 0.00020473 5.8134e-10 TSX
20160904 20180707 -2.1358e-05 3.2219e-10 TSX
20160915 20180911 3.1065e-06 3.1805e-10 TSX
20160926 20170114 -1.4386e-05 6.1803e-10 TSX
20161201 20171027 0.00010773 4.0793e-10 TSX
20161223 20171107 0.00014135 4.1917e-10 TSX
20170114 20170902 0.00013403 4.7318e-10 TSX
20170811 20171005 -8.2209e-05 7.413e-10 TSX
20170822 20180707 -0.00015948 4.1371e-10 TSX
20170913 20180707 -0.00022788 4.3093e-10 TSX
20170924 20180319 0.00035479 5.237e-10 TSX
20171005 20171107 9.2076e-05 8.066e-10 TSX
20171016 20180319 0.00038815 5.5044e-10 TSX
20171027 20180911 -0.00015012 4.1492e-10 TSX
20171107 20171118 9.3766e-05 9.7816e-10 TSX
20171118 20171129 3.2602e-05 9.7816e-10 TSX
20171129 20171221 -5.2738e-05 8.5085e-10 TSX
20171210 20180820 -0.00021557 4.5399e-10 TSX
20171221 20180911 -0.0001537 4.4681e-10 TSX
20180112 20181003 0.00023774 4.5273e-10 TSX
20180319 20180707 -0.0008465 6.1812e-10 TSX
20180707 20180911 0.00026799 7.1249e-10 TSX
20180729 20181003 0.0004027 7.1249e-10 TSX
20180820 20181003 0.00046923 7.7238e-10 TSX
20180911 20181003 -4.0206e-05 8.5085e-10 TSX
