20030427 20030914 0.00012549 5.7284e-10 ERS2
20030914 20080629 2.301e-05 2.7349e-10 ERS2
20050918 20090510 -3.2122e-05 3.1347e-10 ERS2
20051127 20081116 0.000105 3.1239e-10 ERS2
20060903 20090510 -0.00012812 3.1166e-10 ERS2
20061231 20090105 -0.0002286 3.2047e-10 ALOS
20070402 20070703 -0.00015404 6.6736e-10 ALOS
20070518 20091008 4.2029e-05 3.386e-10 ALOS
20070818 20071003 -0.0002392 7.7659e-10 ALOS
20071217 20100509 -4.342e-05 3.1727e-10 ALOS
20080103 20100526 -0.00019305 3.762e-10 ALOS
20080404 20080520 8.6938e-05 7.7695e-10 ALOS
20080618 20090921 -0.00010298 3.7312e-10 ALOS
20080629 20090510 -0.00016354 4.1221e-10 ERS2
20080705 20091008 -0.00027962 3.6585e-10 ALOS
20080803 20090823 1.2844e-05 3.8294e-10 ERS2
20081116 20090823 3.8464e-05 4.3239e-10 ERS2
20081219 20090921 -4.3856e-05 4.4924e-10 ALOS
20090105 20090708 -0.00021098 5.3557e-10 ALOS
20090510 20091101 9.7327e-05 5.2093e-10 ERS2
20090708 20091008 0.00019558 6.6698e-10 ALOS
20090823 20091101 -8.2331e-05 6.9859e-10 ERS2
20091222 20100624 0.00040162 5.2698e-10 ALOS
20100108 20100223 0.00010032 7.7781e-10 ALOS
20100223 20100526 -0.00040916 6.6974e-10 ALOS
20100410 20100711 0.0001389 6.6831e-10 ALOS
20100509 20100624 0.00072935 7.7446e-10 ALOS
20100526 20100711 0.00052284 7.766e-10 ALOS
20100624 20101109 -1.1879e-05 5.8421e-10 ALOS
20100711 20101011 -0.0001288 6.6659e-10 ALOS
20100809 20101109 -9.9042e-05 6.6401e-10 ALOS
20101011 20101126 0.00026388 7.766e-10 ALOS
20110111 20110226 0.00043444 7.7655e-10 ALOS
20110924 20130715 -1.2295e-05 4.4552e-10 TSX
20111005 20121229 -4.0463e-05 4.5885e-10 TSX
20111121 20171221 6.5402e-05 3.3583e-10 TSX
20111221 20130131 -1.0078e-06 3.8899e-10 TSX
20111224 20121027 9.3458e-06 4.211e-10 TSX
20120126 20140419 1.3645e-05 4.6665e-10 TSX
20120203 20160320 5.4846e-05 3.3028e-10 TSX
20120206 20171107 1.6797e-06 5.0313e-10 TSX
20120617 20171129 -4.1134e-05 3.0574e-10 TSX
20120723 20160120 0.00010459 3.4026e-10 TSX
20121024 20130109 4.5797e-05 7.0259e-10 TSX
20121027 20151226 1.8727e-05 4.4e-10 TSX
20121030 20130311 -3.5163e-06 5.8478e-10 TSX
20121107 20171118 5.4301e-05 3.3602e-10 TSX
20121221 20160208 -1.5161e-05 4.4358e-10 TSX
20121224 20130516 -1.0279e-05 5.6892e-10 TSX
20121229 20130407 2.9996e-05 6.5673e-10 TSX
20130104 20130217 -4.1487e-05 7.7405e-10 TSX
20130109 20130715 0.0002279 5.7515e-10 TSX
20130112 20140511 -0.00016932 4.3144e-10 TSX
20130115 20130721 -9.9333e-05 5.412e-10 TSX
20130126 20130823 -0.00017504 5.4505e-10 TSX
20130131 20130429 -3.4125e-05 6.7868e-10 TSX
20130203 20130729 4.3372e-06 5.3765e-10 TSX
20130211 20130919 -2.3367e-05 5.2876e-10 TSX
20130228 20141209 -4.9515e-05 4.67e-10 TSX
20130311 20130801 -4.5366e-05 5.848e-10 TSX
20130316 20130623 -0.00011397 6.6593e-10 TSX
20130402 20150122 -0.00010941 4.0886e-10 TSX
20130407 20140530 3.6227e-06 4.2275e-10 TSX
20130421 20171016 -2.1396e-05 4.7762e-10 TSX
20130424 20130721 -0.00024062 6.701e-10 TSX
20130429 20130623 -9.6363e-05 7.5658e-10 TSX
20130505 20131028 -0.00035196 5.6683e-10 TSX
20130513 20151112 5.1309e-05 4.2854e-10 TSX
20130516 20131017 -0.00015661 5.8123e-10 TSX
20130521 20130715 0.00011806 7.5803e-10 TSX
20130524 20171129 7.7142e-05 4.6245e-10 TSX
20130527 20140627 -7.0593e-05 4.3274e-10 TSX
20130601 20130930 -1.6678e-06 6.2216e-10 TSX
20130604 20141217 -3.0573e-05 4.8518e-10 TSX
20130607 20140719 2.2764e-05 4.1877e-10 TSX
20130612 20150105 -4.731e-06 4.166e-10 TSX
20130615 20160106 -6.9894e-06 3.6231e-10 TSX
20130618 20140708 -6.5802e-05 4.2227e-10 TSX
20130623 20130715 0.00064628 8.6397e-10 TSX
20130629 20130914 0.00011462 6.9244e-10 TSX
20130707 20150130 -1.1454e-05 3.9192e-10 TSX
20130710 20140901 4.5499e-06 4.227e-10 TSX
20130715 20130726 -0.0023983 1.0133e-09 TSX
20130721 20131108 0.00047281 6.5169e-10 TSX
20130726 20150517 2.3701e-05 4.8329e-10 TSX
20130729 20160904 3.3475e-05 4.9192e-10 TSX
20130801 20151115 0.00013274 3.7162e-10 TSX
20130817 20140209 -4.4511e-05 5.4574e-10 TSX
20130828 20150312 5.0163e-05 4.9923e-10 TSX
20130903 20150329 -0.00016079 4.5343e-10 TSX
20130919 20160309 3.257e-06 3.7329e-10 TSX
20130925 20140708 -0.00010166 4.4821e-10 TSX
20130930 20160411 5.4697e-05 3.6923e-10 TSX
20131011 20150802 -4.4846e-06 4.1461e-10 TSX
20131017 20140719 -6.3697e-05 4.7868e-10 TSX
20131028 20160304 -0.00010513 3.5851e-10 TSX
20131102 20140519 -4.9779e-05 5.1799e-10 TSX
20131108 20140708 -3.8292e-05 4.9652e-10 TSX
20140209 20160309 -3.0709e-05 3.8603e-10 TSX
20140223 20140829 3.0792e-06 5.1138e-10 TSX
20140408 20140705 -4.4987e-05 6.6151e-10 TSX
20140419 20170913 -5.1646e-05 3.9282e-10 TSX
20140511 20141228 3.965e-05 5.0044e-10 TSX
20140519 20150824 -4.1941e-05 4.0249e-10 TSX
20140624 20171005 2.3785e-05 5.1929e-10 TSX
20140627 20151115 8.9917e-05 4.2008e-10 TSX
20140705 20180911 -4.9807e-05 4.1766e-10 TSX
20140708 20160406 -3.1268e-05 4.1647e-10 TSX
20140716 20171005 8.3717e-05 4.4125e-10 TSX
20140719 20151207 -6.4324e-05 3.9309e-10 TSX
20140727 20150326 -3.7811e-05 4.6765e-10 TSX
20140810 20150122 1.0255e-05 5.7175e-10 TSX
20140818 20160301 2.2179e-05 4.8785e-10 TSX
20140829 20160208 -0.0001425 4.728e-10 TSX
20140901 20140912 -0.00027909 9.6922e-10 TSX
20140912 20141209 2.9634e-05 6.6516e-10 TSX
20140920 20170902 5.6571e-05 4.1451e-10 TSX
20141209 20160211 6.9337e-05 4.4276e-10 TSX
20141217 20160722 3.1273e-05 3.9811e-10 TSX
20141228 20160106 -4.0372e-06 4.189e-10 TSX
20141231 20151024 3.2297e-05 4.6332e-10 TSX
20150105 20150824 -0.00017833 5.3157e-10 TSX
20150108 20170811 -3.8489e-05 4.432e-10 TSX
20150119 20160117 8.8952e-05 4.367e-10 TSX
20150127 20160411 6.4567e-05 4.0445e-10 TSX
20150130 20151112 0.00010962 5.0039e-10 TSX
20150210 20170114 -1.6795e-05 3.5979e-10 TSX
20150213 20160326 3.5632e-06 4.5506e-10 TSX
20150218 20160216 1.9238e-05 4.5078e-10 TSX
20150221 20180112 0.0001084 3.4998e-10 TSX
20150304 20180911 6.4848e-05 4.9811e-10 TSX
20150307 20160211 -3.214e-05 4.4769e-10 TSX
20150312 20160320 -7.8227e-05 4.3805e-10 TSX
20150326 20150827 -5.4298e-06 5.7395e-10 TSX
20150329 20151207 -0.00014047 5.0647e-10 TSX
20150428 20160425 -1.9594e-05 5.047e-10 TSX
20150509 20150827 -9.7776e-05 6.5026e-10 TSX
20150517 20150824 -0.00024801 6.6429e-10 TSX
20150520 20180911 8.0698e-05 4.2507e-10 TSX
20150714 20170822 -8.7069e-05 3.5369e-10 TSX
20150725 20170924 3.9247e-05 4.3159e-10 TSX
20150802 20160309 -1.1942e-05 5.2689e-10 TSX
20150805 20160403 3.0507e-05 4.7446e-10 TSX
20150816 20171107 3.9066e-05 4.211e-10 TSX
20150824 20150915 0.0006911 8.6386e-10 TSX
20150827 20170902 2.9148e-05 5.2701e-10 TSX
20150915 20160216 -7.0362e-05 5.7983e-10 TSX
20151021 20160904 -3.557e-05 4.4033e-10 TSX
20151101 20171016 9.6246e-05 3.4771e-10 TSX
20151112 20160425 3.0515e-06 5.4203e-10 TSX
20151115 20151229 9.017e-05 7.7402e-10 TSX
20151123 20171221 2.4083e-05 3.6065e-10 TSX
20151204 20151215 0.0001689 9.7863e-10 TSX
20151207 20160406 1.3246e-05 6.0229e-10 TSX
20151215 20170822 2.8868e-05 4.4279e-10 TSX
20151226 20161223 1.6774e-05 4.0033e-10 TSX
20151229 20160211 -2.19e-05 7.7405e-10 TSX
20160106 20161223 4.9059e-05 4.0071e-10 TSX
20160117 20160926 5.4837e-05 4.6928e-10 TSX
20160128 20160301 -0.0002334 8.0696e-10 TSX
20160208 20160312 -9.0738e-05 8.0696e-10 TSX
20160216 20160309 -0.00039124 8.6386e-10 TSX
20160219 20180319 5.231e-05 4.4214e-10 TSX
20160301 20161201 6.8837e-05 4.3927e-10 TSX
20160304 20160326 8.9496e-05 8.4993e-10 TSX
20160312 20180319 -2.0947e-05 4.3065e-10 TSX
20160320 20160411 0.0003412 8.6387e-10 TSX
20160323 20171118 3.2239e-05 4.5587e-10 TSX
20160326 20160406 -0.00053475 9.6915e-10 TSX
20160403 20171027 -0.00010097 4.9205e-10 TSX
20160425 20170811 4.6428e-05 4.2879e-10 TSX
20160528 20160630 6.5425e-06 8.0696e-10 TSX
20160630 20171118 6.8807e-05 4.7515e-10 TSX
20160722 20161201 0.00010618 5.8249e-10 TSX
20160904 20180707 -1.5217e-05 4.7781e-10 TSX
20160915 20180911 -1.7488e-05 4.4004e-10 TSX
20160926 20170114 4.8197e-05 6.2195e-10 TSX
20161201 20171027 -2.6972e-05 4.833e-10 TSX
20161223 20171107 -1.1736e-05 4.7025e-10 TSX
20170114 20170902 5.2417e-05 5.1217e-10 TSX
20170811 20171005 6.2457e-06 7.4153e-10 TSX
20170822 20180707 -0.00010083 4.1642e-10 TSX
20170913 20180707 -0.00015458 4.2514e-10 TSX
20170924 20180319 -4.0951e-05 5.2345e-10 TSX
20171005 20171107 7.1861e-05 8.0696e-10 TSX
20171016 20180319 -3.4492e-05 5.5016e-10 TSX
20171027 20180911 -5.1541e-05 4.1496e-10 TSX
20171107 20171118 7.6203e-05 9.7863e-10 TSX
20171118 20171129 5.8449e-05 9.7863e-10 TSX
20171129 20171221 -7.7131e-06 8.5127e-10 TSX
20171210 20180820 -0.00010216 4.5334e-10 TSX
20171221 20180911 -6.852e-05 4.4716e-10 TSX
20180112 20181003 -7.1115e-07 4.4605e-10 TSX
20180319 20180707 -0.00019016 6.1827e-10 TSX
20180707 20180911 0.00029534 7.1266e-10 TSX
20180729 20181003 7.3053e-05 7.1266e-10 TSX
20180820 20181003 0.00017279 7.7267e-10 TSX
20180911 20181003 -0.00018878 8.5127e-10 TSX
