20030427 20030914 -0.00011543 5.677e-10 ERS2
20030914 20080629 0.00015621 2.8345e-10 ERS2
20050918 20090510 9.7451e-05 3.0232e-10 ERS2
20051127 20081116 -1.518e-05 3.085e-10 ERS2
20060903 20090510 6.0378e-05 3.0763e-10 ERS2
20061231 20090105 0.00044712 3.1564e-10 ALOS
20070402 20070703 2.8862e-05 6.6618e-10 ALOS
20070518 20091008 0.00028022 3.3149e-10 ALOS
20070818 20071003 -1.296e-05 7.7504e-10 ALOS
20071217 20100509 0.000333 3.0333e-10 ALOS
20080103 20100526 0.00039079 3.0093e-10 ALOS
20080404 20080520 0.00011046 7.7506e-10 ALOS
20080618 20090921 0.00025924 3.7258e-10 ALOS
20080629 20090510 -0.00036179 4.1179e-10 ERS2
20080705 20091008 0.00021499 3.6581e-10 ALOS
20080803 20090823 -7.7591e-06 3.8265e-10 ERS2
20081116 20090823 0.00012417 4.3213e-10 ERS2
20081219 20090921 0.00036163 4.5001e-10 ALOS
20090105 20090708 9.0445e-05 5.2969e-10 ALOS
20090510 20091101 0.00073504 5.2187e-10 ERS2
20090708 20091008 0.00084919 6.6611e-10 ALOS
20090823 20091101 7.6658e-05 6.9852e-10 ERS2
20091222 20100624 0.00026354 5.2762e-10 ALOS
20100108 20100223 0.00026142 7.7541e-10 ALOS
20100223 20100526 -3.3945e-05 6.6624e-10 ALOS
20100410 20100711 -8.1435e-06 6.6631e-10 ALOS
20100509 20100624 0.00057878 7.7307e-10 ALOS
20100526 20100711 0.00038142 7.7505e-10 ALOS
20100624 20101109 0.00026103 5.8398e-10 ALOS
20100711 20101011 0.0003393 6.6624e-10 ALOS
20100809 20101109 0.000177 6.6353e-10 ALOS
20101011 20101126 7.2655e-05 7.7503e-10 ALOS
20110111 20110226 0.00065206 7.7505e-10 ALOS
20110924 20130715 0.00023994 3.2419e-10 TSX
20111005 20121229 0.00023769 3.6904e-10 TSX
20111121 20171221 1.7126e-05 3.6801e-10 TSX
20111221 20130131 0.0002539 3.8543e-10 TSX
20111224 20121027 9.8949e-05 4.1936e-10 TSX
20120126 20140419 3.4485e-05 3.1275e-10 TSX
20120203 20160320 5.937e-05 3.3416e-10 TSX
20120206 20171107 8.9744e-06 3.6986e-10 TSX
20120617 20171129 5.1998e-05 4.1616e-10 TSX
20120723 20160120 0.00019378 3.6028e-10 TSX
20121024 20130109 -3.3312e-05 7.0153e-10 TSX
20121027 20151226 8.5276e-05 3.5752e-10 TSX
20121030 20130311 8.731e-05 5.8465e-10 TSX
20121107 20171118 7.1516e-05 4.1905e-10 TSX
20121221 20160208 1.9359e-05 3.5733e-10 TSX
20121224 20130516 -3.9185e-05 5.6848e-10 TSX
20121229 20130407 0.00024518 6.5606e-10 TSX
20130104 20130217 0.00014316 7.7304e-10 TSX
20130109 20130715 0.00020276 5.2856e-10 TSX
20130112 20140511 4.3487e-05 3.5825e-10 TSX
20130115 20130721 -8.8892e-07 5.1397e-10 TSX
20130126 20130823 0.00011824 5.2712e-10 TSX
20130131 20130429 -5.2686e-05 6.7794e-10 TSX
20130203 20130729 0.00015544 5.2308e-10 TSX
20130211 20130919 0.00017525 4.9591e-10 TSX
20130228 20141209 0.00025115 3.1645e-10 TSX
20130311 20130801 0.00015011 5.6844e-10 TSX
20130316 20130623 7.0781e-05 6.5606e-10 TSX
20130402 20150122 8.103e-05 3.4843e-10 TSX
20130407 20140530 0.00016659 3.8092e-10 TSX
20130421 20171016 0.00011148 3.278e-10 TSX
20130424 20130721 -0.00010962 6.6401e-10 TSX
20130429 20130623 2.9717e-05 7.5401e-10 TSX
20130505 20131028 -0.00044882 5.6612e-10 TSX
20130513 20151112 0.00013046 3.4634e-10 TSX
20130516 20131017 -4.6891e-05 6.0763e-10 TSX
20130521 20130715 0.00023252 7.5403e-10 TSX
20130524 20171129 1.2317e-05 4.3117e-10 TSX
20130527 20140627 0.00022046 3.8382e-10 TSX
20130601 20130930 0.00030758 6.1696e-10 TSX
20130604 20141217 6.6695e-05 3.5108e-10 TSX
20130607 20140719 0.0003326 3.8009e-10 TSX
20130612 20150105 0.00025643 3.4038e-10 TSX
20130615 20160106 0.00011423 3.5237e-10 TSX
20130618 20140708 0.00025149 3.8789e-10 TSX
20130623 20130715 0.00065446 8.6126e-10 TSX
20130629 20130914 0.00033665 7.0026e-10 TSX
20130707 20150130 3.1609e-05 3.4389e-10 TSX
20130710 20140901 0.00027619 3.7697e-10 TSX
20130715 20130726 -0.0023693 1.0102e-09 TSX
20130721 20131108 0.00082455 6.7018e-10 TSX
20130726 20150517 0.00026395 3.2691e-10 TSX
20130729 20160904 7.4256e-05 3.7177e-10 TSX
20130801 20151115 0.00029809 3.1254e-10 TSX
20130817 20140209 0.00023882 5.4095e-10 TSX
20130828 20150312 0.00026783 3.4414e-10 TSX
20130903 20150329 -0.00011281 3.4239e-10 TSX
20130919 20160309 2.9246e-05 3.1344e-10 TSX
20130925 20140708 0.00024374 4.4575e-10 TSX
20130930 20160411 0.00015061 3.1484e-10 TSX
20131011 20150802 0.00024004 3.4931e-10 TSX
20131017 20140719 0.00016898 4.4357e-10 TSX
20131028 20160304 0.0001126 3.0833e-10 TSX
20131102 20140519 -0.00014719 5.1711e-10 TSX
20131108 20140708 0.00020221 4.8088e-10 TSX
20140209 20160309 0.00018734 3.3937e-10 TSX
20140223 20140829 0.00013257 5.1109e-10 TSX
20140408 20140705 2.5373e-05 6.6126e-10 TSX
20140419 20170913 0.00014092 3.7048e-10 TSX
20140511 20141228 0.0001675 4.6993e-10 TSX
20140519 20150824 0.00033211 3.798e-10 TSX
20140624 20171005 9.5302e-05 3.3989e-10 TSX
20140627 20151115 0.00032727 3.5199e-10 TSX
20140705 20180911 7.2464e-05 4.3241e-10 TSX
20140708 20160406 0.00027258 3.3797e-10 TSX
20140716 20171005 3.5971e-05 3.8905e-10 TSX
20140719 20151207 0.0002527 3.5008e-10 TSX
20140727 20150326 7.0801e-05 4.6157e-10 TSX
20140810 20150122 0.00014847 5.3962e-10 TSX
20140818 20160301 0.00011136 3.8913e-10 TSX
20140829 20160208 0.00014058 3.9464e-10 TSX
20140901 20140912 -0.00032141 9.6712e-10 TSX
20140912 20141209 0.00015041 6.6401e-10 TSX
20140920 20170902 6.7322e-05 3.7628e-10 TSX
20141209 20160211 0.00023653 3.747e-10 TSX
20141217 20160722 0.00012592 3.8936e-10 TSX
20141228 20160106 0.00012619 4.1433e-10 TSX
20141231 20151024 0.00024446 4.3459e-10 TSX
20150105 20150824 0.00016144 4.8705e-10 TSX
20150108 20170811 -2.3088e-05 3.7229e-10 TSX
20150119 20160117 0.00014879 4.2026e-10 TSX
20150127 20160411 0.00033319 3.842e-10 TSX
20150130 20151112 0.0001153 4.3867e-10 TSX
20150210 20170114 8.7953e-05 3.6216e-10 TSX
20150213 20160326 -0.00022066 4.0268e-10 TSX
20150218 20160216 0.00026453 4.0635e-10 TSX
20150221 20180112 0.00014439 4.1045e-10 TSX
20150304 20180911 8.1645e-05 3.7132e-10 TSX
20150307 20160211 0.00028852 4.1179e-10 TSX
20150312 20160320 0.00024293 4.0186e-10 TSX
20150326 20150827 0.00023415 5.5842e-10 TSX
20150329 20151207 0.00024826 4.5463e-10 TSX
20150428 20160425 0.00015735 4.2783e-10 TSX
20150509 20150827 0.00020342 6.256e-10 TSX
20150517 20150824 0.00026203 6.5672e-10 TSX
20150520 20180911 7.4703e-05 3.2458e-10 TSX
20150714 20170822 4.3899e-05 3.9952e-10 TSX
20150725 20170924 5.3613e-05 4.0436e-10 TSX
20150802 20160309 0.00018103 4.9649e-10 TSX
20150805 20160403 8.0051e-05 4.6718e-10 TSX
20150816 20171107 9.5453e-05 3.8824e-10 TSX
20150824 20150915 0.00079451 8.6116e-10 TSX
20150827 20170902 9.6372e-05 3.515e-10 TSX
20150915 20160216 2.8288e-06 5.6829e-10 TSX
20151021 20160904 2.9679e-06 4.1801e-10 TSX
20151101 20171016 0.00011074 3.366e-10 TSX
20151112 20160425 3.9714e-05 5.3602e-10 TSX
20151115 20151229 0.00019522 7.7304e-10 TSX
20151123 20171221 5.3289e-05 3.3694e-10 TSX
20151204 20151215 0.00017773 9.7719e-10 TSX
20151207 20160406 5.0836e-05 6.0215e-10 TSX
20151215 20170822 8.3678e-05 3.38e-10 TSX
20151226 20161223 7.5276e-05 3.9391e-10 TSX
20151229 20160211 1.8887e-05 7.7304e-10 TSX
20160106 20161223 0.00010141 3.9746e-10 TSX
20160117 20160926 0.00011329 4.5231e-10 TSX
20160128 20160301 -0.0002048 8.061e-10 TSX
20160208 20160312 -7.9162e-05 8.061e-10 TSX
20160216 20160309 -0.00040216 8.6116e-10 TSX
20160219 20180319 3.6677e-05 3.2581e-10 TSX
20160301 20161201 0.00015044 4.382e-10 TSX
20160304 20160326 1.4665e-05 8.4816e-10 TSX
20160312 20180319 3.8931e-05 3.3127e-10 TSX
20160320 20160411 0.00043501 8.6117e-10 TSX
20160323 20171118 0.00010786 3.3512e-10 TSX
20160326 20160406 -0.00048907 9.6705e-10 TSX
20160403 20171027 8.6846e-05 3.6119e-10 TSX
20160425 20170811 8.9346e-05 3.5854e-10 TSX
20160528 20160630 5.9544e-05 8.061e-10 TSX
20160630 20171118 6.8461e-05 3.4398e-10 TSX
20160722 20161201 0.00021818 5.8132e-10 TSX
20160904 20180707 2.9586e-05 3.3166e-10 TSX
20160915 20180911 8.1085e-05 3.2259e-10 TSX
20160926 20170114 6.4824e-05 6.1792e-10 TSX
20161201 20171027 5.8086e-05 4.0584e-10 TSX
20161223 20171107 3.7637e-05 4.0898e-10 TSX
20170114 20170902 6.2464e-05 4.7113e-10 TSX
20170811 20171005 -2.5403e-05 7.4113e-10 TSX
20170822 20180707 -3.1191e-05 4.137e-10 TSX
20170913 20180707 -5.39e-05 4.2552e-10 TSX
20170924 20180319 -9.9247e-05 5.232e-10 TSX
20171005 20171107 6.481e-05 8.061e-10 TSX
20171016 20180319 -9.7611e-05 5.5008e-10 TSX
20171027 20180911 2.6167e-05 4.1367e-10 TSX
20171107 20171118 7.9166e-05 9.7719e-10 TSX
20171118 20171129 4.0097e-05 9.7719e-10 TSX
20171129 20171221 -9.8884e-06 8.501e-10 TSX
20171210 20180820 2.1902e-07 4.5349e-10 TSX
20171221 20180911 3.1715e-05 4.4566e-10 TSX
20180112 20181003 8.3e-05 4.4607e-10 TSX
20180319 20180707 -6.975e-05 6.1797e-10 TSX
20180707 20180911 0.00038063 7.1239e-10 TSX
20180729 20181003 0.00014203 7.1239e-10 TSX
20180820 20181003 0.00022072 7.7208e-10 TSX
20180911 20181003 -0.00017109 8.5011e-10 TSX
