20030427 20030914 -3.4081e-05 5.703e-10 ERS2
20030914 20080629 2.4415e-05 2.9329e-10 ERS2
20050918 20090510 8.5104e-06 3.3405e-10 ERS2
20051127 20081116 0.00011441 3.3097e-10 ERS2
20060903 20090510 0.00010682 3.3199e-10 ERS2
20061231 20090105 -4.044e-05 3.3252e-10 ALOS
20070402 20070703 4.5679e-05 6.913e-10 ALOS
20070518 20091008 -1.7416e-05 3.248e-10 ALOS
20070818 20071003 -0.00045201 7.9697e-10 ALOS
20071217 20100509 -3.6562e-05 3.1139e-10 ALOS
20080103 20100526 -9.1432e-05 3.2592e-10 ALOS
20080404 20080520 -3.7345e-05 7.9716e-10 ALOS
20080618 20090921 -4.9471e-05 3.7659e-10 ALOS
20080629 20090510 -0.00030488 4.1891e-10 ERS2
20080705 20091008 6.0136e-06 3.7584e-10 ALOS
20080803 20090823 -1.7507e-05 3.8879e-10 ERS2
20081116 20090823 -3.3431e-05 4.3583e-10 ERS2
20081219 20090921 -4.5141e-05 4.543e-10 ALOS
20090105 20090708 8.0101e-06 5.4476e-10 ALOS
20090510 20091101 0.00019842 5.2444e-10 ERS2
20090708 20091008 0.00012053 6.9062e-10 ALOS
20090823 20091101 0.0012129 7.0772e-10 ERS2
20091222 20100624 -1.4325e-05 5.4141e-10 ALOS
20100108 20100223 0.00038805 7.9741e-10 ALOS
20100223 20100526 -2.0166e-05 6.9276e-10 ALOS
20100410 20100711 5.6222e-05 6.9175e-10 ALOS
20100509 20100624 0.00054738 7.942e-10 ALOS
20100526 20100711 0.0003824 7.9708e-10 ALOS
20100624 20101109 -6.0844e-05 6.019e-10 ALOS
20100711 20101011 -0.00024894 6.9049e-10 ALOS
20100809 20101109 2.1274e-05 6.8612e-10 ALOS
20101011 20101126 0.00030691 7.9714e-10 ALOS
20110111 20110226 0.00056084 7.9709e-10 ALOS
20110924 20130715 3.7439e-05 3.2692e-10 TSX
20111005 20121229 -4.6652e-05 3.7798e-10 TSX
20111121 20171221 -2.1311e-06 3.1117e-10 TSX
20111221 20130131 4.3329e-06 3.913e-10 TSX
20111224 20121027 -5.0691e-05 4.2307e-10 TSX
20120126 20140419 -2.5204e-05 3.2432e-10 TSX
20120203 20160320 3.9782e-05 3.382e-10 TSX
20120206 20171107 -2.0273e-05 4.0217e-10 TSX
20120617 20171129 5.2895e-06 4.2019e-10 TSX
20120723 20160120 1.9655e-05 3.8249e-10 TSX
20121024 20130109 -3.8124e-05 7.2927e-10 TSX
20121027 20151226 -5.2222e-06 3.9403e-10 TSX
20121030 20130311 0.00011376 5.9872e-10 TSX
20121107 20171118 -1.0302e-05 3.806e-10 TSX
20121221 20160208 1.0803e-05 4.2706e-10 TSX
20121224 20130516 -3.5822e-05 5.8155e-10 TSX
20121229 20130407 5.1074e-06 6.8186e-10 TSX
20130104 20130217 0.00012881 7.9117e-10 TSX
20130109 20130715 0.00017251 5.5095e-10 TSX
20130112 20140511 -3.3928e-05 4.0177e-10 TSX
20130115 20130721 -4.8277e-05 5.2429e-10 TSX
20130126 20130823 -3.2422e-06 5.3027e-10 TSX
20130131 20130429 0.00012676 7.0428e-10 TSX
20130203 20130729 -1.3611e-05 5.2678e-10 TSX
20130211 20130919 -3.7125e-05 5.0947e-10 TSX
20130228 20141209 -9.7979e-06 3.5113e-10 TSX
20130311 20130801 -0.00011222 5.8146e-10 TSX
20130316 20130623 9.2198e-06 6.8166e-10 TSX
20130402 20150122 9.6995e-05 3.7562e-10 TSX
20130407 20140530 6.9138e-05 3.8647e-10 TSX
20130421 20171016 -9.9619e-06 3.9727e-10 TSX
20130424 20130721 -0.00015364 6.8246e-10 TSX
20130429 20130623 -0.00012195 7.7884e-10 TSX
20130505 20131028 6.6079e-05 5.7327e-10 TSX
20130513 20151112 1.8512e-05 4.31e-10 TSX
20130516 20131017 -0.00051862 5.9179e-10 TSX
20130521 20130715 0.0001761 7.7876e-10 TSX
20130524 20171129 -5.1556e-06 3.5935e-10 TSX
20130527 20140627 -3.6341e-06 3.8998e-10 TSX
20130601 20130930 -4.5022e-05 6.4041e-10 TSX
20130604 20141217 -2.5321e-06 3.5159e-10 TSX
20130607 20140719 1.2187e-05 3.8607e-10 TSX
20130612 20150105 1.6744e-05 3.4296e-10 TSX
20130615 20160106 -6.4726e-06 3.9335e-10 TSX
20130618 20140708 -3.442e-05 3.9412e-10 TSX
20130623 20130715 0.00064349 8.7744e-10 TSX
20130629 20130914 1.3518e-06 7.1714e-10 TSX
20130707 20150130 -8.842e-06 3.4301e-10 TSX
20130710 20140901 -3.0474e-05 3.8241e-10 TSX
20130715 20130726 -0.0024184 1.0235e-09 TSX
20130721 20131108 -9.7719e-05 6.6015e-10 TSX
20130726 20150517 2.4156e-05 3.5268e-10 TSX
20130729 20160904 -9.1006e-06 3.4069e-10 TSX
20130801 20151115 5.3947e-06 3.9425e-10 TSX
20130817 20140209 1.7766e-05 5.5838e-10 TSX
20130828 20150312 -4.8153e-05 3.4931e-10 TSX
20130903 20150329 3.1605e-05 3.6622e-10 TSX
20130919 20160309 4.1233e-05 3.3422e-10 TSX
20130925 20140708 4.8144e-05 4.9494e-10 TSX
20130930 20160411 -3.1456e-06 3.3403e-10 TSX
20131011 20150802 3.038e-06 3.5598e-10 TSX
20131017 20140719 8.7501e-05 4.9343e-10 TSX
20131028 20160304 -0.00010466 3.7601e-10 TSX
20131102 20140519 0.00020243 5.325e-10 TSX
20131108 20140708 0.00019528 5.6536e-10 TSX
20140209 20160309 -1.0734e-05 3.9441e-10 TSX
20140223 20140829 2.3056e-05 5.1457e-10 TSX
20140408 20140705 -1.9423e-05 6.6936e-10 TSX
20140419 20170913 -1.0657e-05 4.2005e-10 TSX
20140511 20141228 3.3484e-05 4.7351e-10 TSX
20140519 20150824 -4.6827e-05 3.7692e-10 TSX
20140624 20171005 -7.9266e-08 3.5396e-10 TSX
20140627 20151115 -5.357e-05 4.2084e-10 TSX
20140705 20180911 5.0424e-06 3.1562e-10 TSX
20140708 20160406 5.8237e-05 3.5425e-10 TSX
20140716 20171005 -1.2445e-05 3.5387e-10 TSX
20140719 20151207 -2.6713e-05 4.1608e-10 TSX
20140727 20150326 -2.4036e-05 4.6468e-10 TSX
20140810 20150122 4.7126e-05 5.8848e-10 TSX
20140818 20160301 -1.01e-05 3.6419e-10 TSX
20140829 20160208 -4.4836e-06 3.9915e-10 TSX
20140901 20140912 -0.00026176 9.7797e-10 TSX
20140912 20141209 -4.516e-05 6.825e-10 TSX
20140920 20170902 -1.2237e-05 4.3653e-10 TSX
20141209 20160211 -3.0044e-05 3.7593e-10 TSX
20141217 20160722 -1.1128e-05 3.975e-10 TSX
20141228 20160106 -1.1693e-05 4.0395e-10 TSX
20141231 20151024 -5.4164e-05 4.4365e-10 TSX
20150105 20150824 1.6412e-05 5.0766e-10 TSX
20150108 20170811 -5.5318e-06 4.4322e-10 TSX
20150119 20160117 -1.6861e-05 4.01e-10 TSX
20150127 20160411 5.7579e-06 4.1603e-10 TSX
20150130 20151112 3.3354e-05 4.3391e-10 TSX
20150210 20170114 -2.2754e-05 3.9904e-10 TSX
20150213 20160326 0.00013462 4.1439e-10 TSX
20150218 20160216 -1.6113e-05 4.1204e-10 TSX
20150221 20180112 -2.6625e-05 4.0853e-10 TSX
20150304 20180911 -2.1009e-05 3.7499e-10 TSX
20150307 20160211 -3.835e-05 4.2206e-10 TSX
20150312 20160320 4.9417e-06 4.1409e-10 TSX
20150326 20150827 5.3418e-05 5.5732e-10 TSX
20150329 20151207 -8.0423e-05 4.675e-10 TSX
20150428 20160425 4.4728e-06 4.0663e-10 TSX
20150509 20150827 1.504e-05 6.2947e-10 TSX
20150517 20150824 -0.00017169 6.8721e-10 TSX
20150520 20180911 -7.6055e-06 4.2336e-10 TSX
20150714 20170822 3.9067e-05 3.5641e-10 TSX
20150725 20170924 -2.2395e-07 3.6925e-10 TSX
20150802 20160309 -2.6684e-05 5.0983e-10 TSX
20150805 20160403 3.0804e-05 4.6635e-10 TSX
20150816 20171107 7.3612e-07 3.6122e-10 TSX
20150824 20150915 0.00056615 8.7736e-10 TSX
20150827 20170902 -9.9205e-06 3.1487e-10 TSX
20150915 20160216 2.3556e-05 5.8869e-10 TSX
20151021 20160904 -2.2343e-05 4.2792e-10 TSX
20151101 20171016 -1.0975e-05 3.4291e-10 TSX
20151112 20160425 6.8498e-06 5.4144e-10 TSX
20151115 20151229 0.00013018 7.9117e-10 TSX
20151123 20171221 -5.9185e-07 3.5078e-10 TSX
20151204 20151215 0.00015046 9.8627e-10 TSX
20151207 20160406 4.474e-06 6.1733e-10 TSX
20151215 20170822 8.28e-06 3.7668e-10 TSX
20151226 20161223 5.5009e-05 3.9766e-10 TSX
20151229 20160211 3.18e-06 7.9117e-10 TSX
20160106 20161223 4.6415e-05 4.025e-10 TSX
20160117 20160926 4.0706e-05 4.6039e-10 TSX
20160128 20160301 -0.0001598 8.1722e-10 TSX
20160208 20160312 -6.9118e-05 8.1722e-10 TSX
20160216 20160309 -0.000331 8.7736e-10 TSX
20160219 20180319 -7.5178e-06 3.3442e-10 TSX
20160301 20161201 4.0197e-05 4.4201e-10 TSX
20160304 20160326 1.1736e-05 8.6151e-10 TSX
20160312 20180319 -2.188e-05 3.2158e-10 TSX
20160320 20160411 0.00038775 8.7737e-10 TSX
20160323 20171118 1.5286e-05 3.5325e-10 TSX
20160326 20160406 -0.00049922 9.7786e-10 TSX
20160403 20171027 3.4678e-05 4.0993e-10 TSX
20160425 20170811 1.4644e-05 3.6083e-10 TSX
20160528 20160630 6.7754e-06 8.1722e-10 TSX
20160630 20171118 1.3313e-05 3.446e-10 TSX
20160722 20161201 1.0997e-05 5.8633e-10 TSX
20160904 20180707 -2.1931e-05 3.3036e-10 TSX
20160915 20180911 -1.5556e-05 3.1752e-10 TSX
20160926 20170114 -6.8394e-06 6.2447e-10 TSX
20161201 20171027 2.1348e-05 4.1287e-10 TSX
20161223 20171107 -2.5831e-05 4.2684e-10 TSX
20170114 20170902 1.9956e-05 4.845e-10 TSX
20170811 20171005 -5.6162e-05 7.5208e-10 TSX
20170822 20180707 -5.0483e-05 4.1748e-10 TSX
20170913 20180707 -2.9394e-05 4.3574e-10 TSX
20170924 20180319 -9.9219e-05 5.2686e-10 TSX
20171005 20171107 7.3462e-05 8.1722e-10 TSX
20171016 20180319 -6.7189e-05 5.5434e-10 TSX
20171027 20180911 -1.5603e-05 4.1754e-10 TSX
20171107 20171118 7.8043e-05 9.8627e-10 TSX
20171118 20171129 4.0146e-05 9.8627e-10 TSX
20171129 20171221 -3.5403e-05 8.603e-10 TSX
20171210 20180820 -6.1756e-05 4.5664e-10 TSX
20171221 20180911 2.5693e-05 4.4959e-10 TSX
20180112 20181003 -3.1964e-05 4.4899e-10 TSX
20180319 20180707 -6.4266e-05 6.2427e-10 TSX
20180707 20180911 0.00013853 7.2252e-10 TSX
20180729 20181003 -3.5327e-05 7.2252e-10 TSX
20180820 20181003 4.0785e-05 7.8344e-10 TSX
20180911 20181003 -0.00016653 8.6031e-10 TSX
