20030427 20030914 -0.00063692 5.6434e-10 ERS2
20030914 20080629 9.3797e-05 2.7484e-10 ERS2
20050918 20090510 2.443e-05 2.9909e-10 ERS2
20051127 20081116 0.00012604 3.0082e-10 ERS2
20060903 20090510 9.0909e-05 3.1519e-10 ERS2
20061231 20090105 4.4902e-05 3.1287e-10 ALOS
20070402 20070703 -0.00016475 6.6672e-10 ALOS
20070518 20091008 -3.9315e-05 2.9727e-10 ALOS
20070818 20071003 -0.00046222 7.7742e-10 ALOS
20071217 20100509 -5.9846e-05 2.9749e-10 ALOS
20080103 20100526 -2.5601e-05 2.9723e-10 ALOS
20080404 20080520 -6.6869e-05 7.7742e-10 ALOS
20080618 20090921 -6.1753e-06 3.7137e-10 ALOS
20080629 20090510 -3.6258e-05 4.1251e-10 ERS2
20080705 20091008 -5.8028e-05 3.6527e-10 ALOS
20080803 20090823 4.8311e-05 3.8296e-10 ERS2
20081116 20090823 -7.2652e-05 4.3308e-10 ERS2
20081219 20090921 0.00019308 4.4606e-10 ALOS
20090105 20090708 -7.9586e-05 5.281e-10 ALOS
20090510 20091101 -8.5644e-05 5.2008e-10 ERS2
20090708 20091008 0.00016021 6.6672e-10 ALOS
20090823 20091101 0.00045726 6.9951e-10 ERS2
20091222 20100624 -5.4192e-05 5.2526e-10 ALOS
20100108 20100223 -0.00022785 7.7754e-10 ALOS
20100223 20100526 -6.7006e-05 6.6672e-10 ALOS
20100410 20100711 -9.9676e-05 6.6671e-10 ALOS
20100509 20100624 0.00068256 7.7533e-10 ALOS
20100526 20100711 0.00032905 7.7743e-10 ALOS
20100624 20101109 -9.7602e-05 5.84e-10 ALOS
20100711 20101011 -0.00020107 6.6674e-10 ALOS
20100809 20101109 -9.3331e-06 6.64e-10 ALOS
20101011 20101126 0.00021156 7.7743e-10 ALOS
20110111 20110226 0.00053925 7.7741e-10 ALOS
20110924 20130715 2.8436e-05 3.2466e-10 TSX
20111005 20121229 -9.9853e-06 3.6855e-10 TSX
20111121 20171221 -9.4354e-06 2.3968e-10 TSX
20111221 20130131 -1.1941e-05 3.8516e-10 TSX
20111224 20121027 -2.0727e-06 4.1977e-10 TSX
20120126 20140419 8.3357e-06 2.8911e-10 TSX
20120203 20160320 5.438e-06 2.4491e-10 TSX
20120206 20171107 -3.2112e-07 2.4937e-10 TSX
20120617 20171129 -3.6268e-06 2.4965e-10 TSX
20120723 20160120 5.499e-05 2.6226e-10 TSX
20121024 20130109 0.00018702 7.0255e-10 TSX
20121027 20151226 -1.0543e-05 2.6225e-10 TSX
20121030 20130311 5.6822e-06 5.8469e-10 TSX
20121107 20171118 1.0186e-05 2.4769e-10 TSX
20121221 20160208 1.2051e-05 2.6183e-10 TSX
20121224 20130516 -4.8594e-05 5.6853e-10 TSX
20121229 20130407 -2.5555e-05 6.5643e-10 TSX
20130104 20130217 -7.664e-05 7.7508e-10 TSX
20130109 20130715 3.7174e-05 5.285e-10 TSX
20130112 20140511 2.4947e-05 3.5411e-10 TSX
20130115 20130721 -0.00011445 5.1399e-10 TSX
20130126 20130823 -7.3965e-05 4.9184e-10 TSX
20130131 20130429 3.7772e-05 6.7859e-10 TSX
20130203 20130729 -2.5576e-05 5.2311e-10 TSX
20130211 20130919 4.5015e-05 4.959e-10 TSX
20130228 20141209 2.482e-05 3.1389e-10 TSX
20130311 20130801 -3.5028e-05 5.6846e-10 TSX
20130316 20130623 1.3715e-05 6.5644e-10 TSX
20130402 20150122 4.5491e-05 2.9103e-10 TSX
20130407 20140530 -1.6712e-05 3.8065e-10 TSX
20130421 20171016 -2.7737e-06 2.5108e-10 TSX
20130424 20130721 -0.00019213 6.6447e-10 TSX
20130429 20130623 -7.7196e-05 7.5608e-10 TSX
20130505 20131028 -0.00041959 5.2602e-10 TSX
20130513 20151112 -5.4238e-06 2.7658e-10 TSX
20130516 20131017 -0.00014166 5.534e-10 TSX
20130521 20130715 0.00025587 7.5611e-10 TSX
20130524 20171129 -4.0264e-06 2.4806e-10 TSX
20130527 20140627 2.6004e-05 3.8389e-10 TSX
20130601 20130930 0.0001208 6.1704e-10 TSX
20130604 20141217 1.1037e-07 3.383e-10 TSX
20130607 20140719 -6.1181e-06 3.7989e-10 TSX
20130612 20150105 4.2068e-05 3.3856e-10 TSX
20130615 20160106 4.1626e-06 2.7573e-10 TSX
20130618 20140708 1.9427e-05 3.8834e-10 TSX
20130623 20130715 0.00058813 8.6481e-10 TSX
20130629 20130914 0.00016432 6.8898e-10 TSX
20130707 20150130 1.6975e-05 3.3972e-10 TSX
20130710 20140901 -4.6976e-06 3.7614e-10 TSX
20130715 20130726 -0.0023294 1.0139e-09 TSX
20130721 20131108 0.00064261 6.2119e-10 TSX
20130726 20150517 1.9773e-05 3.2316e-10 TSX
20130729 20160904 -1.2207e-05 2.6673e-10 TSX
20130801 20151115 8.0445e-06 2.8823e-10 TSX
20130817 20140209 -6.4138e-05 5.4094e-10 TSX
20130828 20150312 6.9318e-05 3.4036e-10 TSX
20130903 20150329 -0.00013513 3.1131e-10 TSX
20130919 20160309 -3.5375e-06 2.7526e-10 TSX
20130925 20140708 1.2959e-05 4.314e-10 TSX
20130930 20160411 -1.1286e-05 2.728e-10 TSX
20131011 20150802 2.1655e-05 3.1984e-10 TSX
20131017 20140719 -4.6894e-05 4.3884e-10 TSX
20131028 20160304 -4.9783e-05 2.7294e-10 TSX
20131102 20140519 -9.4891e-05 5.1709e-10 TSX
20131108 20140708 -3.2204e-05 4.6284e-10 TSX
20140209 20160309 3.7335e-05 3.0659e-10 TSX
20140223 20140829 1.7237e-05 5.1114e-10 TSX
20140408 20140705 7.505e-06 6.6179e-10 TSX
20140419 20170913 -1.0259e-05 2.7215e-10 TSX
20140511 20141228 -1.0647e-05 4.7012e-10 TSX
20140519 20150824 3.4662e-05 3.6439e-10 TSX
20140624 20171005 -2.1209e-05 2.6874e-10 TSX
20140627 20151115 -4.6819e-05 3.395e-10 TSX
20140705 20180911 -1.4163e-05 2.5332e-10 TSX
20140708 20160406 6.5627e-06 3.1214e-10 TSX
20140716 20171005 -2.2467e-06 2.6889e-10 TSX
20140719 20151207 -3.9932e-06 3.3987e-10 TSX
20140727 20150326 1.3798e-05 4.6153e-10 TSX
20140810 20150122 4.3861e-05 5.3921e-10 TSX
20140818 20160301 -5.2629e-06 3.2592e-10 TSX
20140829 20160208 8.085e-06 3.3154e-10 TSX
20140901 20140912 -0.00026765 9.7033e-10 TSX
20140912 20141209 -4.2733e-05 6.6446e-10 TSX
20140920 20170902 7.1915e-07 2.7477e-10 TSX
20141209 20160211 -3.8929e-05 3.6393e-10 TSX
20141217 20160722 -1.8904e-05 3.1986e-10 TSX
20141228 20160106 -2.5572e-05 3.8218e-10 TSX
20141231 20151024 -1.3305e-05 4.2496e-10 TSX
20150105 20150824 -2.5528e-05 4.8608e-10 TSX
20150108 20170811 -1.0526e-05 2.8126e-10 TSX
20150119 20160117 5.9557e-06 3.8726e-10 TSX
20150127 20160411 1.2806e-05 3.713e-10 TSX
20150130 20151112 -2.2072e-05 4.2846e-10 TSX
20150210 20170114 -7.2155e-06 2.9758e-10 TSX
20150213 20160326 -1.2748e-05 3.6938e-10 TSX
20150218 20160216 -1.8266e-05 4.03e-10 TSX
20150221 20180112 1.9313e-05 2.6068e-10 TSX
20150304 20180911 9.8076e-06 2.6281e-10 TSX
20150307 20160211 1.1154e-06 4.007e-10 TSX
20150312 20160320 -8.7737e-05 3.979e-10 TSX
20150326 20150827 1.5464e-06 5.4977e-10 TSX
20150329 20151207 -2.8515e-05 4.5487e-10 TSX
20150428 20160425 3.5818e-06 3.871e-10 TSX
20150509 20150827 5.1115e-05 6.1805e-10 TSX
20150517 20150824 -6.4118e-05 6.5643e-10 TSX
20150520 20180911 -1.5125e-05 2.742e-10 TSX
20150714 20170822 -1.1743e-05 2.9925e-10 TSX
20150725 20170924 2.1418e-06 2.909e-10 TSX
20150802 20160309 -5.8269e-05 4.9594e-10 TSX
20150805 20160403 2.9661e-05 4.6122e-10 TSX
20150816 20171107 -4.8717e-06 2.8752e-10 TSX
20150824 20150915 0.00060774 8.647e-10 TSX
20150827 20170902 -2.0379e-05 2.9752e-10 TSX
20150915 20160216 -7.7575e-05 5.6812e-10 TSX
20151021 20160904 -1.463e-05 4.1284e-10 TSX
20151101 20171016 6.0572e-06 2.9786e-10 TSX
20151112 20160425 5.1403e-06 5.3609e-10 TSX
20151115 20151229 0.0001436 7.7508e-10 TSX
20151123 20171221 3.0627e-06 2.9379e-10 TSX
20151204 20151215 0.00014441 9.8126e-10 TSX
20151207 20160406 -3.6824e-05 6.0224e-10 TSX
20151215 20170822 -4.3173e-06 3.1494e-10 TSX
20151226 20161223 -4.8493e-06 3.931e-10 TSX
20151229 20160211 2.602e-05 7.7508e-10 TSX
20160106 20161223 3.4549e-05 3.9778e-10 TSX
20160117 20160926 -2.0216e-05 4.5288e-10 TSX
20160128 20160301 -0.00019479 8.093e-10 TSX
20160208 20160312 -9.9825e-05 8.093e-10 TSX
20160216 20160309 -0.00035523 8.647e-10 TSX
20160219 20180319 -6.5752e-06 2.9509e-10 TSX
20160301 20161201 1.3948e-05 4.388e-10 TSX
20160304 20160326 6.1738e-05 8.5111e-10 TSX
20160312 20180319 2.215e-06 2.9683e-10 TSX
20160320 20160411 0.00043086 8.6471e-10 TSX
20160323 20171118 -1.1074e-06 3.1637e-10 TSX
20160326 20160406 -0.00056702 9.7025e-10 TSX
20160403 20171027 6.1097e-06 3.2334e-10 TSX
20160425 20170811 -9.2644e-06 3.4756e-10 TSX
20160528 20160630 2.2655e-05 8.093e-10 TSX
20160630 20171118 -1.3831e-05 3.3959e-10 TSX
20160722 20161201 1.4344e-05 5.8136e-10 TSX
20160904 20180707 9.7543e-06 3.23e-10 TSX
20160915 20180911 -5.3678e-06 2.9947e-10 TSX
20160926 20170114 1.7572e-05 6.1812e-10 TSX
20161201 20171027 1.761e-05 4.0714e-10 TSX
20161223 20171107 5.09e-06 4.0918e-10 TSX
20170114 20170902 1.6394e-06 4.687e-10 TSX
20170811 20171005 -5.7713e-05 7.4302e-10 TSX
20170822 20180707 3.2515e-05 4.14e-10 TSX
20170913 20180707 1.8451e-05 4.256e-10 TSX
20170924 20180319 7.6565e-05 5.2322e-10 TSX
20171005 20171107 7.4799e-06 8.093e-10 TSX
20171016 20180319 3.8309e-05 5.5009e-10 TSX
20171027 20180911 -2.2882e-06 4.1398e-10 TSX
20171107 20171118 6.9722e-05 9.8126e-10 TSX
20171118 20171129 4.6832e-05 9.8126e-10 TSX
20171129 20171221 -7.9337e-06 8.5384e-10 TSX
20171210 20180820 2.1576e-05 4.5333e-10 TSX
20171221 20180911 9.2397e-05 4.4579e-10 TSX
20180112 20181003 -3.92e-06 4.4563e-10 TSX
20180319 20180707 -2.752e-05 6.1813e-10 TSX
20180707 20180911 5.9113e-06 7.1371e-10 TSX
20180729 20181003 6.297e-05 7.1371e-10 TSX
20180820 20181003 0.00017611 7.7462e-10 TSX
20180911 20181003 -6.2425e-05 8.5385e-10 TSX
