20030427 20030914 -0.00030907 5.7173e-10 ERS2
20030914 20080629 -4.3722e-06 2.7893e-10 ERS2
20050918 20090510 -7.9471e-06 3.025e-10 ERS2
20051127 20081116 0.00015978 2.9998e-10 ERS2
20060903 20090510 -2.7563e-05 3.1828e-10 ERS2
20061231 20090105 -0.00015375 3.2167e-10 ALOS
20070402 20070703 -0.00011202 6.7894e-10 ALOS
20070518 20091008 0.0001057 3.1485e-10 ALOS
20070818 20071003 -0.00046997 7.8756e-10 ALOS
20071217 20100509 -4.0727e-05 2.9714e-10 ALOS
20080103 20100526 -0.0001717 3.2146e-10 ALOS
20080404 20080520 7.6721e-05 7.8806e-10 ALOS
20080618 20090921 -0.00017093 3.7291e-10 ALOS
20080629 20090510 -0.00040565 4.1328e-10 ERS2
20080705 20091008 -5.7772e-05 3.6876e-10 ALOS
20080803 20090823 -5.4545e-05 3.8379e-10 ERS2
20081116 20090823 5.8465e-05 4.335e-10 ERS2
20081219 20090921 0.00022339 4.5073e-10 ALOS
20090105 20090708 -1.4669e-05 5.3669e-10 ALOS
20090510 20091101 0.00023107 5.2688e-10 ERS2
20090708 20091008 0.00041844 6.7865e-10 ALOS
20090823 20091101 0.00024228 7.1172e-10 ERS2
20091222 20100624 0.00041925 5.3889e-10 ALOS
20100108 20100223 0.00042657 7.8878e-10 ALOS
20100223 20100526 0.00014274 6.7837e-10 ALOS
20100410 20100711 -0.00025346 6.782e-10 ALOS
20100509 20100624 0.00062314 7.8536e-10 ALOS
20100526 20100711 0.00032433 7.8748e-10 ALOS
20100624 20101109 -0.00018208 5.9134e-10 ALOS
20100711 20101011 4.1568e-05 6.7759e-10 ALOS
20100809 20101109 -0.00014133 6.751e-10 ALOS
20101011 20101126 0.00022629 7.8755e-10 ALOS
20110111 20110226 0.00069609 7.8747e-10 ALOS
20110924 20130715 1.7212e-05 3.2241e-10 TSX
20111005 20121229 4.0526e-05 3.6919e-10 TSX
20111121 20171221 -1.2448e-05 2.5578e-10 TSX
20111221 20130131 1.0127e-05 3.8581e-10 TSX
20111224 20121027 1.3599e-05 4.2065e-10 TSX
20120126 20140419 6.0002e-06 2.9476e-10 TSX
20120203 20160320 1.6588e-05 2.5905e-10 TSX
20120206 20171107 -8.1147e-07 2.6136e-10 TSX
20120617 20171129 -1.1794e-05 2.7301e-10 TSX
20120723 20160120 -2.9151e-05 2.8294e-10 TSX
20121024 20130109 0.00012094 7.1466e-10 TSX
20121027 20151226 -7.4795e-06 2.7917e-10 TSX
20121030 20130311 7.2355e-05 5.9203e-10 TSX
20121107 20171118 -2.3657e-06 2.7305e-10 TSX
20121221 20160208 1.2723e-05 2.8666e-10 TSX
20121224 20130516 -7.6161e-06 5.7497e-10 TSX
20121229 20130407 -4.2691e-05 6.6762e-10 TSX
20130104 20130217 4.8843e-05 7.8487e-10 TSX
20130109 20130715 -4.748e-06 5.3479e-10 TSX
20130112 20140511 3.648e-06 3.5443e-10 TSX
20130115 20130721 -6.8254e-05 5.1766e-10 TSX
20130126 20130823 0.0002992 5.1332e-10 TSX
20130131 20130429 -1.2776e-05 6.9043e-10 TSX
20130203 20130729 -8.6091e-05 5.282e-10 TSX
20130211 20130919 -7.3978e-05 4.9857e-10 TSX
20130228 20141209 2.0537e-05 3.133e-10 TSX
20130311 20130801 -4.1118e-05 5.7491e-10 TSX
20130316 20130623 3.3768e-05 6.6763e-10 TSX
20130402 20150122 -6.3596e-05 3.8263e-10 TSX
20130407 20140530 1.4712e-05 3.8101e-10 TSX
20130421 20171016 4.2525e-06 2.5786e-10 TSX
20130424 20130721 -0.00014437 6.7534e-10 TSX
20130429 20130623 -5.5039e-05 7.6731e-10 TSX
20130505 20131028 -5.0714e-05 5.732e-10 TSX
20130513 20151112 -1.1823e-06 3.0093e-10 TSX
20130516 20131017 0.00030069 6.0149e-10 TSX
20130521 20130715 7.7381e-05 7.6734e-10 TSX
20130524 20171129 1.1567e-05 2.6215e-10 TSX
20130527 20140627 4.9216e-05 3.8451e-10 TSX
20130601 20130930 -1.1087e-05 6.2641e-10 TSX
20130604 20141217 6.2932e-09 3.375e-10 TSX
20130607 20140719 7.4915e-07 3.8068e-10 TSX
20130612 20150105 -7.9635e-06 3.372e-10 TSX
20130615 20160106 -6.0369e-07 2.9634e-10 TSX
20130618 20140708 -2.2128e-05 3.8869e-10 TSX
20130623 20130715 0.00061934 8.7027e-10 TSX
20130629 20130914 0.0002896 7.1253e-10 TSX
20130707 20150130 2.7232e-08 3.368e-10 TSX
20130710 20140901 -2.9798e-05 3.7713e-10 TSX
20130715 20130726 -0.0024123 1.0176e-09 TSX
20130721 20131108 0.00013524 6.7385e-10 TSX
20130726 20150517 6.4355e-05 3.2041e-10 TSX
20130729 20160904 -6.6184e-06 2.7437e-10 TSX
20130801 20151115 -2.1174e-05 2.9483e-10 TSX
20130817 20140209 -5.3774e-05 5.458e-10 TSX
20130828 20150312 -1.5206e-05 3.4013e-10 TSX
20130903 20150329 -4.6015e-05 3.6329e-10 TSX
20130919 20160309 9.3081e-06 2.8038e-10 TSX
20130925 20140708 -5.056e-05 4.907e-10 TSX
20130930 20160411 2.761e-06 2.8325e-10 TSX
20131011 20150802 4.2542e-05 3.1906e-10 TSX
20131017 20140719 7.8621e-05 4.7257e-10 TSX
20131028 20160304 6.3774e-05 3.5021e-10 TSX
20131102 20140519 7.2537e-05 5.207e-10 TSX
20131108 20140708 2.7114e-05 5.3542e-10 TSX
20140209 20160309 2.927e-05 3.0879e-10 TSX
20140223 20140829 7.4379e-06 5.1557e-10 TSX
20140408 20140705 -3.4015e-05 6.7423e-10 TSX
20140419 20170913 -1.6478e-05 2.7973e-10 TSX
20140511 20141228 3.55e-06 4.7274e-10 TSX
20140519 20150824 -2.9736e-05 3.6508e-10 TSX
20140624 20171005 -3.9907e-06 2.6516e-10 TSX
20140627 20151115 -6.2175e-05 3.4094e-10 TSX
20140705 20180911 -3.5504e-08 2.6671e-10 TSX
20140708 20160406 7.1029e-06 3.145e-10 TSX
20140716 20171005 2.3061e-06 2.6822e-10 TSX
20140719 20151207 -2.9244e-05 3.4083e-10 TSX
20140727 20150326 -2.9017e-05 4.6389e-10 TSX
20140810 20150122 8.9264e-05 5.5564e-10 TSX
20140818 20160301 5.2484e-06 3.2574e-10 TSX
20140829 20160208 9.5568e-06 3.3656e-10 TSX
20140901 20140912 -0.00028243 9.7387e-10 TSX
20140912 20141209 3.7163e-05 6.7534e-10 TSX
20140920 20170902 1.0832e-05 2.8584e-10 TSX
20141209 20160211 -4.1829e-05 3.6479e-10 TSX
20141217 20160722 1.8687e-05 3.245e-10 TSX
20141228 20160106 -1.5242e-06 3.8342e-10 TSX
20141231 20151024 -3.924e-05 4.26e-10 TSX
20150105 20150824 -6.6218e-05 4.8846e-10 TSX
20150108 20170811 1.7261e-05 2.9274e-10 TSX
20150119 20160117 3.553e-05 3.8778e-10 TSX
20150127 20160411 -3.1234e-05 3.7399e-10 TSX
20150130 20151112 1.2199e-05 4.2997e-10 TSX
20150210 20170114 2.7628e-05 3.0799e-10 TSX
20150213 20160326 -8.6735e-05 4.1925e-10 TSX
20150218 20160216 -1.0544e-05 4.0304e-10 TSX
20150221 20180112 2.2401e-05 3.4294e-10 TSX
20150304 20180911 -1.0338e-05 2.8536e-10 TSX
20150307 20160211 -2.1831e-05 4.0157e-10 TSX
20150312 20160320 -1.5755e-05 3.984e-10 TSX
20150326 20150827 5.9611e-05 5.5673e-10 TSX
20150329 20151207 -3.6967e-05 4.5631e-10 TSX
20150428 20160425 3.5144e-05 3.8736e-10 TSX
20150509 20150827 4.57e-05 6.3273e-10 TSX
20150517 20150824 -0.00020931 6.6767e-10 TSX
20150520 20180911 -1.5712e-05 2.7695e-10 TSX
20150714 20170822 7.0767e-06 3.0179e-10 TSX
20150725 20170924 1.4196e-05 2.9356e-10 TSX
20150802 20160309 -5.1907e-05 4.9886e-10 TSX
20150805 20160403 -4.1353e-05 4.6306e-10 TSX
20150816 20171107 -3.3842e-08 2.961e-10 TSX
20150824 20150915 0.0005843 8.7017e-10 TSX
20150827 20170902 9.9869e-06 2.9497e-10 TSX
20150915 20160216 3.4699e-05 5.7466e-10 TSX
20151021 20160904 -7.8241e-05 4.1712e-10 TSX
20151101 20171016 2.5391e-05 3.0251e-10 TSX
20151112 20160425 3.867e-05 5.4204e-10 TSX
20151115 20151229 0.0001604 7.8487e-10 TSX
20151123 20171221 -4.0224e-06 2.9262e-10 TSX
20151204 20151215 0.0001555 9.8423e-10 TSX
20151207 20160406 -6.0905e-05 6.1048e-10 TSX
20151215 20170822 3.0851e-05 3.1408e-10 TSX
20151226 20161223 2.7643e-05 3.9428e-10 TSX
20151229 20160211 2.5877e-05 7.8487e-10 TSX
20160106 20161223 4.2084e-05 3.9899e-10 TSX
20160117 20160926 -1.1115e-05 4.5503e-10 TSX
20160128 20160301 -0.00014705 8.175e-10 TSX
20160208 20160312 -9.3218e-05 8.175e-10 TSX
20160216 20160309 -0.00034091 8.7017e-10 TSX
20160219 20180319 8.149e-06 2.9605e-10 TSX
20160301 20161201 5.4815e-05 4.4027e-10 TSX
20160304 20160326 4.493e-05 8.5665e-10 TSX
20160312 20180319 7.6697e-06 2.9934e-10 TSX
20160320 20160411 0.00036735 8.7018e-10 TSX
20160323 20171118 -2.2862e-06 3.189e-10 TSX
20160326 20160406 -0.00049472 9.7379e-10 TSX
20160403 20171027 4.6596e-05 3.2644e-10 TSX
20160425 20170811 3.0519e-05 3.5004e-10 TSX
20160528 20160630 -8.4711e-05 8.175e-10 TSX
20160630 20171118 5.8949e-05 3.3889e-10 TSX
20160722 20161201 0.00011687 5.8994e-10 TSX
20160904 20180707 1.9281e-05 3.213e-10 TSX
20160915 20180911 1.1617e-05 3.0042e-10 TSX
20160926 20170114 5.7952e-05 6.2879e-10 TSX
20161201 20171027 -8.1533e-06 4.0755e-10 TSX
20161223 20171107 -2.3523e-05 4.1106e-10 TSX
20170114 20170902 9.094e-06 4.7277e-10 TSX
20170811 20171005 -8.0112e-05 7.5518e-10 TSX
20170822 20180707 -4.0954e-05 4.1491e-10 TSX
20170913 20180707 -5.4787e-05 4.2725e-10 TSX
20170924 20180319 -3.4974e-05 5.2833e-10 TSX
20171005 20171107 5.1775e-05 8.175e-10 TSX
20171016 20180319 -2.8059e-06 5.5678e-10 TSX
20171027 20180911 -1.4705e-05 4.1479e-10 TSX
20171107 20171118 8.3463e-05 9.8423e-10 TSX
20171118 20171129 5.399e-05 9.8423e-10 TSX
20171129 20171221 -2.7699e-05 8.5922e-10 TSX
20171210 20180820 -2.9437e-05 4.5553e-10 TSX
20171221 20180911 -4.3234e-05 4.4746e-10 TSX
20180112 20181003 1.3348e-05 4.4731e-10 TSX
20180319 20180707 -5.7836e-05 6.288e-10 TSX
20180707 20180911 0.00017838 7.2659e-10 TSX
20180729 20181003 -9.9391e-07 7.2659e-10 TSX
20180820 20181003 0.00010937 7.8521e-10 TSX
20180911 20181003 -0.00016239 8.5922e-10 TSX
