20030427 20030914 -6.4045e-05 6.6752e-10 ERS2
20030914 20080629 1.741e-05 3.9392e-10 ERS2
20050918 20090510 7.5964e-07 4.2464e-10 ERS2
20051127 20081116 0.00013332 4.4739e-10 ERS2
20060903 20090510 -0.00016491 4.3882e-10 ERS2
20061231 20090105 -7.6502e-05 4.2668e-10 ALOS
20070402 20070703 -0.00016673 7.3905e-10 ALOS
20070518 20091008 -0.00013009 4.2034e-10 ALOS
20070818 20071003 -0.00035534 8.1554e-10 ALOS
20071217 20100509 -0.00012824 4.1868e-10 ALOS
20080103 20100526 6.6415e-05 4.0679e-10 ALOS
20080404 20080520 -5.0602e-05 8.1545e-10 ALOS
20080618 20090921 -6.0987e-05 4.8681e-10 ALOS
20080629 20090510 -0.00067106 5.4072e-10 ERS2
20080705 20091008 -9.2395e-05 4.7259e-10 ALOS
20080803 20090823 -5.6654e-05 5.0022e-10 ERS2
20081116 20090823 -3.0278e-05 5.4717e-10 ERS2
20081219 20090921 0.00051783 5.5075e-10 ALOS
20090105 20090708 -9.1711e-06 6.2241e-10 ALOS
20090510 20091101 -0.00062557 6.2547e-10 ERS2
20090708 20091008 0.0008505 7.4132e-10 ALOS
20090823 20091101 -0.00015552 7.6434e-10 ERS2
20091222 20100624 0.00029576 6.1975e-10 ALOS
20100108 20100223 0.00045587 8.1574e-10 ALOS
20100223 20100526 -0.00040208 7.3642e-10 ALOS
20100410 20100711 -5.7273e-05 7.3731e-10 ALOS
20100509 20100624 0.00092633 8.1382e-10 ALOS
20100526 20100711 0.00060103 8.1552e-10 ALOS
20100624 20101109 0.00019136 6.7291e-10 ALOS
20100711 20101011 0.00029856 7.3783e-10 ALOS
20100809 20101109 -3.3526e-05 7.356e-10 ALOS
20101011 20101126 0.00022096 8.1555e-10 ALOS
20110111 20110226 0.00078294 8.1548e-10 ALOS
20110924 20130715 7.2427e-05 4.3354e-10 TSX
20111005 20121229 -8.6485e-05 4.786e-10 TSX
20111121 20171221 -2.4665e-05 3.603e-10 TSX
20111221 20130131 -5.8704e-05 4.913e-10 TSX
20111224 20121027 -5.9574e-05 5.3483e-10 TSX
20120126 20140419 -1.1561e-05 4.0655e-10 TSX
20120203 20160320 -3.5997e-06 3.7005e-10 TSX
20120206 20171107 -3.2594e-05 3.8404e-10 TSX
20120617 20171129 1.0624e-05 3.8143e-10 TSX
20120723 20160120 -1.256e-05 4.2691e-10 TSX
20121024 20130109 0.00016152 7.6462e-10 TSX
20121027 20151226 -2.8181e-06 3.7529e-10 TSX
20121030 20130311 5.8231e-05 6.727e-10 TSX
20121107 20171118 -1.9428e-05 3.6729e-10 TSX
20121221 20160208 1.4573e-05 3.9624e-10 TSX
20121224 20130516 -0.000183 6.5952e-10 TSX
20121229 20130407 -5.3143e-05 7.3035e-10 TSX
20130104 20130217 5.5192e-05 8.1307e-10 TSX
20130109 20130715 0.00018539 6.2307e-10 TSX
20130112 20140511 4.5417e-05 4.7759e-10 TSX
20130115 20130721 -0.00026062 6.0803e-10 TSX
20130126 20130823 -0.00010426 6.3941e-10 TSX
20130131 20130429 -0.00011588 7.4717e-10 TSX
20130203 20130729 -2.0153e-05 6.271e-10 TSX
20130211 20130919 8.7575e-05 5.9433e-10 TSX
20130228 20141209 9.8828e-05 4.3392e-10 TSX
20130311 20130801 -0.00010419 6.5891e-10 TSX
20130316 20130623 6.3122e-05 7.3035e-10 TSX
20130402 20150122 7.5949e-05 4.7501e-10 TSX
20130407 20140530 -4.2442e-06 4.8724e-10 TSX
20130421 20171016 -2.0038e-07 3.9368e-10 TSX
20130424 20130721 -0.00034703 7.3533e-10 TSX
20130429 20130623 -5.2033e-05 8.0166e-10 TSX
20130505 20131028 -0.0010969 6.3387e-10 TSX
20130513 20151112 5.0964e-05 4.0447e-10 TSX
20130516 20131017 4.6791e-05 6.7135e-10 TSX
20130521 20130715 0.00036273 8.017e-10 TSX
20130524 20171129 1.1553e-05 4.9341e-10 TSX
20130527 20140627 1.3463e-05 4.9409e-10 TSX
20130601 20130930 0.00032555 6.9901e-10 TSX
20130604 20141217 5.9405e-05 4.683e-10 TSX
20130607 20140719 8.8873e-06 4.9215e-10 TSX
20130612 20150105 4.6328e-05 4.5199e-10 TSX
20130615 20160106 2.871e-05 4.128e-10 TSX
20130618 20140708 -2.189e-05 4.9753e-10 TSX
20130623 20130715 0.00075986 8.8121e-10 TSX
20130629 20130914 0.00051211 7.5866e-10 TSX
20130707 20150130 4.358e-05 4.6949e-10 TSX
20130710 20140901 4.7412e-05 4.9096e-10 TSX
20130715 20130726 -0.0024968 1.0237e-09 TSX
20130721 20131108 0.0014681 7.2788e-10 TSX
20130726 20150517 4.9251e-05 4.4328e-10 TSX
20130729 20160904 -4.2423e-05 3.8966e-10 TSX
20130801 20151115 9.5271e-05 4.0194e-10 TSX
20130817 20140209 -8.5322e-05 6.3461e-10 TSX
20130828 20150312 0.00014517 4.5025e-10 TSX
20130903 20150329 -9.9426e-05 4.4891e-10 TSX
20130919 20160309 5.0009e-05 3.864e-10 TSX
20130925 20140708 -0.00022469 5.7876e-10 TSX
20130930 20160411 -1.1069e-05 4.177e-10 TSX
20131011 20150802 2.0012e-05 4.3232e-10 TSX
20131017 20140719 8.866e-06 5.7213e-10 TSX
20131028 20160304 -7.0774e-05 5.4378e-10 TSX
20131102 20140519 -0.00023525 6.1385e-10 TSX
20131108 20140708 -0.00012992 6.2468e-10 TSX
20140209 20160309 7.6441e-05 4.1989e-10 TSX
20140223 20140829 4.7936e-05 6.1957e-10 TSX
20140408 20140705 2.4899e-05 7.3839e-10 TSX
20140419 20170913 7.9902e-06 4.7392e-10 TSX
20140511 20141228 7.284e-05 5.8436e-10 TSX
20140519 20150824 0.00011696 4.7702e-10 TSX
20140624 20171005 5.7688e-05 4.0402e-10 TSX
20140627 20151115 5.3647e-05 4.516e-10 TSX
20140705 20180911 -1.2378e-05 3.9704e-10 TSX
20140708 20160406 7.5699e-05 4.299e-10 TSX
20140716 20171005 -1.9205e-05 4.1447e-10 TSX
20140719 20151207 4.7682e-05 4.4854e-10 TSX
20140727 20150326 2.0208e-05 5.7241e-10 TSX
20140810 20150122 -3.8952e-06 6.521e-10 TSX
20140818 20160301 -1.0645e-05 4.4223e-10 TSX
20140829 20160208 2.6215e-05 4.4839e-10 TSX
20140901 20140912 -0.00030945 9.798e-10 TSX
20140912 20141209 5.7963e-05 7.3536e-10 TSX
20140920 20170902 -2.7934e-05 3.8589e-10 TSX
20141209 20160211 -6.2196e-05 4.7266e-10 TSX
20141217 20160722 -4.8821e-05 4.5324e-10 TSX
20141228 20160106 -1.2182e-05 5.1595e-10 TSX
20141231 20151024 3.5474e-05 5.2687e-10 TSX
20150105 20150824 -8.141e-05 5.8797e-10 TSX
20150108 20170811 -8.7196e-05 4.5123e-10 TSX
20150119 20160117 -1.5717e-05 5.0633e-10 TSX
20150127 20160411 6.337e-05 4.8162e-10 TSX
20150130 20151112 2.4613e-05 5.4748e-10 TSX
20150210 20170114 4.2293e-05 5.1194e-10 TSX
20150213 20160326 8.838e-05 5.4257e-10 TSX
20150218 20160216 3.5599e-05 5.0705e-10 TSX
20150221 20180112 -2.0872e-05 6.4007e-10 TSX
20150304 20180911 -1.967e-05 3.9113e-10 TSX
20150307 20160211 -8.7455e-06 5.0571e-10 TSX
20150312 20160320 -0.00019685 5.0256e-10 TSX
20150326 20150827 -1.4119e-05 6.4765e-10 TSX
20150329 20151207 4.4305e-05 5.5521e-10 TSX
20150428 20160425 -7.0401e-06 5.0496e-10 TSX
20150509 20150827 4.3723e-05 7.0358e-10 TSX
20150517 20150824 3.1974e-05 7.3028e-10 TSX
20150520 20180911 -2.3588e-05 4.6509e-10 TSX
20150714 20170822 -1.4872e-05 4.0153e-10 TSX
20150725 20170924 -1.3049e-05 4.0263e-10 TSX
20150802 20160309 -5.1075e-05 5.9478e-10 TSX
20150805 20160403 -6.4671e-06 5.7308e-10 TSX
20150816 20171107 -1.4107e-05 4.139e-10 TSX
20150824 20150915 0.00077012 8.811e-10 TSX
20150827 20170902 -3.2817e-05 4.4784e-10 TSX
20150915 20160216 -0.00011829 6.5811e-10 TSX
20151021 20160904 -0.00013802 5.2523e-10 TSX
20151101 20171016 -6.3003e-05 4.2441e-10 TSX
20151112 20160425 -0.00011102 6.4014e-10 TSX
20151115 20151229 9.6132e-05 8.1307e-10 TSX
20151123 20171221 -5.1403e-05 4.2367e-10 TSX
20151204 20151215 0.00015992 9.9041e-10 TSX
20151207 20160406 -0.00019902 6.8619e-10 TSX
20151215 20170822 -2.7007e-05 4.2318e-10 TSX
20151226 20161223 -3.3455e-05 5.1325e-10 TSX
20151229 20160211 -3.1545e-05 8.1307e-10 TSX
20160106 20161223 -1.1498e-05 5.1797e-10 TSX
20160117 20160926 -5.7842e-05 5.6444e-10 TSX
20160128 20160301 -0.00018406 8.3803e-10 TSX
20160208 20160312 -0.00015693 8.3803e-10 TSX
20160216 20160309 -0.00042795 8.811e-10 TSX
20160219 20180319 6.1702e-06 4.2539e-10 TSX
20160301 20161201 4.6843e-05 5.5399e-10 TSX
20160304 20160326 5.525e-05 8.6813e-10 TSX
20160312 20180319 1.7306e-05 4.4089e-10 TSX
20160320 20160411 0.00037868 8.8111e-10 TSX
20160323 20171118 -2.204e-05 4.3095e-10 TSX
20160326 20160406 -0.00053585 9.7973e-10 TSX
20160403 20171027 -2.7219e-05 4.5479e-10 TSX
20160425 20170811 -3.4679e-05 4.6673e-10 TSX
20160528 20160630 2.507e-05 8.3803e-10 TSX
20160630 20171118 -1.6662e-06 4.5642e-10 TSX
20160722 20161201 0.00016624 6.7693e-10 TSX
20160904 20180707 1.7896e-05 4.4882e-10 TSX
20160915 20180911 -2.7486e-05 4.202e-10 TSX
20160926 20170114 7.9224e-05 7.0498e-10 TSX
20161201 20171027 -5.193e-05 5.3076e-10 TSX
20161223 20171107 -5.8245e-05 5.2088e-10 TSX
20170114 20170902 -4.837e-05 5.8002e-10 TSX
20170811 20171005 -7.2892e-07 7.9476e-10 TSX
20170822 20180707 6.4858e-07 5.2945e-10 TSX
20170913 20180707 -6.0543e-05 5.4668e-10 TSX
20170924 20180319 9.1161e-05 6.2747e-10 TSX
20171005 20171107 6.1137e-05 8.3803e-10 TSX
20171016 20180319 0.00011968 6.5072e-10 TSX
20171027 20180911 -3.8459e-05 5.295e-10 TSX
20171107 20171118 9.1756e-05 9.9041e-10 TSX
20171118 20171129 5.2879e-05 9.9041e-10 TSX
20171129 20171221 -3.7709e-05 8.7134e-10 TSX
20171210 20180820 -5.978e-05 5.6549e-10 TSX
20171221 20180911 -0.00012139 5.5829e-10 TSX
20180112 20181003 8.5853e-05 5.6052e-10 TSX
20180319 20180707 -0.00020353 7.0476e-10 TSX
20180707 20180911 0.0001221 7.7522e-10 TSX
20180729 20181003 9.179e-06 7.7521e-10 TSX
20180820 20181003 0.00016214 8.1524e-10 TSX
20180911 20181003 -0.0001462 8.7134e-10 TSX
