20030427 20030914 0.00082936 5.6594e-10 ERS2
20030914 20080629 -0.00018266 2.8605e-10 ERS2
20050918 20090510 -2.2607e-05 3.0592e-10 ERS2
20051127 20081116 7.3429e-05 3.4479e-10 ERS2
20060903 20090510 5.3051e-05 3.1447e-10 ERS2
20061231 20090105 2.41e-05 3.1455e-10 ALOS
20070402 20070703 -7.4138e-05 6.7008e-10 ALOS
20070518 20091008 -0.0001038 3.3619e-10 ALOS
20070818 20071003 -0.00033748 7.8149e-10 ALOS
20071217 20100509 -4.0182e-05 3.0519e-10 ALOS
20080103 20100526 4.1723e-05 3.0761e-10 ALOS
20080404 20080520 9.1014e-05 7.8155e-10 ALOS
20080618 20090921 -0.00034038 3.7326e-10 ALOS
20080629 20090510 -0.00061127 4.2012e-10 ERS2
20080705 20091008 -0.00012096 3.6499e-10 ALOS
20080803 20090823 -4.7659e-05 3.8478e-10 ERS2
20081116 20090823 -0.00024064 4.3365e-10 ERS2
20081219 20090921 0.00022686 4.5097e-10 ALOS
20090105 20090708 0.00025436 5.2986e-10 ALOS
20090510 20091101 0.0003014 5.2e-10 ERS2
20090708 20091008 0.00016977 6.7065e-10 ALOS
20090823 20091101 1.0657e-05 7.005e-10 ERS2
20091222 20100624 -7.7502e-05 5.29e-10 ALOS
20100108 20100223 0.00038626 7.8158e-10 ALOS
20100223 20100526 0.00013366 6.6994e-10 ALOS
20100410 20100711 -0.00019137 6.7025e-10 ALOS
20100509 20100624 0.00054328 7.7912e-10 ALOS
20100526 20100711 0.00026357 7.8184e-10 ALOS
20100624 20101109 6.031e-05 5.8563e-10 ALOS
20100711 20101011 -0.00025413 6.7006e-10 ALOS
20100809 20101109 -0.00011859 6.6695e-10 ALOS
20101011 20101126 0.00035074 7.8194e-10 ALOS
20110111 20110226 0.00061113 7.815e-10 ALOS
20110924 20130715 -7.834e-06 4.037e-10 TSX
20111005 20121229 -0.00012782 4.4622e-10 TSX
20111121 20171221 6.0645e-06 3.5979e-10 TSX
20111221 20130131 6.8993e-05 4.0887e-10 TSX
20111224 20121027 -7.4235e-06 4.4103e-10 TSX
20120126 20140419 -2.0054e-05 3.7738e-10 TSX
20120203 20160320 4.1991e-05 3.6071e-10 TSX
20120206 20171107 -6.3313e-05 3.4368e-10 TSX
20120617 20171129 -1.2422e-05 4.4621e-10 TSX
20120723 20160120 5.7316e-05 4.4525e-10 TSX
20121024 20130109 -6.6972e-06 7.1416e-10 TSX
20121027 20151226 -8.8712e-05 3.6906e-10 TSX
20121030 20130311 5.351e-05 5.8804e-10 TSX
20121107 20171118 -1.1111e-05 3.7959e-10 TSX
20121221 20160208 -8.5486e-05 3.2173e-10 TSX
20121224 20130516 -8.0653e-05 5.753e-10 TSX
20121229 20130407 1.7986e-05 6.605e-10 TSX
20130104 20130217 -3.923e-06 7.7882e-10 TSX
20130109 20130715 0.00024546 6.1304e-10 TSX
20130112 20140511 6.5e-06 3.9947e-10 TSX
20130115 20130721 -0.00031872 5.4101e-10 TSX
20130126 20130823 -5.6437e-05 5.1357e-10 TSX
20130131 20130429 7.1177e-06 6.8358e-10 TSX
20130203 20130729 -9.1175e-05 5.2704e-10 TSX
20130211 20130919 7.4323e-05 5.0943e-10 TSX
20130228 20141209 -2.3188e-05 3.8445e-10 TSX
20130311 20130801 -5.5115e-05 5.8433e-10 TSX
20130316 20130623 -0.0001167 6.6578e-10 TSX
20130402 20150122 0.00012657 3.3739e-10 TSX
20130407 20140530 8.5282e-06 4.0035e-10 TSX
20130421 20171016 -3.276e-06 3.425e-10 TSX
20130424 20130721 -0.00037779 6.722e-10 TSX
20130429 20130623 -0.00014452 7.6472e-10 TSX
20130505 20131028 -0.00053929 5.8843e-10 TSX
20130513 20151112 0.00010623 3.3148e-10 TSX
20130516 20131017 -0.00022053 5.9397e-10 TSX
20130521 20130715 0.00024327 7.6325e-10 TSX
20130524 20171129 2.8595e-05 3.6102e-10 TSX
20130527 20140627 -8.9027e-05 4.1956e-10 TSX
20130601 20130930 0.00029408 6.2874e-10 TSX
20130604 20141217 3.0217e-05 3.6871e-10 TSX
20130607 20140719 8.2236e-06 4.1102e-10 TSX
20130612 20150105 -9.9847e-05 3.8621e-10 TSX
20130615 20160106 2.3904e-05 3.6403e-10 TSX
20130618 20140708 -9.2835e-05 4.2526e-10 TSX
20130623 20130715 0.00076253 8.6917e-10 TSX
20130629 20130914 0.00021161 6.942e-10 TSX
20130707 20150130 5.7499e-05 3.7934e-10 TSX
20130710 20140901 2.2292e-05 4.0524e-10 TSX
20130715 20130726 -0.002564 1.0175e-09 TSX
20130721 20131108 0.00059213 6.2824e-10 TSX
20130726 20150517 3.4316e-05 3.6853e-10 TSX
20130729 20160904 -1.5049e-07 3.376e-10 TSX
20130801 20151115 -6.9356e-05 3.5948e-10 TSX
20130817 20140209 -0.00013104 5.4547e-10 TSX
20130828 20150312 -1.2128e-05 3.7149e-10 TSX
20130903 20150329 -0.00017765 4.1168e-10 TSX
20130919 20160309 2.5647e-05 3.1848e-10 TSX
20130925 20140708 -2.3337e-05 4.4129e-10 TSX
20130930 20160411 -0.00010364 3.4436e-10 TSX
20131011 20150802 1.6897e-05 4.1529e-10 TSX
20131017 20140719 2.1535e-05 4.5468e-10 TSX
20131028 20160304 7.9722e-05 4.1081e-10 TSX
20131102 20140519 2.7003e-05 5.3044e-10 TSX
20131108 20140708 -7.6164e-05 4.7134e-10 TSX
20140209 20160309 7.62e-05 3.8616e-10 TSX
20140223 20140829 -3.6755e-05 5.1372e-10 TSX
20140408 20140705 -6.9141e-05 6.633e-10 TSX
20140419 20170913 -3.3993e-05 3.2998e-10 TSX
20140511 20141228 5.5692e-05 4.7585e-10 TSX
20140519 20150824 4.2372e-05 4.0548e-10 TSX
20140624 20171005 4.4036e-05 3.0743e-10 TSX
20140627 20151115 -6.4866e-05 4.054e-10 TSX
20140705 20180911 1.5209e-05 3.3057e-10 TSX
20140708 20160406 -4.5138e-05 3.7443e-10 TSX
20140716 20171005 -2.1119e-05 3.3062e-10 TSX
20140719 20151207 -2.4366e-05 3.9303e-10 TSX
20140727 20150326 5.2578e-05 4.6379e-10 TSX
20140810 20150122 -6.1969e-05 5.4447e-10 TSX
20140818 20160301 3.0903e-05 3.5404e-10 TSX
20140829 20160208 2.9388e-05 3.5426e-10 TSX
20140901 20140912 -0.0002947 9.7259e-10 TSX
20140912 20141209 -1.8522e-06 6.6774e-10 TSX
20140920 20170902 3.0518e-05 3.1949e-10 TSX
20141209 20160211 -8.5089e-05 3.9745e-10 TSX
20141217 20160722 -0.00010851 4.3148e-10 TSX
20141228 20160106 -2.7573e-05 3.9915e-10 TSX
20141231 20151024 1.5931e-05 4.3253e-10 TSX
20150105 20150824 -5.3479e-05 5.086e-10 TSX
20150108 20170811 4.2438e-05 3.6092e-10 TSX
20150119 20160117 6.7629e-05 4.0963e-10 TSX
20150127 20160411 -0.0001167 3.9415e-10 TSX
20150130 20151112 4.8222e-05 4.3447e-10 TSX
20150210 20170114 -1.3502e-05 4.266e-10 TSX
20150213 20160326 5.1537e-05 4.7785e-10 TSX
20150218 20160216 -5.1076e-05 4.1979e-10 TSX
20150221 20180112 2.2e-05 3.8167e-10 TSX
20150304 20180911 0.00010033 3.6339e-10 TSX
20150307 20160211 -6.1967e-05 4.4015e-10 TSX
20150312 20160320 -5.5646e-05 4.2239e-10 TSX
20150326 20150827 -3.9829e-05 5.522e-10 TSX
20150329 20151207 -5.9014e-05 4.7032e-10 TSX
20150428 20160425 -1.9434e-05 3.9925e-10 TSX
20150509 20150827 -0.00016146 6.2115e-10 TSX
20150517 20150824 4.745e-05 6.6392e-10 TSX
20150520 20180911 -2.9248e-05 3.9125e-10 TSX
20150714 20170822 2.6708e-05 3.8235e-10 TSX
20150725 20170924 3.5977e-05 3.5636e-10 TSX
20150802 20160309 -0.0001349 5.0074e-10 TSX
20150805 20160403 -2.6897e-05 4.6396e-10 TSX
20150816 20171107 7.3359e-05 3.7482e-10 TSX
20150824 20150915 0.00072398 8.686e-10 TSX
20150827 20170902 -8.6737e-06 3.3414e-10 TSX
20150915 20160216 -0.00017542 5.7435e-10 TSX
20151021 20160904 -0.00010206 4.3569e-10 TSX
20151101 20171016 -1.6507e-05 3.5033e-10 TSX
20151112 20160425 1.6565e-05 5.3732e-10 TSX
20151115 20151229 0.00010946 7.7812e-10 TSX
20151123 20171221 4.1332e-05 3.6996e-10 TSX
20151204 20151215 0.00015199 9.8159e-10 TSX
20151207 20160406 -5.2614e-05 6.0547e-10 TSX
20151215 20170822 0.00010296 3.9624e-10 TSX
20151226 20161223 1.3599e-05 3.9728e-10 TSX
20151229 20160211 8.2635e-05 7.7808e-10 TSX
20160106 20161223 -2.6048e-05 4.0366e-10 TSX
20160117 20160926 -6.9737e-05 4.6333e-10 TSX
20160128 20160301 -0.00013568 8.1055e-10 TSX
20160208 20160312 -0.00013099 8.1055e-10 TSX
20160216 20160309 -0.00039916 8.6853e-10 TSX
20160219 20180319 2.2929e-05 3.6338e-10 TSX
20160301 20161201 2.9162e-05 4.4029e-10 TSX
20160304 20160326 6.7278e-05 8.5369e-10 TSX
20160312 20180319 6.7173e-05 3.5155e-10 TSX
20160320 20160411 0.00036887 8.6853e-10 TSX
20160323 20171118 4.4358e-06 3.6464e-10 TSX
20160326 20160406 -0.00050147 9.7251e-10 TSX
20160403 20171027 3.9538e-05 3.7246e-10 TSX
20160425 20170811 -7.8666e-05 3.9538e-10 TSX
20160528 20160630 -7.7655e-05 8.1055e-10 TSX
20160630 20171118 -6.5104e-05 4.0259e-10 TSX
20160722 20161201 0.00011616 5.8238e-10 TSX
20160904 20180707 -7.4909e-06 3.9782e-10 TSX
20160915 20180911 -3.2035e-05 3.4409e-10 TSX
20160926 20170114 3.6939e-05 6.2239e-10 TSX
20161201 20171027 -7.8607e-05 4.354e-10 TSX
20161223 20171107 -3.5584e-05 4.3781e-10 TSX
20170114 20170902 -4.7261e-05 4.8002e-10 TSX
20170811 20171005 -0.00011415 7.4471e-10 TSX
20170822 20180707 -2.2406e-05 4.1293e-10 TSX
20170913 20180707 -8.3435e-05 4.3823e-10 TSX
20170924 20180319 0.00012362 5.2484e-10 TSX
20171005 20171107 6.5891e-05 8.1055e-10 TSX
20171016 20180319 0.00016273 5.5325e-10 TSX
20171027 20180911 -7.682e-05 4.2621e-10 TSX
20171107 20171118 7.301e-05 9.8159e-10 TSX
20171118 20171129 6.5768e-05 9.8159e-10 TSX
20171129 20171221 -1.3307e-05 8.5463e-10 TSX
20171210 20180820 -0.0001079 4.6448e-10 TSX
20171221 20180911 -0.00016622 4.6265e-10 TSX
20180112 20181003 2.3323e-05 4.568e-10 TSX
20180319 20180707 -0.00033971 6.1962e-10 TSX
20180707 20180911 0.00011031 7.1541e-10 TSX
20180729 20181003 -6.5024e-05 7.1537e-10 TSX
20180820 20181003 0.000104 7.7619e-10 TSX
20180911 20181003 -0.00021545 8.5463e-10 TSX
