20030427 20030914 -6.3527e-05 5.6816e-10 ERS2
20030914 20080629 1.1846e-05 2.7372e-10 ERS2
20050918 20090510 -2.9362e-07 2.9855e-10 ERS2
20051127 20081116 -2.7731e-05 3.1152e-10 ERS2
20060903 20090510 -3.8589e-05 3.327e-10 ERS2
20061231 20090105 2.9434e-05 3.1355e-10 ALOS
20070402 20070703 -0.00013977 6.6864e-10 ALOS
20070518 20091008 -5.5654e-05 3.3287e-10 ALOS
20070818 20071003 -0.00035044 7.7629e-10 ALOS
20071217 20100509 -5.2761e-05 3.0727e-10 ALOS
20080103 20100526 -6.3294e-05 3.2494e-10 ALOS
20080404 20080520 6.5406e-05 7.7641e-10 ALOS
20080618 20090921 -9.0053e-05 3.7192e-10 ALOS
20080629 20090510 3.2726e-05 4.2143e-10 ERS2
20080705 20091008 -1.1425e-05 3.6751e-10 ALOS
20080803 20090823 4.4204e-06 3.8331e-10 ERS2
20081116 20090823 -1.1941e-05 4.32e-10 ERS2
20081219 20090921 0.00013899 4.4646e-10 ALOS
20090105 20090708 -4.4942e-05 5.3181e-10 ALOS
20090510 20091101 0.00012717 5.2248e-10 ERS2
20090708 20091008 0.00032229 6.6684e-10 ALOS
20090823 20091101 -0.0001697 6.9879e-10 ERS2
20091222 20100624 0.00025565 5.3065e-10 ALOS
20100108 20100223 0.00044404 7.7829e-10 ALOS
20100223 20100526 -3.4406e-05 6.6837e-10 ALOS
20100410 20100711 -1.4498e-05 6.671e-10 ALOS
20100509 20100624 0.00059961 7.7426e-10 ALOS
20100526 20100711 0.00033433 7.7633e-10 ALOS
20100624 20101109 -0.00017836 5.8397e-10 ALOS
20100711 20101011 -1.9809e-05 6.6731e-10 ALOS
20100809 20101109 -8.3385e-05 6.636e-10 ALOS
20101011 20101126 0.00023676 7.7649e-10 ALOS
20110111 20110226 0.00060569 7.7633e-10 ALOS
20110924 20130715 -9.369e-06 3.2496e-10 TSX
20111005 20121229 1.9404e-05 3.6915e-10 TSX
20111121 20171221 -1.2506e-05 2.9878e-10 TSX
20111221 20130131 1.1859e-05 3.854e-10 TSX
20111224 20121027 2.0139e-05 4.1963e-10 TSX
20120126 20140419 -1.5216e-05 3.0301e-10 TSX
20120203 20160320 -2.1239e-05 2.5754e-10 TSX
20120206 20171107 9.094e-06 3.382e-10 TSX
20120617 20171129 5.6306e-06 2.9648e-10 TSX
20120723 20160120 3.5742e-05 2.6355e-10 TSX
20121024 20130109 9.4395e-05 7.0199e-10 TSX
20121027 20151226 2.6515e-06 3.0109e-10 TSX
20121030 20130311 2.7202e-05 5.8465e-10 TSX
20121107 20171118 1.258e-05 3.0229e-10 TSX
20121221 20160208 3.6666e-05 3.0414e-10 TSX
20121224 20130516 -2.2521e-05 5.685e-10 TSX
20121229 20130407 -9.3135e-06 6.561e-10 TSX
20130104 20130217 1.9161e-05 7.7408e-10 TSX
20130109 20130715 -8.7427e-05 5.333e-10 TSX
20130112 20140511 -9.665e-07 3.5718e-10 TSX
20130115 20130721 -4.6245e-05 5.1376e-10 TSX
20130126 20130823 0.00024073 5.162e-10 TSX
20130131 20130429 -2.2823e-05 6.7809e-10 TSX
20130203 20130729 -4.0088e-05 5.2311e-10 TSX
20130211 20130919 -3.5305e-05 4.9605e-10 TSX
20130228 20141209 -3.8201e-06 3.1514e-10 TSX
20130311 20130801 -4.6753e-05 5.6848e-10 TSX
20130316 20130623 1.0263e-05 6.561e-10 TSX
20130402 20150122 8.7422e-06 4.2082e-10 TSX
20130407 20140530 -3.0089e-05 3.8087e-10 TSX
20130421 20171016 6.7392e-06 2.9279e-10 TSX
20130424 20130721 -9.5272e-05 6.6408e-10 TSX
20130429 20130623 -4.2629e-05 7.5503e-10 TSX
20130505 20131028 0.00028106 5.8808e-10 TSX
20130513 20151112 6.7212e-06 3.2891e-10 TSX
20130516 20131017 0.00025582 5.9809e-10 TSX
20130521 20130715 1.0348e-05 7.5505e-10 TSX
20130524 20171129 2.5623e-05 2.655e-10 TSX
20130527 20140627 2.3131e-05 3.8412e-10 TSX
20130601 20130930 -2.6793e-05 6.1693e-10 TSX
20130604 20141217 2.3521e-06 3.3613e-10 TSX
20130607 20140719 -2.791e-05 3.8033e-10 TSX
20130612 20150105 -1.6485e-05 3.3727e-10 TSX
20130615 20160106 2.2937e-05 3.3552e-10 TSX
20130618 20140708 -9.6125e-06 3.8838e-10 TSX
20130623 20130715 0.00058155 8.6378e-10 TSX
20130629 20130914 0.00019228 7.0025e-10 TSX
20130707 20150130 -2.2159e-06 3.4023e-10 TSX
20130710 20140901 -1.9745e-07 3.7684e-10 TSX
20130715 20130726 -0.0023685 1.0131e-09 TSX
20130721 20131108 -4.2931e-05 6.3967e-10 TSX
20130726 20150517 1.0014e-05 3.2334e-10 TSX
20130729 20160904 -7.3846e-07 2.935e-10 TSX
20130801 20151115 3.9592e-06 2.9557e-10 TSX
20130817 20140209 8.113e-06 5.4096e-10 TSX
20130828 20150312 -5.7008e-06 3.4209e-10 TSX
20130903 20150329 0.00017702 3.6213e-10 TSX
20130919 20160309 3.51e-06 2.8118e-10 TSX
20130925 20140708 -1.973e-05 4.6237e-10 TSX
20130930 20160411 1.5117e-05 2.9244e-10 TSX
20131011 20150802 3.5261e-06 3.2365e-10 TSX
20131017 20140719 1.9624e-05 4.8845e-10 TSX
20131028 20160304 -4.1659e-06 3.8522e-10 TSX
20131102 20140519 4.166e-05 5.1716e-10 TSX
20131108 20140708 -3.7451e-05 5.2406e-10 TSX
20140209 20160309 7.3214e-06 3.1124e-10 TSX
20140223 20140829 -2.7616e-06 5.1106e-10 TSX
20140408 20140705 -7.4172e-06 6.6131e-10 TSX
20140419 20170913 3.4154e-05 3.3039e-10 TSX
20140511 20141228 7.8079e-06 4.7009e-10 TSX
20140519 20150824 -1.3427e-06 3.6573e-10 TSX
20140624 20171005 2.4376e-06 2.8433e-10 TSX
20140627 20151115 -1.7112e-05 3.4731e-10 TSX
20140705 20180911 3.274e-06 2.9659e-10 TSX
20140708 20160406 1.7996e-05 3.1706e-10 TSX
20140716 20171005 2.7198e-06 2.7328e-10 TSX
20140719 20151207 -6.0143e-06 3.4385e-10 TSX
20140727 20150326 -2.8212e-05 4.6165e-10 TSX
20140810 20150122 5.9484e-05 5.4598e-10 TSX
20140818 20160301 3.3217e-05 3.2882e-10 TSX
20140829 20160208 2.8198e-05 3.5217e-10 TSX
20140901 20140912 -0.00027554 9.6948e-10 TSX
20140912 20141209 -1.05e-05 6.6408e-10 TSX
20140920 20170902 7.7094e-06 2.9655e-10 TSX
20141209 20160211 -1.5021e-05 3.673e-10 TSX
20141217 20160722 3.0002e-05 3.5227e-10 TSX
20141228 20160106 2.2867e-05 3.831e-10 TSX
20141231 20151024 -2.8855e-05 4.2541e-10 TSX
20150105 20150824 -1.726e-05 4.8667e-10 TSX
20150108 20170811 1.875e-05 3.2e-10 TSX
20150119 20160117 3.7463e-05 3.8995e-10 TSX
20150127 20160411 6.7034e-06 3.7517e-10 TSX
20150130 20151112 7.2493e-06 4.2874e-10 TSX
20150210 20170114 2.8611e-05 3.102e-10 TSX
20150213 20160326 -0.00011162 4.7159e-10 TSX
20150218 20160216 -1.4039e-05 4.0283e-10 TSX
20150221 20180112 4.3413e-05 3.2974e-10 TSX
20150304 20180911 1.1903e-05 3.2952e-10 TSX
20150307 20160211 -7.464e-06 4.0152e-10 TSX
20150312 20160320 -6.8757e-06 3.9934e-10 TSX
20150326 20150827 8.1431e-05 5.5041e-10 TSX
20150329 20151207 -2.5647e-05 4.5496e-10 TSX
20150428 20160425 5.4464e-05 3.9122e-10 TSX
20150509 20150827 7.8792e-05 6.2124e-10 TSX
20150517 20150824 -0.00014826 6.5653e-10 TSX
20150520 20180911 6.1724e-06 2.9678e-10 TSX
20150714 20170822 5.1093e-06 3.3518e-10 TSX
20150725 20170924 9.4017e-06 3.3141e-10 TSX
20150802 20160309 -6.795e-06 4.9628e-10 TSX
20150805 20160403 3.642e-06 4.6433e-10 TSX
20150816 20171107 2.0881e-05 3.1587e-10 TSX
20150824 20150915 0.00055767 8.6369e-10 TSX
20150827 20170902 2.2891e-05 3.1294e-10 TSX
20150915 20160216 3.5551e-05 5.6824e-10 TSX
20151021 20160904 -4.4515e-05 4.2076e-10 TSX
20151101 20171016 2.6918e-05 3.0643e-10 TSX
20151112 20160425 2.953e-05 5.3617e-10 TSX
20151115 20151229 0.0001326 7.7408e-10 TSX
20151123 20171221 1.1236e-05 3.1871e-10 TSX
20151204 20151215 0.0001637 9.7965e-10 TSX
20151207 20160406 -3.1199e-05 6.0213e-10 TSX
20151215 20170822 2.8428e-05 3.2048e-10 TSX
20151226 20161223 2.4345e-05 3.9355e-10 TSX
20151229 20160211 1.7162e-05 7.7408e-10 TSX
20160106 20161223 2.7847e-05 3.9854e-10 TSX
20160117 20160926 3.9447e-05 4.5471e-10 TSX
20160128 20160301 -0.00014256 8.0778e-10 TSX
20160208 20160312 -8.6091e-05 8.0778e-10 TSX
20160216 20160309 -0.00033514 8.6369e-10 TSX
20160219 20180319 7.3059e-06 2.9882e-10 TSX
20160301 20161201 5.9752e-05 4.3876e-10 TSX
20160304 20160326 3.412e-05 8.5015e-10 TSX
20160312 20180319 1.3053e-05 3.0793e-10 TSX
20160320 20160411 0.00035768 8.637e-10 TSX
20160323 20171118 2.4397e-05 3.2e-10 TSX
20160326 20160406 -0.00049666 9.694e-10 TSX
20160403 20171027 2.4395e-05 3.3602e-10 TSX
20160425 20170811 4.2216e-05 3.5028e-10 TSX
20160528 20160630 -6.5088e-05 8.0778e-10 TSX
20160630 20171118 4.031e-05 3.4123e-10 TSX
20160722 20161201 0.00013317 5.8127e-10 TSX
20160904 20180707 3.5462e-05 3.2004e-10 TSX
20160915 20180911 1.2386e-05 2.9977e-10 TSX
20160926 20170114 4.6205e-05 6.1791e-10 TSX
20161201 20171027 2.1059e-06 4.072e-10 TSX
20161223 20171107 -9.1768e-06 4.0918e-10 TSX
20170114 20170902 8.408e-06 4.6978e-10 TSX
20170811 20171005 -5.4345e-05 7.4187e-10 TSX
20170822 20180707 -2.6962e-05 4.139e-10 TSX
20170913 20180707 -6.4966e-05 4.2535e-10 TSX
20170924 20180319 -4.9353e-05 5.2318e-10 TSX
20171005 20171107 4.9828e-05 8.0778e-10 TSX
20171016 20180319 -3.2797e-05 5.5005e-10 TSX
20171027 20180911 -9.2375e-06 4.139e-10 TSX
20171107 20171118 8.3048e-05 9.7965e-10 TSX
20171118 20171129 5.4377e-05 9.7965e-10 TSX
20171129 20171221 -3.6766e-05 8.5225e-10 TSX
20171210 20180820 -2.8968e-05 4.5337e-10 TSX
20171221 20180911 1.5557e-06 4.4559e-10 TSX
20180112 20181003 -2.3286e-05 4.4565e-10 TSX
20180319 20180707 -4.0692e-05 6.1792e-10 TSX
20180707 20180911 0.00017224 7.128e-10 TSX
20180729 20181003 1.1908e-05 7.128e-10 TSX
20180820 20181003 0.00012106 7.7326e-10 TSX
20180911 20181003 -0.00014403 8.5225e-10 TSX
