20030427 20030914 -0.00016576 5.8533e-10 ERS2
20030914 20080629 -4.0786e-05 2.8013e-10 ERS2
20050918 20090510 2.0675e-05 3.0863e-10 ERS2
20051127 20081116 3.0149e-05 3.151e-10 ERS2
20060903 20090510 -5.8405e-05 3.1923e-10 ERS2
20061231 20090105 -6.1279e-05 3.8425e-10 ALOS
20070402 20070703 -7.6181e-05 7.2663e-10 ALOS
20070518 20091008 -4.2164e-05 3.9242e-10 ALOS
20070818 20071003 -0.00035486 8.1097e-10 ALOS
20071217 20100509 -5.5519e-05 3.5916e-10 ALOS
20080103 20100526 8.8196e-05 3.7479e-10 ALOS
20080404 20080520 2.039e-05 8.1134e-10 ALOS
20080618 20090921 -8.2956e-05 4.3382e-10 ALOS
20080629 20090510 -0.00019607 4.2546e-10 ERS2
20080705 20091008 6.2678e-06 4.3646e-10 ALOS
20080803 20090823 -0.0001269 3.9372e-10 ERS2
20081116 20090823 -3.1463e-05 4.4438e-10 ERS2
20081219 20090921 0.00014531 5.0403e-10 ALOS
20090105 20090708 -0.00025801 6.0862e-10 ALOS
20090510 20091101 -0.00048431 5.3801e-10 ERS2
20090708 20091008 0.00034188 7.2433e-10 ALOS
20090823 20091101 0.00098942 7.217e-10 ERS2
20091222 20100624 -0.0001268 5.9291e-10 ALOS
20100108 20100223 0.00035495 8.1218e-10 ALOS
20100223 20100526 -0.00015505 7.2364e-10 ALOS
20100410 20100711 0.00010104 7.2427e-10 ALOS
20100509 20100624 0.00061214 8.0799e-10 ALOS
20100526 20100711 0.00045152 8.1101e-10 ALOS
20100624 20101109 -7.8356e-05 6.4532e-10 ALOS
20100711 20101011 -0.00024824 7.2461e-10 ALOS
20100809 20101109 -0.00011429 7.1981e-10 ALOS
20101011 20101126 0.00032167 8.1139e-10 ALOS
20110111 20110226 0.00057727 8.1096e-10 ALOS
20110924 20130715 3.9911e-05 3.909e-10 TSX
20111005 20121229 1.3785e-05 4.6494e-10 TSX
20111121 20171221 -2.7006e-06 4.6411e-10 TSX
20111221 20130131 -1.3051e-05 4.5025e-10 TSX
20111224 20121027 -6.8953e-05 4.3133e-10 TSX
20120126 20140419 -1.4783e-05 4.4546e-10 TSX
20120203 20160320 -2.6232e-07 4.4263e-10 TSX
20120206 20171107 3.0634e-05 3.5639e-10 TSX
20120617 20171129 1.2749e-05 5.359e-10 TSX
20120723 20160120 1.0834e-06 4.3362e-10 TSX
20121024 20130109 1.9497e-05 7.5738e-10 TSX
20121027 20151226 5.3893e-05 4.1079e-10 TSX
20121030 20130311 8.0595e-05 6.3659e-10 TSX
20121107 20171118 9.1606e-06 4.3564e-10 TSX
20121221 20160208 -2.1311e-06 4.0941e-10 TSX
20121224 20130516 -1.0996e-05 6.2015e-10 TSX
20121229 20130407 3.855e-05 7.1882e-10 TSX
20130104 20130217 8.0043e-05 8.0405e-10 TSX
20130109 20130715 0.00016042 6.2527e-10 TSX
20130112 20140511 -5.9554e-05 4.0007e-10 TSX
20130115 20130721 -3.9729e-05 5.6817e-10 TSX
20130126 20130823 -0.00010912 6.1479e-10 TSX
20130131 20130429 9.1722e-05 7.3669e-10 TSX
20130203 20130729 -2.7928e-05 5.425e-10 TSX
20130211 20130919 -1.1517e-05 5.6296e-10 TSX
20130228 20141209 2.5501e-05 4.4055e-10 TSX
20130311 20130801 -0.00010463 6.198e-10 TSX
20130316 20130623 -6.0281e-06 7.1895e-10 TSX
20130402 20150122 0.00016253 4.2788e-10 TSX
20130407 20140530 4.9417e-05 4.5373e-10 TSX
20130421 20171016 -6.2542e-07 3.5554e-10 TSX
20130424 20130721 -0.00012214 7.1261e-10 TSX
20130429 20130623 -0.0001148 7.9672e-10 TSX
20130505 20131028 -0.00018322 6.2197e-10 TSX
20130513 20151112 2.7649e-05 3.8781e-10 TSX
20130516 20131017 -0.00015053 6.3951e-10 TSX
20130521 20130715 0.0001919 7.9667e-10 TSX
20130524 20171129 5.3222e-06 4.2168e-10 TSX
20130527 20140627 -4.4503e-06 4.3056e-10 TSX
20130601 20130930 2.3185e-06 6.8388e-10 TSX
20130604 20141217 1.8338e-05 3.914e-10 TSX
20130607 20140719 -2.8757e-06 4.2572e-10 TSX
20130612 20150105 2.6979e-05 4.0378e-10 TSX
20130615 20160106 3.1875e-05 3.599e-10 TSX
20130618 20140708 -3.9663e-05 4.3308e-10 TSX
20130623 20130715 0.00064859 8.8175e-10 TSX
20130629 20130914 -7.3511e-05 7.5634e-10 TSX
20130707 20150130 8.8268e-06 3.5558e-10 TSX
20130710 20140901 -5.9153e-06 4.2162e-10 TSX
20130715 20130726 -0.0024317 1.0252e-09 TSX
20130721 20131108 -9.9194e-07 6.9619e-10 TSX
20130726 20150517 3.989e-05 4.6388e-10 TSX
20130729 20160904 1.8529e-05 3.6125e-10 TSX
20130801 20151115 -1.1034e-05 4.8365e-10 TSX
20130817 20140209 3.4258e-05 6.1063e-10 TSX
20130828 20150312 -1.6996e-05 4.5767e-10 TSX
20130903 20150329 -1.8225e-05 5.278e-10 TSX
20130919 20160309 -7.0393e-05 4.095e-10 TSX
20130925 20140708 -3.0622e-06 5.3106e-10 TSX
20130930 20160411 0.00016918 4.3863e-10 TSX
20131011 20150802 2.3668e-05 4.1761e-10 TSX
20131017 20140719 6.8253e-05 5.4829e-10 TSX
20131028 20160304 3.4294e-05 3.676e-10 TSX
20131102 20140519 0.00012038 5.8496e-10 TSX
20131108 20140708 -0.00018694 5.6819e-10 TSX
20140209 20160309 -1.1702e-05 6.0789e-10 TSX
20140223 20140829 3.2035e-05 5.2918e-10 TSX
20140408 20140705 -2.6095e-05 6.8514e-10 TSX
20140419 20170913 8.1534e-05 6.3764e-10 TSX
20140511 20141228 5.8576e-05 4.8948e-10 TSX
20140519 20150824 -9.4539e-06 4.4535e-10 TSX
20140624 20171005 -1.1694e-05 5.3289e-10 TSX
20140627 20151115 -2.1757e-05 4.8933e-10 TSX
20140705 20180911 2.141e-06 4.976e-10 TSX
20140708 20160406 2.1677e-05 5.2282e-10 TSX
20140716 20171005 -6.6042e-06 4.7915e-10 TSX
20140719 20151207 -3.3395e-05 5.5201e-10 TSX
20140727 20150326 -3.4059e-05 4.7591e-10 TSX
20140810 20150122 1.6325e-05 5.9683e-10 TSX
20140818 20160301 1.997e-06 4.3705e-10 TSX
20140829 20160208 -3.5008e-05 3.7865e-10 TSX
20140901 20140912 -0.0002689 9.7941e-10 TSX
20140912 20141209 -2.6233e-05 7.1276e-10 TSX
20140920 20170902 2.4804e-05 4.088e-10 TSX
20141209 20160211 -4.9473e-05 4.7259e-10 TSX
20141217 20160722 2.6201e-07 4.9829e-10 TSX
20141228 20160106 -8.4961e-07 4.5104e-10 TSX
20141231 20151024 -2.4962e-05 4.7453e-10 TSX
20150105 20150824 -9.0244e-06 5.6982e-10 TSX
20150108 20170811 3.1213e-05 4.2682e-10 TSX
20150119 20160117 5.7686e-06 4.5789e-10 TSX
20150127 20160411 -4.8091e-05 5.4847e-10 TSX
20150130 20151112 2.5936e-05 4.777e-10 TSX
20150210 20170114 7.8025e-06 4.0966e-10 TSX
20150213 20160326 0.00023609 4.9217e-10 TSX
20150218 20160216 -5.5482e-05 4.8654e-10 TSX
20150221 20180112 4.504e-05 4.0444e-10 TSX
20150304 20180911 -8.4268e-06 5.0071e-10 TSX
20150307 20160211 -6.6187e-05 4.5031e-10 TSX
20150312 20160320 -2.5381e-05 5.2273e-10 TSX
20150326 20150827 7.1411e-05 5.757e-10 TSX
20150329 20151207 -0.00012578 5.2633e-10 TSX
20150428 20160425 2.4505e-05 4.2595e-10 TSX
20150509 20150827 5.0268e-05 6.6626e-10 TSX
20150517 20150824 -0.00019481 7.2485e-10 TSX
20150520 20180911 -2.6219e-05 3.7699e-10 TSX
20150714 20170822 2.6469e-05 4.5447e-10 TSX
20150725 20170924 -1.2101e-05 3.3636e-10 TSX
20150802 20160309 -7.6344e-05 5.6069e-10 TSX
20150805 20160403 0.00010907 4.8062e-10 TSX
20150816 20171107 2.0879e-05 3.7223e-10 TSX
20150824 20150915 0.00058733 8.8167e-10 TSX
20150827 20170902 -9.7117e-06 3.5263e-10 TSX
20150915 20160216 -9.2882e-06 6.3619e-10 TSX
20151021 20160904 -3.1981e-05 4.4476e-10 TSX
20151101 20171016 -3.2013e-05 3.7517e-10 TSX
20151112 20160425 1.4898e-05 5.5753e-10 TSX
20151115 20151229 0.0001288 8.0404e-10 TSX
20151123 20171221 -5.3683e-06 3.2551e-10 TSX
20151204 20151215 0.00015845 9.8696e-10 TSX
20151207 20160406 1.4652e-05 6.5405e-10 TSX
20151215 20170822 -2.1993e-05 4.5169e-10 TSX
20151226 20161223 4.5747e-05 4.0607e-10 TSX
20151229 20160211 1.8262e-05 8.0404e-10 TSX
20160106 20161223 3.4024e-05 4.0935e-10 TSX
20160117 20160926 4.0126e-05 4.779e-10 TSX
20160128 20160301 -0.00016737 8.2237e-10 TSX
20160208 20160312 -9.1736e-05 8.2237e-10 TSX
20160216 20160309 -0.00034455 8.8167e-10 TSX
20160219 20180319 -1.4582e-05 3.5959e-10 TSX
20160301 20161201 5.0889e-05 4.5168e-10 TSX
20160304 20160326 3.4607e-05 8.6569e-10 TSX
20160312 20180319 -1.0186e-05 3.6824e-10 TSX
20160320 20160411 0.00039089 8.8169e-10 TSX
20160323 20171118 2.3536e-05 3.5104e-10 TSX
20160326 20160406 -0.00050073 9.793e-10 TSX
20160403 20171027 6.7083e-06 3.8804e-10 TSX
20160425 20170811 3.2933e-05 3.8666e-10 TSX
20160528 20160630 3.52e-06 8.2237e-10 TSX
20160630 20171118 3.6072e-05 3.647e-10 TSX
20160722 20161201 6.2058e-05 6.0246e-10 TSX
20160904 20180707 -2.2911e-05 3.4539e-10 TSX
20160915 20180911 -7.7047e-06 3.2372e-10 TSX
20160926 20170114 6.1678e-05 6.4324e-10 TSX
20161201 20171027 -9.1574e-06 4.2555e-10 TSX
20161223 20171107 -1.8637e-05 4.4626e-10 TSX
20170114 20170902 1.9156e-05 4.8601e-10 TSX
20170811 20171005 -5.973e-05 7.6287e-10 TSX
20170822 20180707 -6.6245e-05 4.2569e-10 TSX
20170913 20180707 -6.459e-05 4.4101e-10 TSX
20170924 20180319 -0.00010067 5.4117e-10 TSX
20171005 20171107 8.1615e-05 8.2237e-10 TSX
20171016 20180319 -7.0287e-05 5.6984e-10 TSX
20171027 20180911 -2.9907e-05 4.2586e-10 TSX
20171107 20171118 7.4897e-05 9.8696e-10 TSX
20171118 20171129 4.4773e-05 9.8696e-10 TSX
20171129 20171221 -2.1299e-05 8.6283e-10 TSX
20171210 20180820 -8.8202e-05 4.6717e-10 TSX
20171221 20180911 -4.2775e-05 4.5968e-10 TSX
20180112 20181003 -8.0838e-06 4.6029e-10 TSX
20180319 20180707 -0.0001074 6.4084e-10 TSX
20180707 20180911 0.000156 7.3556e-10 TSX
20180729 20181003 -4.3499e-05 7.3556e-10 TSX
20180820 20181003 4.1989e-05 7.915e-10 TSX
20180911 20181003 -0.00017909 8.6284e-10 TSX
