20030427 20030914 0.00048381 6.8158e-10 ERS2
20030914 20080629 -0.00015759 4.0234e-10 ERS2
20050918 20090510 5.1941e-05 4.4384e-10 ERS2
20051127 20081116 0.00020758 4.4363e-10 ERS2
20060903 20090510 -0.0001147 4.7175e-10 ERS2
20061231 20090105 -2.4281e-05 3.478e-10 ALOS
20070402 20070703 -3.4402e-05 7.2257e-10 ALOS
20070518 20091008 -9.5025e-05 3.3029e-10 ALOS
20070818 20071003 -0.00046788 8.0965e-10 ALOS
20071217 20100509 -9.0532e-05 3.3554e-10 ALOS
20080103 20100526 -7.4196e-05 3.2987e-10 ALOS
20080404 20080520 2.5117e-05 8.0966e-10 ALOS
20080618 20090921 -0.00015062 4.2032e-10 ALOS
20080629 20090510 -0.00013321 5.3388e-10 ERS2
20080705 20091008 -0.00025486 4.0763e-10 ALOS
20080803 20090823 -5.1566e-05 5.1176e-10 ERS2
20081116 20090823 -1.3462e-05 5.5179e-10 ERS2
20081219 20090921 0.00027557 4.9889e-10 ALOS
20090105 20090708 0.00011949 5.8865e-10 ALOS
20090510 20091101 -5.7088e-06 6.2893e-10 ERS2
20090708 20091008 0.00023306 7.2257e-10 ALOS
20090823 20091101 0.00034189 7.6627e-10 ERS2
20091222 20100624 0.00012852 5.8542e-10 ALOS
20100108 20100223 5.4098e-05 8.0976e-10 ALOS
20100223 20100526 -4.7389e-05 7.2252e-10 ALOS
20100410 20100711 -0.00024382 7.2257e-10 ALOS
20100509 20100624 0.00079809 8.0774e-10 ALOS
20100526 20100711 0.00039103 8.0967e-10 ALOS
20100624 20101109 -0.00010664 6.46e-10 ALOS
20100711 20101011 -0.00014989 7.2261e-10 ALOS
20100809 20101109 -9.6424e-05 7.1984e-10 ALOS
20101011 20101126 0.00024885 8.0967e-10 ALOS
20110111 20110226 0.00064322 8.0965e-10 ALOS
20110924 20130715 8.8148e-05 3.5784e-10 TSX
20111005 20121229 4.8225e-05 4.1011e-10 TSX
20111121 20171221 5.6921e-06 4.6769e-10 TSX
20111221 20130131 5.7973e-05 4.3002e-10 TSX
20111224 20121027 -4.2053e-06 5.5645e-10 TSX
20120126 20140419 3.0052e-05 4.4288e-10 TSX
20120203 20160320 -3.4108e-05 2.6715e-10 TSX
20120206 20171107 3.9395e-07 4.4468e-10 TSX
20120617 20171129 -1.4938e-05 4.3826e-10 TSX
20120723 20160120 8.5936e-05 2.9827e-10 TSX
20121024 20130109 0.00012989 7.532e-10 TSX
20121027 20151226 -9.5151e-06 4.265e-10 TSX
20121030 20130311 5.3492e-06 6.4701e-10 TSX
20121107 20171118 -9.8148e-06 4.3684e-10 TSX
20121221 20160208 -8.3368e-07 4.2517e-10 TSX
20121224 20130516 -7.9502e-05 6.3113e-10 TSX
20121229 20130407 -9.5798e-06 7.1449e-10 TSX
20130104 20130217 -2.4833e-05 8.0703e-10 TSX
20130109 20130715 6.5913e-05 5.9041e-10 TSX
20130112 20140511 1.0057e-05 5.0267e-10 TSX
20130115 20130721 -0.00014979 5.7442e-10 TSX
20130126 20130823 -0.00029316 5.546e-10 TSX
20130131 20130429 -6.5935e-05 7.3348e-10 TSX
20130203 20130729 -2.3725e-05 6.4311e-10 TSX
20130211 20130919 -3.5496e-05 5.5454e-10 TSX
20130228 20141209 3.4266e-05 3.5601e-10 TSX
20130311 20130801 -7.2631e-05 6.31e-10 TSX
20130316 20130623 5.3423e-05 7.145e-10 TSX
20130402 20150122 6.1271e-05 3.9621e-10 TSX
20130407 20140530 3.2103e-05 4.2467e-10 TSX
20130421 20171016 -2.4158e-06 4.3755e-10 TSX
20130424 20130721 -0.00024212 7.2007e-10 TSX
20130429 20130623 -0.00011936 7.9454e-10 TSX
20130505 20131028 -0.00076468 5.8902e-10 TSX
20130513 20151112 -2.4235e-05 4.3078e-10 TSX
20130516 20131017 -0.00031924 6.1364e-10 TSX
20130521 20130715 0.0001835 7.9458e-10 TSX
20130524 20171129 7.6106e-07 4.3523e-10 TSX
20130527 20140627 -1.182e-05 4.3681e-10 TSX
20130601 20130930 9.4152e-05 6.7881e-10 TSX
20130604 20141217 -2.1269e-06 4.8983e-10 TSX
20130607 20140719 4.0021e-07 4.3308e-10 TSX
20130612 20150105 2.1625e-05 3.7446e-10 TSX
20130615 20160106 -6.3147e-06 4.2931e-10 TSX
20130618 20140708 -2.7836e-05 4.4165e-10 TSX
20130623 20130715 0.000633 8.7951e-10 TSX
20130629 20130914 0.00035732 7.4074e-10 TSX
20130707 20150130 -2.0092e-06 4.9006e-10 TSX
20130710 20140901 -1.8312e-05 4.2998e-10 TSX
20130715 20130726 -0.0024801 1.023e-09 TSX
20130721 20131108 0.00092689 6.81e-10 TSX
20130726 20150517 0.00031192 3.5606e-10 TSX
20130729 20160904 3.3322e-06 4.2175e-10 TSX
20130801 20151115 3.2501e-05 3.2607e-10 TSX
20130817 20140209 -7.2424e-05 6.0307e-10 TSX
20130828 20150312 1.8529e-05 3.7725e-10 TSX
20130903 20150329 -0.00027913 3.6136e-10 TSX
20130919 20160309 2.9253e-05 2.9822e-10 TSX
20130925 20140708 3.0059e-05 4.8317e-10 TSX
20130930 20160411 2.6341e-05 2.9513e-10 TSX
20131011 20150802 7.0683e-06 3.5325e-10 TSX
20131017 20140719 -7.036e-05 4.9187e-10 TSX
20131028 20160304 1.0438e-05 3.7836e-10 TSX
20131102 20140519 -0.00016947 5.7768e-10 TSX
20131108 20140708 7.3925e-06 5.1819e-10 TSX
20140209 20160309 3.3022e-06 3.368e-10 TSX
20140223 20140829 6.8863e-07 6.3287e-10 TSX
20140408 20140705 1.9583e-06 7.4475e-10 TSX
20140419 20170913 -2.8538e-06 4.1768e-10 TSX
20140511 20141228 1.1917e-05 5.9783e-10 TSX
20140519 20150824 0.00012866 4.0508e-10 TSX
20140624 20171005 -8.9057e-06 4.499e-10 TSX
20140627 20151115 -1.2179e-05 3.8371e-10 TSX
20140705 20180911 -1.2875e-05 4.2743e-10 TSX
20140708 20160406 5.7912e-05 3.5357e-10 TSX
20140716 20171005 -3.1271e-06 4.4776e-10 TSX
20140719 20151207 5.5455e-06 3.8496e-10 TSX
20140727 20150326 9.0279e-06 5.913e-10 TSX
20140810 20150122 -4.7794e-05 6.0089e-10 TSX
20140818 20160301 -7.8171e-06 4.6975e-10 TSX
20140829 20160208 1.7266e-05 4.8226e-10 TSX
20140901 20140912 -0.00031028 9.7861e-10 TSX
20140912 20141209 0.00014376 7.2007e-10 TSX
20140920 20170902 -3.0962e-06 4.3871e-10 TSX
20141209 20160211 -4.1676e-05 4.1027e-10 TSX
20141217 20160722 -1.0091e-06 4.6117e-10 TSX
20141228 20160106 8.9239e-06 5.1533e-10 TSX
20141231 20151024 1.1352e-05 4.7734e-10 TSX
20150105 20150824 -5.9708e-05 5.4351e-10 TSX
20150108 20170811 -1.9411e-05 4.2405e-10 TSX
20150119 20160117 2.3093e-05 5.2016e-10 TSX
20150127 20160411 0.00013767 4.1192e-10 TSX
20150130 20151112 -4.7598e-06 5.5739e-10 TSX
20150210 20170114 2.7994e-05 4.5004e-10 TSX
20150213 20160326 -8.3981e-05 4.412e-10 TSX
20150218 20160216 6.8907e-05 4.4933e-10 TSX
20150221 20180112 -1.1365e-05 4.248e-10 TSX
20150304 20180911 5.7928e-06 4.3037e-10 TSX
20150307 20160211 2.478e-05 4.5117e-10 TSX
20150312 20160320 7.3538e-05 4.4357e-10 TSX
20150326 20150827 -7.3675e-06 6.5574e-10 TSX
20150329 20151207 -1.7978e-05 5.1031e-10 TSX
20150428 20160425 2.1671e-05 5.1967e-10 TSX
20150509 20150827 -3.8063e-05 7.1159e-10 TSX
20150517 20150824 -0.00023705 7.1451e-10 TSX
20150520 20180911 -1.7977e-06 4.4117e-10 TSX
20150714 20170822 -2.9401e-06 4.4522e-10 TSX
20150725 20170924 1.307e-06 4.3985e-10 TSX
20150802 20160309 2.0117e-05 5.5451e-10 TSX
20150805 20160403 2.6495e-05 5.9e-10 TSX
20150816 20171107 5.4593e-06 4.3951e-10 TSX
20150824 20150915 0.00069279 8.794e-10 TSX
20150827 20170902 9.58e-06 4.438e-10 TSX
20150915 20160216 -7.9003e-05 6.3111e-10 TSX
20151021 20160904 2.196e-05 5.4832e-10 TSX
20151101 20171016 6.8422e-06 4.4533e-10 TSX
20151112 20160425 2.6826e-05 6.5411e-10 TSX
20151115 20151229 0.00018211 8.0703e-10 TSX
20151123 20171221 8.9806e-06 4.4691e-10 TSX
20151204 20151215 0.00013256 9.9201e-10 TSX
20151207 20160406 -5.1129e-05 6.6384e-10 TSX
20151215 20170822 2.0416e-05 4.5969e-10 TSX
20151226 20161223 -2.2955e-05 5.353e-10 TSX
20151229 20160211 8.4334e-06 8.0703e-10 TSX
20160106 20161223 -1.2464e-05 5.389e-10 TSX
20160117 20160926 2.367e-07 5.8296e-10 TSX
20160128 20160301 -0.00016119 8.4069e-10 TSX
20160208 20160312 -8.9444e-05 8.4069e-10 TSX
20160216 20160309 -0.00044117 8.794e-10 TSX
20160219 20180319 1.5037e-05 4.4977e-10 TSX
20160301 20161201 4.0803e-05 5.723e-10 TSX
20160304 20160326 4.1988e-05 8.658e-10 TSX
20160312 20180319 -8.1581e-06 4.4816e-10 TSX
20160320 20160411 0.00040146 8.7941e-10 TSX
20160323 20171118 -3.454e-06 4.6343e-10 TSX
20160326 20160406 -0.00053724 9.7853e-10 TSX
20160403 20171027 -2.8273e-05 4.7332e-10 TSX
20160425 20170811 -1.3014e-05 4.847e-10 TSX
20160528 20160630 -1.4294e-05 8.4069e-10 TSX
20160630 20171118 9.7977e-06 4.8176e-10 TSX
20160722 20161201 7.8512e-05 6.8857e-10 TSX
20160904 20180707 1.1115e-05 4.7809e-10 TSX
20160915 20180911 1.1465e-05 4.5213e-10 TSX
20160926 20170114 8.0797e-05 7.1279e-10 TSX
20161201 20171027 -1.5301e-05 5.4617e-10 TSX
20161223 20171107 2.5306e-05 5.4162e-10 TSX
20170114 20170902 -3.14e-05 5.9793e-10 TSX
20170811 20171005 -4.0096e-05 7.9897e-10 TSX
20170822 20180707 2.9949e-05 5.5154e-10 TSX
20170913 20180707 7.9774e-06 5.6025e-10 TSX
20170924 20180319 3.031e-05 6.4325e-10 TSX
20171005 20171107 3.6059e-05 8.4069e-10 TSX
20171016 20180319 2.9752e-05 6.6578e-10 TSX
20171027 20180911 2.5836e-05 5.5211e-10 TSX
20171107 20171118 7.2489e-05 9.9201e-10 TSX
20171118 20171129 5.4494e-05 9.9201e-10 TSX
20171129 20171221 -2.2943e-05 8.7336e-10 TSX
20171210 20180820 2.7535e-05 5.8432e-10 TSX
20171221 20180911 1.2649e-05 5.7772e-10 TSX
20180112 20181003 6.8162e-05 5.7775e-10 TSX
20180319 20180707 -2.0156e-05 7.1296e-10 TSX
20180707 20180911 0.00015979 7.8023e-10 TSX
20180729 20181003 -1.6562e-05 7.8023e-10 TSX
20180820 20181003 0.00013349 8.1866e-10 TSX
20180911 20181003 -0.00017068 8.7336e-10 TSX
