20030427 20030914 -0.0007222 5.6686e-10 ERS2
20030914 20080629 -3.5793e-05 2.7142e-10 ERS2
20050918 20090510 1.6957e-06 2.9978e-10 ERS2
20051127 20081116 -9.0978e-05 3.2017e-10 ERS2
20060903 20090510 -5.2905e-05 3.0987e-10 ERS2
20061231 20090105 -4.8167e-05 3.1319e-10 ALOS
20070402 20070703 -9.5075e-05 6.6649e-10 ALOS
20070518 20091008 -6.099e-05 2.9814e-10 ALOS
20070818 20071003 -0.00050283 7.7597e-10 ALOS
20071217 20100509 -2.2904e-05 3.0274e-10 ALOS
20080103 20100526 9.198e-06 2.9703e-10 ALOS
20080404 20080520 -1.0905e-05 7.7597e-10 ALOS
20080618 20090921 -4.1337e-06 3.7267e-10 ALOS
20080629 20090510 -5.6355e-05 4.1189e-10 ERS2
20080705 20091008 -0.0002036 3.6549e-10 ALOS
20080803 20090823 -5.7474e-06 3.8316e-10 ERS2
20081116 20090823 -6.1883e-06 4.3181e-10 ERS2
20081219 20090921 -0.00023203 4.4612e-10 ALOS
20090105 20090708 -9.3595e-05 5.2813e-10 ALOS
20090510 20091101 -8.7337e-05 5.2095e-10 ERS2
20090708 20091008 -0.00025821 6.6649e-10 ALOS
20090823 20091101 0.00048864 6.9892e-10 ERS2
20091222 20100624 -8.2822e-05 5.2534e-10 ALOS
20100108 20100223 -0.00027036 7.7602e-10 ALOS
20100223 20100526 -0.00011473 6.6649e-10 ALOS
20100410 20100711 -6.3102e-05 6.6649e-10 ALOS
20100509 20100624 0.00074733 7.7389e-10 ALOS
20100526 20100711 0.00032335 7.7598e-10 ALOS
20100624 20101109 -0.00016837 5.8411e-10 ALOS
20100711 20101011 -0.0004807 6.6651e-10 ALOS
20100809 20101109 2.3419e-05 6.6375e-10 ALOS
20101011 20101126 0.00021184 7.7598e-10 ALOS
20110111 20110226 0.00040916 7.7597e-10 ALOS
20110924 20130715 1.3888e-05 3.2295e-10 TSX
20111005 20121229 -2.0621e-05 3.6895e-10 TSX
20111121 20171221 -6.0835e-06 2.4075e-10 TSX
20111221 20130131 1.0305e-05 3.8524e-10 TSX
20111224 20121027 -1.1739e-05 4.1939e-10 TSX
20120126 20140419 8.8115e-06 2.9137e-10 TSX
20120203 20160320 1.1985e-05 2.466e-10 TSX
20120206 20171107 1.5299e-06 2.3908e-10 TSX
20120617 20171129 -7.2435e-06 2.4704e-10 TSX
20120723 20160120 -1.423e-05 2.5885e-10 TSX
20121024 20130109 0.00016548 7.0202e-10 TSX
20121027 20151226 -1.0051e-06 2.6547e-10 TSX
20121030 20130311 3.2486e-05 5.847e-10 TSX
20121107 20171118 -4.9635e-07 2.4866e-10 TSX
20121221 20160208 1.1812e-05 2.6561e-10 TSX
20121224 20130516 -5.8813e-05 5.6853e-10 TSX
20121229 20130407 7.3548e-05 6.5635e-10 TSX
20130104 20130217 -2.2633e-05 7.7361e-10 TSX
20130109 20130715 4.749e-05 5.2857e-10 TSX
20130112 20140511 2.5235e-05 3.5485e-10 TSX
20130115 20130721 -0.00012032 5.1397e-10 TSX
20130126 20130823 -0.00015093 4.9209e-10 TSX
20130131 20130429 1.9384e-05 6.7832e-10 TSX
20130203 20130729 1.2648e-07 5.2325e-10 TSX
20130211 20130919 -9.4474e-07 4.9598e-10 TSX
20130228 20141209 2.3159e-05 3.1283e-10 TSX
20130311 20130801 -2.3659e-05 5.6848e-10 TSX
20130316 20130623 1.6788e-05 6.5636e-10 TSX
20130402 20150122 4.5451e-05 2.9505e-10 TSX
20130407 20140530 -1.8984e-05 3.8083e-10 TSX
20130421 20171016 3.7236e-06 2.5169e-10 TSX
20130424 20130721 -0.00020928 6.6412e-10 TSX
20130429 20130623 -9.5566e-05 7.5487e-10 TSX
20130505 20131028 -0.0004539 5.2622e-10 TSX
20130513 20151112 5.529e-07 2.7737e-10 TSX
20130516 20131017 -0.00019715 5.5363e-10 TSX
20130521 20130715 0.00018859 7.5489e-10 TSX
20130524 20171129 9.2333e-06 2.4368e-10 TSX
20130527 20140627 -5.8369e-06 3.8344e-10 TSX
20130601 20130930 3.0234e-05 6.1715e-10 TSX
20130604 20141217 1.6862e-06 3.3851e-10 TSX
20130607 20140719 -1.4795e-05 3.7965e-10 TSX
20130612 20150105 2.3468e-05 3.3774e-10 TSX
20130615 20160106 1.3999e-05 2.7597e-10 TSX
20130618 20140708 -4.953e-05 3.879e-10 TSX
20130623 20130715 0.00055528 8.633e-10 TSX
20130629 20130914 0.00010358 6.8841e-10 TSX
20130707 20150130 -8.5235e-07 3.3851e-10 TSX
20130710 20140901 -3.5016e-06 3.7633e-10 TSX
20130715 20130726 -0.0023517 1.0126e-09 TSX
20130721 20131108 0.00063468 6.212e-10 TSX
20130726 20150517 9.2663e-05 3.2113e-10 TSX
20130729 20160904 3.1527e-06 2.6964e-10 TSX
20130801 20151115 1.5534e-05 2.8578e-10 TSX
20130817 20140209 5.13e-05 5.4103e-10 TSX
20130828 20150312 3.6864e-05 3.403e-10 TSX
20130903 20150329 -0.00011457 3.1092e-10 TSX
20130919 20160309 1.5896e-05 2.7436e-10 TSX
20130925 20140708 -3.8334e-05 4.3134e-10 TSX
20130930 20160411 3.0605e-05 2.7121e-10 TSX
20131011 20150802 1.0025e-05 3.199e-10 TSX
20131017 20140719 -4.9371e-05 4.3877e-10 TSX
20131028 20160304 -4.635e-06 2.856e-10 TSX
20131102 20140519 -3.3614e-05 5.1716e-10 TSX
20131108 20140708 -5.4077e-05 4.6283e-10 TSX
20140209 20160309 1.2005e-05 3.0516e-10 TSX
20140223 20140829 1.1993e-05 5.1121e-10 TSX
20140408 20140705 2.3269e-06 6.6168e-10 TSX
20140419 20170913 6.6463e-06 2.5695e-10 TSX
20140511 20141228 2.8022e-06 4.7024e-10 TSX
20140519 20150824 5.4753e-05 3.6453e-10 TSX
20140624 20171005 -9.4185e-06 2.6135e-10 TSX
20140627 20151115 -5.6817e-06 3.3999e-10 TSX
20140705 20180911 -3.8003e-06 2.5116e-10 TSX
20140708 20160406 4.6076e-05 3.1217e-10 TSX
20140716 20171005 9.3995e-06 2.6062e-10 TSX
20140719 20151207 1.7754e-05 3.4051e-10 TSX
20140727 20150326 -9.432e-06 4.6168e-10 TSX
20140810 20150122 2.5814e-05 5.3922e-10 TSX
20140818 20160301 -1.5134e-06 3.2477e-10 TSX
20140829 20160208 -4.7631e-07 3.3141e-10 TSX
20140901 20140912 -0.00029103 9.6896e-10 TSX
20140912 20141209 8.2511e-05 6.6412e-10 TSX
20140920 20170902 1.4368e-05 2.6364e-10 TSX
20141209 20160211 -1.5336e-05 3.6368e-10 TSX
20141217 20160722 6.9144e-06 3.1853e-10 TSX
20141228 20160106 7.2209e-06 3.8205e-10 TSX
20141231 20151024 1.9252e-06 4.2501e-10 TSX
20150105 20150824 5.1159e-05 4.8613e-10 TSX
20150108 20170811 2.0021e-06 2.7227e-10 TSX
20150119 20160117 1.8308e-05 3.8734e-10 TSX
20150127 20160411 4.8632e-05 3.7057e-10 TSX
20150130 20151112 2.0964e-07 4.2855e-10 TSX
20150210 20170114 1.6415e-06 2.9846e-10 TSX
20150213 20160326 -4.3156e-05 3.7203e-10 TSX
20150218 20160216 3.3558e-06 4.0259e-10 TSX
20150221 20180112 2.2923e-05 2.6296e-10 TSX
20150304 20180911 7.2152e-06 2.5392e-10 TSX
20150307 20160211 2.1798e-05 4.0086e-10 TSX
20150312 20160320 -2.7818e-07 3.9748e-10 TSX
20150326 20150827 -2.2553e-06 5.4993e-10 TSX
20150329 20151207 4.5363e-06 4.5485e-10 TSX
20150428 20160425 1.3974e-05 3.8706e-10 TSX
20150509 20150827 -8.042e-06 6.1817e-10 TSX
20150517 20150824 -9.0344e-05 6.5636e-10 TSX
20150520 20180911 5.4525e-06 2.5771e-10 TSX
20150714 20170822 -5.8985e-06 2.9051e-10 TSX
20150725 20170924 1.6684e-05 2.9057e-10 TSX
20150802 20160309 1.6889e-05 4.9597e-10 TSX
20150805 20160403 1.3456e-05 4.6134e-10 TSX
20150816 20171107 7.4279e-06 2.8911e-10 TSX
20150824 20150915 0.00061715 8.632e-10 TSX
20150827 20170902 -5.6742e-06 2.9498e-10 TSX
20150915 20160216 -7.2314e-05 5.6828e-10 TSX
20151021 20160904 2.1999e-06 4.1263e-10 TSX
20151101 20171016 4.2021e-06 2.9979e-10 TSX
20151112 20160425 1.4521e-05 5.3624e-10 TSX
20151115 20151229 0.00014505 7.7361e-10 TSX
20151123 20171221 -6.5195e-06 2.9385e-10 TSX
20151204 20151215 0.00012563 9.8048e-10 TSX
20151207 20160406 -1.9069e-05 6.022e-10 TSX
20151215 20170822 1.5077e-05 3.1291e-10 TSX
20151226 20161223 -2.6215e-05 3.9334e-10 TSX
20151229 20160211 1.4285e-05 7.7361e-10 TSX
20160106 20161223 -2.075e-05 3.9801e-10 TSX
20160117 20160926 -3.2607e-05 4.531e-10 TSX
20160128 20160301 -0.00017471 8.0818e-10 TSX
20160208 20160312 -9.3976e-05 8.0818e-10 TSX
20160216 20160309 -0.00037867 8.632e-10 TSX
20160219 20180319 1.1513e-05 2.9658e-10 TSX
20160301 20161201 2.7921e-06 4.3865e-10 TSX
20160304 20160326 6.7588e-05 8.4955e-10 TSX
20160312 20180319 1.2066e-05 2.9773e-10 TSX
20160320 20160411 0.00041424 8.632e-10 TSX
20160323 20171118 1.07e-05 3.1645e-10 TSX
20160326 20160406 -0.00058936 9.6889e-10 TSX
20160403 20171027 -1.9266e-06 3.2139e-10 TSX
20160425 20170811 -1.4658e-05 3.4648e-10 TSX
20160528 20160630 -6.8965e-07 8.0818e-10 TSX
20160630 20171118 -1.6922e-06 3.3885e-10 TSX
20160722 20161201 1.5135e-05 5.8154e-10 TSX
20160904 20180707 1.4058e-05 3.2294e-10 TSX
20160915 20180911 1.5644e-05 3.0025e-10 TSX
20160926 20170114 4.5521e-05 6.1825e-10 TSX
20161201 20171027 -1.1084e-05 4.068e-10 TSX
20161223 20171107 2.3219e-05 4.0914e-10 TSX
20170114 20170902 -8.9963e-06 4.6877e-10 TSX
20170811 20171005 -3.9771e-05 7.4218e-10 TSX
20170822 20180707 5.4507e-05 4.1382e-10 TSX
20170913 20180707 2.2765e-05 4.2518e-10 TSX
20170924 20180319 5.6384e-05 5.2332e-10 TSX
20171005 20171107 1.4776e-05 8.0818e-10 TSX
20171016 20180319 3.8618e-05 5.5025e-10 TSX
20171027 20180911 2.4247e-05 4.1372e-10 TSX
20171107 20171118 6.8662e-05 9.8048e-10 TSX
20171118 20171129 5.2033e-05 9.8048e-10 TSX
20171129 20171221 -1.6386e-05 8.5284e-10 TSX
20171210 20180820 4.2535e-05 4.5347e-10 TSX
20171221 20180911 2.9453e-05 4.4582e-10 TSX
20180112 20181003 3.3395e-05 4.4572e-10 TSX
20180319 20180707 -2.8692e-08 6.1826e-10 TSX
20180707 20180911 6.3588e-05 7.1315e-10 TSX
20180729 20181003 -2.7989e-05 7.1315e-10 TSX
20180820 20181003 0.00011751 7.7357e-10 TSX
20180911 20181003 -0.00012067 8.5284e-10 TSX
