20030427 20030914 0.00051825 5.65e-10 ERS2
20030914 20080629 2.0802e-05 2.9366e-10 ERS2
20050918 20090510 0.00012319 2.9807e-10 ERS2
20051127 20081116 2.4238e-05 3.1214e-10 ERS2
20060903 20090510 -0.00017996 3.055e-10 ERS2
20061231 20090105 0.00019279 3.1315e-10 ALOS
20070402 20070703 -0.00019409 6.6705e-10 ALOS
20070518 20091008 0.00010989 2.9856e-10 ALOS
20070818 20071003 -0.00030118 7.7778e-10 ALOS
20071217 20100509 2.5954e-05 2.9898e-10 ALOS
20080103 20100526 1.8378e-05 2.9734e-10 ALOS
20080404 20080520 -6.3171e-05 7.778e-10 ALOS
20080618 20090921 7.7719e-05 3.7304e-10 ALOS
20080629 20090510 -0.00022312 4.1218e-10 ERS2
20080705 20091008 0.00017265 3.6486e-10 ALOS
20080803 20090823 -6.5688e-05 3.8308e-10 ERS2
20081116 20090823 4.2792e-05 4.3215e-10 ERS2
20081219 20090921 0.0005522 4.4605e-10 ALOS
20090105 20090708 0.00016276 5.2858e-10 ALOS
20090510 20091101 0.00029746 5.207e-10 ERS2
20090708 20091008 0.00076887 6.6696e-10 ALOS
20090823 20091101 -0.00020543 6.998e-10 ERS2
20091222 20100624 0.00046871 5.2699e-10 ALOS
20100108 20100223 0.00047274 7.7804e-10 ALOS
20100223 20100526 -0.00024573 6.6753e-10 ALOS
20100410 20100711 -0.00011781 6.6722e-10 ALOS
20100509 20100624 0.0009246 7.7556e-10 ALOS
20100526 20100711 0.00075177 7.7784e-10 ALOS
20100624 20101109 0.00022667 5.842e-10 ALOS
20100711 20101011 0.00028538 6.6707e-10 ALOS
20100809 20101109 2.4626e-05 6.6415e-10 ALOS
20101011 20101126 0.00013629 7.7783e-10 ALOS
20110111 20110226 0.00085113 7.7777e-10 ALOS
20110924 20130715 0.00012899 3.2305e-10 TSX
20111005 20121229 -0.00011047 3.6876e-10 TSX
20111121 20171221 4.3704e-06 2.6466e-10 TSX
20111221 20130131 3.7358e-05 3.8565e-10 TSX
20111224 20121027 -1.8469e-05 4.1943e-10 TSX
20120126 20140419 1.401e-05 2.9058e-10 TSX
20120203 20160320 0.00010895 2.5157e-10 TSX
20120206 20171107 2.6995e-05 2.4813e-10 TSX
20120617 20171129 3.2655e-05 2.5816e-10 TSX
20120723 20160120 0.00011089 2.7501e-10 TSX
20121024 20130109 0.00010605 7.0293e-10 TSX
20121027 20151226 1.1797e-05 2.6863e-10 TSX
20121030 20130311 2.7119e-05 5.8474e-10 TSX
20121107 20171118 3.29e-05 2.5758e-10 TSX
20121221 20160208 3.9209e-05 2.6709e-10 TSX
20121224 20130516 -5.98e-05 5.6858e-10 TSX
20121229 20130407 7.6643e-05 6.5683e-10 TSX
20130104 20130217 0.00010338 7.7505e-10 TSX
20130109 20130715 0.00026881 5.2867e-10 TSX
20130112 20140511 1.8226e-05 3.5467e-10 TSX
20130115 20130721 -9.498e-05 5.1407e-10 TSX
20130126 20130823 0.000127 5.2615e-10 TSX
20130131 20130429 -9.0797e-05 6.7898e-10 TSX
20130203 20130729 -8.3858e-07 5.2336e-10 TSX
20130211 20130919 0.00022563 4.9605e-10 TSX
20130228 20141209 0.00015577 3.1322e-10 TSX
20130311 20130801 9.986e-05 5.6854e-10 TSX
20130316 20130623 0.00016646 6.5683e-10 TSX
20130402 20150122 3.3389e-05 4.001e-10 TSX
20130407 20140530 7.0616e-05 3.808e-10 TSX
20130421 20171016 3.8144e-05 2.6173e-10 TSX
20130424 20130721 -0.00025579 6.6434e-10 TSX
20130429 20130623 -2.1429e-05 7.5651e-10 TSX
20130505 20131028 -0.00062306 5.5972e-10 TSX
20130513 20151112 4.137e-05 2.8087e-10 TSX
20130516 20131017 3.6578e-05 5.8113e-10 TSX
20130521 20130715 0.00042948 7.5654e-10 TSX
20130524 20171129 3.7669e-05 2.6332e-10 TSX
20130527 20140627 0.00010731 3.8353e-10 TSX
20130601 20130930 0.00036705 6.1741e-10 TSX
20130604 20141217 2.4611e-05 3.4262e-10 TSX
20130607 20140719 0.00012033 3.799e-10 TSX
20130612 20150105 7.5642e-05 3.3756e-10 TSX
20130615 20160106 1.7177e-05 2.8074e-10 TSX
20130618 20140708 0.00010205 3.8798e-10 TSX
20130623 20130715 0.00078816 8.6582e-10 TSX
20130629 20130914 0.00067866 7.0993e-10 TSX
20130707 20150130 1.4926e-05 3.3982e-10 TSX
20130710 20140901 0.00012919 3.7652e-10 TSX
20130715 20130726 -0.0025146 1.0152e-09 TSX
20130721 20131108 0.0014096 6.3165e-10 TSX
20130726 20150517 5.2022e-05 3.2283e-10 TSX
20130729 20160904 -1.9959e-05 2.7615e-10 TSX
20130801 20151115 8.1771e-05 3.0235e-10 TSX
20130817 20140209 -1.279e-05 5.4116e-10 TSX
20130828 20150312 5.8062e-05 3.3915e-10 TSX
20130903 20150329 -7.5936e-06 4.1681e-10 TSX
20130919 20160309 4.3972e-05 2.7752e-10 TSX
20130925 20140708 1.5463e-05 4.5722e-10 TSX
20130930 20160411 2.4817e-05 2.7459e-10 TSX
20131011 20150802 0.00010034 3.2007e-10 TSX
20131017 20140719 0.00011569 4.5079e-10 TSX
20131028 20160304 -1.1385e-05 2.9153e-10 TSX
20131102 20140519 -0.00016789 5.1726e-10 TSX
20131108 20140708 2.8789e-05 5.027e-10 TSX
20140209 20160309 6.7996e-05 3.0956e-10 TSX
20140223 20140829 7.2395e-05 5.1132e-10 TSX
20140408 20140705 4.3416e-05 6.6237e-10 TSX
20140419 20170913 3.5636e-05 2.6502e-10 TSX
20140511 20141228 7.0306e-05 4.7038e-10 TSX
20140519 20150824 0.00016567 3.6473e-10 TSX
20140624 20171005 4.7482e-05 2.6644e-10 TSX
20140627 20151115 5.8392e-05 3.4069e-10 TSX
20140705 20180911 2.9827e-05 2.5811e-10 TSX
20140708 20160406 3.3787e-05 3.1432e-10 TSX
20140716 20171005 1.9626e-05 2.6701e-10 TSX
20140719 20151207 1.7005e-05 3.3969e-10 TSX
20140727 20150326 -4.502e-06 4.6171e-10 TSX
20140810 20150122 -6.5908e-05 5.4321e-10 TSX
20140818 20160301 -4.1156e-05 3.2449e-10 TSX
20140829 20160208 -2.9798e-05 3.318e-10 TSX
20140901 20140912 -0.00032056 9.7095e-10 TSX
20140912 20141209 -9.6099e-05 6.6435e-10 TSX
20140920 20170902 -8.5995e-07 2.697e-10 TSX
20141209 20160211 -3.1481e-05 3.6467e-10 TSX
20141217 20160722 -2.4248e-05 3.1974e-10 TSX
20141228 20160106 -1.7814e-05 3.8244e-10 TSX
20141231 20151024 0.00015497 4.2501e-10 TSX
20150105 20150824 4.3745e-05 4.8646e-10 TSX
20150108 20170811 1.986e-05 2.756e-10 TSX
20150119 20160117 -2.4746e-05 3.8748e-10 TSX
20150127 20160411 1.3946e-05 3.7164e-10 TSX
20150130 20151112 3.3376e-05 4.2872e-10 TSX
20150210 20170114 -4.9516e-06 3.0039e-10 TSX
20150213 20160326 0.00019268 4.1258e-10 TSX
20150218 20160216 4.5115e-05 4.0291e-10 TSX
20150221 20180112 -1.3329e-05 3.6333e-10 TSX
20150304 20180911 -1.5156e-06 2.5898e-10 TSX
20150307 20160211 5.4864e-05 4.0114e-10 TSX
20150312 20160320 6.0127e-05 3.9791e-10 TSX
20150326 20150827 -1.8267e-05 5.501e-10 TSX
20150329 20151207 4.0076e-05 4.5481e-10 TSX
20150428 20160425 3.2303e-05 3.88e-10 TSX
20150509 20150827 6.2319e-05 6.1862e-10 TSX
20150517 20150824 0.00010942 6.5681e-10 TSX
20150520 20180911 1.5296e-05 2.5728e-10 TSX
20150714 20170822 2.0111e-05 2.9212e-10 TSX
20150725 20170924 1.9552e-05 2.9141e-10 TSX
20150802 20160309 -0.0002239 4.9623e-10 TSX
20150805 20160403 -7.4548e-05 4.6166e-10 TSX
20150816 20171107 1.811e-05 2.9492e-10 TSX
20150824 20150915 0.00084066 8.6572e-10 TSX
20150827 20170902 1.8875e-05 2.9903e-10 TSX
20150915 20160216 -0.00037 5.6837e-10 TSX
20151021 20160904 -0.0001225 4.1263e-10 TSX
20151101 20171016 1.2767e-05 3.0103e-10 TSX
20151112 20160425 -0.00010069 5.3641e-10 TSX
20151115 20151229 6.6459e-05 7.7505e-10 TSX
20151123 20171221 1.8195e-05 3.0473e-10 TSX
20151204 20151215 0.00015286 9.8144e-10 TSX
20151207 20160406 -0.00018462 6.0226e-10 TSX
20151215 20170822 5.7356e-05 3.1696e-10 TSX
20151226 20161223 5.1537e-06 3.9387e-10 TSX
20151229 20160211 -7.1148e-05 7.7505e-10 TSX
20160106 20161223 4.0493e-05 3.9832e-10 TSX
20160117 20160926 -2.6153e-06 4.5337e-10 TSX
20160128 20160301 -0.00012777 8.0987e-10 TSX
20160208 20160312 -0.00017316 8.0987e-10 TSX
20160216 20160309 -0.00042153 8.6572e-10 TSX
20160219 20180319 6.9772e-05 2.976e-10 TSX
20160301 20161201 4.3677e-05 4.3881e-10 TSX
20160304 20160326 8.6928e-05 8.5152e-10 TSX
20160312 20180319 8.6881e-05 3.0026e-10 TSX
20160320 20160411 0.00034849 8.6573e-10 TSX
20160323 20171118 3.2855e-05 3.1984e-10 TSX
20160326 20160406 -0.00055355 9.7088e-10 TSX
20160403 20171027 4.6907e-05 3.2468e-10 TSX
20160425 20170811 4.594e-05 3.4736e-10 TSX
20160528 20160630 2.3929e-05 8.0987e-10 TSX
20160630 20171118 5.666e-05 3.3921e-10 TSX
20160722 20161201 0.00011742 5.8174e-10 TSX
20160904 20180707 3.0229e-05 3.2448e-10 TSX
20160915 20180911 -1.6444e-05 3.0058e-10 TSX
20160926 20170114 6.9597e-05 6.1899e-10 TSX
20161201 20171027 3.0552e-05 4.073e-10 TSX
20161223 20171107 4.7631e-05 4.1043e-10 TSX
20170114 20170902 4.3497e-05 4.7268e-10 TSX
20170811 20171005 -8.6728e-06 7.437e-10 TSX
20170822 20180707 -6.5207e-05 4.1397e-10 TSX
20170913 20180707 -7.9737e-05 4.2503e-10 TSX
20170924 20180319 0.00013615 5.2344e-10 TSX
20171005 20171107 7.2042e-05 8.0987e-10 TSX
20171016 20180319 0.00014199 5.5038e-10 TSX
20171027 20180911 -7.5954e-05 4.1385e-10 TSX
20171107 20171118 8.7955e-05 9.8144e-10 TSX
20171118 20171129 4.3713e-05 9.8144e-10 TSX
20171129 20171221 -5.0961e-05 8.5423e-10 TSX
20171210 20180820 -0.00012324 4.5368e-10 TSX
20171221 20180911 -5.7394e-05 4.459e-10 TSX
20180112 20181003 0.00012916 4.4573e-10 TSX
20180319 20180707 -0.00033784 6.1861e-10 TSX
20180707 20180911 0.00010472 7.1436e-10 TSX
20180729 20181003 8.6979e-05 7.1436e-10 TSX
20180820 20181003 0.00024396 7.7528e-10 TSX
20180911 20181003 -9.1193e-05 8.5423e-10 TSX
