20030427 20030914 0.00035865 5.6766e-10 ERS2
20030914 20080629 3.1959e-05 3.1049e-10 ERS2
20050918 20090510 6.3244e-05 3.0312e-10 ERS2
20051127 20081116 -0.00028967 3.2261e-10 ERS2
20060903 20090510 -0.00019633 3.3021e-10 ERS2
20061231 20090105 -8.4041e-05 3.1411e-10 ALOS
20070402 20070703 -8.2723e-05 6.6676e-10 ALOS
20070518 20091008 -0.00020097 3.03e-10 ALOS
20070818 20071003 -0.00019034 7.7516e-10 ALOS
20071217 20100509 -3.909e-05 3.0133e-10 ALOS
20080103 20100526 -3.8278e-05 3.1236e-10 ALOS
20080404 20080520 -1.8844e-05 7.754e-10 ALOS
20080618 20090921 -6.8951e-05 3.7284e-10 ALOS
20080629 20090510 0.00032779 4.1687e-10 ERS2
20080705 20091008 7.1361e-05 3.6522e-10 ALOS
20080803 20090823 1.3386e-05 3.8327e-10 ERS2
20081116 20090823 -6.8121e-05 4.3197e-10 ERS2
20081219 20090921 -9.4858e-05 4.4641e-10 ALOS
20090105 20090708 -0.00022315 5.3025e-10 ALOS
20090510 20091101 -0.00010358 5.2076e-10 ERS2
20090708 20091008 0.0001717 6.6654e-10 ALOS
20090823 20091101 -0.00083081 6.9847e-10 ERS2
20091222 20100624 -7.8525e-06 5.2753e-10 ALOS
20100108 20100223 -0.00035437 7.7663e-10 ALOS
20100223 20100526 -5.6115e-05 6.6831e-10 ALOS
20100410 20100711 -0.00023262 6.6691e-10 ALOS
20100509 20100624 0.00057094 7.7317e-10 ALOS
20100526 20100711 0.00038731 7.7521e-10 ALOS
20100624 20101109 -0.00020768 5.8398e-10 ALOS
20100711 20101011 -0.00034551 6.6642e-10 ALOS
20100809 20101109 -7.2106e-05 6.6355e-10 ALOS
20101011 20101126 0.00026206 7.7524e-10 ALOS
20110111 20110226 0.00046547 7.7516e-10 ALOS
20110924 20130715 -2.6624e-05 3.2341e-10 TSX
20111005 20121229 -2.4197e-05 3.6847e-10 TSX
20111121 20171221 1.2891e-06 2.8736e-10 TSX
20111221 20130131 -3.9857e-05 3.8588e-10 TSX
20111224 20121027 3.1371e-05 4.195e-10 TSX
20120126 20140419 -1.0786e-05 2.9102e-10 TSX
20120203 20160320 -4.801e-05 2.5803e-10 TSX
20120206 20171107 2.3454e-05 2.984e-10 TSX
20120617 20171129 3.0549e-05 2.8781e-10 TSX
20120723 20160120 1.1388e-05 2.8434e-10 TSX
20121024 20130109 7.1466e-05 7.0157e-10 TSX
20121027 20151226 2.3309e-05 2.8061e-10 TSX
20121030 20130311 -9.1307e-05 5.8464e-10 TSX
20121107 20171118 1.4665e-05 2.8029e-10 TSX
20121221 20160208 2.9175e-05 3.0943e-10 TSX
20121224 20130516 -0.00020145 5.6849e-10 TSX
20121229 20130407 -4.0286e-05 6.5608e-10 TSX
20130104 20130217 -9.3142e-05 7.7312e-10 TSX
20130109 20130715 -0.00010521 5.3099e-10 TSX
20130112 20140511 3.6065e-06 3.5509e-10 TSX
20130115 20130721 -7.5246e-05 5.1393e-10 TSX
20130126 20130823 -3.5895e-05 5.3554e-10 TSX
20130131 20130429 -0.00012621 6.7797e-10 TSX
20130203 20130729 7.7897e-05 5.2313e-10 TSX
20130211 20130919 3.0317e-05 4.9598e-10 TSX
20130228 20141209 -3.4445e-06 3.1129e-10 TSX
20130311 20130801 8.9083e-06 5.6844e-10 TSX
20130316 20130623 -7.7533e-05 6.5609e-10 TSX
20130402 20150122 2.8357e-05 4.0644e-10 TSX
20130407 20140530 -7.0646e-05 3.812e-10 TSX
20130421 20171016 6.017e-05 2.6218e-10 TSX
20130424 20130721 -7.7669e-05 6.6402e-10 TSX
20130429 20130623 -4.4447e-05 7.541e-10 TSX
20130505 20131028 -0.00028546 5.7201e-10 TSX
20130513 20151112 6.8932e-05 3.1549e-10 TSX
20130516 20131017 0.00023864 5.746e-10 TSX
20130521 20130715 0.00012975 7.5412e-10 TSX
20130524 20171129 6.0509e-05 2.696e-10 TSX
20130527 20140627 -7.9991e-05 3.8372e-10 TSX
20130601 20130930 9.1177e-05 6.1698e-10 TSX
20130604 20141217 4.7817e-05 3.4046e-10 TSX
20130607 20140719 -1.1086e-05 3.8014e-10 TSX
20130612 20150105 -9.0297e-06 3.3812e-10 TSX
20130615 20160106 8.0844e-05 2.9934e-10 TSX
20130618 20140708 -1.8855e-05 3.8811e-10 TSX
20130623 20130715 0.00062506 8.6165e-10 TSX
20130629 20130914 0.00027329 7.0831e-10 TSX
20130707 20150130 1.9163e-05 3.3968e-10 TSX
20130710 20140901 3.165e-06 3.7599e-10 TSX
20130715 20130726 -0.0022858 1.0107e-09 TSX
20130721 20131108 0.00081607 6.4196e-10 TSX
20130726 20150517 -8.1588e-05 3.2237e-10 TSX
20130729 20160904 3.2306e-05 2.8737e-10 TSX
20130801 20151115 4.6568e-06 2.9728e-10 TSX
20130817 20140209 1.3628e-05 5.4097e-10 TSX
20130828 20150312 -2.5379e-05 3.3902e-10 TSX
20130903 20150329 0.00016456 3.4767e-10 TSX
20130919 20160309 2.4861e-05 2.7789e-10 TSX
20130925 20140708 2.3284e-05 4.453e-10 TSX
20130930 20160411 5.565e-06 2.785e-10 TSX
20131011 20150802 3.3278e-06 3.2137e-10 TSX
20131017 20140719 -7.7022e-05 4.5151e-10 TSX
20131028 20160304 -7.3765e-05 3.6361e-10 TSX
20131102 20140519 -0.00015119 5.1711e-10 TSX
20131108 20140708 3.9641e-05 5.1731e-10 TSX
20140209 20160309 -1.9836e-05 3.0654e-10 TSX
20140223 20140829 5.5195e-05 5.1105e-10 TSX
20140408 20140705 5.2839e-06 6.6124e-10 TSX
20140419 20170913 0.00011643 3.2939e-10 TSX
20140511 20141228 8.4892e-05 4.7008e-10 TSX
20140519 20150824 5.9943e-05 3.6486e-10 TSX
20140624 20171005 4.9051e-05 3.0245e-10 TSX
20140627 20151115 5.2036e-05 3.3856e-10 TSX
20140705 20180911 1.2705e-05 2.9361e-10 TSX
20140708 20160406 1.7276e-05 3.1426e-10 TSX
20140716 20171005 6.4562e-05 2.8905e-10 TSX
20140719 20151207 3.2962e-05 3.4114e-10 TSX
20140727 20150326 -8.8309e-06 4.6159e-10 TSX
20140810 20150122 2.8394e-06 5.4255e-10 TSX
20140818 20160301 5.7896e-05 3.343e-10 TSX
20140829 20160208 6.2663e-05 3.4652e-10 TSX
20140901 20140912 -0.00029825 9.675e-10 TSX
20140912 20141209 2.6244e-06 6.6401e-10 TSX
20140920 20170902 4.1868e-05 3.0576e-10 TSX
20141209 20160211 1.4501e-05 3.6668e-10 TSX
20141217 20160722 6.5694e-05 3.3148e-10 TSX
20141228 20160106 7.2264e-05 3.8542e-10 TSX
20141231 20151024 7.8953e-05 4.248e-10 TSX
20150105 20150824 1.9369e-05 4.8627e-10 TSX
20150108 20170811 0.0001006 2.9773e-10 TSX
20150119 20160117 0.00010033 3.892e-10 TSX
20150127 20160411 3.3379e-05 3.72e-10 TSX
20150130 20151112 8.0386e-05 4.3078e-10 TSX
20150210 20170114 6.8994e-05 3.2775e-10 TSX
20150213 20160326 -6.7733e-06 5.3047e-10 TSX
20150218 20160216 5.0489e-05 4.018e-10 TSX
20150221 20180112 6.4825e-05 3.3152e-10 TSX
20150304 20180911 4.1528e-05 3.0138e-10 TSX
20150307 20160211 6.9548e-05 4.0098e-10 TSX
20150312 20160320 -3.8757e-06 3.9769e-10 TSX
20150326 20150827 0.00017735 5.5105e-10 TSX
20150329 20151207 7.905e-05 4.5463e-10 TSX
20150428 20160425 8.1802e-05 3.8907e-10 TSX
20150509 20150827 0.00022863 6.2078e-10 TSX
20150517 20150824 9.1979e-05 6.5609e-10 TSX
20150520 20180911 4.2701e-05 2.7665e-10 TSX
20150714 20170822 8.8209e-05 3.0405e-10 TSX
20150725 20170924 4.5768e-05 3.0828e-10 TSX
20150802 20160309 6.1754e-06 4.9593e-10 TSX
20150805 20160403 3.4504e-06 4.6271e-10 TSX
20150816 20171107 5.9816e-05 2.9749e-10 TSX
20150824 20150915 0.00069096 8.6156e-10 TSX
20150827 20170902 8.3085e-05 3.2328e-10 TSX
20150915 20160216 -6.8875e-05 5.6822e-10 TSX
20151021 20160904 -8.1473e-06 4.1457e-10 TSX
20151101 20171016 5.4953e-05 3.1553e-10 TSX
20151112 20160425 -1.918e-05 5.3639e-10 TSX
20151115 20151229 0.00014753 7.7312e-10 TSX
20151123 20171221 3.1856e-05 3.063e-10 TSX
20151204 20151215 0.00017504 9.7752e-10 TSX
20151207 20160406 -9.2328e-05 6.0215e-10 TSX
20151215 20170822 9.4305e-05 3.2347e-10 TSX
20151226 20161223 9.4088e-05 3.9343e-10 TSX
20151229 20160211 -3.7492e-06 7.7312e-10 TSX
20160106 20161223 9.9507e-05 3.9867e-10 TSX
20160117 20160926 0.00011933 4.5304e-10 TSX
20160128 20160301 -0.00017383 8.0621e-10 TSX
20160208 20160312 -7.655e-05 8.0621e-10 TSX
20160216 20160309 -0.00041128 8.6156e-10 TSX
20160219 20180319 2.8289e-05 3.0163e-10 TSX
20160301 20161201 0.00016676 4.3798e-10 TSX
20160304 20160326 1.429e-05 8.4842e-10 TSX
20160312 20180319 2.3303e-05 2.9922e-10 TSX
20160320 20160411 0.00036321 8.6157e-10 TSX
20160323 20171118 7.5312e-05 3.2447e-10 TSX
20160326 20160406 -0.0005306 9.6742e-10 TSX
20160403 20171027 0.00010055 3.3646e-10 TSX
20160425 20170811 0.00011759 3.5697e-10 TSX
20160528 20160630 6.853e-05 8.0621e-10 TSX
20160630 20171118 8.1433e-05 3.4062e-10 TSX
20160722 20161201 0.00024475 5.813e-10 TSX
20160904 20180707 2.3189e-05 3.2565e-10 TSX
20160915 20180911 2.0014e-05 3.0119e-10 TSX
20160926 20170114 8.4852e-06 6.1795e-10 TSX
20161201 20171027 2.0165e-05 4.0659e-10 TSX
20161223 20171107 2.8543e-05 4.0907e-10 TSX
20170114 20170902 5.6782e-05 4.6998e-10 TSX
20170811 20171005 -5.3832e-05 7.4112e-10 TSX
20170822 20180707 -0.00011873 4.1403e-10 TSX
20170913 20180707 -0.00016516 4.2509e-10 TSX
20170924 20180319 -0.00016558 5.2318e-10 TSX
20171005 20171107 3.7323e-05 8.0621e-10 TSX
20171016 20180319 -0.00017903 5.5006e-10 TSX
20171027 20180911 -4.5607e-05 4.1396e-10 TSX
20171107 20171118 7.8091e-05 9.7752e-10 TSX
20171118 20171129 4.6073e-05 9.7752e-10 TSX
20171129 20171221 -1.5723e-05 8.5032e-10 TSX
20171210 20180820 -5.89e-06 4.535e-10 TSX
20171221 20180911 2.2002e-05 4.4575e-10 TSX
20180112 20181003 5.7017e-05 4.4573e-10 TSX
20180319 20180707 -4.9338e-05 6.1795e-10 TSX
20180707 20180911 0.00029687 7.1237e-10 TSX
20180729 20181003 8.5833e-05 7.1237e-10 TSX
20180820 20181003 0.00012273 7.7211e-10 TSX
20180911 20181003 -0.00014774 8.5032e-10 TSX
