20030427 20030914 8.326e-05 5.7624e-10 ERS2
20030914 20080629 -2.3672e-05 2.9663e-10 ERS2
20050918 20090510 9.9672e-05 2.9984e-10 ERS2
20051127 20081116 0.00030936 3.1543e-10 ERS2
20060903 20090510 -0.00012656 3.2531e-10 ERS2
20061231 20090105 6.416e-05 3.1343e-10 ALOS
20070402 20070703 -0.00010493 6.6625e-10 ALOS
20070518 20091008 7.4552e-05 2.9831e-10 ALOS
20070818 20071003 -0.000327 7.7505e-10 ALOS
20071217 20100509 8.5679e-05 2.9919e-10 ALOS
20080103 20100526 0.00014911 3.0251e-10 ALOS
20080404 20080520 -2.0465e-06 7.7505e-10 ALOS
20080618 20090921 0.00011168 3.7308e-10 ALOS
20080629 20090510 -0.00023628 4.1216e-10 ERS2
20080705 20091008 0.00022035 3.6518e-10 ALOS
20080803 20090823 8.4431e-06 3.8269e-10 ERS2
20081116 20090823 0.00015033 4.3203e-10 ERS2
20081219 20090921 0.00058452 4.4611e-10 ALOS
20090105 20090708 0.000245 5.2828e-10 ALOS
20090510 20091101 6.3113e-05 5.2078e-10 ERS2
20090708 20091008 0.00066915 6.6621e-10 ALOS
20090823 20091101 9.1588e-05 6.9855e-10 ERS2
20091222 20100624 0.0004775 5.2526e-10 ALOS
20100108 20100223 0.0005762 7.7523e-10 ALOS
20100223 20100526 0.00034266 6.6623e-10 ALOS
20100410 20100711 0.00011847 6.6616e-10 ALOS
20100509 20100624 0.00058795 7.7308e-10 ALOS
20100526 20100711 0.00048593 7.7506e-10 ALOS
20100624 20101109 0.00011433 5.8397e-10 ALOS
20100711 20101011 2.5511e-05 6.6623e-10 ALOS
20100809 20101109 -1.973e-05 6.6353e-10 ALOS
20101011 20101126 0.00037604 7.7506e-10 ALOS
20110111 20110226 0.00074735 7.7505e-10 ALOS
20110924 20130715 0.00016396 3.2404e-10 TSX
20111005 20121229 5.8035e-05 3.6886e-10 TSX
20111121 20171221 9.2294e-05 2.4713e-10 TSX
20111221 20130131 0.00015762 3.8531e-10 TSX
20111224 20121027 2.6374e-05 4.1937e-10 TSX
20120126 20140419 -7.9039e-06 2.9103e-10 TSX
20120203 20160320 3.8672e-06 2.4256e-10 TSX
20120206 20171107 8.378e-05 2.4716e-10 TSX
20120617 20171129 5.5515e-05 2.5273e-10 TSX
20120723 20160120 0.00011574 2.6653e-10 TSX
20121024 20130109 0.0001442 7.0153e-10 TSX
20121027 20151226 3.3154e-05 2.6538e-10 TSX
20121030 20130311 0.00013516 5.8465e-10 TSX
20121107 20171118 4.1626e-05 2.4875e-10 TSX
20121221 20160208 3.7185e-05 2.6457e-10 TSX
20121224 20130516 -1.326e-05 5.6848e-10 TSX
20121229 20130407 0.000255 6.5605e-10 TSX
20130104 20130217 0.00013872 7.7305e-10 TSX
20130109 20130715 0.00012787 5.2897e-10 TSX
20130112 20140511 -1.2939e-05 3.5431e-10 TSX
20130115 20130721 -6.2064e-05 5.1395e-10 TSX
20130126 20130823 2.9587e-05 4.9215e-10 TSX
20130131 20130429 5.744e-05 6.7794e-10 TSX
20130203 20130729 -8.7352e-06 5.2311e-10 TSX
20130211 20130919 0.00012576 4.9593e-10 TSX
20130228 20141209 0.00014635 3.1205e-10 TSX
20130311 20130801 1.2786e-05 5.6843e-10 TSX
20130316 20130623 0.00012975 6.5606e-10 TSX
20130402 20150122 0.00011088 3.0071e-10 TSX
20130407 20140530 7.8712e-05 3.8083e-10 TSX
20130421 20171016 4.942e-05 2.4735e-10 TSX
20130424 20130721 -0.0002051 6.6401e-10 TSX
20130429 20130623 -2.9803e-05 7.5402e-10 TSX
20130505 20131028 -0.00034059 5.2884e-10 TSX
20130513 20151112 4.4663e-05 2.79e-10 TSX
20130516 20131017 -0.00011645 5.5685e-10 TSX
20130521 20130715 0.00016972 7.5405e-10 TSX
20130524 20171129 6.5129e-05 2.473e-10 TSX
20130527 20140627 0.00014617 3.8413e-10 TSX
20130601 20130930 6.0533e-05 6.1697e-10 TSX
20130604 20141217 1.2997e-05 3.3922e-10 TSX
20130607 20140719 0.00011343 3.8001e-10 TSX
20130612 20150105 0.00012935 3.3729e-10 TSX
20130615 20160106 9.5385e-06 2.8039e-10 TSX
20130618 20140708 9.9083e-05 3.8836e-10 TSX
20130623 20130715 0.00055459 8.6134e-10 TSX
20130629 20130914 0.000257 6.8827e-10 TSX
20130707 20150130 1.5794e-05 3.3876e-10 TSX
20130710 20140901 0.00015744 3.7691e-10 TSX
20130715 20130726 -0.0024874 1.0103e-09 TSX
20130721 20131108 0.00072358 6.2101e-10 TSX
20130726 20150517 0.00027103 3.2178e-10 TSX
20130729 20160904 -1.5602e-06 2.6901e-10 TSX
20130801 20151115 0.00012827 2.8549e-10 TSX
20130817 20140209 0.00015524 5.4097e-10 TSX
20130828 20150312 0.00017319 3.4002e-10 TSX
20130903 20150329 -5.1125e-05 3.1563e-10 TSX
20130919 20160309 0.00011815 2.7294e-10 TSX
20130925 20140708 0.00013522 4.3134e-10 TSX
20130930 20160411 0.00016484 2.7114e-10 TSX
20131011 20150802 0.00011085 3.207e-10 TSX
20131017 20140719 0.00012104 4.3879e-10 TSX
20131028 20160304 4.1193e-05 3.3063e-10 TSX
20131102 20140519 -9.3382e-05 5.1708e-10 TSX
20131108 20140708 6.0722e-05 4.6283e-10 TSX
20140209 20160309 0.00010634 3.0637e-10 TSX
20140223 20140829 2.3439e-05 5.1112e-10 TSX
20140408 20140705 -4.3109e-06 6.6129e-10 TSX
20140419 20170913 6.3912e-05 2.5805e-10 TSX
20140511 20141228 4.3737e-05 4.7016e-10 TSX
20140519 20150824 0.00025109 3.6447e-10 TSX
20140624 20171005 6.5212e-05 2.6153e-10 TSX
20140627 20151115 0.00011298 3.3965e-10 TSX
20140705 20180911 2.7604e-05 2.5493e-10 TSX
20140708 20160406 0.00016136 3.1139e-10 TSX
20140716 20171005 6.1614e-05 2.6173e-10 TSX
20140719 20151207 0.00012497 3.3978e-10 TSX
20140727 20150326 2.7295e-06 4.6152e-10 TSX
20140810 20150122 0.0001087 5.3918e-10 TSX
20140818 20160301 2.8432e-05 3.2509e-10 TSX
20140829 20160208 4.4289e-05 3.3127e-10 TSX
20140901 20140912 -0.00030922 9.6722e-10 TSX
20140912 20141209 0.00015672 6.6401e-10 TSX
20140920 20170902 5.8656e-05 2.6383e-10 TSX
20141209 20160211 7.2711e-05 3.6352e-10 TSX
20141217 20160722 3.3441e-05 3.1887e-10 TSX
20141228 20160106 1.4566e-05 3.8203e-10 TSX
20141231 20151024 0.00010418 4.2475e-10 TSX
20150105 20150824 0.00011764 4.8611e-10 TSX
20150108 20170811 2.6182e-05 2.7945e-10 TSX
20150119 20160117 2.2929e-05 3.8713e-10 TSX
20150127 20160411 0.00019673 3.7057e-10 TSX
20150130 20151112 2.3039e-05 4.2859e-10 TSX
20150210 20170114 5.6303e-05 2.9911e-10 TSX
20150213 20160326 9.9495e-05 3.791e-10 TSX
20150218 20160216 0.0001168 4.0267e-10 TSX
20150221 20180112 7.0859e-05 2.6348e-10 TSX
20150304 20180911 5.8526e-05 2.5447e-10 TSX
20150307 20160211 0.00013268 4.0054e-10 TSX
20150312 20160320 5.7986e-05 3.9765e-10 TSX
20150326 20150827 3.4136e-05 5.4983e-10 TSX
20150329 20151207 0.00011252 4.5474e-10 TSX
20150428 20160425 6.1057e-05 3.8681e-10 TSX
20150509 20150827 1.0913e-05 6.181e-10 TSX
20150517 20150824 -0.00016006 6.5607e-10 TSX
20150520 20180911 5.0095e-06 2.597e-10 TSX
20150714 20170822 2.054e-05 2.9053e-10 TSX
20150725 20170924 3.1906e-05 2.8905e-10 TSX
20150802 20160309 0.00011322 4.9593e-10 TSX
20150805 20160403 6.5913e-05 4.612e-10 TSX
20150816 20171107 2.8235e-05 2.8828e-10 TSX
20150824 20150915 0.00063251 8.6123e-10 TSX
20150827 20170902 4.5099e-05 2.9532e-10 TSX
20150915 20160216 1.0331e-05 5.6817e-10 TSX
20151021 20160904 -4.0408e-05 4.1241e-10 TSX
20151101 20171016 4.6846e-05 2.9953e-10 TSX
20151112 20160425 3.2856e-05 5.361e-10 TSX
20151115 20151229 0.00020405 7.7305e-10 TSX
20151123 20171221 3.3721e-05 2.9458e-10 TSX
20151204 20151215 0.00016285 9.7755e-10 TSX
20151207 20160406 2.5172e-05 6.0214e-10 TSX
20151215 20170822 2.8814e-05 3.1344e-10 TSX
20151226 20161223 3.8085e-05 3.9382e-10 TSX
20151229 20160211 1.3908e-05 7.7305e-10 TSX
20160106 20161223 5.928e-05 3.9835e-10 TSX
20160117 20160926 1.8019e-05 4.5298e-10 TSX
20160128 20160301 -0.00020363 8.0626e-10 TSX
20160208 20160312 -7.3168e-05 8.0626e-10 TSX
20160216 20160309 -0.00038257 8.6123e-10 TSX
20160219 20180319 2.6768e-05 2.9631e-10 TSX
20160301 20161201 8.6051e-05 4.3866e-10 TSX
20160304 20160326 0.00010168 8.4821e-10 TSX
20160312 20180319 1.4795e-05 2.9802e-10 TSX
20160320 20160411 0.00049798 8.6124e-10 TSX
20160323 20171118 4.2302e-05 3.169e-10 TSX
20160326 20160406 -0.00051036 9.6715e-10 TSX
20160403 20171027 3.882e-05 3.2229e-10 TSX
20160425 20170811 4.8806e-05 3.4677e-10 TSX
20160528 20160630 -1.1952e-05 8.0626e-10 TSX
20160630 20171118 4.3679e-05 3.3889e-10 TSX
20160722 20161201 0.000109 5.8133e-10 TSX
20160904 20180707 5.6712e-06 3.2201e-10 TSX
20160915 20180911 -6.9995e-06 3.0114e-10 TSX
20160926 20170114 4.4711e-05 6.1798e-10 TSX
20161201 20171027 1.3e-05 4.0694e-10 TSX
20161223 20171107 1.9951e-05 4.0889e-10 TSX
20170114 20170902 3.6822e-05 4.687e-10 TSX
20170811 20171005 -9.9336e-05 7.4119e-10 TSX
20170822 20180707 -2.179e-05 4.1357e-10 TSX
20170913 20180707 -6.8386e-05 4.2503e-10 TSX
20170924 20180319 -1.1521e-05 5.232e-10 TSX
20171005 20171107 2.9228e-05 8.0626e-10 TSX
20171016 20180319 -1.7339e-05 5.5009e-10 TSX
20171027 20180911 -3.3539e-05 4.1356e-10 TSX
20171107 20171118 6.9232e-05 9.7755e-10 TSX
20171118 20171129 4.9148e-05 9.7755e-10 TSX
20171129 20171221 -3.0614e-05 8.5036e-10 TSX
20171210 20180820 -1.5663e-05 4.5343e-10 TSX
20171221 20180911 -2.2119e-05 4.4575e-10 TSX
20180112 20181003 3.2768e-05 4.4569e-10 TSX
20180319 20180707 -7.5093e-05 6.1799e-10 TSX
20180707 20180911 0.00013933 7.1244e-10 TSX
20180729 20181003 6.328e-05 7.1244e-10 TSX
20180820 20181003 0.00020448 7.7217e-10 TSX
20180911 20181003 -7.8563e-05 8.5036e-10 TSX
