20030427 20030914 0.00015084 5.7322e-10 ERS2
20030914 20080629 7.03e-05 2.6645e-10 ERS2
20050918 20090510 -3.0139e-05 2.9824e-10 ERS2
20051127 20081116 0.00012289 3.2343e-10 ERS2
20060903 20090510 -4.1613e-05 3.1116e-10 ERS2
20061231 20090105 -3.4959e-05 3.1326e-10 ALOS
20070402 20070703 -6.1291e-05 6.665e-10 ALOS
20070518 20091008 -0.00011242 2.9788e-10 ALOS
20070818 20071003 -0.00043409 7.758e-10 ALOS
20071217 20100509 -7.3688e-05 2.9968e-10 ALOS
20080103 20100526 8.7665e-06 2.982e-10 ALOS
20080404 20080520 0.00013544 7.7584e-10 ALOS
20080618 20090921 -3.2852e-05 3.7248e-10 ALOS
20080629 20090510 -0.00030454 4.1799e-10 ERS2
20080705 20091008 -0.00015446 3.6509e-10 ALOS
20080803 20090823 -7.6347e-05 3.8303e-10 ERS2
20081116 20090823 2.635e-05 4.3208e-10 ERS2
20081219 20090921 9.0296e-05 4.4736e-10 ALOS
20090105 20090708 -4.0426e-05 5.2874e-10 ALOS
20090510 20091101 0.00069831 5.2188e-10 ERS2
20090708 20091008 0.0002503 6.6645e-10 ALOS
20090823 20091101 2.9444e-05 6.9884e-10 ERS2
20091222 20100624 0.00022185 5.252e-10 ALOS
20100108 20100223 0.00010735 7.7612e-10 ALOS
20100223 20100526 4.9131e-05 6.6717e-10 ALOS
20100410 20100711 -0.00016987 6.665e-10 ALOS
20100509 20100624 0.00064162 7.7374e-10 ALOS
20100526 20100711 0.00033195 7.7581e-10 ALOS
20100624 20101109 -0.00020064 5.8405e-10 ALOS
20100711 20101011 -0.00020734 6.6648e-10 ALOS
20100809 20101109 -0.00012219 6.6373e-10 ALOS
20101011 20101126 0.00024228 7.7581e-10 ALOS
20110111 20110226 0.00064788 7.758e-10 ALOS
20110924 20130715 2.9805e-05 3.2359e-10 TSX
20111005 20121229 -3.3483e-05 3.6866e-10 TSX
20111121 20171221 1.5719e-06 2.6852e-10 TSX
20111221 20130131 3.498e-05 3.8561e-10 TSX
20111224 20121027 -5.6913e-07 4.1933e-10 TSX
20120126 20140419 -4.5309e-06 2.902e-10 TSX
20120203 20160320 1.5121e-05 2.4643e-10 TSX
20120206 20171107 -4.5235e-06 2.8699e-10 TSX
20120617 20171129 2.9139e-06 3.0742e-10 TSX
20120723 20160120 8.0093e-06 2.7472e-10 TSX
20121024 20130109 0.00023636 7.0201e-10 TSX
20121027 20151226 -2.0402e-05 2.6772e-10 TSX
20121030 20130311 3.7837e-05 5.8469e-10 TSX
20121107 20171118 7.3448e-06 2.8956e-10 TSX
20121221 20160208 -7.721e-06 2.7369e-10 TSX
20121224 20130516 -4.8678e-05 5.6852e-10 TSX
20121229 20130407 0.00012477 6.5632e-10 TSX
20130104 20130217 7.6841e-06 7.735e-10 TSX
20130109 20130715 -3.2624e-05 5.2901e-10 TSX
20130112 20140511 -2.8603e-05 3.5422e-10 TSX
20130115 20130721 -0.00018203 5.1397e-10 TSX
20130126 20130823 -0.0002038 5.0263e-10 TSX
20130131 20130429 -6.8123e-05 6.7828e-10 TSX
20130203 20130729 -5.1515e-05 5.2325e-10 TSX
20130211 20130919 -7.1889e-05 4.9599e-10 TSX
20130228 20141209 3.2298e-05 3.1336e-10 TSX
20130311 20130801 -6.4453e-05 5.6848e-10 TSX
20130316 20130623 3.2105e-05 6.5633e-10 TSX
20130402 20150122 7.2713e-05 4.0097e-10 TSX
20130407 20140530 -1.9055e-05 3.809e-10 TSX
20130421 20171016 -4.9501e-06 2.6979e-10 TSX
20130424 20130721 -0.00031853 6.6411e-10 TSX
20130429 20130623 -7.3441e-05 7.5474e-10 TSX
20130505 20131028 -0.00052653 5.3947e-10 TSX
20130513 20151112 -2.0315e-05 2.8832e-10 TSX
20130516 20131017 -0.00035023 5.618e-10 TSX
20130521 20130715 9.8501e-05 7.5476e-10 TSX
20130524 20171129 3.1911e-06 2.8507e-10 TSX
20130527 20140627 -1.02e-05 3.8353e-10 TSX
20130601 20130930 -2.2282e-05 6.1713e-10 TSX
20130604 20141217 -5.2788e-06 3.3872e-10 TSX
20130607 20140719 3.3688e-05 3.7978e-10 TSX
20130612 20150105 6.9449e-06 3.3793e-10 TSX
20130615 20160106 4.6793e-06 2.7712e-10 TSX
20130618 20140708 -6.4423e-05 3.8777e-10 TSX
20130623 20130715 0.0005485 8.6279e-10 TSX
20130629 20130914 0.00020492 6.8975e-10 TSX
20130707 20150130 -5.7268e-06 3.3819e-10 TSX
20130710 20140901 3.297e-06 3.7708e-10 TSX
20130715 20130726 -0.0025509 1.012e-09 TSX
20130721 20131108 0.00074291 6.2302e-10 TSX
20130726 20150517 0.00017395 3.226e-10 TSX
20130729 20160904 -8.0121e-06 2.7269e-10 TSX
20130801 20151115 4.4583e-05 2.8921e-10 TSX
20130817 20140209 4.0051e-05 5.4103e-10 TSX
20130828 20150312 7.8791e-06 3.4056e-10 TSX
20130903 20150329 -9.6837e-05 3.5198e-10 TSX
20130919 20160309 4.7557e-05 2.766e-10 TSX
20130925 20140708 2.9801e-05 4.3127e-10 TSX
20130930 20160411 4.7117e-05 2.7487e-10 TSX
20131011 20150802 -7.4345e-06 3.2134e-10 TSX
20131017 20140719 4.2326e-05 4.3878e-10 TSX
20131028 20160304 -4.2976e-05 3.0287e-10 TSX
20131102 20140519 -0.00014961 5.1715e-10 TSX
20131108 20140708 6.1685e-06 4.6366e-10 TSX
20140209 20160309 1.5086e-05 3.0713e-10 TSX
20140223 20140829 -1.4835e-05 5.1121e-10 TSX
20140408 20140705 -1.1945e-05 6.6161e-10 TSX
20140419 20170913 8.3851e-06 3.0583e-10 TSX
20140511 20141228 3.8433e-05 4.702e-10 TSX
20140519 20150824 0.0001177 3.6498e-10 TSX
20140624 20171005 6.6769e-06 2.857e-10 TSX
20140627 20151115 3.2601e-05 3.3947e-10 TSX
20140705 20180911 7.0615e-06 2.921e-10 TSX
20140708 20160406 3.4993e-05 3.1494e-10 TSX
20140716 20171005 7.8534e-06 2.9492e-10 TSX
20140719 20151207 1.4848e-06 3.4026e-10 TSX
20140727 20150326 1.5453e-05 4.6156e-10 TSX
20140810 20150122 -1.7073e-05 5.3921e-10 TSX
20140818 20160301 2.4298e-05 3.2667e-10 TSX
20140829 20160208 3.5341e-06 3.3685e-10 TSX
20140901 20140912 -0.00031673 9.6842e-10 TSX
20140912 20141209 0.00011846 6.6411e-10 TSX
20140920 20170902 2.9445e-06 2.8195e-10 TSX
20141209 20160211 -1.1469e-06 3.6385e-10 TSX
20141217 20160722 -1.459e-05 3.1929e-10 TSX
20141228 20160106 -6.708e-06 3.8202e-10 TSX
20141231 20151024 2.7121e-05 4.2498e-10 TSX
20150105 20150824 3.6747e-05 4.8619e-10 TSX
20150108 20170811 -4.6436e-07 3.2949e-10 TSX
20150119 20160117 8.0821e-07 3.8704e-10 TSX
20150127 20160411 7.8317e-05 3.7274e-10 TSX
20150130 20151112 -1.6781e-05 4.2895e-10 TSX
20150210 20170114 -9.6807e-07 3.1853e-10 TSX
20150213 20160326 -0.00017823 4.3068e-10 TSX
20150218 20160216 1.2712e-05 4.033e-10 TSX
20150221 20180112 1.2615e-05 2.9142e-10 TSX
20150304 20180911 -1.6368e-05 2.7333e-10 TSX
20150307 20160211 3.0192e-05 4.0093e-10 TSX
20150312 20160320 1.3959e-05 3.9826e-10 TSX
20150326 20150827 -3.7036e-05 5.499e-10 TSX
20150329 20151207 2.8903e-06 4.548e-10 TSX
20150428 20160425 1.6691e-05 3.8681e-10 TSX
20150509 20150827 -0.00011338 6.181e-10 TSX
20150517 20150824 -0.00017908 6.5641e-10 TSX
20150520 20180911 -1.0246e-05 2.9533e-10 TSX
20150714 20170822 1.101e-05 2.9204e-10 TSX
20150725 20170924 -1.1326e-05 2.9123e-10 TSX
20150802 20160309 3.575e-05 4.9598e-10 TSX
20150805 20160403 5.906e-05 4.6128e-10 TSX
20150816 20171107 3.621e-06 2.8985e-10 TSX
20150824 20150915 0.00066546 8.6269e-10 TSX
20150827 20170902 6.257e-06 2.9879e-10 TSX
20150915 20160216 -8.327e-05 5.6827e-10 TSX
20151021 20160904 3.3932e-05 4.1223e-10 TSX
20151101 20171016 -1.9298e-05 3.0059e-10 TSX
20151112 20160425 5.5535e-05 5.3623e-10 TSX
20151115 20151229 0.00019426 7.735e-10 TSX
20151123 20171221 5.4844e-06 2.9493e-10 TSX
20151204 20151215 0.00014017 9.7941e-10 TSX
20151207 20160406 -4.07e-06 6.0219e-10 TSX
20151215 20170822 1.2043e-05 3.1418e-10 TSX
20151226 20161223 1.5099e-05 3.9364e-10 TSX
20151229 20160211 1.2149e-05 7.735e-10 TSX
20160106 20161223 3.7588e-05 3.982e-10 TSX
20160117 20160926 -6.6963e-06 4.5302e-10 TSX
20160128 20160301 -9.8022e-05 8.0761e-10 TSX
20160208 20160312 -7.4147e-05 8.0761e-10 TSX
20160216 20160309 -0.00038956 8.6269e-10 TSX
20160219 20180319 1.6891e-06 2.9533e-10 TSX
20160301 20161201 -2.9529e-05 4.3862e-10 TSX
20160304 20160326 0.00011087 8.4917e-10 TSX
20160312 20180319 6.2519e-07 2.9745e-10 TSX
20160320 20160411 0.00044355 8.627e-10 TSX
20160323 20171118 -9.0779e-06 3.1723e-10 TSX
20160326 20160406 -0.00056812 9.6835e-10 TSX
20160403 20171027 -1.9189e-05 3.2206e-10 TSX
20160425 20170811 -1.2624e-05 3.4641e-10 TSX
20160528 20160630 -6.7537e-05 8.0761e-10 TSX
20160630 20171118 8.9958e-06 3.3902e-10 TSX
20160722 20161201 1.4484e-05 5.8149e-10 TSX
20160904 20180707 3.0325e-06 3.2354e-10 TSX
20160915 20180911 1.2874e-05 3.0027e-10 TSX
20160926 20170114 2.4657e-05 6.182e-10 TSX
20161201 20171027 -4.2161e-06 4.0685e-10 TSX
20161223 20171107 -1.4367e-05 4.0924e-10 TSX
20170114 20170902 -2.1566e-05 4.6922e-10 TSX
20170811 20171005 -6.1006e-05 7.4196e-10 TSX
20170822 20180707 2.6237e-05 4.1368e-10 TSX
20170913 20180707 4.255e-06 4.2499e-10 TSX
20170924 20180319 5.4008e-05 5.2331e-10 TSX
20171005 20171107 4.4079e-05 8.0761e-10 TSX
20171016 20180319 4.0025e-05 5.5021e-10 TSX
20171027 20180911 4.5023e-05 4.1381e-10 TSX
20171107 20171118 6.5218e-05 9.7941e-10 TSX
20171118 20171129 5.1445e-05 9.7941e-10 TSX
20171129 20171221 -3.818e-05 8.52e-10 TSX
20171210 20180820 1.8126e-05 4.5349e-10 TSX
20171221 20180911 5.5757e-05 4.4581e-10 TSX
20180112 20181003 5.4874e-06 4.4581e-10 TSX
20180319 20180707 -2.1324e-05 6.1821e-10 TSX
20180707 20180911 0.00013453 7.13e-10 TSX
20180729 20181003 -8.0124e-05 7.13e-10 TSX
20180820 20181003 8.5542e-05 7.7321e-10 TSX
20180911 20181003 -0.00018087 8.52e-10 TSX
