20030427 20030914 0.00068326 5.6687e-10 ERS2
20030914 20080629 8.9559e-05 3.1184e-10 ERS2
20050918 20090510 -1.0626e-06 3.0244e-10 ERS2
20051127 20081116 -6.9532e-05 3.0736e-10 ERS2
20060903 20090510 -0.00013851 3.1164e-10 ERS2
20061231 20090105 3.4216e-05 3.219e-10 ALOS
20070402 20070703 0.00011973 6.6653e-10 ALOS
20070518 20091008 0.00016568 3.3348e-10 ALOS
20070818 20071003 -0.00012583 7.7654e-10 ALOS
20071217 20100509 -2.2852e-05 3.0359e-10 ALOS
20080103 20100526 -6.1955e-06 3.2463e-10 ALOS
20080404 20080520 0.00013628 7.7668e-10 ALOS
20080618 20090921 5.0928e-05 3.724e-10 ALOS
20080629 20090510 -0.00049223 4.2004e-10 ERS2
20080705 20091008 -4.4003e-05 3.6571e-10 ALOS
20080803 20090823 3.5584e-05 3.8341e-10 ERS2
20081116 20090823 0.00021482 4.3226e-10 ERS2
20081219 20090921 0.00026438 4.4658e-10 ALOS
20090105 20090708 -0.00013536 5.3597e-10 ALOS
20090510 20091101 5.0704e-05 5.2097e-10 ERS2
20090708 20091008 0.000272 6.6731e-10 ALOS
20090823 20091101 -3.4947e-05 6.986e-10 ERS2
20091222 20100624 3.7059e-05 5.2635e-10 ALOS
20100108 20100223 0.0001137 7.7659e-10 ALOS
20100223 20100526 -0.00020768 6.6797e-10 ALOS
20100410 20100711 -4.3131e-05 6.6865e-10 ALOS
20100509 20100624 0.00070647 7.7441e-10 ALOS
20100526 20100711 0.00054842 7.7655e-10 ALOS
20100624 20101109 -4.2711e-05 5.8419e-10 ALOS
20100711 20101011 -9.8926e-05 6.6689e-10 ALOS
20100809 20101109 -5.6554e-05 6.6399e-10 ALOS
20101011 20101126 0.00015775 7.7661e-10 ALOS
20110111 20110226 0.00042107 7.7653e-10 ALOS
20110924 20130715 4.678e-05 3.8032e-10 TSX
20111005 20121229 -2.0729e-05 3.9508e-10 TSX
20111121 20171221 2.101e-05 4.1125e-10 TSX
20111221 20130131 3.0751e-05 3.8922e-10 TSX
20111224 20121027 3.8432e-05 4.1962e-10 TSX
20120126 20140419 8.9301e-05 3.767e-10 TSX
20120203 20160320 0.00010236 2.9507e-10 TSX
20120206 20171107 -7.9536e-06 4.0206e-10 TSX
20120617 20171129 1.7082e-05 4.1337e-10 TSX
20120723 20160120 0.00012379 3.4546e-10 TSX
20121024 20130109 7.5599e-05 7.0696e-10 TSX
20121027 20151226 -5.9085e-06 5.0869e-10 TSX
20121030 20130311 2.4482e-05 5.8478e-10 TSX
20121107 20171118 5.2434e-05 4.3202e-10 TSX
20121221 20160208 1.2701e-05 3.4167e-10 TSX
20121224 20130516 -5.0981e-05 5.686e-10 TSX
20121229 20130407 1.5195e-05 6.5663e-10 TSX
20130104 20130217 -4.6028e-05 7.7402e-10 TSX
20130109 20130715 0.00017164 5.3958e-10 TSX
20130112 20140511 5.3258e-05 4.3824e-10 TSX
20130115 20130721 -0.00028738 5.312e-10 TSX
20130126 20130823 3.0795e-05 5.3034e-10 TSX
20130131 20130429 -6.0134e-05 6.7864e-10 TSX
20130203 20130729 1.4858e-05 5.2494e-10 TSX
20130211 20130919 -6.1146e-05 5.0794e-10 TSX
20130228 20141209 0.0001445 4.3685e-10 TSX
20130311 20130801 -0.0001946 5.7313e-10 TSX
20130316 20130623 -0.00012113 6.5722e-10 TSX
20130402 20150122 0.00022057 4.1549e-10 TSX
20130407 20140530 -6.3202e-05 3.8825e-10 TSX
20130421 20171016 -4.7677e-05 4.5449e-10 TSX
20130424 20130721 -0.00036637 6.6614e-10 TSX
20130429 20130623 -0.00011239 7.557e-10 TSX
20130505 20131028 -0.00067395 5.4703e-10 TSX
20130513 20151112 0.00017735 3.8521e-10 TSX
20130516 20131017 -0.0002058 5.8517e-10 TSX
20130521 20130715 0.00022374 7.5616e-10 TSX
20130524 20171129 1.8797e-05 4.8248e-10 TSX
20130527 20140627 -3.0362e-05 4.2268e-10 TSX
20130601 20130930 9.6291e-05 6.2073e-10 TSX
20130604 20141217 -5.6777e-06 4.6974e-10 TSX
20130607 20140719 -1.1046e-05 4.0565e-10 TSX
20130612 20150105 3.7705e-05 3.6462e-10 TSX
20130615 20160106 -4.3723e-05 3.301e-10 TSX
20130618 20140708 -2.1325e-05 3.9071e-10 TSX
20130623 20130715 0.00069395 8.6397e-10 TSX
20130629 20130914 4.5943e-05 6.9179e-10 TSX
20130707 20150130 4.513e-05 3.6027e-10 TSX
20130710 20140901 2.2825e-06 3.8412e-10 TSX
20130715 20130726 -0.0024571 1.0132e-09 TSX
20130721 20131108 0.00062462 6.3324e-10 TSX
20130726 20150517 7.4186e-05 3.7598e-10 TSX
20130729 20160904 2.3317e-05 4.1826e-10 TSX
20130801 20151115 0.00014279 3.5107e-10 TSX
20130817 20140209 -4.199e-05 5.4226e-10 TSX
20130828 20150312 4.2023e-05 3.9841e-10 TSX
20130903 20150329 -0.00014262 3.5416e-10 TSX
20130919 20160309 0.00014982 3.908e-10 TSX
20130925 20140708 7.653e-06 4.3975e-10 TSX
20130930 20160411 8.3959e-07 3.6998e-10 TSX
20131011 20150802 -4.7141e-05 3.5718e-10 TSX
20131017 20140719 1.0066e-05 4.4832e-10 TSX
20131028 20160304 0.00015566 3.6633e-10 TSX
20131102 20140519 -3.4593e-06 5.1792e-10 TSX
20131108 20140708 7.329e-05 4.8723e-10 TSX
20140209 20160309 3.558e-05 3.7459e-10 TSX
20140223 20140829 2.8735e-05 5.1174e-10 TSX
20140408 20140705 2.0262e-05 6.614e-10 TSX
20140419 20170913 0.00012057 4.1586e-10 TSX
20140511 20141228 5.5187e-05 4.7315e-10 TSX
20140519 20150824 6.7771e-06 3.8074e-10 TSX
20140624 20171005 4.1603e-05 5.5783e-10 TSX
20140627 20151115 -2.2233e-05 3.6925e-10 TSX
20140705 20180911 6.1923e-05 3.5735e-10 TSX
20140708 20160406 3.378e-05 3.9929e-10 TSX
20140716 20171005 6.3195e-05 5.2658e-10 TSX
20140719 20151207 -3.7485e-05 3.8391e-10 TSX
20140727 20150326 1.4929e-05 4.6244e-10 TSX
20140810 20150122 -2.1714e-05 5.4165e-10 TSX
20140818 20160301 3.9828e-05 3.5546e-10 TSX
20140829 20160208 4.5076e-05 3.9933e-10 TSX
20140901 20140912 -0.00028495 9.692e-10 TSX
20140912 20141209 7.7197e-06 6.6462e-10 TSX
20140920 20170902 2.7942e-05 4.0361e-10 TSX
20141209 20160211 -0.00014517 4.2501e-10 TSX
20141217 20160722 0.00016618 4.2607e-10 TSX
20141228 20160106 1.6752e-05 4.9178e-10 TSX
20141231 20151024 9.9246e-05 4.4907e-10 TSX
20150105 20150824 -1.6264e-05 4.9896e-10 TSX
20150108 20170811 7.6055e-05 3.817e-10 TSX
20150119 20160117 7.48e-05 4.2038e-10 TSX
20150127 20160411 1.5963e-05 4.4997e-10 TSX
20150130 20151112 5.5449e-05 4.5752e-10 TSX
20150210 20170114 -4.1472e-05 4.4875e-10 TSX
20150213 20160326 0.00022366 4.2572e-10 TSX
20150218 20160216 -6.3918e-05 4.0964e-10 TSX
20150221 20180112 5.0043e-05 3.8367e-10 TSX
20150304 20180911 9.3374e-05 4.0115e-10 TSX
20150307 20160211 -1.7668e-05 4.2027e-10 TSX
20150312 20160320 5.8794e-05 4.2536e-10 TSX
20150326 20150827 7.9705e-06 5.5431e-10 TSX
20150329 20151207 -9.1676e-05 4.6159e-10 TSX
20150428 20160425 3.2252e-05 4.2705e-10 TSX
20150509 20150827 -6.1644e-05 6.3616e-10 TSX
20150517 20150824 -0.00022302 6.6061e-10 TSX
20150520 20180911 1.578e-05 4.1946e-10 TSX
20150714 20170822 -1.1966e-05 3.6053e-10 TSX
20150725 20170924 -4.9929e-05 3.9762e-10 TSX
20150802 20160309 -3.1959e-05 4.9822e-10 TSX
20150805 20160403 3.1584e-05 4.6472e-10 TSX
20150816 20171107 -7.3574e-05 4.0603e-10 TSX
20150824 20150915 0.00072215 8.6381e-10 TSX
20150827 20170902 7.7189e-05 3.8706e-10 TSX
20150915 20160216 -0.00012422 5.7195e-10 TSX
20151021 20160904 -0.00011642 4.2209e-10 TSX
20151101 20171016 8.9617e-05 3.9587e-10 TSX
20151112 20160425 6.8503e-06 5.3672e-10 TSX
20151115 20151229 0.0001105 7.7402e-10 TSX
20151123 20171221 5.2838e-05 3.735e-10 TSX
20151204 20151215 0.00016333 9.7857e-10 TSX
20151207 20160406 -2.3201e-05 6.0228e-10 TSX
20151215 20170822 1.6175e-05 4.3137e-10 TSX
20151226 20161223 4.2826e-05 3.9601e-10 TSX
20151229 20160211 -1.7279e-05 7.7402e-10 TSX
20160106 20161223 8.3496e-05 4.0019e-10 TSX
20160117 20160926 -8.9536e-07 4.5938e-10 TSX
20160128 20160301 -0.00024602 8.0694e-10 TSX
20160208 20160312 -8.2959e-05 8.0694e-10 TSX
20160216 20160309 -0.00041021 8.6381e-10 TSX
20160219 20180319 1.4363e-05 4.6096e-10 TSX
20160301 20161201 0.00011148 4.3944e-10 TSX
20160304 20160326 0.00012134 8.4989e-10 TSX
20160312 20180319 6.9678e-05 4.3767e-10 TSX
20160320 20160411 0.00035485 8.6382e-10 TSX
20160323 20171118 -1.073e-06 4.046e-10 TSX
20160326 20160406 -0.00053474 9.6912e-10 TSX
20160403 20171027 8.0703e-05 4.348e-10 TSX
20160425 20170811 6.2133e-05 4.0276e-10 TSX
20160528 20160630 -8.6633e-06 8.0694e-10 TSX
20160630 20171118 6.2671e-05 4.0386e-10 TSX
20160722 20161201 0.00013724 5.8189e-10 TSX
20160904 20180707 7.3178e-05 4.3952e-10 TSX
20160915 20180911 4.9737e-05 3.9823e-10 TSX
20160926 20170114 0.00013 6.2204e-10 TSX
20161201 20171027 5.8052e-05 4.4744e-10 TSX
20161223 20171107 2.5553e-05 4.3403e-10 TSX
20170114 20170902 -4.6315e-06 4.8129e-10 TSX
20170811 20171005 -1.1533e-05 7.4153e-10 TSX
20170822 20180707 -4.2076e-05 4.1429e-10 TSX
20170913 20180707 -0.0001096 4.2639e-10 TSX
20170924 20180319 1.7745e-05 5.2326e-10 TSX
20171005 20171107 5.5669e-05 8.0694e-10 TSX
20171016 20180319 3.9672e-05 5.5014e-10 TSX
20171027 20180911 -2.05e-05 4.145e-10 TSX
20171107 20171118 7.9126e-05 9.7857e-10 TSX
20171118 20171129 5.9006e-05 9.7857e-10 TSX
20171129 20171221 -2.4964e-05 8.5123e-10 TSX
20171210 20180820 -4.8582e-05 4.5359e-10 TSX
20171221 20180911 -3.2563e-05 4.4808e-10 TSX
20180112 20181003 3.9947e-05 4.4732e-10 TSX
20180319 20180707 -0.0001895 6.1816e-10 TSX
20180707 20180911 0.00025838 7.1265e-10 TSX
20180729 20181003 8.5719e-05 7.1265e-10 TSX
20180820 20181003 0.00019816 7.7266e-10 TSX
20180911 20181003 -0.00017072 8.5124e-10 TSX
