20030427 20030914 0.00064472 5.6861e-10 ERS2
20030914 20080629 -3.8826e-05 2.6984e-10 ERS2
20050918 20090510 6.4321e-05 3.0044e-10 ERS2
20051127 20081116 -2.9998e-05 3.1462e-10 ERS2
20060903 20090510 1.6491e-05 3.0977e-10 ERS2
20061231 20090105 9.2412e-05 3.1374e-10 ALOS
20070402 20070703 -0.00019317 6.6622e-10 ALOS
20070518 20091008 2.7777e-05 2.9997e-10 ALOS
20070818 20071003 -0.00027647 7.75e-10 ALOS
20071217 20100509 3.4035e-05 3.015e-10 ALOS
20080103 20100526 -1.0252e-05 2.9857e-10 ALOS
20080404 20080520 1.3501e-05 7.7501e-10 ALOS
20080618 20090921 -2.2806e-05 3.7257e-10 ALOS
20080629 20090510 3.8961e-05 4.123e-10 ERS2
20080705 20091008 7.2214e-05 3.6508e-10 ALOS
20080803 20090823 -2.816e-05 3.8327e-10 ERS2
20081116 20090823 5.0519e-06 4.3227e-10 ERS2
20081219 20090921 0.00051735 4.4624e-10 ALOS
20090105 20090708 5.6435e-05 5.2804e-10 ALOS
20090510 20091101 0.00049317 5.2839e-10 ERS2
20090708 20091008 0.00086237 6.6617e-10 ALOS
20090823 20091101 -2.5008e-05 6.9852e-10 ERS2
20091222 20100624 0.00070221 5.2532e-10 ALOS
20100108 20100223 0.00075963 7.7507e-10 ALOS
20100223 20100526 -7.6741e-05 6.6624e-10 ALOS
20100410 20100711 -0.00015142 6.6626e-10 ALOS
20100509 20100624 0.00057357 7.7304e-10 ALOS
20100526 20100711 0.00048737 7.7501e-10 ALOS
20100624 20101109 0.00010522 5.8397e-10 ALOS
20100711 20101011 0.00023525 6.6623e-10 ALOS
20100809 20101109 3.1699e-05 6.6353e-10 ALOS
20101011 20101126 0.0002516 7.7501e-10 ALOS
20110111 20110226 0.00078666 7.75e-10 ALOS
20110924 20130715 6.5409e-05 3.2358e-10 TSX
20111005 20121229 -5.0561e-05 3.6829e-10 TSX
20111121 20171221 4.8393e-05 2.8656e-10 TSX
20111221 20130131 1.6972e-05 3.855e-10 TSX
20111224 20121027 -1.111e-06 4.1943e-10 TSX
20120126 20140419 -2.0602e-05 2.924e-10 TSX
20120203 20160320 4.7281e-05 2.6094e-10 TSX
20120206 20171107 1.7193e-05 2.8065e-10 TSX
20120617 20171129 1.5964e-05 2.7505e-10 TSX
20120723 20160120 0.00011685 2.7561e-10 TSX
20121024 20130109 3.4047e-05 7.0152e-10 TSX
20121027 20151226 -4.1803e-05 2.7702e-10 TSX
20121030 20130311 1.1769e-05 5.8464e-10 TSX
20121107 20171118 3.6007e-06 2.7851e-10 TSX
20121221 20160208 4.6886e-05 2.804e-10 TSX
20121224 20130516 -4.8985e-05 5.6849e-10 TSX
20121229 20130407 0.00028262 6.5605e-10 TSX
20130104 20130217 0.00021833 7.7302e-10 TSX
20130109 20130715 3.0698e-05 5.2845e-10 TSX
20130112 20140511 -4.1057e-05 3.5472e-10 TSX
20130115 20130721 -0.00016194 5.1395e-10 TSX
20130126 20130823 -9.1596e-05 4.9979e-10 TSX
20130131 20130429 -0.00010018 6.7794e-10 TSX
20130203 20130729 -2.7066e-05 5.2311e-10 TSX
20130211 20130919 -4.1375e-05 4.9592e-10 TSX
20130228 20141209 5.5743e-05 3.1431e-10 TSX
20130311 20130801 -2.4194e-05 5.686e-10 TSX
20130316 20130623 8.3377e-05 6.5606e-10 TSX
20130402 20150122 0.00011063 3.3297e-10 TSX
20130407 20140530 -6.1035e-05 3.81e-10 TSX
20130421 20171016 3.2583e-05 2.871e-10 TSX
20130424 20130721 -0.00025941 6.6401e-10 TSX
20130429 20130623 2.3019e-05 7.5398e-10 TSX
20130505 20131028 -0.00033311 5.4561e-10 TSX
20130513 20151112 1.2516e-05 2.9516e-10 TSX
20130516 20131017 -0.00031341 5.6291e-10 TSX
20130521 20130715 6.9899e-05 7.5401e-10 TSX
20130524 20171129 -1.1237e-05 2.8879e-10 TSX
20130527 20140627 -5.3266e-05 3.837e-10 TSX
20130601 20130930 -3.8584e-06 6.1696e-10 TSX
20130604 20141217 3.3714e-06 3.4012e-10 TSX
20130607 20140719 -1.1087e-05 3.8014e-10 TSX
20130612 20150105 5.0827e-05 3.3845e-10 TSX
20130615 20160106 4.6198e-05 2.9098e-10 TSX
20130618 20140708 -4.8997e-05 3.8808e-10 TSX
20130623 20130715 0.00053966 8.6112e-10 TSX
20130629 20130914 0.0001517 6.8907e-10 TSX
20130707 20150130 -1.9054e-05 3.3801e-10 TSX
20130710 20140901 1.0782e-05 3.7638e-10 TSX
20130715 20130726 -0.0024676 1.01e-09 TSX
20130721 20131108 0.00070699 6.243e-10 TSX
20130726 20150517 0.00021296 3.2187e-10 TSX
20130729 20160904 4.5644e-06 2.7373e-10 TSX
20130801 20151115 5.3835e-05 3.0492e-10 TSX
20130817 20140209 9.7243e-05 5.4096e-10 TSX
20130828 20150312 0.00013011 3.4117e-10 TSX
20130903 20150329 -5.1127e-05 3.369e-10 TSX
20130919 20160309 6.2415e-05 2.8888e-10 TSX
20130925 20140708 4.8908e-05 4.3197e-10 TSX
20130930 20160411 4.3303e-05 2.8365e-10 TSX
20131011 20150802 1.5342e-05 3.2636e-10 TSX
20131017 20140719 -1.4869e-05 4.3886e-10 TSX
20131028 20160304 6.3289e-05 2.9107e-10 TSX
20131102 20140519 -0.00020278 5.171e-10 TSX
20131108 20140708 -1.7856e-05 4.6406e-10 TSX
20140209 20160309 -1.4446e-05 3.1369e-10 TSX
20140223 20140829 -5.3992e-05 5.1108e-10 TSX
20140408 20140705 -2.4356e-05 6.6128e-10 TSX
20140419 20170913 4.9418e-05 2.9873e-10 TSX
20140511 20141228 5.3366e-05 4.7018e-10 TSX
20140519 20150824 0.00011919 3.6655e-10 TSX
20140624 20171005 3.5941e-05 2.9877e-10 TSX
20140627 20151115 8.8971e-05 3.466e-10 TSX
20140705 20180911 2.6207e-05 2.8356e-10 TSX
20140708 20160406 7.3995e-05 3.1999e-10 TSX
20140716 20171005 5.0242e-06 2.9955e-10 TSX
20140719 20151207 2.2524e-05 3.446e-10 TSX
20140727 20150326 -7.3926e-05 4.6153e-10 TSX
20140810 20150122 -5.1474e-05 5.3919e-10 TSX
20140818 20160301 -9.431e-07 3.3551e-10 TSX
20140829 20160208 3.0372e-05 3.4822e-10 TSX
20140901 20140912 -0.00031771 9.6701e-10 TSX
20140912 20141209 9.1573e-05 6.64e-10 TSX
20140920 20170902 -3.538e-05 2.9843e-10 TSX
20141209 20160211 2.2087e-05 3.6699e-10 TSX
20141217 20160722 1.3e-05 3.3372e-10 TSX
20141228 20160106 2.8326e-05 3.8516e-10 TSX
20141231 20151024 -4.0314e-06 4.2576e-10 TSX
20150105 20150824 -2.9806e-05 4.8629e-10 TSX
20150108 20170811 1.4288e-05 2.9642e-10 TSX
20150119 20160117 2.6347e-05 3.9241e-10 TSX
20150127 20160411 0.00010604 3.7578e-10 TSX
20150130 20151112 5.148e-05 4.303e-10 TSX
20150210 20170114 2.9341e-06 3.0994e-10 TSX
20150213 20160326 0.00013941 4.4717e-10 TSX
20150218 20160216 -2.7369e-05 4.0446e-10 TSX
20150221 20180112 4.1652e-05 2.9091e-10 TSX
20150304 20180911 -5.9567e-05 2.9909e-10 TSX
20150307 20160211 2.543e-05 4.0216e-10 TSX
20150312 20160320 -6.1559e-05 3.9831e-10 TSX
20150326 20150827 2.347e-05 5.5125e-10 TSX
20150329 20151207 -1.6512e-05 4.5568e-10 TSX
20150428 20160425 3.969e-05 3.9167e-10 TSX
20150509 20150827 -8.8576e-06 6.185e-10 TSX
20150517 20150824 -0.00015067 6.564e-10 TSX
20150520 20180911 3.0157e-05 3.0706e-10 TSX
20150714 20170822 6.9498e-06 2.932e-10 TSX
20150725 20170924 7.097e-06 2.8908e-10 TSX
20150802 20160309 -1.8138e-05 4.9595e-10 TSX
20150805 20160403 -1.5573e-05 4.6118e-10 TSX
20150816 20171107 -1.4123e-05 2.9049e-10 TSX
20150824 20150915 0.00070197 8.6101e-10 TSX
20150827 20170902 1.6666e-05 2.9971e-10 TSX
20150915 20160216 -0.00017748 5.6817e-10 TSX
20151021 20160904 -6.3037e-05 4.1196e-10 TSX
20151101 20171016 8.9119e-06 3.0475e-10 TSX
20151112 20160425 -1.2729e-05 5.3606e-10 TSX
20151115 20151229 0.00013219 7.7302e-10 TSX
20151123 20171221 -4.2849e-07 2.9671e-10 TSX
20151204 20151215 0.00017527 9.7723e-10 TSX
20151207 20160406 -0.00014125 6.0214e-10 TSX
20151215 20170822 3.2904e-06 3.1913e-10 TSX
20151226 20161223 -1.4429e-05 3.9328e-10 TSX
20151229 20160211 8.3152e-05 7.7302e-10 TSX
20160106 20161223 9.9638e-07 3.9794e-10 TSX
20160117 20160926 6.5689e-07 4.529e-10 TSX
20160128 20160301 -0.00021031 8.0613e-10 TSX
20160208 20160312 -7.639e-05 8.0613e-10 TSX
20160216 20160309 -0.00039456 8.6101e-10 TSX
20160219 20180319 -2.2059e-05 2.9821e-10 TSX
20160301 20161201 -5.2118e-07 4.3851e-10 TSX
20160304 20160326 6.8253e-05 8.4808e-10 TSX
20160312 20180319 -3.0242e-05 2.9974e-10 TSX
20160320 20160411 0.00047302 8.6102e-10 TSX
20160323 20171118 -2.8571e-06 3.1746e-10 TSX
20160326 20160406 -0.00047685 9.6694e-10 TSX
20160403 20171027 1.3924e-06 3.247e-10 TSX
20160425 20170811 -2.9523e-06 3.4612e-10 TSX
20160528 20160630 -8.759e-06 8.0613e-10 TSX
20160630 20171118 -5.0307e-06 3.3832e-10 TSX
20160722 20161201 1.3367e-05 5.8133e-10 TSX
20160904 20180707 -4.2902e-05 3.2369e-10 TSX
20160915 20180911 -2.1911e-05 3.0121e-10 TSX
20160926 20170114 -5.8468e-05 6.1797e-10 TSX
20161201 20171027 -2.744e-05 4.0688e-10 TSX
20161223 20171107 -3.0699e-05 4.0918e-10 TSX
20170114 20170902 -1.7289e-05 4.6865e-10 TSX
20170811 20171005 -9.2524e-05 7.4115e-10 TSX
20170822 20180707 -0.0001216 4.1376e-10 TSX
20170913 20180707 -0.00017351 4.2513e-10 TSX
20170924 20180319 -0.00017419 5.2322e-10 TSX
20171005 20171107 4.1373e-05 8.0613e-10 TSX
20171016 20180319 -0.00020593 5.5008e-10 TSX
20171027 20180911 -8.6944e-05 4.1359e-10 TSX
20171107 20171118 6.18e-05 9.7723e-10 TSX
20171118 20171129 4.2609e-05 9.7723e-10 TSX
20171129 20171221 -3.3435e-05 8.5014e-10 TSX
20171210 20180820 -0.00010909 4.5352e-10 TSX
20171221 20180911 1.1928e-05 4.458e-10 TSX
20180112 20181003 -0.00012521 4.4569e-10 TSX
20180319 20180707 -0.00012135 6.1798e-10 TSX
20180707 20180911 0.00022666 7.1241e-10 TSX
20180729 20181003 4.6718e-05 7.1241e-10 TSX
20180820 20181003 0.00017231 7.7211e-10 TSX
20180911 20181003 -0.00012646 8.5014e-10 TSX
