20030427 20030914 0.0003624 5.6522e-10 ERS2
20030914 20080629 -0.00013172 2.9058e-10 ERS2
20050918 20090510 0.00013112 2.9961e-10 ERS2
20051127 20081116 0.00011255 3.0633e-10 ERS2
20060903 20090510 -2.4886e-05 3.1268e-10 ERS2
20061231 20090105 -1.0649e-05 3.2039e-10 ALOS
20070402 20070703 -1.3412e-05 6.6713e-10 ALOS
20070518 20091008 5.9049e-05 3.1399e-10 ALOS
20070818 20071003 -0.00015537 7.7501e-10 ALOS
20071217 20100509 3.0636e-05 3.014e-10 ALOS
20080103 20100526 1.1031e-06 3.1814e-10 ALOS
20080404 20080520 0.00013849 7.7505e-10 ALOS
20080618 20090921 6.6382e-05 3.7294e-10 ALOS
20080629 20090510 -7.3818e-05 4.1351e-10 ERS2
20080705 20091008 0.0001589 3.6649e-10 ALOS
20080803 20090823 -7.8788e-06 3.8316e-10 ERS2
20081116 20090823 8.3788e-05 4.3244e-10 ERS2
20081219 20090921 0.00038381 4.4806e-10 ALOS
20090105 20090708 4.5804e-05 5.2963e-10 ALOS
20090510 20091101 0.00026858 5.2191e-10 ERS2
20090708 20091008 0.00087331 6.6648e-10 ALOS
20090823 20091101 -0.00031575 6.985e-10 ERS2
20091222 20100624 -5.3699e-06 5.2737e-10 ALOS
20100108 20100223 -0.0004343 7.7603e-10 ALOS
20100223 20100526 1.8189e-05 6.6914e-10 ALOS
20100410 20100711 0.00011127 6.675e-10 ALOS
20100509 20100624 0.0005675 7.7304e-10 ALOS
20100526 20100711 0.00047659 7.7496e-10 ALOS
20100624 20101109 0.00012946 5.8397e-10 ALOS
20100711 20101011 0.00010209 6.6609e-10 ALOS
20100809 20101109 -1.3104e-05 6.6353e-10 ALOS
20101011 20101126 0.00010347 7.7502e-10 ALOS
20110111 20110226 0.00060924 7.75e-10 ALOS
20110924 20130715 1.8073e-05 3.2452e-10 TSX
20111005 20121229 -1.9514e-05 3.6867e-10 TSX
20111121 20171221 0.0001139 2.5996e-10 TSX
20111221 20130131 2.5741e-05 3.8546e-10 TSX
20111224 20121027 0.00012682 4.1935e-10 TSX
20120126 20140419 -2.4967e-05 2.9214e-10 TSX
20120203 20160320 -4.6087e-06 2.572e-10 TSX
20120206 20171107 9.2496e-05 2.7245e-10 TSX
20120617 20171129 5.6328e-05 2.7164e-10 TSX
20120723 20160120 4.9899e-05 2.7467e-10 TSX
20121024 20130109 3.3361e-05 7.0155e-10 TSX
20121027 20151226 9.0762e-05 2.7054e-10 TSX
20121030 20130311 -2.3899e-05 5.8465e-10 TSX
20121107 20171118 5.8579e-05 2.6589e-10 TSX
20121221 20160208 0.00016228 2.7098e-10 TSX
20121224 20130516 -5.7302e-05 5.6848e-10 TSX
20121229 20130407 3.0762e-05 6.5606e-10 TSX
20130104 20130217 -2.7397e-05 7.7303e-10 TSX
20130109 20130715 -1.4358e-06 5.2839e-10 TSX
20130112 20140511 -1.2814e-05 3.5498e-10 TSX
20130115 20130721 -0.00012611 5.1405e-10 TSX
20130126 20130823 5.4837e-05 5.1319e-10 TSX
20130131 20130429 -0.000143 6.7794e-10 TSX
20130203 20130729 0.0001548 5.2311e-10 TSX
20130211 20130919 9.6828e-05 4.9593e-10 TSX
20130228 20141209 1.1972e-05 3.1305e-10 TSX
20130311 20130801 3.4423e-05 5.6845e-10 TSX
20130316 20130623 5.3138e-06 6.5607e-10 TSX
20130402 20150122 9.297e-05 3.2783e-10 TSX
20130407 20140530 -4.6833e-05 3.8083e-10 TSX
20130421 20171016 0.00013457 2.87e-10 TSX
20130424 20130721 -0.00018737 6.6401e-10 TSX
20130429 20130623 1.7467e-05 7.5399e-10 TSX
20130505 20131028 -0.00043721 5.744e-10 TSX
20130513 20151112 0.00014578 2.8622e-10 TSX
20130516 20131017 1.6445e-05 5.8814e-10 TSX
20130521 20130715 0.00022716 7.5402e-10 TSX
20130524 20171129 0.00017904 2.6343e-10 TSX
20130527 20140627 -3.5821e-05 3.8417e-10 TSX
20130601 20130930 0.00019893 6.1696e-10 TSX
20130604 20141217 7.8312e-05 3.3968e-10 TSX
20130607 20140719 5.1379e-05 3.8049e-10 TSX
20130612 20150105 4.4171e-05 3.3842e-10 TSX
20130615 20160106 0.00014699 2.9264e-10 TSX
20130618 20140708 4.6005e-05 3.8828e-10 TSX
20130623 20130715 0.00065166 8.6111e-10 TSX
20130629 20130914 0.00021875 6.9148e-10 TSX
20130707 20150130 3.9882e-05 3.3773e-10 TSX
20130710 20140901 2.2978e-05 3.7679e-10 TSX
20130715 20130726 -0.0023662 1.01e-09 TSX
20130721 20131108 0.00080403 6.5476e-10 TSX
20130726 20150517 5.3091e-05 3.2171e-10 TSX
20130729 20160904 0.00014063 2.8688e-10 TSX
20130801 20151115 7.4257e-05 3.0562e-10 TSX
20130817 20140209 8.144e-05 5.4093e-10 TSX
20130828 20150312 3.081e-05 3.4099e-10 TSX
20130903 20150329 7.2691e-05 3.7182e-10 TSX
20130919 20160309 6.8731e-05 2.8374e-10 TSX
20130925 20140708 8.5582e-05 4.3577e-10 TSX
20130930 20160411 0.00010199 2.8619e-10 TSX
20131011 20150802 -6.1678e-07 3.2136e-10 TSX
20131017 20140719 -8.6248e-05 4.3963e-10 TSX
20131028 20160304 -2.8484e-05 3.2061e-10 TSX
20131102 20140519 -0.00038157 5.171e-10 TSX
20131108 20140708 3.1329e-05 4.711e-10 TSX
20140209 20160309 2.1055e-05 3.1133e-10 TSX
20140223 20140829 0.00011038 5.1109e-10 TSX
20140408 20140705 2.5544e-05 6.6124e-10 TSX
20140419 20170913 -5.3619e-05 2.9458e-10 TSX
20140511 20141228 0.00019358 4.7005e-10 TSX
20140519 20150824 0.00017359 3.671e-10 TSX
20140624 20171005 0.00011009 2.9302e-10 TSX
20140627 20151115 0.00013175 3.4283e-10 TSX
20140705 20180911 9.8204e-05 2.7874e-10 TSX
20140708 20160406 7.45e-05 3.1393e-10 TSX
20140716 20171005 0.00014108 2.8088e-10 TSX
20140719 20151207 6.7778e-05 3.4186e-10 TSX
20140727 20150326 3.6944e-05 4.6157e-10 TSX
20140810 20150122 4.9933e-05 5.3926e-10 TSX
20140818 20160301 0.00014078 3.2791e-10 TSX
20140829 20160208 0.00011194 3.3267e-10 TSX
20140901 20140912 -0.00031655 9.6699e-10 TSX
20140912 20141209 0.00011138 6.6401e-10 TSX
20140920 20170902 0.00016164 2.852e-10 TSX
20141209 20160211 6.6075e-05 3.7006e-10 TSX
20141217 20160722 0.00010943 3.3247e-10 TSX
20141228 20160106 0.00012513 3.8607e-10 TSX
20141231 20151024 0.00011068 4.2742e-10 TSX
20150105 20150824 2.9915e-05 4.8672e-10 TSX
20150108 20170811 7.5649e-05 2.693e-10 TSX
20150119 20160117 0.00016702 3.8839e-10 TSX
20150127 20160411 0.00011152 3.7486e-10 TSX
20150130 20151112 0.00015178 4.3041e-10 TSX
20150210 20170114 0.00017068 3.137e-10 TSX
20150213 20160326 -5.7884e-05 4.4037e-10 TSX
20150218 20160216 0.0001014 4.0244e-10 TSX
20150221 20180112 0.00020639 2.9339e-10 TSX
20150304 20180911 0.00012465 2.9509e-10 TSX
20150307 20160211 0.00011773 4.0228e-10 TSX
20150312 20160320 6.1552e-05 3.9653e-10 TSX
20150326 20150827 0.00024972 5.5115e-10 TSX
20150329 20151207 0.00010639 4.5455e-10 TSX
20150428 20160425 0.00016533 3.9114e-10 TSX
20150509 20150827 0.00025968 6.2033e-10 TSX
20150517 20150824 0.00013143 6.5663e-10 TSX
20150520 20180911 0.00012423 3.2477e-10 TSX
20150714 20170822 0.00017527 3.009e-10 TSX
20150725 20170924 0.00014806 3.0228e-10 TSX
20150802 20160309 0.00013103 4.9581e-10 TSX
20150805 20160403 0.00010384 4.6164e-10 TSX
20150816 20171107 0.00012431 2.9875e-10 TSX
20150824 20150915 0.00075911 8.6101e-10 TSX
20150827 20170902 8.7863e-05 3.0227e-10 TSX
20150915 20160216 -2.7568e-05 5.6823e-10 TSX
20151021 20160904 8.2145e-05 4.1483e-10 TSX
20151101 20171016 0.00012309 3.097e-10 TSX
20151112 20160425 4.0773e-06 5.3609e-10 TSX
20151115 20151229 0.00019095 7.7303e-10 TSX
20151123 20171221 6.6013e-05 3.0073e-10 TSX
20151204 20151215 0.00018699 9.7698e-10 TSX
20151207 20160406 -4.2427e-05 6.0214e-10 TSX
20151215 20170822 0.00012359 3.176e-10 TSX
20151226 20161223 0.00016377 3.9374e-10 TSX
20151229 20160211 1.6728e-05 7.7303e-10 TSX
20160106 20161223 0.00017474 3.9821e-10 TSX
20160117 20160926 0.00019774 4.5325e-10 TSX
20160128 20160301 -0.00025268 8.06e-10 TSX
20160208 20160312 -5.4658e-05 8.06e-10 TSX
20160216 20160309 -0.00041 8.6101e-10 TSX
20160219 20180319 2.4506e-05 2.9918e-10 TSX
20160301 20161201 0.00023445 4.3858e-10 TSX
20160304 20160326 4.2536e-05 8.4807e-10 TSX
20160312 20180319 6.135e-06 3.0171e-10 TSX
20160320 20160411 0.00042554 8.6102e-10 TSX
20160323 20171118 0.00012282 3.1974e-10 TSX
20160326 20160406 -0.00051834 9.6692e-10 TSX
20160403 20171027 0.00017097 3.2128e-10 TSX
20160425 20170811 0.0001803 3.5202e-10 TSX
20160528 20160630 0.00011078 8.06e-10 TSX
20160630 20171118 0.00012135 3.419e-10 TSX
20160722 20161201 0.00029688 5.8131e-10 TSX
20160904 20180707 -5.2283e-06 3.2282e-10 TSX
20160915 20180911 3.6217e-05 3.04e-10 TSX
20160926 20170114 5.6979e-05 6.1795e-10 TSX
20161201 20171027 9.0846e-05 4.0656e-10 TSX
20161223 20171107 4.9951e-05 4.0905e-10 TSX
20170114 20170902 9.4248e-05 4.6913e-10 TSX
20170811 20171005 -2.307e-05 7.4109e-10 TSX
20170822 20180707 -0.00014683 4.1364e-10 TSX
20170913 20180707 -0.00019742 4.253e-10 TSX
20170924 20180319 -0.00021157 5.232e-10 TSX
20171005 20171107 4.9564e-05 8.06e-10 TSX
20171016 20180319 -0.00020394 5.5007e-10 TSX
20171027 20180911 -4.388e-05 4.1356e-10 TSX
20171107 20171118 7.9304e-05 9.7698e-10 TSX
20171118 20171129 4.1675e-05 9.7698e-10 TSX
20171129 20171221 7.013e-06 8.4995e-10 TSX
20171210 20180820 -2.5301e-05 4.534e-10 TSX
20171221 20180911 -3.0758e-05 4.4563e-10 TSX
20180112 20181003 1.2356e-05 4.4564e-10 TSX
20180319 20180707 5.2748e-06 6.1797e-10 TSX
20180707 20180911 0.0004655 7.1236e-10 TSX
20180729 20181003 0.00015949 7.1236e-10 TSX
20180820 20181003 0.00020372 7.7201e-10 TSX
20180911 20181003 -0.0001946 8.4995e-10 TSX
