20030427 20030914 -0.00031094 5.6481e-10 ERS2
20030914 20080629 3.7406e-05 2.7325e-10 ERS2
20050918 20090510 2.4002e-05 3.0114e-10 ERS2
20051127 20081116 -3.9622e-05 3.0499e-10 ERS2
20060903 20090510 9.76e-05 3.1626e-10 ERS2
20061231 20090105 2.72e-05 3.1626e-10 ALOS
20070402 20070703 -0.00019225 6.6673e-10 ALOS
20070518 20091008 -0.00096277 3.0537e-10 ALOS
20070818 20071003 -0.00039911 7.7552e-10 ALOS
20071217 20100509 -9.6445e-05 3.1876e-10 ALOS
20080103 20100526 -0.00012527 3.3866e-10 ALOS
20080404 20080520 -0.00023323 7.7625e-10 ALOS
20080618 20090921 2.9921e-05 3.7361e-10 ALOS
20080629 20090510 -0.00022311 4.1286e-10 ERS2
20080705 20091008 -6.2844e-05 3.6494e-10 ALOS
20080803 20090823 -2.1809e-05 3.8428e-10 ERS2
20081116 20090823 -3.0182e-05 4.3197e-10 ERS2
20081219 20090921 7.4724e-05 4.5051e-10 ALOS
20090105 20090708 0.00014925 5.3448e-10 ALOS
20090510 20091101 8.1253e-05 5.2168e-10 ERS2
20090708 20091008 0.00013901 6.6622e-10 ALOS
20090823 20091101 -0.00036381 6.9852e-10 ERS2
20091222 20100624 -6.5599e-05 5.3121e-10 ALOS
20100108 20100223 -0.00022818 7.7754e-10 ALOS
20100223 20100526 -7.9552e-06 6.6969e-10 ALOS
20100410 20100711 -2.671e-05 6.756e-10 ALOS
20100509 20100624 0.00054875 7.7349e-10 ALOS
20100526 20100711 0.00030442 7.7554e-10 ALOS
20100624 20101109 -7.2879e-05 5.8399e-10 ALOS
20100711 20101011 8.2611e-05 6.6601e-10 ALOS
20100809 20101109 6.9499e-05 6.6353e-10 ALOS
20101011 20101126 0.00023113 7.7552e-10 ALOS
20110111 20110226 0.0005265 7.7558e-10 ALOS
20110924 20130715 4.548e-06 3.2753e-10 TSX
20111005 20121229 -3.454e-05 3.7478e-10 TSX
20111121 20171221 1.2763e-06 3.2544e-10 TSX
20111221 20130131 -3.2934e-05 3.8557e-10 TSX
20111224 20121027 9.4156e-06 4.195e-10 TSX
20120126 20140419 -2.1218e-05 3.3458e-10 TSX
20120203 20160320 -1.1116e-05 3.7298e-10 TSX
20120206 20171107 9.1032e-07 3.8327e-10 TSX
20120617 20171129 7.6102e-06 3.3601e-10 TSX
20120723 20160120 -2.9031e-06 3.5979e-10 TSX
20121024 20130109 6.5613e-05 7.0161e-10 TSX
20121027 20151226 3.8102e-08 3.1324e-10 TSX
20121030 20130311 -6.1312e-05 5.8466e-10 TSX
20121107 20171118 1.593e-05 3.082e-10 TSX
20121221 20160208 3.1208e-05 3.5868e-10 TSX
20121224 20130516 -8.3195e-05 5.6848e-10 TSX
20121229 20130407 -3.6589e-05 6.5605e-10 TSX
20130104 20130217 -7.0877e-05 7.734e-10 TSX
20130109 20130715 -2.1283e-05 5.4363e-10 TSX
20130112 20140511 -8.8507e-06 3.8635e-10 TSX
20130115 20130721 -2.3671e-05 5.1583e-10 TSX
20130126 20130823 0.00011569 5.3479e-10 TSX
20130131 20130429 -8.8909e-05 6.7795e-10 TSX
20130203 20130729 5.2621e-05 5.2344e-10 TSX
20130211 20130919 6.352e-05 4.9886e-10 TSX
20130228 20141209 -2.3328e-06 3.4467e-10 TSX
20130311 20130801 3.5225e-05 5.6987e-10 TSX
20130316 20130623 -1.9109e-05 6.5614e-10 TSX
20130402 20150122 -7.571e-05 3.8856e-10 TSX
20130407 20140530 -3.4723e-05 3.8878e-10 TSX
20130421 20171016 4.2819e-05 3.3367e-10 TSX
20130424 20130721 -7.2717e-05 6.6405e-10 TSX
20130429 20130623 -2.9543e-05 7.5434e-10 TSX
20130505 20131028 -0.00035556 5.5891e-10 TSX
20130513 20151112 5.1838e-05 3.333e-10 TSX
20130516 20131017 0.00015909 5.784e-10 TSX
20130521 20130715 0.00012296 7.5433e-10 TSX
20130524 20171129 2.3152e-05 3.2322e-10 TSX
20130527 20140627 2.3474e-05 3.8961e-10 TSX
20130601 20130930 9.9133e-05 6.1694e-10 TSX
20130604 20141217 2.1081e-05 3.7262e-10 TSX
20130607 20140719 5.0641e-06 3.8163e-10 TSX
20130612 20150105 8.7676e-06 3.8014e-10 TSX
20130615 20160106 4.1153e-05 3.5704e-10 TSX
20130618 20140708 -1.2905e-05 3.9019e-10 TSX
20130623 20130715 0.0006276 8.6258e-10 TSX
20130629 20130914 0.00032596 7.2335e-10 TSX
20130707 20150130 -1.3049e-05 3.5969e-10 TSX
20130710 20140901 1.3903e-05 3.804e-10 TSX
20130715 20130726 -0.0023198 1.0118e-09 TSX
20130721 20131108 0.00078172 6.3696e-10 TSX
20130726 20150517 -5.016e-05 4.2316e-10 TSX
20130729 20160904 8.8822e-06 3.4006e-10 TSX
20130801 20151115 2.3932e-05 3.5909e-10 TSX
20130817 20140209 -4.4529e-05 5.4093e-10 TSX
20130828 20150312 2.0816e-05 3.7442e-10 TSX
20130903 20150329 -0.00012991 4.1555e-10 TSX
20130919 20160309 3.0818e-05 3.6734e-10 TSX
20130925 20140708 8.1017e-06 4.73e-10 TSX
20130930 20160411 3.4998e-05 3.9723e-10 TSX
20131011 20150802 -7.1087e-06 3.9517e-10 TSX
20131017 20140719 -9.4069e-05 4.6713e-10 TSX
20131028 20160304 -0.00015537 3.0023e-10 TSX
20131102 20140519 -8.4008e-05 5.1711e-10 TSX
20131108 20140708 6.1063e-05 5.0899e-10 TSX
20140209 20160309 1.6362e-05 3.3169e-10 TSX
20140223 20140829 2.3703e-05 5.1108e-10 TSX
20140408 20140705 -6.7181e-06 6.6122e-10 TSX
20140419 20170913 9.8761e-05 3.7442e-10 TSX
20140511 20141228 4.9573e-05 4.7477e-10 TSX
20140519 20150824 3.4037e-05 4.2126e-10 TSX
20140624 20171005 1.582e-05 3.4312e-10 TSX
20140627 20151115 1.3308e-05 3.9563e-10 TSX
20140705 20180911 -1.6715e-05 3.2523e-10 TSX
20140708 20160406 -3.2625e-06 3.311e-10 TSX
20140716 20171005 3.8715e-05 3.3422e-10 TSX
20140719 20151207 5.1165e-05 3.8871e-10 TSX
20140727 20150326 -4.8715e-05 4.6505e-10 TSX
20140810 20150122 -9.4466e-05 5.7757e-10 TSX
20140818 20160301 4.2112e-05 3.5034e-10 TSX
20140829 20160208 5.0947e-05 3.6711e-10 TSX
20140901 20140912 -0.00029346 9.684e-10 TSX
20140912 20141209 -2.6792e-05 6.6398e-10 TSX
20140920 20170902 4.1116e-05 3.4514e-10 TSX
20141209 20160211 3.3515e-05 4.1721e-10 TSX
20141217 20160722 4.9539e-05 4.1282e-10 TSX
20141228 20160106 4.4101e-05 4.139e-10 TSX
20141231 20151024 4.3395e-05 4.6393e-10 TSX
20150105 20150824 2.2292e-06 5.1592e-10 TSX
20150108 20170811 6.79e-05 3.6969e-10 TSX
20150119 20160117 5.4021e-05 4.1527e-10 TSX
20150127 20160411 0.00010005 3.948e-10 TSX
20150130 20151112 2.5431e-05 4.5785e-10 TSX
20150210 20170114 6.6304e-05 3.6644e-10 TSX
20150213 20160326 -0.00029511 4.716e-10 TSX
20150218 20160216 2.361e-05 4.252e-10 TSX
20150221 20180112 8.064e-05 3.7187e-10 TSX
20150304 20180911 2.2584e-05 3.5974e-10 TSX
20150307 20160211 6.0217e-05 4.4072e-10 TSX
20150312 20160320 -1.5794e-05 4.1142e-10 TSX
20150326 20150827 0.00012649 5.5999e-10 TSX
20150329 20151207 3.3827e-05 4.709e-10 TSX
20150428 20160425 5.4762e-05 4.0951e-10 TSX
20150509 20150827 0.00015127 6.312e-10 TSX
20150517 20150824 1.8042e-05 6.5997e-10 TSX
20150520 20180911 2.2423e-05 3.6028e-10 TSX
20150714 20170822 5.5722e-05 3.8424e-10 TSX
20150725 20170924 3.9095e-05 3.4964e-10 TSX
20150802 20160309 -5.6775e-05 5.0315e-10 TSX
20150805 20160403 -1.4697e-05 4.8311e-10 TSX
20150816 20171107 4.9259e-05 3.383e-10 TSX
20150824 20150915 0.00064774 8.6249e-10 TSX
20150827 20170902 5.3915e-05 3.7958e-10 TSX
20150915 20160216 -9.4612e-05 5.7569e-10 TSX
20151021 20160904 -1.0164e-05 4.3495e-10 TSX
20151101 20171016 5.5271e-05 3.4094e-10 TSX
20151112 20160425 -1.8831e-05 5.3787e-10 TSX
20151115 20151229 0.00017832 7.7339e-10 TSX
20151123 20171221 2.5981e-05 3.4416e-10 TSX
20151204 20151215 0.00017083 9.7851e-10 TSX
20151207 20160406 -0.0001174 6.0214e-10 TSX
20151215 20170822 8.4084e-05 3.5056e-10 TSX
20151226 20161223 8.9828e-05 4.0427e-10 TSX
20151229 20160211 -2.8839e-05 7.7339e-10 TSX
20160106 20161223 8.0584e-05 4.2153e-10 TSX
20160117 20160926 8.6999e-05 4.6466e-10 TSX
20160128 20160301 -0.00016299 8.0679e-10 TSX
20160208 20160312 -8.172e-05 8.0679e-10 TSX
20160216 20160309 -0.00038013 8.6249e-10 TSX
20160219 20180319 1.3726e-05 3.3215e-10 TSX
20160301 20161201 0.00012455 4.3972e-10 TSX
20160304 20160326 1.4889e-05 8.4913e-10 TSX
20160312 20180319 1.5026e-05 3.2437e-10 TSX
20160320 20160411 0.00036791 8.625e-10 TSX
20160323 20171118 4.9465e-05 3.4606e-10 TSX
20160326 20160406 -0.00051497 9.6832e-10 TSX
20160403 20171027 7.4134e-05 3.6776e-10 TSX
20160425 20170811 9.3621e-05 3.8404e-10 TSX
20160528 20160630 1.9321e-06 8.0679e-10 TSX
20160630 20171118 7.3789e-05 3.5686e-10 TSX
20160722 20161201 0.00018739 5.813e-10 TSX
20160904 20180707 -1.0318e-05 3.4452e-10 TSX
20160915 20180911 -3.0468e-05 3.3463e-10 TSX
20160926 20170114 6.7375e-06 6.1818e-10 TSX
20161201 20171027 8.246e-06 4.2183e-10 TSX
20161223 20171107 -3.0844e-05 4.1819e-10 TSX
20170114 20170902 4.6076e-05 4.8674e-10 TSX
20170811 20171005 -7.8471e-05 7.413e-10 TSX
20170822 20180707 -9.9532e-05 4.1397e-10 TSX
20170913 20180707 -0.00015297 4.3002e-10 TSX
20170924 20180319 -0.0001188 5.2317e-10 TSX
20171005 20171107 3.9313e-05 8.0679e-10 TSX
20171016 20180319 -0.00010654 5.5007e-10 TSX
20171027 20180911 -5.7383e-05 4.1397e-10 TSX
20171107 20171118 8.3208e-05 9.7851e-10 TSX
20171118 20171129 5.0867e-05 9.7851e-10 TSX
20171129 20171221 -2.7732e-05 8.5113e-10 TSX
20171210 20180820 -5.3168e-05 4.5354e-10 TSX
20171221 20180911 -4.8697e-05 4.4575e-10 TSX
20180112 20181003 -2.0098e-05 4.4693e-10 TSX
20180319 20180707 -6.3648e-05 6.1794e-10 TSX
20180707 20180911 0.00025935 7.1243e-10 TSX
20180729 20181003 2.0825e-05 7.1243e-10 TSX
20180820 20181003 0.00012165 7.7246e-10 TSX
20180911 20181003 -0.0001714 8.5114e-10 TSX
