20030427 20030914 -0.00027955 5.6856e-10 ERS2
20030914 20080629 -9.5198e-06 2.7312e-10 ERS2
20050918 20090510 1.893e-06 3.0111e-10 ERS2
20051127 20081116 -9.7912e-05 3.4065e-10 ERS2
20060903 20090510 -0.0001129 3.0993e-10 ERS2
20061231 20090105 3.2137e-06 3.1597e-10 ALOS
20070402 20070703 -7.2411e-05 6.6865e-10 ALOS
20070518 20091008 5.8595e-05 3.0961e-10 ALOS
20070818 20071003 -0.00035777 7.7646e-10 ALOS
20071217 20100509 -4.1449e-05 3.0979e-10 ALOS
20080103 20100526 2.9783e-05 3.1908e-10 ALOS
20080404 20080520 9.0434e-05 7.7647e-10 ALOS
20080618 20090921 -7.3452e-05 3.7213e-10 ALOS
20080629 20090510 -0.00012493 4.1706e-10 ERS2
20080705 20091008 -0.00015739 3.6412e-10 ALOS
20080803 20090823 1.7354e-05 3.8257e-10 ERS2
20081116 20090823 2.7932e-05 4.3189e-10 ERS2
20081219 20090921 0.0001422 4.4725e-10 ALOS
20090105 20090708 -4.8263e-05 5.3259e-10 ALOS
20090510 20091101 0.00013048 5.2038e-10 ERS2
20090708 20091008 0.00032597 6.6696e-10 ALOS
20090823 20091101 -0.00010716 6.9879e-10 ERS2
20091222 20100624 0.00032839 5.2733e-10 ALOS
20100108 20100223 0.00032893 7.7934e-10 ALOS
20100223 20100526 -0.0001204 6.6895e-10 ALOS
20100410 20100711 -0.00014849 6.6682e-10 ALOS
20100509 20100624 0.00059652 7.743e-10 ALOS
20100526 20100711 0.00032735 7.7638e-10 ALOS
20100624 20101109 -0.00021945 5.8399e-10 ALOS
20100711 20101011 -0.00012203 6.6637e-10 ALOS
20100809 20101109 -6.9479e-05 6.6363e-10 ALOS
20101011 20101126 0.00031926 7.7655e-10 ALOS
20110111 20110226 0.00057742 7.7639e-10 ALOS
20110924 20130715 4.3919e-06 3.2427e-10 TSX
20111005 20121229 2.3284e-05 3.6979e-10 TSX
20111121 20171221 -1.5286e-06 2.4365e-10 TSX
20111221 20130131 1.581e-05 3.8586e-10 TSX
20111224 20121027 1.8727e-05 4.1951e-10 TSX
20120126 20140419 -1.3947e-05 2.953e-10 TSX
20120203 20160320 3.0845e-05 2.498e-10 TSX
20120206 20171107 5.7859e-06 2.533e-10 TSX
20120617 20171129 1.3321e-06 2.4915e-10 TSX
20120723 20160120 2.8973e-05 2.7481e-10 TSX
20121024 20130109 8.8691e-05 7.0189e-10 TSX
20121027 20151226 7.0863e-07 2.7636e-10 TSX
20121030 20130311 3.2199e-05 5.8465e-10 TSX
20121107 20171118 1.046e-05 2.5493e-10 TSX
20121221 20160208 -6.5528e-07 2.7931e-10 TSX
20121224 20130516 -2.4213e-06 5.6851e-10 TSX
20121229 20130407 -5.5691e-06 6.5613e-10 TSX
20130104 20130217 3.0601e-05 7.7412e-10 TSX
20130109 20130715 -9.1682e-05 5.3051e-10 TSX
20130112 20140511 -3.4537e-06 3.5529e-10 TSX
20130115 20130721 -3.229e-05 5.1404e-10 TSX
20130126 20130823 0.00022086 5.0678e-10 TSX
20130131 20130429 -2.8505e-06 6.7813e-10 TSX
20130203 20130729 -2.6522e-05 5.231e-10 TSX
20130211 20130919 -3.9625e-05 4.9604e-10 TSX
20130228 20141209 2.1107e-06 3.1384e-10 TSX
20130311 20130801 -4.9573e-05 5.6846e-10 TSX
20130316 20130623 2.2952e-05 6.5614e-10 TSX
20130402 20150122 -4.3999e-05 3.7027e-10 TSX
20130407 20140530 -1.742e-05 3.8144e-10 TSX
20130421 20171016 4.3248e-06 2.5791e-10 TSX
20130424 20130721 -8.3679e-05 6.6409e-10 TSX
20130429 20130623 -4.1771e-05 7.5508e-10 TSX
20130505 20131028 0.00033878 5.7231e-10 TSX
20130513 20151112 1.8991e-05 2.9331e-10 TSX
20130516 20131017 0.0002067 5.7037e-10 TSX
20130521 20130715 -9.5018e-06 7.551e-10 TSX
20130524 20171129 1.473e-05 2.4985e-10 TSX
20130527 20140627 2.133e-05 3.8368e-10 TSX
20130601 20130930 -4.3796e-05 6.1695e-10 TSX
20130604 20141217 5.2547e-06 3.421e-10 TSX
20130607 20140719 -2.4239e-05 3.8023e-10 TSX
20130612 20150105 1.4672e-05 3.3779e-10 TSX
20130615 20160106 4.261e-05 2.9616e-10 TSX
20130618 20140708 -1.1387e-05 3.8845e-10 TSX
20130623 20130715 0.00056886 8.6389e-10 TSX
20130629 20130914 0.00025684 6.9457e-10 TSX
20130707 20150130 1.2059e-06 3.3938e-10 TSX
20130710 20140901 1.0266e-06 3.7732e-10 TSX
20130715 20130726 -0.0023772 1.0132e-09 TSX
20130721 20131108 -3.4902e-05 6.4574e-10 TSX
20130726 20150517 1.2157e-06 3.235e-10 TSX
20130729 20160904 3.8497e-07 2.6971e-10 TSX
20130801 20151115 2.1085e-07 2.9978e-10 TSX
20130817 20140209 2.8922e-06 5.41e-10 TSX
20130828 20150312 -2.2712e-06 3.4075e-10 TSX
20130903 20150329 0.00019844 4.0396e-10 TSX
20130919 20160309 1.2088e-06 2.796e-10 TSX
20130925 20140708 -2.4086e-05 4.5317e-10 TSX
20130930 20160411 3.1352e-05 2.8005e-10 TSX
20131011 20150802 -1.6128e-06 3.2124e-10 TSX
20131017 20140719 2.3739e-05 4.604e-10 TSX
20131028 20160304 2.6511e-05 3.6095e-10 TSX
20131102 20140519 4.4016e-05 5.1718e-10 TSX
20131108 20140708 4.299e-05 5.1633e-10 TSX
20140209 20160309 -8.2152e-06 3.0878e-10 TSX
20140223 20140829 -6.4924e-06 5.1107e-10 TSX
20140408 20140705 -9.6976e-06 6.6131e-10 TSX
20140419 20170913 3.3389e-05 2.8427e-10 TSX
20140511 20141228 5.8096e-06 4.7009e-10 TSX
20140519 20150824 1.2347e-05 3.6484e-10 TSX
20140624 20171005 1.0362e-05 2.5939e-10 TSX
20140627 20151115 -1.8213e-05 3.4093e-10 TSX
20140705 20180911 1.1826e-05 2.6881e-10 TSX
20140708 20160406 9.18e-06 3.1174e-10 TSX
20140716 20171005 1.2941e-05 2.6807e-10 TSX
20140719 20151207 -1.0202e-05 3.4095e-10 TSX
20140727 20150326 -1.4024e-05 4.6159e-10 TSX
20140810 20150122 3.5731e-05 5.4407e-10 TSX
20140818 20160301 2.1225e-05 3.2916e-10 TSX
20140829 20160208 2.0164e-05 3.4142e-10 TSX
20140901 20140912 -0.00027225 9.6957e-10 TSX
20140912 20141209 -5.0025e-06 6.6409e-10 TSX
20140920 20170902 1.8241e-05 2.7165e-10 TSX
20141209 20160211 -2.5957e-05 3.6384e-10 TSX
20141217 20160722 1.7408e-05 3.2471e-10 TSX
20141228 20160106 2.4992e-05 3.8299e-10 TSX
20141231 20151024 -3.0584e-05 4.2523e-10 TSX
20150105 20150824 -3.1379e-05 4.8667e-10 TSX
20150108 20170811 3.3317e-05 2.7962e-10 TSX
20150119 20160117 4.5142e-05 3.8779e-10 TSX
20150127 20160411 -2.1547e-05 3.7163e-10 TSX
20150130 20151112 1.4135e-05 4.2888e-10 TSX
20150210 20170114 1.7043e-05 3.0832e-10 TSX
20150213 20160326 -6.521e-05 4.4052e-10 TSX
20150218 20160216 -1.3459e-05 4.028e-10 TSX
20150221 20180112 3.5792e-05 2.8981e-10 TSX
20150304 20180911 2.1857e-05 2.7156e-10 TSX
20150307 20160211 -2.9196e-05 4.0058e-10 TSX
20150312 20160320 5.9759e-06 3.9802e-10 TSX
20150326 20150827 6.7034e-05 5.4991e-10 TSX
20150329 20151207 -3.3194e-05 4.5493e-10 TSX
20150428 20160425 3.2958e-05 3.8907e-10 TSX
20150509 20150827 5.6751e-05 6.1819e-10 TSX
20150517 20150824 -0.00014414 6.5646e-10 TSX
20150520 20180911 2.4024e-05 2.7225e-10 TSX
20150714 20170822 2.2156e-05 2.9473e-10 TSX
20150725 20170924 2.0182e-05 2.8841e-10 TSX
20150802 20160309 9.6501e-07 4.9626e-10 TSX
20150805 20160403 -1.773e-05 4.6192e-10 TSX
20150816 20171107 1.9412e-05 2.9295e-10 TSX
20150824 20150915 0.00053393 8.638e-10 TSX
20150827 20170902 2.1217e-05 3.0139e-10 TSX
20150915 20160216 5.7115e-05 5.6817e-10 TSX
20151021 20160904 -4.863e-05 4.133e-10 TSX
20151101 20171016 1.1001e-05 3.0256e-10 TSX
20151112 20160425 2.1911e-05 5.3602e-10 TSX
20151115 20151229 0.00012175 7.7412e-10 TSX
20151123 20171221 1.5484e-05 3.0236e-10 TSX
20151204 20151215 0.00016221 9.7973e-10 TSX
20151207 20160406 -3.2593e-05 6.0214e-10 TSX
20151215 20170822 3.6467e-05 3.1422e-10 TSX
20151226 20161223 2.8885e-05 3.9416e-10 TSX
20151229 20160211 1.2865e-05 7.7412e-10 TSX
20160106 20161223 2e-05 3.9836e-10 TSX
20160117 20160926 3.6559e-05 4.5298e-10 TSX
20160128 20160301 -0.00013607 8.0782e-10 TSX
20160208 20160312 -8.5831e-05 8.0782e-10 TSX
20160216 20160309 -0.00032222 8.638e-10 TSX
20160219 20180319 5.9271e-06 2.9542e-10 TSX
20160301 20161201 5.103e-05 4.3823e-10 TSX
20160304 20160326 3.2665e-05 8.5022e-10 TSX
20160312 20180319 9.1224e-06 2.9706e-10 TSX
20160320 20160411 0.0003534 8.6381e-10 TSX
20160323 20171118 2.8661e-05 3.1821e-10 TSX
20160326 20160406 -0.00049275 9.695e-10 TSX
20160403 20171027 3.8205e-05 3.2906e-10 TSX
20160425 20170811 3.8849e-05 3.4732e-10 TSX
20160528 20160630 -6.3208e-05 8.0782e-10 TSX
20160630 20171118 3.406e-05 3.3764e-10 TSX
20160722 20161201 0.000117 5.8128e-10 TSX
20160904 20180707 3.001e-05 3.2472e-10 TSX
20160915 20180911 -5.1008e-06 3.0472e-10 TSX
20160926 20170114 3.6393e-05 6.1793e-10 TSX
20161201 20171027 2.0029e-06 4.0602e-10 TSX
20161223 20171107 -4.2134e-06 4.0905e-10 TSX
20170114 20170902 9.0709e-06 4.6875e-10 TSX
20170811 20171005 -4.8279e-05 7.4188e-10 TSX
20170822 20180707 -2.7058e-05 4.1399e-10 TSX
20170913 20180707 -5.8215e-05 4.248e-10 TSX
20170924 20180319 -4.0157e-05 5.2322e-10 TSX
20171005 20171107 5.2569e-05 8.0782e-10 TSX
20171016 20180319 -2.1396e-05 5.5004e-10 TSX
20171027 20180911 -1.538e-05 4.14e-10 TSX
20171107 20171118 8.1555e-05 9.7974e-10 TSX
20171118 20171129 5.5116e-05 9.7973e-10 TSX
20171129 20171221 -3.3823e-05 8.523e-10 TSX
20171210 20180820 -2.3863e-05 4.5346e-10 TSX
20171221 20180911 -1.9787e-06 4.4563e-10 TSX
20180112 20181003 -1.4707e-05 4.4562e-10 TSX
20180319 20180707 -4.0146e-05 6.1792e-10 TSX
20180707 20180911 0.00015499 7.1281e-10 TSX
20180729 20181003 2.4841e-05 7.1281e-10 TSX
20180820 20181003 0.00011988 7.7328e-10 TSX
20180911 20181003 -0.00013486 8.523e-10 TSX
