20030427 20030914 -0.00036662 5.6833e-10 ERS2
20030914 20080629 1.1483e-05 2.8955e-10 ERS2
20050918 20090510 2.714e-06 2.9715e-10 ERS2
20051127 20081116 -0.00018229 3.0642e-10 ERS2
20060903 20090510 -1.4677e-05 3.1212e-10 ERS2
20061231 20090105 -3.4244e-05 3.15e-10 ALOS
20070402 20070703 -0.00019504 6.7111e-10 ALOS
20070518 20091008 -1.7602e-05 3.0024e-10 ALOS
20070818 20071003 -0.00046941 7.8246e-10 ALOS
20071217 20100509 -8.6176e-05 3.0033e-10 ALOS
20080103 20100526 -1.5448e-05 3.0004e-10 ALOS
20080404 20080520 -6.7422e-05 7.8246e-10 ALOS
20080618 20090921 -5.8559e-05 3.7164e-10 ALOS
20080629 20090510 0.00012732 4.125e-10 ERS2
20080705 20091008 -5.2266e-06 3.6508e-10 ALOS
20080803 20090823 -7.576e-05 3.8241e-10 ERS2
20081116 20090823 -3.9642e-05 4.3254e-10 ERS2
20081219 20090921 -2.6903e-05 4.4644e-10 ALOS
20090105 20090708 -3.8523e-05 5.289e-10 ALOS
20090510 20091101 -0.0001032 5.2036e-10 ERS2
20090708 20091008 3.241e-05 6.7111e-10 ALOS
20090823 20091101 0.00049215 7.0443e-10 ERS2
20091222 20100624 -0.00014344 5.2608e-10 ALOS
20100108 20100223 -0.0001714 7.8247e-10 ALOS
20100223 20100526 -0.00014183 6.7112e-10 ALOS
20100410 20100711 -0.00010151 6.7115e-10 ALOS
20100509 20100624 0.00068004 7.8032e-10 ALOS
20100526 20100711 0.00037359 7.8247e-10 ALOS
20100624 20101109 -7.1827e-05 5.8613e-10 ALOS
20100711 20101011 -0.00019642 6.7113e-10 ALOS
20100809 20101109 -1.5776e-05 6.6825e-10 ALOS
20101011 20101126 0.00018632 7.8247e-10 ALOS
20110111 20110226 0.00052304 7.8245e-10 ALOS
20110924 20130715 1.85e-05 3.2543e-10 TSX
20111005 20121229 4.7322e-07 3.6902e-10 TSX
20111121 20171221 3.1025e-06 2.675e-10 TSX
20111221 20130131 -9.3852e-06 3.8556e-10 TSX
20111224 20121027 8.4876e-06 4.1961e-10 TSX
20120126 20140419 1.5865e-05 2.9081e-10 TSX
20120203 20160320 -1.3155e-05 2.4397e-10 TSX
20120206 20171107 1.3368e-06 2.6216e-10 TSX
20120617 20171129 -4.2835e-06 2.679e-10 TSX
20120723 20160120 4.7617e-05 2.6441e-10 TSX
20121024 20130109 0.00017574 7.0778e-10 TSX
20121027 20151226 -3.105e-06 2.6632e-10 TSX
20121030 20130311 -1.6491e-06 5.8677e-10 TSX
20121107 20171118 -3.4538e-06 2.6728e-10 TSX
20121221 20160208 -1.646e-05 2.7151e-10 TSX
20121224 20130516 -5.4272e-05 5.7025e-10 TSX
20121229 20130407 -5.4782e-05 6.6065e-10 TSX
20130104 20130217 -8.474e-05 7.7986e-10 TSX
20130109 20130715 3.1924e-05 5.2928e-10 TSX
20130112 20140511 1.309e-05 3.5386e-10 TSX
20130115 20130721 -0.0001376 5.1472e-10 TSX
20130126 20130823 -5.8386e-05 4.9189e-10 TSX
20130131 20130429 5.0258e-05 6.8337e-10 TSX
20130203 20130729 -2.321e-06 5.2393e-10 TSX
20130211 20130919 4.7151e-05 4.9642e-10 TSX
20130228 20141209 2.6126e-05 3.1305e-10 TSX
20130311 20130801 -2.5251e-05 5.7018e-10 TSX
20130316 20130623 -1.1628e-05 6.6065e-10 TSX
20130402 20150122 2.139e-05 2.9035e-10 TSX
20130407 20140530 -1.6958e-06 3.8104e-10 TSX
20130421 20171016 -4.3207e-07 2.5795e-10 TSX
20130424 20130721 -0.00019204 6.6855e-10 TSX
20130429 20130623 -0.0001009 7.6152e-10 TSX
20130505 20131028 -0.00042107 5.2686e-10 TSX
20130513 20151112 4.0412e-06 2.7973e-10 TSX
20130516 20131017 -0.00010944 5.5448e-10 TSX
20130521 20130715 0.00027839 7.6154e-10 TSX
20130524 20171129 4.3488e-06 2.6918e-10 TSX
20130527 20140627 3.187e-05 3.8443e-10 TSX
20130601 20130930 0.00013322 6.2007e-10 TSX
20130604 20141217 5.2012e-06 3.3816e-10 TSX
20130607 20140719 2.3282e-05 3.8065e-10 TSX
20130612 20150105 3.9993e-05 3.3796e-10 TSX
20130615 20160106 1.505e-05 2.7838e-10 TSX
20130618 20140708 4.0588e-05 3.8873e-10 TSX
20130623 20130715 0.00061592 8.6798e-10 TSX
20130629 20130914 0.00018111 6.9357e-10 TSX
20130707 20150130 -4.6169e-06 3.3954e-10 TSX
20130710 20140901 -3.7633e-06 3.7682e-10 TSX
20130715 20130726 -0.0023224 1.0162e-09 TSX
20130721 20131108 0.00066578 6.2417e-10 TSX
20130726 20150517 -1.98e-05 3.2304e-10 TSX
20130729 20160904 -6.5548e-06 2.6851e-10 TSX
20130801 20151115 3.6262e-05 2.8776e-10 TSX
20130817 20140209 -8.2633e-05 5.42e-10 TSX
20130828 20150312 5.2294e-05 3.4047e-10 TSX
20130903 20150329 -9.9191e-05 3.1171e-10 TSX
20130919 20160309 5.211e-06 2.7498e-10 TSX
20130925 20140708 3.1523e-05 4.3175e-10 TSX
20130930 20160411 -5.6109e-07 2.7369e-10 TSX
20131011 20150802 2.6484e-05 3.1978e-10 TSX
20131017 20140719 -5.3284e-05 4.392e-10 TSX
20131028 20160304 -2.0373e-05 2.6238e-10 TSX
20131102 20140519 -5.556e-05 5.1781e-10 TSX
20131108 20140708 -6.6869e-06 4.632e-10 TSX
20140209 20160309 6.1371e-05 3.0662e-10 TSX
20140223 20140829 4.7635e-05 5.1174e-10 TSX
20140408 20140705 1.3317e-05 6.6621e-10 TSX
20140419 20170913 7.3631e-06 2.6404e-10 TSX
20140511 20141228 -1.9304e-06 4.7027e-10 TSX
20140519 20150824 3.4905e-05 3.6477e-10 TSX
20140624 20171005 -1.1081e-05 2.6091e-10 TSX
20140627 20151115 -3.9222e-05 3.3975e-10 TSX
20140705 20180911 -2.3186e-06 2.6715e-10 TSX
20140708 20160406 1.604e-05 3.115e-10 TSX
20140716 20171005 -9.8387e-07 2.6591e-10 TSX
20140719 20151207 8.8915e-06 3.3956e-10 TSX
20140727 20150326 -1.3409e-05 4.6171e-10 TSX
20140810 20150122 2.1443e-05 5.403e-10 TSX
20140818 20160301 -1.9628e-05 3.2456e-10 TSX
20140829 20160208 -2.8705e-05 3.3096e-10 TSX
20140901 20140912 -0.00026394 9.7252e-10 TSX
20140912 20141209 -6.1075e-05 6.6855e-10 TSX
20140920 20170902 7.5827e-06 2.7803e-10 TSX
20141209 20160211 -2.4112e-05 3.6408e-10 TSX
20141217 20160722 -1.1466e-05 3.2008e-10 TSX
20141228 20160106 -1.7596e-05 3.8229e-10 TSX
20141231 20151024 -9.6066e-06 4.2542e-10 TSX
20150105 20150824 -1.5987e-05 4.8653e-10 TSX
20150108 20170811 -4.7228e-06 2.8023e-10 TSX
20150119 20160117 -9.0077e-06 3.875e-10 TSX
20150127 20160411 1.5342e-05 3.7189e-10 TSX
20150130 20151112 -2.3487e-05 4.2868e-10 TSX
20150210 20170114 2.0396e-05 3.0741e-10 TSX
20150213 20160326 7.3044e-05 3.665e-10 TSX
20150218 20160216 4.6005e-06 4.0327e-10 TSX
20150221 20180112 3.6332e-05 2.6394e-10 TSX
20150304 20180911 -3.463e-06 2.7011e-10 TSX
20150307 20160211 2.6202e-05 4.0114e-10 TSX
20150312 20160320 -8.3987e-05 3.9828e-10 TSX
20150326 20150827 7.4263e-06 5.5104e-10 TSX
20150329 20151207 -6.4706e-06 4.5532e-10 TSX
20150428 20160425 -1.4825e-05 3.8711e-10 TSX
20150509 20150827 6.1263e-05 6.2123e-10 TSX
20150517 20150824 -1.4051e-05 6.6065e-10 TSX
20150520 20180911 1.0792e-06 2.7132e-10 TSX
20150714 20170822 -1.791e-06 2.9736e-10 TSX
20150725 20170924 -8.3694e-06 2.9086e-10 TSX
20150802 20160309 -7.7773e-05 4.9645e-10 TSX
20150805 20160403 -6.2468e-06 4.6136e-10 TSX
20150816 20171107 -5.8524e-06 2.96e-10 TSX
20150824 20150915 0.00061138 8.6787e-10 TSX
20150827 20170902 -5.5289e-06 3.0556e-10 TSX
20150915 20160216 -4.2684e-05 5.6979e-10 TSX
20151021 20160904 -7.0791e-05 4.1265e-10 TSX
20151101 20171016 -6.468e-06 3.0431e-10 TSX
20151112 20160425 -1.7281e-05 5.3713e-10 TSX
20151115 20151229 0.00013592 7.7986e-10 TSX
20151123 20171221 1.5826e-06 3.0385e-10 TSX
20151204 20151215 0.00014737 9.8352e-10 TSX
20151207 20160406 -5.8889e-05 6.0473e-10 TSX
20151215 20170822 2.8979e-07 3.1769e-10 TSX
20151226 20161223 -2.424e-05 3.9348e-10 TSX
20151229 20160211 3.2819e-05 7.7986e-10 TSX
20160106 20161223 -1.397e-05 3.9818e-10 TSX
20160117 20160926 -1.4503e-05 4.5303e-10 TSX
20160128 20160301 -0.00017933 8.1369e-10 TSX
20160208 20160312 -9.5314e-05 8.1369e-10 TSX
20160216 20160309 -0.00036195 8.6787e-10 TSX
20160219 20180319 6.9995e-06 3.0068e-10 TSX
20160301 20161201 -1.2638e-05 4.3873e-10 TSX
20160304 20160326 5.3688e-05 8.5422e-10 TSX
20160312 20180319 2.2091e-05 3.0012e-10 TSX
20160320 20160411 0.0004246 8.6788e-10 TSX
20160323 20171118 -1.5174e-05 3.1963e-10 TSX
20160326 20160406 -0.0005645 9.7245e-10 TSX
20160403 20171027 6.1953e-06 3.2578e-10 TSX
20160425 20170811 -1.2675e-05 3.4687e-10 TSX
20160528 20160630 7.497e-06 8.1369e-10 TSX
20160630 20171118 9.3128e-07 3.4181e-10 TSX
20160722 20161201 -6.4141e-06 5.8346e-10 TSX
20160904 20180707 2.6358e-05 3.3282e-10 TSX
20160915 20180911 5.5667e-06 3.0279e-10 TSX
20160926 20170114 3.075e-05 6.213e-10 TSX
20161201 20171027 -9.4982e-07 4.0757e-10 TSX
20161223 20171107 -2.8437e-06 4.1008e-10 TSX
20170114 20170902 -3.2004e-05 4.6944e-10 TSX
20170811 20171005 -4.8992e-05 7.4849e-10 TSX
20170822 20180707 3.1834e-05 4.1411e-10 TSX
20170913 20180707 2.3601e-05 4.2548e-10 TSX
20170924 20180319 7.6393e-05 5.24e-10 TSX
20171005 20171107 1.1138e-05 8.1369e-10 TSX
20171016 20180319 5.2355e-05 5.514e-10 TSX
20171027 20180911 -1.1337e-06 4.1418e-10 TSX
20171107 20171118 7.1667e-05 9.8352e-10 TSX
20171118 20171129 4.898e-05 9.8352e-10 TSX
20171129 20171221 -3.4033e-06 8.5713e-10 TSX
20171210 20180820 1.6509e-05 4.5348e-10 TSX
20171221 20180911 2.2519e-06 4.458e-10 TSX
20180112 20181003 1.2958e-05 4.457e-10 TSX
20180319 20180707 -1.9297e-05 6.2131e-10 TSX
20180707 20180911 3.2972e-05 7.1908e-10 TSX
20180729 20181003 8.1002e-05 7.1908e-10 TSX
20180820 20181003 0.00018218 7.7978e-10 TSX
20180911 20181003 -8.3992e-05 8.5713e-10 TSX
