20030427 20030914 0.00059114 5.657e-10 ERS2
20030914 20080629 5.7674e-05 2.9372e-10 ERS2
20050918 20090510 -1.3235e-05 2.9947e-10 ERS2
20051127 20081116 -5.6013e-05 3.0762e-10 ERS2
20060903 20090510 -0.00018511 3.0812e-10 ERS2
20061231 20090105 5.8541e-05 3.1469e-10 ALOS
20070402 20070703 -0.00020074 6.6636e-10 ALOS
20070518 20091008 8.6799e-06 2.9978e-10 ALOS
20070818 20071003 -0.00029345 7.7512e-10 ALOS
20071217 20100509 4.1662e-05 2.9862e-10 ALOS
20080103 20100526 2.2338e-05 2.9751e-10 ALOS
20080404 20080520 8.3431e-05 7.7513e-10 ALOS
20080618 20090921 -0.00011459 3.7252e-10 ALOS
20080629 20090510 -0.00036434 4.1146e-10 ERS2
20080705 20091008 3.183e-05 3.6505e-10 ALOS
20080803 20090823 -7.9444e-05 3.8277e-10 ERS2
20081116 20090823 -8.2524e-05 4.3293e-10 ERS2
20081219 20090921 0.00022606 4.461e-10 ALOS
20090105 20090708 4.1724e-05 5.2813e-10 ALOS
20090510 20091101 0.00027584 5.2073e-10 ERS2
20090708 20091008 0.00051544 6.6626e-10 ALOS
20090823 20091101 2.6649e-05 6.9836e-10 ERS2
20091222 20100624 0.00021055 5.2499e-10 ALOS
20100108 20100223 0.00036174 7.7548e-10 ALOS
20100223 20100526 2.8365e-05 6.6632e-10 ALOS
20100410 20100711 -0.00011863 6.6628e-10 ALOS
20100509 20100624 0.00053414 7.7314e-10 ALOS
20100526 20100711 0.00039734 7.7513e-10 ALOS
20100624 20101109 -2.803e-05 5.8399e-10 ALOS
20100711 20101011 5.8118e-05 6.6627e-10 ALOS
20100809 20101109 -1.6836e-05 6.6356e-10 ALOS
20101011 20101126 0.00028835 7.7513e-10 ALOS
20110111 20110226 0.00074955 7.7512e-10 ALOS
20110924 20130715 8.4528e-07 3.2321e-10 TSX
20111005 20121229 4.5572e-05 3.6881e-10 TSX
20111121 20171221 -2.6572e-06 3.2939e-10 TSX
20111221 20130131 7.0989e-05 3.8541e-10 TSX
20111224 20121027 -7.9028e-07 4.1936e-10 TSX
20120126 20140419 -3.6175e-05 2.9037e-10 TSX
20120203 20160320 -3.4975e-07 2.5819e-10 TSX
20120206 20171107 -2.6761e-07 3.0703e-10 TSX
20120617 20171129 8.9697e-06 3.1606e-10 TSX
20120723 20160120 -1.4258e-05 2.7768e-10 TSX
20121024 20130109 0.00019247 7.0159e-10 TSX
20121027 20151226 -2.9598e-06 2.7233e-10 TSX
20121030 20130311 3.7246e-05 5.8466e-10 TSX
20121107 20171118 -4.3812e-06 2.9519e-10 TSX
20121221 20160208 -1.0012e-05 2.9975e-10 TSX
20121224 20130516 -4.0676e-05 5.6849e-10 TSX
20121229 20130407 0.00023762 6.5609e-10 TSX
20130104 20130217 9.584e-05 7.7309e-10 TSX
20130109 20130715 -6.8969e-05 5.2852e-10 TSX
20130112 20140511 -2.8194e-05 3.5435e-10 TSX
20130115 20130721 -0.00025099 5.1396e-10 TSX
20130126 20130823 -0.0001273 5.018e-10 TSX
20130131 20130429 -7.0939e-05 6.7799e-10 TSX
20130203 20130729 -4.2664e-05 5.2315e-10 TSX
20130211 20130919 -8.6734e-05 4.9593e-10 TSX
20130228 20141209 9.6574e-06 3.1208e-10 TSX
20130311 20130801 -6.7791e-05 5.6844e-10 TSX
20130316 20130623 4.1217e-05 6.561e-10 TSX
20130402 20150122 9.2913e-05 3.3285e-10 TSX
20130407 20140530 -2.8187e-05 3.8071e-10 TSX
20130421 20171016 -1.2231e-05 2.8784e-10 TSX
20130424 20130721 -0.0003474 6.6402e-10 TSX
20130429 20130623 -3.9536e-05 7.5409e-10 TSX
20130505 20131028 -0.00036086 5.4912e-10 TSX
20130513 20151112 2.5119e-06 3.0345e-10 TSX
20130516 20131017 -0.00031493 5.6739e-10 TSX
20130521 20130715 3.1557e-05 7.5412e-10 TSX
20130524 20171129 -1.8383e-05 2.8485e-10 TSX
20130527 20140627 -1.8209e-05 3.8382e-10 TSX
20130601 20130930 -4.255e-05 6.1699e-10 TSX
20130604 20141217 2.4571e-06 3.3804e-10 TSX
20130607 20140719 2.4074e-05 3.8022e-10 TSX
20130612 20150105 1.3294e-05 3.3772e-10 TSX
20130615 20160106 -3.7926e-06 2.9792e-10 TSX
20130618 20140708 -2.5581e-05 3.8787e-10 TSX
20130623 20130715 0.00053396 8.6143e-10 TSX
20130629 20130914 0.00014205 6.8957e-10 TSX
20130707 20150130 -7.694e-06 3.3783e-10 TSX
20130710 20140901 2.7149e-05 3.7727e-10 TSX
20130715 20130726 -0.0024823 1.0104e-09 TSX
20130721 20131108 0.00072626 6.3296e-10 TSX
20130726 20150517 0.00014376 3.217e-10 TSX
20130729 20160904 -9.3402e-06 2.8049e-10 TSX
20130801 20151115 1.4691e-05 2.9232e-10 TSX
20130817 20140209 0.00014433 5.4097e-10 TSX
20130828 20150312 9.9717e-06 3.3933e-10 TSX
20130903 20150329 -0.00019525 3.4067e-10 TSX
20130919 20160309 3.8906e-05 2.8519e-10 TSX
20130925 20140708 9.8573e-05 4.3153e-10 TSX
20130930 20160411 3.8472e-06 2.7846e-10 TSX
20131011 20150802 1.3653e-05 3.1799e-10 TSX
20131017 20140719 8.5197e-06 4.3865e-10 TSX
20131028 20160304 9.9439e-05 3.5358e-10 TSX
20131102 20140519 -0.00015177 5.171e-10 TSX
20131108 20140708 -2.0193e-06 4.6594e-10 TSX
20140209 20160309 -2.3449e-05 3.0884e-10 TSX
20140223 20140829 -1.472e-05 5.1112e-10 TSX
20140408 20140705 -1.8159e-05 6.6133e-10 TSX
20140419 20170913 -7.6699e-06 3.0603e-10 TSX
20140511 20141228 3.7401e-05 4.7011e-10 TSX
20140519 20150824 0.00014593 3.6408e-10 TSX
20140624 20171005 -8.2416e-06 2.8757e-10 TSX
20140627 20151115 2.9392e-05 3.4019e-10 TSX
20140705 20180911 -9.7122e-06 2.7609e-10 TSX
20140708 20160406 2.515e-05 3.1237e-10 TSX
20140716 20171005 -5.1126e-06 2.8964e-10 TSX
20140719 20151207 6.0807e-06 3.3874e-10 TSX
20140727 20150326 -3.2417e-05 4.6161e-10 TSX
20140810 20150122 -3.1733e-05 5.3919e-10 TSX
20140818 20160301 1.7655e-05 3.2831e-10 TSX
20140829 20160208 -5.7349e-06 3.3705e-10 TSX
20140901 20140912 -0.00031782 9.6728e-10 TSX
20140912 20141209 6.1432e-05 6.6402e-10 TSX
20140920 20170902 6.584e-06 3.069e-10 TSX
20141209 20160211 -1.2779e-05 3.6373e-10 TSX
20141217 20160722 5.3733e-06 3.2918e-10 TSX
20141228 20160106 7.2405e-06 3.8302e-10 TSX
20141231 20151024 4.0839e-05 4.2524e-10 TSX
20150105 20150824 1.1782e-05 4.8679e-10 TSX
20150108 20170811 5.4966e-06 2.9764e-10 TSX
20150119 20160117 -4.9086e-06 3.8763e-10 TSX
20150127 20160411 4.2084e-05 3.7443e-10 TSX
20150130 20151112 4.6398e-06 4.2964e-10 TSX
20150210 20170114 2.4116e-05 3.1966e-10 TSX
20150213 20160326 -0.00017024 4.505e-10 TSX
20150218 20160216 1.5897e-05 4.029e-10 TSX
20150221 20180112 1.1885e-05 3.3532e-10 TSX
20150304 20180911 7.821e-07 3.0337e-10 TSX
20150307 20160211 1.1628e-06 4.0117e-10 TSX
20150312 20160320 1.884e-05 3.9838e-10 TSX
20150326 20150827 -3.8079e-06 5.5064e-10 TSX
20150329 20151207 -5.0328e-05 4.5476e-10 TSX
20150428 20160425 2.3061e-05 3.9312e-10 TSX
20150509 20150827 -9.1868e-05 6.1901e-10 TSX
20150517 20150824 -0.00017467 6.5633e-10 TSX
20150520 20180911 -2.5025e-06 2.8327e-10 TSX
20150714 20170822 -1.2718e-05 2.9086e-10 TSX
20150725 20170924 -2.1932e-05 2.9154e-10 TSX
20150802 20160309 -5.4654e-05 4.9591e-10 TSX
20150805 20160403 -2.92e-06 4.613e-10 TSX
20150816 20171107 1.3123e-05 2.8979e-10 TSX
20150824 20150915 0.00071178 8.6133e-10 TSX
20150827 20170902 -1.491e-05 2.991e-10 TSX
20150915 20160216 -0.00018247 5.682e-10 TSX
20151021 20160904 -2.4061e-05 4.1237e-10 TSX
20151101 20171016 -1.9621e-05 2.9984e-10 TSX
20151112 20160425 7.6971e-06 5.3612e-10 TSX
20151115 20151229 0.00014831 7.7309e-10 TSX
20151123 20171221 1.2938e-05 2.9566e-10 TSX
20151204 20151215 0.00016343 9.7765e-10 TSX
20151207 20160406 -3.043e-05 6.0214e-10 TSX
20151215 20170822 1.3009e-05 3.1675e-10 TSX
20151226 20161223 -7.5064e-06 3.9388e-10 TSX
20151229 20160211 3.7664e-05 7.7309e-10 TSX
20160106 20161223 2.9119e-06 3.9842e-10 TSX
20160117 20160926 1.0575e-06 4.53e-10 TSX
20160128 20160301 -0.00015282 8.0637e-10 TSX
20160208 20160312 -7.5077e-05 8.0637e-10 TSX
20160216 20160309 -0.00039349 8.6133e-10 TSX
20160219 20180319 -2.1072e-05 2.9439e-10 TSX
20160301 20161201 -3.8243e-05 4.3856e-10 TSX
20160304 20160326 9.1291e-05 8.4827e-10 TSX
20160312 20180319 -2.7711e-05 2.9658e-10 TSX
20160320 20160411 0.00044635 8.6134e-10 TSX
20160323 20171118 2.0559e-05 3.1707e-10 TSX
20160326 20160406 -0.0005169 9.6721e-10 TSX
20160403 20171027 5.8729e-06 3.225e-10 TSX
20160425 20170811 -2.1093e-05 3.4653e-10 TSX
20160528 20160630 -2.9814e-05 8.0637e-10 TSX
20160630 20171118 7.1952e-06 3.3869e-10 TSX
20160722 20161201 -9.0771e-06 5.8136e-10 TSX
20160904 20180707 -2.808e-05 3.2324e-10 TSX
20160915 20180911 6.7076e-06 2.9987e-10 TSX
20160926 20170114 2.4261e-05 6.1801e-10 TSX
20161201 20171027 1.3961e-05 4.0706e-10 TSX
20161223 20171107 -1.2559e-05 4.0908e-10 TSX
20170114 20170902 -6.5904e-05 4.6877e-10 TSX
20170811 20171005 -6.6478e-05 7.4127e-10 TSX
20170822 20180707 -4.398e-05 4.1393e-10 TSX
20170913 20180707 -6.7257e-05 4.2492e-10 TSX
20170924 20180319 -4.8791e-05 5.2321e-10 TSX
20171005 20171107 4.4829e-05 8.0637e-10 TSX
20171016 20180319 -5.7741e-05 5.501e-10 TSX
20171027 20180911 -1.6287e-05 4.1395e-10 TSX
20171107 20171118 6.6715e-05 9.7765e-10 TSX
20171118 20171129 4.3216e-05 9.7765e-10 TSX
20171129 20171221 -3.1848e-05 8.5047e-10 TSX
20171210 20180820 -7.0942e-05 4.5343e-10 TSX
20171221 20180911 -1.5524e-05 4.457e-10 TSX
20180112 20181003 6.9065e-07 4.456e-10 TSX
20180319 20180707 -0.00010068 6.1802e-10 TSX
20180707 20180911 0.0001723 7.125e-10 TSX
20180729 20181003 2.2199e-05 7.125e-10 TSX
20180820 20181003 0.0001583 7.7227e-10 TSX
20180911 20181003 -0.0001441 8.5047e-10 TSX
