20030427 20030914 -0.00015772 5.6508e-10 ERS2
20030914 20080629 -8.3789e-05 3.0063e-10 ERS2
20050918 20090510 -9.5756e-05 3.0128e-10 ERS2
20051127 20081116 7.2228e-05 3.2405e-10 ERS2
20060903 20090510 -9.0301e-05 3.0915e-10 ERS2
20061231 20090105 0.00094365 3.1368e-10 ALOS
20070402 20070703 -3.4812e-05 6.6624e-10 ALOS
20070518 20091008 0.00093893 2.9895e-10 ALOS
20070818 20071003 -0.00021045 7.7509e-10 ALOS
20071217 20100509 0.00086853 2.9888e-10 ALOS
20080103 20100526 0.0009575 3.0012e-10 ALOS
20080404 20080520 0.00014303 7.7512e-10 ALOS
20080618 20090921 0.0006532 3.7254e-10 ALOS
20080629 20090510 -0.00050991 4.1421e-10 ERS2
20080705 20091008 0.0007224 3.6534e-10 ALOS
20080803 20090823 1.4448e-05 3.8262e-10 ERS2
20081116 20090823 -2.5411e-06 4.3205e-10 ERS2
20081219 20090921 0.00082775 4.4612e-10 ALOS
20090105 20090708 0.00038774 5.2914e-10 ALOS
20090510 20091101 0.00089679 5.203e-10 ERS2
20090708 20091008 0.00063026 6.6626e-10 ALOS
20090823 20091101 3.5955e-05 6.9855e-10 ERS2
20091222 20100624 0.00079597 5.2523e-10 ALOS
20100108 20100223 0.00040271 7.7512e-10 ALOS
20100223 20100526 0.0001929 6.6623e-10 ALOS
20100410 20100711 6.8938e-05 6.6625e-10 ALOS
20100509 20100624 0.00061307 7.7311e-10 ALOS
20100526 20100711 0.00046366 7.751e-10 ALOS
20100624 20101109 0.00021902 5.8398e-10 ALOS
20100711 20101011 0.00024048 6.6651e-10 ALOS
20100809 20101109 0.00016536 6.6355e-10 ALOS
20101011 20101126 0.00026032 7.751e-10 ALOS
20110111 20110226 0.00074988 7.7509e-10 ALOS
20110924 20130715 5.3492e-05 3.3128e-10 TSX
20111005 20121229 0.00041009 3.7193e-10 TSX
20111121 20171221 3.2325e-05 2.8848e-10 TSX
20111221 20130131 0.00069672 3.8566e-10 TSX
20111224 20121027 -0.00018869 4.1946e-10 TSX
20120126 20140419 -0.00026913 2.9205e-10 TSX
20120203 20160320 9.0234e-05 3.167e-10 TSX
20120206 20171107 -1.8991e-05 2.6169e-10 TSX
20120617 20171129 1.445e-05 2.5907e-10 TSX
20120723 20160120 6.6184e-05 3.0491e-10 TSX
20121024 20130109 0.00017407 7.016e-10 TSX
20121027 20151226 -5.9411e-05 2.694e-10 TSX
20121030 20130311 0.00040327 5.8465e-10 TSX
20121107 20171118 -3.6142e-05 2.8075e-10 TSX
20121221 20160208 4.9191e-06 2.7134e-10 TSX
20121224 20130516 0.0002755 5.6848e-10 TSX
20121229 20130407 0.00043385 6.5608e-10 TSX
20130104 20130217 0.0002095 7.7307e-10 TSX
20130109 20130715 0.00043506 5.2863e-10 TSX
20130112 20140511 -0.00021782 3.5401e-10 TSX
20130115 20130721 0.00025105 5.1395e-10 TSX
20130126 20130823 -0.00014457 5.1035e-10 TSX
20130131 20130429 7.8511e-05 6.7797e-10 TSX
20130203 20130729 -7.7992e-05 5.2313e-10 TSX
20130211 20130919 0.00040412 4.9594e-10 TSX
20130228 20141209 2.2001e-05 3.1956e-10 TSX
20130311 20130801 0.00031707 5.6844e-10 TSX
20130316 20130623 0.00018118 6.5608e-10 TSX
20130402 20150122 0.00016486 4.0273e-10 TSX
20130407 20140530 0.00061348 3.8092e-10 TSX
20130421 20171016 1.7319e-05 2.7498e-10 TSX
20130424 20130721 -0.0001712 6.6402e-10 TSX
20130429 20130623 3.842e-05 7.5406e-10 TSX
20130505 20131028 -0.00034079 5.431e-10 TSX
20130513 20151112 -4.8391e-05 2.8035e-10 TSX
20130516 20131017 -1.1733e-05 5.7139e-10 TSX
20130521 20130715 0.00015424 7.5408e-10 TSX
20130524 20171129 -4.6166e-06 2.7319e-10 TSX
20130527 20140627 0.00049139 3.8382e-10 TSX
20130601 20130930 0.00027042 6.1697e-10 TSX
20130604 20141217 -0.000233 3.3778e-10 TSX
20130607 20140719 0.00052418 3.8024e-10 TSX
20130612 20150105 0.00046861 3.4208e-10 TSX
20130615 20160106 -0.00018522 2.7872e-10 TSX
20130618 20140708 0.00077139 3.8784e-10 TSX
20130623 20130715 0.00059262 8.6137e-10 TSX
20130629 20130914 0.0003336 6.9005e-10 TSX
20130707 20150130 -0.00022704 3.3709e-10 TSX
20130710 20140901 0.00079482 3.7696e-10 TSX
20130715 20130726 -0.0024431 1.0104e-09 TSX
20130721 20131108 0.0010797 6.3938e-10 TSX
20130726 20150517 0.00040846 3.3868e-10 TSX
20130729 20160904 -0.00010776 2.7981e-10 TSX
20130801 20151115 7.6532e-05 3.1039e-10 TSX
20130817 20140209 0.00049807 5.4096e-10 TSX
20130828 20150312 0.00036616 3.4514e-10 TSX
20130903 20150329 7.031e-05 4.1057e-10 TSX
20130919 20160309 9.7499e-05 3.1578e-10 TSX
20130925 20140708 0.00035424 4.3868e-10 TSX
20130930 20160411 9.5446e-05 3.0066e-10 TSX
20131011 20150802 0.00019446 3.4187e-10 TSX
20131017 20140719 0.000708 4.3914e-10 TSX
20131028 20160304 0.00012491 3.4802e-10 TSX
20131102 20140519 0.00024304 5.1711e-10 TSX
20131108 20140708 0.00066334 4.6944e-10 TSX
20140209 20160309 2.7277e-05 3.2557e-10 TSX
20140223 20140829 -6.1869e-05 5.1108e-10 TSX
20140408 20140705 -2.1057e-05 6.613e-10 TSX
20140419 20170913 1.1095e-05 2.742e-10 TSX
20140511 20141228 -3.2486e-05 4.7017e-10 TSX
20140519 20150824 0.00051885 3.669e-10 TSX
20140624 20171005 -3.366e-05 2.6996e-10 TSX
20140627 20151115 0.00023206 3.4979e-10 TSX
20140705 20180911 -3.7263e-05 2.6459e-10 TSX
20140708 20160406 0.00010662 3.1822e-10 TSX
20140716 20171005 -6.8334e-05 2.7039e-10 TSX
20140719 20151207 0.00021208 3.4697e-10 TSX
20140727 20150326 -0.00012103 4.6149e-10 TSX
20140810 20150122 0.00050193 5.3926e-10 TSX
20140818 20160301 -0.00019145 3.245e-10 TSX
20140829 20160208 -7.6667e-05 3.3205e-10 TSX
20140901 20140912 -0.00031606 9.6722e-10 TSX
20140912 20141209 0.00028867 6.6401e-10 TSX
20140920 20170902 -8.0719e-05 2.79e-10 TSX
20141209 20160211 0.00039089 3.6588e-10 TSX
20141217 20160722 -0.00015581 3.2089e-10 TSX
20141228 20160106 -9.4277e-05 3.824e-10 TSX
20141231 20151024 0.00056947 4.2457e-10 TSX
20150105 20150824 0.00044675 4.8635e-10 TSX
20150108 20170811 -2.5699e-05 2.8304e-10 TSX
20150119 20160117 -5.7211e-05 3.8734e-10 TSX
20150127 20160411 0.0003233 3.744e-10 TSX
20150130 20151112 -0.00015358 4.2842e-10 TSX
20150210 20170114 -0.00014595 3.0243e-10 TSX
20150213 20160326 -7.1671e-05 3.9684e-10 TSX
20150218 20160216 0.00058294 4.0294e-10 TSX
20150221 20180112 -6.2483e-05 2.8495e-10 TSX
20150304 20180911 -3.221e-05 2.7822e-10 TSX
20150307 20160211 0.00065761 4.007e-10 TSX
20150312 20160320 0.00053046 3.981e-10 TSX
20150326 20150827 -2.4236e-05 5.4986e-10 TSX
20150329 20151207 0.0005328 4.5501e-10 TSX
20150428 20160425 -6.6101e-05 3.8823e-10 TSX
20150509 20150827 -8.6811e-05 6.1811e-10 TSX
20150517 20150824 9.8633e-05 6.5627e-10 TSX
20150520 20180911 -7.2097e-05 2.8051e-10 TSX
20150714 20170822 -0.0001803 2.9485e-10 TSX
20150725 20170924 -0.00016105 2.9177e-10 TSX
20150802 20160309 0.00044717 4.9586e-10 TSX
20150805 20160403 -7.7761e-05 4.6142e-10 TSX
20150816 20171107 -0.00015253 2.8913e-10 TSX
20150824 20150915 0.00076679 8.6127e-10 TSX
20150827 20170902 -0.00013941 2.9655e-10 TSX
20150915 20160216 0.00021223 5.6819e-10 TSX
20151021 20160904 -0.00019565 4.1278e-10 TSX
20151101 20171016 -0.00012917 3.0234e-10 TSX
20151112 20160425 -3.3672e-05 5.3622e-10 TSX
20151115 20151229 0.0001983 7.7307e-10 TSX
20151123 20171221 -0.0001344 2.9717e-10 TSX
20151204 20151215 0.00016767 9.7744e-10 TSX
20151207 20160406 0.00027017 6.0215e-10 TSX
20151215 20170822 -9.5044e-05 3.1648e-10 TSX
20151226 20161223 -0.00017529 3.9331e-10 TSX
20151229 20160211 8.8591e-05 7.7307e-10 TSX
20160106 20161223 -0.0001587 3.9829e-10 TSX
20160117 20160926 -0.00011443 4.5303e-10 TSX
20160128 20160301 -0.00016436 8.0625e-10 TSX
20160208 20160312 -9.6745e-05 8.0625e-10 TSX
20160216 20160309 -0.00039656 8.6127e-10 TSX
20160219 20180319 -0.00016424 2.9739e-10 TSX
20160301 20161201 -0.00013644 4.3863e-10 TSX
20160304 20160326 7.0981e-05 8.4822e-10 TSX
20160312 20180319 -0.00017188 2.9976e-10 TSX
20160320 20160411 0.00044608 8.6128e-10 TSX
20160323 20171118 -0.00010545 3.1852e-10 TSX
20160326 20160406 -0.00049862 9.6715e-10 TSX
20160403 20171027 -0.00016085 3.2402e-10 TSX
20160425 20170811 -0.0001092 3.4675e-10 TSX
20160528 20160630 -8.1317e-06 8.0625e-10 TSX
20160630 20171118 -0.00012549 3.3934e-10 TSX
20160722 20161201 1.6932e-05 5.8134e-10 TSX
20160904 20180707 -0.00026206 3.2189e-10 TSX
20160915 20180911 -0.00015854 3.0129e-10 TSX
20160926 20170114 2.8021e-05 6.1798e-10 TSX
20161201 20171027 -0.00012436 4.0673e-10 TSX
20161223 20171107 -0.00014319 4.0904e-10 TSX
20170114 20170902 -9.8636e-05 4.6879e-10 TSX
20170811 20171005 -5.7595e-05 7.4121e-10 TSX
20170822 20180707 -0.00024431 4.1374e-10 TSX
20170913 20180707 -0.0002533 4.2516e-10 TSX
20170924 20180319 -9.851e-05 5.2322e-10 TSX
20171005 20171107 4.8921e-05 8.0625e-10 TSX
20171016 20180319 -0.0001024 5.501e-10 TSX
20171027 20180911 -0.00021103 4.1374e-10 TSX
20171107 20171118 7.1996e-05 9.7744e-10 TSX
20171118 20171129 3.9489e-05 9.7744e-10 TSX
20171129 20171221 -2.2513e-05 8.503e-10 TSX
20171210 20180820 -0.00018755 4.535e-10 TSX
20171221 20180911 -0.00017764 4.4579e-10 TSX
20180112 20181003 -0.00013807 4.4576e-10 TSX
20180319 20180707 -0.00018349 6.18e-10 TSX
20180707 20180911 0.00018899 7.1245e-10 TSX
20180729 20181003 2.8455e-05 7.1245e-10 TSX
20180820 20181003 0.00012597 7.7218e-10 TSX
20180911 20181003 -0.00014709 8.5031e-10 TSX
