20030427 20030914 -0.00078943 5.6792e-10 ERS2
20030914 20080629 0.00010206 2.7168e-10 ERS2
20050918 20090510 -1.751e-05 3.015e-10 ERS2
20051127 20081116 8.0888e-05 3.1417e-10 ERS2
20060903 20090510 0.00013323 3.0933e-10 ERS2
20061231 20090105 -1.1558e-05 3.1273e-10 ALOS
20070402 20070703 -0.00013937 6.6628e-10 ALOS
20070518 20091008 -9.3801e-06 2.9679e-10 ALOS
20070818 20071003 -0.0004754 7.7544e-10 ALOS
20071217 20100509 -1.2997e-05 2.985e-10 ALOS
20080103 20100526 -2.7858e-05 2.97e-10 ALOS
20080404 20080520 7.7835e-07 7.7544e-10 ALOS
20080618 20090921 -2.6301e-07 3.7333e-10 ALOS
20080629 20090510 -0.00015097 4.1193e-10 ERS2
20080705 20091008 -9.7688e-05 3.6527e-10 ALOS
20080803 20090823 -2.0324e-05 3.8279e-10 ERS2
20081116 20090823 6.4766e-05 4.3201e-10 ERS2
20081219 20090921 -0.00025184 4.4605e-10 ALOS
20090105 20090708 -0.00010106 5.2809e-10 ALOS
20090510 20091101 0.00016124 5.2229e-10 ERS2
20090708 20091008 -0.00015504 6.6628e-10 ALOS
20090823 20091101 0.00032389 6.9872e-10 ERS2
20091222 20100624 -0.00017028 5.2529e-10 ALOS
20100108 20100223 -0.00035648 7.7549e-10 ALOS
20100223 20100526 1.8053e-05 6.6628e-10 ALOS
20100410 20100711 -5.3063e-05 6.6628e-10 ALOS
20100509 20100624 0.00070332 7.7342e-10 ALOS
20100526 20100711 0.00032655 7.7545e-10 ALOS
20100624 20101109 -0.000171 5.8397e-10 ALOS
20100711 20101011 -0.0004269 6.663e-10 ALOS
20100809 20101109 -6.8998e-06 6.6358e-10 ALOS
20101011 20101126 0.00024625 7.7545e-10 ALOS
20110111 20110226 0.00043687 7.7544e-10 ALOS
20110924 20130715 9.7676e-06 3.2353e-10 TSX
20111005 20121229 -1.287e-05 3.6863e-10 TSX
20111121 20171221 -6.303e-06 2.4468e-10 TSX
20111221 20130131 9.489e-06 3.8524e-10 TSX
20111224 20121027 -2.0752e-05 4.1966e-10 TSX
20120126 20140419 7.5569e-06 2.889e-10 TSX
20120203 20160320 1.2316e-05 2.4711e-10 TSX
20120206 20171107 -7.8444e-06 2.4348e-10 TSX
20120617 20171129 -1.0008e-05 2.5856e-10 TSX
20120723 20160120 5.2408e-06 2.611e-10 TSX
20121024 20130109 0.00023591 7.0166e-10 TSX
20121027 20151226 -3.9144e-06 2.6463e-10 TSX
20121030 20130311 3.0143e-05 5.8467e-10 TSX
20121107 20171118 1.1576e-06 2.5224e-10 TSX
20121221 20160208 -3.6074e-06 2.6521e-10 TSX
20121224 20130516 -7.7864e-05 5.6849e-10 TSX
20121229 20130407 2.7509e-05 6.5612e-10 TSX
20130104 20130217 -3.0392e-05 7.733e-10 TSX
20130109 20130715 -7.3495e-06 5.2849e-10 TSX
20130112 20140511 6.0626e-06 3.5485e-10 TSX
20130115 20130721 -0.00011369 5.1396e-10 TSX
20130126 20130823 -0.00013043 4.9212e-10 TSX
20130131 20130429 7.482e-06 6.7803e-10 TSX
20130203 20130729 -2.4757e-05 5.2318e-10 TSX
20130211 20130919 3.7828e-06 4.9591e-10 TSX
20130228 20141209 2.987e-05 3.1326e-10 TSX
20130311 20130801 -4.5563e-05 5.6845e-10 TSX
20130316 20130623 1.9498e-05 6.5613e-10 TSX
20130402 20150122 3.7788e-05 2.9304e-10 TSX
20130407 20140530 3.3479e-06 3.8052e-10 TSX
20130421 20171016 8.6047e-06 2.6244e-10 TSX
20130424 20130721 -0.00020597 6.6404e-10 TSX
20130429 20130623 -5.4652e-05 7.5433e-10 TSX
20130505 20131028 -0.00049866 5.2626e-10 TSX
20130513 20151112 7.8334e-06 2.7732e-10 TSX
20130516 20131017 -0.00020453 5.5298e-10 TSX
20130521 20130715 0.00018013 7.5435e-10 TSX
20130524 20171129 -1.4117e-06 2.6247e-10 TSX
20130527 20140627 2.1503e-06 3.8333e-10 TSX
20130601 20130930 4.0429e-05 6.17e-10 TSX
20130604 20141217 1.059e-05 3.3969e-10 TSX
20130607 20140719 1.7619e-05 3.7933e-10 TSX
20130612 20150105 5.4966e-05 3.3854e-10 TSX
20130615 20160106 3.6748e-06 2.7541e-10 TSX
20130618 20140708 -2.2765e-05 3.8758e-10 TSX
20130623 20130715 0.0005291 8.624e-10 TSX
20130629 20130914 0.00011228 6.8831e-10 TSX
20130707 20150130 4.3184e-06 3.3913e-10 TSX
20130710 20140901 -1.7259e-06 3.7637e-10 TSX
20130715 20130726 -0.0023831 1.0117e-09 TSX
20130721 20131108 0.00058184 6.2105e-10 TSX
20130726 20150517 9.9256e-05 3.2248e-10 TSX
20130729 20160904 5.3019e-06 2.6814e-10 TSX
20130801 20151115 1.7224e-05 2.8706e-10 TSX
20130817 20140209 3.1478e-05 5.4099e-10 TSX
20130828 20150312 3.5163e-05 3.4067e-10 TSX
20130903 20150329 -0.00013178 3.1103e-10 TSX
20130919 20160309 1.97e-05 2.7469e-10 TSX
20130925 20140708 -9.4174e-06 4.3127e-10 TSX
20130930 20160411 2.8734e-05 2.7132e-10 TSX
20131011 20150802 -8.998e-06 3.2052e-10 TSX
20131017 20140719 -2.6423e-05 4.3872e-10 TSX
20131028 20160304 -2.8874e-05 2.7647e-10 TSX
20131102 20140519 -8.4617e-05 5.1711e-10 TSX
20131108 20140708 -2.9901e-05 4.6282e-10 TSX
20140209 20160309 1.6268e-05 3.0678e-10 TSX
20140223 20140829 7.7042e-07 5.1109e-10 TSX
20140408 20140705 6.682e-06 6.614e-10 TSX
20140419 20170913 2.7921e-06 2.7193e-10 TSX
20140511 20141228 -4.1378e-06 4.7022e-10 TSX
20140519 20150824 7.4345e-05 3.6428e-10 TSX
20140624 20171005 3.0804e-06 2.6454e-10 TSX
20140627 20151115 -2.7754e-05 3.3946e-10 TSX
20140705 20180911 2.1224e-06 2.5074e-10 TSX
20140708 20160406 3.7749e-05 3.1291e-10 TSX
20140716 20171005 1.6484e-05 2.7394e-10 TSX
20140719 20151207 2.7636e-06 3.3977e-10 TSX
20140727 20150326 6.9483e-06 4.6158e-10 TSX
20140810 20150122 5.4303e-05 5.3919e-10 TSX
20140818 20160301 -3.828e-07 3.2555e-10 TSX
20140829 20160208 -3.3818e-06 3.3129e-10 TSX
20140901 20140912 -0.0002856 9.6824e-10 TSX
20140912 20141209 4.9211e-05 6.6404e-10 TSX
20140920 20170902 2.0965e-05 2.6988e-10 TSX
20141209 20160211 -2.7966e-05 3.6397e-10 TSX
20141217 20160722 -1.4943e-05 3.2233e-10 TSX
20141228 20160106 -2.7672e-06 3.8226e-10 TSX
20141231 20151024 -8.1901e-06 4.2498e-10 TSX
20150105 20150824 1.7537e-05 4.8609e-10 TSX
20150108 20170811 1.6755e-05 2.8899e-10 TSX
20150119 20160117 1.3461e-05 3.8753e-10 TSX
20150127 20160411 3.5977e-05 3.7109e-10 TSX
20150130 20151112 1.3367e-06 4.2846e-10 TSX
20150210 20170114 -2.9776e-06 2.9953e-10 TSX
20150213 20160326 -3.2442e-05 3.7087e-10 TSX
20150218 20160216 -8.2674e-06 4.0297e-10 TSX
20150221 20180112 -1.688e-05 2.6907e-10 TSX
20150304 20180911 -1.2144e-07 2.5744e-10 TSX
20150307 20160211 1.643e-05 4.0071e-10 TSX
20150312 20160320 -3.3766e-05 3.9781e-10 TSX
20150326 20150827 -2.4357e-05 5.4983e-10 TSX
20150329 20151207 -9.6079e-06 4.5482e-10 TSX
20150428 20160425 8.563e-06 3.8728e-10 TSX
20150509 20150827 -1.9809e-05 6.1801e-10 TSX
20150517 20150824 -0.00013443 6.5612e-10 TSX
20150520 20180911 2.3376e-06 2.6625e-10 TSX
20150714 20170822 -8.1857e-07 2.91e-10 TSX
20150725 20170924 4.322e-06 2.8819e-10 TSX
20150802 20160309 9.3855e-06 4.9592e-10 TSX
20150805 20160403 2.4812e-05 4.6133e-10 TSX
20150816 20171107 9.1662e-06 2.8725e-10 TSX
20150824 20150915 0.00060839 8.623e-10 TSX
20150827 20170902 3.7897e-06 2.9638e-10 TSX
20150915 20160216 -8.7106e-05 5.682e-10 TSX
20151021 20160904 -1.0672e-05 4.1243e-10 TSX
20151101 20171016 3.7626e-05 2.9925e-10 TSX
20151112 20160425 -1.3212e-06 5.3616e-10 TSX
20151115 20151229 0.00014268 7.733e-10 TSX
20151123 20171221 1.0722e-05 2.951e-10 TSX
20151204 20151215 0.00013853 9.7916e-10 TSX
20151207 20160406 6.2082e-06 6.0216e-10 TSX
20151215 20170822 3.2183e-06 3.1418e-10 TSX
20151226 20161223 -2.4858e-05 3.932e-10 TSX
20151229 20160211 1.3659e-05 7.733e-10 TSX
20160106 20161223 -5.1163e-06 3.9797e-10 TSX
20160117 20160926 -3.2584e-05 4.5301e-10 TSX
20160128 20160301 -0.00020208 8.071e-10 TSX
20160208 20160312 -0.00010285 8.071e-10 TSX
20160216 20160309 -0.00037381 8.623e-10 TSX
20160219 20180319 1.0911e-05 2.9501e-10 TSX
20160301 20161201 4.1371e-05 4.3867e-10 TSX
20160304 20160326 8.3661e-05 8.4895e-10 TSX
20160312 20180319 1.909e-06 2.9748e-10 TSX
20160320 20160411 0.00043575 8.6231e-10 TSX
20160323 20171118 1.5278e-05 3.1679e-10 TSX
20160326 20160406 -0.0005964 9.6817e-10 TSX
20160403 20171027 2.0795e-05 3.2225e-10 TSX
20160425 20170811 1.2855e-05 3.4713e-10 TSX
20160528 20160630 1.4335e-05 8.071e-10 TSX
20160630 20171118 3.4992e-06 3.398e-10 TSX
20160722 20161201 6.9858e-05 5.8139e-10 TSX
20160904 20180707 1.5611e-05 3.2226e-10 TSX
20160915 20180911 2.0818e-05 3.0079e-10 TSX
20160926 20170114 6.294e-05 6.1806e-10 TSX
20161201 20171027 -8.6903e-06 4.0725e-10 TSX
20161223 20171107 3.5594e-05 4.0907e-10 TSX
20170114 20170902 8.1653e-06 4.686e-10 TSX
20170811 20171005 -5.9137e-05 7.4151e-10 TSX
20170822 20180707 4.2812e-05 4.1381e-10 TSX
20170913 20180707 1.8369e-05 4.2529e-10 TSX
20170924 20180319 5.1938e-05 5.2323e-10 TSX
20171005 20171107 1.4601e-05 8.071e-10 TSX
20171016 20180319 1.7491e-05 5.5015e-10 TSX
20171027 20180911 1.2285e-05 4.1378e-10 TSX
20171107 20171118 6.5857e-05 9.7916e-10 TSX
20171118 20171129 4.4625e-05 9.7916e-10 TSX
20171129 20171221 -1.5542e-05 8.516e-10 TSX
20171210 20180820 3.802e-05 4.5331e-10 TSX
20171221 20180911 8.1402e-05 4.4562e-10 TSX
20180112 20181003 1.7795e-05 4.4556e-10 TSX
20180319 20180707 -2.762e-05 6.1807e-10 TSX
20180707 20180911 3.5225e-05 7.1264e-10 TSX
20180729 20181003 -4.657e-05 7.1264e-10 TSX
20180820 20181003 9.6275e-05 7.7269e-10 TSX
20180911 20181003 -8.8643e-05 8.516e-10 TSX
