20030427 20030914 6.6759e-05 7.36e-10 ERS2
20030914 20080629 -3.0254e-05 5.1629e-10 ERS2
20050918 20090510 2.3678e-07 5.8597e-10 ERS2
20051127 20081116 -3.4988e-05 4.8422e-10 ERS2
20060903 20090510 0.00012013 5.6048e-10 ERS2
20061231 20090105 0.00015317 6.5281e-10 ALOS
20070402 20070703 -0.00011783 8.1274e-10 ALOS
20070518 20091008 -1.039e-06 6.6862e-10 ALOS
20070818 20071003 -0.00041114 8.4993e-10 ALOS
20071217 20100509 -7.7212e-05 5.4018e-10 ALOS
20080103 20100526 2.6593e-05 5.7293e-10 ALOS
20080404 20080520 2.9821e-05 8.4964e-10 ALOS
20080618 20090921 -7.7952e-07 6.294e-10 ALOS
20080629 20090510 -0.00097843 5.0161e-10 ERS2
20080705 20091008 -0.00019023 6.0917e-10 ALOS
20080803 20090823 -5.816e-05 5.1574e-10 ERS2
20081116 20090823 2.6351e-05 6.1857e-10 ERS2
20081219 20090921 0.0002161 6.6559e-10 ALOS
20090105 20090708 0.0001566 7.5936e-10 ALOS
20090510 20091101 0.00044039 6.5076e-10 ERS2
20090708 20091008 0.00017705 8.1387e-10 ALOS
20090823 20091101 0.00064015 7.9704e-10 ERS2
20091222 20100624 6.2117e-05 7.284e-10 ALOS
20100108 20100223 0.00025393 8.5e-10 ALOS
20100223 20100526 -0.00012911 8.2627e-10 ALOS
20100410 20100711 -8.9153e-05 8.1278e-10 ALOS
20100509 20100624 0.00065759 8.4822e-10 ALOS
20100526 20100711 0.00044855 8.5036e-10 ALOS
20100624 20101109 -0.00010337 7.7305e-10 ALOS
20100711 20101011 -8.8627e-05 8.1282e-10 ALOS
20100809 20101109 -3.1301e-05 8.0947e-10 ALOS
20101011 20101126 0.00023876 8.4997e-10 ALOS
20110111 20110226 0.00062408 8.501e-10 ALOS
20110924 20130715 4.4154e-05 6.0733e-10 TSX
20111005 20121229 -2.099e-05 7.2927e-10 TSX
20111121 20171221 -8.111e-06 4.7644e-10 TSX
20111221 20130131 2.789e-05 6.3926e-10 TSX
20111224 20121027 -7.4619e-05 5.0595e-10 TSX
20120126 20140419 -4.2319e-05 3.597e-10 TSX
20120203 20160320 2.4361e-05 8.1066e-10 TSX
20120206 20171107 -1.5256e-05 4.3399e-10 TSX
20120617 20171129 1.7447e-05 4.5261e-10 TSX
20120723 20160120 2.5558e-05 7.7503e-10 TSX
20121024 20130109 2.5077e-05 8.2917e-10 TSX
20121027 20151226 1.0012e-05 4.45e-10 TSX
20121030 20130311 8.1777e-05 7.5706e-10 TSX
20121107 20171118 -1.1226e-05 6.4608e-10 TSX
20121221 20160208 2.9983e-06 4.9815e-10 TSX
20121224 20130516 -7.9719e-05 7.4996e-10 TSX
20121229 20130407 1.2349e-05 8.12e-10 TSX
20130104 20130217 5.305e-05 8.4504e-10 TSX
20130109 20130715 0.00014943 7.9511e-10 TSX
20130112 20140511 -4.9065e-05 4.3548e-10 TSX
20130115 20130721 -7.4624e-05 7.0372e-10 TSX
20130126 20130823 -5.8541e-05 6.814e-10 TSX
20130131 20130429 1.17e-05 8.2036e-10 TSX
20130203 20130729 6.8106e-06 6.3675e-10 TSX
20130211 20130919 8.9091e-06 7.1925e-10 TSX
20130228 20141209 4.7175e-05 5.2098e-10 TSX
20130311 20130801 -6.7167e-05 7.4898e-10 TSX
20130316 20130623 7.0864e-06 8.1197e-10 TSX
20130402 20150122 0.00011541 7.0157e-10 TSX
20130407 20140530 7.7345e-05 6.3327e-10 TSX
20130421 20171016 -1.749e-05 3.8347e-10 TSX
20130424 20130721 -0.00019426 8.0336e-10 TSX
20130429 20130623 -8.2253e-05 8.4472e-10 TSX
20130505 20131028 -0.00045798 7.7229e-10 TSX
20130513 20151112 1.1519e-05 5.1029e-10 TSX
20130516 20131017 -0.00020372 7.4356e-10 TSX
20130521 20130715 0.00022545 8.4467e-10 TSX
20130524 20171129 7.8371e-06 3.6892e-10 TSX
20130527 20140627 2.8779e-05 6.0813e-10 TSX
20130601 20130930 9.8604e-05 7.9475e-10 TSX
20130604 20141217 4.4753e-06 4.1054e-10 TSX
20130607 20140719 3.0983e-06 6.0407e-10 TSX
20130612 20150105 2.1811e-05 5.9781e-10 TSX
20130615 20160106 -1.4083e-05 4.1612e-10 TSX
20130618 20140708 -2.9614e-05 6.1214e-10 TSX
20130623 20130715 0.00065707 8.9535e-10 TSX
20130629 20130914 0.00015238 8.2007e-10 TSX
20130707 20150130 -5.4791e-05 3.9733e-10 TSX
20130710 20140901 -1.7067e-06 6.0152e-10 TSX
20130715 20130726 -0.0024369 1.0322e-09 TSX
20130721 20131108 0.00056456 8.3831e-10 TSX
20130726 20150517 4.8929e-05 6.6564e-10 TSX
20130729 20160904 -3.178e-06 3.7353e-10 TSX
20130801 20151115 2.27e-05 5.3502e-10 TSX
20130817 20140209 -2.8597e-05 7.5155e-10 TSX
20130828 20150312 2.7698e-05 5.9527e-10 TSX
20130903 20150329 -5.4638e-05 8.3835e-10 TSX
20130919 20160309 1.6218e-05 6.8425e-10 TSX
20130925 20140708 1.5096e-05 7.4341e-10 TSX
20130930 20160411 -2.2686e-05 6.8954e-10 TSX
20131011 20150802 3.5718e-05 6.2858e-10 TSX
20131017 20140719 0.00013136 6.737e-10 TSX
20131028 20160304 -2.6805e-06 8.2852e-10 TSX
20131102 20140519 5.888e-05 7.355e-10 TSX
20131108 20140708 0.00023863 6.6311e-10 TSX
20140209 20160309 4.1479e-05 6.5474e-10 TSX
20140223 20140829 1.9031e-05 6.2287e-10 TSX
20140408 20140705 -1.4505e-05 7.6595e-10 TSX
20140419 20170913 -4.8729e-06 3.9327e-10 TSX
20140511 20141228 4.6931e-05 5.7248e-10 TSX
20140519 20150824 -4.5487e-06 6.2586e-10 TSX
20140624 20171005 6.6268e-06 3.831e-10 TSX
20140627 20151115 -6.4769e-05 5.6931e-10 TSX
20140705 20180911 2.4534e-05 3.1402e-10 TSX
20140708 20160406 5.6113e-05 7.1834e-10 TSX
20140716 20171005 -8.1732e-06 3.7629e-10 TSX
20140719 20151207 -3.13e-05 6.2781e-10 TSX
20140727 20150326 -0.00010268 5.6147e-10 TSX
20140810 20150122 0.00011334 7.4002e-10 TSX
20140818 20160301 -3.3577e-05 3.988e-10 TSX
20140829 20160208 -1.7271e-05 3.899e-10 TSX
20140901 20140912 -0.00028416 9.8774e-10 TSX
20140912 20141209 -2.3108e-06 8.0208e-10 TSX
20140920 20170902 -1.0793e-05 3.7168e-10 TSX
20141209 20160211 -4.1113e-05 6.2237e-10 TSX
20141217 20160722 -5.7569e-06 5.0359e-10 TSX
20141228 20160106 -2.6667e-05 4.5552e-10 TSX
20141231 20151024 -1.612e-05 6.3194e-10 TSX
20150105 20150824 2.135e-06 7.6849e-10 TSX
20150108 20170811 1.4836e-05 4.1038e-10 TSX
20150119 20160117 6.8036e-05 4.73e-10 TSX
20150127 20160411 6.563e-06 6.9048e-10 TSX
20150130 20151112 6.1491e-05 5.2846e-10 TSX
20150210 20170114 -2.2586e-05 3.5671e-10 TSX
20150213 20160326 6.461e-05 8.1267e-10 TSX
20150218 20160216 3.0001e-06 6.5302e-10 TSX
20150221 20180112 -1.2614e-05 3.642e-10 TSX
20150304 20180911 -2.3875e-05 4.538e-10 TSX
20150307 20160211 -5.1868e-05 6.7264e-10 TSX
20150312 20160320 -6.8435e-07 7.55e-10 TSX
20150326 20150827 8.3298e-05 6.6547e-10 TSX
20150329 20151207 -4.8046e-05 6.8534e-10 TSX
20150428 20160425 3.8559e-05 4.798e-10 TSX
20150509 20150827 5.1598e-05 7.439e-10 TSX
20150517 20150824 -0.00010087 8.1748e-10 TSX
20150520 20180911 -6.8043e-06 3.9846e-10 TSX
20150714 20170822 -4.0101e-06 3.346e-10 TSX
20150725 20170924 -1.3374e-05 3.8257e-10 TSX
20150802 20160309 -4.056e-05 7.2067e-10 TSX
20150805 20160403 0.00013172 5.611e-10 TSX
20150816 20171107 -2.584e-05 3.6725e-10 TSX
20150824 20150915 0.00066401 8.9528e-10 TSX
20150827 20170902 1.322e-05 3.4749e-10 TSX
20150915 20160216 -4.3867e-05 7.6848e-10 TSX
20151021 20160904 -1.1339e-05 4.9479e-10 TSX
20151101 20171016 -1.0857e-05 3.479e-10 TSX
20151112 20160425 -1.3296e-05 6.5431e-10 TSX
20151115 20151229 0.00014403 8.4503e-10 TSX
20151123 20171221 -4.1544e-05 3.7801e-10 TSX
20151204 20151215 0.00015135 9.9612e-10 TSX
20151207 20160406 -5.4999e-05 7.6831e-10 TSX
20151215 20170822 -2.9996e-05 3.5601e-10 TSX
20151226 20161223 5.1513e-06 4.7695e-10 TSX
20151229 20160211 -3.8276e-07 8.4503e-10 TSX
20160106 20161223 -1.9987e-05 4.7679e-10 TSX
20160117 20160926 3.3355e-06 5.4924e-10 TSX
20160128 20160301 -0.00017902 8.513e-10 TSX
20160208 20160312 -7.4365e-05 8.513e-10 TSX
20160216 20160309 -0.00038066 8.9528e-10 TSX
20160219 20180319 -5.251e-06 3.4418e-10 TSX
20160301 20161201 8.7751e-05 5.3119e-10 TSX
20160304 20160326 3.9969e-05 8.8197e-10 TSX
20160312 20180319 -4.4697e-06 3.4305e-10 TSX
20160320 20160411 0.00039246 8.9528e-10 TSX
20160323 20171118 2.8114e-05 3.7189e-10 TSX
20160326 20160406 -0.00051486 9.8768e-10 TSX
20160403 20171027 4.5477e-05 4.2521e-10 TSX
20160425 20170811 3.2274e-05 4.0858e-10 TSX
20160528 20160630 3.86e-07 8.513e-10 TSX
20160630 20171118 2.221e-05 3.9228e-10 TSX
20160722 20161201 5.2957e-05 6.9849e-10 TSX
20160904 20180707 -3.5535e-05 3.7819e-10 TSX
20160915 20180911 -2.0932e-05 3.4234e-10 TSX
20160926 20170114 -1.1448e-05 7.3141e-10 TSX
20161201 20171027 2.5974e-05 4.8793e-10 TSX
20161223 20171107 4.8057e-05 4.9092e-10 TSX
20170114 20170902 5.8491e-05 5.7376e-10 TSX
20170811 20171005 -6.4046e-05 8.1649e-10 TSX
20170822 20180707 -7.0915e-05 4.9824e-10 TSX
20170913 20180707 -4.5426e-06 5.1364e-10 TSX
20170924 20180319 -0.0001158 6.37e-10 TSX
20171005 20171107 5.9287e-05 8.513e-10 TSX
20171016 20180319 -7.0621e-05 6.6688e-10 TSX
20171027 20180911 -1.8874e-05 4.9834e-10 TSX
20171107 20171118 7.7523e-05 9.9612e-10 TSX
20171118 20171129 4.4754e-05 9.9612e-10 TSX
20171129 20171221 -3.3057e-05 8.8028e-10 TSX
20171210 20180820 -0.00011999 5.5106e-10 TSX
20171221 20180911 2.6638e-05 5.4083e-10 TSX
20180112 20181003 0.00010703 5.4089e-10 TSX
20180319 20180707 -9.6965e-05 7.3145e-10 TSX
20180707 20180911 0.00018479 7.9997e-10 TSX
20180729 20181003 4.3252e-05 7.9997e-10 TSX
20180820 20181003 0.00016736 8.33e-10 TSX
20180911 20181003 -0.00014249 8.8028e-10 TSX
