20030427 20030914 -0.00048493 5.678e-10 ERS2
20030914 20080629 1.8073e-05 2.6907e-10 ERS2
20050918 20090510 -2.1918e-06 3.0207e-10 ERS2
20051127 20081116 -8.9111e-05 3.2153e-10 ERS2
20060903 20090510 -0.00012702 3.0658e-10 ERS2
20061231 20090105 -4.5926e-05 3.1274e-10 ALOS
20070402 20070703 -0.00011571 6.6632e-10 ALOS
20070518 20091008 -5.4001e-05 2.9788e-10 ALOS
20070818 20071003 -0.00050158 7.7566e-10 ALOS
20071217 20100509 -6.2891e-05 3.0058e-10 ALOS
20080103 20100526 1.5166e-05 2.9678e-10 ALOS
20080404 20080520 -1.8944e-05 7.7566e-10 ALOS
20080618 20090921 1.5966e-05 3.7364e-10 ALOS
20080629 20090510 -0.0001061 4.1152e-10 ERS2
20080705 20091008 -0.00015394 3.6557e-10 ALOS
20080803 20090823 1.4238e-05 3.8403e-10 ERS2
20081116 20090823 -7.132e-06 4.3246e-10 ERS2
20081219 20090921 -0.00013988 4.461e-10 ALOS
20090105 20090708 -0.00012776 5.2809e-10 ALOS
20090510 20091101 -5.309e-05 5.2308e-10 ERS2
20090708 20091008 -0.00015625 6.6633e-10 ALOS
20090823 20091101 0.00045246 6.9875e-10 ERS2
20091222 20100624 -0.00013953 5.2538e-10 ALOS
20100108 20100223 -0.00035109 7.7572e-10 ALOS
20100223 20100526 -3.8917e-05 6.6632e-10 ALOS
20100410 20100711 -5.4765e-05 6.6632e-10 ALOS
20100509 20100624 0.00073301 7.7363e-10 ALOS
20100526 20100711 0.0002932 7.7567e-10 ALOS
20100624 20101109 -0.00016273 5.8402e-10 ALOS
20100711 20101011 -0.0004378 6.6634e-10 ALOS
20100809 20101109 2.1511e-05 6.6375e-10 ALOS
20101011 20101126 0.00021171 7.7567e-10 ALOS
20110111 20110226 0.00042602 7.7566e-10 ALOS
20110924 20130715 1.683e-05 3.2242e-10 TSX
20111005 20121229 -1.9038e-05 3.688e-10 TSX
20111121 20171221 -1.878e-06 2.5135e-10 TSX
20111221 20130131 4.019e-06 3.853e-10 TSX
20111224 20121027 -2.2446e-05 4.1924e-10 TSX
20120126 20140419 2.4025e-06 2.8953e-10 TSX
20120203 20160320 6.6548e-06 2.462e-10 TSX
20120206 20171107 7.7051e-06 2.4885e-10 TSX
20120617 20171129 1.5907e-06 2.4116e-10 TSX
20120723 20160120 -1.5226e-05 2.5944e-10 TSX
20121024 20130109 0.00020363 7.0173e-10 TSX
20121027 20151226 1.5149e-05 2.6484e-10 TSX
20121030 20130311 2.3739e-05 5.8467e-10 TSX
20121107 20171118 5.1956e-06 2.4095e-10 TSX
20121221 20160208 3.7892e-06 2.6465e-10 TSX
20121224 20130516 -5.0833e-05 5.6852e-10 TSX
20121229 20130407 3.7841e-05 6.5616e-10 TSX
20130104 20130217 -3.8512e-05 7.7345e-10 TSX
20130109 20130715 2.8329e-05 5.2858e-10 TSX
20130112 20140511 3.0027e-06 3.555e-10 TSX
20130115 20130721 -0.0001074 5.1396e-10 TSX
20130126 20130823 -0.00013076 4.9154e-10 TSX
20130131 20130429 2.8173e-05 6.7808e-10 TSX
20130203 20130729 -6.007e-06 5.2319e-10 TSX
20130211 20130919 9.2066e-06 4.9597e-10 TSX
20130228 20141209 2.4298e-05 3.1302e-10 TSX
20130311 20130801 -3.2441e-05 5.6845e-10 TSX
20130316 20130623 1.7396e-05 6.5616e-10 TSX
20130402 20150122 4.9233e-05 2.9018e-10 TSX
20130407 20140530 -7.6316e-06 3.8065e-10 TSX
20130421 20171016 -2.0303e-06 2.4758e-10 TSX
20130424 20130721 -0.00018963 6.6406e-10 TSX
20130429 20130623 -7.4668e-05 7.5451e-10 TSX
20130505 20131028 -0.00046125 5.2649e-10 TSX
20130513 20151112 5.3846e-06 2.7734e-10 TSX
20130516 20131017 -0.00019471 5.5348e-10 TSX
20130521 20130715 0.00020999 7.5454e-10 TSX
20130524 20171129 1.2621e-05 2.518e-10 TSX
20130527 20140627 -2.627e-05 3.8299e-10 TSX
20130601 20130930 5.5854e-05 6.1703e-10 TSX
20130604 20141217 -1.1544e-06 3.3874e-10 TSX
20130607 20140719 -1.3378e-05 3.7905e-10 TSX
20130612 20150105 3.9107e-05 3.3837e-10 TSX
20130615 20160106 1.0481e-05 2.7571e-10 TSX
20130618 20140708 -3.3182e-05 3.875e-10 TSX
20130623 20130715 0.0005513 8.6288e-10 TSX
20130629 20130914 9.6628e-05 6.8833e-10 TSX
20130707 20150130 4.1905e-06 3.3814e-10 TSX
20130710 20140901 -5.793e-08 3.765e-10 TSX
20130715 20130726 -0.0023455 1.0122e-09 TSX
20130721 20131108 0.00058923 6.2108e-10 TSX
20130726 20150517 7.262e-05 3.2094e-10 TSX
20130729 20160904 -4.7579e-06 2.6709e-10 TSX
20130801 20151115 2.6036e-05 2.8716e-10 TSX
20130817 20140209 6.977e-06 5.4099e-10 TSX
20130828 20150312 2.2837e-05 3.4063e-10 TSX
20130903 20150329 -0.00012203 3.1118e-10 TSX
20130919 20160309 1.6502e-05 2.7369e-10 TSX
20130925 20140708 -3.8139e-05 4.3137e-10 TSX
20130930 20160411 2.8462e-06 2.7081e-10 TSX
20131011 20150802 1.0202e-05 3.201e-10 TSX
20131017 20140719 -4.1153e-05 4.3879e-10 TSX
20131028 20160304 2.4088e-05 2.804e-10 TSX
20131102 20140519 -8.0529e-05 5.1712e-10 TSX
20131108 20140708 -4.3954e-05 4.628e-10 TSX
20140209 20160309 3.1171e-05 3.0512e-10 TSX
20140223 20140829 1.2129e-05 5.1119e-10 TSX
20140408 20140705 6.6051e-06 6.6145e-10 TSX
20140419 20170913 1.0746e-05 2.545e-10 TSX
20140511 20141228 -6.775e-06 4.701e-10 TSX
20140519 20150824 6.5863e-05 3.64e-10 TSX
20140624 20171005 2.5711e-06 2.6235e-10 TSX
20140627 20151115 -1.6967e-05 3.3985e-10 TSX
20140705 20180911 -3.3185e-06 2.5004e-10 TSX
20140708 20160406 4.6183e-05 3.1311e-10 TSX
20140716 20171005 -1.0012e-06 2.6288e-10 TSX
20140719 20151207 1.0637e-05 3.3999e-10 TSX
20140727 20150326 5.0403e-06 4.6165e-10 TSX
20140810 20150122 5.2211e-05 5.392e-10 TSX
20140818 20160301 -7.491e-06 3.2503e-10 TSX
20140829 20160208 8.3846e-06 3.3149e-10 TSX
20140901 20140912 -0.00028144 9.6868e-10 TSX
20140912 20141209 3.6781e-05 6.6406e-10 TSX
20140920 20170902 1.0267e-05 2.6903e-10 TSX
20141209 20160211 -1.9701e-05 3.6347e-10 TSX
20141217 20160722 -7.5883e-06 3.1884e-10 TSX
20141228 20160106 9.5794e-06 3.8205e-10 TSX
20141231 20151024 -1.2672e-06 4.25e-10 TSX
20150105 20150824 2.9526e-05 4.8611e-10 TSX
20150108 20170811 -4.4577e-06 2.8346e-10 TSX
20150119 20160117 1.5896e-05 3.8715e-10 TSX
20150127 20160411 4.1252e-05 3.7062e-10 TSX
20150130 20151112 1.0618e-05 4.2842e-10 TSX
20150210 20170114 -2.1704e-06 2.9678e-10 TSX
20150213 20160326 3.2285e-06 3.6864e-10 TSX
20150218 20160216 -5.2384e-07 4.0272e-10 TSX
20150221 20180112 3.3489e-05 2.6107e-10 TSX
20150304 20180911 9.9116e-06 2.5383e-10 TSX
20150307 20160211 2.1599e-05 4.0086e-10 TSX
20150312 20160320 -3.4363e-05 3.9764e-10 TSX
20150326 20150827 -7.9691e-06 5.4986e-10 TSX
20150329 20151207 -7.5189e-06 4.5481e-10 TSX
20150428 20160425 5.1973e-06 3.8689e-10 TSX
20150509 20150827 4.3457e-06 6.1804e-10 TSX
20150517 20150824 -9.7175e-05 6.5616e-10 TSX
20150520 20180911 1.3769e-05 2.6118e-10 TSX
20150714 20170822 -3.2956e-06 2.9076e-10 TSX
20150725 20170924 1.2916e-05 2.8942e-10 TSX
20150802 20160309 -1.5395e-06 4.9598e-10 TSX
20150805 20160403 3.234e-05 4.6114e-10 TSX
20150816 20171107 9.9419e-06 2.8753e-10 TSX
20150824 20150915 0.00060742 8.6278e-10 TSX
20150827 20170902 1.1012e-05 2.9722e-10 TSX
20150915 20160216 -8.3676e-05 5.6822e-10 TSX
20151021 20160904 -4.3713e-06 4.1255e-10 TSX
20151101 20171016 2.2027e-05 3.0048e-10 TSX
20151112 20160425 9.3158e-07 5.3616e-10 TSX
20151115 20151229 0.00014234 7.7345e-10 TSX
20151123 20171221 1.4238e-05 2.9558e-10 TSX
20151204 20151215 0.00013422 9.7981e-10 TSX
20151207 20160406 -1.0374e-05 6.0217e-10 TSX
20151215 20170822 1.5379e-05 3.1422e-10 TSX
20151226 20161223 -1.5066e-05 3.9342e-10 TSX
20151229 20160211 1.5645e-05 7.7345e-10 TSX
20160106 20161223 -6.8522e-06 3.9784e-10 TSX
20160117 20160926 -3.2142e-05 4.5294e-10 TSX
20160128 20160301 -0.000194 8.0752e-10 TSX
20160208 20160312 -9.8837e-05 8.0752e-10 TSX
20160216 20160309 -0.00036401 8.6278e-10 TSX
20160219 20180319 9.5681e-06 2.9563e-10 TSX
20160301 20161201 1.8033e-05 4.3883e-10 TSX
20160304 20160326 7.5473e-05 8.4931e-10 TSX
20160312 20180319 2.64e-05 2.9875e-10 TSX
20160320 20160411 0.00042369 8.6278e-10 TSX
20160323 20171118 3.8967e-06 3.1668e-10 TSX
20160326 20160406 -0.00059198 9.6861e-10 TSX
20160403 20171027 1.4778e-05 3.221e-10 TSX
20160425 20170811 -7.8393e-06 3.4663e-10 TSX
20160528 20160630 1.5549e-05 8.0752e-10 TSX
20160630 20171118 -1.3105e-06 3.3889e-10 TSX
20160722 20161201 2.6993e-05 5.8143e-10 TSX
20160904 20180707 1.7622e-05 3.2231e-10 TSX
20160915 20180911 -6.8851e-06 3.0319e-10 TSX
20160926 20170114 3.4344e-05 6.181e-10 TSX
20161201 20171027 1.5759e-06 4.0665e-10 TSX
20161223 20171107 2.868e-05 4.0906e-10 TSX
20170114 20170902 1.2065e-05 4.6911e-10 TSX
20170811 20171005 -5.2234e-05 7.4169e-10 TSX
20170822 20180707 4.7154e-05 4.1351e-10 TSX
20170913 20180707 1.386e-05 4.252e-10 TSX
20170924 20180319 6.421e-05 5.2328e-10 TSX
20171005 20171107 1.2308e-05 8.0752e-10 TSX
20171016 20180319 3.8588e-05 5.5016e-10 TSX
20171027 20180911 1.2263e-05 4.135e-10 TSX
20171107 20171118 6.8493e-05 9.7981e-10 TSX
20171118 20171129 4.8557e-05 9.7981e-10 TSX
20171129 20171221 -1.3061e-05 8.5216e-10 TSX
20171210 20180820 3.0702e-05 4.5345e-10 TSX
20171221 20180911 1.9028e-05 4.4586e-10 TSX
20180112 20181003 2.0639e-05 4.4583e-10 TSX
20180319 20180707 -2.3058e-05 6.1811e-10 TSX
20180707 20180911 4.0358e-05 7.1275e-10 TSX
20180729 20181003 -6.2021e-06 7.1275e-10 TSX
20180820 20181003 0.00013014 7.7299e-10 TSX
20180911 20181003 -9.1914e-05 8.5216e-10 TSX
