20030427 20030914 1.3198e-05 5.9812e-10 ERS2
20030914 20080629 5.8495e-05 2.7483e-10 ERS2
20050918 20090510 1.579e-05 3.0972e-10 ERS2
20051127 20081116 6.242e-05 3.1138e-10 ERS2
20060903 20090510 -3.065e-05 3.1164e-10 ERS2
20061231 20090105 -1.9232e-06 3.1826e-10 ALOS
20070402 20070703 -0.00021053 7.005e-10 ALOS
20070518 20091008 -0.00015936 3.1238e-10 ALOS
20070818 20071003 -0.00034577 7.9961e-10 ALOS
20071217 20100509 -0.00013691 3.1511e-10 ALOS
20080103 20100526 -2.3596e-05 3.0896e-10 ALOS
20080404 20080520 -7.4094e-05 7.9951e-10 ALOS
20080618 20090921 -6.4288e-05 3.8298e-10 ALOS
20080629 20090510 -0.00065148 4.3753e-10 ERS2
20080705 20091008 -7.496e-05 3.7144e-10 ALOS
20080803 20090823 -7.745e-05 3.9674e-10 ERS2
20081116 20090823 -4.6642e-05 4.5459e-10 ERS2
20081219 20090921 0.00050347 4.7487e-10 ALOS
20090105 20090708 -0.00014284 5.5777e-10 ALOS
20090510 20091101 -0.00060423 5.53e-10 ERS2
20090708 20091008 0.00096828 7.0052e-10 ALOS
20090823 20091101 -0.00024903 7.3328e-10 ERS2
20091222 20100624 0.00037386 5.4982e-10 ALOS
20100108 20100223 0.00049471 7.9948e-10 ALOS
20100223 20100526 -0.00053942 6.987e-10 ALOS
20100410 20100711 -0.00014704 6.9902e-10 ALOS
20100509 20100624 0.00097251 7.9747e-10 ALOS
20100526 20100711 0.00065964 7.997e-10 ALOS
20100624 20101109 0.00025101 6.1415e-10 ALOS
20100711 20101011 0.00033956 6.9882e-10 ALOS
20100809 20101109 1.0528e-05 6.9594e-10 ALOS
20101011 20101126 0.00023867 7.9963e-10 ALOS
20110111 20110226 0.00081931 7.9953e-10 ALOS
20110924 20130715 6.502e-05 3.2792e-10 TSX
20111005 20121229 -9.2796e-05 3.8131e-10 TSX
20111121 20171221 -1.8233e-05 3.1656e-10 TSX
20111221 20130131 -5.6852e-05 3.9379e-10 TSX
20111224 20121027 -6.6756e-05 4.3856e-10 TSX
20120126 20140419 -7.935e-06 3.4411e-10 TSX
20120203 20160320 1.4765e-05 2.9051e-10 TSX
20120206 20171107 -1.4097e-05 3.4817e-10 TSX
20120617 20171129 1.4564e-05 2.6925e-10 TSX
20120723 20160120 1.342e-05 3.1072e-10 TSX
20121024 20130109 0.00015215 7.337e-10 TSX
20121027 20151226 4.2037e-06 2.9592e-10 TSX
20121030 20130311 7.097e-05 6.1431e-10 TSX
20121107 20171118 -1.155e-05 2.8387e-10 TSX
20121221 20160208 1.2478e-05 3.3849e-10 TSX
20121224 20130516 -0.00018829 5.9705e-10 TSX
20121229 20130407 -5.8529e-05 6.8949e-10 TSX
20130104 20130217 7.4055e-05 7.9656e-10 TSX
20130109 20130715 0.00023657 5.5475e-10 TSX
20130112 20140511 3.9889e-05 4.0849e-10 TSX
20130115 20130721 -0.00028705 5.3775e-10 TSX
20130126 20130823 -4.9567e-05 6.1946e-10 TSX
20130131 20130429 -0.0001361 7.111e-10 TSX
20130203 20130729 -2.058e-05 5.5423e-10 TSX
20130211 20130919 9.8983e-05 5.18e-10 TSX
20130228 20141209 9.5905e-05 3.2775e-10 TSX
20130311 20130801 -0.00010758 5.9694e-10 TSX
20130316 20130623 7.9263e-05 6.895e-10 TSX
20130402 20150122 3.5587e-05 4.058e-10 TSX
20130407 20140530 4.7779e-06 3.8975e-10 TSX
20130421 20171016 8.6956e-06 3.2778e-10 TSX
20130424 20130721 -0.00038123 6.9563e-10 TSX
20130429 20130623 -4.6343e-05 7.8169e-10 TSX
20130505 20131028 -0.0011905 5.7705e-10 TSX
20130513 20151112 4.7449e-05 3.1408e-10 TSX
20130516 20131017 9.6012e-05 6.1916e-10 TSX
20130521 20130715 0.00038622 7.8172e-10 TSX
20130524 20171129 3.5604e-06 3.4333e-10 TSX
20130527 20140627 1.4877e-05 3.9294e-10 TSX
20130601 20130930 0.00037652 6.4957e-10 TSX
20130604 20141217 7.7775e-05 4.1381e-10 TSX
20130607 20140719 3.0107e-06 3.8871e-10 TSX
20130612 20150105 5.2146e-05 3.4801e-10 TSX
20130615 20160106 2.4783e-05 3.6905e-10 TSX
20130618 20140708 -8.3731e-06 3.9716e-10 TSX
20130623 20130715 0.00078126 8.7614e-10 TSX
20130629 20130914 0.00061916 7.2825e-10 TSX
20130707 20150130 4.173e-05 4.1165e-10 TSX
20130710 20140901 6.0285e-05 3.8937e-10 TSX
20130715 20130726 -0.0025144 1.0215e-09 TSX
20130721 20131108 0.0015873 6.9228e-10 TSX
20130726 20150517 5.7537e-05 3.3731e-10 TSX
20130729 20160904 -3.9748e-05 3.1237e-10 TSX
20130801 20151115 9.2644e-05 3.0242e-10 TSX
20130817 20140209 -7.6207e-05 5.6802e-10 TSX
20130828 20150312 0.00014911 3.4565e-10 TSX
20130903 20150329 -0.000153 4.4319e-10 TSX
20130919 20160309 7.2519e-05 2.8462e-10 TSX
20130925 20140708 -0.00018806 5.4939e-10 TSX
20130930 20160411 9.4501e-06 3.1756e-10 TSX
20131011 20150802 1.2374e-05 3.3818e-10 TSX
20131017 20140719 -1.381e-05 4.8717e-10 TSX
20131028 20160304 -7.4376e-05 4.136e-10 TSX
20131102 20140519 -0.00026908 5.4144e-10 TSX
20131108 20140708 -0.00011254 5.2842e-10 TSX
20140209 20160309 8.8231e-05 3.2479e-10 TSX
20140223 20140829 6.1041e-05 5.5209e-10 TSX
20140408 20140705 3.0095e-05 6.9822e-10 TSX
20140419 20170913 1.3664e-05 4.2898e-10 TSX
20140511 20141228 7.8445e-05 5.1347e-10 TSX
20140519 20150824 0.00011745 3.7451e-10 TSX
20140624 20171005 4.0792e-05 3.4563e-10 TSX
20140627 20151115 6.9994e-05 3.573e-10 TSX
20140705 20180911 -9.5472e-06 3.4253e-10 TSX
20140708 20160406 7.8988e-05 3.2523e-10 TSX
20140716 20171005 -3.6634e-05 3.6182e-10 TSX
20140719 20151207 5.6126e-05 3.5393e-10 TSX
20140727 20150326 2.4505e-05 4.9095e-10 TSX
20140810 20150122 1.5752e-05 5.937e-10 TSX
20140818 20160301 -9.2988e-06 3.4679e-10 TSX
20140829 20160208 2.4776e-05 3.8163e-10 TSX
20140901 20140912 -0.00031515 9.7731e-10 TSX
20140912 20141209 7.3716e-05 6.9564e-10 TSX
20140920 20170902 -1.7575e-05 3.0205e-10 TSX
20141209 20160211 -6.3027e-05 3.7576e-10 TSX
20141217 20160722 -3.5352e-05 4.0572e-10 TSX
20141228 20160106 -1.0585e-06 4.3027e-10 TSX
20141231 20151024 2.8802e-05 4.394e-10 TSX
20150105 20150824 -9.8435e-05 5.0854e-10 TSX
20150108 20170811 -7.6793e-05 3.7622e-10 TSX
20150119 20160117 -2.7065e-05 4.2331e-10 TSX
20150127 20160411 5.4068e-05 3.8656e-10 TSX
20150130 20151112 1.3671e-05 4.6747e-10 TSX
20150210 20170114 5.3816e-05 3.8363e-10 TSX
20150213 20160326 0.00013781 4.8459e-10 TSX
20150218 20160216 3.0787e-05 4.1328e-10 TSX
20150221 20180112 -1.1018e-05 5.2718e-10 TSX
20150304 20180911 1.3286e-05 3.3749e-10 TSX
20150307 20160211 1.5992e-06 4.1421e-10 TSX
20150312 20160320 -0.00021158 4.0814e-10 TSX
20150326 20150827 -1.8245e-05 5.8586e-10 TSX
20150329 20151207 6.5604e-05 4.7192e-10 TSX
20150428 20160425 -1.5672e-05 4.3883e-10 TSX
20150509 20150827 4.783e-05 6.5766e-10 TSX
20150517 20150824 4.3558e-05 6.8953e-10 TSX
20150520 20180911 -1.6722e-05 3.9455e-10 TSX
20150714 20170822 -1.0517e-05 3.579e-10 TSX
20150725 20170924 -4.9071e-06 3.4186e-10 TSX
20150802 20160309 -4.0481e-05 5.1825e-10 TSX
20150805 20160403 -2.9669e-05 5.0089e-10 TSX
20150816 20171107 -7.902e-06 3.31e-10 TSX
20150824 20150915 0.00079063 8.7603e-10 TSX
20150827 20170902 -3.397e-05 3.4331e-10 TSX
20150915 20160216 -0.00013016 5.9807e-10 TSX
20151021 20160904 -0.00013204 4.6624e-10 TSX
20151101 20171016 -5.5334e-05 3.2362e-10 TSX
20151112 20160425 -0.00011382 5.6987e-10 TSX
20151115 20151229 8.5974e-05 7.9656e-10 TSX
20151123 20171221 -3.9763e-05 3.26e-10 TSX
20151204 20151215 0.00015964 9.8791e-10 TSX
20151207 20160406 -0.00023255 6.3258e-10 TSX
20151215 20170822 -1.7477e-05 3.8e-10 TSX
20151226 20161223 -2.7505e-05 4.1501e-10 TSX
20151229 20160211 -4.3182e-05 7.9656e-10 TSX
20160106 20161223 -1.377e-05 4.1866e-10 TSX
20160117 20160926 -5.9447e-05 4.7955e-10 TSX
20160128 20160301 -0.00018302 8.2734e-10 TSX
20160208 20160312 -0.0001637 8.2734e-10 TSX
20160216 20160309 -0.00043481 8.7603e-10 TSX
20160219 20180319 5.0712e-06 3.3028e-10 TSX
20160301 20161201 4.7001e-05 4.6143e-10 TSX
20160304 20160326 5.7481e-05 8.6227e-10 TSX
20160312 20180319 1.2585e-05 3.7421e-10 TSX
20160320 20160411 0.00037586 8.7604e-10 TSX
20160323 20171118 -2.7689e-05 3.4638e-10 TSX
20160326 20160406 -0.00054108 9.7723e-10 TSX
20160403 20171027 -3.7727e-05 3.6886e-10 TSX
20160425 20170811 -3.7331e-05 3.7224e-10 TSX
20160528 20160630 2.6997e-05 8.2734e-10 TSX
20160630 20171118 -1.2633e-06 3.5596e-10 TSX
20160722 20161201 0.00015853 6.1728e-10 TSX
20160904 20180707 2.4847e-05 3.3571e-10 TSX
20160915 20180911 -2.3554e-05 3.1306e-10 TSX
20160926 20170114 9.031e-05 6.5661e-10 TSX
20161201 20171027 -6.2835e-05 4.3387e-10 TSX
20161223 20171107 -6.5555e-05 4.3138e-10 TSX
20170114 20170902 -6.2801e-05 5.0685e-10 TSX
20170811 20171005 3.8888e-06 7.7219e-10 TSX
20170822 20180707 1.2561e-05 4.3217e-10 TSX
20170913 20180707 -3.7003e-05 4.524e-10 TSX
20170924 20180319 0.00010589 5.5439e-10 TSX
20171005 20171107 6.318e-05 8.2734e-10 TSX
20171016 20180319 0.00013561 5.8378e-10 TSX
20171027 20180911 -2.8267e-05 4.3217e-10 TSX
20171107 20171118 9.3886e-05 9.8791e-10 TSX
20171118 20171129 5.2533e-05 9.8791e-10 TSX
20171129 20171221 -3.8963e-05 8.6552e-10 TSX
20171210 20180820 -3.943e-05 4.7678e-10 TSX
20171221 20180911 -0.00012298 4.6804e-10 TSX
20180112 20181003 0.00010851 4.7006e-10 TSX
20180319 20180707 -0.00020579 6.5505e-10 TSX
20180707 20180911 0.00011327 7.4652e-10 TSX
20180729 20181003 1.5546e-05 7.4652e-10 TSX
20180820 20181003 0.00016315 7.9878e-10 TSX
20180911 20181003 -0.00014036 8.6553e-10 TSX
