20030427 20030914 0.00019195 5.6454e-10 ERS2
20030914 20080629 3.8727e-05 2.8258e-10 ERS2
20050918 20090510 3.0405e-05 3.0556e-10 ERS2
20051127 20081116 -1.3363e-05 3.1168e-10 ERS2
20060903 20090510 -0.00018962 3.0944e-10 ERS2
20061231 20090105 -0.00015759 3.1462e-10 ALOS
20070402 20070703 0.00013954 6.6621e-10 ALOS
20070518 20091008 -2.6779e-05 3.1689e-10 ALOS
20070818 20071003 -0.00014728 7.7516e-10 ALOS
20071217 20100509 1.2868e-05 3.0207e-10 ALOS
20080103 20100526 -4.6866e-05 3.1045e-10 ALOS
20080404 20080520 0.00011063 7.7513e-10 ALOS
20080618 20090921 -6.4248e-05 3.7285e-10 ALOS
20080629 20090510 -0.00018206 4.1341e-10 ERS2
20080705 20091008 -0.00014438 3.6487e-10 ALOS
20080803 20090823 2.2016e-05 3.8295e-10 ERS2
20081116 20090823 3.7481e-05 4.3219e-10 ERS2
20081219 20090921 -0.00028825 4.5249e-10 ALOS
20090105 20090708 9.6231e-05 5.2969e-10 ALOS
20090510 20091101 -0.00044244 5.2066e-10 ERS2
20090708 20091008 0.00019066 6.6645e-10 ALOS
20090823 20091101 -0.00040794 6.985e-10 ERS2
20091222 20100624 -0.00012136 5.2697e-10 ALOS
20100108 20100223 5.0679e-05 7.7533e-10 ALOS
20100223 20100526 -0.00028432 6.666e-10 ALOS
20100410 20100711 -4.0123e-05 6.6627e-10 ALOS
20100509 20100624 0.00055917 7.7318e-10 ALOS
20100526 20100711 0.0005235 7.7517e-10 ALOS
20100624 20101109 0.00014115 5.84e-10 ALOS
20100711 20101011 -4.641e-05 6.6629e-10 ALOS
20100809 20101109 3.0996e-05 6.6357e-10 ALOS
20101011 20101126 0.00015478 7.7517e-10 ALOS
20110111 20110226 0.00046123 7.7516e-10 ALOS
20110924 20130715 3.0987e-05 3.4616e-10 TSX
20111005 20121229 -7.4329e-05 3.787e-10 TSX
20111121 20171221 9.7941e-06 2.7339e-10 TSX
20111221 20130131 3.6738e-05 3.8723e-10 TSX
20111224 20121027 0.00011584 4.1916e-10 TSX
20120126 20140419 8.9144e-05 3.0426e-10 TSX
20120203 20160320 -2.4143e-05 2.9155e-10 TSX
20120206 20171107 9.1554e-05 3.1228e-10 TSX
20120617 20171129 0.00010065 2.8519e-10 TSX
20120723 20160120 -3.8374e-05 3.5243e-10 TSX
20121024 20130109 -1.38e-05 7.0164e-10 TSX
20121027 20151226 0.00012967 3.091e-10 TSX
20121030 20130311 9.0239e-06 5.8466e-10 TSX
20121107 20171118 0.00011144 2.9863e-10 TSX
20121221 20160208 0.00015201 3.2178e-10 TSX
20121224 20130516 -4.0641e-05 5.6841e-10 TSX
20121229 20130407 3.8736e-05 6.5607e-10 TSX
20130104 20130217 3.1063e-05 7.7312e-10 TSX
20130109 20130715 0.00017466 5.3676e-10 TSX
20130112 20140511 4.8048e-05 3.6115e-10 TSX
20130115 20130721 -0.00022321 5.22e-10 TSX
20130126 20130823 -2.8392e-05 5.3482e-10 TSX
20130131 20130429 -0.00012887 6.78e-10 TSX
20130203 20130729 0.00011463 5.2321e-10 TSX
20130211 20130919 -3.9515e-05 4.9683e-10 TSX
20130228 20141209 -1.0012e-05 3.4329e-10 TSX
20130311 20130801 -1.5447e-05 5.7375e-10 TSX
20130316 20130623 -5.7634e-05 6.5616e-10 TSX
20130402 20150122 0.0001859 3.7802e-10 TSX
20130407 20140530 -2.9849e-05 3.8182e-10 TSX
20130421 20171016 5.7993e-05 2.9468e-10 TSX
20130424 20130721 -0.00031169 6.6579e-10 TSX
20130429 20130623 -2.9173e-05 7.5423e-10 TSX
20130505 20131028 -0.00044317 5.4568e-10 TSX
20130513 20151112 0.00011084 3.253e-10 TSX
20130516 20131017 0.00013693 5.649e-10 TSX
20130521 20130715 0.00022312 7.5429e-10 TSX
20130524 20171129 0.00014105 2.9666e-10 TSX
20130527 20140627 -2.6775e-05 3.9627e-10 TSX
20130601 20130930 0.00013864 6.1713e-10 TSX
20130604 20141217 0.00014117 3.4495e-10 TSX
20130607 20140719 1.6878e-05 3.9521e-10 TSX
20130612 20150105 -1.957e-05 3.4237e-10 TSX
20130615 20160106 0.00016709 3.3418e-10 TSX
20130618 20140708 -5.761e-06 3.8976e-10 TSX
20130623 20130715 0.00067733 8.6154e-10 TSX
20130629 20130914 0.00012327 6.8936e-10 TSX
20130707 20150130 0.00010347 3.4256e-10 TSX
20130710 20140901 -2.3441e-05 3.8332e-10 TSX
20130715 20130726 -0.0024436 1.0105e-09 TSX
20130721 20131108 0.00065324 6.259e-10 TSX
20130726 20150517 4.8596e-05 3.2821e-10 TSX
20130729 20160904 -4.3178e-05 3.1194e-10 TSX
20130801 20151115 -7.1909e-06 3.7496e-10 TSX
20130817 20140209 -3.3895e-05 5.4098e-10 TSX
20130828 20150312 5.0903e-05 3.4475e-10 TSX
20130903 20150329 -5.0547e-05 4.2051e-10 TSX
20130919 20160309 -8.9759e-05 2.8654e-10 TSX
20130925 20140708 1.5443e-05 4.3837e-10 TSX
20130930 20160411 -2.5644e-05 2.969e-10 TSX
20131011 20150802 -3.8646e-05 3.372e-10 TSX
20131017 20140719 -3.0978e-05 4.4449e-10 TSX
20131028 20160304 -1.6132e-05 4.3167e-10 TSX
20131102 20140519 -0.00018784 5.1714e-10 TSX
20131108 20140708 5.3826e-05 4.7432e-10 TSX
20140209 20160309 -0.0001436 3.4929e-10 TSX
20140223 20140829 4.3253e-05 5.1113e-10 TSX
20140408 20140705 -8.826e-06 6.6126e-10 TSX
20140419 20170913 -6.2748e-05 3.3407e-10 TSX
20140511 20141228 0.0001462 4.7022e-10 TSX
20140519 20150824 0.00010291 3.7459e-10 TSX
20140624 20171005 8.0778e-07 3.0266e-10 TSX
20140627 20151115 3.1715e-05 3.6773e-10 TSX
20140705 20180911 8.6837e-05 2.8034e-10 TSX
20140708 20160406 4.5035e-05 3.3878e-10 TSX
20140716 20171005 0.00014146 3.3927e-10 TSX
20140719 20151207 5.8831e-06 3.681e-10 TSX
20140727 20150326 6.3245e-05 4.6168e-10 TSX
20140810 20150122 3.6568e-05 5.3964e-10 TSX
20140818 20160301 0.00012042 3.5041e-10 TSX
20140829 20160208 0.00013202 3.5549e-10 TSX
20140901 20140912 -0.0003066 9.6731e-10 TSX
20140912 20141209 4.8585e-05 6.64e-10 TSX
20140920 20170902 0.00013019 2.8798e-10 TSX
20141209 20160211 1.83e-05 3.7403e-10 TSX
20141217 20160722 0.00013075 3.4608e-10 TSX
20141228 20160106 0.00010504 3.865e-10 TSX
20141231 20151024 1.8982e-05 4.516e-10 TSX
20150105 20150824 2.305e-06 4.9138e-10 TSX
20150108 20170811 7.0699e-05 3.1707e-10 TSX
20150119 20160117 0.00013146 3.9469e-10 TSX
20150127 20160411 1.7876e-05 4.06e-10 TSX
20150130 20151112 0.00017629 4.3633e-10 TSX
20150210 20170114 0.00017769 3.3428e-10 TSX
20150213 20160326 0.00053189 3.8874e-10 TSX
20150218 20160216 2.8527e-05 4.2376e-10 TSX
20150221 20180112 6.2543e-06 3.0123e-10 TSX
20150304 20180911 -7.004e-05 2.8972e-10 TSX
20150307 20160211 3.5736e-05 4.0649e-10 TSX
20150312 20160320 -4.7816e-05 4.0402e-10 TSX
20150326 20150827 0.00013803 5.5182e-10 TSX
20150329 20151207 2.6743e-05 4.5861e-10 TSX
20150428 20160425 0.0001536 3.9455e-10 TSX
20150509 20150827 8.467e-05 6.2124e-10 TSX
20150517 20150824 -4.0673e-05 6.6103e-10 TSX
20150520 20180911 -5.0877e-05 2.9481e-10 TSX
20150714 20170822 0.00016508 3.0972e-10 TSX
20150725 20170924 0.00015218 3.0424e-10 TSX
20150802 20160309 6.113e-05 4.9785e-10 TSX
20150805 20160403 0.00016372 4.6135e-10 TSX
20150816 20171107 0.00016652 3.0163e-10 TSX
20150824 20150915 0.00073862 8.614e-10 TSX
20150827 20170902 0.00019069 3.16e-10 TSX
20150915 20160216 -8.1925e-05 5.6824e-10 TSX
20151021 20160904 5.2685e-05 4.1311e-10 TSX
20151101 20171016 0.00016387 3.1068e-10 TSX
20151112 20160425 3.2499e-05 5.3617e-10 TSX
20151115 20151229 0.00012329 7.7312e-10 TSX
20151123 20171221 0.00013916 3.0088e-10 TSX
20151204 20151215 0.00018131 9.771e-10 TSX
20151207 20160406 -5.4681e-05 6.0215e-10 TSX
20151215 20170822 0.00013558 3.2316e-10 TSX
20151226 20161223 0.00017238 3.9335e-10 TSX
20151229 20160211 2.2716e-05 7.7312e-10 TSX
20160106 20161223 0.00018459 3.9826e-10 TSX
20160117 20160926 0.00012123 4.5375e-10 TSX
20160128 20160301 -0.00022612 8.0606e-10 TSX
20160208 20160312 -4.7688e-05 8.0606e-10 TSX
20160216 20160309 -0.00042246 8.6139e-10 TSX
20160219 20180319 0.00013224 2.9931e-10 TSX
20160301 20161201 0.0001924 4.3906e-10 TSX
20160304 20160326 0.00011885 8.4831e-10 TSX
20160312 20180319 0.00011734 3.088e-10 TSX
20160320 20160411 0.00038111 8.614e-10 TSX
20160323 20171118 0.0001366 3.2396e-10 TSX
20160326 20160406 -0.00056261 9.6724e-10 TSX
20160403 20171027 0.00013907 3.2801e-10 TSX
20160425 20170811 0.00016602 3.5319e-10 TSX
20160528 20160630 5.2999e-05 8.0606e-10 TSX
20160630 20171118 0.00016373 3.4394e-10 TSX
20160722 20161201 0.00025792 5.8132e-10 TSX
20160904 20180707 0.00017256 3.2973e-10 TSX
20160915 20180911 0.00010424 3.1174e-10 TSX
20160926 20170114 0.00011135 6.1798e-10 TSX
20161201 20171027 9.2306e-05 4.0982e-10 TSX
20161223 20171107 5.9648e-05 4.1024e-10 TSX
20170114 20170902 8.6654e-05 4.6955e-10 TSX
20170811 20171005 1.9832e-05 7.4111e-10 TSX
20170822 20180707 1.3805e-05 4.1348e-10 TSX
20170913 20180707 -6.3244e-05 4.252e-10 TSX
20170924 20180319 -8.1831e-06 5.2317e-10 TSX
20171005 20171107 3.9684e-05 8.0606e-10 TSX
20171016 20180319 -9.3433e-06 5.5006e-10 TSX
20171027 20180911 1.0103e-05 4.1326e-10 TSX
20171107 20171118 8.5046e-05 9.771e-10 TSX
20171118 20171129 5.115e-05 9.771e-10 TSX
20171129 20171221 -3.3594e-06 8.5004e-10 TSX
20171210 20180820 -2.338e-05 4.5337e-10 TSX
20171221 20180911 4.247e-05 4.454e-10 TSX
20180112 20181003 3.9308e-06 4.4573e-10 TSX
20180319 20180707 -9.8366e-05 6.1798e-10 TSX
20180707 20180911 0.00032479 7.1238e-10 TSX
20180729 20181003 0.00016995 7.1238e-10 TSX
20180820 20181003 0.00026938 7.7205e-10 TSX
20180911 20181003 -0.00014186 8.5004e-10 TSX
