20030427 20030914 -0.00012283 5.6495e-10 ERS2
20030914 20080629 -4.7876e-05 2.9601e-10 ERS2
20050918 20090510 0.00023288 3.0502e-10 ERS2
20051127 20081116 6.1995e-06 3.2416e-10 ERS2
20060903 20090510 0.00010808 3.0726e-10 ERS2
20061231 20090105 0.00016558 3.1627e-10 ALOS
20070402 20070703 0.00012179 6.6637e-10 ALOS
20070518 20091008 0.00038485 3.0108e-10 ALOS
20070818 20071003 -0.00017496 7.7508e-10 ALOS
20071217 20100509 0.00029194 3.2821e-10 ALOS
20080103 20100526 7.7686e-05 3.1287e-10 ALOS
20080404 20080520 0.00018541 7.7514e-10 ALOS
20080618 20090921 0.00027401 3.7242e-10 ALOS
20080629 20090510 -0.00027292 4.1663e-10 ERS2
20080705 20091008 7.6831e-05 3.6991e-10 ALOS
20080803 20090823 5.0489e-06 3.829e-10 ERS2
20081116 20090823 9.4903e-05 4.3211e-10 ERS2
20081219 20090921 0.00019566 4.4717e-10 ALOS
20090105 20090708 1.6164e-05 5.3128e-10 ALOS
20090510 20091101 0.00047948 5.2448e-10 ERS2
20090708 20091008 0.0003927 6.6627e-10 ALOS
20090823 20091101 -0.00014188 6.9851e-10 ERS2
20091222 20100624 -0.000212 5.3024e-10 ALOS
20100108 20100223 -0.00050293 7.7592e-10 ALOS
20100223 20100526 0.00035409 6.6733e-10 ALOS
20100410 20100711 2.1076e-05 6.6666e-10 ALOS
20100509 20100624 0.00054836 7.731e-10 ALOS
20100526 20100711 0.00038063 7.7508e-10 ALOS
20100624 20101109 0.00016958 5.8398e-10 ALOS
20100711 20101011 0.00023782 6.6619e-10 ALOS
20100809 20101109 0.00017261 6.6353e-10 ALOS
20101011 20101126 -2.6292e-05 7.7507e-10 ALOS
20110111 20110226 0.00058023 7.7505e-10 ALOS
20110924 20130715 0.00014342 3.4237e-10 TSX
20111005 20121229 8.3374e-05 3.7818e-10 TSX
20111121 20171221 1.6094e-05 3.6503e-10 TSX
20111221 20130131 0.00011341 3.8703e-10 TSX
20111224 20121027 0.00024897 4.1951e-10 TSX
20120126 20140419 0.000107 3.1922e-10 TSX
20120203 20160320 5.1899e-05 2.8841e-10 TSX
20120206 20171107 5.7541e-05 3.4819e-10 TSX
20120617 20171129 0.00010799 3.5934e-10 TSX
20120723 20160120 6.4033e-05 4.1253e-10 TSX
20121024 20130109 7.1049e-05 7.0153e-10 TSX
20121027 20151226 5.1264e-05 3.2607e-10 TSX
20121030 20130311 -4.065e-05 5.8465e-10 TSX
20121107 20171118 6.3067e-05 3.4712e-10 TSX
20121221 20160208 0.00014044 3.4787e-10 TSX
20121224 20130516 -0.00013444 5.6847e-10 TSX
20121229 20130407 2.8832e-05 6.5606e-10 TSX
20130104 20130217 -6.379e-05 7.7306e-10 TSX
20130109 20130715 0.00011332 5.36e-10 TSX
20130112 20140511 0.00018561 3.5874e-10 TSX
20130115 20130721 5.775e-05 5.1956e-10 TSX
20130126 20130823 0.00012524 5.2565e-10 TSX
20130131 20130429 -3.3591e-05 6.7795e-10 TSX
20130203 20130729 0.0002943 5.2316e-10 TSX
20130211 20130919 0.00021833 4.9638e-10 TSX
20130228 20141209 0.00013273 3.2251e-10 TSX
20130311 20130801 0.00021287 5.6844e-10 TSX
20130316 20130623 5.1612e-05 6.5606e-10 TSX
20130402 20150122 0.00017004 4.1203e-10 TSX
20130407 20140530 8.6254e-05 3.8242e-10 TSX
20130421 20171016 8.4565e-05 3.4746e-10 TSX
20130424 20130721 -1.8616e-06 6.6401e-10 TSX
20130429 20130623 4.9821e-06 7.5403e-10 TSX
20130505 20131028 -0.00047768 6.3388e-10 TSX
20130513 20151112 0.00028246 3.4405e-10 TSX
20130516 20131017 0.00036911 6.3196e-10 TSX
20130521 20130715 0.00026706 7.5405e-10 TSX
20130524 20171129 0.00012096 3.7017e-10 TSX
20130527 20140627 0.00012088 3.8355e-10 TSX
20130601 20130930 0.00037174 6.1696e-10 TSX
20130604 20141217 0.00022687 3.5627e-10 TSX
20130607 20140719 0.00019925 3.7984e-10 TSX
20130612 20150105 0.00011857 3.6781e-10 TSX
20130615 20160106 0.00013708 3.9376e-10 TSX
20130618 20140708 0.00012719 3.8871e-10 TSX
20130623 20130715 0.00066712 8.6139e-10 TSX
20130629 20130914 0.00036866 6.9862e-10 TSX
20130707 20150130 0.00017527 3.7333e-10 TSX
20130710 20140901 0.00013262 3.781e-10 TSX
20130715 20130726 -0.0023153 1.0104e-09 TSX
20130721 20131108 0.00075544 6.8608e-10 TSX
20130726 20150517 2.2257e-05 3.9182e-10 TSX
20130729 20160904 0.00022024 3.8579e-10 TSX
20130801 20151115 9.7165e-05 3.8605e-10 TSX
20130817 20140209 0.00016021 5.4096e-10 TSX
20130828 20150312 3.3395e-05 4.193e-10 TSX
20130903 20150329 4.988e-05 4.307e-10 TSX
20130919 20160309 2.6625e-05 4.403e-10 TSX
20130925 20140708 0.00019441 4.4966e-10 TSX
20130930 20160411 0.00016095 3.7931e-10 TSX
20131011 20150802 4.1347e-05 3.6713e-10 TSX
20131017 20140719 -4.0941e-05 4.5607e-10 TSX
20131028 20160304 8.47e-05 3.2939e-10 TSX
20131102 20140519 -0.00022212 5.1713e-10 TSX
20131108 20140708 -4.4071e-05 4.9839e-10 TSX
20140209 20160309 0.00016035 3.4594e-10 TSX
20140223 20140829 0.00022285 5.1129e-10 TSX
20140408 20140705 5.6719e-05 6.6125e-10 TSX
20140419 20170913 0.00012229 4.1466e-10 TSX
20140511 20141228 0.00029879 4.7152e-10 TSX
20140519 20150824 0.00017889 4.2031e-10 TSX
20140624 20171005 0.00025253 3.3558e-10 TSX
20140627 20151115 0.00019402 3.7127e-10 TSX
20140705 20180911 -7.6778e-06 3.1049e-10 TSX
20140708 20160406 0.00010726 3.5718e-10 TSX
20140716 20171005 0.00011897 3.622e-10 TSX
20140719 20151207 0.0001492 3.6032e-10 TSX
20140727 20150326 0.0001806 4.6174e-10 TSX
20140810 20150122 9.8209e-05 5.4395e-10 TSX
20140818 20160301 0.00021551 3.835e-10 TSX
20140829 20160208 0.00025953 4.0643e-10 TSX
20140901 20140912 -0.00031109 9.6724e-10 TSX
20140912 20141209 7.0479e-05 6.6401e-10 TSX
20140920 20170902 0.00015333 3.3906e-10 TSX
20141209 20160211 0.00015346 4.08e-10 TSX
20141217 20160722 0.00021707 3.8979e-10 TSX
20141228 20160106 0.00026917 4.2445e-10 TSX
20141231 20151024 0.00024283 4.4744e-10 TSX
20150105 20150824 0.00022124 5.0924e-10 TSX
20150108 20170811 -3.05e-05 3.3243e-10 TSX
20150119 20160117 0.00030501 3.9939e-10 TSX
20150127 20160411 0.00019422 4.0565e-10 TSX
20150130 20151112 0.00032615 4.4007e-10 TSX
20150210 20170114 0.00028379 3.6058e-10 TSX
20150213 20160326 5.2731e-05 4.5813e-10 TSX
20150218 20160216 0.00016289 4.1451e-10 TSX
20150221 20180112 0.0001503 3.6365e-10 TSX
20150304 20180911 4.5316e-05 3.699e-10 TSX
20150307 20160211 0.00022163 4.6522e-10 TSX
20150312 20160320 0.00016347 4.0168e-10 TSX
20150326 20150827 0.00034522 5.5795e-10 TSX
20150329 20151207 0.00021516 4.6477e-10 TSX
20150428 20160425 0.00032233 4.0879e-10 TSX
20150509 20150827 0.00033616 6.2166e-10 TSX
20150517 20150824 0.00035902 6.6355e-10 TSX
20150520 20180911 0.00016306 3.3878e-10 TSX
20150714 20170822 0.00015227 3.5594e-10 TSX
20150725 20170924 0.00013358 3.9882e-10 TSX
20150802 20160309 0.00013337 5.1558e-10 TSX
20150805 20160403 0.00023112 4.7438e-10 TSX
20150816 20171107 0.00027199 3.4427e-10 TSX
20150824 20150915 0.00079853 8.6129e-10 TSX
20150827 20170902 0.00023318 3.6835e-10 TSX
20150915 20160216 -0.00011051 5.7256e-10 TSX
20151021 20160904 0.00018352 4.441e-10 TSX
20151101 20171016 0.00023154 3.4001e-10 TSX
20151112 20160425 7.4305e-05 5.3751e-10 TSX
20151115 20151229 0.000208 7.7306e-10 TSX
20151123 20171221 2.7849e-05 3.4492e-10 TSX
20151204 20151215 0.00017658 9.7728e-10 TSX
20151207 20160406 8.8725e-06 6.0234e-10 TSX
20151215 20170822 0.00027868 3.7932e-10 TSX
20151226 20161223 0.00027977 4.2107e-10 TSX
20151229 20160211 7.0404e-06 7.7306e-10 TSX
20160106 20161223 0.00029987 4.2318e-10 TSX
20160117 20160926 0.00028412 4.6554e-10 TSX
20160128 20160301 -0.0001973 8.0613e-10 TSX
20160208 20160312 -7.2098e-05 8.0613e-10 TSX
20160216 20160309 -0.00039882 8.6129e-10 TSX
20160219 20180319 0.00017882 3.5914e-10 TSX
20160301 20161201 0.00036134 4.4622e-10 TSX
20160304 20160326 2.275e-06 8.4824e-10 TSX
20160312 20180319 0.00017275 3.5681e-10 TSX
20160320 20160411 0.00042525 8.613e-10 TSX
20160323 20171118 0.00027666 3.6944e-10 TSX
20160326 20160406 -0.00049782 9.6717e-10 TSX
20160403 20171027 0.00027496 3.6816e-10 TSX
20160425 20170811 0.0003182 3.8942e-10 TSX
20160528 20160630 9.5669e-05 8.0613e-10 TSX
20160630 20171118 0.00029167 3.716e-10 TSX
20160722 20161201 0.0004156 5.8131e-10 TSX
20160904 20180707 0.00014428 3.5241e-10 TSX
20160915 20180911 0.00015836 3.1891e-10 TSX
20160926 20170114 0.0001166 6.1789e-10 TSX
20161201 20171027 0.00019035 4.1269e-10 TSX
20161223 20171107 0.00014589 4.2921e-10 TSX
20170114 20170902 0.00019748 4.819e-10 TSX
20170811 20171005 -1.5413e-05 7.4112e-10 TSX
20170822 20180707 -1.6054e-05 4.138e-10 TSX
20170913 20180707 -8.5979e-05 4.3328e-10 TSX
20170924 20180319 -6.9957e-05 5.2321e-10 TSX
20171005 20171107 7.3598e-05 8.0613e-10 TSX
20171016 20180319 -6.6139e-05 5.5007e-10 TSX
20171027 20180911 3.6771e-05 4.1382e-10 TSX
20171107 20171118 8.6961e-05 9.7729e-10 TSX
20171118 20171129 4.5137e-05 9.7729e-10 TSX
20171129 20171221 2.9544e-06 8.5016e-10 TSX
20171210 20180820 2.5294e-05 4.5351e-10 TSX
20171221 20180911 2.7838e-05 4.4575e-10 TSX
20180112 20181003 0.0001346 4.4559e-10 TSX
20180319 20180707 -4.7949e-05 6.1796e-10 TSX
20180707 20180911 0.00040826 7.1238e-10 TSX
20180729 20181003 0.00013965 7.1238e-10 TSX
20180820 20181003 0.00019325 7.7208e-10 TSX
20180911 20181003 -0.00019607 8.5017e-10 TSX
