20030427 20030914 0.00077924 5.6647e-10 ERS2
20030914 20080629 0.00015669 3.1105e-10 ERS2
20050918 20090510 8.1156e-05 3.0179e-10 ERS2
20051127 20081116 -5.9409e-05 3.0175e-10 ERS2
20060903 20090510 -3.8514e-05 3.1187e-10 ERS2
20061231 20090105 -2.8079e-05 3.1424e-10 ALOS
20070402 20070703 3.4023e-05 6.6654e-10 ALOS
20070518 20091008 -9.2882e-05 3.1911e-10 ALOS
20070818 20071003 -0.00022035 7.7601e-10 ALOS
20071217 20100509 0.00012047 3.0871e-10 ALOS
20080103 20100526 -3.1024e-05 3.2628e-10 ALOS
20080404 20080520 7.5246e-05 7.7602e-10 ALOS
20080618 20090921 -6.7756e-05 3.7311e-10 ALOS
20080629 20090510 -0.00031117 4.1342e-10 ERS2
20080705 20091008 -0.00010341 3.6518e-10 ALOS
20080803 20090823 1.1566e-05 3.824e-10 ERS2
20081116 20090823 0.00021053 4.3256e-10 ERS2
20081219 20090921 0.00034242 4.4665e-10 ALOS
20090105 20090708 0.00035603 5.2907e-10 ALOS
20090510 20091101 1.9058e-05 5.206e-10 ERS2
20090708 20091008 1.8207e-05 6.6664e-10 ALOS
20090823 20091101 -9.229e-05 6.988e-10 ERS2
20091222 20100624 0.00028541 5.2497e-10 ALOS
20100108 20100223 0.00027979 7.7623e-10 ALOS
20100223 20100526 -4.3319e-05 6.6661e-10 ALOS
20100410 20100711 8.5012e-06 6.6665e-10 ALOS
20100509 20100624 0.00062934 7.7394e-10 ALOS
20100526 20100711 0.00034215 7.7603e-10 ALOS
20100624 20101109 5.2127e-05 5.841e-10 ALOS
20100711 20101011 4.812e-05 6.6656e-10 ALOS
20100809 20101109 5.2123e-05 6.638e-10 ALOS
20101011 20101126 0.00014123 7.7603e-10 ALOS
20110111 20110226 0.00042981 7.7601e-10 ALOS
20110924 20130715 2.3638e-05 3.8833e-10 TSX
20111005 20121229 -0.00020748 4.2687e-10 TSX
20111121 20171221 2.0863e-05 2.954e-10 TSX
20111221 20130131 -3.3487e-05 4.1976e-10 TSX
20111224 20121027 4.2704e-05 4.2232e-10 TSX
20120126 20140419 -9.3858e-06 3.5197e-10 TSX
20120203 20160320 4.0165e-05 3.6114e-10 TSX
20120206 20171107 -3.2678e-05 3.2261e-10 TSX
20120617 20171129 1.0803e-05 3.0948e-10 TSX
20120723 20160120 1.2049e-05 3.1424e-10 TSX
20121024 20130109 0.00010486 7.0276e-10 TSX
20121027 20151226 -2.8706e-05 3.4336e-10 TSX
20121030 20130311 9.5936e-05 5.8473e-10 TSX
20121107 20171118 2.6059e-05 3.0962e-10 TSX
20121221 20160208 2.423e-05 3.16e-10 TSX
20121224 20130516 -0.00015569 5.6779e-10 TSX
20121229 20130407 -0.0001489 6.5588e-10 TSX
20130104 20130217 -5.4782e-05 7.7367e-10 TSX
20130109 20130715 0.00030888 5.4194e-10 TSX
20130112 20140511 1.7599e-05 4.057e-10 TSX
20130115 20130721 -0.00024639 5.4649e-10 TSX
20130126 20130823 -0.00027033 5.0377e-10 TSX
20130131 20130429 -0.00019374 6.7836e-10 TSX
20130203 20130729 1.4659e-05 5.3208e-10 TSX
20130211 20130919 -4.8586e-05 5.2409e-10 TSX
20130228 20141209 7.7603e-05 3.8694e-10 TSX
20130311 20130801 6.5252e-05 5.8334e-10 TSX
20130316 20130623 -3.6924e-05 6.6135e-10 TSX
20130402 20150122 0.00010717 3.627e-10 TSX
20130407 20140530 5.4019e-05 4.0902e-10 TSX
20130421 20171016 3.3525e-05 3.3131e-10 TSX
20130424 20130721 -0.00025029 6.8678e-10 TSX
20130429 20130623 -1.9605e-05 7.5831e-10 TSX
20130505 20131028 -0.00033362 5.5518e-10 TSX
20130513 20151112 4.471e-05 3.3775e-10 TSX
20130516 20131017 -0.00023477 5.8112e-10 TSX
20130521 20130715 0.00024298 7.6172e-10 TSX
20130524 20171129 0.00010747 3.2478e-10 TSX
20130527 20140627 2.1701e-05 4.5971e-10 TSX
20130601 20130930 0.00014062 6.3867e-10 TSX
20130604 20141217 5.2557e-06 3.7124e-10 TSX
20130607 20140719 6.4611e-05 4.3055e-10 TSX
20130612 20150105 6.9441e-05 4.058e-10 TSX
20130615 20160106 -6.0977e-06 3.2561e-10 TSX
20130618 20140708 -5.635e-05 4.6391e-10 TSX
20130623 20130715 0.0007264 8.6376e-10 TSX
20130629 20130914 0.0001943 6.9978e-10 TSX
20130707 20150130 8.3888e-05 3.7987e-10 TSX
20130710 20140901 3.124e-05 4.1823e-10 TSX
20130715 20130726 -0.0025089 1.0125e-09 TSX
20130721 20131108 0.00058966 6.2902e-10 TSX
20130726 20150517 0.00011014 4.1484e-10 TSX
20130729 20160904 8.9574e-06 3.3683e-10 TSX
20130801 20151115 0.00023555 3.7761e-10 TSX
20130817 20140209 -0.00015189 5.6108e-10 TSX
20130828 20150312 0.00018342 4.2727e-10 TSX
20130903 20150329 -0.00013362 3.7492e-10 TSX
20130919 20160309 0.00011568 3.5552e-10 TSX
20130925 20140708 -5.2834e-05 4.4727e-10 TSX
20130930 20160411 5.4651e-05 3.4378e-10 TSX
20131011 20150802 6.9343e-05 4.1507e-10 TSX
20131017 20140719 -1.7593e-05 4.4948e-10 TSX
20131028 20160304 8.1847e-05 3.3633e-10 TSX
20131102 20140519 -0.00011846 5.2017e-10 TSX
20131108 20140708 -4.194e-05 4.7419e-10 TSX
20140209 20160309 9.303e-05 3.7537e-10 TSX
20140223 20140829 1.3404e-05 5.1425e-10 TSX
20140408 20140705 -1.617e-05 6.6137e-10 TSX
20140419 20170913 7.074e-05 3.3987e-10 TSX
20140511 20141228 5.4513e-05 4.7753e-10 TSX
20140519 20150824 0.00012306 3.9573e-10 TSX
20140624 20171005 2.0922e-05 3.0858e-10 TSX
20140627 20151115 6.18e-05 3.9525e-10 TSX
20140705 20180911 3.0618e-06 3.3032e-10 TSX
20140708 20160406 7.7399e-05 3.9081e-10 TSX
20140716 20171005 8.2858e-06 3.0989e-10 TSX
20140719 20151207 7.7206e-05 4.5162e-10 TSX
20140727 20150326 1.0992e-05 4.6213e-10 TSX
20140810 20150122 -6.6439e-05 5.3895e-10 TSX
20140818 20160301 6.092e-05 3.5096e-10 TSX
20140829 20160208 5.5908e-05 3.5294e-10 TSX
20140901 20140912 -0.00029877 9.687e-10 TSX
20140912 20141209 5.1473e-05 6.6429e-10 TSX
20140920 20170902 0.00014768 3.1341e-10 TSX
20141209 20160211 -5.3751e-06 4.2606e-10 TSX
20141217 20160722 8.8014e-05 3.4969e-10 TSX
20141228 20160106 1.5291e-05 4.0772e-10 TSX
20141231 20151024 8.9251e-05 4.4153e-10 TSX
20150105 20150824 -9.8476e-05 5.0761e-10 TSX
20150108 20170811 2.9048e-05 3.2187e-10 TSX
20150119 20160117 8.6957e-05 4.0475e-10 TSX
20150127 20160411 8.5963e-06 3.9653e-10 TSX
20150130 20151112 0.00010554 4.4391e-10 TSX
20150210 20170114 5.5948e-05 3.384e-10 TSX
20150213 20160326 -0.00019231 4.1708e-10 TSX
20150218 20160216 -3.2786e-06 4.1605e-10 TSX
20150221 20180112 -1.0414e-05 3.0841e-10 TSX
20150304 20180911 0.00016763 3.2262e-10 TSX
20150307 20160211 2.0225e-05 4.0982e-10 TSX
20150312 20160320 -8.447e-05 4.0956e-10 TSX
20150326 20150827 5.7534e-05 5.5437e-10 TSX
20150329 20151207 2.0592e-05 4.626e-10 TSX
20150428 20160425 5.9448e-05 4.126e-10 TSX
20150509 20150827 -5.7867e-05 6.2398e-10 TSX
20150517 20150824 -2.9768e-05 6.5749e-10 TSX
20150520 20180911 2.3911e-05 3.0574e-10 TSX
20150714 20170822 3.3455e-05 3.1986e-10 TSX
20150725 20170924 -2.9246e-05 3.6361e-10 TSX
20150802 20160309 -3.6157e-06 4.9606e-10 TSX
20150805 20160403 5.4661e-05 4.6441e-10 TSX
20150816 20171107 6.0025e-05 3.3327e-10 TSX
20150824 20150915 0.00071992 8.6312e-10 TSX
20150827 20170902 0.00010153 3.2834e-10 TSX
20150915 20160216 -0.00010687 5.7022e-10 TSX
20151021 20160904 -5.4995e-05 4.2872e-10 TSX
20151101 20171016 0.00011164 3.2943e-10 TSX
20151112 20160425 2.7668e-06 5.3701e-10 TSX
20151115 20151229 0.00010356 7.7367e-10 TSX
20151123 20171221 6.2836e-05 3.3949e-10 TSX
20151204 20151215 0.00015999 9.7814e-10 TSX
20151207 20160406 -3.5751e-05 6.0224e-10 TSX
20151215 20170822 0.00020896 3.6529e-10 TSX
20151226 20161223 8.1665e-05 3.961e-10 TSX
20151229 20160211 3.4509e-05 7.7367e-10 TSX
20160106 20161223 0.00010313 4.0169e-10 TSX
20160117 20160926 -6.4003e-06 4.6496e-10 TSX
20160128 20160301 -0.00021497 8.0663e-10 TSX
20160208 20160312 -8.1171e-05 8.0663e-10 TSX
20160216 20160309 -0.00041331 8.6312e-10 TSX
20160219 20180319 0.00014443 3.2597e-10 TSX
20160301 20161201 0.00011053 4.4163e-10 TSX
20160304 20160326 0.00011139 8.4941e-10 TSX
20160312 20180319 0.00010219 3.1905e-10 TSX
20160320 20160411 0.00035809 8.6313e-10 TSX
20160323 20171118 3.4168e-05 3.628e-10 TSX
20160326 20160406 -0.00053152 9.6863e-10 TSX
20160403 20171027 9.5568e-05 3.6055e-10 TSX
20160425 20170811 -1.0714e-05 3.7657e-10 TSX
20160528 20160630 -3.8145e-05 8.0663e-10 TSX
20160630 20171118 7.8679e-05 3.7593e-10 TSX
20160722 20161201 0.00020785 5.8161e-10 TSX
20160904 20180707 9.0129e-05 3.6283e-10 TSX
20160915 20180911 5.4642e-05 3.3443e-10 TSX
20160926 20170114 4.89e-05 6.2308e-10 TSX
20161201 20171027 4.3146e-05 4.1803e-10 TSX
20161223 20171107 6.4758e-05 4.2404e-10 TSX
20170114 20170902 4.0321e-05 4.7686e-10 TSX
20170811 20171005 -7.6245e-06 7.4136e-10 TSX
20170822 20180707 -2.7776e-05 4.1733e-10 TSX
20170913 20180707 -8.6124e-05 4.2831e-10 TSX
20170924 20180319 3.6508e-05 5.2352e-10 TSX
20171005 20171107 2.9275e-05 8.0663e-10 TSX
20171016 20180319 8.4353e-05 5.504e-10 TSX
20171027 20180911 -2.0077e-05 4.1586e-10 TSX
20171107 20171118 8.1513e-05 9.7814e-10 TSX
20171118 20171129 5.6453e-05 9.7814e-10 TSX
20171129 20171221 -3.0065e-05 8.5085e-10 TSX
20171210 20180820 -5.1056e-05 4.5709e-10 TSX
20171221 20180911 -5.0841e-05 4.5562e-10 TSX
20180112 20181003 2.3264e-05 4.5367e-10 TSX
20180319 20180707 -0.0002096 6.1893e-10 TSX
20180707 20180911 0.00014982 7.1249e-10 TSX
20180729 20181003 1.8382e-05 7.1256e-10 TSX
20180820 20181003 0.00017094 7.7242e-10 TSX
20180911 20181003 -0.00016882 8.5085e-10 TSX
