20030427 20030914 -0.00076401 5.6619e-10 ERS2
20030914 20080629 -2.9037e-05 2.8177e-10 ERS2
20050918 20090510 3.8601e-06 3.1165e-10 ERS2
20051127 20081116 0.0001561 3.1028e-10 ERS2
20060903 20090510 3.6113e-05 3.1028e-10 ERS2
20061231 20090105 4.4384e-05 3.3092e-10 ALOS
20070402 20070703 -0.00027639 6.6652e-10 ALOS
20070518 20091008 -0.00018339 3.2306e-10 ALOS
20070818 20071003 -0.00043589 7.7709e-10 ALOS
20071217 20100509 -0.00022305 3.0478e-10 ALOS
20080103 20100526 0.00015305 3.1653e-10 ALOS
20080404 20080520 -0.00017372 7.7769e-10 ALOS
20080618 20090921 -0.00010146 3.7276e-10 ALOS
20080629 20090510 -0.00021642 4.1393e-10 ERS2
20080705 20091008 4.9705e-05 3.6747e-10 ALOS
20080803 20090823 -5.3537e-05 3.8313e-10 ERS2
20081116 20090823 3.7374e-05 4.3206e-10 ERS2
20081219 20090921 6.9525e-05 4.5785e-10 ALOS
20090105 20090708 -0.00011383 5.3243e-10 ALOS
20090510 20091101 0.00023368 5.2031e-10 ERS2
20090708 20091008 0.00039824 6.6628e-10 ALOS
20090823 20091101 9.5183e-05 6.9931e-10 ERS2
20091222 20100624 0.00038236 5.2795e-10 ALOS
20100108 20100223 8.1735e-05 7.7957e-10 ALOS
20100223 20100526 -8.0991e-05 6.6865e-10 ALOS
20100410 20100711 -0.0002101 6.6769e-10 ALOS
20100509 20100624 0.00054989 7.7501e-10 ALOS
20100526 20100711 0.00030512 7.771e-10 ALOS
20100624 20101109 -8.3398e-05 5.839e-10 ALOS
20100711 20101011 3.0214e-05 6.6668e-10 ALOS
20100809 20101109 2.0278e-05 6.6379e-10 ALOS
20101011 20101126 0.00020674 7.771e-10 ALOS
20110111 20110226 0.00056427 7.7709e-10 ALOS
20110924 20130715 1.7223e-05 3.2724e-10 TSX
20111005 20121229 -1.3008e-05 3.7588e-10 TSX
20111121 20171221 -1.2624e-05 2.8917e-10 TSX
20111221 20130131 -1.5543e-05 3.8573e-10 TSX
20111224 20121027 6.0139e-06 4.194e-10 TSX
20120126 20140419 -4.3143e-05 2.9442e-10 TSX
20120203 20160320 2.9375e-05 3.5576e-10 TSX
20120206 20171107 1.9871e-07 2.8341e-10 TSX
20120617 20171129 -5.0833e-06 2.9701e-10 TSX
20120723 20160120 -3.6813e-06 3.3186e-10 TSX
20121024 20130109 0.00010595 7.0232e-10 TSX
20121027 20151226 -7.7424e-06 2.9315e-10 TSX
20121030 20130311 -2.7532e-05 5.8463e-10 TSX
20121107 20171118 7.9489e-06 2.8298e-10 TSX
20121221 20160208 2.0447e-05 3.0486e-10 TSX
20121224 20130516 -6.19e-05 5.6847e-10 TSX
20121229 20130407 -5.3424e-05 6.5621e-10 TSX
20130104 20130217 -4.3726e-05 7.7482e-10 TSX
20130109 20130715 -2.3011e-05 5.3216e-10 TSX
20130112 20140511 -7.1821e-06 3.5639e-10 TSX
20130115 20130721 -8.701e-05 5.142e-10 TSX
20130126 20130823 4.6875e-05 5.1637e-10 TSX
20130131 20130429 -6.0138e-05 6.7833e-10 TSX
20130203 20130729 -4.097e-05 5.2311e-10 TSX
20130211 20130919 -7.9101e-06 4.9651e-10 TSX
20130228 20141209 3.6873e-06 3.8144e-10 TSX
20130311 20130801 -1.0029e-05 5.6833e-10 TSX
20130316 20130623 -1.4525e-05 6.5621e-10 TSX
20130402 20150122 0.00012287 3.6309e-10 TSX
20130407 20140530 -5.519e-05 3.8183e-10 TSX
20130421 20171016 1.9481e-05 2.9523e-10 TSX
20130424 20130721 -0.0001474 6.643e-10 TSX
20130429 20130623 -7.9464e-05 7.5574e-10 TSX
20130505 20131028 -0.00020733 5.7602e-10 TSX
20130513 20151112 2.2066e-05 3.1753e-10 TSX
20130516 20131017 1.2806e-05 5.9505e-10 TSX
20130521 20130715 0.00018558 7.5575e-10 TSX
20130524 20171129 2.5654e-05 2.9772e-10 TSX
20130527 20140627 3.9681e-06 3.8383e-10 TSX
20130601 20130930 9.1443e-05 6.1687e-10 TSX
20130604 20141217 2.561e-06 3.5205e-10 TSX
20130607 20140719 2.1325e-05 3.8087e-10 TSX
20130612 20150105 -2.5806e-05 3.532e-10 TSX
20130615 20160106 1.1754e-05 3.0584e-10 TSX
20130618 20140708 -7.5995e-07 3.881e-10 TSX
20130623 20130715 0.00066216 8.6447e-10 TSX
20130629 20130914 0.00013999 7.099e-10 TSX
20130707 20150130 -1.2725e-05 3.4628e-10 TSX
20130710 20140901 -1.7022e-05 3.7767e-10 TSX
20130715 20130726 -0.0023571 1.0136e-09 TSX
20130721 20131108 0.00082519 6.5541e-10 TSX
20130726 20150517 -3.1504e-05 3.3544e-10 TSX
20130729 20160904 -6.4232e-07 2.9106e-10 TSX
20130801 20151115 1.4796e-05 3.1652e-10 TSX
20130817 20140209 -8.0169e-05 5.4086e-10 TSX
20130828 20150312 2.0305e-05 3.5657e-10 TSX
20130903 20150329 -0.00018177 3.4235e-10 TSX
20130919 20160309 1.6704e-05 2.9248e-10 TSX
20130925 20140708 -9.4875e-05 4.661e-10 TSX
20130930 20160411 -2.7804e-05 3.2695e-10 TSX
20131011 20150802 2.3836e-05 3.5945e-10 TSX
20131017 20140719 -7.2465e-05 4.6524e-10 TSX
20131028 20160304 -1.7389e-05 3.3247e-10 TSX
20131102 20140519 -7.232e-05 5.1706e-10 TSX
20131108 20140708 -0.0001855 5.8369e-10 TSX
20140209 20160309 -5.0987e-06 3.2761e-10 TSX
20140223 20140829 1.6874e-05 5.1109e-10 TSX
20140408 20140705 -4.4179e-05 6.6166e-10 TSX
20140419 20170913 5.2703e-05 3.2176e-10 TSX
20140511 20141228 2.3239e-05 4.7086e-10 TSX
20140519 20150824 1.4973e-05 3.9735e-10 TSX
20140624 20171005 1.2752e-05 3.1493e-10 TSX
20140627 20151115 -5.9561e-07 3.4997e-10 TSX
20140705 20180911 1.0946e-05 3.1871e-10 TSX
20140708 20160406 3.278e-08 3.2481e-10 TSX
20140716 20171005 2.3884e-05 3.0519e-10 TSX
20140719 20151207 1.1668e-05 3.5085e-10 TSX
20140727 20150326 -2.3869e-05 4.6179e-10 TSX
20140810 20150122 -3.9202e-06 5.5806e-10 TSX
20140818 20160301 1.6745e-05 3.4203e-10 TSX
20140829 20160208 2.1534e-05 3.6579e-10 TSX
20140901 20140912 -0.00029677 9.7e-10 TSX
20140912 20141209 -1.6123e-05 6.642e-10 TSX
20140920 20170902 2.6121e-05 3.15e-10 TSX
20141209 20160211 -1.254e-05 3.8823e-10 TSX
20141217 20160722 2.8217e-05 3.4542e-10 TSX
20141228 20160106 2.5342e-05 3.8785e-10 TSX
20141231 20151024 1.5903e-06 4.3471e-10 TSX
20150105 20150824 -3.668e-06 4.8974e-10 TSX
20150108 20170811 2.4443e-05 3.1823e-10 TSX
20150119 20160117 4.3787e-05 3.9254e-10 TSX
20150127 20160411 -4.8503e-05 3.9311e-10 TSX
20150130 20151112 3.7483e-05 4.3154e-10 TSX
20150210 20170114 4.8855e-05 3.2822e-10 TSX
20150213 20160326 -0.00024084 4.0285e-10 TSX
20150218 20160216 6.3706e-06 4.0767e-10 TSX
20150221 20180112 6.7246e-05 3.6484e-10 TSX
20150304 20180911 1.5642e-05 2.9871e-10 TSX
20150307 20160211 3.6806e-06 4.1007e-10 TSX
20150312 20160320 -3.4123e-05 4.0113e-10 TSX
20150326 20150827 6.3818e-05 5.5392e-10 TSX
20150329 20151207 5.1457e-06 4.5765e-10 TSX
20150428 20160425 6.0923e-05 4.0208e-10 TSX
20150509 20150827 6.7657e-05 6.2328e-10 TSX
20150517 20150824 -4.8208e-05 6.5698e-10 TSX
20150520 20180911 5.5314e-06 2.8381e-10 TSX
20150714 20170822 3.3945e-05 3.1497e-10 TSX
20150725 20170924 3.0988e-05 3.187e-10 TSX
20150802 20160309 -9.201e-05 5.0187e-10 TSX
20150805 20160403 -1.8589e-06 4.6956e-10 TSX
20150816 20171107 4.483e-05 3.0456e-10 TSX
20150824 20150915 0.00067604 8.6438e-10 TSX
20150827 20170902 3.2693e-05 3.2568e-10 TSX
20150915 20160216 -9.6583e-05 5.6975e-10 TSX
20151021 20160904 -3.6922e-05 4.1479e-10 TSX
20151101 20171016 2.861e-05 3.0822e-10 TSX
20151112 20160425 -2.1575e-05 5.3615e-10 TSX
20151115 20151229 0.0001943 7.7482e-10 TSX
20151123 20171221 3.5223e-05 3.1657e-10 TSX
20151204 20151215 0.00016998 9.8019e-10 TSX
20151207 20160406 -0.00011884 6.0214e-10 TSX
20151215 20170822 4.9799e-05 3.2203e-10 TSX
20151226 20161223 4.7778e-05 3.9403e-10 TSX
20151229 20160211 -2.2413e-05 7.7482e-10 TSX
20160106 20161223 5.848e-05 4.0056e-10 TSX
20160117 20160926 4.664e-05 4.5541e-10 TSX
20160128 20160301 -0.00016287 8.0869e-10 TSX
20160208 20160312 -0.00010406 8.0869e-10 TSX
20160216 20160309 -0.00036899 8.6438e-10 TSX
20160219 20180319 1.8629e-05 3.1226e-10 TSX
20160301 20161201 0.00011031 4.3886e-10 TSX
20160304 20160326 1.4934e-05 8.5081e-10 TSX
20160312 20180319 2.5085e-05 3.2079e-10 TSX
20160320 20160411 0.00037421 8.6438e-10 TSX
20160323 20171118 4.4983e-05 3.2206e-10 TSX
20160326 20160406 -0.0005109 9.6992e-10 TSX
20160403 20171027 7.1246e-05 3.4064e-10 TSX
20160425 20170811 7.663e-05 3.5796e-10 TSX
20160528 20160630 -1.5607e-05 8.0869e-10 TSX
20160630 20171118 7.046e-05 3.4219e-10 TSX
20160722 20161201 0.00020801 5.8128e-10 TSX
20160904 20180707 1.0535e-05 3.3436e-10 TSX
20160915 20180911 4.0763e-07 3.1706e-10 TSX
20160926 20170114 2.8893e-05 6.1817e-10 TSX
20161201 20171027 -1.1731e-05 4.1052e-10 TSX
20161223 20171107 -1.3044e-06 4.1502e-10 TSX
20170114 20170902 3.004e-05 4.7621e-10 TSX
20170811 20171005 -7.8915e-05 7.4272e-10 TSX
20170822 20180707 -8.787e-05 4.1393e-10 TSX
20170913 20180707 -0.00013453 4.2612e-10 TSX
20170924 20180319 -6.9247e-05 5.2318e-10 TSX
20171005 20171107 4.3365e-05 8.0869e-10 TSX
20171016 20180319 -4.228e-05 5.5005e-10 TSX
20171027 20180911 -4.7132e-05 4.1391e-10 TSX
20171107 20171118 8.8653e-05 9.8019e-10 TSX
20171118 20171129 5.6713e-05 9.8019e-10 TSX
20171129 20171221 -3.3848e-05 8.5299e-10 TSX
20171210 20180820 -8.5482e-05 4.5348e-10 TSX
20171221 20180911 -8.6545e-05 4.4581e-10 TSX
20180112 20181003 -1.1128e-05 4.4587e-10 TSX
20180319 20180707 -0.00010084 6.1805e-10 TSX
20180707 20180911 0.00027219 7.1349e-10 TSX
20180729 20181003 -2.8166e-06 7.1349e-10 TSX
20180820 20181003 0.00011955 7.742e-10 TSX
20180911 20181003 -0.00021385 8.53e-10 TSX
