20030427 20030914 -0.00064596 5.6841e-10 ERS2
20030914 20080629 9.5948e-05 2.725e-10 ERS2
20050918 20090510 -4.2625e-05 2.9935e-10 ERS2
20051127 20081116 -5.5577e-05 3.0574e-10 ERS2
20060903 20090510 3.41e-06 3.1189e-10 ERS2
20061231 20090105 5.2462e-05 3.1262e-10 ALOS
20070402 20070703 -0.00032269 6.6672e-10 ALOS
20070518 20091008 -4.4763e-05 2.978e-10 ALOS
20070818 20071003 -0.00051818 7.7743e-10 ALOS
20071217 20100509 -5.7339e-05 2.9855e-10 ALOS
20080103 20100526 -0.00010153 2.9692e-10 ALOS
20080404 20080520 -7.2861e-06 7.7744e-10 ALOS
20080618 20090921 -4.583e-05 3.728e-10 ALOS
20080629 20090510 -0.00010593 4.1949e-10 ERS2
20080705 20091008 -6.2322e-05 3.6507e-10 ALOS
20080803 20090823 -1.4137e-05 3.8265e-10 ERS2
20081116 20090823 -8.4792e-05 4.3281e-10 ERS2
20081219 20090921 9.8756e-05 4.4626e-10 ALOS
20090105 20090708 -0.00012243 5.2812e-10 ALOS
20090510 20091101 -0.00020797 5.2165e-10 ERS2
20090708 20091008 0.00065005 6.6674e-10 ALOS
20090823 20091101 -3.9104e-05 6.9942e-10 ERS2
20091222 20100624 0.00051915 5.2553e-10 ALOS
20100108 20100223 0.00057912 7.7746e-10 ALOS
20100223 20100526 2.609e-05 6.6674e-10 ALOS
20100410 20100711 -0.00017861 6.6672e-10 ALOS
20100509 20100624 0.0006077 7.7535e-10 ALOS
20100526 20100711 0.0003704 7.7745e-10 ALOS
20100624 20101109 1.315e-05 5.8401e-10 ALOS
20100711 20101011 0.00017376 6.6675e-10 ALOS
20100809 20101109 -7.4476e-05 6.6402e-10 ALOS
20101011 20101126 0.00024186 7.7745e-10 ALOS
20110111 20110226 0.00067515 7.7743e-10 ALOS
20110924 20130715 4.227e-05 3.239e-10 TSX
20111005 20121229 -8.8979e-05 3.6887e-10 TSX
20111121 20171221 -2.0247e-05 2.7405e-10 TSX
20111221 20130131 6.1021e-07 3.8594e-10 TSX
20111224 20121027 -2.246e-05 4.1946e-10 TSX
20120126 20140419 -2.116e-05 2.9042e-10 TSX
20120203 20160320 4.1577e-05 2.4352e-10 TSX
20120206 20171107 -2.4444e-05 2.8633e-10 TSX
20120617 20171129 -9.218e-06 2.6374e-10 TSX
20120723 20160120 6.3758e-05 2.7093e-10 TSX
20121024 20130109 -2.0162e-05 7.0257e-10 TSX
20121027 20151226 2.4932e-05 2.661e-10 TSX
20121030 20130311 2.851e-05 5.8472e-10 TSX
20121107 20171118 -3.6405e-05 2.8514e-10 TSX
20121221 20160208 7.3605e-06 2.7402e-10 TSX
20121224 20130516 -4.9797e-05 5.6854e-10 TSX
20121229 20130407 0.00013918 6.5644e-10 TSX
20130104 20130217 0.00013243 7.7511e-10 TSX
20130109 20130715 0.00021656 5.2851e-10 TSX
20130112 20140511 7.7266e-07 3.5538e-10 TSX
20130115 20130721 -0.00011524 5.1398e-10 TSX
20130126 20130823 -5.271e-05 4.9145e-10 TSX
20130131 20130429 -3.3837e-05 6.786e-10 TSX
20130203 20130729 -4.1985e-05 5.2312e-10 TSX
20130211 20130919 5.8648e-05 4.9594e-10 TSX
20130228 20141209 5.5698e-05 3.1326e-10 TSX
20130311 20130801 -5.7552e-05 5.6849e-10 TSX
20130316 20130623 4.0631e-05 6.5645e-10 TSX
20130402 20150122 6.1144e-05 2.9877e-10 TSX
20130407 20140530 -2.9314e-06 3.8105e-10 TSX
20130421 20171016 -1.6932e-05 2.7718e-10 TSX
20130424 20130721 -0.00016431 6.6449e-10 TSX
20130429 20130623 2.6671e-06 7.561e-10 TSX
20130505 20131028 -0.00044653 5.2587e-10 TSX
20130513 20151112 -1.6836e-06 2.8621e-10 TSX
20130516 20131017 -0.00012154 5.531e-10 TSX
20130521 20130715 0.00033597 7.5613e-10 TSX
20130524 20171129 -1.2219e-05 2.692e-10 TSX
20130527 20140627 5.3975e-05 3.8392e-10 TSX
20130601 20130930 0.00025157 6.1704e-10 TSX
20130604 20141217 -1.4853e-06 3.3852e-10 TSX
20130607 20140719 5.9335e-05 3.7999e-10 TSX
20130612 20150105 2.1856e-05 3.3711e-10 TSX
20130615 20160106 -1.4108e-06 2.7679e-10 TSX
20130618 20140708 3.4917e-05 3.8835e-10 TSX
20130623 20130715 0.00064691 8.6475e-10 TSX
20130629 20130914 0.00027036 6.8901e-10 TSX
20130707 20150130 3.6455e-06 3.3805e-10 TSX
20130710 20140901 1.8745e-05 3.7665e-10 TSX
20130715 20130726 -0.0024563 1.0138e-09 TSX
20130721 20131108 0.00068089 6.212e-10 TSX
20130726 20150517 3.9176e-05 3.2066e-10 TSX
20130729 20160904 -1.3057e-05 2.6782e-10 TSX
20130801 20151115 4.6622e-05 2.8814e-10 TSX
20130817 20140209 -0.00015762 5.4094e-10 TSX
20130828 20150312 1.5645e-05 3.3993e-10 TSX
20130903 20150329 -8.6553e-05 3.1651e-10 TSX
20130919 20160309 -2.5069e-06 2.755e-10 TSX
20130925 20140708 -4.854e-05 4.3133e-10 TSX
20130930 20160411 4.6326e-06 2.7311e-10 TSX
20131011 20150802 2.2457e-05 3.1942e-10 TSX
20131017 20140719 1.954e-05 4.3879e-10 TSX
20131028 20160304 3.7047e-05 2.8905e-10 TSX
20131102 20140519 -6.3198e-05 5.1711e-10 TSX
20131108 20140708 -7.1554e-05 4.6281e-10 TSX
20140209 20160309 9.3457e-05 3.0549e-10 TSX
20140223 20140829 2.4364e-06 5.1111e-10 TSX
20140408 20140705 -5.2284e-05 6.6171e-10 TSX
20140419 20170913 -1.2001e-05 2.9464e-10 TSX
20140511 20141228 -2.9346e-05 4.7017e-10 TSX
20140519 20150824 5.0116e-05 3.645e-10 TSX
20140624 20171005 -2.1183e-05 2.8236e-10 TSX
20140627 20151115 -1.236e-05 3.4015e-10 TSX
20140705 20180911 -1.696e-07 2.6299e-10 TSX
20140708 20160406 2.9578e-05 3.1243e-10 TSX
20140716 20171005 -2.4852e-05 2.8329e-10 TSX
20140719 20151207 2.0139e-05 3.4058e-10 TSX
20140727 20150326 -3.2945e-05 4.6161e-10 TSX
20140810 20150122 9.4682e-06 5.3921e-10 TSX
20140818 20160301 -1.8155e-05 3.2435e-10 TSX
20140829 20160208 -1.2161e-06 3.3149e-10 TSX
20140901 20140912 -0.00027852 9.7017e-10 TSX
20140912 20141209 -1.5841e-05 6.6448e-10 TSX
20140920 20170902 -2.4437e-05 2.8353e-10 TSX
20141209 20160211 -2.0212e-05 3.6378e-10 TSX
20141217 20160722 -8.5214e-06 3.1789e-10 TSX
20141228 20160106 -2.3371e-05 3.8189e-10 TSX
20141231 20151024 5.1455e-05 4.2511e-10 TSX
20150105 20150824 1.3098e-05 4.8612e-10 TSX
20150108 20170811 -3.7125e-06 3.0222e-10 TSX
20150119 20160117 -2.2949e-05 3.8705e-10 TSX
20150127 20160411 2.0963e-05 3.7116e-10 TSX
20150130 20151112 -4.5176e-05 4.2849e-10 TSX
20150210 20170114 3.9982e-06 3.0376e-10 TSX
20150213 20160326 7.4008e-06 3.7248e-10 TSX
20150218 20160216 2.7921e-06 4.0275e-10 TSX
20150221 20180112 -1.8191e-05 2.6881e-10 TSX
20150304 20180911 -2.1044e-05 2.6594e-10 TSX
20150307 20160211 3.0946e-05 4.007e-10 TSX
20150312 20160320 -6.8649e-05 3.9805e-10 TSX
20150326 20150827 2.2112e-05 5.4973e-10 TSX
20150329 20151207 2.1834e-05 4.5481e-10 TSX
20150428 20160425 -2.1354e-05 3.868e-10 TSX
20150509 20150827 2.1583e-05 6.1802e-10 TSX
20150517 20150824 9.804e-06 6.5644e-10 TSX
20150520 20180911 -3.4489e-05 2.6999e-10 TSX
20150714 20170822 2.0502e-05 3.008e-10 TSX
20150725 20170924 -2.2737e-05 2.9336e-10 TSX
20150802 20160309 -8.8793e-05 4.9594e-10 TSX
20150805 20160403 -6.542e-05 4.6118e-10 TSX
20150816 20171107 -5.6591e-06 2.914e-10 TSX
20150824 20150915 0.00062975 8.6463e-10 TSX
20150827 20170902 -3.1763e-06 2.9959e-10 TSX
20150915 20160216 -9.2565e-05 5.6812e-10 TSX
20151021 20160904 -0.0001088 4.1205e-10 TSX
20151101 20171016 -2.5018e-05 3.0132e-10 TSX
20151112 20160425 -2.1608e-05 5.3607e-10 TSX
20151115 20151229 0.00017691 7.7511e-10 TSX
20151123 20171221 -1.9047e-06 2.9614e-10 TSX
20151204 20151215 0.00017008 9.8043e-10 TSX
20151207 20160406 -9.2275e-05 6.0225e-10 TSX
20151215 20170822 7.827e-06 3.1439e-10 TSX
20151226 20161223 -2.3594e-06 3.9353e-10 TSX
20151229 20160211 1.6151e-05 7.7511e-10 TSX
20160106 20161223 -6.7446e-06 3.9825e-10 TSX
20160117 20160926 -2.2173e-05 4.53e-10 TSX
20160128 20160301 -0.00020229 8.0887e-10 TSX
20160208 20160312 -6.4742e-05 8.0887e-10 TSX
20160216 20160309 -0.00038277 8.6463e-10 TSX
20160219 20180319 2.0949e-05 2.9669e-10 TSX
20160301 20161201 2.3634e-05 4.3861e-10 TSX
20160304 20160326 3.2845e-05 8.5103e-10 TSX
20160312 20180319 2.9223e-05 2.9859e-10 TSX
20160320 20160411 0.00044089 8.6463e-10 TSX
20160323 20171118 -6.6136e-06 3.2008e-10 TSX
20160326 20160406 -0.00050363 9.701e-10 TSX
20160403 20171027 7.7466e-06 3.2337e-10 TSX
20160425 20170811 -3.2485e-06 3.5665e-10 TSX
20160528 20160630 4.9508e-05 8.0887e-10 TSX
20160630 20171118 -2.6206e-05 3.3779e-10 TSX
20160722 20161201 4.575e-05 5.8131e-10 TSX
20160904 20180707 1.2764e-05 3.2637e-10 TSX
20160915 20180911 -3.5222e-06 3.0025e-10 TSX
20160926 20170114 -3.904e-05 6.1806e-10 TSX
20161201 20171027 -2.8906e-05 4.0805e-10 TSX
20161223 20171107 -3.558e-05 4.1082e-10 TSX
20170114 20170902 -3.3246e-06 4.6859e-10 TSX
20170811 20171005 -8.2688e-05 7.4283e-10 TSX
20170822 20180707 -2.1743e-05 4.1401e-10 TSX
20170913 20180707 -2.6688e-05 4.2482e-10 TSX
20170924 20180319 5.6241e-06 5.2316e-10 TSX
20171005 20171107 1.3995e-05 8.0887e-10 TSX
20171016 20180319 5.5908e-06 5.5006e-10 TSX
20171027 20180911 -3.8002e-05 4.1419e-10 TSX
20171107 20171118 7.8024e-05 9.8043e-10 TSX
20171118 20171129 4.9081e-05 9.8043e-10 TSX
20171129 20171221 5.4468e-06 8.5321e-10 TSX
20171210 20180820 -2.6445e-05 4.5351e-10 TSX
20171221 20180911 -5.9394e-05 4.4579e-10 TSX
20180112 20181003 1.966e-05 4.4573e-10 TSX
20180319 20180707 -5.4211e-05 6.1807e-10 TSX
20180707 20180911 5.8736e-05 7.1358e-10 TSX
20180729 20181003 6.4161e-05 7.1358e-10 TSX
20180820 20181003 0.00018125 7.7435e-10 TSX
20180911 20181003 -0.00010549 8.5321e-10 TSX
