20030427 20030914 -0.00036284 5.7413e-10 ERS2
20030914 20080629 -4.7172e-05 2.7296e-10 ERS2
20050918 20090510 1.0156e-05 3.0562e-10 ERS2
20051127 20081116 -0.00016417 3.0622e-10 ERS2
20060903 20090510 1.3233e-05 3.1001e-10 ERS2
20061231 20090105 5.3976e-05 3.1189e-10 ALOS
20070402 20070703 -0.00018565 6.7922e-10 ALOS
20070518 20091008 -2.1413e-05 2.9686e-10 ALOS
20070818 20071003 -0.00045866 7.8827e-10 ALOS
20071217 20100509 -5.4943e-05 3.0089e-10 ALOS
20080103 20100526 -2.2368e-05 2.9587e-10 ALOS
20080404 20080520 -6.5309e-05 7.8828e-10 ALOS
20080618 20090921 -0.00011309 3.7414e-10 ALOS
20080629 20090510 6.8515e-05 4.1272e-10 ERS2
20080705 20091008 1.6204e-05 3.661e-10 ALOS
20080803 20090823 -5.13e-05 3.8425e-10 ERS2
20081116 20090823 -3.5746e-05 4.3408e-10 ERS2
20081219 20090921 -0.00021145 4.4846e-10 ALOS
20090105 20090708 -4.8461e-05 5.3314e-10 ALOS
20090510 20091101 -0.00022261 5.256e-10 ERS2
20090708 20091008 -2.5422e-05 6.7923e-10 ALOS
20090823 20091101 0.00049828 7.1208e-10 ERS2
20091222 20100624 -0.00019846 5.3019e-10 ALOS
20100108 20100223 -0.00010591 7.8828e-10 ALOS
20100223 20100526 -0.00012629 6.7924e-10 ALOS
20100410 20100711 -0.00011419 6.7924e-10 ALOS
20100509 20100624 0.00068524 7.8616e-10 ALOS
20100526 20100711 0.00038755 7.8829e-10 ALOS
20100624 20101109 -7.7766e-05 5.9244e-10 ALOS
20100711 20101011 -0.00022206 6.7923e-10 ALOS
20100809 20101109 -3.3694e-05 6.7625e-10 ALOS
20101011 20101126 0.00018806 7.8829e-10 ALOS
20110111 20110226 0.00052936 7.8827e-10 ALOS
20110924 20130715 1.6501e-05 3.2369e-10 TSX
20111005 20121229 4.4542e-09 3.6918e-10 TSX
20111121 20171221 9.2169e-06 2.4019e-10 TSX
20111221 20130131 -7.3266e-06 3.8608e-10 TSX
20111224 20121027 1.0131e-05 4.2046e-10 TSX
20120126 20140419 -2.0891e-06 2.8954e-10 TSX
20120203 20160320 -6.7485e-06 2.436e-10 TSX
20120206 20171107 1.3735e-05 2.3376e-10 TSX
20120617 20171129 1.3268e-05 2.4293e-10 TSX
20120723 20160120 6.709e-05 2.5537e-10 TSX
20121024 20130109 0.00015549 7.1585e-10 TSX
20121027 20151226 -2.0966e-05 2.6444e-10 TSX
20121030 20130311 -8.7751e-06 5.9292e-10 TSX
20121107 20171118 1.1197e-05 2.4103e-10 TSX
20121221 20160208 -2.1904e-05 2.6623e-10 TSX
20121224 20130516 -5.9319e-05 5.7583e-10 TSX
20121229 20130407 -6.5088e-05 6.6885e-10 TSX
20130104 20130217 -8.0561e-05 7.8553e-10 TSX
20130109 20130715 7.3725e-05 5.3363e-10 TSX
20130112 20140511 2.0338e-05 3.5578e-10 TSX
20130115 20130721 -0.000135 5.1832e-10 TSX
20130126 20130823 -5.4817e-05 4.9472e-10 TSX
20130131 20130429 5.3814e-05 6.9163e-10 TSX
20130203 20130729 1.0659e-05 5.2835e-10 TSX
20130211 20130919 4.8447e-05 4.9945e-10 TSX
20130228 20141209 1.0948e-05 3.1267e-10 TSX
20130311 20130801 1.0607e-06 5.7576e-10 TSX
20130316 20130623 -1.6872e-05 6.6886e-10 TSX
20130402 20150122 4.8731e-05 2.8952e-10 TSX
20130407 20140530 8.6304e-06 3.8127e-10 TSX
20130421 20171016 1.9683e-05 2.3943e-10 TSX
20130424 20130721 -0.00018953 6.7629e-10 TSX
20130429 20130623 -0.00010348 7.6824e-10 TSX
20130505 20131028 -0.00042362 5.31e-10 TSX
20130513 20151112 -1.301e-05 2.7498e-10 TSX
20130516 20131017 -0.00010098 5.5962e-10 TSX
20130521 20130715 0.00029382 7.6827e-10 TSX
20130524 20171129 1.9258e-05 2.4503e-10 TSX
20130527 20140627 1.8158e-05 3.8439e-10 TSX
20130601 20130930 0.00013554 6.2763e-10 TSX
20130604 20141217 3.7964e-06 3.397e-10 TSX
20130607 20140719 1.3836e-05 3.8087e-10 TSX
20130612 20150105 3.5019e-05 3.3908e-10 TSX
20130615 20160106 2.8133e-05 2.7528e-10 TSX
20130618 20140708 3.5458e-05 3.8862e-10 TSX
20130623 20130715 0.00062941 8.7072e-10 TSX
20130629 20130914 0.00018437 7.013e-10 TSX
20130707 20150130 1.4786e-06 3.3912e-10 TSX
20130710 20140901 5.6611e-06 3.7737e-10 TSX
20130715 20130726 -0.0023257 1.0179e-09 TSX
20130721 20131108 0.00067659 6.3135e-10 TSX
20130726 20150517 -3.7765e-05 3.2259e-10 TSX
20130729 20160904 -2.8964e-05 2.679e-10 TSX
20130801 20151115 1.848e-05 2.851e-10 TSX
20130817 20140209 -8.1369e-05 5.4683e-10 TSX
20130828 20150312 5.9971e-05 3.4144e-10 TSX
20130903 20150329 -0.00010279 3.1107e-10 TSX
20130919 20160309 -4.9044e-06 2.7344e-10 TSX
20130925 20140708 3.8903e-05 4.3265e-10 TSX
20130930 20160411 -3.9596e-06 2.6945e-10 TSX
20131011 20150802 2.3197e-05 3.2081e-10 TSX
20131017 20140719 -6.7497e-05 4.4028e-10 TSX
20131028 20160304 -3.1163e-05 2.5251e-10 TSX
20131102 20140519 -3.035e-05 5.2164e-10 TSX
20131108 20140708 3.4285e-06 4.6508e-10 TSX
20140209 20160309 5.7916e-05 3.0551e-10 TSX
20140223 20140829 5.9289e-05 5.1568e-10 TSX
20140408 20140705 1.3449e-05 6.7452e-10 TSX
20140419 20170913 8.1548e-06 2.5752e-10 TSX
20140511 20141228 1.1138e-06 4.7287e-10 TSX
20140519 20150824 4.2417e-05 3.6442e-10 TSX
20140624 20171005 -7.7302e-06 2.5751e-10 TSX
20140627 20151115 -1.413e-05 3.4035e-10 TSX
20140705 20180911 1.1012e-05 2.4981e-10 TSX
20140708 20160406 9.3359e-06 3.1252e-10 TSX
20140716 20171005 1.4585e-05 2.5826e-10 TSX
20140719 20151207 1.9014e-05 3.4073e-10 TSX
20140727 20150326 -1.4143e-05 4.6405e-10 TSX
20140810 20150122 1.724e-05 5.4486e-10 TSX
20140818 20160301 -2.3439e-05 3.2486e-10 TSX
20140829 20160208 -1.7396e-05 3.3227e-10 TSX
20140901 20140912 -0.00026356 9.7419e-10 TSX
20140912 20141209 -6.7186e-05 6.7628e-10 TSX
20140920 20170902 1.2159e-05 2.654e-10 TSX
20141209 20160211 4.7233e-06 3.6376e-10 TSX
20141217 20160722 -6.4966e-07 3.1854e-10 TSX
20141228 20160106 -5.0513e-06 3.8246e-10 TSX
20141231 20151024 4.5e-06 4.2624e-10 TSX
20150105 20150824 3.0886e-06 4.8911e-10 TSX
20150108 20170811 1.4019e-05 2.7222e-10 TSX
20150119 20160117 -5.9231e-07 3.8753e-10 TSX
20150127 20160411 1.9118e-05 3.7122e-10 TSX
20150130 20151112 -2.3339e-05 4.2969e-10 TSX
20150210 20170114 2.9657e-05 2.9616e-10 TSX
20150213 20160326 1.8136e-05 3.6652e-10 TSX
20150218 20160216 1.813e-05 4.0347e-10 TSX
20150221 20180112 7.7539e-05 2.5524e-10 TSX
20150304 20180911 1.5871e-05 2.5276e-10 TSX
20150307 20160211 2.4855e-05 4.0156e-10 TSX
20150312 20160320 -7.3847e-05 3.9831e-10 TSX
20150326 20150827 1.062e-05 5.5649e-10 TSX
20150329 20151207 8.638e-06 4.5684e-10 TSX
20150428 20160425 -8.5223e-06 3.8734e-10 TSX
20150509 20150827 5.9156e-05 6.2894e-10 TSX
20150517 20150824 7.2088e-06 6.6885e-10 TSX
20150520 20180911 5.2735e-06 2.5881e-10 TSX
20150714 20170822 2.0691e-05 2.912e-10 TSX
20150725 20170924 2.325e-05 2.8915e-10 TSX
20150802 20160309 -7.6249e-05 4.9941e-10 TSX
20150805 20160403 -5.3523e-06 4.6353e-10 TSX
20150816 20171107 1.7821e-05 2.8884e-10 TSX
20150824 20150915 0.00061769 8.7061e-10 TSX
20150827 20170902 7.8377e-06 2.9421e-10 TSX
20150915 20160216 -2.7682e-05 5.7571e-10 TSX
20151021 20160904 -8.7971e-05 4.1351e-10 TSX
20151101 20171016 1.3082e-05 2.9884e-10 TSX
20151112 20160425 -1.4108e-05 5.421e-10 TSX
20151115 20151229 0.00013193 7.8553e-10 TSX
20151123 20171221 3.7515e-05 2.9411e-10 TSX
20151204 20151215 0.00014907 9.8522e-10 TSX
20151207 20160406 -4.7715e-05 6.114e-10 TSX
20151215 20170822 3.2143e-05 3.149e-10 TSX
20151226 20161223 -7.8497e-06 3.9429e-10 TSX
20151229 20160211 2.9574e-05 7.8553e-10 TSX
20160106 20161223 -9.092e-06 3.9873e-10 TSX
20160117 20160926 -1.338e-05 4.5514e-10 TSX
20160128 20160301 -0.00017714 8.1821e-10 TSX
20160208 20160312 -9.365e-05 8.1821e-10 TSX
20160216 20160309 -0.00036842 8.7061e-10 TSX
20160219 20180319 1.5632e-05 2.9642e-10 TSX
20160301 20161201 -4.8221e-07 4.4031e-10 TSX
20160304 20160326 5.3458e-05 8.5705e-10 TSX
20160312 20180319 4.0787e-05 2.9756e-10 TSX
20160320 20160411 0.00041585 8.7062e-10 TSX
20160323 20171118 6.4286e-06 3.1729e-10 TSX
20160326 20160406 -0.00056496 9.7411e-10 TSX
20160403 20171027 3.498e-05 3.2144e-10 TSX
20160425 20170811 1.4316e-05 3.4747e-10 TSX
20160528 20160630 6.0196e-08 8.1821e-10 TSX
20160630 20171118 3.4496e-05 3.385e-10 TSX
20160722 20161201 1.1736e-06 5.9008e-10 TSX
20160904 20180707 5.8708e-05 3.2258e-10 TSX
20160915 20180911 2.4741e-05 3.009e-10 TSX
20160926 20170114 2.3257e-05 6.2899e-10 TSX
20161201 20171027 1.192e-05 4.0749e-10 TSX
20161223 20171107 1.4658e-05 4.1013e-10 TSX
20170114 20170902 6.4361e-06 4.7151e-10 TSX
20170811 20171005 -4.5056e-05 7.5566e-10 TSX
20170822 20180707 2.9059e-05 4.1465e-10 TSX
20170913 20180707 1.5797e-05 4.2652e-10 TSX
20170924 20180319 6.9572e-05 5.2847e-10 TSX
20171005 20171107 1.5699e-05 8.1821e-10 TSX
20171016 20180319 5.9286e-05 5.5694e-10 TSX
20171027 20180911 -1.934e-06 4.1466e-10 TSX
20171107 20171118 7.2789e-05 9.8522e-10 TSX
20171118 20171129 5.0499e-05 9.8522e-10 TSX
20171129 20171221 -2.0001e-06 8.6007e-10 TSX
20171210 20180820 1.6457e-05 4.5559e-10 TSX
20171221 20180911 -5.1842e-05 4.4766e-10 TSX
20180112 20181003 1.0567e-05 4.4758e-10 TSX
20180319 20180707 -1.7521e-05 6.29e-10 TSX
20180707 20180911 5.8355e-05 7.27e-10 TSX
20180729 20181003 7.9402e-05 7.27e-10 TSX
20180820 20181003 0.00017581 7.8579e-10 TSX
20180911 20181003 -0.00010372 8.6008e-10 TSX
