20030427 20030914 0.00043341 5.6645e-10 ERS2
20030914 20080629 -1.7694e-05 2.7992e-10 ERS2
20050918 20090510 -1.1858e-05 3.038e-10 ERS2
20051127 20081116 7.667e-05 3.0958e-10 ERS2
20060903 20090510 -0.00010099 3.2918e-10 ERS2
20061231 20090105 0.00030648 3.1365e-10 ALOS
20070402 20070703 -4.3801e-05 6.6621e-10 ALOS
20070518 20091008 6.2871e-05 3.0013e-10 ALOS
20070818 20071003 -0.00033694 7.7499e-10 ALOS
20071217 20100509 0.00016999 2.9994e-10 ALOS
20080103 20100526 0.00027321 2.994e-10 ALOS
20080404 20080520 6.5899e-05 7.7501e-10 ALOS
20080618 20090921 0.00018829 3.7218e-10 ALOS
20080629 20090510 -0.00032758 4.1284e-10 ERS2
20080705 20091008 0.00026855 3.6578e-10 ALOS
20080803 20090823 2.8461e-06 3.8351e-10 ERS2
20081116 20090823 8.4265e-05 4.3204e-10 ERS2
20081219 20090921 0.00041113 4.4615e-10 ALOS
20090105 20090708 0.00015825 5.2804e-10 ALOS
20090510 20091101 0.00011451 5.216e-10 ERS2
20090708 20091008 0.0005771 6.6613e-10 ALOS
20090823 20091101 -0.0001867 6.9851e-10 ERS2
20091222 20100624 0.0004786 5.2525e-10 ALOS
20100108 20100223 0.00073731 7.7501e-10 ALOS
20100223 20100526 -5.294e-05 6.6629e-10 ALOS
20100410 20100711 8.8588e-05 6.6614e-10 ALOS
20100509 20100624 0.00064615 7.7303e-10 ALOS
20100526 20100711 0.00065198 7.75e-10 ALOS
20100624 20101109 8.3848e-05 5.8396e-10 ALOS
20100711 20101011 5.1839e-05 6.6623e-10 ALOS
20100809 20101109 0.00019714 6.6352e-10 ALOS
20101011 20101126 0.00012689 7.7499e-10 ALOS
20110111 20110226 0.00069264 7.7499e-10 ALOS
20110924 20130715 0.00010298 3.2407e-10 TSX
20111005 20121229 -4.3098e-06 3.6952e-10 TSX
20111121 20171221 3.9992e-05 3.553e-10 TSX
20111221 20130131 8.3866e-05 3.855e-10 TSX
20111224 20121027 8.7254e-06 4.1946e-10 TSX
20120126 20140419 -9.2655e-05 3.1043e-10 TSX
20120203 20160320 1.0646e-05 2.6133e-10 TSX
20120206 20171107 1.4779e-05 3.7236e-10 TSX
20120617 20171129 4.5312e-05 3.3374e-10 TSX
20120723 20160120 8.3348e-05 2.9051e-10 TSX
20121024 20130109 2.5179e-05 7.0152e-10 TSX
20121027 20151226 0.00020203 3.4798e-10 TSX
20121030 20130311 4.4613e-05 5.8465e-10 TSX
20121107 20171118 3.8324e-05 2.9943e-10 TSX
20121221 20160208 -3.4706e-05 3.3861e-10 TSX
20121224 20130516 1.4148e-05 5.6849e-10 TSX
20121229 20130407 0.00026658 6.5604e-10 TSX
20130104 20130217 0.00022153 7.7302e-10 TSX
20130109 20130715 0.00018189 5.2853e-10 TSX
20130112 20140511 -6.4355e-05 3.5551e-10 TSX
20130115 20130721 -7.3772e-05 5.1427e-10 TSX
20130126 20130823 4.3881e-05 4.9678e-10 TSX
20130131 20130429 -3.7685e-05 6.7803e-10 TSX
20130203 20130729 5.6067e-05 5.2312e-10 TSX
20130211 20130919 0.0001289 4.9594e-10 TSX
20130228 20141209 0.00010745 3.1422e-10 TSX
20130311 20130801 7.0551e-05 5.6853e-10 TSX
20130316 20130623 0.00018321 6.5606e-10 TSX
20130402 20150122 0.00013171 3.3311e-10 TSX
20130407 20140530 5.8783e-05 3.8093e-10 TSX
20130421 20171016 -2.6991e-06 3.0959e-10 TSX
20130424 20130721 -0.00013457 6.6401e-10 TSX
20130429 20130623 8.1901e-05 7.5397e-10 TSX
20130505 20131028 -0.00022171 5.4571e-10 TSX
20130513 20151112 -3.2232e-05 3.1594e-10 TSX
20130516 20131017 -0.00010056 5.6291e-10 TSX
20130521 20130715 0.00027127 7.5401e-10 TSX
20130524 20171129 8.2183e-05 3.3536e-10 TSX
20130527 20140627 4.145e-05 3.8353e-10 TSX
20130601 20130930 0.00017499 6.1696e-10 TSX
20130604 20141217 -3.4505e-05 3.4237e-10 TSX
20130607 20140719 6.2321e-05 3.7966e-10 TSX
20130612 20150105 0.00012911 3.3822e-10 TSX
20130615 20160106 5.121e-05 3.3374e-10 TSX
20130618 20140708 1.3736e-05 3.8782e-10 TSX
20130623 20130715 0.00061304 8.6112e-10 TSX
20130629 20130914 0.00027142 6.8843e-10 TSX
20130707 20150130 -6.7141e-05 3.3902e-10 TSX
20130710 20140901 6.9271e-05 3.7653e-10 TSX
20130715 20130726 -0.0024618 1.01e-09 TSX
20130721 20131108 0.00077664 6.268e-10 TSX
20130726 20150517 0.00015188 3.2265e-10 TSX
20130729 20160904 -2.6047e-06 3.0644e-10 TSX
20130801 20151115 0.00013423 2.9422e-10 TSX
20130817 20140209 4.5054e-05 5.4095e-10 TSX
20130828 20150312 0.00014436 3.4054e-10 TSX
20130903 20150329 -0.00017166 3.6326e-10 TSX
20130919 20160309 3.4688e-05 2.8877e-10 TSX
20130925 20140708 6.2609e-05 4.3263e-10 TSX
20130930 20160411 0.00012841 2.7862e-10 TSX
20131011 20150802 1.1056e-05 3.2626e-10 TSX
20131017 20140719 1.3831e-05 4.3889e-10 TSX
20131028 20160304 -7.0128e-05 3.3369e-10 TSX
20131102 20140519 -0.00018911 5.1709e-10 TSX
20131108 20140708 -7.1114e-06 4.6323e-10 TSX
20140209 20160309 1.2117e-05 3.1271e-10 TSX
20140223 20140829 -2.3094e-05 5.1112e-10 TSX
20140408 20140705 1.6451e-05 6.6126e-10 TSX
20140419 20170913 -4.8591e-06 3.4019e-10 TSX
20140511 20141228 4.4081e-05 4.7017e-10 TSX
20140519 20150824 0.00022628 3.7012e-10 TSX
20140624 20171005 5.6505e-05 2.9966e-10 TSX
20140627 20151115 0.00012213 3.4356e-10 TSX
20140705 20180911 7.112e-06 3.764e-10 TSX
20140708 20160406 0.00012383 3.2106e-10 TSX
20140716 20171005 -4.6967e-05 3.1864e-10 TSX
20140719 20151207 7.4418e-05 3.4417e-10 TSX
20140727 20150326 -9.2513e-05 4.615e-10 TSX
20140810 20150122 7.0863e-05 5.395e-10 TSX
20140818 20160301 4.3013e-06 3.5059e-10 TSX
20140829 20160208 3.7346e-05 3.6529e-10 TSX
20140901 20140912 -0.00031286 9.67e-10 TSX
20140912 20141209 0.00014455 6.6401e-10 TSX
20140920 20170902 -6.0937e-05 3.5336e-10 TSX
20141209 20160211 9.9928e-05 3.6741e-10 TSX
20141217 20160722 3.9877e-05 3.5847e-10 TSX
20141228 20160106 3.6189e-05 4.1073e-10 TSX
20141231 20151024 9.1679e-05 4.2664e-10 TSX
20150105 20150824 5.448e-05 4.8651e-10 TSX
20150108 20170811 8.6691e-05 3.1517e-10 TSX
20150119 20160117 3.0091e-05 4.1399e-10 TSX
20150127 20160411 0.00010993 3.7374e-10 TSX
20150130 20151112 7.8993e-05 4.4341e-10 TSX
20150210 20170114 2.7268e-05 3.4782e-10 TSX
20150213 20160326 1.6286e-05 3.9401e-10 TSX
20150218 20160216 0.00012422 4.0467e-10 TSX
20150221 20180112 5.6464e-05 3.3259e-10 TSX
20150304 20180911 -8.5708e-06 3.6743e-10 TSX
20150307 20160211 0.00013098 4.0105e-10 TSX
20150312 20160320 9.1576e-05 3.9966e-10 TSX
20150326 20150827 0.00011511 5.5768e-10 TSX
20150329 20151207 0.00014088 4.5563e-10 TSX
20150428 20160425 4.8904e-05 4.1875e-10 TSX
20150509 20150827 0.0001116 6.2287e-10 TSX
20150517 20150824 2.8096e-05 6.5623e-10 TSX
20150520 20180911 -1.1969e-05 3.6927e-10 TSX
20150714 20170822 -3.5335e-06 3.0011e-10 TSX
20150725 20170924 2.2816e-05 3.0573e-10 TSX
20150802 20160309 0.00010615 4.9589e-10 TSX
20150805 20160403 -6.0856e-05 4.6136e-10 TSX
20150816 20171107 -1.3785e-06 3.0305e-10 TSX
20150824 20150915 0.00070236 8.6101e-10 TSX
20150827 20170902 1.2669e-05 3.0328e-10 TSX
20150915 20160216 -2.2672e-05 5.6817e-10 TSX
20151021 20160904 -2.6307e-05 4.1239e-10 TSX
20151101 20171016 -5.5493e-06 3.0579e-10 TSX
20151112 20160425 -5.9313e-05 5.3613e-10 TSX
20151115 20151229 0.0001589 7.7302e-10 TSX
20151123 20171221 -3.9277e-05 2.9904e-10 TSX
20151204 20151215 0.00017982 9.771e-10 TSX
20151207 20160406 -8.4808e-05 6.0214e-10 TSX
20151215 20170822 -4.9019e-06 3.1653e-10 TSX
20151226 20161223 -1.6191e-05 3.9337e-10 TSX
20151229 20160211 8.8028e-05 7.7302e-10 TSX
20160106 20161223 2.5841e-06 3.9812e-10 TSX
20160117 20160926 -9.0625e-07 4.529e-10 TSX
20160128 20160301 -0.00026162 8.0606e-10 TSX
20160208 20160312 -6.6424e-05 8.0606e-10 TSX
20160216 20160309 -0.00041226 8.6101e-10 TSX
20160219 20180319 -6.7955e-05 3.054e-10 TSX
20160301 20161201 4.4636e-05 4.3854e-10 TSX
20160304 20160326 6.1738e-05 8.4807e-10 TSX
20160312 20180319 -8.9026e-05 3.1284e-10 TSX
20160320 20160411 0.00046319 8.6101e-10 TSX
20160323 20171118 1.5186e-05 3.2095e-10 TSX
20160326 20160406 -0.00048923 9.6693e-10 TSX
20160403 20171027 7.6941e-06 3.298e-10 TSX
20160425 20170811 1.5857e-05 3.5015e-10 TSX
20160528 20160630 2.7198e-05 8.0606e-10 TSX
20160630 20171118 -2.2071e-05 3.416e-10 TSX
20160722 20161201 7.1908e-05 5.8132e-10 TSX
20160904 20180707 -7.8335e-05 3.3224e-10 TSX
20160915 20180911 -6.4733e-05 3.3176e-10 TSX
20160926 20170114 -8.5743e-05 6.1796e-10 TSX
20161201 20171027 -1.6005e-05 4.081e-10 TSX
20161223 20171107 -8.7698e-06 4.0982e-10 TSX
20170114 20170902 2.6088e-05 4.692e-10 TSX
20170811 20171005 -7.9791e-05 7.4112e-10 TSX
20170822 20180707 -0.00016188 4.1363e-10 TSX
20170913 20180707 -0.00022208 4.2593e-10 TSX
20170924 20180319 -0.00028611 5.231e-10 TSX
20171005 20171107 3.1808e-05 8.0606e-10 TSX
20171016 20180319 -0.00030402 5.4995e-10 TSX
20171027 20180911 -0.0001273 4.1473e-10 TSX
20171107 20171118 6.2745e-05 9.771e-10 TSX
20171118 20171129 4.7858e-05 9.771e-10 TSX
20171129 20171221 -1.857e-05 8.5004e-10 TSX
20171210 20180820 -0.00012831 4.5366e-10 TSX
20171221 20180911 -5.2646e-05 4.4641e-10 TSX
20180112 20181003 -0.0001024 4.465e-10 TSX
20180319 20180707 -2.8195e-05 6.1796e-10 TSX
20180707 20180911 0.00029633 7.1238e-10 TSX
20180729 20181003 9.2221e-05 7.1245e-10 TSX
20180820 20181003 0.00022307 7.7206e-10 TSX
20180911 20181003 -0.00013197 8.5004e-10 TSX
