20030427 20030914 0.0010553 6.4962e-10 ERS2
20030914 20080629 5.298e-05 3.6092e-10 ERS2
20050918 20090510 -2.8854e-05 3.9948e-10 ERS2
20051127 20081116 0.00013165 4.1558e-10 ERS2
20060903 20090510 8.9662e-05 4.2534e-10 ERS2
20061231 20090105 -5.8129e-05 3.292e-10 ALOS
20070402 20070703 -0.0002452 7.2303e-10 ALOS
20070518 20091008 -8.3794e-05 3.1126e-10 ALOS
20070818 20071003 -0.00043727 8.0994e-10 ALOS
20071217 20100509 -9.4811e-05 3.1266e-10 ALOS
20080103 20100526 -1.2001e-05 3.0915e-10 ALOS
20080404 20080520 0.00010507 8.0995e-10 ALOS
20080618 20090921 -0.0001668 4.0521e-10 ALOS
20080629 20090510 -0.00026338 5.1171e-10 ERS2
20080705 20091008 -0.0003035 3.9662e-10 ALOS
20080803 20090823 -2.0373e-05 4.7736e-10 ERS2
20081116 20090823 -2.6312e-05 5.2442e-10 ERS2
20081219 20090921 0.00041317 4.953e-10 ALOS
20090105 20090708 0.00012044 5.8859e-10 ALOS
20090510 20091101 0.00011927 6.0855e-10 ERS2
20090708 20091008 0.0003598 7.2305e-10 ALOS
20090823 20091101 4.3114e-05 7.5988e-10 ERS2
20091222 20100624 0.00035871 5.8459e-10 ALOS
20100108 20100223 0.00027342 8.1005e-10 ALOS
20100223 20100526 8.704e-05 7.2309e-10 ALOS
20100410 20100711 -0.00012524 7.2302e-10 ALOS
20100509 20100624 0.00078129 8.0797e-10 ALOS
20100526 20100711 0.0004888 8.0995e-10 ALOS
20100624 20101109 -0.00013249 6.4578e-10 ALOS
20100711 20101011 -0.00027987 7.2305e-10 ALOS
20100809 20101109 -0.00020518 7.2008e-10 ALOS
20101011 20101126 0.00025979 8.0995e-10 ALOS
20110111 20110226 0.0007484 8.0994e-10 ALOS
20110924 20130715 0.00016328 3.4292e-10 TSX
20111005 20121229 5.5978e-05 4.0211e-10 TSX
20111121 20171221 -1.7333e-05 3.7535e-10 TSX
20111221 20130131 8.8529e-05 4.2265e-10 TSX
20111224 20121027 -6.7272e-06 5.2416e-10 TSX
20120126 20140419 1.2371e-07 3.9519e-10 TSX
20120203 20160320 -3.9967e-05 2.4458e-10 TSX
20120206 20171107 -1.8594e-05 3.8437e-10 TSX
20120617 20171129 -1.5874e-05 3.7567e-10 TSX
20120723 20160120 0.00014863 2.6943e-10 TSX
20121024 20130109 0.00011015 7.5375e-10 TSX
20121027 20151226 1.7836e-06 3.7295e-10 TSX
20121030 20130311 3.6783e-05 6.4558e-10 TSX
20121107 20171118 -1.0681e-05 3.6498e-10 TSX
20121221 20160208 1.053e-05 3.7188e-10 TSX
20121224 20130516 -0.0002382 6.2939e-10 TSX
20121229 20130407 3.1083e-05 7.1518e-10 TSX
20130104 20130217 2.916e-05 8.0698e-10 TSX
20130109 20130715 0.00017392 5.8967e-10 TSX
20130112 20140511 -1.4599e-05 4.6269e-10 TSX
20130115 20130721 -0.00027197 5.7185e-10 TSX
20130126 20130823 -0.00024253 5.9986e-10 TSX
20130131 20130429 -0.00015814 7.3412e-10 TSX
20130203 20130729 -3.1929e-05 6.2092e-10 TSX
20130211 20130919 -4.8484e-06 5.5455e-10 TSX
20130228 20141209 3.6328e-05 3.3438e-10 TSX
20130311 20130801 -8.661e-05 6.2931e-10 TSX
20130316 20130623 1.5384e-05 7.152e-10 TSX
20130402 20150122 0.0001195 3.6544e-10 TSX
20130407 20140530 -6.3672e-05 4.1697e-10 TSX
20130421 20171016 -4.3676e-06 3.974e-10 TSX
20130424 20130721 -0.00034788 7.1954e-10 TSX
20130429 20130623 -8.2452e-05 7.9495e-10 TSX
20130505 20131028 -0.00098843 6.4234e-10 TSX
20130513 20151112 4.0459e-06 3.8262e-10 TSX
20130516 20131017 -0.00017015 6.5039e-10 TSX
20130521 20130715 0.0002574 7.9498e-10 TSX
20130524 20171129 6.6695e-06 3.8522e-10 TSX
20130527 20140627 -5.9533e-07 4.2231e-10 TSX
20130601 20130930 0.00023867 6.7956e-10 TSX
20130604 20141217 1.278e-05 4.4752e-10 TSX
20130607 20140719 3.6119e-05 4.175e-10 TSX
20130612 20150105 5.3303e-06 3.6212e-10 TSX
20130615 20160106 -6.6057e-06 3.808e-10 TSX
20130618 20140708 -5.1653e-05 4.2748e-10 TSX
20130623 20130715 0.00068528 8.7969e-10 TSX
20130629 20130914 0.00042777 7.4015e-10 TSX
20130707 20150130 1.2317e-05 4.4931e-10 TSX
20130710 20140901 1.9645e-05 4.1373e-10 TSX
20130715 20130726 -0.0025804 1.0232e-09 TSX
20130721 20131108 0.0010189 6.9762e-10 TSX
20130726 20150517 0.00036916 3.4108e-10 TSX
20130729 20160904 -1.0474e-06 3.7371e-10 TSX
20130801 20151115 2.0903e-05 3.0156e-10 TSX
20130817 20140209 -7.8627e-05 6.036e-10 TSX
20130828 20150312 7.0121e-05 3.6547e-10 TSX
20130903 20150329 -0.0002275 4.8781e-10 TSX
20130919 20160309 -1.4309e-06 2.8369e-10 TSX
20130925 20140708 -3.8319e-05 4.7728e-10 TSX
20130930 20160411 2.0505e-05 2.8076e-10 TSX
20131011 20150802 7.7323e-08 3.3909e-10 TSX
20131017 20140719 -8.6615e-05 4.8646e-10 TSX
20131028 20160304 -0.00015364 3.5044e-10 TSX
20131102 20140519 -0.0003672 5.7795e-10 TSX
20131108 20140708 -5.3287e-05 5.154e-10 TSX
20140209 20160309 3.3828e-05 3.1912e-10 TSX
20140223 20140829 -2.3313e-06 6.1016e-10 TSX
20140408 20140705 -4.1358e-06 7.3544e-10 TSX
20140419 20170913 3.5066e-06 4.3393e-10 TSX
20140511 20141228 4.8307e-05 5.7172e-10 TSX
20140519 20150824 0.0002451 3.9642e-10 TSX
20140624 20171005 8.0575e-06 3.9737e-10 TSX
20140627 20151115 -4.8242e-05 3.6742e-10 TSX
20140705 20180911 1.208e-05 3.9674e-10 TSX
20140708 20160406 8.9603e-05 3.3477e-10 TSX
20140716 20171005 -3.2688e-06 3.9455e-10 TSX
20140719 20151207 2.8229e-06 3.685e-10 TSX
20140727 20150326 2.0157e-05 5.6379e-10 TSX
20140810 20150122 6.6375e-06 5.9893e-10 TSX
20140818 20160301 6.1804e-06 4.2658e-10 TSX
20140829 20160208 1.8254e-05 4.3232e-10 TSX
20140901 20140912 -0.0003046 9.7866e-10 TSX
20140912 20141209 6.9431e-05 7.1953e-10 TSX
20140920 20170902 2.6895e-05 4.0038e-10 TSX
20141209 20160211 -2.956e-05 3.9683e-10 TSX
20141217 20160722 4.0263e-06 4.2098e-10 TSX
20141228 20160106 1.4445e-05 4.8173e-10 TSX
20141231 20151024 5.129e-05 4.7039e-10 TSX
20150105 20150824 -8.3327e-05 5.4345e-10 TSX
20150108 20170811 -2.0927e-05 3.9119e-10 TSX
20150119 20160117 2.7859e-05 4.8661e-10 TSX
20150127 20160411 0.00012733 4.0468e-10 TSX
20150130 20151112 -7.3441e-06 5.2682e-10 TSX
20150210 20170114 1.669e-05 3.8995e-10 TSX
20150213 20160326 0.00023446 4.1395e-10 TSX
20150218 20160216 6.5298e-05 4.4442e-10 TSX
20150221 20180112 1.3569e-05 4.5736e-10 TSX
20150304 20180911 1.665e-05 4.4795e-10 TSX
20150307 20160211 1.9969e-05 4.4159e-10 TSX
20150312 20160320 -5.0721e-05 4.3834e-10 TSX
20150326 20150827 -2.1571e-05 6.3973e-10 TSX
20150329 20151207 -3.8249e-05 5.0528e-10 TSX
20150428 20160425 2.2336e-05 4.8609e-10 TSX
20150509 20150827 -8.7015e-05 7.0013e-10 TSX
20150517 20150824 -0.00027652 7.1521e-10 TSX
20150520 20180911 1.4872e-05 4.2075e-10 TSX
20150714 20170822 5.6168e-06 4.165e-10 TSX
20150725 20170924 4.4752e-06 4.1661e-10 TSX
20150802 20160309 -0.0001401 5.5459e-10 TSX
20150805 20160403 3.1387e-05 5.6258e-10 TSX
20150816 20171107 1.4642e-05 4.0921e-10 TSX
20150824 20150915 0.00071508 8.7958e-10 TSX
20150827 20170902 1.591e-05 4.1249e-10 TSX
20150915 20160216 -9.7555e-05 6.3181e-10 TSX
20151021 20160904 -5.9989e-06 5.1587e-10 TSX
20151101 20171016 2.6928e-05 4.1678e-10 TSX
20151112 20160425 3.8532e-05 6.2954e-10 TSX
20151115 20151229 0.00020849 8.0698e-10 TSX
20151123 20171221 8.0827e-06 4.005e-10 TSX
20151204 20151215 0.00014416 9.9107e-10 TSX
20151207 20160406 -2.7834e-05 6.6267e-10 TSX
20151215 20170822 2.2886e-05 4.2077e-10 TSX
20151226 20161223 8.2257e-06 5.0031e-10 TSX
20151229 20160211 2.309e-05 8.0698e-10 TSX
20160106 20161223 2.0538e-05 5.0488e-10 TSX
20160117 20160926 -8.6167e-06 5.5511e-10 TSX
20160128 20160301 -0.00015749 8.3806e-10 TSX
20160208 20160312 -8.6651e-05 8.3806e-10 TSX
20160216 20160309 -0.00044699 8.7958e-10 TSX
20160219 20180319 9.0629e-06 4.0147e-10 TSX
20160301 20161201 -2.3729e-06 5.4203e-10 TSX
20160304 20160326 7.2052e-05 8.6583e-10 TSX
20160312 20180319 1.0696e-05 4.03e-10 TSX
20160320 20160411 0.00040891 8.7959e-10 TSX
20160323 20171118 -8.041e-07 4.2008e-10 TSX
20160326 20160406 -0.00055487 9.7858e-10 TSX
20160403 20171027 -1.0531e-05 4.2415e-10 TSX
20160425 20170811 -6.6407e-06 4.4627e-10 TSX
20160528 20160630 -4.4761e-05 8.3806e-10 TSX
20160630 20171118 2.9083e-05 4.4039e-10 TSX
20160722 20161201 3.5006e-05 6.6907e-10 TSX
20160904 20180707 2.483e-05 4.3496e-10 TSX
20160915 20180911 1.6828e-05 4.0681e-10 TSX
20160926 20170114 6.5567e-05 7.0037e-10 TSX
20161201 20171027 1.8341e-05 5.1121e-10 TSX
20161223 20171107 -1.1217e-05 5.0804e-10 TSX
20170114 20170902 -2.3914e-05 5.6697e-10 TSX
20170811 20171005 -2.5761e-05 7.938e-10 TSX
20170822 20180707 2.9728e-05 5.1904e-10 TSX
20170913 20180707 -2.4631e-06 5.2901e-10 TSX
20170924 20180319 4.6359e-05 6.2154e-10 TSX
20171005 20171107 4.3799e-05 8.3807e-10 TSX
20171016 20180319 4.8467e-05 6.4187e-10 TSX
20171027 20180911 3.4174e-05 5.19e-10 TSX
20171107 20171118 7.106e-05 9.9107e-10 TSX
20171118 20171129 5.2644e-05 9.9107e-10 TSX
20171129 20171221 -2.0788e-05 8.7175e-10 TSX
20171210 20180820 6.8238e-06 5.5639e-10 TSX
20171221 20180911 5.2584e-05 5.4907e-10 TSX
20180112 20181003 0.0001054 5.4901e-10 TSX
20180319 20180707 -3.9717e-05 7.004e-10 TSX
20180707 20180911 0.00017764 7.7365e-10 TSX
20180729 20181003 5.2279e-07 7.7365e-10 TSX
20180820 20181003 0.00015379 8.1481e-10 TSX
20180911 20181003 -0.00017318 8.7175e-10 TSX
