20030427 20030914 0.00014875 5.7363e-10 ERS2
20030914 20080629 0.00011272 2.6511e-10 ERS2
20050918 20090510 -1.6129e-05 2.994e-10 ERS2
20051127 20081116 -7.0267e-06 2.9767e-10 ERS2
20060903 20090510 0.00015695 3.1672e-10 ERS2
20061231 20090105 1.9479e-05 3.1638e-10 ALOS
20070402 20070703 4.1332e-05 6.6924e-10 ALOS
20070518 20091008 -6.1926e-05 3.027e-10 ALOS
20070818 20071003 -0.00039786 7.8159e-10 ALOS
20071217 20100509 -4.3734e-05 3.0502e-10 ALOS
20080103 20100526 -3.0039e-05 3.014e-10 ALOS
20080404 20080520 -4.6205e-05 7.8159e-10 ALOS
20080618 20090921 -5.6146e-05 3.7545e-10 ALOS
20080629 20090510 6.2257e-05 4.1267e-10 ERS2
20080705 20091008 -0.00020851 3.6438e-10 ALOS
20080803 20090823 7.3486e-05 3.8423e-10 ERS2
20081116 20090823 2.6682e-05 4.3247e-10 ERS2
20081219 20090921 -8.9481e-05 4.4694e-10 ALOS
20090105 20090708 3.207e-05 5.2895e-10 ALOS
20090510 20091101 -0.00013725 5.2269e-10 ERS2
20090708 20091008 0.0005207 6.6923e-10 ALOS
20090823 20091101 0.0014149 7.0452e-10 ERS2
20091222 20100624 0.00035897 5.2597e-10 ALOS
20100108 20100223 0.00059596 7.8163e-10 ALOS
20100223 20100526 -8.9313e-05 6.6924e-10 ALOS
20100410 20100711 -5.8677e-05 6.6924e-10 ALOS
20100509 20100624 0.00076505 7.7924e-10 ALOS
20100526 20100711 0.00053061 7.816e-10 ALOS
20100624 20101109 9.1395e-05 5.8525e-10 ALOS
20100711 20101011 6.6613e-05 6.6931e-10 ALOS
20100809 20101109 -3.9298e-05 6.6624e-10 ALOS
20101011 20101126 0.00025723 7.816e-10 ALOS
20110111 20110226 0.00092426 7.816e-10 ALOS
20110924 20130715 3.0171e-05 3.2388e-10 TSX
20111005 20121229 -7.7252e-06 3.6805e-10 TSX
20111121 20171221 -4.9567e-06 2.631e-10 TSX
20111221 20130131 -1.0325e-06 3.8492e-10 TSX
20111224 20121027 9.5724e-06 4.2038e-10 TSX
20120126 20140419 2.698e-05 2.9558e-10 TSX
20120203 20160320 -1.1455e-05 2.4152e-10 TSX
20120206 20171107 2.8467e-06 2.9534e-10 TSX
20120617 20171129 -1.2415e-05 2.7609e-10 TSX
20120723 20160120 -3.067e-05 2.6195e-10 TSX
20121024 20130109 -3.6252e-05 7.0615e-10 TSX
20121027 20151226 1.0275e-05 2.8186e-10 TSX
20121030 20130311 -2.4032e-05 5.8535e-10 TSX
20121107 20171118 -6.7224e-06 2.6994e-10 TSX
20121221 20160208 1.1001e-06 2.935e-10 TSX
20121224 20130516 1.3356e-06 5.6907e-10 TSX
20121229 20130407 1.255e-05 6.5918e-10 TSX
20130104 20130217 6.8427e-05 7.7842e-10 TSX
20130109 20130715 0.00014423 5.2943e-10 TSX
20130112 20140511 3.9884e-05 3.555e-10 TSX
20130115 20130721 -6.2752e-05 5.1438e-10 TSX
20130126 20130823 -0.00017138 4.9178e-10 TSX
20130131 20130429 4.3116e-05 6.8175e-10 TSX
20130203 20130729 5.1363e-05 5.2451e-10 TSX
20130211 20130919 1.5996e-06 4.965e-10 TSX
20130228 20141209 -8.0278e-06 3.1163e-10 TSX
20130311 20130801 -3.4747e-05 5.6902e-10 TSX
20130316 20130623 -4.3328e-05 6.5919e-10 TSX
20130402 20150122 3.512e-05 2.8922e-10 TSX
20130407 20140530 3.3034e-05 3.8026e-10 TSX
20130421 20171016 1.7875e-06 2.7442e-10 TSX
20130424 20130721 -0.00015721 6.6601e-10 TSX
20130429 20130623 -0.00015982 7.6048e-10 TSX
20130505 20131028 -0.00048772 5.2644e-10 TSX
20130513 20151112 1.404e-05 2.9335e-10 TSX
20130516 20131017 -0.00014452 5.5369e-10 TSX
20130521 20130715 0.0002594 7.6051e-10 TSX
20130524 20171129 7.7372e-06 2.885e-10 TSX
20130527 20140627 -2.791e-05 3.8503e-10 TSX
20130601 20130930 8.6226e-05 6.1911e-10 TSX
20130604 20141217 1.6595e-05 3.3815e-10 TSX
20130607 20140719 2.1321e-05 3.8102e-10 TSX
20130612 20150105 1.8269e-05 3.3727e-10 TSX
20130615 20160106 1.3683e-05 2.9119e-10 TSX
20130618 20140708 2.6674e-05 3.8948e-10 TSX
20130623 20130715 0.00069673 8.6911e-10 TSX
20130629 20130914 0.00012262 6.9092e-10 TSX
20130707 20150130 2.8298e-06 3.372e-10 TSX
20130710 20140901 1.8388e-05 3.7845e-10 TSX
20130715 20130726 -0.0023455 1.0179e-09 TSX
20130721 20131108 0.00073877 6.2218e-10 TSX
20130726 20150517 -6.2687e-05 3.2186e-10 TSX
20130729 20160904 -5.9098e-06 2.8032e-10 TSX
20130801 20151115 2.8007e-05 2.8629e-10 TSX
20130817 20140209 -4.4358e-05 5.4199e-10 TSX
20130828 20150312 5.4396e-05 3.3907e-10 TSX
20130903 20150329 -0.00011345 3.1058e-10 TSX
20130919 20160309 2.9883e-05 2.7487e-10 TSX
20130925 20140708 -5.6168e-07 4.3147e-10 TSX
20130930 20160411 1.8746e-06 2.7164e-10 TSX
20131011 20150802 1.9238e-05 3.1953e-10 TSX
20131017 20140719 -8.4178e-05 4.3891e-10 TSX
20131028 20160304 -5.8949e-06 2.7078e-10 TSX
20131102 20140519 3.3989e-05 5.1786e-10 TSX
20131108 20140708 -7.0781e-07 4.6312e-10 TSX
20140209 20160309 4.3164e-05 3.0545e-10 TSX
20140223 20140829 3.7452e-05 5.1229e-10 TSX
20140408 20140705 -5.7975e-06 6.6725e-10 TSX
20140419 20170913 5.6664e-06 2.9942e-10 TSX
20140511 20141228 7.5386e-06 4.7082e-10 TSX
20140519 20150824 -1.8787e-05 3.6363e-10 TSX
20140624 20171005 -3.4003e-06 2.868e-10 TSX
20140627 20151115 2.8199e-05 3.3915e-10 TSX
20140705 20180911 -1.1154e-06 2.8031e-10 TSX
20140708 20160406 -1.016e-05 3.1077e-10 TSX
20140716 20171005 6.5547e-06 2.9825e-10 TSX
20140719 20151207 1.4641e-05 3.3897e-10 TSX
20140727 20150326 1.1935e-06 4.6226e-10 TSX
20140810 20150122 3.8688e-06 5.3969e-10 TSX
20140818 20160301 4.4049e-05 3.2939e-10 TSX
20140829 20160208 2.5835e-05 3.3527e-10 TSX
20140901 20140912 -0.00026348 9.7366e-10 TSX
20140912 20141209 -6.2577e-05 6.6601e-10 TSX
20140920 20170902 1.1797e-05 2.8188e-10 TSX
20141209 20160211 1.2101e-05 3.6357e-10 TSX
20141217 20160722 4.3009e-05 3.2467e-10 TSX
20141228 20160106 3.1288e-05 3.8288e-10 TSX
20141231 20151024 2.2621e-05 4.2535e-10 TSX
20150105 20150824 -2.9864e-06 4.8661e-10 TSX
20150108 20170811 -5.9413e-06 2.9899e-10 TSX
20150119 20160117 6.5665e-05 3.8758e-10 TSX
20150127 20160411 1.827e-05 3.7072e-10 TSX
20150130 20151112 3.1069e-05 4.2913e-10 TSX
20150210 20170114 1.425e-05 3.2013e-10 TSX
20150213 20160326 -3.3879e-05 3.6838e-10 TSX
20150218 20160216 1.7526e-05 4.0284e-10 TSX
20150221 20180112 -5.5826e-06 2.9736e-10 TSX
20150304 20180911 -3.7354e-06 2.9438e-10 TSX
20150307 20160211 2.6313e-05 4.0106e-10 TSX
20150312 20160320 -5.8122e-05 3.9786e-10 TSX
20150326 20150827 4.3945e-05 5.5199e-10 TSX
20150329 20151207 8.3412e-06 4.5508e-10 TSX
20150428 20160425 4.345e-05 3.898e-10 TSX
20150509 20150827 6.7587e-05 6.2193e-10 TSX
20150517 20150824 4.8013e-05 6.5919e-10 TSX
20150520 20180911 8.9789e-06 2.9746e-10 TSX
20150714 20170822 1.3268e-05 3.03e-10 TSX
20150725 20170924 1.9895e-05 3.0754e-10 TSX
20150802 20160309 -4.6877e-05 4.9653e-10 TSX
20150805 20160403 -1.1831e-06 4.6192e-10 TSX
20150816 20171107 1.0736e-05 3.0895e-10 TSX
20150824 20150915 0.0006522 8.69e-10 TSX
20150827 20170902 2.2641e-05 3.0995e-10 TSX
20150915 20160216 -6.0556e-05 5.6953e-10 TSX
20151021 20160904 3.736e-05 4.1325e-10 TSX
20151101 20171016 2.6649e-05 3.1974e-10 TSX
20151112 20160425 2.2909e-05 5.3767e-10 TSX
20151115 20151229 0.00010914 7.7842e-10 TSX
20151123 20171221 1.4219e-05 3.1774e-10 TSX
20151204 20151215 0.0001464 9.8674e-10 TSX
20151207 20160406 -0.00010144 6.0303e-10 TSX
20151215 20170822 8.8303e-06 3.2835e-10 TSX
20151226 20161223 3.0517e-05 3.9487e-10 TSX
20151229 20160211 4.6151e-05 7.7842e-10 TSX
20160106 20161223 4.7544e-05 3.9938e-10 TSX
20160117 20160926 2.587e-05 4.5369e-10 TSX
20160128 20160301 -0.00014748 8.1688e-10 TSX
20160208 20160312 -8.0322e-05 8.1688e-10 TSX
20160216 20160309 -0.00039765 8.69e-10 TSX
20160219 20180319 2.2841e-05 3.0414e-10 TSX
20160301 20161201 5.1908e-06 4.393e-10 TSX
20160304 20160326 -9.1469e-07 8.5465e-10 TSX
20160312 20180319 1.8583e-05 3.0496e-10 TSX
20160320 20160411 0.00033732 8.69e-10 TSX
20160323 20171118 5.3813e-06 3.3499e-10 TSX
20160326 20160406 -0.00049301 9.7359e-10 TSX
20160403 20171027 2.97e-05 3.3685e-10 TSX
20160425 20170811 3.6532e-06 3.619e-10 TSX
20160528 20160630 -9.2396e-06 8.1688e-10 TSX
20160630 20171118 2.1291e-05 3.4594e-10 TSX
20160722 20161201 -4.2642e-05 5.8406e-10 TSX
20160904 20180707 2.3673e-05 3.2972e-10 TSX
20160915 20180911 2.8001e-05 3.0347e-10 TSX
20160926 20170114 2.842e-05 6.2203e-10 TSX
20161201 20171027 4.9109e-05 4.0936e-10 TSX
20161223 20171107 3.2689e-05 4.1309e-10 TSX
20170114 20170902 3.1051e-05 4.6983e-10 TSX
20170811 20171005 -2.0845e-05 7.5075e-10 TSX
20170822 20180707 8.4433e-05 4.1453e-10 TSX
20170913 20180707 4.5205e-05 4.2576e-10 TSX
20170924 20180319 6.1769e-05 5.2458e-10 TSX
20171005 20171107 2.2491e-05 8.1688e-10 TSX
20171016 20180319 2.7191e-05 5.5199e-10 TSX
20171027 20180911 4.1099e-05 4.1452e-10 TSX
20171107 20171118 6.988e-05 9.8674e-10 TSX
20171118 20171129 5.3427e-05 9.8674e-10 TSX
20171129 20171221 -8.9004e-06 8.6043e-10 TSX
20171210 20180820 7.5233e-05 4.5401e-10 TSX
20171221 20180911 9.6408e-05 4.464e-10 TSX
20180112 20181003 3.0374e-05 4.4637e-10 TSX
20180319 20180707 1.6143e-05 6.2205e-10 TSX
20180707 20180911 0.00016278 7.2085e-10 TSX
20180729 20181003 1.3848e-05 7.2085e-10 TSX
20180820 20181003 0.00011717 7.826e-10 TSX
20180911 20181003 -0.00018021 8.6044e-10 TSX
