20030427 20030914 -0.00091988 6.0272e-10 ERS2
20030914 20080629 3.8449e-05 2.7744e-10 ERS2
20050918 20090510 -7.4031e-06 2.9938e-10 ERS2
20051127 20081116 8.4739e-05 3.0994e-10 ERS2
20060903 20090510 0.0001308 3.0765e-10 ERS2
20061231 20090105 -4.0195e-05 3.1658e-10 ALOS
20070402 20070703 -0.00014655 6.9873e-10 ALOS
20070518 20091008 -4.375e-05 3.0109e-10 ALOS
20070818 20071003 -0.00041554 7.9881e-10 ALOS
20071217 20100509 -0.00010606 3.0246e-10 ALOS
20080103 20100526 -4.6518e-05 3.011e-10 ALOS
20080404 20080520 2.5189e-05 7.9881e-10 ALOS
20080618 20090921 -0.00012624 3.7912e-10 ALOS
20080629 20090510 -0.00013821 4.202e-10 ERS2
20080705 20091008 -5.5764e-05 3.7146e-10 ALOS
20080803 20090823 -5.1377e-05 3.8838e-10 ERS2
20081116 20090823 -7.3667e-05 4.4321e-10 ERS2
20081219 20090921 0.00045388 4.6139e-10 ALOS
20090105 20090708 -2.2605e-05 5.5304e-10 ALOS
20090510 20091101 -3.0165e-05 5.4282e-10 ERS2
20090708 20091008 0.00087915 6.9875e-10 ALOS
20090823 20091101 -0.00011729 7.2831e-10 ERS2
20091222 20100624 0.00033303 5.4994e-10 ALOS
20100108 20100223 0.00030063 7.9886e-10 ALOS
20100223 20100526 0.00010212 6.9873e-10 ALOS
20100410 20100711 -0.00012714 6.9874e-10 ALOS
20100509 20100624 0.00060127 7.9679e-10 ALOS
20100526 20100711 0.00039453 7.9883e-10 ALOS
20100624 20101109 -5.4161e-07 6.1425e-10 ALOS
20100711 20101011 0.00016649 6.9879e-10 ALOS
20100809 20101109 -0.00022731 6.9571e-10 ALOS
20101011 20101126 0.00026301 7.9883e-10 ALOS
20110111 20110226 0.00071001 7.9881e-10 ALOS
20110924 20130715 3.3495e-05 3.264e-10 TSX
20111005 20121229 -7.2173e-05 3.7569e-10 TSX
20111121 20171221 8.6499e-06 2.4753e-10 TSX
20111221 20130131 -1.9437e-05 3.9382e-10 TSX
20111224 20121027 2.9898e-06 4.2942e-10 TSX
20120126 20140419 -1.4578e-05 2.9241e-10 TSX
20120203 20160320 -1.9286e-05 2.5308e-10 TSX
20120206 20171107 3.2514e-06 2.4969e-10 TSX
20120617 20171129 1.9192e-05 2.4979e-10 TSX
20120723 20160120 9.7069e-06 2.6791e-10 TSX
20121024 20130109 2.0324e-05 7.3331e-10 TSX
20121027 20151226 6.9163e-06 2.6796e-10 TSX
20121030 20130311 7.3545e-06 6.1342e-10 TSX
20121107 20171118 9.5112e-06 2.4976e-10 TSX
20121221 20160208 1.4003e-05 2.6887e-10 TSX
20121224 20130516 -7.5286e-05 5.964e-10 TSX
20121229 20130407 5.3598e-05 6.8919e-10 TSX
20130104 20130217 4.9919e-05 7.9588e-10 TSX
20130109 20130715 0.00013048 5.5389e-10 TSX
20130112 20140511 2.497e-06 3.5665e-10 TSX
20130115 20130721 -0.00019565 5.3602e-10 TSX
20130126 20130823 -0.00013907 5.1079e-10 TSX
20130131 20130429 -5.0169e-05 7.1074e-10 TSX
20130203 20130729 -4.9514e-05 5.4674e-10 TSX
20130211 20130919 3.8557e-05 5.1799e-10 TSX
20130228 20141209 1.0457e-05 3.1749e-10 TSX
20130311 20130801 -2.5187e-05 5.9602e-10 TSX
20130316 20130623 2.5208e-05 6.892e-10 TSX
20130402 20150122 2.1503e-05 2.9682e-10 TSX
20130407 20140530 -4.3597e-05 3.8897e-10 TSX
20130421 20171016 1.2674e-05 2.5735e-10 TSX
20130424 20130721 -0.00024016 6.9507e-10 TSX
20130429 20130623 -2.1979e-05 7.81e-10 TSX
20130505 20131028 -0.00046966 5.4918e-10 TSX
20130513 20151112 1.5961e-06 2.828e-10 TSX
20130516 20131017 -9.3062e-05 5.7903e-10 TSX
20130521 20130715 0.0003016 7.8104e-10 TSX
20130524 20171129 7.8975e-06 2.5518e-10 TSX
20130527 20140627 -2.8768e-05 3.9108e-10 TSX
20130601 20130930 0.00029417 6.4931e-10 TSX
20130604 20141217 1.9334e-05 3.39e-10 TSX
20130607 20140719 2.889e-07 3.867e-10 TSX
20130612 20150105 -6.345e-06 3.4294e-10 TSX
20130615 20160106 3.2167e-05 2.8011e-10 TSX
20130618 20140708 3.6853e-05 3.9625e-10 TSX
20130623 20130715 0.00065575 8.7486e-10 TSX
20130629 20130914 0.00023633 7.1873e-10 TSX
20130707 20150130 -1.3046e-06 3.3893e-10 TSX
20130710 20140901 -1.4537e-05 3.8391e-10 TSX
20130715 20130726 -0.0024235 1.0201e-09 TSX
20130721 20131108 0.00072232 6.5148e-10 TSX
20130726 20150517 -6.6052e-05 3.2611e-10 TSX
20130729 20160904 1.1508e-05 2.705e-10 TSX
20130801 20151115 -1.7635e-06 2.9337e-10 TSX
20130817 20140209 -0.00015093 5.6778e-10 TSX
20130828 20150312 -1.557e-05 3.4541e-10 TSX
20130903 20150329 -0.00011834 3.1721e-10 TSX
20130919 20160309 -2.2918e-05 2.8008e-10 TSX
20130925 20140708 -4.2084e-05 4.4436e-10 TSX
20130930 20160411 -7.5949e-05 2.7744e-10 TSX
20131011 20150802 -6.6229e-05 3.2388e-10 TSX
20131017 20140719 -5.4104e-05 4.5257e-10 TSX
20131028 20160304 -3.4423e-05 2.6929e-10 TSX
20131102 20140519 1.8411e-06 5.4172e-10 TSX
20131108 20140708 -2.6476e-05 4.791e-10 TSX
20140209 20160309 3.9187e-05 3.0952e-10 TSX
20140223 20140829 4.5385e-05 5.3332e-10 TSX
20140408 20140705 -4.2444e-05 6.934e-10 TSX
20140419 20170913 9.4298e-06 2.6746e-10 TSX
20140511 20141228 -1.1007e-05 4.8701e-10 TSX
20140519 20150824 -5.5577e-05 3.7109e-10 TSX
20140624 20171005 -4.2712e-06 2.6537e-10 TSX
20140627 20151115 -5.156e-05 3.4491e-10 TSX
20140705 20180911 -1.0854e-05 2.5571e-10 TSX
20140708 20160406 2.6964e-06 3.1532e-10 TSX
20140716 20171005 2.7417e-05 2.6497e-10 TSX
20140719 20151207 -5.5687e-06 3.4582e-10 TSX
20140727 20150326 -5.0019e-05 4.7726e-10 TSX
20140810 20150122 1.5246e-05 5.6382e-10 TSX
20140818 20160301 1.1036e-05 3.2694e-10 TSX
20140829 20160208 -2.9248e-06 3.3278e-10 TSX
20140901 20140912 -0.00027711 9.7633e-10 TSX
20140912 20141209 -5.5626e-05 6.9506e-10 TSX
20140920 20170902 1.9834e-05 2.7092e-10 TSX
20141209 20160211 -6.4094e-05 3.7046e-10 TSX
20141217 20160722 -1.4474e-05 3.2065e-10 TSX
20141228 20160106 -4.3582e-06 3.8821e-10 TSX
20141231 20151024 1.0821e-05 4.3736e-10 TSX
20150105 20150824 -3.929e-05 5.0689e-10 TSX
20150108 20170811 5.0645e-06 2.8012e-10 TSX
20150119 20160117 4.106e-05 3.9376e-10 TSX
20150127 20160411 -2.3529e-05 3.7813e-10 TSX
20150130 20151112 -2.6474e-05 4.3994e-10 TSX
20150210 20170114 1.3252e-06 2.9873e-10 TSX
20150213 20160326 3.9383e-05 3.7439e-10 TSX
20150218 20160216 -4.3751e-05 4.1322e-10 TSX
20150221 20180112 7.1182e-06 2.6357e-10 TSX
20150304 20180911 6.896e-06 2.6266e-10 TSX
20150307 20160211 -2.5403e-06 4.1049e-10 TSX
20150312 20160320 -0.0001205 4.0767e-10 TSX
20150326 20150827 5.5448e-05 5.76e-10 TSX
20150329 20151207 -2.6004e-05 4.7049e-10 TSX
20150428 20160425 3.7913e-06 3.9332e-10 TSX
20150509 20150827 3.2447e-05 6.4923e-10 TSX
20150517 20150824 2.0278e-05 6.8919e-10 TSX
20150520 20180911 -5.9185e-06 2.7146e-10 TSX
20150714 20170822 6.4971e-06 2.9851e-10 TSX
20150725 20170924 5.6696e-06 2.9103e-10 TSX
20150802 20160309 -6.8234e-05 5.1793e-10 TSX
20150805 20160403 -6.1385e-05 4.7686e-10 TSX
20150816 20171107 1.468e-05 2.9014e-10 TSX
20150824 20150915 0.0006329 8.7475e-10 TSX
20150827 20170902 4.2473e-06 3.0337e-10 TSX
20150915 20160216 -9.4233e-05 5.974e-10 TSX
20151021 20160904 -9.1942e-05 4.2141e-10 TSX
20151101 20171016 -1.9485e-05 3.048e-10 TSX
20151112 20160425 -2.7731e-06 5.6124e-10 TSX
20151115 20151229 0.00017591 7.9588e-10 TSX
20151123 20171221 1.7956e-05 2.9936e-10 TSX
20151204 20151215 0.00016743 9.8668e-10 TSX
20151207 20160406 -0.00012733 6.3184e-10 TSX
20151215 20170822 -3.4089e-06 3.1786e-10 TSX
20151226 20161223 2.3724e-05 4.0042e-10 TSX
20151229 20160211 2.7341e-05 7.9588e-10 TSX
20160106 20161223 2.1159e-05 4.0552e-10 TSX
20160117 20160926 -1.2251e-05 4.676e-10 TSX
20160128 20160301 -0.00017711 8.2507e-10 TSX
20160208 20160312 -7.8938e-05 8.2507e-10 TSX
20160216 20160309 -0.00038084 8.7475e-10 TSX
20160219 20180319 1.2399e-05 2.9872e-10 TSX
20160301 20161201 2.5427e-06 4.5108e-10 TSX
20160304 20160326 2.5328e-05 8.6138e-10 TSX
20160312 20180319 1.5244e-05 3.0022e-10 TSX
20160320 20160411 0.00042171 8.7475e-10 TSX
20160323 20171118 1.4579e-05 3.2284e-10 TSX
20160326 20160406 -0.00049369 9.7626e-10 TSX
20160403 20171027 2.2589e-05 3.246e-10 TSX
20160425 20170811 2.2255e-05 3.5403e-10 TSX
20160528 20160630 4.7285e-05 8.2507e-10 TSX
20160630 20171118 2.8548e-06 3.4204e-10 TSX
20160722 20161201 4.644e-05 6.1061e-10 TSX
20160904 20180707 2.8525e-05 3.2273e-10 TSX
20160915 20180911 -8.4521e-06 3.0308e-10 TSX
20160926 20170114 -1.0976e-05 6.493e-10 TSX
20161201 20171027 -2.9996e-06 4.1748e-10 TSX
20161223 20171107 7.8155e-06 4.1803e-10 TSX
20170114 20170902 2.3177e-05 4.8548e-10 TSX
20170811 20171005 -7.4377e-05 7.6873e-10 TSX
20170822 20180707 -1.9789e-05 4.232e-10 TSX
20170913 20180707 -4.5004e-05 4.358e-10 TSX
20170924 20180319 2.0231e-05 5.4691e-10 TSX
20171005 20171107 2.2194e-05 8.2507e-10 TSX
20171016 20180319 2.1574e-05 5.7674e-10 TSX
20171027 20180911 -7.2154e-05 4.2322e-10 TSX
20171107 20171118 7.8057e-05 9.8668e-10 TSX
20171118 20171129 5.3657e-05 9.8668e-10 TSX
20171129 20171221 3.9914e-06 8.6384e-10 TSX
20171210 20180820 -5.4655e-05 4.6796e-10 TSX
20171221 20180911 -6.1375e-05 4.5907e-10 TSX
20180112 20181003 -3.9428e-05 4.5919e-10 TSX
20180319 20180707 -6.3104e-05 6.4932e-10 TSX
20180707 20180911 6.7944e-05 7.4256e-10 TSX
20180729 20181003 2.8766e-05 7.4256e-10 TSX
20180820 20181003 0.00016304 7.959e-10 TSX
20180911 20181003 -0.00014181 8.6384e-10 TSX
