20030427 20030914 -0.00026998 5.6516e-10 ERS2
20030914 20080629 -1.2552e-05 2.706e-10 ERS2
20050918 20090510 3.4071e-05 3.0078e-10 ERS2
20051127 20081116 8.3148e-06 3.1108e-10 ERS2
20060903 20090510 -0.00028721 3.0619e-10 ERS2
20061231 20090105 7.2208e-05 3.1424e-10 ALOS
20070402 20070703 -0.00017765 6.6612e-10 ALOS
20070518 20091008 3.502e-05 3.0082e-10 ALOS
20070818 20071003 -0.00047955 7.7537e-10 ALOS
20071217 20100509 -5.8626e-05 3.0084e-10 ALOS
20080103 20100526 -6.164e-05 2.9863e-10 ALOS
20080404 20080520 -2.7241e-05 7.7538e-10 ALOS
20080618 20090921 -7.359e-07 3.7167e-10 ALOS
20080629 20090510 1.5621e-05 4.1211e-10 ERS2
20080705 20091008 -1.7813e-05 3.6537e-10 ALOS
20080803 20090823 -7.5096e-05 3.831e-10 ERS2
20081116 20090823 -0.00010104 4.331e-10 ERS2
20081219 20090921 0.00022921 4.4628e-10 ALOS
20090105 20090708 -4.2107e-05 5.2806e-10 ALOS
20090510 20091101 0.00044946 5.2128e-10 ERS2
20090708 20091008 0.00064682 6.6621e-10 ALOS
20090823 20091101 0.00010001 6.9848e-10 ERS2
20091222 20100624 0.00041154 5.2541e-10 ALOS
20100108 20100223 0.00050861 7.7537e-10 ALOS
20100223 20100526 9.3773e-05 6.6621e-10 ALOS
20100410 20100711 -8.3841e-05 6.662e-10 ALOS
20100509 20100624 0.00062229 7.7336e-10 ALOS
20100526 20100711 0.00044006 7.7538e-10 ALOS
20100624 20101109 0.00010801 5.8397e-10 ALOS
20100711 20101011 0.00011339 6.6623e-10 ALOS
20100809 20101109 5.9705e-05 6.6353e-10 ALOS
20101011 20101126 0.00026799 7.7537e-10 ALOS
20110111 20110226 0.00067886 7.7537e-10 ALOS
20110924 20130715 8.7806e-05 3.2337e-10 TSX
20111005 20121229 -5.8163e-05 3.6821e-10 TSX
20111121 20171221 4.8003e-05 2.5579e-10 TSX
20111221 20130131 1.6668e-05 3.8533e-10 TSX
20111224 20121027 -5.7407e-06 4.19e-10 TSX
20120126 20140419 -2.2561e-05 2.9197e-10 TSX
20120203 20160320 5.1167e-05 2.4537e-10 TSX
20120206 20171107 1.2544e-05 2.5966e-10 TSX
20120617 20171129 3.3423e-05 2.5823e-10 TSX
20120723 20160120 9.3738e-05 2.6433e-10 TSX
20121024 20130109 6.7729e-05 7.0155e-10 TSX
20121027 20151226 1.6661e-05 2.6932e-10 TSX
20121030 20130311 5.1501e-05 5.8464e-10 TSX
20121107 20171118 3.5714e-05 2.5493e-10 TSX
20121221 20160208 2.6743e-05 2.6411e-10 TSX
20121224 20130516 -7.1853e-05 5.6849e-10 TSX
20121229 20130407 0.0001403 6.56e-10 TSX
20130104 20130217 0.0001241 7.7329e-10 TSX
20130109 20130715 0.00014943 5.2826e-10 TSX
20130112 20140511 -1.727e-05 3.5401e-10 TSX
20130115 20130721 -0.00013719 5.1383e-10 TSX
20130126 20130823 -4.486e-05 4.929e-10 TSX
20130131 20130429 -5.7433e-06 6.7793e-10 TSX
20130203 20130729 -2.5858e-05 5.2315e-10 TSX
20130211 20130919 4.1007e-05 4.9577e-10 TSX
20130228 20141209 7.9757e-05 3.1259e-10 TSX
20130311 20130801 -7.486e-05 5.6844e-10 TSX
20130316 20130623 5.5727e-05 6.5601e-10 TSX
20130402 20150122 6.2537e-05 3.1021e-10 TSX
20130407 20140530 1.2032e-05 3.807e-10 TSX
20130421 20171016 3.3788e-05 2.5803e-10 TSX
20130424 20130721 -0.00021076 6.64e-10 TSX
20130429 20130623 -1.506e-05 7.5423e-10 TSX
20130505 20131028 -0.00048703 5.2598e-10 TSX
20130513 20151112 3.4815e-05 2.8224e-10 TSX
20130516 20131017 -0.00016392 5.5311e-10 TSX
20130521 20130715 0.00026119 7.5422e-10 TSX
20130524 20171129 3.6753e-05 2.5797e-10 TSX
20130527 20140627 5.8201e-05 3.8393e-10 TSX
20130601 20130930 0.00014879 6.1695e-10 TSX
20130604 20141217 5.3204e-06 3.3691e-10 TSX
20130607 20140719 8.8391e-05 3.808e-10 TSX
20130612 20150105 2.1247e-05 3.3777e-10 TSX
20130615 20160106 1.2306e-05 2.7777e-10 TSX
20130618 20140708 2.6922e-05 3.8804e-10 TSX
20130623 20130715 0.00060933 8.6227e-10 TSX
20130629 20130914 0.00026926 6.8829e-10 TSX
20130707 20150130 3.9853e-06 3.399e-10 TSX
20130710 20140901 1.9762e-05 3.7703e-10 TSX
20130715 20130726 -0.0024797 1.0115e-09 TSX
20130721 20131108 0.00063688 6.2105e-10 TSX
20130726 20150517 0.00016205 3.2126e-10 TSX
20130729 20160904 -1.4652e-06 2.6899e-10 TSX
20130801 20151115 3.9353e-05 2.8584e-10 TSX
20130817 20140209 -2.0092e-05 5.4096e-10 TSX
20130828 20150312 4.4527e-05 3.4028e-10 TSX
20130903 20150329 -5.4335e-05 3.124e-10 TSX
20130919 20160309 3.7416e-05 2.7396e-10 TSX
20130925 20140708 1.1823e-06 4.3131e-10 TSX
20130930 20160411 1.126e-05 2.7049e-10 TSX
20131011 20150802 2.042e-05 3.1852e-10 TSX
20131017 20140719 4.4303e-05 4.3876e-10 TSX
20131028 20160304 2.5467e-05 3.1787e-10 TSX
20131102 20140519 -0.00014212 5.1708e-10 TSX
20131108 20140708 2.6544e-06 4.6281e-10 TSX
20140209 20160309 3.4314e-05 3.0513e-10 TSX
20140223 20140829 -1.3048e-05 5.1105e-10 TSX
20140408 20140705 -5.104e-05 6.6127e-10 TSX
20140419 20170913 3.636e-05 2.5897e-10 TSX
20140511 20141228 -1.6261e-05 4.7011e-10 TSX
20140519 20150824 0.00011026 3.6394e-10 TSX
20140624 20171005 4.5079e-05 2.659e-10 TSX
20140627 20151115 -5.0443e-06 3.3988e-10 TSX
20140705 20180911 2.1162e-05 2.6307e-10 TSX
20140708 20160406 8.2518e-05 3.141e-10 TSX
20140716 20171005 5.0301e-05 2.6479e-10 TSX
20140719 20151207 5.5734e-06 3.3958e-10 TSX
20140727 20150326 -2.3192e-05 4.6151e-10 TSX
20140810 20150122 5.1606e-05 5.3918e-10 TSX
20140818 20160301 -1.3423e-05 3.2429e-10 TSX
20140829 20160208 -1.619e-05 3.3133e-10 TSX
20140901 20140912 -0.0002859 9.681e-10 TSX
20140912 20141209 1.2428e-05 6.6401e-10 TSX
20140920 20170902 6.748e-05 2.8054e-10 TSX
20141209 20160211 -3.9485e-05 3.6309e-10 TSX
20141217 20160722 -1.1463e-05 3.1889e-10 TSX
20141228 20160106 -9.8594e-06 3.8209e-10 TSX
20141231 20151024 2.3216e-05 4.2475e-10 TSX
20150105 20150824 1.9511e-05 4.8582e-10 TSX
20150108 20170811 4.8078e-05 2.7953e-10 TSX
20150119 20160117 -8.7396e-06 3.8716e-10 TSX
20150127 20160411 2.6573e-05 3.7125e-10 TSX
20150130 20151112 -6.5612e-06 4.2822e-10 TSX
20150210 20170114 2.289e-05 2.9865e-10 TSX
20150213 20160326 8.0041e-05 3.9812e-10 TSX
20150218 20160216 -1.6075e-05 4.0288e-10 TSX
20150221 20180112 2.3573e-05 2.6518e-10 TSX
20150304 20180911 2.108e-05 2.6292e-10 TSX
20150307 20160211 1.0155e-05 4.0033e-10 TSX
20150312 20160320 -6.5902e-05 3.9794e-10 TSX
20150326 20150827 7.0851e-06 5.4991e-10 TSX
20150329 20151207 -1.8751e-05 4.5478e-10 TSX
20150428 20160425 -3.3089e-06 3.8639e-10 TSX
20150509 20150827 3.6522e-05 6.1792e-10 TSX
20150517 20150824 -0.00014659 6.56e-10 TSX
20150520 20180911 3.197e-05 2.6917e-10 TSX
20150714 20170822 6.0009e-06 2.9055e-10 TSX
20150725 20170924 -1.6966e-06 2.9053e-10 TSX
20150802 20160309 -6.9386e-05 4.9586e-10 TSX
20150805 20160403 -1.1322e-05 4.6118e-10 TSX
20150816 20171107 -3.1644e-06 2.8947e-10 TSX
20150824 20150915 0.0006234 8.6216e-10 TSX
20150827 20170902 -3.7413e-06 2.981e-10 TSX
20150915 20160216 -0.00010654 5.6816e-10 TSX
20151021 20160904 -8.4583e-05 4.1238e-10 TSX
20151101 20171016 -1.2808e-05 2.9921e-10 TSX
20151112 20160425 -5.0515e-05 5.361e-10 TSX
20151115 20151229 0.00018471 7.7329e-10 TSX
20151123 20171221 -1.5715e-05 2.9536e-10 TSX
20151204 20151215 0.00016701 9.7841e-10 TSX
20151207 20160406 -5.6043e-05 6.0214e-10 TSX
20151215 20170822 -8.3857e-06 3.1176e-10 TSX
20151226 20161223 -5.0269e-06 3.9419e-10 TSX
20151229 20160211 2.0504e-05 7.7329e-10 TSX
20160106 20161223 -4.8172e-06 3.9858e-10 TSX
20160117 20160926 -1.9712e-05 4.5294e-10 TSX
20160128 20160301 -0.00021456 8.067e-10 TSX
20160208 20160312 -6.6429e-05 8.067e-10 TSX
20160216 20160309 -0.00038991 8.6216e-10 TSX
20160219 20180319 -9.6608e-07 2.957e-10 TSX
20160301 20161201 4.5147e-05 4.3863e-10 TSX
20160304 20160326 5.5587e-05 8.4889e-10 TSX
20160312 20180319 -4.4882e-06 2.9819e-10 TSX
20160320 20160411 0.00046686 8.6216e-10 TSX
20160323 20171118 -2.5393e-06 3.1677e-10 TSX
20160326 20160406 -0.00050621 9.6803e-10 TSX
20160403 20171027 1.0467e-05 3.2112e-10 TSX
20160425 20170811 1.1466e-05 3.4654e-10 TSX
20160528 20160630 1.8721e-05 8.067e-10 TSX
20160630 20171118 -1.086e-05 3.3819e-10 TSX
20160722 20161201 6.5433e-05 5.8133e-10 TSX
20160904 20180707 3.0316e-05 3.2324e-10 TSX
20160915 20180911 -1.9658e-05 3.0128e-10 TSX
20160926 20170114 5.2983e-06 6.1797e-10 TSX
20161201 20171027 -4.1995e-05 4.0636e-10 TSX
20161223 20171107 -2.8566e-05 4.0922e-10 TSX
20170114 20170902 -4.1742e-05 4.6856e-10 TSX
20170811 20171005 -9.3004e-05 7.4129e-10 TSX
20170822 20180707 -5.0969e-05 4.1352e-10 TSX
20170913 20180707 -6.179e-05 4.2497e-10 TSX
20170924 20180319 -1.7046e-05 5.2319e-10 TSX
20171005 20171107 1.0355e-05 8.067e-10 TSX
20171016 20180319 -3.1464e-05 5.5007e-10 TSX
20171027 20180911 -5.5535e-05 4.1364e-10 TSX
20171107 20171118 7.1614e-05 9.7841e-10 TSX
20171118 20171129 4.2533e-05 9.7841e-10 TSX
20171129 20171221 -7.7701e-06 8.5103e-10 TSX
20171210 20180820 -2.5563e-05 4.534e-10 TSX
20171221 20180911 -8.0525e-06 4.4575e-10 TSX
20180112 20181003 -5.3762e-06 4.4569e-10 TSX
20180319 20180707 -8.8628e-05 6.1798e-10 TSX
20180707 20180911 6.4318e-05 7.1246e-10 TSX
20180729 20181003 2.3492e-05 7.1246e-10 TSX
20180820 20181003 0.00016174 7.7241e-10 TSX
20180911 20181003 -7.2428e-05 8.5103e-10 TSX
