20030427 20030914 -0.00032334 5.6817e-10 ERS2
20030914 20080629 -0.00023305 2.6735e-10 ERS2
20050918 20090510 -5.1277e-05 3.0405e-10 ERS2
20051127 20081116 0.00012607 3.2723e-10 ERS2
20060903 20090510 -0.00022315 3.0933e-10 ERS2
20061231 20090105 0.00014668 3.1355e-10 ALOS
20070402 20070703 -3.1316e-05 6.662e-10 ALOS
20070518 20091008 6.5207e-05 3.0594e-10 ALOS
20070818 20071003 -9.5949e-05 7.7499e-10 ALOS
20071217 20100509 7.4752e-05 3.0125e-10 ALOS
20080103 20100526 0.00010944 2.9966e-10 ALOS
20080404 20080520 4.5695e-05 7.7513e-10 ALOS
20080618 20090921 9.5824e-05 3.7322e-10 ALOS
20080629 20090510 -0.00055644 4.1224e-10 ERS2
20080705 20091008 -1.0866e-05 3.6477e-10 ALOS
20080803 20090823 -9.1053e-06 3.8344e-10 ERS2
20081116 20090823 0.00012013 4.3202e-10 ERS2
20081219 20090921 0.00040682 4.4701e-10 ALOS
20090105 20090708 4.4688e-06 5.2873e-10 ALOS
20090510 20091101 0.0002083 5.2046e-10 ERS2
20090708 20091008 0.00094835 6.6607e-10 ALOS
20090823 20091101 -7.145e-05 6.9851e-10 ERS2
20091222 20100624 0.00028704 5.2889e-10 ALOS
20100108 20100223 0.00022854 7.751e-10 ALOS
20100223 20100526 -0.00017604 6.6765e-10 ALOS
20100410 20100711 -7.5178e-05 6.6644e-10 ALOS
20100509 20100624 0.00058139 7.7302e-10 ALOS
20100526 20100711 0.00044276 7.7499e-10 ALOS
20100624 20101109 0.00014665 5.8398e-10 ALOS
20100711 20101011 0.00024737 6.6623e-10 ALOS
20100809 20101109 2.9681e-05 6.6352e-10 ALOS
20101011 20101126 0.00012358 7.7497e-10 ALOS
20110111 20110226 0.00064441 7.7498e-10 ALOS
20110924 20130715 0.00014239 3.2683e-10 TSX
20111005 20121229 7.2011e-05 3.7174e-10 TSX
20111121 20171221 2.9735e-05 3.5609e-10 TSX
20111221 20130131 9.7107e-05 3.8558e-10 TSX
20111224 20121027 -1.8083e-05 4.193e-10 TSX
20120126 20140419 -0.00018444 3.2765e-10 TSX
20120203 20160320 9.1714e-05 3.0811e-10 TSX
20120206 20171107 3.3203e-05 4.568e-10 TSX
20120617 20171129 8.1002e-05 3.9819e-10 TSX
20120723 20160120 0.00010065 3.4685e-10 TSX
20121024 20130109 -6.1235e-05 7.0151e-10 TSX
20121027 20151226 -2.6332e-05 3.8952e-10 TSX
20121030 20130311 -2.3582e-05 5.8464e-10 TSX
20121107 20171118 3.44e-05 4.6702e-10 TSX
20121221 20160208 -1.2218e-05 4.1552e-10 TSX
20121224 20130516 -5.5732e-05 5.6848e-10 TSX
20121229 20130407 0.00014522 6.5605e-10 TSX
20130104 20130217 0.00011356 7.7302e-10 TSX
20130109 20130715 0.00011878 5.3148e-10 TSX
20130112 20140511 -0.00016981 3.6785e-10 TSX
20130115 20130721 -0.0001203 5.1434e-10 TSX
20130126 20130823 3.6514e-05 5.2162e-10 TSX
20130131 20130429 -0.00017075 6.7793e-10 TSX
20130203 20130729 0.00012969 5.2362e-10 TSX
20130211 20130919 7.8536e-05 4.9621e-10 TSX
20130228 20141209 0.00010936 3.1667e-10 TSX
20130311 20130801 8.6087e-05 5.6845e-10 TSX
20130316 20130623 2.8613e-05 6.5606e-10 TSX
20130402 20150122 0.0003315 3.3531e-10 TSX
20130407 20140530 -1.3986e-06 3.8096e-10 TSX
20130421 20171016 4.6656e-05 4.172e-10 TSX
20130424 20130721 -0.00018003 6.6402e-10 TSX
20130429 20130623 5.3583e-05 7.5397e-10 TSX
20130505 20131028 -0.0001356 5.9159e-10 TSX
20130513 20151112 9.3365e-05 3.8506e-10 TSX
20130516 20131017 -0.00037825 5.737e-10 TSX
20130521 20130715 0.00024889 7.54e-10 TSX
20130524 20171129 5.9402e-05 3.8723e-10 TSX
20130527 20140627 2.2707e-05 3.8417e-10 TSX
20130601 20130930 0.00022058 6.1693e-10 TSX
20130604 20141217 -0.00010318 3.5806e-10 TSX
20130607 20140719 0.0001212 3.8102e-10 TSX
20130612 20150105 0.00010914 3.4565e-10 TSX
20130615 20160106 -6.2219e-05 3.434e-10 TSX
20130618 20140708 6.7381e-05 3.883e-10 TSX
20130623 20130715 0.00065085 8.6106e-10 TSX
20130629 20130914 0.00026126 6.9666e-10 TSX
20130707 20150130 -0.00012792 3.5525e-10 TSX
20130710 20140901 0.00010134 3.7667e-10 TSX
20130715 20130726 -0.0024138 1.01e-09 TSX
20130721 20131108 0.00085709 6.4159e-10 TSX
20130726 20150517 0.00015167 3.2814e-10 TSX
20130729 20160904 -0.00011712 3.5635e-10 TSX
20130801 20151115 0.00012927 3.5892e-10 TSX
20130817 20140209 6.4444e-05 5.4096e-10 TSX
20130828 20150312 5.585e-05 3.4247e-10 TSX
20130903 20150329 -0.00018897 4.5563e-10 TSX
20130919 20160309 4.2366e-05 3.2437e-10 TSX
20130925 20140708 9.5877e-05 4.3461e-10 TSX
20130930 20160411 6.9054e-05 3.356e-10 TSX
20131011 20150802 6.0015e-05 3.5098e-10 TSX
20131017 20140719 -5.3252e-05 4.4265e-10 TSX
20131028 20160304 -0.00015251 2.9894e-10 TSX
20131102 20140519 -0.0003685 5.1711e-10 TSX
20131108 20140708 3.341e-05 4.7654e-10 TSX
20140209 20160309 6.6492e-05 3.6512e-10 TSX
20140223 20140829 6.3359e-05 5.111e-10 TSX
20140408 20140705 6.5293e-05 6.6125e-10 TSX
20140419 20170913 9.6384e-05 4.2218e-10 TSX
20140511 20141228 0.00012301 4.7006e-10 TSX
20140519 20150824 0.00024798 3.8304e-10 TSX
20140624 20171005 1.783e-05 4.3198e-10 TSX
20140627 20151115 0.00024144 3.8326e-10 TSX
20140705 20180911 -1.2466e-05 4.0194e-10 TSX
20140708 20160406 0.00013478 3.7056e-10 TSX
20140716 20171005 4.0733e-05 3.7104e-10 TSX
20140719 20151207 0.00010574 3.6854e-10 TSX
20140727 20150326 -4.6792e-05 4.6156e-10 TSX
20140810 20150122 6.7481e-05 5.3986e-10 TSX
20140818 20160301 -4.9244e-05 3.9098e-10 TSX
20140829 20160208 -2.7316e-05 3.8397e-10 TSX
20140901 20140912 -0.00032598 9.6695e-10 TSX
20140912 20141209 0.00012336 6.64e-10 TSX
20140920 20170902 0.00010607 3.7844e-10 TSX
20141209 20160211 0.00014239 3.7005e-10 TSX
20141217 20160722 8.7821e-06 3.4818e-10 TSX
20141228 20160106 -6.8783e-06 4.0717e-10 TSX
20141231 20151024 0.00014221 4.515e-10 TSX
20150105 20150824 6.2312e-05 5.0904e-10 TSX
20150108 20170811 2.5736e-05 3.8425e-10 TSX
20150119 20160117 4.2304e-05 4.0431e-10 TSX
20150127 20160411 0.00023848 3.8827e-10 TSX
20150130 20151112 6.6661e-05 4.4982e-10 TSX
20150210 20170114 2.094e-05 3.9451e-10 TSX
20150213 20160326 -3.8295e-05 4.1384e-10 TSX
20150218 20160216 0.0001565 4.3336e-10 TSX
20150221 20180112 -3.6198e-05 3.793e-10 TSX
20150304 20180911 6.9426e-05 3.6386e-10 TSX
20150307 20160211 0.00017261 4.2413e-10 TSX
20150312 20160320 0.00010417 4.2319e-10 TSX
20150326 20150827 0.00025144 5.5846e-10 TSX
20150329 20151207 0.000168 4.5778e-10 TSX
20150428 20160425 7.4867e-05 4.0467e-10 TSX
20150509 20150827 0.00023922 6.2634e-10 TSX
20150517 20150824 0.00015903 6.574e-10 TSX
20150520 20180911 -5.6517e-05 4.0264e-10 TSX
20150714 20170822 1.3931e-05 3.7921e-10 TSX
20150725 20170924 -1.226e-05 3.7923e-10 TSX
20150802 20160309 0.00011425 4.9692e-10 TSX
20150805 20160403 -6.1037e-05 4.6231e-10 TSX
20150816 20171107 -2.2078e-05 3.3932e-10 TSX
20150824 20150915 0.00076592 8.6096e-10 TSX
20150827 20170902 -3.9904e-05 3.6322e-10 TSX
20150915 20160216 -7.0658e-05 5.6817e-10 TSX
20151021 20160904 -4.1013e-05 4.1556e-10 TSX
20151101 20171016 -1.609e-05 3.2983e-10 TSX
20151112 20160425 -1.041e-05 5.3615e-10 TSX
20151115 20151229 0.00018863 7.7301e-10 TSX
20151123 20171221 -6.2045e-05 3.1514e-10 TSX
20151204 20151215 0.00018637 9.7699e-10 TSX
20151207 20160406 -8.1293e-05 6.0224e-10 TSX
20151215 20170822 -1.0461e-05 3.5076e-10 TSX
20151226 20161223 3.8018e-06 3.9524e-10 TSX
20151229 20160211 5.7719e-06 7.7301e-10 TSX
20160106 20161223 3.4672e-05 3.9916e-10 TSX
20160117 20160926 0.00010107 4.545e-10 TSX
20160128 20160301 -0.0002473 8.0601e-10 TSX
20160208 20160312 -5.984e-05 8.0601e-10 TSX
20160216 20160309 -0.00041064 8.6096e-10 TSX
20160219 20180319 -0.00012095 3.2411e-10 TSX
20160301 20161201 9.24e-05 4.3956e-10 TSX
20160304 20160326 1.3857e-05 8.4804e-10 TSX
20160312 20180319 -0.00014246 3.2564e-10 TSX
20160320 20160411 0.00045417 8.6097e-10 TSX
20160323 20171118 5.6257e-06 3.3774e-10 TSX
20160326 20160406 -0.00049976 9.6688e-10 TSX
20160403 20171027 5.9364e-06 3.4042e-10 TSX
20160425 20170811 2.0772e-05 3.6043e-10 TSX
20160528 20160630 9.1243e-05 8.0601e-10 TSX
20160630 20171118 -2.2834e-06 3.4573e-10 TSX
20160722 20161201 0.0001931 5.8131e-10 TSX
20160904 20180707 -0.00013262 3.3938e-10 TSX
20160915 20180911 -4.9703e-05 3.1798e-10 TSX
20160926 20170114 -1.3145e-06 6.1796e-10 TSX
20161201 20171027 -1.3472e-05 4.0829e-10 TSX
20161223 20171107 -3.0065e-05 4.1179e-10 TSX
20170114 20170902 2.7421e-05 4.6921e-10 TSX
20170811 20171005 -4.0066e-05 7.411e-10 TSX
20170822 20180707 -0.00022972 4.1361e-10 TSX
20170913 20180707 -0.00027073 4.2641e-10 TSX
20170924 20180319 -0.00031463 5.2321e-10 TSX
20171005 20171107 5.3151e-05 8.0601e-10 TSX
20171016 20180319 -0.00033005 5.5009e-10 TSX
20171027 20180911 -0.00013009 4.1352e-10 TSX
20171107 20171118 6.9433e-05 9.7699e-10 TSX
20171118 20171129 3.6915e-05 9.7699e-10 TSX
20171129 20171221 3.6006e-06 8.4996e-10 TSX
20171210 20180820 -0.00011627 4.5361e-10 TSX
20171221 20180911 -4.4042e-05 4.4569e-10 TSX
20180112 20181003 -5.4502e-05 4.4565e-10 TSX
20180319 20180707 1.0327e-05 6.1796e-10 TSX
20180707 20180911 0.00044795 7.1237e-10 TSX
20180729 20181003 0.00018609 7.1237e-10 TSX
20180820 20181003 0.00022349 7.7203e-10 TSX
20180911 20181003 -0.00016295 8.4996e-10 TSX
