20030427 20030914 -3.2188e-05 5.7411e-10 ERS2
20030914 20080629 -1.1577e-05 2.6525e-10 ERS2
20050918 20090510 -1.318e-05 3.0289e-10 ERS2
20051127 20081116 1.0766e-05 3.0629e-10 ERS2
20060903 20090510 1.1906e-05 3.0893e-10 ERS2
20061231 20090105 0.00017185 3.2063e-10 ALOS
20070402 20070703 3.167e-05 6.829e-10 ALOS
20070518 20091008 -0.00018491 3.1011e-10 ALOS
20070818 20071003 -0.00045218 7.9337e-10 ALOS
20071217 20100509 -3.7291e-05 3.0015e-10 ALOS
20080103 20100526 -7.7356e-05 3.1493e-10 ALOS
20080404 20080520 -4.9018e-05 7.9336e-10 ALOS
20080618 20090921 -6.2894e-05 3.703e-10 ALOS
20080629 20090510 -0.00054534 4.1448e-10 ERS2
20080705 20091008 -4.8332e-05 3.72e-10 ALOS
20080803 20090823 -1.9082e-05 3.8576e-10 ERS2
20081116 20090823 2.959e-05 4.3505e-10 ERS2
20081219 20090921 6.7163e-05 4.4893e-10 ALOS
20090105 20090708 6.6057e-05 5.3952e-10 ALOS
20090510 20091101 0.00061526 5.2733e-10 ERS2
20090708 20091008 0.00024907 6.826e-10 ALOS
20090823 20091101 0.0011945 7.1253e-10 ERS2
20091222 20100624 -0.00018696 5.375e-10 ALOS
20100108 20100223 0.00030011 7.9438e-10 ALOS
20100223 20100526 0.00035023 6.8647e-10 ALOS
20100410 20100711 -2.141e-05 6.823e-10 ALOS
20100509 20100624 0.00054112 7.9087e-10 ALOS
20100526 20100711 0.00035669 7.9341e-10 ALOS
20100624 20101109 3.5097e-05 5.9277e-10 ALOS
20100711 20101011 -0.00027177 6.8208e-10 ALOS
20100809 20101109 6.4991e-05 6.7846e-10 ALOS
20101011 20101126 0.00030814 7.9341e-10 ALOS
20110111 20110226 0.00063256 7.935e-10 ALOS
20110924 20130715 2.6161e-05 3.2359e-10 TSX
20111005 20121229 -4.0316e-05 4.0059e-10 TSX
20111121 20171221 -2.7001e-05 3.7106e-10 TSX
20111221 20130131 2.9422e-06 3.8742e-10 TSX
20111224 20121027 -2.5259e-05 4.1965e-10 TSX
20120126 20140419 -2.0668e-05 3.7104e-10 TSX
20120203 20160320 -2.1757e-05 3.5323e-10 TSX
20120206 20171107 -1.2301e-05 4.124e-10 TSX
20120617 20171129 4.2799e-06 4.2417e-10 TSX
20120723 20160120 6.5137e-05 3.769e-10 TSX
20121024 20130109 3.3819e-06 7.2077e-10 TSX
20121027 20151226 -2.7245e-05 3.3501e-10 TSX
20121030 20130311 0.00011661 5.9291e-10 TSX
20121107 20171118 -7.2056e-07 4.1153e-10 TSX
20121221 20160208 5.6276e-06 3.8824e-10 TSX
20121224 20130516 -1.102e-05 5.7561e-10 TSX
20121229 20130407 -7.9408e-05 6.717e-10 TSX
20130104 20130217 0.00012452 7.8923e-10 TSX
20130109 20130715 0.00018398 5.5129e-10 TSX
20130112 20140511 -1.8412e-05 3.836e-10 TSX
20130115 20130721 -4.964e-05 5.2139e-10 TSX
20130126 20130823 -0.00021714 5.3866e-10 TSX
20130131 20130429 0.00014643 6.9518e-10 TSX
20130203 20130729 -1.2877e-05 5.2922e-10 TSX
20130211 20130919 -5.8075e-05 4.992e-10 TSX
20130228 20141209 5.8424e-06 3.4874e-10 TSX
20130311 20130801 -0.0001064 5.7569e-10 TSX
20130316 20130623 4.0435e-05 6.7171e-10 TSX
20130402 20150122 -0.00011156 3.9214e-10 TSX
20130407 20140530 0.00012219 3.8296e-10 TSX
20130421 20171016 -6.1415e-06 4.5559e-10 TSX
20130424 20130721 -0.00015274 6.776e-10 TSX
20130429 20130623 -0.00012287 7.7366e-10 TSX
20130505 20131028 0.00018295 5.5829e-10 TSX
20130513 20151112 -2.0757e-05 4.0594e-10 TSX
20130516 20131017 -0.00050173 6.0977e-10 TSX
20130521 20130715 0.0001569 7.7363e-10 TSX
20130524 20171129 1.8974e-05 3.3369e-10 TSX
20130527 20140627 3.4407e-06 3.8489e-10 TSX
20130601 20130930 -7.9404e-05 6.2934e-10 TSX
20130604 20141217 -7.8041e-06 3.6929e-10 TSX
20130607 20140719 -2.6024e-05 3.8096e-10 TSX
20130612 20150105 1.8466e-05 3.4315e-10 TSX
20130615 20160106 -1.3865e-05 3.6452e-10 TSX
20130618 20140708 -1.3365e-05 3.8923e-10 TSX
20130623 20130715 0.00064168 8.7571e-10 TSX
20130629 20130914 -1.3555e-05 7.1968e-10 TSX
20130707 20150130 -2.7185e-05 3.5356e-10 TSX
20130710 20140901 -2.2578e-05 3.7718e-10 TSX
20130715 20130726 -0.0024211 1.0224e-09 TSX
20130721 20131108 -9.9603e-05 6.7466e-10 TSX
20130726 20150517 1.899e-05 3.5803e-10 TSX
20130729 20160904 -1.3268e-05 3.3457e-10 TSX
20130801 20151115 1.022e-05 4.1935e-10 TSX
20130817 20140209 -3.1166e-05 5.4716e-10 TSX
20130828 20150312 -1.2987e-05 3.633e-10 TSX
20130903 20150329 3.934e-05 4.9349e-10 TSX
20130919 20160309 3.3184e-05 3.9922e-10 TSX
20130925 20140708 3.7093e-05 4.6221e-10 TSX
20130930 20160411 -1.809e-05 4.1523e-10 TSX
20131011 20150802 3.6167e-05 4.1187e-10 TSX
20131017 20140719 -1.4828e-05 5.0147e-10 TSX
20131028 20160304 5.3922e-05 3.1843e-10 TSX
20131102 20140519 0.00022956 5.2164e-10 TSX
20131108 20140708 -0.00013362 4.8928e-10 TSX
20140209 20160309 3.7148e-05 3.6155e-10 TSX
20140223 20140829 6.1241e-06 5.1559e-10 TSX
20140408 20140705 -1.0157e-05 6.7474e-10 TSX
20140419 20170913 -7.3465e-06 4.1093e-10 TSX
20140511 20141228 1.8248e-05 4.7268e-10 TSX
20140519 20150824 -4.7048e-05 3.9776e-10 TSX
20140624 20171005 -5.6346e-06 3.4154e-10 TSX
20140627 20151115 -0.00010136 4.0179e-10 TSX
20140705 20180911 4.253e-06 3.2133e-10 TSX
20140708 20160406 1.5581e-05 3.7586e-10 TSX
20140716 20171005 -1.6013e-05 3.5037e-10 TSX
20140719 20151207 -1.6848e-05 3.8481e-10 TSX
20140727 20150326 -5.2783e-05 4.6323e-10 TSX
20140810 20150122 3.2398e-05 5.8611e-10 TSX
20140818 20160301 -1.1769e-05 3.5e-10 TSX
20140829 20160208 -8.6624e-06 3.6355e-10 TSX
20140901 20140912 -0.00026098 9.7762e-10 TSX
20140912 20141209 -3.9425e-05 6.776e-10 TSX
20140920 20170902 7.2582e-07 3.8133e-10 TSX
20141209 20160211 -3.2224e-05 3.8032e-10 TSX
20141217 20160722 2.3574e-05 3.7199e-10 TSX
20141228 20160106 -1.5826e-05 3.9846e-10 TSX
20141231 20151024 -4.8147e-05 4.3377e-10 TSX
20150105 20150824 4.2241e-06 5.0668e-10 TSX
20150108 20170811 2.1586e-05 3.3999e-10 TSX
20150119 20160117 1.0197e-05 3.9605e-10 TSX
20150127 20160411 2.4365e-05 4.7144e-10 TSX
20150130 20151112 3.1997e-05 4.4235e-10 TSX
20150210 20170114 -3.8282e-06 3.5114e-10 TSX
20150213 20160326 -5.5019e-05 4.4538e-10 TSX
20150218 20160216 -1.9903e-05 4.1128e-10 TSX
20150221 20180112 2.4658e-05 4.9717e-10 TSX
20150304 20180911 8.879e-07 3.6229e-10 TSX
20150307 20160211 -5.8036e-05 4.1897e-10 TSX
20150312 20160320 -3.762e-06 4.0588e-10 TSX
20150326 20150827 4.2098e-05 5.5786e-10 TSX
20150329 20151207 -9.8007e-05 4.5824e-10 TSX
20150428 20160425 3.8069e-06 4.0624e-10 TSX
20150509 20150827 4.7341e-05 6.4202e-10 TSX
20150517 20150824 -0.00017702 6.7646e-10 TSX
20150520 20180911 2.757e-06 3.8101e-10 TSX
20150714 20170822 -7.9525e-06 4.1068e-10 TSX
20150725 20170924 -1.719e-05 3.3654e-10 TSX
20150802 20160309 -6.432e-05 5.0324e-10 TSX
20150805 20160403 -1.4412e-05 4.6828e-10 TSX
20150816 20171107 -3.2353e-06 3.1977e-10 TSX
20150824 20150915 0.00055205 8.7563e-10 TSX
20150827 20170902 1.7432e-06 3.4658e-10 TSX
20150915 20160216 3.3082e-05 5.7739e-10 TSX
20151021 20160904 -1.0523e-05 4.2246e-10 TSX
20151101 20171016 -3.0591e-05 3.1341e-10 TSX
20151112 20160425 -1.0758e-05 5.4237e-10 TSX
20151115 20151229 0.00014121 7.8923e-10 TSX
20151123 20171221 -6.4485e-06 3.3841e-10 TSX
20151204 20151215 0.00014726 9.8707e-10 TSX
20151207 20160406 -2.3979e-05 6.1161e-10 TSX
20151215 20170822 -2.8657e-05 3.7957e-10 TSX
20151226 20161223 2.7866e-05 3.9618e-10 TSX
20151229 20160211 2.2898e-06 7.8923e-10 TSX
20160106 20161223 1.9691e-05 4.0144e-10 TSX
20160117 20160926 1.0072e-05 4.5549e-10 TSX
20160128 20160301 -0.00014276 8.2004e-10 TSX
20160208 20160312 -6.3821e-05 8.2004e-10 TSX
20160216 20160309 -0.00032413 8.7563e-10 TSX
20160219 20180319 -1.1497e-05 3.3047e-10 TSX
20160301 20161201 2.2669e-05 4.391e-10 TSX
20160304 20160326 6.9817e-06 8.6081e-10 TSX
20160312 20180319 -2.1814e-05 3.3903e-10 TSX
20160320 20160411 0.0003899 8.7564e-10 TSX
20160323 20171118 1.9527e-06 3.2901e-10 TSX
20160326 20160406 -0.00049515 9.7752e-10 TSX
20160403 20171027 3.1057e-05 3.5146e-10 TSX
20160425 20170811 2.1142e-05 3.6053e-10 TSX
20160528 20160630 4.4488e-06 8.2004e-10 TSX
20160630 20171118 -5.8239e-07 3.4439e-10 TSX
20160722 20161201 2.869e-05 5.8998e-10 TSX
20160904 20180707 -9.987e-06 3.3249e-10 TSX
20160915 20180911 7.1671e-07 3.1243e-10 TSX
20160926 20170114 1.8704e-06 6.2954e-10 TSX
20161201 20171027 1.7827e-05 4.0658e-10 TSX
20161223 20171107 -2.7951e-05 4.1416e-10 TSX
20170114 20170902 8.4873e-06 4.7681e-10 TSX
20170811 20171005 -5.534e-05 7.5681e-10 TSX
20170822 20180707 2.8794e-06 4.1387e-10 TSX
20170913 20180707 1.0031e-05 4.3015e-10 TSX
20170924 20180319 -7.7398e-05 5.2838e-10 TSX
20171005 20171107 6.9768e-05 8.2004e-10 TSX
20171016 20180319 -3.9197e-05 5.5682e-10 TSX
20171027 20180911 -1.0554e-05 4.1395e-10 TSX
20171107 20171118 7.9391e-05 9.8708e-10 TSX
20171118 20171129 4.2093e-05 9.8708e-10 TSX
20171129 20171221 -3.5995e-05 8.62e-10 TSX
20171210 20180820 -5.0997e-05 4.5464e-10 TSX
20171221 20180911 8.9628e-06 4.4658e-10 TSX
20180112 20181003 -2.0191e-05 4.4658e-10 TSX
20180319 20180707 -4.7008e-05 6.2898e-10 TSX
20180707 20180911 0.00013856 7.2776e-10 TSX
20180729 20181003 -1.0543e-05 7.2776e-10 TSX
20180820 20181003 6.9052e-05 7.8734e-10 TSX
20180911 20181003 -0.0001601 8.62e-10 TSX
