20030427 20030914 0.00020789 5.6587e-10 ERS2
20030914 20080629 -6.2837e-05 2.7856e-10 ERS2
20050918 20090510 3.673e-05 3.0692e-10 ERS2
20051127 20081116 0.00014058 3.0393e-10 ERS2
20060903 20090510 1.0854e-05 3.1695e-10 ERS2
20061231 20090105 0.00021924 3.58e-10 ALOS
20070402 20070703 0.00011767 6.6935e-10 ALOS
20070518 20091008 -0.00027902 3.1549e-10 ALOS
20070818 20071003 -0.00022043 7.7932e-10 ALOS
20071217 20100509 -0.00014145 3.1599e-10 ALOS
20080103 20100526 -3.2177e-05 3.3739e-10 ALOS
20080404 20080520 8.4527e-06 7.7926e-10 ALOS
20080618 20090921 5.8169e-05 3.7185e-10 ALOS
20080629 20090510 -0.00017092 4.1807e-10 ERS2
20080705 20091008 8.4157e-05 3.6644e-10 ALOS
20080803 20090823 9.3104e-06 3.8293e-10 ERS2
20081116 20090823 0.00011032 4.3205e-10 ERS2
20081219 20090921 6.2524e-05 4.4835e-10 ALOS
20090105 20090708 9.2087e-05 5.3292e-10 ALOS
20090510 20091101 -0.00012604 5.2219e-10 ERS2
20090708 20091008 0.00017589 6.6861e-10 ALOS
20090823 20091101 0.00020894 6.9922e-10 ERS2
20091222 20100624 3.97e-05 5.2723e-10 ALOS
20100108 20100223 6.8258e-05 7.7987e-10 ALOS
20100223 20100526 -0.00028141 6.717e-10 ALOS
20100410 20100711 -0.00025602 6.6948e-10 ALOS
20100509 20100624 0.00068947 7.7695e-10 ALOS
20100526 20100711 0.00042881 7.7926e-10 ALOS
20100624 20101109 -6.4267e-06 5.8483e-10 ALOS
20100711 20101011 -9.8424e-05 6.684e-10 ALOS
20100809 20101109 -3.3831e-05 6.6535e-10 ALOS
20101011 20101126 0.00025329 7.7927e-10 ALOS
20110111 20110226 0.00048551 7.7923e-10 ALOS
20110924 20130715 1.7682e-05 3.6835e-10 TSX
20111005 20121229 4.415e-05 3.8615e-10 TSX
20111121 20171221 -1.6488e-05 3.6277e-10 TSX
20111221 20130131 2.9313e-06 3.8679e-10 TSX
20111224 20121027 -1.7879e-05 4.2277e-10 TSX
20120126 20140419 1.8892e-05 4.5685e-10 TSX
20120203 20160320 4.0315e-05 3.7314e-10 TSX
20120206 20171107 -1.3621e-05 3.9773e-10 TSX
20120617 20171129 -4.4012e-05 4.1283e-10 TSX
20120723 20160120 -1.5155e-05 3.8727e-10 TSX
20121024 20130109 9.4168e-05 7.0537e-10 TSX
20121027 20151226 -4.9248e-06 4.647e-10 TSX
20121030 20130311 6.8629e-06 5.8516e-10 TSX
20121107 20171118 -9.3879e-06 3.3023e-10 TSX
20121221 20160208 -4.8605e-05 4.4314e-10 TSX
20121224 20130516 3.7829e-05 5.6892e-10 TSX
20121229 20130407 2.1528e-05 6.5837e-10 TSX
20130104 20130217 -3.5063e-05 7.7606e-10 TSX
20130109 20130715 0.00011754 5.6801e-10 TSX
20130112 20140511 -0.00010707 4.6179e-10 TSX
20130115 20130721 -5.1935e-05 5.6633e-10 TSX
20130126 20130823 -0.00032691 5.5835e-10 TSX
20130131 20130429 1.1539e-05 6.8057e-10 TSX
20130203 20130729 -3.2505e-05 5.4671e-10 TSX
20130211 20130919 8.5962e-06 5.1375e-10 TSX
20130228 20141209 5.331e-05 3.9485e-10 TSX
20130311 20130801 -8.4677e-05 5.7379e-10 TSX
20130316 20130623 -9.0858e-05 6.5846e-10 TSX
20130402 20150122 1.8949e-05 3.6643e-10 TSX
20130407 20140530 1.6595e-05 3.9555e-10 TSX
20130421 20171016 3.4624e-05 5.0547e-10 TSX
20130424 20130721 -0.00020917 6.6503e-10 TSX
20130429 20130623 -0.00010881 7.5835e-10 TSX
20130505 20131028 -0.00050503 5.6798e-10 TSX
20130513 20151112 -9.9304e-06 3.9922e-10 TSX
20130516 20131017 -0.00032895 5.8514e-10 TSX
20130521 20130715 0.00012515 7.5863e-10 TSX
20130524 20171129 7.3538e-05 6.1007e-10 TSX
20130527 20140627 9.0399e-06 3.9648e-10 TSX
20130601 20130930 4.0976e-05 6.1909e-10 TSX
20130604 20141217 -8.7095e-06 4.4078e-10 TSX
20130607 20140719 3.3901e-05 3.8756e-10 TSX
20130612 20150105 1.0914e-05 3.646e-10 TSX
20130615 20160106 -1.3007e-05 4.5359e-10 TSX
20130618 20140708 -6.6845e-06 3.9225e-10 TSX
20130623 20130715 0.0006427 8.6671e-10 TSX
20130629 20130914 6.602e-05 7.0012e-10 TSX
20130707 20150130 4.5657e-05 4.8327e-10 TSX
20130710 20140901 5.6645e-05 3.8584e-10 TSX
20130715 20130726 -0.0024046 1.0158e-09 TSX
20130721 20131108 0.00046161 6.5467e-10 TSX
20130726 20150517 6.8495e-05 3.7136e-10 TSX
20130729 20160904 3.08e-05 5.412e-10 TSX
20130801 20151115 -1.2392e-05 3.7939e-10 TSX
20130817 20140209 -3.1621e-05 5.4293e-10 TSX
20130828 20150312 4.8093e-05 3.7161e-10 TSX
20130903 20150329 -0.00013243 3.8871e-10 TSX
20130919 20160309 4.5502e-05 3.7608e-10 TSX
20130925 20140708 7.0568e-07 4.4588e-10 TSX
20130930 20160411 0.00012781 4.323e-10 TSX
20131011 20150802 -5.5572e-05 3.53e-10 TSX
20131017 20140719 5.9514e-06 4.4963e-10 TSX
20131028 20160304 -0.00011896 3.6834e-10 TSX
20131102 20140519 4.0176e-05 5.1768e-10 TSX
20131108 20140708 7.2875e-05 4.9729e-10 TSX
20140209 20160309 6.6547e-06 3.8137e-10 TSX
20140223 20140829 2.8207e-05 5.1663e-10 TSX
20140408 20140705 -3.667e-06 6.6203e-10 TSX
20140419 20170913 5.4283e-05 3.2853e-10 TSX
20140511 20141228 2.7408e-05 5.0585e-10 TSX
20140519 20150824 -1.5553e-05 3.8224e-10 TSX
20140624 20171005 7.5551e-05 5.1826e-10 TSX
20140627 20151115 -1.9044e-05 3.6537e-10 TSX
20140705 20180911 5.1889e-05 3.1765e-10 TSX
20140708 20160406 -5.0389e-05 4.7016e-10 TSX
20140716 20171005 2.3277e-06 4.4472e-10 TSX
20140719 20151207 2.1098e-05 3.561e-10 TSX
20140727 20150326 -1.2523e-05 4.7478e-10 TSX
20140810 20150122 1.6203e-05 5.4397e-10 TSX
20140818 20160301 5.8436e-06 4.9226e-10 TSX
20140829 20160208 -7.1058e-05 4.5379e-10 TSX
20140901 20140912 -0.00027237 9.7111e-10 TSX
20140912 20141209 -1.6061e-05 6.6525e-10 TSX
20140920 20170902 4.3893e-05 3.9183e-10 TSX
20141209 20160211 -7.1319e-05 4.1322e-10 TSX
20141217 20160722 4.5761e-05 3.8645e-10 TSX
20141228 20160106 -4.2871e-05 4.405e-10 TSX
20141231 20151024 -1.1335e-05 4.4494e-10 TSX
20150105 20150824 8.1126e-06 5.0014e-10 TSX
20150108 20170811 1.1168e-05 3.3814e-10 TSX
20150119 20160117 5.4014e-05 4.3385e-10 TSX
20150127 20160411 -5.8615e-05 4.2331e-10 TSX
20150130 20151112 3.9674e-05 5.3263e-10 TSX
20150210 20170114 -3.5474e-05 3.9569e-10 TSX
20150213 20160326 0.00016136 4.2875e-10 TSX
20150218 20160216 3.4137e-06 4.1023e-10 TSX
20150221 20180112 -5.2373e-05 3.8895e-10 TSX
20150304 20180911 8.5333e-05 4.4156e-10 TSX
20150307 20160211 -3.0363e-05 4.1959e-10 TSX
20150312 20160320 -5.6319e-05 4.1234e-10 TSX
20150326 20150827 -1.1475e-05 5.7264e-10 TSX
20150329 20151207 -8.9766e-05 4.6146e-10 TSX
20150428 20160425 7.8822e-05 4.834e-10 TSX
20150509 20150827 -0.00028659 6.371e-10 TSX
20150517 20150824 -0.00017978 6.6215e-10 TSX
20150520 20180911 5.6205e-05 4.6357e-10 TSX
20150714 20170822 -0.00012723 3.6987e-10 TSX
20150725 20170924 4.4955e-05 4.6452e-10 TSX
20150802 20160309 -6.4107e-05 5.0052e-10 TSX
20150805 20160403 6.0382e-05 4.8579e-10 TSX
20150816 20171107 6.8168e-05 4.376e-10 TSX
20150824 20150915 0.00067737 8.6661e-10 TSX
20150827 20170902 9.3607e-05 4.1604e-10 TSX
20150915 20160216 -5.9468e-05 5.8075e-10 TSX
20151021 20160904 -9.7548e-05 4.6668e-10 TSX
20151101 20171016 6.7382e-05 4.4002e-10 TSX
20151112 20160425 -1.3318e-05 5.4705e-10 TSX
20151115 20151229 0.000101 7.7606e-10 TSX
20151123 20171221 5.5491e-05 3.3904e-10 TSX
20151204 20151215 0.00016241 9.8021e-10 TSX
20151207 20160406 1.6969e-06 6.0275e-10 TSX
20151215 20170822 -6.0565e-05 3.9761e-10 TSX
20151226 20161223 2.1812e-05 4.1271e-10 TSX
20151229 20160211 -2.6479e-05 7.7606e-10 TSX
20160106 20161223 5.8083e-05 4.04e-10 TSX
20160117 20160926 8.2505e-06 4.9282e-10 TSX
20160128 20160301 -0.00025239 8.0855e-10 TSX
20160208 20160312 -0.00012637 8.0855e-10 TSX
20160216 20160309 -0.00037994 8.6661e-10 TSX
20160219 20180319 2.5565e-05 4.2346e-10 TSX
20160301 20161201 6.3891e-05 4.3842e-10 TSX
20160304 20160326 6.9809e-05 8.5198e-10 TSX
20160312 20180319 -1.5221e-05 4.168e-10 TSX
20160320 20160411 0.00033111 8.6662e-10 TSX
20160323 20171118 4.3329e-05 4.5139e-10 TSX
20160326 20160406 -0.00052751 9.7104e-10 TSX
20160403 20171027 -0.00017624 4.5911e-10 TSX
20160425 20170811 0.00011237 4.9483e-10 TSX
20160528 20160630 1.7713e-05 8.0855e-10 TSX
20160630 20171118 -4.3497e-05 4.4112e-10 TSX
20160722 20161201 0.00013306 5.837e-10 TSX
20160904 20180707 2.4883e-05 4.328e-10 TSX
20160915 20180911 -5.0229e-05 4.7597e-10 TSX
20160926 20170114 5.7193e-06 6.3832e-10 TSX
20161201 20171027 -4.6647e-05 5.0729e-10 TSX
20161223 20171107 -0.00016907 4.6634e-10 TSX
20170114 20170902 2.5572e-05 5.2406e-10 TSX
20170811 20171005 -4.0349e-05 7.427e-10 TSX
20170822 20180707 -0.00010952 4.1894e-10 TSX
20170913 20180707 -0.00014135 4.3047e-10 TSX
20170924 20180319 -1.0256e-05 5.2337e-10 TSX
20171005 20171107 8.7323e-05 8.0855e-10 TSX
20171016 20180319 -6.4538e-07 5.5026e-10 TSX
20171027 20180911 -5.4285e-05 4.1748e-10 TSX
20171107 20171118 7.1224e-05 9.8021e-10 TSX
20171118 20171129 5.9036e-05 9.8021e-10 TSX
20171129 20171221 -8.0838e-06 8.529e-10 TSX
20171210 20180820 -0.00012207 4.569e-10 TSX
20171221 20180911 -8.8116e-05 4.5027e-10 TSX
20180112 20181003 1.8738e-06 4.48e-10 TSX
20180319 20180707 -0.00024038 6.1914e-10 TSX
20180707 20180911 0.00030961 7.1357e-10 TSX
20180729 20181003 6.5787e-05 7.1357e-10 TSX
20180820 20181003 0.00018118 7.7409e-10 TSX
20180911 20181003 -0.0001968 8.5291e-10 TSX
