20030427 20030914 -0.00028347 5.6697e-10 ERS2
20030914 20080629 -0.00010242 2.8182e-10 ERS2
20050918 20090510 4.3246e-05 3.0701e-10 ERS2
20051127 20081116 0.00011217 3.1214e-10 ERS2
20060903 20090510 -9.3165e-05 3.079e-10 ERS2
20061231 20090105 -0.00015278 3.2992e-10 ALOS
20070402 20070703 -9.8601e-06 6.7219e-10 ALOS
20070518 20091008 0.00034664 3.3141e-10 ALOS
20070818 20071003 -0.0002336 7.8307e-10 ALOS
20071217 20100509 -8.2087e-05 3.1105e-10 ALOS
20080103 20100526 -8.4692e-05 3.4007e-10 ALOS
20080404 20080520 -0.00015502 7.8313e-10 ALOS
20080618 20090921 -4.5937e-05 3.7276e-10 ALOS
20080629 20090510 -0.00023158 4.1317e-10 ERS2
20080705 20091008 0.00054764 3.6612e-10 ALOS
20080803 20090823 -3.8394e-05 3.8343e-10 ERS2
20081116 20090823 2.4675e-06 4.3286e-10 ERS2
20081219 20090921 2.1325e-05 4.5526e-10 ALOS
20090105 20090708 8.8376e-05 5.3534e-10 ALOS
20090510 20091101 0.00043339 5.2203e-10 ERS2
20090708 20091008 0.00028018 6.7182e-10 ALOS
20090823 20091101 0.00034937 7.0069e-10 ERS2
20091222 20100624 0.00025824 5.3376e-10 ALOS
20100108 20100223 0.00027748 7.8778e-10 ALOS
20100223 20100526 9.605e-05 6.7349e-10 ALOS
20100410 20100711 -2.5586e-06 6.7291e-10 ALOS
20100509 20100624 0.00061601 7.8057e-10 ALOS
20100526 20100711 0.00034269 7.8307e-10 ALOS
20100624 20101109 -4.0628e-05 5.8678e-10 ALOS
20100711 20101011 -2.2952e-05 6.7172e-10 ALOS
20100809 20101109 1.8365e-05 6.6852e-10 ALOS
20101011 20101126 0.00027915 7.8307e-10 ALOS
20110111 20110226 0.00044368 7.8306e-10 ALOS
20110924 20130715 2.9841e-05 4.105e-10 TSX
20111005 20121229 6.9727e-05 4.2535e-10 TSX
20111121 20171221 -1.31e-05 3.8004e-10 TSX
20111221 20130131 2.1755e-05 3.9696e-10 TSX
20111224 20121027 -1.7036e-05 4.2253e-10 TSX
20120126 20140419 3.9363e-05 3.987e-10 TSX
20120203 20160320 8.0969e-05 3.1834e-10 TSX
20120206 20171107 2.4128e-05 4.7697e-10 TSX
20120617 20171129 6.251e-06 3.0606e-10 TSX
20120723 20160120 9.5819e-05 3.6723e-10 TSX
20121024 20130109 6.6957e-06 7.0959e-10 TSX
20121027 20151226 3.7297e-06 4.952e-10 TSX
20121030 20130311 2.379e-05 5.8652e-10 TSX
20121107 20171118 -5.4696e-05 3.6197e-10 TSX
20121221 20160208 -1.4286e-05 3.7146e-10 TSX
20121224 20130516 4.537e-05 5.7001e-10 TSX
20121229 20130407 1.4765e-05 6.629e-10 TSX
20130104 20130217 -1.1284e-05 7.7914e-10 TSX
20130109 20130715 0.00015264 5.6238e-10 TSX
20130112 20140511 2.1104e-05 4.5003e-10 TSX
20130115 20130721 -8.3262e-05 5.3921e-10 TSX
20130126 20130823 -0.00035029 5.1187e-10 TSX
20130131 20130429 2.0789e-05 6.845e-10 TSX
20130203 20130729 -1.287e-05 5.3486e-10 TSX
20130211 20130919 0.00011632 5.1876e-10 TSX
20130228 20141209 7.9392e-06 4.0131e-10 TSX
20130311 20130801 -3.501e-05 5.7888e-10 TSX
20130316 20130623 -6.502e-05 6.6442e-10 TSX
20130402 20150122 2.1922e-05 4.2723e-10 TSX
20130407 20140530 -8.6408e-06 4.1519e-10 TSX
20130421 20171016 -4.7568e-05 4.263e-10 TSX
20130424 20130721 -0.0002142 6.6995e-10 TSX
20130429 20130623 -0.00011402 7.6307e-10 TSX
20130505 20131028 -0.00037959 5.7278e-10 TSX
20130513 20151112 8.7336e-05 3.6766e-10 TSX
20130516 20131017 0.00022008 5.8234e-10 TSX
20130521 20130715 0.0001121 7.6326e-10 TSX
20130524 20171129 6.5231e-05 4.7092e-10 TSX
20130527 20140627 -4.2253e-05 4.6991e-10 TSX
20130601 20130930 5.3618e-06 6.2227e-10 TSX
20130604 20141217 -1.9327e-06 4.1935e-10 TSX
20130607 20140719 5.7237e-06 4.3224e-10 TSX
20130612 20150105 2.2374e-06 4.0669e-10 TSX
20130615 20160106 2.7918e-05 3.6115e-10 TSX
20130618 20140708 -5.1251e-05 4.0629e-10 TSX
20130623 20130715 0.00061199 8.6939e-10 TSX
20130629 20130914 5.7651e-05 7.007e-10 TSX
20130707 20150130 -1.6186e-05 4.1526e-10 TSX
20130710 20140901 4.6012e-05 3.9728e-10 TSX
20130715 20130726 -0.0023778 1.0178e-09 TSX
20130721 20131108 0.00046488 6.5658e-10 TSX
20130726 20150517 -0.00024219 3.8872e-10 TSX
20130729 20160904 -3.0719e-05 4.9584e-10 TSX
20130801 20151115 4.2541e-06 4.2581e-10 TSX
20130817 20140209 -1.2447e-05 5.4584e-10 TSX
20130828 20150312 2.4046e-05 3.5983e-10 TSX
20130903 20150329 1.9449e-05 4.1269e-10 TSX
20130919 20160309 0.0002213 3.448e-10 TSX
20130925 20140708 -1.3139e-05 4.5498e-10 TSX
20130930 20160411 -0.00013637 3.6279e-10 TSX
20131011 20150802 -2.8044e-05 4.1989e-10 TSX
20131017 20140719 -3.6344e-05 4.5639e-10 TSX
20131028 20160304 -4.8249e-05 3.6625e-10 TSX
20131102 20140519 6.7221e-05 5.2139e-10 TSX
20131108 20140708 6.7488e-05 5.3744e-10 TSX
20140209 20160309 -5.9726e-06 4.5302e-10 TSX
20140223 20140829 -5.9094e-06 5.2523e-10 TSX
20140408 20140705 -2.3996e-05 6.6331e-10 TSX
20140419 20170913 3.4584e-05 4.4759e-10 TSX
20140511 20141228 2.1898e-05 5.2951e-10 TSX
20140519 20150824 -8.129e-05 4.2701e-10 TSX
20140624 20171005 0.00011753 4.6888e-10 TSX
20140627 20151115 -3.3902e-05 4.0952e-10 TSX
20140705 20180911 -8.174e-05 2.9999e-10 TSX
20140708 20160406 7.9193e-05 3.9933e-10 TSX
20140716 20171005 -1.329e-05 4.1654e-10 TSX
20140719 20151207 1.3131e-05 4.3172e-10 TSX
20140727 20150326 -5.302e-05 5.1317e-10 TSX
20140810 20150122 0.00017984 5.6213e-10 TSX
20140818 20160301 1.6545e-05 4.0677e-10 TSX
20140829 20160208 0.00011138 4.3948e-10 TSX
20140901 20140912 -0.00027319 9.7276e-10 TSX
20140912 20141209 3.6961e-05 6.6791e-10 TSX
20140920 20170902 6.3439e-06 5.2191e-10 TSX
20141209 20160211 -6.6362e-05 4.0766e-10 TSX
20141217 20160722 -0.00012322 3.7634e-10 TSX
20141228 20160106 -2.1546e-05 4.6216e-10 TSX
20141231 20151024 -0.00014765 4.5194e-10 TSX
20150105 20150824 -8.6798e-05 5.055e-10 TSX
20150108 20170811 -4.7647e-06 4.2427e-10 TSX
20150119 20160117 5.6451e-05 5.9353e-10 TSX
20150127 20160411 0.00023595 4.2029e-10 TSX
20150130 20151112 0.00027613 4.62e-10 TSX
20150210 20170114 0.00011714 4.9393e-10 TSX
20150213 20160326 -0.00030981 3.9705e-10 TSX
20150218 20160216 -4.4011e-05 4.3901e-10 TSX
20150221 20180112 0.00012292 4.2918e-10 TSX
20150304 20180911 8.318e-05 3.7812e-10 TSX
20150307 20160211 -0.00010985 4.4713e-10 TSX
20150312 20160320 5.1609e-05 4.1844e-10 TSX
20150326 20150827 -0.00011409 5.6438e-10 TSX
20150329 20151207 -8.8696e-05 4.8352e-10 TSX
20150428 20160425 -9.5965e-06 4.7701e-10 TSX
20150509 20150827 -0.00011292 6.3754e-10 TSX
20150517 20150824 -0.00028501 6.7186e-10 TSX
20150520 20180911 1.6269e-05 4.3061e-10 TSX
20150714 20170822 -3.0282e-05 3.5913e-10 TSX
20150725 20170924 5.1118e-05 3.7561e-10 TSX
20150802 20160309 2.3096e-05 5.0959e-10 TSX
20150805 20160403 9.6657e-05 5.2252e-10 TSX
20150816 20171107 2.9217e-05 4.2752e-10 TSX
20150824 20150915 0.00062256 8.6929e-10 TSX
20150827 20170902 2.4976e-05 3.3038e-10 TSX
20150915 20160216 -1.6014e-05 5.7903e-10 TSX
20151021 20160904 -7.7103e-05 4.9074e-10 TSX
20151101 20171016 9.5947e-05 4.9925e-10 TSX
20151112 20160425 -7.9578e-06 5.4843e-10 TSX
20151115 20151229 7.6473e-05 7.7914e-10 TSX
20151123 20171221 -8.6004e-05 3.9677e-10 TSX
20151204 20151215 0.00016435 9.8159e-10 TSX
20151207 20160406 -2.6769e-05 6.044e-10 TSX
20151215 20170822 7.289e-05 4.1851e-10 TSX
20151226 20161223 3.0808e-05 4.4057e-10 TSX
20151229 20160211 9.1945e-06 7.7914e-10 TSX
20160106 20161223 5.2965e-05 4.594e-10 TSX
20160117 20160926 8.5789e-05 5.1696e-10 TSX
20160128 20160301 -0.00025179 8.1051e-10 TSX
20160208 20160312 -0.00012899 8.1051e-10 TSX
20160216 20160309 -0.00035796 8.6929e-10 TSX
20160219 20180319 2.1333e-07 4.3007e-10 TSX
20160301 20161201 7.3209e-05 4.6971e-10 TSX
20160304 20160326 5.2249e-05 8.5416e-10 TSX
20160312 20180319 8.7184e-06 4.8095e-10 TSX
20160320 20160411 0.00034831 8.6931e-10 TSX
20160323 20171118 -1.8653e-05 4.8238e-10 TSX
20160326 20160406 -0.00051684 9.7267e-10 TSX
20160403 20171027 5.8273e-05 4.112e-10 TSX
20160425 20170811 -0.00012442 4.3665e-10 TSX
20160528 20160630 1.5474e-05 8.1051e-10 TSX
20160630 20171118 4.9253e-05 4.0889e-10 TSX
20160722 20161201 0.00012211 5.9562e-10 TSX
20160904 20180707 -3.1907e-05 5.2345e-10 TSX
20160915 20180911 -1.947e-05 4.5668e-10 TSX
20160926 20170114 0.00011217 6.477e-10 TSX
20161201 20171027 7.3451e-05 4.7962e-10 TSX
20161223 20171107 0.00013815 4.9934e-10 TSX
20170114 20170902 0.00012757 5.2742e-10 TSX
20170811 20171005 -5.0186e-05 7.4474e-10 TSX
20170822 20180707 -0.00010959 4.1867e-10 TSX
20170913 20180707 -0.00017508 4.4639e-10 TSX
20170924 20180319 -5.3264e-05 5.2375e-10 TSX
20171005 20171107 9.8189e-05 8.1051e-10 TSX
20171016 20180319 -4.3279e-05 5.5119e-10 TSX
20171027 20180911 -3.9554e-05 4.1762e-10 TSX
20171107 20171118 6.606e-05 9.8159e-10 TSX
20171118 20171129 5.8632e-05 9.8159e-10 TSX
20171129 20171221 -7.7627e-06 8.5458e-10 TSX
20171210 20180820 -0.00016026 4.6431e-10 TSX
20171221 20180911 -6.0897e-05 4.5904e-10 TSX
20180112 20181003 1.295e-05 4.5728e-10 TSX
20180319 20180707 -0.00021067 6.2241e-10 TSX
20180707 20180911 0.00030456 7.1544e-10 TSX
20180729 20181003 6.8095e-05 7.1544e-10 TSX
20180820 20181003 0.00020064 7.7618e-10 TSX
20180911 20181003 -0.00018655 8.5459e-10 TSX
