20030427 20030914 -0.00041758 5.6829e-10 ERS2
20030914 20080629 0.00017342 2.7479e-10 ERS2
20050918 20090510 1.7757e-05 3.0037e-10 ERS2
20051127 20081116 3.0993e-05 2.99e-10 ERS2
20060903 20090510 -0.00010289 3.1971e-10 ERS2
20061231 20090105 5.227e-06 3.1221e-10 ALOS
20070402 20070703 -0.00013503 6.711e-10 ALOS
20070518 20091008 -2.0677e-05 2.9786e-10 ALOS
20070818 20071003 -0.00046288 7.8257e-10 ALOS
20071217 20100509 -3.7582e-05 3.0051e-10 ALOS
20080103 20100526 -4.5525e-05 2.959e-10 ALOS
20080404 20080520 -6.3158e-05 7.8258e-10 ALOS
20080618 20090921 -1.3569e-05 3.7365e-10 ALOS
20080629 20090510 -8.9536e-05 4.1498e-10 ERS2
20080705 20091008 -4.8903e-05 3.6566e-10 ALOS
20080803 20090823 -1.4127e-05 3.8692e-10 ERS2
20081116 20090823 5.8966e-05 4.3255e-10 ERS2
20081219 20090921 -0.000113 4.4659e-10 ALOS
20090105 20090708 -2.3834e-05 5.2895e-10 ALOS
20090510 20091101 -0.00063932 5.2442e-10 ERS2
20090708 20091008 0.00015709 6.7113e-10 ALOS
20090823 20091101 0.00072183 7.044e-10 ERS2
20091222 20100624 -0.00014011 5.2629e-10 ALOS
20100108 20100223 6.4849e-05 7.8259e-10 ALOS
20100223 20100526 -5.9845e-05 6.7111e-10 ALOS
20100410 20100711 -7.7357e-05 6.7111e-10 ALOS
20100509 20100624 0.00073417 7.8046e-10 ALOS
20100526 20100711 0.0003994 7.8259e-10 ALOS
20100624 20101109 -0.00013322 5.8607e-10 ALOS
20100711 20101011 -0.00022538 6.7112e-10 ALOS
20100809 20101109 -6.0987e-05 6.6815e-10 ALOS
20101011 20101126 0.00019689 7.8259e-10 ALOS
20110111 20110226 0.00061318 7.8257e-10 ALOS
20110924 20130715 2.2069e-05 3.2302e-10 TSX
20111005 20121229 3.1711e-05 3.6928e-10 TSX
20111121 20171221 -1.1854e-05 2.4718e-10 TSX
20111221 20130131 -2.3316e-05 3.8622e-10 TSX
20111224 20121027 1.3673e-05 4.1911e-10 TSX
20120126 20140419 1.0102e-05 2.9092e-10 TSX
20120203 20160320 -4.8235e-06 2.572e-10 TSX
20120206 20171107 -3.6678e-06 2.4794e-10 TSX
20120617 20171129 -1.5531e-05 2.5703e-10 TSX
20120723 20160120 2.7032e-05 2.6355e-10 TSX
20121024 20130109 0.00012761 7.0782e-10 TSX
20121027 20151226 1.4691e-06 2.6662e-10 TSX
20121030 20130311 -1.3776e-05 5.8675e-10 TSX
20121107 20171118 9.4638e-06 2.6379e-10 TSX
20121221 20160208 1.4106e-05 2.6473e-10 TSX
20121224 20130516 -3.0216e-05 5.702e-10 TSX
20121229 20130407 -6.4849e-05 6.6064e-10 TSX
20130104 20130217 -6.4825e-05 7.7992e-10 TSX
20130109 20130715 6.5636e-05 5.2895e-10 TSX
20130112 20140511 2.4798e-05 3.5623e-10 TSX
20130115 20130721 -8.0862e-05 5.1473e-10 TSX
20130126 20130823 -4.4794e-05 4.9181e-10 TSX
20130131 20130429 5.3598e-05 6.8337e-10 TSX
20130203 20130729 -8.5918e-06 5.2395e-10 TSX
20130211 20130919 2.0199e-05 4.9638e-10 TSX
20130228 20141209 1.938e-05 3.1245e-10 TSX
20130311 20130801 -4.4755e-06 5.7014e-10 TSX
20130316 20130623 -1.8944e-05 6.6064e-10 TSX
20130402 20150122 1.4509e-05 2.9086e-10 TSX
20130407 20140530 1.5592e-05 3.8127e-10 TSX
20130421 20171016 -1.3069e-05 2.5716e-10 TSX
20130424 20130721 -0.00015394 6.6853e-10 TSX
20130429 20130623 -0.00011172 7.6161e-10 TSX
20130505 20131028 -0.00039685 5.2685e-10 TSX
20130513 20151112 -8.3136e-07 2.7676e-10 TSX
20130516 20131017 -0.00010532 5.5446e-10 TSX
20130521 20130715 0.00029959 7.6164e-10 TSX
20130524 20171129 5.013e-06 2.4772e-10 TSX
20130527 20140627 1.9432e-05 3.8291e-10 TSX
20130601 20130930 0.00011823 6.2005e-10 TSX
20130604 20141217 1.2153e-05 3.4034e-10 TSX
20130607 20140719 4.2618e-05 3.7962e-10 TSX
20130612 20150105 1.082e-05 3.3866e-10 TSX
20130615 20160106 -2.1891e-06 2.7314e-10 TSX
20130618 20140708 8.4072e-05 3.8729e-10 TSX
20130623 20130715 0.00064184 8.6826e-10 TSX
20130629 20130914 0.00015851 6.9356e-10 TSX
20130707 20150130 2.1944e-05 3.3985e-10 TSX
20130710 20140901 5.0049e-06 3.7636e-10 TSX
20130715 20130726 -0.0023152 1.0166e-09 TSX
20130721 20131108 0.00065801 6.2415e-10 TSX
20130726 20150517 -5.3396e-05 3.2202e-10 TSX
20130729 20160904 -1.3975e-05 2.7321e-10 TSX
20130801 20151115 1.9006e-05 2.858e-10 TSX
20130817 20140209 -4.6954e-05 5.4199e-10 TSX
20130828 20150312 1.9144e-05 3.41e-10 TSX
20130903 20150329 -0.00013402 3.1146e-10 TSX
20130919 20160309 -8.9298e-06 2.7588e-10 TSX
20130925 20140708 6.7357e-05 4.3174e-10 TSX
20130930 20160411 -2.5013e-05 2.7139e-10 TSX
20131011 20150802 1.8772e-05 3.2021e-10 TSX
20131017 20140719 -6.7373e-05 4.392e-10 TSX
20131028 20160304 -2.7438e-05 2.6211e-10 TSX
20131102 20140519 2.6259e-05 5.1778e-10 TSX
20131108 20140708 4.0297e-05 4.6322e-10 TSX
20140209 20160309 3.7632e-05 3.0678e-10 TSX
20140223 20140829 3.4264e-05 5.1171e-10 TSX
20140408 20140705 3.8283e-06 6.6631e-10 TSX
20140419 20170913 -1.686e-07 2.6629e-10 TSX
20140511 20141228 3.47e-06 4.7057e-10 TSX
20140519 20150824 -4.4762e-05 3.6463e-10 TSX
20140624 20171005 -1.9162e-05 2.6422e-10 TSX
20140627 20151115 -3.0947e-05 3.4072e-10 TSX
20140705 20180911 -1.1596e-05 2.511e-10 TSX
20140708 20160406 -3.0179e-05 3.1253e-10 TSX
20140716 20171005 -1.4375e-05 2.6438e-10 TSX
20140719 20151207 8.5721e-06 3.4067e-10 TSX
20140727 20150326 -4.9529e-06 4.6187e-10 TSX
20140810 20150122 1.509e-05 5.4028e-10 TSX
20140818 20160301 1.4644e-05 3.2373e-10 TSX
20140829 20160208 6.7924e-06 3.3089e-10 TSX
20140901 20140912 -0.00026175 9.728e-10 TSX
20140912 20141209 -6.3333e-05 6.6853e-10 TSX
20140920 20170902 3.5654e-06 2.7257e-10 TSX
20141209 20160211 -1.5029e-05 3.6385e-10 TSX
20141217 20160722 1.6454e-05 3.173e-10 TSX
20141228 20160106 -2.4719e-05 3.8257e-10 TSX
20141231 20151024 7.635e-06 4.2544e-10 TSX
20150105 20150824 -2.3332e-05 4.8649e-10 TSX
20150108 20170811 -2.0344e-05 2.8118e-10 TSX
20150119 20160117 3.8929e-05 3.8766e-10 TSX
20150127 20160411 -2.6097e-06 3.7139e-10 TSX
20150130 20151112 4.9181e-07 4.2864e-10 TSX
20150210 20170114 9.9529e-07 2.9685e-10 TSX
20150213 20160326 -2.4052e-05 3.681e-10 TSX
20150218 20160216 -3.3715e-06 4.0365e-10 TSX
20150221 20180112 9.2776e-06 2.6685e-10 TSX
20150304 20180911 1.683e-05 2.6243e-10 TSX
20150307 20160211 2.4033e-05 4.01e-10 TSX
20150312 20160320 -7.8294e-05 3.984e-10 TSX
20150326 20150827 3.7238e-06 5.5108e-10 TSX
20150329 20151207 4.6467e-06 4.553e-10 TSX
20150428 20160425 1.1921e-05 3.8693e-10 TSX
20150509 20150827 5.2054e-05 6.2128e-10 TSX
20150517 20150824 -9.0197e-06 6.6064e-10 TSX
20150520 20180911 3.2359e-06 2.6811e-10 TSX
20150714 20170822 8.675e-06 2.9314e-10 TSX
20150725 20170924 1.8772e-05 2.9153e-10 TSX
20150802 20160309 -6.2106e-05 4.964e-10 TSX
20150805 20160403 3.493e-05 4.6159e-10 TSX
20150816 20171107 -4.5661e-06 2.9165e-10 TSX
20150824 20150915 0.00062219 8.6816e-10 TSX
20150827 20170902 -8.2068e-07 3.0038e-10 TSX
20150915 20160216 -5.2614e-05 5.6974e-10 TSX
20151021 20160904 -6.2929e-06 4.1202e-10 TSX
20151101 20171016 -1.2979e-05 3.0174e-10 TSX
20151112 20160425 -8.1902e-06 5.3717e-10 TSX
20151115 20151229 0.00013226 7.7992e-10 TSX
20151123 20171221 6.2351e-06 2.9772e-10 TSX
20151204 20151215 0.0001448 9.8414e-10 TSX
20151207 20160406 -6.2882e-05 6.0471e-10 TSX
20151215 20170822 3.856e-08 3.1574e-10 TSX
20151226 20161223 7.0537e-06 3.9375e-10 TSX
20151229 20160211 3.2861e-05 7.7992e-10 TSX
20160106 20161223 4.7837e-05 3.9811e-10 TSX
20160117 20160926 5.0628e-06 4.5332e-10 TSX
20160128 20160301 -0.00017225 8.1413e-10 TSX
20160208 20160312 -9.4071e-05 8.1413e-10 TSX
20160216 20160309 -0.00036862 8.6816e-10 TSX
20160219 20180319 7.9737e-06 2.9872e-10 TSX
20160301 20161201 -3.8376e-06 4.384e-10 TSX
20160304 20160326 3.4772e-05 8.5443e-10 TSX
20160312 20180319 1.3068e-05 3.0015e-10 TSX
20160320 20160411 0.00040333 8.6816e-10 TSX
20160323 20171118 2.3688e-06 3.1821e-10 TSX
20160326 20160406 -0.00054249 9.7273e-10 TSX
20160403 20171027 1.5028e-05 3.2329e-10 TSX
20160425 20170811 -1.0101e-06 3.4707e-10 TSX
20160528 20160630 -2.4783e-06 8.1413e-10 TSX
20160630 20171118 1.1116e-05 3.3845e-10 TSX
20160722 20161201 -3.092e-05 5.8351e-10 TSX
20160904 20180707 3.4056e-05 3.2357e-10 TSX
20160915 20180911 8.3895e-06 3.0343e-10 TSX
20160926 20170114 -2.3631e-05 6.2137e-10 TSX
20161201 20171027 3.9116e-05 4.0694e-10 TSX
20161223 20171107 1.2014e-05 4.0935e-10 TSX
20170114 20170902 4.6848e-05 4.6899e-10 TSX
20170811 20171005 -2.299e-05 7.4872e-10 TSX
20170822 20180707 5.6583e-05 4.1332e-10 TSX
20170913 20180707 4.1816e-05 4.2467e-10 TSX
20170924 20180319 7.9731e-05 5.24e-10 TSX
20171005 20171107 1.5799e-05 8.1413e-10 TSX
20171016 20180319 5.7037e-05 5.5145e-10 TSX
20171027 20180911 2.7544e-05 4.1347e-10 TSX
20171107 20171118 7.3536e-05 9.8414e-10 TSX
20171118 20171129 5.2867e-05 9.8414e-10 TSX
20171129 20171221 4.5989e-07 8.5767e-10 TSX
20171210 20180820 5.8015e-05 4.5358e-10 TSX
20171221 20180911 7.1774e-05 4.4576e-10 TSX
20180112 20181003 2.6002e-05 4.4576e-10 TSX
20180319 20180707 -8.05e-06 6.2138e-10 TSX
20180707 20180911 9.9066e-05 7.1925e-10 TSX
20180729 20181003 6.1457e-05 7.1925e-10 TSX
20180820 20181003 0.00014844 7.8011e-10 TSX
20180911 20181003 -0.00013768 8.5768e-10 TSX
