20030427 20030914 -0.00065535 6.3586e-10 ERS2
20030914 20080629 -0.00023071 3.3978e-10 ERS2
20050918 20090510 4.8132e-05 3.7623e-10 ERS2
20051127 20081116 9.0007e-05 3.7003e-10 ERS2
20060903 20090510 6.3389e-05 3.7973e-10 ERS2
20061231 20090105 -2.3294e-05 5.2389e-10 ALOS
20070402 20070703 9.3915e-05 7.5434e-10 ALOS
20070518 20091008 -6.5601e-05 5.2803e-10 ALOS
20070818 20071003 -0.0002345 8.2367e-10 ALOS
20071217 20100509 -2.8898e-05 4.8629e-10 ALOS
20080103 20100526 -8.5378e-05 5.1848e-10 ALOS
20080404 20080520 1.5383e-05 8.2402e-10 ALOS
20080618 20090921 -1.1359e-05 5.551e-10 ALOS
20080629 20090510 -0.00099962 4.7366e-10 ERS2
20080705 20091008 2.2455e-05 5.3539e-10 ALOS
20080803 20090823 -1.2002e-05 4.6175e-10 ERS2
20081116 20090823 4.5227e-05 4.9994e-10 ERS2
20081219 20090921 0.00015881 5.912e-10 ALOS
20090105 20090708 -7.3875e-06 6.8627e-10 ALOS
20090510 20091101 1.3211e-05 5.9339e-10 ERS2
20090708 20091008 0.00033889 7.5471e-10 ALOS
20090823 20091101 0.00041395 7.5141e-10 ERS2
20091222 20100624 1.4424e-05 6.569e-10 ALOS
20100108 20100223 0.00014524 8.2634e-10 ALOS
20100223 20100526 2.0276e-05 7.5495e-10 ALOS
20100410 20100711 -0.00011647 7.596e-10 ALOS
20100509 20100624 0.00065754 8.2134e-10 ALOS
20100526 20100711 0.00041283 8.2373e-10 ALOS
20100624 20101109 1.2497e-05 7.0266e-10 ALOS
20100711 20101011 -2.7686e-05 7.5591e-10 ALOS
20100809 20101109 -3.9758e-05 7.518e-10 ALOS
20101011 20101126 0.00023717 8.2372e-10 ALOS
20110111 20110226 0.00053611 8.2371e-10 ALOS
20110924 20130715 2.5689e-05 5.7352e-10 TSX
20111005 20121229 -4.1255e-05 6.2981e-10 TSX
20111121 20171221 2.8874e-05 5.6983e-10 TSX
20111221 20130131 1.0997e-05 5.7775e-10 TSX
20111224 20121027 5.2505e-06 4.8223e-10 TSX
20120126 20140419 1.2189e-05 5.8224e-10 TSX
20120203 20160320 9.7806e-05 5.5507e-10 TSX
20120206 20171107 1.1627e-05 4.5322e-10 TSX
20120617 20171129 2.2946e-06 5.2848e-10 TSX
20120723 20160120 0.00010103 4.9332e-10 TSX
20121024 20130109 3.322e-05 7.8623e-10 TSX
20121027 20151226 -4.3524e-05 6.1303e-10 TSX
20121030 20130311 1.3042e-05 6.9249e-10 TSX
20121107 20171118 5.0742e-05 4.4602e-10 TSX
20121221 20160208 -4.4382e-05 5.6963e-10 TSX
20121224 20130516 -1.7981e-05 6.7916e-10 TSX
20121229 20130407 4.3916e-06 7.5704e-10 TSX
20130104 20130217 6.5702e-06 8.1797e-10 TSX
20130109 20130715 0.00033069 6.6895e-10 TSX
20130112 20140511 -5.01e-05 5.2438e-10 TSX
20130115 20130721 -0.00011824 6.6792e-10 TSX
20130126 20130823 -0.0001643 6.6366e-10 TSX
20130131 20130429 7.4456e-06 7.658e-10 TSX
20130203 20130729 -5.8802e-06 5.9832e-10 TSX
20130211 20130919 7.8567e-05 6.7035e-10 TSX
20130228 20141209 3.6655e-05 5.7891e-10 TSX
20130311 20130801 -5.1787e-05 6.8392e-10 TSX
20130316 20130623 -5.1659e-05 7.5342e-10 TSX
20130402 20150122 9.5738e-05 5.0125e-10 TSX
20130407 20140530 7.4621e-05 5.9179e-10 TSX
20130421 20171016 -2.6773e-05 4.4471e-10 TSX
20130424 20130721 -0.00026049 7.4992e-10 TSX
20130429 20130623 -0.00010376 8.1305e-10 TSX
20130505 20131028 -0.00027211 7.433e-10 TSX
20130513 20151112 8.5497e-05 3.7894e-10 TSX
20130516 20131017 -0.00027312 7.3099e-10 TSX
20130521 20130715 0.0001888 8.1352e-10 TSX
20130524 20171129 2.8175e-05 5.2692e-10 TSX
20130527 20140627 2.713e-05 5.7999e-10 TSX
20130601 20130930 9.8028e-05 7.2839e-10 TSX
20130604 20141217 5.0693e-05 4.4528e-10 TSX
20130607 20140719 5.3475e-05 5.7445e-10 TSX
20130612 20150105 -2.1533e-05 6.6224e-10 TSX
20130615 20160106 5.0406e-05 5.1664e-10 TSX
20130618 20140708 -2.6254e-05 5.4747e-10 TSX
20130623 20130715 0.00065131 8.8554e-10 TSX
20130629 20130914 0.00011765 7.6815e-10 TSX
20130707 20150130 -1.8294e-05 5.4006e-10 TSX
20130710 20140901 3.7729e-05 5.3977e-10 TSX
20130715 20130726 -0.002427 1.0267e-09 TSX
20130721 20131108 0.00053368 7.5665e-10 TSX
20130726 20150517 -1.3681e-05 6.4901e-10 TSX
20130729 20160904 -3.489e-05 5.432e-10 TSX
20130801 20151115 6.7144e-05 7.0046e-10 TSX
20130817 20140209 -5.8597e-05 7.0589e-10 TSX
20130828 20150312 9.2244e-05 5.527e-10 TSX
20130903 20150329 8.8026e-05 5.6327e-10 TSX
20130919 20160309 3.8335e-05 6.2443e-10 TSX
20130925 20140708 1.5868e-05 5.8497e-10 TSX
20130930 20160411 0.00022885 5.6027e-10 TSX
20131011 20150802 -7.4118e-07 5.5622e-10 TSX
20131017 20140719 1.1794e-05 6.1218e-10 TSX
20131028 20160304 3.43e-05 6.6725e-10 TSX
20131102 20140519 2.7053e-05 6.6365e-10 TSX
20131108 20140708 6.799e-05 6.2482e-10 TSX
20140209 20160309 -3.1698e-05 6.0214e-10 TSX
20140223 20140829 8.1505e-05 6.0201e-10 TSX
20140408 20140705 9.6563e-06 7.2109e-10 TSX
20140419 20170913 9.6265e-05 5.1445e-10 TSX
20140511 20141228 8.8573e-05 5.6213e-10 TSX
20140519 20150824 6.2482e-05 6.4803e-10 TSX
20140624 20171005 4.1413e-05 5.7811e-10 TSX
20140627 20151115 -5.8908e-05 5.7234e-10 TSX
20140705 20180911 -3.9133e-05 4.3418e-10 TSX
20140708 20160406 1.861e-05 6.6237e-10 TSX
20140716 20171005 -8.716e-05 4.8397e-10 TSX
20140719 20151207 0.00010427 6.5314e-10 TSX
20140727 20150326 -5.6581e-05 5.2787e-10 TSX
20140810 20150122 8.086e-05 6.4987e-10 TSX
20140818 20160301 -1.9904e-05 5.7789e-10 TSX
20140829 20160208 -6.0464e-05 5.0977e-10 TSX
20140901 20140912 -0.00028175 9.8117e-10 TSX
20140912 20141209 1.2235e-05 7.4547e-10 TSX
20140920 20170902 -3.5414e-05 4.9458e-10 TSX
20141209 20160211 4.2705e-05 5.3601e-10 TSX
20141217 20160722 -6.1054e-05 4.075e-10 TSX
20141228 20160106 3.5983e-06 6.4615e-10 TSX
20141231 20151024 5.6118e-05 6.248e-10 TSX
20150105 20150824 -4.3474e-05 6.5819e-10 TSX
20150108 20170811 -0.00013472 4.8318e-10 TSX
20150119 20160117 0.00018675 5.1824e-10 TSX
20150127 20160411 2.975e-05 5.6853e-10 TSX
20150130 20151112 0.00026976 5.1767e-10 TSX
20150210 20170114 0.00018984 5.6058e-10 TSX
20150213 20160326 4.7958e-05 6.0085e-10 TSX
20150218 20160216 2.2983e-05 5.9642e-10 TSX
20150221 20180112 7.0205e-05 4.5074e-10 TSX
20150304 20180911 5.1157e-05 4.4684e-10 TSX
20150307 20160211 -4.7783e-06 6.3123e-10 TSX
20150312 20160320 -8.6103e-06 5.9266e-10 TSX
20150326 20150827 6.669e-05 6.7922e-10 TSX
20150329 20151207 -9.3718e-05 5.7599e-10 TSX
20150428 20160425 -0.00017417 5.895e-10 TSX
20150509 20150827 5.9868e-05 7.3043e-10 TSX
20150517 20150824 -0.0001059 7.6461e-10 TSX
20150520 20180911 -5.2938e-05 6.0093e-10 TSX
20150714 20170822 3.794e-05 5.2104e-10 TSX
20150725 20170924 6.6261e-05 4.2295e-10 TSX
20150802 20160309 -4.3021e-05 6.6279e-10 TSX
20150805 20160403 0.00011492 5.3986e-10 TSX
20150816 20171107 3.2483e-05 4.389e-10 TSX
20150824 20150915 0.00065933 8.8543e-10 TSX
20150827 20170902 -3.5761e-07 5.8025e-10 TSX
20150915 20160216 -4.894e-05 7.1155e-10 TSX
20151021 20160904 -9.9546e-05 4.9809e-10 TSX
20151101 20171016 -0.00013192 5.2821e-10 TSX
20151112 20160425 -3.4883e-05 6.0368e-10 TSX
20151115 20151229 0.00011446 8.1796e-10 TSX
20151123 20171221 -8.8715e-06 5.5271e-10 TSX
20151204 20151215 0.00015996 9.8921e-10 TSX
20151207 20160406 -2.5174e-06 7.0185e-10 TSX
20151215 20170822 0.00011891 5.3367e-10 TSX
20151226 20161223 8.745e-05 4.6022e-10 TSX
20151229 20160211 8.9797e-06 8.1796e-10 TSX
20160106 20161223 0.00011923 4.5909e-10 TSX
20160117 20160926 7.8549e-05 5.1668e-10 TSX
20160128 20160301 -0.00025192 8.3337e-10 TSX
20160208 20160312 -0.00014849 8.3337e-10 TSX
20160216 20160309 -0.00037876 8.8543e-10 TSX
20160219 20180319 4.9327e-05 4.2559e-10 TSX
20160301 20161201 0.00017064 5.0262e-10 TSX
20160304 20160326 5.0655e-05 8.7037e-10 TSX
20160312 20180319 6.2324e-05 4.778e-10 TSX
20160320 20160411 0.00035965 8.8544e-10 TSX
20160323 20171118 4.0463e-05 4.9915e-10 TSX
20160326 20160406 -0.00051663 9.8108e-10 TSX
20160403 20171027 5.384e-05 4.7447e-10 TSX
20160425 20170811 0.00011906 4.1084e-10 TSX
20160528 20160630 2.1726e-05 8.3337e-10 TSX
20160630 20171118 0.00010883 5.4523e-10 TSX
20160722 20161201 0.00016205 6.4861e-10 TSX
20160904 20180707 2.8881e-05 5.6858e-10 TSX
20160915 20180911 5.598e-05 5.8121e-10 TSX
20160926 20170114 0.00012136 6.8835e-10 TSX
20161201 20171027 -2.544e-05 5.8629e-10 TSX
20161223 20171107 3.8808e-05 4.9809e-10 TSX
20170114 20170902 -9.5262e-06 5.8982e-10 TSX
20170811 20171005 -8.0875e-05 7.8516e-10 TSX
20170822 20180707 -0.00013145 4.76e-10 TSX
20170913 20180707 -0.00022919 4.8684e-10 TSX
20170924 20180319 -3.7356e-05 5.9052e-10 TSX
20171005 20171107 9.3437e-05 8.3337e-10 TSX
20171016 20180319 -4.2597e-07 6.1822e-10 TSX
20171027 20180911 -4.7136e-05 4.7692e-10 TSX
20171107 20171118 6.7742e-05 9.8921e-10 TSX
20171118 20171129 5.5628e-05 9.8921e-10 TSX
20171129 20171221 -1.5469e-05 8.6872e-10 TSX
20171210 20180820 -0.00014854 5.1872e-10 TSX
20171221 20180911 -5.7263e-05 5.1298e-10 TSX
20180112 20181003 0.00011509 5.1046e-10 TSX
20180319 20180707 -0.00027345 6.8325e-10 TSX
20180707 20180911 0.0003406 7.6302e-10 TSX
20180729 20181003 0.00011629 7.6302e-10 TSX
20180820 20181003 0.00023329 8.0818e-10 TSX
20180911 20181003 -0.00017267 8.6873e-10 TSX
