20030427 20030914 -0.00032489 6.5539e-10 ERS2
20030914 20080629 -3.0785e-06 3.7685e-10 ERS2
20050918 20090510 -5.0219e-05 4.079e-10 ERS2
20051127 20081116 -6.4068e-05 4.0719e-10 ERS2
20060903 20090510 0.0002372 4.1515e-10 ERS2
20061231 20090105 -8.5584e-05 4.4075e-10 ALOS
20070402 20070703 -0.00011995 7.3444e-10 ALOS
20070518 20091008 -6.8626e-05 4.0017e-10 ALOS
20070818 20071003 -0.00037705 8.1405e-10 ALOS
20071217 20100509 -0.0001219 3.9663e-10 ALOS
20080103 20100526 -6.7696e-05 3.9653e-10 ALOS
20080404 20080520 6.2339e-06 8.1416e-10 ALOS
20080618 20090921 -0.00011436 4.7015e-10 ALOS
20080629 20090510 -0.00082977 5.2672e-10 ERS2
20080705 20091008 -1.0052e-05 4.5814e-10 ALOS
20080803 20090823 -6.0918e-05 4.864e-10 ERS2
20081116 20090823 1.5264e-05 5.3239e-10 ERS2
20081219 20090921 0.00041309 5.3857e-10 ALOS
20090105 20090708 -4.5815e-05 6.1636e-10 ALOS
20090510 20091101 -0.00018583 6.182e-10 ERS2
20090708 20091008 0.00088314 7.3495e-10 ALOS
20090823 20091101 0.00017235 7.6082e-10 ERS2
20091222 20100624 0.00037464 6.1299e-10 ALOS
20100108 20100223 0.00056158 8.1467e-10 ALOS
20100223 20100526 -2.745e-05 7.3537e-10 ALOS
20100410 20100711 -0.00015707 7.3464e-10 ALOS
20100509 20100624 0.0008277 8.1237e-10 ALOS
20100526 20100711 0.00060478 8.1407e-10 ALOS
20100624 20101109 0.00013182 6.6724e-10 ALOS
20100711 20101011 0.00017283 7.3478e-10 ALOS
20100809 20101109 -3.6054e-06 7.3232e-10 ALOS
20101011 20101126 0.00015432 8.1407e-10 ALOS
20110111 20110226 0.00077094 8.1404e-10 ALOS
20110924 20130715 7.7192e-05 4.2563e-10 TSX
20111005 20121229 -6.1801e-05 4.771e-10 TSX
20111121 20171221 6.6412e-06 5.8126e-10 TSX
20111221 20130131 -2.5913e-05 4.7911e-10 TSX
20111224 20121027 -5.7876e-05 5.2222e-10 TSX
20120126 20140419 -1.3392e-05 4.0424e-10 TSX
20120203 20160320 -2.1924e-05 3.9696e-10 TSX
20120206 20171107 -9.7788e-06 5.0626e-10 TSX
20120617 20171129 2.0498e-05 4.1786e-10 TSX
20120723 20160120 -2.0744e-05 4.4477e-10 TSX
20121024 20130109 0.00018425 7.6228e-10 TSX
20121027 20151226 -3.9311e-06 3.7496e-10 TSX
20121030 20130311 3.4221e-05 6.6652e-10 TSX
20121107 20171118 9.9975e-06 4.7199e-10 TSX
20121221 20160208 -1.1683e-05 4.0507e-10 TSX
20121224 20130516 -0.0001735 6.5323e-10 TSX
20121229 20130407 -8.1603e-07 7.2713e-10 TSX
20130104 20130217 2.7911e-05 8.1169e-10 TSX
20130109 20130715 0.00011 6.3312e-10 TSX
20130112 20140511 2.5678e-05 4.6468e-10 TSX
20130115 20130721 -0.00023275 6.0018e-10 TSX
20130126 20130823 -8.5809e-05 6.2788e-10 TSX
20130131 20130429 -7.1578e-05 7.4436e-10 TSX
20130203 20130729 -1.6409e-05 6.1886e-10 TSX
20130211 20130919 6.709e-05 5.8625e-10 TSX
20130228 20141209 2.6563e-05 4.2064e-10 TSX
20130311 20130801 -0.00011846 6.5207e-10 TSX
20130316 20130623 1.8256e-05 7.2713e-10 TSX
20130402 20150122 1.0829e-05 4.8498e-10 TSX
20130407 20140530 -6.1476e-05 4.7422e-10 TSX
20130421 20171016 -2.136e-06 5.3627e-10 TSX
20130424 20130721 -0.00030466 7.3213e-10 TSX
20130429 20130623 -9.1183e-05 7.9995e-10 TSX
20130505 20131028 -0.00091563 6.2406e-10 TSX
20130513 20151112 2.7193e-05 4.0467e-10 TSX
20130516 20131017 -0.00021041 6.5986e-10 TSX
20130521 20130715 0.00032905 7.9999e-10 TSX
20130524 20171129 1.2664e-05 5.6339e-10 TSX
20130527 20140627 -3.7894e-05 4.8051e-10 TSX
20130601 20130930 0.00024008 6.9493e-10 TSX
20130604 20141217 3.4241e-05 4.5185e-10 TSX
20130607 20140719 -1.1666e-05 4.8156e-10 TSX
20130612 20150105 -3.6659e-05 4.4376e-10 TSX
20130615 20160106 -7.6545e-06 4.0298e-10 TSX
20130618 20140708 -1.3426e-05 4.8423e-10 TSX
20130623 20130715 0.00074378 8.8031e-10 TSX
20130629 20130914 0.00020093 7.565e-10 TSX
20130707 20150130 1.2515e-05 4.4696e-10 TSX
20130710 20140901 -8.8438e-07 4.7841e-10 TSX
20130715 20130726 -0.0024622 1.0229e-09 TSX
20130721 20131108 0.0012247 7.0976e-10 TSX
20130726 20150517 -3.1616e-05 4.6945e-10 TSX
20130729 20160904 -5.8625e-05 3.9749e-10 TSX
20130801 20151115 8.4041e-06 4.3652e-10 TSX
20130817 20140209 -9.4443e-05 6.2788e-10 TSX
20130828 20150312 0.00012814 4.5782e-10 TSX
20130903 20150329 -0.00028368 4.5508e-10 TSX
20130919 20160309 8.7862e-06 4.1759e-10 TSX
20130925 20140708 -0.00045881 5.5094e-10 TSX
20130930 20160411 -1.8506e-05 4.1636e-10 TSX
20131011 20150802 4.8537e-05 4.313e-10 TSX
20131017 20140719 1.7248e-05 6.2824e-10 TSX
20131028 20160304 -3.298e-05 5.7114e-10 TSX
20131102 20140519 -0.00015828 6.0655e-10 TSX
20131108 20140708 -0.00023334 6.0923e-10 TSX
20140209 20160309 3.1769e-05 4.8108e-10 TSX
20140223 20140829 5.548e-05 6.0699e-10 TSX
20140408 20140705 1.243e-05 7.3427e-10 TSX
20140419 20170913 1.4786e-06 4.0581e-10 TSX
20140511 20141228 4.543e-05 5.6883e-10 TSX
20140519 20150824 3.0662e-05 4.7532e-10 TSX
20140624 20171005 5.5943e-05 3.732e-10 TSX
20140627 20151115 5.9473e-07 4.7791e-10 TSX
20140705 20180911 2.3457e-05 4.2949e-10 TSX
20140708 20160406 1.936e-05 4.3752e-10 TSX
20140716 20171005 -2.8848e-05 3.6684e-10 TSX
20140719 20151207 -3.6538e-06 4.6522e-10 TSX
20140727 20150326 -5.3794e-07 5.6205e-10 TSX
20140810 20150122 -2.645e-05 6.5212e-10 TSX
20140818 20160301 -1.2463e-05 4.3149e-10 TSX
20140829 20160208 -1.7059e-05 4.5378e-10 TSX
20140901 20140912 -0.00029775 9.7922e-10 TSX
20140912 20141209 -1.0215e-05 7.3215e-10 TSX
20140920 20170902 -2.1911e-05 4.3842e-10 TSX
20141209 20160211 -7.4544e-05 4.7838e-10 TSX
20141217 20160722 -3.0592e-05 4.1403e-10 TSX
20141228 20160106 -1.1577e-05 4.786e-10 TSX
20141231 20151024 1.3509e-05 5.344e-10 TSX
20150105 20150824 -7.9835e-05 5.7643e-10 TSX
20150108 20170811 -3.1356e-05 3.8636e-10 TSX
20150119 20160117 -1.6417e-05 4.8464e-10 TSX
20150127 20160411 -8.0584e-06 4.9544e-10 TSX
20150130 20151112 2.3413e-05 5.2733e-10 TSX
20150210 20170114 4.1279e-06 5.7302e-10 TSX
20150213 20160326 8.3463e-05 5.7357e-10 TSX
20150218 20160216 1.9396e-05 4.9486e-10 TSX
20150221 20180112 1.3123e-05 5.6484e-10 TSX
20150304 20180911 -2.4227e-05 5.6276e-10 TSX
20150307 20160211 -3.5623e-05 4.9503e-10 TSX
20150312 20160320 -0.00016362 5.023e-10 TSX
20150326 20150827 -2.3599e-05 6.3974e-10 TSX
20150329 20151207 -3.9232e-06 5.4895e-10 TSX
20150428 20160425 9.2403e-06 4.838e-10 TSX
20150509 20150827 2.2128e-05 6.9924e-10 TSX
20150517 20150824 -3.5779e-05 7.2732e-10 TSX
20150520 20180911 -4.1326e-05 4.8903e-10 TSX
20150714 20170822 3.4749e-07 5.4857e-10 TSX
20150725 20170924 -7.8457e-06 4.3417e-10 TSX
20150802 20160309 -0.0001199 5.929e-10 TSX
20150805 20160403 -4.1975e-05 5.616e-10 TSX
20150816 20171107 -1.9973e-05 4.3584e-10 TSX
20150824 20150915 0.00075629 8.802e-10 TSX
20150827 20170902 -1.7018e-05 3.9491e-10 TSX
20150915 20160216 -0.00012272 6.5333e-10 TSX
20151021 20160904 -0.00015953 5.1303e-10 TSX
20151101 20171016 -2.7987e-05 4.0833e-10 TSX
20151112 20160425 -8.2392e-05 6.3063e-10 TSX
20151115 20151229 0.00013113 8.1169e-10 TSX
20151123 20171221 -1.6473e-05 4.9127e-10 TSX
20151204 20151215 0.00016144 9.8966e-10 TSX
20151207 20160406 -0.00016221 6.8133e-10 TSX
20151215 20170822 1.1693e-05 4.6731e-10 TSX
20151226 20161223 -2.3817e-05 4.9568e-10 TSX
20151229 20160211 -2.8002e-05 8.1169e-10 TSX
20160106 20161223 1.2112e-05 5.0179e-10 TSX
20160117 20160926 -3.4079e-05 5.5223e-10 TSX
20160128 20160301 -0.00016904 8.3658e-10 TSX
20160208 20160312 -0.00014713 8.3658e-10 TSX
20160216 20160309 -0.0004081 8.802e-10 TSX
20160219 20180319 -8.5955e-06 4.3068e-10 TSX
20160301 20161201 2.4922e-05 5.3984e-10 TSX
20160304 20160326 5.1146e-05 8.6737e-10 TSX
20160312 20180319 9.2244e-07 4.2903e-10 TSX
20160320 20160411 0.00038147 8.802e-10 TSX
20160323 20171118 -4.2294e-06 4.2359e-10 TSX
20160326 20160406 -0.00051575 9.7915e-10 TSX
20160403 20171027 -6.2888e-06 4.3636e-10 TSX
20160425 20170811 2.2962e-05 4.467e-10 TSX
20160528 20160630 1.5659e-05 8.3659e-10 TSX
20160630 20171118 3.2163e-05 4.4472e-10 TSX
20160722 20161201 0.00015113 6.692e-10 TSX
20160904 20180707 3.8392e-05 4.3438e-10 TSX
20160915 20180911 -3.8335e-05 4.0056e-10 TSX
20160926 20170114 0.00012055 6.9963e-10 TSX
20161201 20171027 7.047e-06 5.1609e-10 TSX
20161223 20171107 -2.5022e-05 5.0731e-10 TSX
20170114 20170902 -7.6738e-05 5.7003e-10 TSX
20170811 20171005 -1.5641e-05 7.9233e-10 TSX
20170822 20180707 -4.8762e-05 5.1691e-10 TSX
20170913 20180707 -0.00010179 5.2655e-10 TSX
20170924 20180319 5.887e-05 6.1926e-10 TSX
20171005 20171107 5.6298e-05 8.3659e-10 TSX
20171016 20180319 8.5869e-05 6.4328e-10 TSX
20171027 20180911 -8.9048e-05 5.1701e-10 TSX
20171107 20171118 9.0643e-05 9.8966e-10 TSX
20171118 20171129 5.4921e-05 9.8966e-10 TSX
20171129 20171221 -4.1062e-05 8.7031e-10 TSX
20171210 20180820 -0.00012478 5.5458e-10 TSX
20171221 20180911 -0.00012912 5.4687e-10 TSX
20180112 20181003 5.5028e-05 5.4708e-10 TSX
20180319 20180707 -0.00024712 6.9976e-10 TSX
20180707 20180911 0.00012155 7.7224e-10 TSX
20180729 20181003 1.3542e-06 7.7224e-10 TSX
20180820 20181003 0.00017362 8.1331e-10 TSX
20180911 20181003 -0.00015109 8.7031e-10 TSX
