20030427 20030914 0.00064822 5.7068e-10 ERS2
20030914 20080629 4.8723e-05 2.9737e-10 ERS2
20050918 20090510 0.00013282 2.9548e-10 ERS2
20051127 20081116 5.5393e-05 3.2187e-10 ERS2
20060903 20090510 0.00015939 3.0403e-10 ERS2
20061231 20090105 3.0249e-05 3.1216e-10 ALOS
20070402 20070703 -0.0001071 6.7618e-10 ALOS
20070518 20091008 -0.00018045 3.0586e-10 ALOS
20070818 20071003 -0.00033266 7.8688e-10 ALOS
20071217 20100509 1.205e-05 3.0026e-10 ALOS
20080103 20100526 -2.8381e-05 2.9953e-10 ALOS
20080404 20080520 9.6917e-05 7.8711e-10 ALOS
20080618 20090921 -0.00016007 3.7343e-10 ALOS
20080629 20090510 -0.00095014 4.1438e-10 ERS2
20080705 20091008 -0.00012382 3.6482e-10 ALOS
20080803 20090823 -0.00013533 3.8239e-10 ERS2
20081116 20090823 2.0822e-05 4.3299e-10 ERS2
20081219 20090921 0.00025609 4.4783e-10 ALOS
20090105 20090708 0.00013772 5.3219e-10 ALOS
20090510 20091101 0.00043135 5.2342e-10 ERS2
20090708 20091008 0.00022671 6.7874e-10 ALOS
20090823 20091101 -1.7645e-05 7.0523e-10 ERS2
20091222 20100624 9.6328e-05 5.3132e-10 ALOS
20100108 20100223 0.00033865 7.8711e-10 ALOS
20100223 20100526 0.0001489 6.7621e-10 ALOS
20100410 20100711 -0.00018572 6.7634e-10 ALOS
20100509 20100624 0.00062269 7.8446e-10 ALOS
20100526 20100711 0.00028226 7.8817e-10 ALOS
20100624 20101109 -3.4645e-05 5.9045e-10 ALOS
20100711 20101011 -0.00018902 6.7647e-10 ALOS
20100809 20101109 -0.00020733 6.7285e-10 ALOS
20101011 20101126 0.00034647 7.8815e-10 ALOS
20110111 20110226 0.00061714 7.8691e-10 ALOS
20110924 20130715 -2.1031e-05 4.5068e-10 TSX
20111005 20121229 -0.00010753 4.0566e-10 TSX
20111121 20171221 -1.8275e-05 3.5977e-10 TSX
20111221 20130131 2.6587e-05 4.013e-10 TSX
20111224 20121027 4.8172e-06 4.4592e-10 TSX
20120126 20140419 -8.6957e-05 3.5079e-10 TSX
20120203 20160320 -1.2933e-06 2.8157e-10 TSX
20120206 20171107 -4.5536e-05 3.3137e-10 TSX
20120617 20171129 -1.322e-05 4.511e-10 TSX
20120723 20160120 5.7334e-05 4.3795e-10 TSX
20121024 20130109 -1.7424e-05 7.1523e-10 TSX
20121027 20151226 -3.8539e-05 3.9891e-10 TSX
20121030 20130311 5.7155e-05 5.895e-10 TSX
20121107 20171118 -6.4865e-06 4.566e-10 TSX
20121221 20160208 -7.3824e-05 3.9061e-10 TSX
20121224 20130516 -0.00012751 5.7223e-10 TSX
20121229 20130407 2.8313e-05 6.6659e-10 TSX
20130104 20130217 3.5878e-06 7.8324e-10 TSX
20130109 20130715 0.00021643 5.5148e-10 TSX
20130112 20140511 -4.5016e-05 4.149e-10 TSX
20130115 20130721 -0.00031857 5.3741e-10 TSX
20130126 20130823 -0.0002005 5.1115e-10 TSX
20130131 20130429 3.9524e-05 6.8934e-10 TSX
20130203 20130729 -0.00013577 5.3398e-10 TSX
20130211 20130919 9.3205e-05 5.1048e-10 TSX
20130228 20141209 2.7228e-05 4.0315e-10 TSX
20130311 20130801 -2.413e-05 5.8977e-10 TSX
20130316 20130623 -9.7732e-05 6.7299e-10 TSX
20130402 20150122 9.4297e-05 3.7508e-10 TSX
20130407 20140530 1.2616e-05 3.9537e-10 TSX
20130421 20171016 1.1227e-05 4.1122e-10 TSX
20130424 20130721 -0.00025173 6.7966e-10 TSX
20130429 20130623 -0.00016287 7.7002e-10 TSX
20130505 20131028 -0.00040506 5.6117e-10 TSX
20130513 20151112 0.00010308 3.9126e-10 TSX
20130516 20131017 -0.00024066 5.9567e-10 TSX
20130521 20130715 0.00026617 7.6888e-10 TSX
20130524 20171129 1.8816e-05 3.3026e-10 TSX
20130527 20140627 -1.8092e-05 4.1144e-10 TSX
20130601 20130930 0.00034316 6.4087e-10 TSX
20130604 20141217 5.0646e-05 4.0974e-10 TSX
20130607 20140719 5.6372e-05 3.961e-10 TSX
20130612 20150105 -4.0073e-05 3.805e-10 TSX
20130615 20160106 2.6516e-05 4.174e-10 TSX
20130618 20140708 -5.1742e-05 4.0368e-10 TSX
20130623 20130715 0.00075284 8.7202e-10 TSX
20130629 20130914 0.00021883 7.0122e-10 TSX
20130707 20150130 5.6295e-05 3.5846e-10 TSX
20130710 20140901 1.1588e-05 3.938e-10 TSX
20130715 20130726 -0.0025585 1.0196e-09 TSX
20130721 20131108 0.00050361 6.2994e-10 TSX
20130726 20150517 0.00011273 3.5225e-10 TSX
20130729 20160904 1.0524e-05 3.8594e-10 TSX
20130801 20151115 3.7318e-06 3.2937e-10 TSX
20130817 20140209 -8.2762e-05 5.5209e-10 TSX
20130828 20150312 -3.2186e-05 3.6858e-10 TSX
20130903 20150329 -0.00010672 3.7406e-10 TSX
20130919 20160309 1.4174e-05 3.433e-10 TSX
20130925 20140708 -3.3497e-05 4.6156e-10 TSX
20130930 20160411 -5.4047e-05 4.2629e-10 TSX
20131011 20150802 2.3068e-05 4.1299e-10 TSX
20131017 20140719 5.2396e-05 4.6548e-10 TSX
20131028 20160304 0.00013011 3.4625e-10 TSX
20131102 20140519 5.1247e-06 5.309e-10 TSX
20131108 20140708 1.4039e-05 4.8465e-10 TSX
20140209 20160309 -3.3587e-05 3.9776e-10 TSX
20140223 20140829 2.6862e-05 5.1615e-10 TSX
20140408 20140705 -4.5648e-05 6.6783e-10 TSX
20140419 20170913 3.9198e-05 3.2736e-10 TSX
20140511 20141228 9.4282e-05 4.7374e-10 TSX
20140519 20150824 -8.8612e-05 3.8279e-10 TSX
20140624 20171005 8.3064e-05 3.955e-10 TSX
20140627 20151115 -1.9589e-05 3.8327e-10 TSX
20140705 20180911 2.0988e-05 4.0818e-10 TSX
20140708 20160406 6.7688e-05 3.7173e-10 TSX
20140716 20171005 7.3013e-05 3.3548e-10 TSX
20140719 20151207 0.00011005 3.6753e-10 TSX
20140727 20150326 9.0556e-06 4.6367e-10 TSX
20140810 20150122 -1.6185e-05 5.4305e-10 TSX
20140818 20160301 1.6747e-05 3.758e-10 TSX
20140829 20160208 3.8125e-05 4.0326e-10 TSX
20140901 20140912 -0.00029282 9.7456e-10 TSX
20140912 20141209 -2.2177e-05 6.7245e-10 TSX
20140920 20170902 -9.2923e-06 3.4858e-10 TSX
20141209 20160211 -3.3923e-05 3.8422e-10 TSX
20141217 20160722 -8.0593e-05 4.1278e-10 TSX
20141228 20160106 -2.5865e-05 4.2759e-10 TSX
20141231 20151024 2.1554e-05 4.3262e-10 TSX
20150105 20150824 -4.6538e-05 4.9375e-10 TSX
20150108 20170811 4.0123e-05 4.4733e-10 TSX
20150119 20160117 9.2854e-05 4.3098e-10 TSX
20150127 20160411 -5.3524e-05 4.0029e-10 TSX
20150130 20151112 5.7523e-05 4.5066e-10 TSX
20150210 20170114 5.4097e-05 4.4033e-10 TSX
20150213 20160326 0.00011895 4.0802e-10 TSX
20150218 20160216 -2.989e-06 4.1359e-10 TSX
20150221 20180112 2.261e-06 3.2879e-10 TSX
20150304 20180911 3.5997e-05 3.8382e-10 TSX
20150307 20160211 -5.3809e-05 4.1751e-10 TSX
20150312 20160320 -2.1844e-05 4.0676e-10 TSX
20150326 20150827 -3.1395e-05 5.5384e-10 TSX
20150329 20151207 -3.8207e-05 4.6881e-10 TSX
20150428 20160425 3.0274e-05 4.2576e-10 TSX
20150509 20150827 -0.00011492 6.2468e-10 TSX
20150517 20150824 1.584e-05 6.6752e-10 TSX
20150520 20180911 -8.7761e-05 3.8872e-10 TSX
20150714 20170822 -4.712e-06 4.3691e-10 TSX
20150725 20170924 4.3123e-05 3.9755e-10 TSX
20150802 20160309 -0.00010985 5.0075e-10 TSX
20150805 20160403 -4.253e-05 4.7164e-10 TSX
20150816 20171107 6.0496e-05 3.9251e-10 TSX
20150824 20150915 0.00071154 8.7169e-10 TSX
20150827 20170902 4.2515e-05 3.609e-10 TSX
20150915 20160216 -0.00014419 5.781e-10 TSX
20151021 20160904 -8.4119e-05 4.3217e-10 TSX
20151101 20171016 -6.7795e-05 3.6008e-10 TSX
20151112 20160425 3.9365e-06 5.3836e-10 TSX
20151115 20151229 0.00012866 7.8299e-10 TSX
20151123 20171221 3.5173e-05 3.3857e-10 TSX
20151204 20151215 0.00015569 9.8348e-10 TSX
20151207 20160406 -8.8503e-05 6.0778e-10 TSX
20151215 20170822 0.00012154 3.6812e-10 TSX
20151226 20161223 -6.2995e-06 4.011e-10 TSX
20151229 20160211 7.2568e-05 7.8301e-10 TSX
20160106 20161223 -2.3555e-05 3.9961e-10 TSX
20160117 20160926 -0.00013753 4.614e-10 TSX
20160128 20160301 -0.00011866 8.1435e-10 TSX
20160208 20160312 -0.00014584 8.1435e-10 TSX
20160216 20160309 -0.00038929 8.7165e-10 TSX
20160219 20180319 4.4443e-05 3.5698e-10 TSX
20160301 20161201 1.9758e-05 4.4036e-10 TSX
20160304 20160326 5.8534e-05 8.5662e-10 TSX
20160312 20180319 6.6916e-05 3.6037e-10 TSX
20160320 20160411 0.00037075 8.7166e-10 TSX
20160323 20171118 1.3322e-05 3.855e-10 TSX
20160326 20160406 -0.00050025 9.7448e-10 TSX
20160403 20171027 7.9997e-05 3.6187e-10 TSX
20160425 20170811 1.4238e-05 4.1237e-10 TSX
20160528 20160630 -8.4563e-05 8.1434e-10 TSX
20160630 20171118 -7.4449e-07 3.6627e-10 TSX
20160722 20161201 0.0001299 5.8661e-10 TSX
20160904 20180707 4.0441e-05 4.0007e-10 TSX
20160915 20180911 -5.4804e-05 3.6891e-10 TSX
20160926 20170114 3.0487e-05 6.3009e-10 TSX
20161201 20171027 -6.2555e-05 4.6009e-10 TSX
20161223 20171107 -4.1746e-05 4.2948e-10 TSX
20170114 20170902 -3.9162e-05 4.7616e-10 TSX
20170811 20171005 -0.00015925 7.4975e-10 TSX
20170822 20180707 -4.1123e-05 4.1592e-10 TSX
20170913 20180707 -9.1771e-05 4.3586e-10 TSX
20170924 20180319 0.00011705 5.254e-10 TSX
20171005 20171107 6.6804e-05 8.1434e-10 TSX
20171016 20180319 0.00016112 5.5334e-10 TSX
20171027 20180911 -9.2915e-05 4.1985e-10 TSX
20171107 20171118 7.0098e-05 9.8348e-10 TSX
20171118 20171129 6.6166e-05 9.8348e-10 TSX
20171129 20171221 -6.7532e-06 8.574e-10 TSX
20171210 20180820 -0.00014252 4.5627e-10 TSX
20171221 20180911 -0.0001916 4.6122e-10 TSX
20180112 20181003 2.8999e-05 4.5505e-10 TSX
20180319 20180707 -0.00034117 6.233e-10 TSX
20180707 20180911 0.00010816 7.2055e-10 TSX
20180729 20181003 -6.847e-05 7.2053e-10 TSX
20180820 20181003 0.00011428 7.8078e-10 TSX
20180911 20181003 -0.00021777 8.5741e-10 TSX
