20030427 20030914 -0.00021137 5.8288e-10 ERS2
20030914 20080629 -0.00014248 2.6575e-10 ERS2
20050918 20090510 -3.1258e-05 2.9955e-10 ERS2
20051127 20081116 -0.00011742 3.0983e-10 ERS2
20060903 20090510 -0.00014279 3.1819e-10 ERS2
20061231 20090105 7.6561e-05 3.202e-10 ALOS
20070402 20070703 -0.00022113 6.8708e-10 ALOS
20070518 20091008 -3.4711e-05 3.1032e-10 ALOS
20070818 20071003 -0.00036818 7.9289e-10 ALOS
20071217 20100509 1.7748e-05 3.0828e-10 ALOS
20080103 20100526 7.3567e-05 3.05e-10 ALOS
20080404 20080520 2.8406e-05 7.9285e-10 ALOS
20080618 20090921 -6.5315e-05 3.7846e-10 ALOS
20080629 20090510 -0.00042835 4.2888e-10 ERS2
20080705 20091008 -0.00011525 3.6993e-10 ALOS
20080803 20090823 -0.00010501 3.853e-10 ERS2
20081116 20090823 1.8186e-05 4.3759e-10 ERS2
20081219 20090921 0.00034334 4.5183e-10 ALOS
20090105 20090708 0.00021595 5.4016e-10 ALOS
20090510 20091101 0.00013242 5.3486e-10 ERS2
20090708 20091008 0.00055825 6.8673e-10 ALOS
20090823 20091101 -0.00013152 7.2166e-10 ERS2
20091222 20100624 0.00022861 5.378e-10 ALOS
20100108 20100223 0.00045118 7.9312e-10 ALOS
20100223 20100526 -0.00026535 6.8712e-10 ALOS
20100410 20100711 -0.00015446 6.8744e-10 ALOS
20100509 20100624 0.00086965 7.9064e-10 ALOS
20100526 20100711 0.00061255 7.9286e-10 ALOS
20100624 20101109 5.2699e-05 6.0002e-10 ALOS
20100711 20101011 -3.0894e-05 6.8688e-10 ALOS
20100809 20101109 -8.7802e-05 6.8361e-10 ALOS
20101011 20101126 0.00024896 7.9286e-10 ALOS
20110111 20110226 0.00075334 7.9289e-10 ALOS
20110924 20130715 9.748e-05 3.2918e-10 TSX
20111005 20121229 -2.2824e-05 3.7318e-10 TSX
20111121 20171221 -1.4282e-05 2.6514e-10 TSX
20111221 20130131 2.1464e-05 3.9037e-10 TSX
20111224 20121027 -1.4332e-05 4.2493e-10 TSX
20120126 20140419 2.7193e-05 2.927e-10 TSX
20120203 20160320 -3.701e-06 2.488e-10 TSX
20120206 20171107 -1.4265e-05 2.7112e-10 TSX
20120617 20171129 -2.1571e-06 2.6623e-10 TSX
20120723 20160120 5.9715e-05 2.7764e-10 TSX
20121024 20130109 0.0002014 7.2314e-10 TSX
20121027 20151226 -1.2994e-05 2.7479e-10 TSX
20121030 20130311 7.9628e-05 5.9943e-10 TSX
20121107 20171118 -1.1052e-05 2.6732e-10 TSX
20121221 20160208 1.2738e-05 2.8152e-10 TSX
20121224 20130516 -0.0002288 5.8209e-10 TSX
20121229 20130407 2.1495e-05 6.7725e-10 TSX
20130104 20130217 4.786e-05 7.8966e-10 TSX
20130109 20130715 0.00015261 5.4288e-10 TSX
20130112 20140511 -2.5045e-05 3.5576e-10 TSX
20130115 20130721 -0.00030309 5.2333e-10 TSX
20130126 20130823 -0.00010308 5.2715e-10 TSX
20130131 20130429 -0.00010101 6.9958e-10 TSX
20130203 20130729 -9.1713e-05 5.3863e-10 TSX
20130211 20130919 2.9563e-05 5.0643e-10 TSX
20130228 20141209 2.0748e-05 3.2035e-10 TSX
20130311 20130801 -0.00010728 5.8203e-10 TSX
20130316 20130623 3.3153e-05 6.7726e-10 TSX
20130402 20150122 0.00017271 4.0598e-10 TSX
20130407 20140530 -7.7347e-05 3.8532e-10 TSX
20130421 20171016 -1.2313e-05 2.8427e-10 TSX
20130424 20130721 -0.00042262 6.8293e-10 TSX
20130429 20130623 -0.00013693 7.739e-10 TSX
20130505 20131028 -0.0010662 5.5341e-10 TSX
20130513 20151112 -3.4825e-06 2.9366e-10 TSX
20130516 20131017 -0.00017461 6.0189e-10 TSX
20130521 20130715 0.0003239 7.7393e-10 TSX
20130524 20171129 -2.9559e-06 2.6849e-10 TSX
20130527 20140627 -3.0364e-05 3.879e-10 TSX
20130601 20130930 0.00036905 6.3649e-10 TSX
20130604 20141217 -7.3402e-06 3.4095e-10 TSX
20130607 20140719 -2.1636e-05 3.8468e-10 TSX
20130612 20150105 7.6607e-06 3.4339e-10 TSX
20130615 20160106 -7.8164e-06 2.9312e-10 TSX
20130618 20140708 -4.8271e-05 3.9251e-10 TSX
20130623 20130715 0.00076866 8.7362e-10 TSX
20130629 20130914 0.00051089 7.3253e-10 TSX
20130707 20150130 2.1896e-06 3.3771e-10 TSX
20130710 20140901 9.9603e-06 3.8153e-10 TSX
20130715 20130726 -0.0025581 1.0202e-09 TSX
20130721 20131108 0.0011663 6.7387e-10 TSX
20130726 20150517 0.000118 3.2865e-10 TSX
20130729 20160904 -1.4983e-05 2.7964e-10 TSX
20130801 20151115 3.4403e-05 2.9648e-10 TSX
20130817 20140209 -3.5461e-05 5.5514e-10 TSX
20130828 20150312 9.3369e-05 3.4563e-10 TSX
20130903 20150329 -0.00027986 4.2558e-10 TSX
20130919 20160309 2.2244e-05 2.7794e-10 TSX
20130925 20140708 -0.00013645 4.6347e-10 TSX
20130930 20160411 -1.215e-05 2.7448e-10 TSX
20131011 20150802 6.0377e-05 3.2511e-10 TSX
20131017 20140719 -5.1825e-05 4.5448e-10 TSX
20131028 20160304 -6.9015e-06 3.2217e-10 TSX
20131102 20140519 -0.00022031 5.2933e-10 TSX
20131108 20140708 -0.00013134 4.9997e-10 TSX
20140209 20160309 6.5356e-05 3.1141e-10 TSX
20140223 20140829 -2.7638e-05 5.2537e-10 TSX
20140408 20140705 1.061e-05 6.8642e-10 TSX
20140419 20170913 -9.4951e-06 2.7843e-10 TSX
20140511 20141228 4.9777e-05 4.8046e-10 TSX
20140519 20150824 7.3144e-05 3.6907e-10 TSX
20140624 20171005 2.4873e-05 2.777e-10 TSX
20140627 20151115 1.7684e-05 3.4434e-10 TSX
20140705 20180911 1.9266e-05 2.6886e-10 TSX
20140708 20160406 6.9297e-05 3.1852e-10 TSX
20140716 20171005 -1.2216e-05 2.7998e-10 TSX
20140719 20151207 5.9194e-05 3.4397e-10 TSX
20140727 20150326 3.0157e-05 4.7098e-10 TSX
20140810 20150122 4.3682e-05 5.5422e-10 TSX
20140818 20160301 -2.9228e-06 3.2988e-10 TSX
20140829 20160208 4.2305e-07 3.3837e-10 TSX
20140901 20140912 -0.00031345 9.7563e-10 TSX
20140912 20141209 3.509e-05 6.8292e-10 TSX
20140920 20170902 -8.2227e-06 2.8714e-10 TSX
20141209 20160211 -1.177e-05 3.6739e-10 TSX
20141217 20160722 -2.2311e-05 3.2452e-10 TSX
20141228 20160106 -1.8954e-05 3.8663e-10 TSX
20141231 20151024 4.0363e-05 4.2896e-10 TSX
20150105 20150824 -5.5971e-05 4.9582e-10 TSX
20150108 20170811 -2.3345e-05 2.8955e-10 TSX
20150119 20160117 -1.497e-05 3.9188e-10 TSX
20150127 20160411 4.6351e-05 3.7552e-10 TSX
20150130 20151112 -4.4494e-05 4.36e-10 TSX
20150210 20170114 -1.2394e-05 3.1434e-10 TSX
20150213 20160326 0.00036051 4.4022e-10 TSX
20150218 20160216 3.1964e-05 4.0797e-10 TSX
20150221 20180112 -3.9221e-05 3.4831e-10 TSX
20150304 20180911 -1.8067e-05 2.827e-10 TSX
20150307 20160211 8.3727e-06 4.0566e-10 TSX
20150312 20160320 -0.00012303 4.0266e-10 TSX
20150326 20150827 -7.5453e-05 5.6784e-10 TSX
20150329 20151207 -2.058e-05 4.6004e-10 TSX
20150428 20160425 -9.4683e-06 3.9225e-10 TSX
20150509 20150827 -6.9484e-05 6.4153e-10 TSX
20150517 20150824 -5.1839e-05 6.7731e-10 TSX
20150520 20180911 5.9347e-06 2.8274e-10 TSX
20150714 20170822 -1.2407e-05 3.0482e-10 TSX
20150725 20170924 -2.5172e-07 3.0499e-10 TSX
20150802 20160309 -0.00022036 5.0641e-10 TSX
20150805 20160403 -2.3159e-06 4.7071e-10 TSX
20150816 20171107 -1.3011e-05 2.9472e-10 TSX
20150824 20150915 0.00078631 8.7351e-10 TSX
20150827 20170902 9.5839e-06 3.0251e-10 TSX
20150915 20160216 -0.0001887 5.845e-10 TSX
20151021 20160904 -6.984e-05 4.1918e-10 TSX
20151101 20171016 -2.6608e-05 3.0704e-10 TSX
20151112 20160425 -2.7389e-06 5.5351e-10 TSX
20151115 20151229 0.00017928 7.8965e-10 TSX
20151123 20171221 -1.0842e-05 3.0949e-10 TSX
20151204 20151215 0.00015262 9.8693e-10 TSX
20151207 20160406 -0.0001118 6.1811e-10 TSX
20151215 20170822 1.8879e-06 3.2294e-10 TSX
20151226 20161223 4.4601e-09 3.9704e-10 TSX
20151229 20160211 -3.7834e-05 7.8965e-10 TSX
20160106 20161223 2.5095e-05 4.0201e-10 TSX
20160117 20160926 -1.7006e-05 4.6221e-10 TSX
20160128 20160301 -0.00013176 8.2337e-10 TSX
20160208 20160312 -0.00013969 8.2337e-10 TSX
20160216 20160309 -0.0004217 8.7351e-10 TSX
20160219 20180319 -1.2803e-05 2.9999e-10 TSX
20160301 20161201 1.9331e-05 4.4582e-10 TSX
20160304 20160326 5.0935e-05 8.5921e-10 TSX
20160312 20180319 -6.499e-06 3.0327e-10 TSX
20160320 20160411 0.00040328 8.7352e-10 TSX
20160323 20171118 -2.9548e-05 3.212e-10 TSX
20160326 20160406 -0.00057056 9.7556e-10 TSX
20160403 20171027 -3.9868e-05 3.2708e-10 TSX
20160425 20170811 -2.2396e-05 3.5071e-10 TSX
20160528 20160630 -2.0805e-06 8.2337e-10 TSX
20160630 20171118 -1.2373e-05 3.4296e-10 TSX
20160722 20161201 0.00010294 6.0214e-10 TSX
20160904 20180707 2.4711e-05 3.2306e-10 TSX
20160915 20180911 6.3292e-06 3.0401e-10 TSX
20160926 20170114 8.0157e-05 6.4132e-10 TSX
20161201 20171027 -5.3549e-05 4.1207e-10 TSX
20161223 20171107 -5.5295e-05 4.1576e-10 TSX
20170114 20170902 -7.8017e-05 4.7997e-10 TSX
20170811 20171005 -1.5965e-05 7.6453e-10 TSX
20170822 20180707 3.773e-05 4.1871e-10 TSX
20170913 20180707 2.5137e-07 4.3123e-10 TSX
20170924 20180319 4.7068e-05 5.387e-10 TSX
20171005 20171107 5.6284e-05 8.2337e-10 TSX
20171016 20180319 5.5155e-05 5.6814e-10 TSX
20171027 20180911 3.2974e-05 4.1871e-10 TSX
20171107 20171118 8.0999e-05 9.8693e-10 TSX
20171118 20171129 5.3683e-05 9.8693e-10 TSX
20171129 20171221 -1.8713e-05 8.6328e-10 TSX
20171210 20180820 1.3503e-05 4.621e-10 TSX
20171221 20180911 3.4675e-05 4.5362e-10 TSX
20180112 20181003 0.00012465 4.5364e-10 TSX
20180319 20180707 -5.929e-05 6.4138e-10 TSX
20180707 20180911 0.00014583 7.3725e-10 TSX
20180729 20181003 -3.3376e-05 7.3725e-10 TSX
20180820 20181003 0.00010824 7.9293e-10 TSX
20180911 20181003 -0.00018172 8.6328e-10 TSX
