20030427 20030914 0.00010616 5.6671e-10 ERS2
20030914 20080629 -9.8943e-05 2.7654e-10 ERS2
20050918 20090510 -2.4389e-05 3.0394e-10 ERS2
20051127 20081116 6.1614e-05 3.1703e-10 ERS2
20060903 20090510 8.9044e-05 3.1469e-10 ERS2
20061231 20090105 7.9548e-05 3.2197e-10 ALOS
20070402 20070703 -0.00010564 6.6615e-10 ALOS
20070518 20091008 -2.5591e-05 2.9643e-10 ALOS
20070818 20071003 -0.00017099 7.7577e-10 ALOS
20071217 20100509 -3.2999e-05 2.958e-10 ALOS
20080103 20100526 -1.1438e-05 3.0673e-10 ALOS
20080404 20080520 -5.9433e-06 7.7563e-10 ALOS
20080618 20090921 6.7741e-05 3.7228e-10 ALOS
20080629 20090510 -0.00036321 4.1685e-10 ERS2
20080705 20091008 0.00013007 3.6528e-10 ALOS
20080803 20090823 3.6423e-06 3.8302e-10 ERS2
20081116 20090823 7.3042e-05 4.3218e-10 ERS2
20081219 20090921 0.00028551 4.4615e-10 ALOS
20090105 20090708 0.00015987 5.3409e-10 ALOS
20090510 20091101 0.00024466 5.2073e-10 ERS2
20090708 20091008 0.00070052 6.663e-10 ALOS
20090823 20091101 -3.487e-05 6.9869e-10 ERS2
20091222 20100624 0.00065946 5.2798e-10 ALOS
20100108 20100223 0.00055336 7.7582e-10 ALOS
20100223 20100526 -0.0001427 6.6667e-10 ALOS
20100410 20100711 -0.00012009 6.6735e-10 ALOS
20100509 20100624 0.00076593 7.7369e-10 ALOS
20100526 20100711 0.00068032 7.7577e-10 ALOS
20100624 20101109 0.00023083 5.8402e-10 ALOS
20100711 20101011 0.00051431 6.6634e-10 ALOS
20100809 20101109 4.2411e-05 6.6363e-10 ALOS
20101011 20101126 -6.7915e-06 7.7577e-10 ALOS
20110111 20110226 0.00087763 7.7574e-10 ALOS
20110924 20130715 9.1555e-05 3.2332e-10 TSX
20111005 20121229 -0.00018051 3.7838e-10 TSX
20111121 20171221 1.4585e-05 3.4262e-10 TSX
20111221 20130131 5.8281e-05 3.8557e-10 TSX
20111224 20121027 -9.1628e-06 4.1947e-10 TSX
20120126 20140419 -4.5395e-05 3.0128e-10 TSX
20120203 20160320 1.7741e-05 3.6817e-10 TSX
20120206 20171107 1.4379e-05 3.2083e-10 TSX
20120617 20171129 2.7249e-05 3.2723e-10 TSX
20120723 20160120 5.8916e-05 4.3963e-10 TSX
20121024 20130109 4.3283e-05 7.0178e-10 TSX
20121027 20151226 -5.8353e-05 2.9352e-10 TSX
20121030 20130311 -1.3915e-05 5.8468e-10 TSX
20121107 20171118 -3.4967e-05 3.3614e-10 TSX
20121221 20160208 -3.8624e-05 2.9766e-10 TSX
20121224 20130516 6.1883e-05 5.6851e-10 TSX
20121229 20130407 0.00017885 6.5618e-10 TSX
20130104 20130217 0.0001328 7.7349e-10 TSX
20130109 20130715 0.00030708 5.2854e-10 TSX
20130112 20140511 -5.8211e-05 3.5419e-10 TSX
20130115 20130721 4.2697e-05 5.1393e-10 TSX
20130126 20130823 4.0169e-06 5.1712e-10 TSX
20130131 20130429 -6.5225e-05 6.7811e-10 TSX
20130203 20130729 -1.6013e-05 5.2318e-10 TSX
20130211 20130919 0.00031337 4.9622e-10 TSX
20130228 20141209 0.00010169 3.4967e-10 TSX
20130311 20130801 0.00018232 5.6846e-10 TSX
20130316 20130623 0.00027767 6.5618e-10 TSX
20130402 20150122 0.00011464 4.6479e-10 TSX
20130407 20140530 0.00015001 3.8078e-10 TSX
20130421 20171016 6.8411e-06 3.1335e-10 TSX
20130424 20130721 -9.7387e-05 6.6405e-10 TSX
20130429 20130623 7.3649e-05 7.546e-10 TSX
20130505 20131028 -0.00036929 5.7818e-10 TSX
20130513 20151112 -5.2757e-05 3.1133e-10 TSX
20130516 20131017 -0.0004192 5.8045e-10 TSX
20130521 20130715 0.00042587 7.5461e-10 TSX
20130524 20171129 -1.5685e-05 3.3458e-10 TSX
20130527 20140627 0.00014311 3.8479e-10 TSX
20130601 20130930 0.00030219 6.1703e-10 TSX
20130604 20141217 -3.8989e-05 3.4373e-10 TSX
20130607 20140719 0.00013045 3.8033e-10 TSX
20130612 20150105 1.6225e-05 3.6477e-10 TSX
20130615 20160106 -6.4347e-05 2.9247e-10 TSX
20130618 20140708 0.00011116 3.8881e-10 TSX
20130623 20130715 0.00073596 8.6311e-10 TSX
20130629 20130914 0.00043571 7.095e-10 TSX
20130707 20150130 -5.2442e-05 3.4253e-10 TSX
20130710 20140901 0.00013115 3.7635e-10 TSX
20130715 20130726 -0.0024556 1.0125e-09 TSX
20130721 20131108 0.0010582 6.493e-10 TSX
20130726 20150517 -1.9341e-05 3.5936e-10 TSX
20130729 20160904 -5.776e-05 3.0595e-10 TSX
20130801 20151115 2.9304e-05 4.1982e-10 TSX
20130817 20140209 -3.945e-05 5.4101e-10 TSX
20130828 20150312 -4.407e-05 3.6805e-10 TSX
20130903 20150329 9.6448e-05 3.7345e-10 TSX
20130919 20160309 -6.1807e-06 3.6113e-10 TSX
20130925 20140708 3.2964e-05 5.1328e-10 TSX
20130930 20160411 6.7004e-05 4.2326e-10 TSX
20131011 20150802 2.5346e-05 3.5125e-10 TSX
20131017 20140719 0.00010104 4.5852e-10 TSX
20131028 20160304 -2.7954e-05 3.3826e-10 TSX
20131102 20140519 -0.00018081 5.1713e-10 TSX
20131108 20140708 -5.6569e-05 6.1127e-10 TSX
20140209 20160309 2.8568e-05 3.9973e-10 TSX
20140223 20140829 9.6799e-05 5.1116e-10 TSX
20140408 20140705 -4.7863e-05 6.6144e-10 TSX
20140419 20170913 2.1604e-05 3.5445e-10 TSX
20140511 20141228 2.7706e-05 4.7006e-10 TSX
20140519 20150824 0.00016209 3.8745e-10 TSX
20140624 20171005 4.3584e-05 3.3265e-10 TSX
20140627 20151115 -8.2649e-05 4.1297e-10 TSX
20140705 20180911 -2.8751e-05 3.3914e-10 TSX
20140708 20160406 -5.571e-05 3.6978e-10 TSX
20140716 20171005 -4.1242e-05 3.1194e-10 TSX
20140719 20151207 -8.6281e-05 3.9846e-10 TSX
20140727 20150326 -6.0805e-05 4.6149e-10 TSX
20140810 20150122 -0.00027561 5.5174e-10 TSX
20140818 20160301 -4.2726e-05 3.351e-10 TSX
20140829 20160208 -4.8734e-05 3.5768e-10 TSX
20140901 20140912 -0.0003185 9.6875e-10 TSX
20140912 20141209 -0.00020881 6.641e-10 TSX
20140920 20170902 -2.011e-05 3.333e-10 TSX
20141209 20160211 -7.4632e-05 4.0399e-10 TSX
20141217 20160722 -6.3401e-05 3.5394e-10 TSX
20141228 20160106 -7.2612e-05 3.9895e-10 TSX
20141231 20151024 0.00024921 4.3354e-10 TSX
20150105 20150824 0.00014188 4.9803e-10 TSX
20150108 20170811 1.1701e-05 3.6527e-10 TSX
20150119 20160117 -4.1837e-05 3.9096e-10 TSX
20150127 20160411 1.7378e-05 4.114e-10 TSX
20150130 20151112 -4.6385e-05 4.3625e-10 TSX
20150210 20170114 -2.7976e-05 3.5558e-10 TSX
20150213 20160326 0.00015309 4.6368e-10 TSX
20150218 20160216 4.0506e-05 4.1108e-10 TSX
20150221 20180112 0.00019739 3.4673e-10 TSX
20150304 20180911 -7.1433e-06 3.2689e-10 TSX
20150307 20160211 7.1111e-05 4.1473e-10 TSX
20150312 20160320 0.00015905 4.0714e-10 TSX
20150326 20150827 3.7618e-05 5.5183e-10 TSX
20150329 20151207 5.2864e-05 4.6131e-10 TSX
20150428 20160425 -1.9264e-05 3.9419e-10 TSX
20150509 20150827 0.00013347 6.1896e-10 TSX
20150517 20150824 0.00025092 6.5676e-10 TSX
20150520 20180911 -5.3374e-05 3.2174e-10 TSX
20150714 20170822 -2.9192e-05 3.373e-10 TSX
20150725 20170924 -5.9709e-06 3.0551e-10 TSX
20150802 20160309 -0.00026273 5.0957e-10 TSX
20150805 20160403 -9.7219e-05 4.7011e-10 TSX
20150816 20171107 -1.3314e-05 3.3545e-10 TSX
20150824 20150915 0.00084752 8.6301e-10 TSX
20150827 20170902 -3.3689e-05 3.3614e-10 TSX
20150915 20160216 -0.00048285 5.6926e-10 TSX
20151021 20160904 -0.00017027 4.1967e-10 TSX
20151101 20171016 -4.0635e-05 3.2026e-10 TSX
20151112 20160425 -9.7486e-05 5.3715e-10 TSX
20151115 20151229 5.2697e-05 7.7349e-10 TSX
20151123 20171221 1.7318e-05 3.1961e-10 TSX
20151204 20151215 0.00015285 9.79e-10 TSX
20151207 20160406 -0.00014445 6.0231e-10 TSX
20151215 20170822 1.9326e-06 3.3031e-10 TSX
20151226 20161223 -6.2654e-06 3.9726e-10 TSX
20151229 20160211 -6.5525e-05 7.7349e-10 TSX
20160106 20161223 1.1913e-05 4.0174e-10 TSX
20160117 20160926 2.9122e-07 4.5743e-10 TSX
20160128 20160301 -0.00011874 8.0721e-10 TSX
20160208 20160312 -0.0001623 8.0721e-10 TSX
20160216 20160309 -0.00040944 8.6301e-10 TSX
20160219 20180319 -1.7193e-05 3.2223e-10 TSX
20160301 20161201 -9.8204e-06 4.4128e-10 TSX
20160304 20160326 0.00010868 8.4937e-10 TSX
20160312 20180319 -1.1378e-05 3.1308e-10 TSX
20160320 20160411 0.00032838 8.6303e-10 TSX
20160323 20171118 -2.3061e-05 3.2484e-10 TSX
20160326 20160406 -0.00054141 9.6868e-10 TSX
20160403 20171027 6.6235e-06 3.3938e-10 TSX
20160425 20170811 1.6435e-05 3.4999e-10 TSX
20160528 20160630 2.4434e-05 8.0721e-10 TSX
20160630 20171118 -1.9285e-05 3.4572e-10 TSX
20160722 20161201 6.6277e-05 5.8142e-10 TSX
20160904 20180707 -6.0938e-05 3.3149e-10 TSX
20160915 20180911 -0.00011697 3.1466e-10 TSX
20160926 20170114 -3.0362e-05 6.181e-10 TSX
20161201 20171027 3.3369e-05 4.0983e-10 TSX
20161223 20171107 1.5118e-05 4.1492e-10 TSX
20170114 20170902 5.2415e-05 4.7489e-10 TSX
20170811 20171005 -6.3703e-05 7.4163e-10 TSX
20170822 20180707 -0.00020614 4.1381e-10 TSX
20170913 20180707 -0.00024401 4.2688e-10 TSX
20170924 20180319 0.00012422 5.2328e-10 TSX
20171005 20171107 7.9412e-05 8.0721e-10 TSX
20171016 20180319 0.00014447 5.5016e-10 TSX
20171027 20180911 -0.00021776 4.1377e-10 TSX
20171107 20171118 8.6709e-05 9.79e-10 TSX
20171118 20171129 3.2342e-05 9.79e-10 TSX
20171129 20171221 -6.5143e-05 8.516e-10 TSX
20171210 20180820 -0.00027759 4.5348e-10 TSX
20171221 20180911 -0.00014708 4.4576e-10 TSX
20180112 20181003 5.2114e-05 4.46e-10 TSX
20180319 20180707 -0.00063111 6.181e-10 TSX
20180707 20180911 0.0001445 7.1273e-10 TSX
20180729 20181003 0.00028195 7.1273e-10 TSX
20180820 20181003 0.00039862 7.7284e-10 TSX
20180911 20181003 -2.4352e-05 8.516e-10 TSX
