20030427 20030914 0.00053209 5.6552e-10 ERS2
20030914 20080629 -0.00019969 2.8574e-10 ERS2
20050918 20090510 0.00012912 3.0232e-10 ERS2
20051127 20081116 0.0002476 3.0278e-10 ERS2
20060903 20090510 3.1339e-05 3.138e-10 ERS2
20061231 20090105 0.0001774 3.211e-10 ALOS
20070402 20070703 -0.0001337 6.6647e-10 ALOS
20070518 20091008 3.8016e-05 3.0936e-10 ALOS
20070818 20071003 -0.00016941 7.7505e-10 ALOS
20071217 20100509 -0.0001035 3.041e-10 ALOS
20080103 20100526 -7.7473e-06 3.3274e-10 ALOS
20080404 20080520 9.1043e-05 7.7527e-10 ALOS
20080618 20090921 7.757e-06 3.7324e-10 ALOS
20080629 20090510 0.00026781 4.1268e-10 ERS2
20080705 20091008 0.00010976 3.6664e-10 ALOS
20080803 20090823 4.8501e-06 3.8364e-10 ERS2
20081116 20090823 -6.6215e-05 4.3197e-10 ERS2
20081219 20090921 2.2892e-05 4.4835e-10 ALOS
20090105 20090708 0.00016021 5.3221e-10 ALOS
20090510 20091101 0.00081805 5.265e-10 ERS2
20090708 20091008 0.0002999 6.6665e-10 ALOS
20090823 20091101 -0.0009406 6.9852e-10 ERS2
20091222 20100624 -0.00019142 5.2687e-10 ALOS
20100108 20100223 -0.00099505 7.7545e-10 ALOS
20100223 20100526 -3.4084e-05 6.6767e-10 ALOS
20100410 20100711 -7.381e-05 6.6795e-10 ALOS
20100509 20100624 0.00054656 7.7309e-10 ALOS
20100526 20100711 0.00046606 7.7536e-10 ALOS
20100624 20101109 0.00013809 5.8399e-10 ALOS
20100711 20101011 -0.00026367 6.661e-10 ALOS
20100809 20101109 -1.9551e-07 6.6355e-10 ALOS
20101011 20101126 0.00011628 7.7507e-10 ALOS
20110111 20110226 0.00052504 7.75e-10 ALOS
20110924 20130715 9.136e-06 3.2348e-10 TSX
20111005 20121229 4.2327e-05 3.7466e-10 TSX
20111121 20171221 5.6395e-05 4.4234e-10 TSX
20111221 20130131 1.6718e-05 3.8559e-10 TSX
20111224 20121027 8.6485e-05 4.1941e-10 TSX
20120126 20140419 -1.2941e-05 3.3614e-10 TSX
20120203 20160320 8.7019e-06 2.7182e-10 TSX
20120206 20171107 1.6752e-05 2.8366e-10 TSX
20120617 20171129 6.952e-05 4.2041e-10 TSX
20120723 20160120 4.9143e-05 3.4226e-10 TSX
20121024 20130109 0.00012432 7.0149e-10 TSX
20121027 20151226 3.9385e-05 3.9702e-10 TSX
20121030 20130311 -1.8669e-05 5.8465e-10 TSX
20121107 20171118 7.3495e-05 4.9575e-10 TSX
20121221 20160208 0.00011185 3.6132e-10 TSX
20121224 20130516 -6.765e-05 5.6849e-10 TSX
20121229 20130407 5.1058e-06 6.5608e-10 TSX
20130104 20130217 -0.0001013 7.7306e-10 TSX
20130109 20130715 -4.7321e-05 5.3463e-10 TSX
20130112 20140511 -3.3448e-05 3.5926e-10 TSX
20130115 20130721 -0.00014207 5.1401e-10 TSX
20130126 20130823 -0.00011534 5.2583e-10 TSX
20130131 20130429 -0.00012582 6.7797e-10 TSX
20130203 20130729 0.00010666 5.2344e-10 TSX
20130211 20130919 3.2217e-05 4.9591e-10 TSX
20130228 20141209 7.1266e-06 3.2374e-10 TSX
20130311 20130801 -7.261e-06 5.6845e-10 TSX
20130316 20130623 -8.7355e-06 6.561e-10 TSX
20130402 20150122 9.3436e-05 4.1372e-10 TSX
20130407 20140530 -3.9197e-05 3.8121e-10 TSX
20130421 20171016 7.0451e-05 3.9547e-10 TSX
20130424 20130721 -0.00020699 6.6405e-10 TSX
20130429 20130623 -1.3523e-05 7.5405e-10 TSX
20130505 20131028 -0.0004775 5.7577e-10 TSX
20130513 20151112 9.7875e-05 3.8175e-10 TSX
20130516 20131017 -4.3116e-05 5.771e-10 TSX
20130521 20130715 0.00012598 7.5407e-10 TSX
20130524 20171129 0.00011082 3.877e-10 TSX
20130527 20140627 -3.9178e-05 3.8407e-10 TSX
20130601 20130930 8.3294e-05 6.1699e-10 TSX
20130604 20141217 3.6397e-05 3.4141e-10 TSX
20130607 20140719 2.9132e-05 3.7987e-10 TSX
20130612 20150105 4.8673e-05 3.3862e-10 TSX
20130615 20160106 9.6221e-05 3.94e-10 TSX
20130618 20140708 5.2354e-05 3.8824e-10 TSX
20130623 20130715 0.00061814 8.6128e-10 TSX
20130629 20130914 0.00020958 7.0395e-10 TSX
20130707 20150130 1.2847e-05 3.4028e-10 TSX
20130710 20140901 5.5159e-05 3.7647e-10 TSX
20130715 20130726 -0.0023195 1.0102e-09 TSX
20130721 20131108 0.00059571 6.4556e-10 TSX
20130726 20150517 1.2526e-05 3.2543e-10 TSX
20130729 20160904 7.2624e-05 3.3719e-10 TSX
20130801 20151115 3.7171e-05 3.6103e-10 TSX
20130817 20140209 6.1421e-05 5.4097e-10 TSX
20130828 20150312 1.2877e-06 3.4333e-10 TSX
20130903 20150329 -0.00012763 3.7431e-10 TSX
20130919 20160309 5.1379e-05 3.7201e-10 TSX
20130925 20140708 0.00011419 4.4466e-10 TSX
20130930 20160411 4.3368e-05 3.4164e-10 TSX
20131011 20150802 -1.7946e-06 3.512e-10 TSX
20131017 20140719 -6.4095e-05 4.4611e-10 TSX
20131028 20160304 -3.3392e-06 4.5713e-10 TSX
20131102 20140519 -0.00019217 5.1712e-10 TSX
20131108 20140708 7.6408e-05 4.8014e-10 TSX
20140209 20160309 -1.1523e-05 3.614e-10 TSX
20140223 20140829 9.3078e-05 5.111e-10 TSX
20140408 20140705 8.999e-06 6.6124e-10 TSX
20140419 20170913 0.00014797 3.691e-10 TSX
20140511 20141228 0.00012757 4.7014e-10 TSX
20140519 20150824 0.00012123 3.9711e-10 TSX
20140624 20171005 9.4589e-05 3.7126e-10 TSX
20140627 20151115 0.00011061 3.8284e-10 TSX
20140705 20180911 7.4552e-05 3.7065e-10 TSX
20140708 20160406 6.2651e-06 3.3878e-10 TSX
20140716 20171005 0.00012038 3.8303e-10 TSX
20140719 20151207 5.2339e-05 3.6068e-10 TSX
20140727 20150326 -2.4597e-05 4.615e-10 TSX
20140810 20150122 6.593e-05 5.3935e-10 TSX
20140818 20160301 0.00011159 3.595e-10 TSX
20140829 20160208 7.9347e-05 3.8777e-10 TSX
20140901 20140912 -0.00030473 9.6713e-10 TSX
20140912 20141209 3.6469e-05 6.6402e-10 TSX
20140920 20170902 0.00011177 3.3347e-10 TSX
20141209 20160211 4.8424e-05 3.9097e-10 TSX
20141217 20160722 0.00019046 4.3475e-10 TSX
20141228 20160106 0.00010875 4.292e-10 TSX
20141231 20151024 6.9417e-05 4.3623e-10 TSX
20150105 20150824 1.3726e-05 5.0111e-10 TSX
20150108 20170811 6.382e-05 3.9636e-10 TSX
20150119 20160117 0.00018196 4.1986e-10 TSX
20150127 20160411 4.5951e-05 3.9056e-10 TSX
20150130 20151112 0.00012493 4.6147e-10 TSX
20150210 20170114 0.00016038 3.8112e-10 TSX
20150213 20160326 2.2599e-05 4.916e-10 TSX
20150218 20160216 6.2298e-05 4.1375e-10 TSX
20150221 20180112 0.00012752 3.6558e-10 TSX
20150304 20180911 5.5684e-05 4.9049e-10 TSX
20150307 20160211 9.1993e-05 4.1269e-10 TSX
20150312 20160320 2.8671e-06 4.0754e-10 TSX
20150326 20150827 0.00024133 5.6805e-10 TSX
20150329 20151207 4.0045e-05 4.5654e-10 TSX
20150428 20160425 0.00016606 4.1636e-10 TSX
20150509 20150827 0.00019096 6.4715e-10 TSX
20150517 20150824 1.3734e-05 6.6122e-10 TSX
20150520 20180911 0.00010523 4.6768e-10 TSX
20150714 20170822 0.00011736 4.0594e-10 TSX
20150725 20170924 9.8689e-05 3.8043e-10 TSX
20150802 20160309 3.3982e-05 4.98e-10 TSX
20150805 20160403 1.3065e-05 4.6368e-10 TSX
20150816 20171107 0.00011116 3.2024e-10 TSX
20150824 20150915 0.0007296 8.6118e-10 TSX
20150827 20170902 6.4218e-05 3.9953e-10 TSX
20150915 20160216 -9.8722e-05 5.6838e-10 TSX
20151021 20160904 1.5567e-05 4.1507e-10 TSX
20151101 20171016 8.6977e-05 3.2086e-10 TSX
20151112 20160425 4.8663e-05 5.3627e-10 TSX
20151115 20151229 0.00016704 7.7306e-10 TSX
20151123 20171221 8.9338e-05 3.2929e-10 TSX
20151204 20151215 0.00018407 9.7708e-10 TSX
20151207 20160406 -4.0402e-05 6.0215e-10 TSX
20151215 20170822 0.00012135 4.1874e-10 TSX
20151226 20161223 0.0001323 3.9439e-10 TSX
20151229 20160211 2.2018e-05 7.7306e-10 TSX
20160106 20161223 0.00013692 3.9849e-10 TSX
20160117 20160926 0.0001785 4.5481e-10 TSX
20160128 20160301 -0.00020801 8.0603e-10 TSX
20160208 20160312 -3.643e-05 8.0603e-10 TSX
20160216 20160309 -0.00041032 8.6118e-10 TSX
20160219 20180319 3.5202e-05 3.1478e-10 TSX
20160301 20161201 0.00019079 4.3879e-10 TSX
20160304 20160326 6.2981e-05 8.4817e-10 TSX
20160312 20180319 3.4064e-05 3.094e-10 TSX
20160320 20160411 0.00038729 8.6119e-10 TSX
20160323 20171118 0.00010066 3.4567e-10 TSX
20160326 20160406 -0.00053789 9.6706e-10 TSX
20160403 20171027 0.00014231 3.6682e-10 TSX
20160425 20170811 0.00014124 4.0505e-10 TSX
20160528 20160630 9.109e-05 8.0603e-10 TSX
20160630 20171118 0.00010741 3.5496e-10 TSX
20160722 20161201 0.00027341 5.8131e-10 TSX
20160904 20180707 -2.913e-06 3.2618e-10 TSX
20160915 20180911 -1.4357e-05 3.1197e-10 TSX
20160926 20170114 4.9764e-05 6.1793e-10 TSX
20161201 20171027 5.7722e-05 4.1057e-10 TSX
20161223 20171107 4.2235e-05 4.1384e-10 TSX
20170114 20170902 4.7915e-05 4.7778e-10 TSX
20170811 20171005 -2.1131e-05 7.4109e-10 TSX
20170822 20180707 -0.00013324 4.1375e-10 TSX
20170913 20180707 -0.00016363 4.2719e-10 TSX
20170924 20180319 -0.00019064 5.2319e-10 TSX
20171005 20171107 4.3097e-05 8.0603e-10 TSX
20171016 20180319 -0.00017715 5.5007e-10 TSX
20171027 20180911 -5.5973e-05 4.1367e-10 TSX
20171107 20171118 8.3352e-05 9.7708e-10 TSX
20171118 20171129 4.6056e-05 9.7708e-10 TSX
20171129 20171221 7.7439e-06 8.5001e-10 TSX
20171210 20180820 -4.4043e-05 4.5347e-10 TSX
20171221 20180911 -6.7871e-05 4.4576e-10 TSX
20180112 20181003 4.4213e-06 4.4581e-10 TSX
20180319 20180707 -4.9044e-05 6.1796e-10 TSX
20180707 20180911 0.00035554 7.1236e-10 TSX
20180729 20181003 9.6803e-05 7.1236e-10 TSX
20180820 20181003 0.00015092 7.7203e-10 TSX
20180911 20181003 -0.00017749 8.5002e-10 TSX
