20030427 20030914 -0.00013906 5.6516e-10 ERS2
20030914 20080629 -4.124e-05 2.912e-10 ERS2
20050918 20090510 -1.9118e-05 3.005e-10 ERS2
20051127 20081116 -0.00020559 3.3e-10 ERS2
20060903 20090510 -0.00014257 3.1517e-10 ERS2
20061231 20090105 -2.7463e-06 3.1363e-10 ALOS
20070402 20070703 -0.00014996 6.6627e-10 ALOS
20070518 20091008 1.0424e-05 3.05e-10 ALOS
20070818 20071003 -0.0003084 7.7538e-10 ALOS
20071217 20100509 4.8614e-05 3.1068e-10 ALOS
20080103 20100526 5.392e-05 3.0755e-10 ALOS
20080404 20080520 0.00014357 7.7575e-10 ALOS
20080618 20090921 -1.7402e-05 3.7228e-10 ALOS
20080629 20090510 -0.00037715 4.1222e-10 ERS2
20080705 20091008 2.8705e-06 3.6818e-10 ALOS
20080803 20090823 -4.6526e-05 3.8302e-10 ERS2
20081116 20090823 1.3473e-05 4.3245e-10 ERS2
20081219 20090921 7.6591e-05 4.4732e-10 ALOS
20090105 20090708 3.5213e-05 5.2845e-10 ALOS
20090510 20091101 0.00040469 5.1995e-10 ERS2
20090708 20091008 0.0002808 6.6644e-10 ALOS
20090823 20091101 3.976e-07 6.9864e-10 ERS2
20091222 20100624 0.00020134 5.2578e-10 ALOS
20100108 20100223 0.00015201 7.754e-10 ALOS
20100223 20100526 -9.7487e-05 6.6663e-10 ALOS
20100410 20100711 -7.95e-05 6.6728e-10 ALOS
20100509 20100624 0.00062448 7.7336e-10 ALOS
20100526 20100711 0.00047359 7.7539e-10 ALOS
20100624 20101109 -6.8255e-05 5.8401e-10 ALOS
20100711 20101011 1.6983e-05 6.6637e-10 ALOS
20100809 20101109 -1.0354e-06 6.6361e-10 ALOS
20101011 20101126 0.0002086 7.7538e-10 ALOS
20110111 20110226 0.00070374 7.7528e-10 ALOS
20110924 20130715 4.8876e-05 3.2353e-10 TSX
20111005 20121229 1.9372e-05 3.696e-10 TSX
20111121 20171221 1.5296e-05 3.6331e-10 TSX
20111221 20130131 4.3268e-05 3.8548e-10 TSX
20111224 20121027 -3.067e-05 4.1926e-10 TSX
20120126 20140419 -5.589e-06 3.3974e-10 TSX
20120203 20160320 3.248e-06 2.6071e-10 TSX
20120206 20171107 1.1158e-05 3.7501e-10 TSX
20120617 20171129 1.2271e-05 3.2017e-10 TSX
20120723 20160120 -2.0572e-05 2.8361e-10 TSX
20121024 20130109 0.00022237 7.0174e-10 TSX
20121027 20151226 -1.2247e-05 3.4104e-10 TSX
20121030 20130311 9.7091e-05 5.8467e-10 TSX
20121107 20171118 -1.2921e-05 3.2427e-10 TSX
20121221 20160208 1.7317e-05 3.2785e-10 TSX
20121224 20130516 -0.00010065 5.685e-10 TSX
20121229 20130407 0.00017328 6.5615e-10 TSX
20130104 20130217 7.1277e-05 7.7324e-10 TSX
20130109 20130715 -8.6104e-06 5.2978e-10 TSX
20130112 20140511 -6.1112e-05 3.5714e-10 TSX
20130115 20130721 -0.00017896 5.1428e-10 TSX
20130126 20130823 -0.00011437 5.1677e-10 TSX
20130131 20130429 -7.1409e-06 6.7807e-10 TSX
20130203 20130729 -8.1227e-05 5.2316e-10 TSX
20130211 20130919 -3.8363e-05 4.9594e-10 TSX
20130228 20141209 1.729e-05 3.1384e-10 TSX
20130311 20130801 -2.3008e-05 5.6845e-10 TSX
20130316 20130623 2.5411e-05 6.5616e-10 TSX
20130402 20150122 9.6671e-05 3.3937e-10 TSX
20130407 20140530 -2.1842e-05 3.8081e-10 TSX
20130421 20171016 -8.8619e-06 3.7427e-10 TSX
20130424 20130721 -0.00032148 6.6405e-10 TSX
20130429 20130623 -7.5951e-05 7.5431e-10 TSX
20130505 20131028 -0.0005146 5.3976e-10 TSX
20130513 20151112 3.6586e-06 3.337e-10 TSX
20130516 20131017 -0.000259 5.6888e-10 TSX
20130521 20130715 0.00016777 7.5433e-10 TSX
20130524 20171129 7.976e-06 3.1862e-10 TSX
20130527 20140627 -1.1928e-05 3.835e-10 TSX
20130601 20130930 0.00010729 6.1702e-10 TSX
20130604 20141217 3.2662e-06 3.4261e-10 TSX
20130607 20140719 7.8068e-05 3.7999e-10 TSX
20130612 20150105 4.9146e-05 3.3849e-10 TSX
20130615 20160106 1.7327e-06 3.4257e-10 TSX
20130618 20140708 -1.04e-05 3.8792e-10 TSX
20130623 20130715 0.00062946 8.6209e-10 TSX
20130629 20130914 0.00019599 6.9545e-10 TSX
20130707 20150130 3.2949e-06 3.4088e-10 TSX
20130710 20140901 -2.5754e-06 3.7675e-10 TSX
20130715 20130726 -0.0024751 1.0113e-09 TSX
20130721 20131108 0.0010029 6.5776e-10 TSX
20130726 20150517 0.00012089 3.2484e-10 TSX
20130729 20160904 -1.9251e-05 3.1275e-10 TSX
20130801 20151115 6.894e-05 3.0854e-10 TSX
20130817 20140209 0.00012136 5.4098e-10 TSX
20130828 20150312 2.3619e-05 3.4266e-10 TSX
20130903 20150329 -7.1167e-05 4.5825e-10 TSX
20130919 20160309 7.1684e-05 2.9473e-10 TSX
20130925 20140708 9.0746e-05 4.3418e-10 TSX
20130930 20160411 7.5961e-05 2.8402e-10 TSX
20131011 20150802 1.842e-05 3.2677e-10 TSX
20131017 20140719 6.001e-05 4.4022e-10 TSX
20131028 20160304 -0.00012999 3.0884e-10 TSX
20131102 20140519 -7.5487e-05 5.1712e-10 TSX
20131108 20140708 0.00012977 4.7196e-10 TSX
20140209 20160309 6.0524e-05 3.2028e-10 TSX
20140223 20140829 2.0645e-05 5.1112e-10 TSX
20140408 20140705 -1.9521e-05 6.6139e-10 TSX
20140419 20170913 4.9272e-05 3.5329e-10 TSX
20140511 20141228 3.7844e-05 4.7012e-10 TSX
20140519 20150824 0.0001116 3.7192e-10 TSX
20140624 20171005 3.6693e-05 3.7352e-10 TSX
20140627 20151115 5.0735e-05 3.4808e-10 TSX
20140705 20180911 1.3188e-05 3.592e-10 TSX
20140708 20160406 5.9927e-05 3.2084e-10 TSX
20140716 20171005 1.4616e-05 3.3671e-10 TSX
20140719 20151207 -1.8389e-05 3.4533e-10 TSX
20140727 20150326 -4.6832e-05 4.6165e-10 TSX
20140810 20150122 7.4258e-05 5.4123e-10 TSX
20140818 20160301 2.5424e-05 3.5017e-10 TSX
20140829 20160208 -2.5546e-05 3.5301e-10 TSX
20140901 20140912 -0.00030992 9.6784e-10 TSX
20140912 20141209 6.8636e-05 6.6405e-10 TSX
20140920 20170902 5.3087e-05 3.9673e-10 TSX
20141209 20160211 2.4059e-05 3.6794e-10 TSX
20141217 20160722 -7.3429e-06 3.6254e-10 TSX
20141228 20160106 2.5599e-05 3.9319e-10 TSX
20141231 20151024 3.9556e-05 4.2673e-10 TSX
20150105 20150824 9.273e-06 4.9024e-10 TSX
20150108 20170811 3.1507e-05 3.7651e-10 TSX
20150119 20160117 3.9192e-05 3.9682e-10 TSX
20150127 20160411 9.4267e-05 3.7601e-10 TSX
20150130 20151112 -8.456e-05 4.3364e-10 TSX
20150210 20170114 4.6306e-05 3.8447e-10 TSX
20150213 20160326 -8.7142e-05 4.2347e-10 TSX
20150218 20160216 6.9763e-05 4.0343e-10 TSX
20150221 20180112 4.0173e-05 4.4646e-10 TSX
20150304 20180911 -1.4458e-05 3.8559e-10 TSX
20150307 20160211 3.2894e-05 4.0347e-10 TSX
20150312 20160320 5.6029e-05 3.972e-10 TSX
20150326 20150827 1.8361e-07 5.5163e-10 TSX
20150329 20151207 1.265e-05 4.5622e-10 TSX
20150428 20160425 6.8621e-06 4.1049e-10 TSX
20150509 20150827 -9.3825e-05 6.1893e-10 TSX
20150517 20150824 7.5893e-06 6.5718e-10 TSX
20150520 20180911 -1.4879e-05 3.3602e-10 TSX
20150714 20170822 6.9831e-06 3.6964e-10 TSX
20150725 20170924 5.9029e-06 3.5693e-10 TSX
20150802 20160309 3.9331e-05 4.977e-10 TSX
20150805 20160403 -4.0401e-05 4.9904e-10 TSX
20150816 20171107 -7.149e-06 3.1796e-10 TSX
20150824 20150915 0.00077565 8.62e-10 TSX
20150827 20170902 -6.1129e-07 3.5278e-10 TSX
20150915 20160216 -1.2953e-05 5.694e-10 TSX
20151021 20160904 -0.00014094 4.2883e-10 TSX
20151101 20171016 -1.0499e-05 3.609e-10 TSX
20151112 20160425 -6.9292e-06 5.3879e-10 TSX
20151115 20151229 0.0001704 7.7324e-10 TSX
20151123 20171221 1.3138e-06 3.4162e-10 TSX
20151204 20151215 0.00015155 9.7822e-10 TSX
20151207 20160406 7.7653e-05 6.0216e-10 TSX
20151215 20170822 2.0955e-05 3.7626e-10 TSX
20151226 20161223 -3.3901e-05 4.0416e-10 TSX
20151229 20160211 1.0613e-05 7.7324e-10 TSX
20160106 20161223 -2.5705e-05 4.0184e-10 TSX
20160117 20160926 -3.2431e-05 4.5971e-10 TSX
20160128 20160301 -0.00012191 8.0671e-10 TSX
20160208 20160312 -0.00012307 8.0671e-10 TSX
20160216 20160309 -0.00041287 8.6199e-10 TSX
20160219 20180319 -5.1884e-06 3.3734e-10 TSX
20160301 20161201 -4.9639e-05 4.4056e-10 TSX
20160304 20160326 7.3615e-05 8.4867e-10 TSX
20160312 20180319 -9.4445e-07 3.4473e-10 TSX
20160320 20160411 0.00042455 8.62e-10 TSX
20160323 20171118 1.1872e-05 3.4702e-10 TSX
20160326 20160406 -0.00053148 9.6777e-10 TSX
20160403 20171027 7.4374e-06 3.6599e-10 TSX
20160425 20170811 1.3728e-05 3.8746e-10 TSX
20160528 20160630 -2.8058e-05 8.0671e-10 TSX
20160630 20171118 4.6026e-05 3.4388e-10 TSX
20160722 20161201 -6.3921e-08 5.814e-10 TSX
20160904 20180707 -5.3069e-06 3.2875e-10 TSX
20160915 20180911 -3.8762e-05 3.1132e-10 TSX
20160926 20170114 2.6243e-05 6.1762e-10 TSX
20161201 20171027 -7.0569e-06 4.1225e-10 TSX
20161223 20171107 -3.5127e-05 4.3394e-10 TSX
20170114 20170902 -9.0109e-05 4.8742e-10 TSX
20170811 20171005 -3.4929e-05 7.4143e-10 TSX
20170822 20180707 -0.00010188 4.1362e-10 TSX
20170913 20180707 -0.00012305 4.2519e-10 TSX
20170924 20180319 -5.2428e-05 5.2325e-10 TSX
20171005 20171107 4.7542e-05 8.0671e-10 TSX
20171016 20180319 -4.2019e-05 5.5013e-10 TSX
20171027 20180911 -8.2289e-05 4.1365e-10 TSX
20171107 20171118 8.0187e-05 9.7822e-10 TSX
20171118 20171129 3.9886e-05 9.7822e-10 TSX
20171129 20171221 -2.4285e-05 8.5094e-10 TSX
20171210 20180820 -0.00010097 4.5352e-10 TSX
20171221 20180911 -9.6886e-05 4.457e-10 TSX
20180112 20181003 -4.7085e-06 4.4574e-10 TSX
20180319 20180707 -0.00017841 6.1806e-10 TSX
20180707 20180911 0.00013166 7.1261e-10 TSX
20180729 20181003 -5.1824e-05 7.1261e-10 TSX
20180820 20181003 0.00010187 7.7251e-10 TSX
20180911 20181003 -0.00016572 8.5094e-10 TSX
