20030427 20030914 -1.8886e-05 5.9939e-10 ERS2
20030914 20080629 2.4202e-05 3.3582e-10 ERS2
20050918 20090510 -1.5811e-06 3.4242e-10 ERS2
20051127 20081116 3.7413e-05 3.6349e-10 ERS2
20060903 20090510 0.00012108 3.6103e-10 ERS2
20061231 20090105 4.6959e-05 4.2582e-10 ALOS
20070402 20070703 -5.2842e-05 7.5222e-10 ALOS
20070518 20091008 -3.8255e-05 4.2165e-10 ALOS
20070818 20071003 -0.00043867 8.2804e-10 ALOS
20071217 20100509 -6.1085e-05 4.1993e-10 ALOS
20080103 20100526 8.0233e-05 4.0768e-10 ALOS
20080404 20080520 -9.1461e-06 8.2746e-10 ALOS
20080618 20090921 2.1418e-05 4.6125e-10 ALOS
20080629 20090510 -0.00065674 4.3106e-10 ERS2
20080705 20091008 -5.8788e-05 4.5211e-10 ALOS
20080803 20090823 -2.8314e-05 4.1126e-10 ERS2
20081116 20090823 7.6557e-05 4.5652e-10 ERS2
20081219 20090921 0.00015042 5.2826e-10 ALOS
20090105 20090708 0.00020816 6.4287e-10 ALOS
20090510 20091101 0.00048889 5.4863e-10 ERS2
20090708 20091008 0.00013917 7.5215e-10 ALOS
20090823 20091101 0.0009761 7.4296e-10 ERS2
20091222 20100624 4.2649e-05 6.1025e-10 ALOS
20100108 20100223 0.00034368 8.2838e-10 ALOS
20100223 20100526 -0.00017323 7.5258e-10 ALOS
20100410 20100711 -4.3287e-05 7.5164e-10 ALOS
20100509 20100624 0.00062334 8.2533e-10 ALOS
20100526 20100711 0.00045172 8.2815e-10 ALOS
20100624 20101109 -0.0001417 6.7152e-10 ALOS
20100711 20101011 -0.00024929 7.5113e-10 ALOS
20100809 20101109 -4.307e-05 7.4617e-10 ALOS
20101011 20101126 0.00027121 8.2807e-10 ALOS
20110111 20110226 0.0006053 8.2845e-10 ALOS
20110924 20130715 3.9083e-05 4.2288e-10 TSX
20111005 20121229 6.1492e-07 4.6062e-10 TSX
20111121 20171221 -2.6563e-06 3.7375e-10 TSX
20111221 20130131 2.1595e-05 4.7777e-10 TSX
20111224 20121027 -7.8458e-05 4.3677e-10 TSX
20120126 20140419 -6.4922e-05 3.2874e-10 TSX
20120203 20160320 5.9312e-05 4.9742e-10 TSX
20120206 20171107 -1.8595e-05 3.4359e-10 TSX
20120617 20171129 4.1035e-06 3.521e-10 TSX
20120723 20160120 3.4425e-05 4.9475e-10 TSX
20121024 20130109 3.8068e-05 7.8607e-10 TSX
20121027 20151226 -7.3893e-06 3.3094e-10 TSX
20121030 20130311 0.00010822 6.5999e-10 TSX
20121107 20171118 -9.5126e-06 3.1392e-10 TSX
20121221 20160208 -6.463e-07 3.997e-10 TSX
20121224 20130516 -6.215e-05 6.4292e-10 TSX
20121229 20130407 -4.0764e-05 7.4707e-10 TSX
20130104 20130217 7.9598e-05 8.2076e-10 TSX
20130109 20130715 0.00018132 6.3173e-10 TSX
20130112 20140511 -6.3322e-05 3.766e-10 TSX
20130115 20130721 -3.239e-05 5.8257e-10 TSX
20130126 20130823 3.9981e-05 5.8375e-10 TSX
20130131 20130429 6.3736e-05 7.6469e-10 TSX
20130203 20130729 -2.8447e-06 5.4973e-10 TSX
20130211 20130919 -1.9092e-05 5.8652e-10 TSX
20130228 20141209 3.1386e-05 3.9974e-10 TSX
20130311 20130801 -9.8843e-05 6.4267e-10 TSX
20130316 20130623 1.4067e-05 7.4709e-10 TSX
20130402 20150122 8.1275e-05 4.5131e-10 TSX
20130407 20140530 0.00012289 4.7271e-10 TSX
20130421 20171016 -6.0331e-06 3.5646e-10 TSX
20130424 20130721 -0.00017332 7.3746e-10 TSX
20130429 20130623 -9.9639e-05 8.1702e-10 TSX
20130505 20131028 -0.00019944 6.1593e-10 TSX
20130513 20151112 1.9256e-08 4.1699e-10 TSX
20130516 20131017 -0.00019012 7.016e-10 TSX
20130521 20130715 0.0002174 8.1682e-10 TSX
20130524 20171129 -2.2188e-05 3.2371e-10 TSX
20130527 20140627 3.3014e-05 4.5389e-10 TSX
20130601 20130930 3.2263e-05 7.1252e-10 TSX
20130604 20141217 -1.534e-05 3.6872e-10 TSX
20130607 20140719 -9.4231e-06 4.5051e-10 TSX
20130612 20150105 2.2569e-05 4.3467e-10 TSX
20130615 20160106 -1.9891e-05 4.1417e-10 TSX
20130618 20140708 -3.6296e-05 4.5823e-10 TSX
20130623 20130715 0.00065538 8.8899e-10 TSX
20130629 20130914 0.00012184 7.7319e-10 TSX
20130707 20150130 -5.3916e-05 3.5756e-10 TSX
20130710 20140901 -5.2198e-06 4.4722e-10 TSX
20130715 20130726 -0.0024306 1.0295e-09 TSX
20130721 20131108 0.00040571 7.9159e-10 TSX
20130726 20150517 4.4177e-05 4.1932e-10 TSX
20130729 20160904 -1.9526e-05 3.2047e-10 TSX
20130801 20151115 2.6176e-06 4.5621e-10 TSX
20130817 20140209 -4.0614e-05 6.3582e-10 TSX
20130828 20150312 -3.1547e-05 4.3828e-10 TSX
20130903 20150329 3.5816e-05 7.0615e-10 TSX
20130919 20160309 2.8672e-05 4.2356e-10 TSX
20130925 20140708 -3.1971e-05 5.311e-10 TSX
20130930 20160411 -4.5763e-06 4.6107e-10 TSX
20131011 20150802 3.5538e-05 4.3876e-10 TSX
20131017 20140719 9.3726e-05 5.5132e-10 TSX
20131028 20160304 1.8431e-05 6.3479e-10 TSX
20131102 20140519 0.00016808 6.1008e-10 TSX
20131108 20140708 0.0002529 5.5047e-10 TSX
20140209 20160309 1.1518e-05 4.3698e-10 TSX
20140223 20140829 5.9483e-06 5.3617e-10 TSX
20140408 20140705 -1.4566e-05 7.0249e-10 TSX
20140419 20170913 1.9034e-05 4.2974e-10 TSX
20140511 20141228 4.1624e-05 4.9073e-10 TSX
20140519 20150824 -4.2329e-05 4.7869e-10 TSX
20140624 20171005 1.4311e-05 3.0565e-10 TSX
20140627 20151115 -5.5871e-05 4.3295e-10 TSX
20140705 20180911 -2.9821e-06 2.9577e-10 TSX
20140708 20160406 4.7986e-05 3.9698e-10 TSX
20140716 20171005 -1.7067e-05 3.051e-10 TSX
20140719 20151207 -2.0318e-05 4.3666e-10 TSX
20140727 20150326 -7.9118e-05 4.8134e-10 TSX
20140810 20150122 7.1537e-05 7.0857e-10 TSX
20140818 20160301 -1.1303e-05 3.5163e-10 TSX
20140829 20160208 -3.5461e-05 3.5838e-10 TSX
20140901 20140912 -0.00027505 9.8426e-10 TSX
20140912 20141209 -2.9345e-05 7.3747e-10 TSX
20140920 20170902 -1.028e-05 2.9062e-10 TSX
20141209 20160211 -6.4994e-05 4.3233e-10 TSX
20141217 20160722 -1.7849e-06 3.7315e-10 TSX
20141228 20160106 -2.1604e-05 4.0852e-10 TSX
20141231 20151024 -5.2652e-05 4.8518e-10 TSX
20150105 20150824 1.5791e-05 5.9214e-10 TSX
20150108 20170811 2.1283e-05 3.2479e-10 TSX
20150119 20160117 2.9815e-05 4.1376e-10 TSX
20150127 20160411 -1.2817e-05 4.8321e-10 TSX
20150130 20151112 5.8358e-05 4.5071e-10 TSX
20150210 20170114 -3.0057e-05 3.4676e-10 TSX
20150213 20160326 2.8852e-05 5.4851e-10 TSX
20150218 20160216 -2.6742e-06 5.0597e-10 TSX
20150221 20180112 -6.4494e-06 4.0101e-10 TSX
20150304 20180911 -8.5717e-06 3.8841e-10 TSX
20150307 20160211 -8.225e-05 4.7825e-10 TSX
20150312 20160320 2.9149e-05 4.912e-10 TSX
20150326 20150827 7.527e-05 5.8028e-10 TSX
20150329 20151207 -7.8234e-05 5.2205e-10 TSX
20150428 20160425 2.2965e-06 4.201e-10 TSX
20150509 20150827 6.4462e-05 6.6174e-10 TSX
20150517 20150824 -0.00016904 7.4963e-10 TSX
20150520 20180911 -3.8115e-06 3.2386e-10 TSX
20150714 20170822 -1.7991e-05 3.3918e-10 TSX
20150725 20170924 1.0569e-06 3.4359e-10 TSX
20150802 20160309 -3.9821e-05 5.8757e-10 TSX
20150805 20160403 0.00011051 4.8587e-10 TSX
20150816 20171107 -2.2384e-05 3.224e-10 TSX
20150824 20150915 0.00063444 8.8893e-10 TSX
20150827 20170902 -2.9285e-05 3.1491e-10 TSX
20150915 20160216 -1.0322e-05 6.659e-10 TSX
20151021 20160904 -4.3649e-06 4.3138e-10 TSX
20151101 20171016 -3.2609e-05 3.1824e-10 TSX
20151112 20160425 -1.8655e-05 5.6529e-10 TSX
20151115 20151229 0.00014057 8.2074e-10 TSX
20151123 20171221 -6.8556e-06 3.3879e-10 TSX
20151204 20151215 0.00014758 9.9207e-10 TSX
20151207 20160406 -5.2781e-05 6.781e-10 TSX
20151215 20170822 -1.2138e-05 3.3806e-10 TSX
20151226 20161223 1.7013e-05 4.1246e-10 TSX
20151229 20160211 -1.1701e-05 8.2074e-10 TSX
20160106 20161223 -1.7398e-06 4.1512e-10 TSX
20160117 20160926 2.2716e-05 4.72e-10 TSX
20160128 20160301 -0.00018117 8.3404e-10 TSX
20160208 20160312 -6.5462e-05 8.3404e-10 TSX
20160216 20160309 -0.00036472 8.8893e-10 TSX
20160219 20180319 -4.6932e-06 3.1182e-10 TSX
20160301 20161201 8.0148e-05 4.5672e-10 TSX
20160304 20160326 2.4007e-05 8.738e-10 TSX
20160312 20180319 -2.0267e-05 3.135e-10 TSX
20160320 20160411 0.00039011 8.8894e-10 TSX
20160323 20171118 7.2068e-06 3.3674e-10 TSX
20160326 20160406 -0.00050814 9.8414e-10 TSX
20160403 20171027 3.2959e-05 3.6931e-10 TSX
20160425 20170811 4.5653e-05 3.679e-10 TSX
20160528 20160630 2.1173e-07 8.3404e-10 TSX
20160630 20171118 2.1742e-05 3.5492e-10 TSX
20160722 20161201 2.5341e-05 6.1548e-10 TSX
20160904 20180707 -4.7991e-05 3.458e-10 TSX
20160915 20180911 -1.2704e-06 3.1482e-10 TSX
20160926 20170114 -1.6145e-05 6.5594e-10 TSX
20161201 20171027 4.1209e-05 4.2377e-10 TSX
20161223 20171107 2.3487e-05 4.266e-10 TSX
20170114 20170902 7.0103e-05 4.9009e-10 TSX
20170811 20171005 -6.8923e-05 7.7975e-10 TSX
20170822 20180707 -5.5783e-05 4.3073e-10 TSX
20170913 20180707 -6.822e-06 4.4217e-10 TSX
20170924 20180319 -0.00013705 5.4982e-10 TSX
20171005 20171107 6.4259e-05 8.3404e-10 TSX
20171016 20180319 -8.3889e-05 5.8034e-10 TSX
20171027 20180911 -1.8094e-05 4.3087e-10 TSX
20171107 20171118 7.8869e-05 9.9207e-10 TSX
20171118 20171129 4.164e-05 9.9207e-10 TSX
20171129 20171221 -3.7114e-05 8.7092e-10 TSX
20171210 20180820 -0.00010389 4.7262e-10 TSX
20171221 20180911 2.3294e-05 4.6434e-10 TSX
20180112 20181003 9.7722e-05 4.6432e-10 TSX
20180319 20180707 -7.8045e-05 6.5606e-10 TSX
20180707 20180911 0.0001746 7.5344e-10 TSX
20180729 20181003 3.1491e-05 7.5344e-10 TSX
20180820 20181003 0.00014616 8.0628e-10 TSX
20180911 20181003 -0.00014019 8.7092e-10 TSX
