20030427 20030914 0.00061484 5.6662e-10 ERS2
20030914 20080629 -1.125e-05 2.922e-10 ERS2
20050918 20090510 -2.3217e-05 3.0688e-10 ERS2
20051127 20081116 -5.1654e-06 3.1091e-10 ERS2
20060903 20090510 9.4208e-05 3.1779e-10 ERS2
20061231 20090105 -1.9839e-05 3.1219e-10 ALOS
20070402 20070703 -7.6968e-05 6.6718e-10 ALOS
20070518 20091008 -0.00011002 3.0963e-10 ALOS
20070818 20071003 -0.00031055 7.7735e-10 ALOS
20071217 20100509 -0.00011692 3.1746e-10 ALOS
20080103 20100526 -0.00021769 3.3128e-10 ALOS
20080404 20080520 7.5305e-05 7.7739e-10 ALOS
20080618 20090921 -0.00021968 3.728e-10 ALOS
20080629 20090510 4.3961e-06 4.1987e-10 ERS2
20080705 20091008 2.0709e-05 3.6523e-10 ALOS
20080803 20090823 -5.1948e-05 3.8582e-10 ERS2
20081116 20090823 -7.0902e-05 4.3543e-10 ERS2
20081219 20090921 0.00019486 4.4754e-10 ALOS
20090105 20090708 0.00037659 5.2894e-10 ALOS
20090510 20091101 0.00051924 5.2311e-10 ERS2
20090708 20091008 0.00013915 6.6715e-10 ALOS
20090823 20091101 -1.7438e-05 6.9872e-10 ERS2
20091222 20100624 0.00015182 5.2574e-10 ALOS
20100108 20100223 0.00048575 7.774e-10 ALOS
20100223 20100526 9.9014e-05 6.6696e-10 ALOS
20100410 20100711 -0.00013307 6.6703e-10 ALOS
20100509 20100624 0.00056414 7.7517e-10 ALOS
20100526 20100711 0.00023819 7.7748e-10 ALOS
20100624 20101109 7.6019e-05 5.8428e-10 ALOS
20100711 20101011 -4.815e-05 6.671e-10 ALOS
20100809 20101109 -7.9167e-05 6.6426e-10 ALOS
20101011 20101126 0.00025532 7.7749e-10 ALOS
20110111 20110226 0.00054804 7.7736e-10 ALOS
20110924 20130715 -2.6974e-05 4.1031e-10 TSX
20111005 20121229 -0.00014127 4.9254e-10 TSX
20111121 20171221 3.6138e-05 4.1254e-10 TSX
20111221 20130131 1.121e-05 4.1335e-10 TSX
20111224 20121027 -1.0385e-05 4.3948e-10 TSX
20120126 20140419 -9.562e-06 3.4412e-10 TSX
20120203 20160320 4.6551e-05 3.19e-10 TSX
20120206 20171107 2.88e-06 3.0173e-10 TSX
20120617 20171129 4.7994e-05 3.7229e-10 TSX
20120723 20160120 -1.9577e-05 4.4441e-10 TSX
20121024 20130109 7.5297e-05 7.0687e-10 TSX
20121027 20151226 -5.2508e-05 3.2066e-10 TSX
20121030 20130311 8.4967e-05 5.8725e-10 TSX
20121107 20171118 3.582e-05 3.8208e-10 TSX
20121221 20160208 1.6503e-05 3.2207e-10 TSX
20121224 20130516 -0.00012943 5.6905e-10 TSX
20121229 20130407 -2.4717e-05 6.5797e-10 TSX
20130104 20130217 -1.484e-05 7.7493e-10 TSX
20130109 20130715 8.718e-05 5.6228e-10 TSX
20130112 20140511 3.8867e-05 4.1851e-10 TSX
20130115 20130721 -0.00026655 5.6136e-10 TSX
20130126 20130823 -0.0002098 5.2336e-10 TSX
20130131 20130429 -8.3165e-05 6.7919e-10 TSX
20130203 20130729 -8.5979e-05 5.3056e-10 TSX
20130211 20130919 -6.2007e-05 5.0612e-10 TSX
20130228 20141209 -2.5087e-05 3.8827e-10 TSX
20130311 20130801 -6.3082e-05 5.7925e-10 TSX
20130316 20130623 -0.0001207 6.6537e-10 TSX
20130402 20150122 8.5181e-05 3.6562e-10 TSX
20130407 20140530 3.4973e-05 4.2755e-10 TSX
20130421 20171016 -3.983e-06 3.2467e-10 TSX
20130424 20130721 -0.00035452 6.7162e-10 TSX
20130429 20130623 -0.00011727 7.6113e-10 TSX
20130505 20131028 -0.00066579 5.5401e-10 TSX
20130513 20151112 8.0984e-05 3.4216e-10 TSX
20130516 20131017 -0.00032251 6.122e-10 TSX
20130521 20130715 0.00019531 7.5814e-10 TSX
20130524 20171129 2.9356e-05 3.6642e-10 TSX
20130527 20140627 -2.7387e-05 4.2289e-10 TSX
20130601 20130930 0.00021279 6.2905e-10 TSX
20130604 20141217 -3.6903e-05 3.7529e-10 TSX
20130607 20140719 -2.3891e-05 4.4226e-10 TSX
20130612 20150105 -0.00010722 3.8435e-10 TSX
20130615 20160106 5.8691e-05 3.6723e-10 TSX
20130618 20140708 -2.1327e-05 4.2347e-10 TSX
20130623 20130715 0.00074349 8.6554e-10 TSX
20130629 20130914 0.00021143 6.9482e-10 TSX
20130707 20150130 6.9079e-05 3.8055e-10 TSX
20130710 20140901 4.8837e-06 3.9566e-10 TSX
20130715 20130726 -0.0025632 1.0146e-09 TSX
20130721 20131108 0.00065094 6.2582e-10 TSX
20130726 20150517 0.0001361 3.6264e-10 TSX
20130729 20160904 2.9086e-05 3.635e-10 TSX
20130801 20151115 -0.00010367 3.6842e-10 TSX
20130817 20140209 -0.00010011 5.4787e-10 TSX
20130828 20150312 -4.7374e-05 3.6872e-10 TSX
20130903 20150329 3.5136e-06 3.808e-10 TSX
20130919 20160309 -6.5758e-05 3.2185e-10 TSX
20130925 20140708 -6.5591e-05 4.5195e-10 TSX
20130930 20160411 -5.8479e-05 3.2407e-10 TSX
20131011 20150802 9.1482e-05 3.5969e-10 TSX
20131017 20140719 -2.0261e-05 4.5607e-10 TSX
20131028 20160304 4.8826e-05 3.2917e-10 TSX
20131102 20140519 -2.2386e-05 5.2494e-10 TSX
20131108 20140708 -0.00014814 4.7409e-10 TSX
20140209 20160309 2.6495e-05 3.4432e-10 TSX
20140223 20140829 -4.0389e-05 5.1209e-10 TSX
20140408 20140705 -8.047e-05 6.6162e-10 TSX
20140419 20170913 1.1093e-05 3.4088e-10 TSX
20140511 20141228 -4.4535e-06 4.8319e-10 TSX
20140519 20150824 -6.8896e-05 4.0169e-10 TSX
20140624 20171005 9.0063e-05 3.3622e-10 TSX
20140627 20151115 4.8783e-06 4.1652e-10 TSX
20140705 20180911 7.4991e-05 3.3979e-10 TSX
20140708 20160406 1.2389e-05 3.9704e-10 TSX
20140716 20171005 3.556e-05 3.4736e-10 TSX
20140719 20151207 -7.3395e-06 4.2642e-10 TSX
20140727 20150326 8.5395e-05 4.6306e-10 TSX
20140810 20150122 -7.0793e-05 5.4102e-10 TSX
20140818 20160301 5.6592e-05 3.749e-10 TSX
20140829 20160208 7.374e-05 3.6352e-10 TSX
20140901 20140912 -0.00029776 9.7021e-10 TSX
20140912 20141209 4.1317e-05 6.6495e-10 TSX
20140920 20170902 8.5652e-06 3.3012e-10 TSX
20141209 20160211 1.6718e-05 4.0356e-10 TSX
20141217 20160722 -8.6628e-05 3.6997e-10 TSX
20141228 20160106 1.9948e-05 4.0298e-10 TSX
20141231 20151024 1.5922e-05 4.4558e-10 TSX
20150105 20150824 2.5319e-07 4.9391e-10 TSX
20150108 20170811 1.9924e-05 3.5488e-10 TSX
20150119 20160117 7.841e-05 4.1265e-10 TSX
20150127 20160411 -5.9104e-05 3.9463e-10 TSX
20150130 20151112 7.4939e-05 4.3344e-10 TSX
20150210 20170114 6.4915e-05 3.3991e-10 TSX
20150213 20160326 3.6699e-05 4.0015e-10 TSX
20150218 20160216 -2.2847e-05 4.1353e-10 TSX
20150221 20180112 3.874e-05 3.4551e-10 TSX
20150304 20180911 2.5635e-06 3.7801e-10 TSX
20150307 20160211 -7.5819e-05 4.4036e-10 TSX
20150312 20160320 8.5012e-06 4.197e-10 TSX
20150326 20150827 -2.6894e-05 5.523e-10 TSX
20150329 20151207 -6.3097e-05 4.7423e-10 TSX
20150428 20160425 3.3429e-05 3.9718e-10 TSX
20150509 20150827 -0.0001715 6.194e-10 TSX
20150517 20150824 -1.415e-07 6.6106e-10 TSX
20150520 20180911 -2.7821e-05 3.7636e-10 TSX
20150714 20170822 9.4008e-05 3.2456e-10 TSX
20150725 20170924 5.8065e-05 3.4862e-10 TSX
20150802 20160309 -0.00011588 4.9647e-10 TSX
20150805 20160403 2.7519e-05 4.6228e-10 TSX
20150816 20171107 0.00010503 3.5763e-10 TSX
20150824 20150915 0.00072376 8.6509e-10 TSX
20150827 20170902 1.3766e-05 3.132e-10 TSX
20150915 20160216 -0.00014655 5.7077e-10 TSX
20151021 20160904 -8.6463e-05 4.3718e-10 TSX
20151101 20171016 7.7537e-06 3.2377e-10 TSX
20151112 20160425 3.6433e-05 5.3675e-10 TSX
20151115 20151229 0.00010286 7.7462e-10 TSX
20151123 20171221 8.4157e-06 3.9782e-10 TSX
20151204 20151215 0.00015426 9.7942e-10 TSX
20151207 20160406 -5.5395e-05 6.0263e-10 TSX
20151215 20170822 8.4617e-05 3.6854e-10 TSX
20151226 20161223 1.8256e-05 3.9953e-10 TSX
20151229 20160211 7.0247e-05 7.7462e-10 TSX
20160106 20161223 1.8689e-06 4.0166e-10 TSX
20160117 20160926 -2.9552e-05 4.7224e-10 TSX
20160128 20160301 -0.00016354 8.0762e-10 TSX
20160208 20160312 -0.00011183 8.0762e-10 TSX
20160216 20160309 -0.00040822 8.6507e-10 TSX
20160219 20180319 2.226e-05 3.5364e-10 TSX
20160301 20161201 5.9698e-05 4.3912e-10 TSX
20160304 20160326 7.7341e-05 8.5081e-10 TSX
20160312 20180319 4.7067e-05 3.2949e-10 TSX
20160320 20160411 0.00035895 8.6507e-10 TSX
20160323 20171118 -1.9693e-05 3.3309e-10 TSX
20160326 20160406 -0.00050768 9.7014e-10 TSX
20160403 20171027 2.455e-05 3.7327e-10 TSX
20160425 20170811 -2.1524e-05 3.698e-10 TSX
20160528 20160630 -5.9391e-05 8.0762e-10 TSX
20160630 20171118 -4.9005e-05 3.9702e-10 TSX
20160722 20161201 8.5323e-05 5.8395e-10 TSX
20160904 20180707 3.1427e-05 3.8007e-10 TSX
20160915 20180911 5.8891e-06 3.8405e-10 TSX
20160926 20170114 5.2878e-05 6.247e-10 TSX
20161201 20171027 -3.3087e-05 4.2504e-10 TSX
20161223 20171107 -6.0662e-05 4.2482e-10 TSX
20170114 20170902 -0.0001009 4.7331e-10 TSX
20170811 20171005 -4.6732e-05 7.419e-10 TSX
20170822 20180707 -5.5726e-05 4.1805e-10 TSX
20170913 20180707 -8.9755e-05 4.4033e-10 TSX
20170924 20180319 0.00011307 5.2394e-10 TSX
20171005 20171107 5.9278e-05 8.0762e-10 TSX
20171016 20180319 0.00014335 5.5137e-10 TSX
20171027 20180911 -6.0394e-05 4.211e-10 TSX
20171107 20171118 7.9025e-05 9.7942e-10 TSX
20171118 20171129 6.4351e-05 9.7942e-10 TSX
20171129 20171221 -5.3061e-06 8.5203e-10 TSX
20171210 20180820 -7.8976e-05 4.6391e-10 TSX
20171221 20180911 -0.00011572 4.6267e-10 TSX
20180112 20181003 7.8997e-06 4.6309e-10 TSX
20180319 20180707 -0.00032092 6.1919e-10 TSX
20180707 20180911 0.00014701 7.1297e-10 TSX
20180729 20181003 -5.033e-06 7.1292e-10 TSX
20180820 20181003 0.00012497 7.7318e-10 TSX
20180911 20181003 -0.00018771 8.5203e-10 TSX
