20030427 20030914 -0.00016065 5.6511e-10 ERS2
20030914 20080629 -0.00010756 2.8761e-10 ERS2
20050918 20090510 1.9779e-05 3.0978e-10 ERS2
20051127 20081116 1.8753e-05 3.0861e-10 ERS2
20060903 20090510 -0.00013658 3.2775e-10 ERS2
20061231 20090105 -0.00031151 3.1946e-10 ALOS
20070402 20070703 -2.9497e-05 6.6742e-10 ALOS
20070518 20091008 8.5518e-05 3.268e-10 ALOS
20070818 20071003 -0.00024375 7.7534e-10 ALOS
20071217 20100509 -0.00014254 3.0381e-10 ALOS
20080103 20100526 -0.00024173 3.1199e-10 ALOS
20080404 20080520 -0.00011444 7.7616e-10 ALOS
20080618 20090921 2.4783e-06 3.7195e-10 ALOS
20080629 20090510 0.00040787 4.1175e-10 ERS2
20080705 20091008 2.4923e-05 3.6503e-10 ALOS
20080803 20090823 -2.0244e-05 3.8305e-10 ERS2
20081116 20090823 -6.3745e-05 4.3192e-10 ERS2
20081219 20090921 -6.0275e-05 4.523e-10 ALOS
20090105 20090708 -0.00015626 5.3022e-10 ALOS
20090510 20091101 0.00036767 5.2186e-10 ERS2
20090708 20091008 0.00024327 6.6707e-10 ALOS
20090823 20091101 -0.00056337 6.985e-10 ERS2
20091222 20100624 -0.00017421 5.4258e-10 ALOS
20100108 20100223 -0.00037809 7.7807e-10 ALOS
20100223 20100526 -0.00026998 6.6995e-10 ALOS
20100410 20100711 -0.0002394 6.7174e-10 ALOS
20100509 20100624 0.00053026 7.7334e-10 ALOS
20100526 20100711 0.00032293 7.7537e-10 ALOS
20100624 20101109 -0.00014641 5.8397e-10 ALOS
20100711 20101011 -9.551e-05 6.6648e-10 ALOS
20100809 20101109 -3.6777e-05 6.6353e-10 ALOS
20101011 20101126 0.00023442 7.754e-10 ALOS
20110111 20110226 0.000521 7.7534e-10 ALOS
20110924 20130715 -6.8248e-05 3.2634e-10 TSX
20111005 20121229 -4.3557e-05 3.6916e-10 TSX
20111121 20171221 -2.0388e-05 4.2586e-10 TSX
20111221 20130131 -9.7864e-05 3.8536e-10 TSX
20111224 20121027 8.1767e-06 4.1926e-10 TSX
20120126 20140419 -5.2884e-05 3.1908e-10 TSX
20120203 20160320 -0.00013702 2.9211e-10 TSX
20120206 20171107 1.96e-05 4.0848e-10 TSX
20120617 20171129 7.0177e-06 3.2647e-10 TSX
20120723 20160120 -6.0692e-05 3.1979e-10 TSX
20121024 20130109 3.9218e-05 7.0157e-10 TSX
20121027 20151226 8.5624e-06 3.1779e-10 TSX
20121030 20130311 -0.00011537 5.8464e-10 TSX
20121107 20171118 7.5778e-06 3.713e-10 TSX
20121221 20160208 8.2999e-06 3.2837e-10 TSX
20121224 20130516 -0.00016952 5.6849e-10 TSX
20121229 20130407 -7.9855e-05 6.5606e-10 TSX
20130104 20130217 -9.2175e-05 7.7326e-10 TSX
20130109 20130715 -9.1361e-05 5.3358e-10 TSX
20130112 20140511 -1.4997e-05 3.6753e-10 TSX
20130115 20130721 -6.0315e-05 5.1402e-10 TSX
20130126 20130823 -2.89e-05 5.3052e-10 TSX
20130131 20130429 -0.00011862 6.7795e-10 TSX
20130203 20130729 6.1526e-05 5.2313e-10 TSX
20130211 20130919 1.9856e-05 4.9586e-10 TSX
20130228 20141209 -3.3255e-05 3.2069e-10 TSX
20130311 20130801 2.3389e-05 5.6844e-10 TSX
20130316 20130623 -7.3654e-05 6.5606e-10 TSX
20130402 20150122 -3.8236e-06 3.7282e-10 TSX
20130407 20140530 -0.00011043 3.8057e-10 TSX
20130421 20171016 3.1728e-06 3.4876e-10 TSX
20130424 20130721 -6.1015e-05 6.64e-10 TSX
20130429 20130623 -5.2775e-05 7.5422e-10 TSX
20130505 20131028 -0.00034157 5.8388e-10 TSX
20130513 20151112 4.2834e-05 3.2303e-10 TSX
20130516 20131017 0.00027532 5.9324e-10 TSX
20130521 20130715 0.00015383 7.5424e-10 TSX
20130524 20171129 4.2547e-05 3.2981e-10 TSX
20130527 20140627 -5.9967e-05 3.8474e-10 TSX
20130601 20130930 0.00012501 6.1696e-10 TSX
20130604 20141217 1.4242e-05 3.6028e-10 TSX
20130607 20140719 -4.7733e-05 3.8051e-10 TSX
20130612 20150105 -7.4491e-05 3.4804e-10 TSX
20130615 20160106 5.0613e-05 3.5155e-10 TSX
20130618 20140708 -3.3989e-05 3.8825e-10 TSX
20130623 20130715 0.00064422 8.6223e-10 TSX
20130629 20130914 0.00035005 7.0301e-10 TSX
20130707 20150130 6.4365e-06 3.4335e-10 TSX
20130710 20140901 -3.3357e-05 3.7704e-10 TSX
20130715 20130726 -0.0023088 1.0114e-09 TSX
20130721 20131108 0.00097603 6.473e-10 TSX
20130726 20150517 -0.00011188 3.3862e-10 TSX
20130729 20160904 1.0651e-05 3.1456e-10 TSX
20130801 20151115 -4.1017e-05 3.2088e-10 TSX
20130817 20140209 -8.1981e-05 5.4096e-10 TSX
20130828 20150312 -8.9439e-05 3.4958e-10 TSX
20130903 20150329 -0.00014874 3.9353e-10 TSX
20130919 20160309 -8.931e-05 3.1158e-10 TSX
20130925 20140708 -9.2163e-05 4.536e-10 TSX
20130930 20160411 -3.9824e-06 3.0633e-10 TSX
20131011 20150802 -4.6736e-05 3.5144e-10 TSX
20131017 20140719 -0.00013658 4.5125e-10 TSX
20131028 20160304 9.4546e-05 3.3352e-10 TSX
20131102 20140519 -0.0001727 5.1709e-10 TSX
20131108 20140708 -3.1145e-05 5.0796e-10 TSX
20140209 20160309 -3.0768e-05 3.4327e-10 TSX
20140223 20140829 4.9463e-05 5.1109e-10 TSX
20140408 20140705 4.0676e-06 6.6123e-10 TSX
20140419 20170913 2.6253e-05 3.9297e-10 TSX
20140511 20141228 6.527e-05 4.7002e-10 TSX
20140519 20150824 4.0285e-05 3.8611e-10 TSX
20140624 20171005 3.5569e-05 3.7447e-10 TSX
20140627 20151115 3.4325e-05 3.6706e-10 TSX
20140705 20180911 3.3959e-05 3.1595e-10 TSX
20140708 20160406 -1.5652e-05 3.4487e-10 TSX
20140716 20171005 2.7223e-05 3.6526e-10 TSX
20140719 20151207 2.5203e-05 3.5436e-10 TSX
20140727 20150326 -4.1081e-05 4.6169e-10 TSX
20140810 20150122 -3.6248e-05 5.5257e-10 TSX
20140818 20160301 6.2197e-05 3.4625e-10 TSX
20140829 20160208 5.5534e-05 3.8072e-10 TSX
20140901 20140912 -0.00029802 9.6806e-10 TSX
20140912 20141209 -2.5697e-05 6.6397e-10 TSX
20140920 20170902 5.6196e-05 3.2891e-10 TSX
20141209 20160211 3.8589e-07 4.027e-10 TSX
20141217 20160722 8.3432e-05 3.7094e-10 TSX
20141228 20160106 7.0996e-05 4.0123e-10 TSX
20141231 20151024 3.8833e-05 4.3866e-10 TSX
20150105 20150824 3.1063e-05 4.9417e-10 TSX
20150108 20170811 4.773e-05 3.2358e-10 TSX
20150119 20160117 9.7132e-05 4.2047e-10 TSX
20150127 20160411 -2.3186e-05 3.9057e-10 TSX
20150130 20151112 0.00010042 4.5723e-10 TSX
20150210 20170114 6.4746e-05 3.6321e-10 TSX
20150213 20160326 -0.00030678 4.1856e-10 TSX
20150218 20160216 4.2545e-05 4.1057e-10 TSX
20150221 20180112 2.1285e-05 3.9613e-10 TSX
20150304 20180911 1.6907e-05 3.4135e-10 TSX
20150307 20160211 3.0588e-05 4.1111e-10 TSX
20150312 20160320 -1.8524e-05 4.0138e-10 TSX
20150326 20150827 0.00015937 5.5355e-10 TSX
20150329 20151207 6.2687e-05 4.5954e-10 TSX
20150428 20160425 0.00010188 4.1383e-10 TSX
20150509 20150827 0.00020305 6.2274e-10 TSX
20150517 20150824 8.1403e-05 6.5622e-10 TSX
20150520 20180911 -9.197e-07 3.8416e-10 TSX
20150714 20170822 3.5639e-05 3.6951e-10 TSX
20150725 20170924 3.8772e-05 3.7171e-10 TSX
20150802 20160309 -3.321e-05 4.9632e-10 TSX
20150805 20160403 -5.4968e-06 4.7262e-10 TSX
20150816 20171107 3.4856e-05 3.4777e-10 TSX
20150824 20150915 0.00067816 8.6214e-10 TSX
20150827 20170902 6.6307e-05 3.6814e-10 TSX
20150915 20160216 -0.0001077 5.7112e-10 TSX
20151021 20160904 5.232e-06 4.2331e-10 TSX
20151101 20171016 1.1003e-05 3.3072e-10 TSX
20151112 20160425 -2.3984e-05 5.3694e-10 TSX
20151115 20151229 0.0001662 7.7326e-10 TSX
20151123 20171221 1.5504e-05 3.2939e-10 TSX
20151204 20151215 0.00017241 9.7814e-10 TSX
20151207 20160406 -0.00011825 6.0214e-10 TSX
20151215 20170822 6.4074e-05 3.31e-10 TSX
20151226 20161223 7.7336e-05 3.9591e-10 TSX
20151229 20160211 -1.4999e-05 7.7326e-10 TSX
20160106 20161223 9.456e-05 4.0715e-10 TSX
20160117 20160926 8.4644e-05 4.5424e-10 TSX
20160128 20160301 -0.00016441 8.0655e-10 TSX
20160208 20160312 -9.3558e-05 8.0655e-10 TSX
20160216 20160309 -0.00039618 8.6214e-10 TSX
20160219 20180319 -3.6251e-06 3.3544e-10 TSX
20160301 20161201 0.00014336 4.3825e-10 TSX
20160304 20160326 5.6223e-08 8.4885e-10 TSX
20160312 20180319 -1.0501e-05 3.3647e-10 TSX
20160320 20160411 0.000371 8.6215e-10 TSX
20160323 20171118 6.6796e-05 3.3713e-10 TSX
20160326 20160406 -0.00052001 9.6799e-10 TSX
20160403 20171027 0.00011041 3.5752e-10 TSX
20160425 20170811 0.00010292 4.0014e-10 TSX
20160528 20160630 3.5168e-05 8.0655e-10 TSX
20160630 20171118 5.156e-05 3.4187e-10 TSX
20160722 20161201 0.00021577 5.813e-10 TSX
20160904 20180707 -2.4333e-06 3.3024e-10 TSX
20160915 20180911 1.2932e-05 3.0644e-10 TSX
20160926 20170114 1.659e-05 6.1796e-10 TSX
20161201 20171027 -1.6927e-05 4.0787e-10 TSX
20161223 20171107 -2.2019e-05 4.1212e-10 TSX
20170114 20170902 1.5963e-05 4.744e-10 TSX
20170811 20171005 -7.1879e-05 7.4121e-10 TSX
20170822 20180707 -8.1812e-05 4.1379e-10 TSX
20170913 20180707 -0.00011959 4.248e-10 TSX
20170924 20180319 -0.00011726 5.2318e-10 TSX
20171005 20171107 3.7393e-05 8.0655e-10 TSX
20171016 20180319 -0.00011473 5.5005e-10 TSX
20171027 20180911 -2.185e-05 4.1387e-10 TSX
20171107 20171118 8.1515e-05 9.7814e-10 TSX
20171118 20171129 4.9133e-05 9.7814e-10 TSX
20171129 20171221 -2.5035e-05 8.5082e-10 TSX
20171210 20180820 -8.0839e-06 4.5352e-10 TSX
20171221 20180911 1.7535e-05 4.4582e-10 TSX
20180112 20181003 2.3769e-05 4.4567e-10 TSX
20180319 20180707 -5.5502e-05 6.1795e-10 TSX
20180707 20180911 0.00028401 7.124e-10 TSX
20180729 20181003 4.9771e-05 7.124e-10 TSX
20180820 20181003 0.00011703 7.723e-10 TSX
20180911 20181003 -0.00016993 8.5082e-10 TSX
