20030427 20030914 0.00065852 5.664e-10 ERS2
20030914 20080629 7.5107e-05 2.7638e-10 ERS2
20050918 20090510 0.00016287 2.981e-10 ERS2
20051127 20081116 -6.1434e-05 3.0039e-10 ERS2
20060903 20090510 8.3944e-05 3.0253e-10 ERS2
20061231 20090105 -7.7073e-05 3.145e-10 ALOS
20070402 20070703 -5.6158e-05 6.6624e-10 ALOS
20070518 20091008 -6.4983e-05 2.9945e-10 ALOS
20070818 20071003 -0.00023642 7.7519e-10 ALOS
20071217 20100509 -3.4315e-05 2.9961e-10 ALOS
20080103 20100526 5.1799e-05 3.0002e-10 ALOS
20080404 20080520 9.3139e-06 7.7524e-10 ALOS
20080618 20090921 8.3021e-05 3.7198e-10 ALOS
20080629 20090510 -0.00017978 4.1897e-10 ERS2
20080705 20091008 -4.7194e-05 3.6555e-10 ALOS
20080803 20090823 -1.3974e-05 3.829e-10 ERS2
20081116 20090823 6.1958e-05 4.3175e-10 ERS2
20081219 20090921 0.00055606 4.4609e-10 ALOS
20090105 20090708 7.7729e-05 5.2809e-10 ALOS
20090510 20091101 0.00012737 5.2394e-10 ERS2
20090708 20091008 0.00086635 6.6625e-10 ALOS
20090823 20091101 -9.076e-05 6.9852e-10 ERS2
20091222 20100624 0.00068712 5.2527e-10 ALOS
20100108 20100223 0.00082898 7.7525e-10 ALOS
20100223 20100526 6.7178e-06 6.6632e-10 ALOS
20100410 20100711 0.00012092 6.6632e-10 ALOS
20100509 20100624 0.00051088 7.7318e-10 ALOS
20100526 20100711 0.00051832 7.752e-10 ALOS
20100624 20101109 0.00018264 5.84e-10 ALOS
20100711 20101011 0.00034755 6.6623e-10 ALOS
20100809 20101109 -4.5091e-05 6.6353e-10 ALOS
20101011 20101126 0.00020627 7.752e-10 ALOS
20110111 20110226 0.00069404 7.7518e-10 ALOS
20110924 20130715 0.00010258 3.2473e-10 TSX
20111005 20121229 -0.00010391 3.6899e-10 TSX
20111121 20171221 -4.735e-05 2.7171e-10 TSX
20111221 20130131 1.1201e-05 3.8543e-10 TSX
20111224 20121027 2.6023e-05 4.1925e-10 TSX
20120126 20140419 6.4706e-06 3.0218e-10 TSX
20120203 20160320 -1.7658e-05 2.6729e-10 TSX
20120206 20171107 6.7594e-05 2.7875e-10 TSX
20120617 20171129 -2.7129e-06 2.7466e-10 TSX
20120723 20160120 0.00015788 2.7824e-10 TSX
20121024 20130109 6.1754e-05 7.0156e-10 TSX
20121027 20151226 6.1707e-05 2.9818e-10 TSX
20121030 20130311 5.3199e-05 5.8465e-10 TSX
20121107 20171118 -0.00011533 2.8053e-10 TSX
20121221 20160208 2.793e-05 2.862e-10 TSX
20121224 20130516 3.9387e-05 5.6847e-10 TSX
20121229 20130407 0.00016198 6.5604e-10 TSX
20130104 20130217 0.00016519 7.7316e-10 TSX
20130109 20130715 0.00024094 5.288e-10 TSX
20130112 20140511 -5.4107e-05 3.5414e-10 TSX
20130115 20130721 -5.7308e-05 5.1392e-10 TSX
20130126 20130823 1.3325e-05 4.9971e-10 TSX
20130131 20130429 6.3662e-06 6.7793e-10 TSX
20130203 20130729 -1.6379e-05 5.2309e-10 TSX
20130211 20130919 0.00010885 4.9595e-10 TSX
20130228 20141209 5.2728e-05 3.2194e-10 TSX
20130311 20130801 2.7942e-05 5.6844e-10 TSX
20130316 20130623 0.00013164 6.5607e-10 TSX
20130402 20150122 0.00033811 3.2183e-10 TSX
20130407 20140530 1.4475e-05 3.8058e-10 TSX
20130421 20171016 -5.9052e-05 2.7883e-10 TSX
20130424 20130721 -4.3417e-05 6.6401e-10 TSX
20130429 20130623 3.4596e-05 7.5413e-10 TSX
20130505 20131028 -0.0004604 5.3016e-10 TSX
20130513 20151112 2.3049e-05 2.9972e-10 TSX
20130516 20131017 -0.00010465 5.6742e-10 TSX
20130521 20130715 0.00040205 7.5416e-10 TSX
20130524 20171129 -9.4146e-05 2.7234e-10 TSX
20130527 20140627 3.9842e-05 3.8358e-10 TSX
20130601 20130930 0.00025103 6.1697e-10 TSX
20130604 20141217 -2.2753e-05 3.3853e-10 TSX
20130607 20140719 7.6808e-05 3.8054e-10 TSX
20130612 20150105 0.00014461 3.4051e-10 TSX
20130615 20160106 4.8481e-05 2.9753e-10 TSX
20130618 20140708 -1.2659e-05 3.8809e-10 TSX
20130623 20130715 0.00069475 8.6186e-10 TSX
20130629 20130914 0.00035225 6.8831e-10 TSX
20130707 20150130 -2.8262e-05 3.3954e-10 TSX
20130710 20140901 2.3316e-05 3.7728e-10 TSX
20130715 20130726 -0.0025076 1.011e-09 TSX
20130721 20131108 0.0006222 6.216e-10 TSX
20130726 20150517 0.00027422 3.2314e-10 TSX
20130729 20160904 9.0794e-06 2.8899e-10 TSX
20130801 20151115 0.00020063 3.2233e-10 TSX
20130817 20140209 -4.7763e-05 5.4096e-10 TSX
20130828 20150312 5.2301e-05 3.4089e-10 TSX
20130903 20150329 -1.2367e-05 3.6656e-10 TSX
20130919 20160309 6.1754e-05 2.9728e-10 TSX
20130925 20140708 -2.9998e-05 4.3128e-10 TSX
20130930 20160411 7.2664e-05 2.979e-10 TSX
20131011 20150802 9.4132e-05 3.3042e-10 TSX
20131017 20140719 4.0473e-05 4.3873e-10 TSX
20131028 20160304 -0.00012706 3.2925e-10 TSX
20131102 20140519 -0.00015128 5.171e-10 TSX
20131108 20140708 -1.1808e-05 4.6279e-10 TSX
20140209 20160309 0.0001262 3.2503e-10 TSX
20140223 20140829 -1.5471e-05 5.1111e-10 TSX
20140408 20140705 -3.4666e-05 6.6126e-10 TSX
20140419 20170913 6.1486e-05 2.8893e-10 TSX
20140511 20141228 1.6479e-05 4.7013e-10 TSX
20140519 20150824 0.00013019 3.674e-10 TSX
20140624 20171005 -1.3747e-06 2.7526e-10 TSX
20140627 20151115 3.7955e-05 3.4284e-10 TSX
20140705 20180911 4.0926e-05 2.7029e-10 TSX
20140708 20160406 8.247e-05 3.3685e-10 TSX
20140716 20171005 3.1396e-05 2.9809e-10 TSX
20140719 20151207 4.2278e-05 3.4549e-10 TSX
20140727 20150326 -7.2757e-05 4.6159e-10 TSX
20140810 20150122 8.672e-05 5.3917e-10 TSX
20140818 20160301 -5.5685e-05 3.3172e-10 TSX
20140829 20160208 7.4489e-06 3.353e-10 TSX
20140901 20140912 -0.00030077 9.6766e-10 TSX
20140912 20141209 6.6857e-05 6.6401e-10 TSX
20140920 20170902 2.2203e-05 2.8885e-10 TSX
20141209 20160211 3.0583e-05 3.6596e-10 TSX
20141217 20160722 5.7322e-05 3.2645e-10 TSX
20141228 20160106 -1.7432e-05 3.8168e-10 TSX
20141231 20151024 9.3738e-05 4.2519e-10 TSX
20150105 20150824 6.3952e-05 4.8664e-10 TSX
20150108 20170811 0.00012252 2.7954e-10 TSX
20150119 20160117 1.7218e-05 3.8705e-10 TSX
20150127 20160411 2.7784e-05 3.7976e-10 TSX
20150130 20151112 6.8929e-07 4.2863e-10 TSX
20150210 20170114 2.6548e-05 3.0681e-10 TSX
20150213 20160326 3.428e-05 3.9202e-10 TSX
20150218 20160216 4.5846e-05 4.0568e-10 TSX
20150221 20180112 3.6329e-05 2.8088e-10 TSX
20150304 20180911 5.6555e-05 2.7985e-10 TSX
20150307 20160211 5.0651e-05 4.0171e-10 TSX
20150312 20160320 -4.162e-05 3.9896e-10 TSX
20150326 20150827 0.00013516 5.4989e-10 TSX
20150329 20151207 8.9293e-05 4.551e-10 TSX
20150428 20160425 3.1115e-05 3.8721e-10 TSX
20150509 20150827 0.00012189 6.1815e-10 TSX
20150517 20150824 1.9666e-05 6.5616e-10 TSX
20150520 20180911 -1.8479e-06 2.8098e-10 TSX
20150714 20170822 5.3157e-05 2.938e-10 TSX
20150725 20170924 1.7597e-05 3.0252e-10 TSX
20150802 20160309 -5.0165e-05 4.9615e-10 TSX
20150805 20160403 -7.9539e-06 4.6104e-10 TSX
20150816 20171107 7.3288e-05 2.9878e-10 TSX
20150824 20150915 0.00066922 8.6173e-10 TSX
20150827 20170902 4.3134e-05 3.0969e-10 TSX
20150915 20160216 -1.993e-05 5.6814e-10 TSX
20151021 20160904 -4.7888e-05 4.1277e-10 TSX
20151101 20171016 3.6622e-05 3.0467e-10 TSX
20151112 20160425 -5.9772e-05 5.3608e-10 TSX
20151115 20151229 0.00019757 7.7316e-10 TSX
20151123 20171221 3.2287e-05 2.9778e-10 TSX
20151204 20151215 0.00017583 9.7774e-10 TSX
20151207 20160406 -9.404e-05 6.0214e-10 TSX
20151215 20170822 6.0916e-05 3.1557e-10 TSX
20151226 20161223 3.0139e-05 3.9389e-10 TSX
20151229 20160211 2.7129e-05 7.7316e-10 TSX
20160106 20161223 4.0334e-05 3.982e-10 TSX
20160117 20160926 1.9568e-05 4.5306e-10 TSX
20160128 20160301 -0.00024531 8.0633e-10 TSX
20160208 20160312 -4.0324e-05 8.0633e-10 TSX
20160216 20160309 -0.00042636 8.6172e-10 TSX
20160219 20180319 -6.6852e-05 2.9991e-10 TSX
20160301 20161201 0.00010614 4.3855e-10 TSX
20160304 20160326 5.8535e-05 8.4854e-10 TSX
20160312 20180319 -7.2404e-05 3.0917e-10 TSX
20160320 20160411 0.0004395 8.6173e-10 TSX
20160323 20171118 5.8727e-05 3.1803e-10 TSX
20160326 20160406 -0.00048797 9.6759e-10 TSX
20160403 20171027 4.8732e-05 3.2818e-10 TSX
20160425 20170811 6.4424e-05 3.5038e-10 TSX
20160528 20160630 5.7717e-05 8.0633e-10 TSX
20160630 20171118 6.8299e-06 3.4095e-10 TSX
20160722 20161201 0.00010962 5.8132e-10 TSX
20160904 20180707 -7.7008e-05 3.2911e-10 TSX
20160915 20180911 -5.606e-05 3.0399e-10 TSX
20160926 20170114 -6.8627e-05 6.1796e-10 TSX
20161201 20171027 -2.2532e-05 4.0725e-10 TSX
20161223 20171107 4.2578e-06 4.0949e-10 TSX
20170114 20170902 3.2041e-05 4.6884e-10 TSX
20170811 20171005 -9.0758e-05 7.4117e-10 TSX
20170822 20180707 -0.00017094 4.1362e-10 TSX
20170913 20180707 -0.00021483 4.2548e-10 TSX
20170924 20180319 -0.00026037 5.2318e-10 TSX
20171005 20171107 1.4901e-05 8.0633e-10 TSX
20171016 20180319 -0.00025656 5.5007e-10 TSX
20171027 20180911 -0.00014322 4.1354e-10 TSX
20171107 20171118 6.9332e-05 9.7774e-10 TSX
20171118 20171129 5.1706e-05 9.7774e-10 TSX
20171129 20171221 -1.0172e-05 8.505e-10 TSX
20171210 20180820 -0.0001373 4.5335e-10 TSX
20171221 20180911 -0.00013328 4.4557e-10 TSX
20180112 20181003 -9.18e-05 4.4556e-10 TSX
20180319 20180707 -5.055e-05 6.1797e-10 TSX
20180707 20180911 0.00021381 7.124e-10 TSX
20180729 20181003 9.921e-05 7.124e-10 TSX
20180820 20181003 0.00022897 7.7219e-10 TSX
20180911 20181003 -0.0001213 8.505e-10 TSX
