20030427 20030914 0.00026048 6.2904e-10 ERS2
20030914 20080629 -0.0001162 3.218e-10 ERS2
20050918 20090510 -0.00023931 3.2138e-10 ERS2
20051127 20081116 0.00014906 3.1563e-10 ERS2
20060903 20090510 0.00013916 3.28e-10 ERS2
20061231 20090105 -8.1536e-05 4.4376e-10 ALOS
20070402 20070703 -0.00014643 7.4125e-10 ALOS
20070518 20091008 -0.00010241 4.1696e-10 ALOS
20070818 20071003 -0.00030614 8.1775e-10 ALOS
20071217 20100509 -7.4333e-05 4.2818e-10 ALOS
20080103 20100526 2.2181e-05 4.2257e-10 ALOS
20080404 20080520 8.1757e-05 8.1995e-10 ALOS
20080618 20090921 -3.0437e-05 5.3558e-10 ALOS
20080629 20090510 -0.00095315 4.6193e-10 ERS2
20080705 20091008 -1.7031e-05 4.6937e-10 ALOS
20080803 20090823 -0.00015711 4.2414e-10 ERS2
20081116 20090823 0.00011369 4.8267e-10 ERS2
20081219 20090921 0.00022981 5.4159e-10 ALOS
20090105 20090708 9.3757e-05 6.2152e-10 ALOS
20090510 20091101 0.00094604 5.8505e-10 ERS2
20090708 20091008 0.00030312 7.5436e-10 ALOS
20090823 20091101 2.7386e-05 7.5072e-10 ERS2
20091222 20100624 0.00034191 6.275e-10 ALOS
20100108 20100223 0.00032219 8.1962e-10 ALOS
20100223 20100526 9.5665e-05 7.4143e-10 ALOS
20100410 20100711 -0.00011335 7.4317e-10 ALOS
20100509 20100624 0.00071426 8.1604e-10 ALOS
20100526 20100711 0.0003609 8.2356e-10 ALOS
20100624 20101109 -4.688e-05 7.0639e-10 ALOS
20100711 20101011 -8.9088e-06 7.5147e-10 ALOS
20100809 20101109 -0.00017733 7.3687e-10 ALOS
20101011 20101126 0.00025003 8.2374e-10 ALOS
20110111 20110226 0.00059849 8.1815e-10 ALOS
20110924 20130715 3.1479e-05 5.2007e-10 TSX
20111005 20121229 -0.000159 5.6907e-10 TSX
20111121 20171221 -3.9551e-05 4.1515e-10 TSX
20111221 20130131 -2.1417e-05 4.9926e-10 TSX
20111224 20121027 2.5452e-05 4.8815e-10 TSX
20120126 20140419 -4.6561e-05 4.5856e-10 TSX
20120203 20160320 -1.6165e-05 4.1756e-10 TSX
20120206 20171107 -6.2016e-05 4.8756e-10 TSX
20120617 20171129 -2.1163e-05 3.7059e-10 TSX
20120723 20160120 1.5844e-05 5.93e-10 TSX
20121024 20130109 2.7239e-05 7.677e-10 TSX
20121027 20151226 -1.0296e-05 5.2724e-10 TSX
20121030 20130311 5.7195e-05 6.6763e-10 TSX
20121107 20171118 1.4169e-05 4.7866e-10 TSX
20121221 20160208 7.5502e-05 4.1792e-10 TSX
20121224 20130516 -0.00031542 6.4963e-10 TSX
20121229 20130407 -8.8962e-05 7.3437e-10 TSX
20130104 20130217 -3.2534e-05 8.1329e-10 TSX
20130109 20130715 0.00012238 6.8764e-10 TSX
20130112 20140511 -7.6684e-05 4.8471e-10 TSX
20130115 20130721 -9.9899e-05 6.0532e-10 TSX
20130126 20130823 -0.00022493 5.8944e-10 TSX
20130131 20130429 -1.334e-05 7.4993e-10 TSX
20130203 20130729 -7.5409e-05 6.1646e-10 TSX
20130211 20130919 5.1033e-05 6.1185e-10 TSX
20130228 20141209 6.532e-05 4.5161e-10 TSX
20130311 20130801 3.6611e-05 6.5758e-10 TSX
20130316 20130623 -7.4227e-05 7.3532e-10 TSX
20130402 20150122 -0.00010561 3.9323e-10 TSX
20130407 20140530 -2.729e-05 5.239e-10 TSX
20130421 20171016 2.5511e-05 3.6506e-10 TSX
20130424 20130721 -0.00022217 7.3845e-10 TSX
20130429 20130623 -0.00015644 8.0577e-10 TSX
20130505 20131028 -0.00052638 6.2588e-10 TSX
20130513 20151112 5.1618e-05 4.7176e-10 TSX
20130516 20131017 -0.00017115 6.3651e-10 TSX
20130521 20130715 0.00026415 8.077e-10 TSX
20130524 20171129 1.2933e-05 4.3891e-10 TSX
20130527 20140627 -5.5819e-05 4.9976e-10 TSX
20130601 20130930 0.00034974 7.0778e-10 TSX
20130604 20141217 1.1149e-05 4.5706e-10 TSX
20130607 20140719 3.5929e-07 4.9221e-10 TSX
20130612 20150105 -3.7697e-05 4.8368e-10 TSX
20130615 20160106 0.00014214 4.7108e-10 TSX
20130618 20140708 1.9897e-05 4.984e-10 TSX
20130623 20130715 0.00071164 8.8379e-10 TSX
20130629 20130914 0.00023522 7.5402e-10 TSX
20130707 20150130 4.4986e-05 4.4638e-10 TSX
20130710 20140901 -2.0186e-06 4.966e-10 TSX
20130715 20130726 -0.0025223 1.0259e-09 TSX
20130721 20131108 0.00046253 7.0251e-10 TSX
20130726 20150517 5.1598e-05 4.468e-10 TSX
20130729 20160904 -1.554e-05 4.0674e-10 TSX
20130801 20151115 -1.0507e-05 4.4843e-10 TSX
20130817 20140209 1.6918e-05 6.4551e-10 TSX
20130828 20150312 -4.0324e-05 4.7896e-10 TSX
20130903 20150329 -0.0001113 4.288e-10 TSX
20130919 20160309 -4.0607e-05 4.5819e-10 TSX
20130925 20140708 -6.5674e-05 5.147e-10 TSX
20130930 20160411 -6.1469e-05 5.0093e-10 TSX
20131011 20150802 4.8195e-06 4.5804e-10 TSX
20131017 20140719 -2.3497e-05 5.2113e-10 TSX
20131028 20160304 1.6239e-05 4.3813e-10 TSX
20131102 20140519 -7.1833e-06 6.1927e-10 TSX
20131108 20140708 7.7306e-05 5.452e-10 TSX
20140209 20160309 1.6877e-05 4.7378e-10 TSX
20140223 20140829 0.0002035 5.7547e-10 TSX
20140408 20140705 -1.2572e-05 7.2099e-10 TSX
20140419 20170913 -1.8538e-05 4.0441e-10 TSX
20140511 20141228 0.0001628 5.2755e-10 TSX
20140519 20150824 -3.067e-05 4.9939e-10 TSX
20140624 20171005 8.6697e-05 3.305e-10 TSX
20140627 20151115 2.4966e-05 4.3745e-10 TSX
20140705 20180911 2.6736e-05 3.9901e-10 TSX
20140708 20160406 -1.8975e-05 4.2437e-10 TSX
20140716 20171005 0.00017354 3.7748e-10 TSX
20140719 20151207 6.1215e-05 4.4709e-10 TSX
20140727 20150326 -9.4046e-05 5.1791e-10 TSX
20140810 20150122 -8.129e-05 6.2032e-10 TSX
20140818 20160301 -2.3572e-05 3.6006e-10 TSX
20140829 20160208 -2.5565e-05 4.2266e-10 TSX
20140901 20140912 -0.00029274 9.8087e-10 TSX
20140912 20141209 -2.1769e-05 7.3212e-10 TSX
20140920 20170902 -8.8537e-05 3.6946e-10 TSX
20141209 20160211 -1.1859e-05 4.4545e-10 TSX
20141217 20160722 -1.4166e-05 3.84e-10 TSX
20141228 20160106 -7.6407e-05 4.3925e-10 TSX
20141231 20151024 -2.6488e-06 5.1708e-10 TSX
20150105 20150824 -4.7027e-05 5.974e-10 TSX
20150108 20170811 1.8306e-05 4.1434e-10 TSX
20150119 20160117 5.032e-05 4.448e-10 TSX
20150127 20160411 -8.5296e-06 5.0851e-10 TSX
20150130 20151112 3.9391e-05 4.9436e-10 TSX
20150210 20170114 -9.18e-07 3.5596e-10 TSX
20150213 20160326 -7.077e-05 4.6146e-10 TSX
20150218 20160216 -2.3953e-05 5.089e-10 TSX
20150221 20180112 -4.1916e-05 5.0534e-10 TSX
20150304 20180911 -3.7245e-05 4.6166e-10 TSX
20150307 20160211 -4.7399e-05 4.84e-10 TSX
20150312 20160320 -3.5131e-05 5.0899e-10 TSX
20150326 20150827 3.5568e-05 6.1447e-10 TSX
20150329 20151207 -2.1274e-05 5.3889e-10 TSX
20150428 20160425 5.7907e-05 4.288e-10 TSX
20150509 20150827 -3.5285e-05 6.8214e-10 TSX
20150517 20150824 -2.8062e-05 7.3285e-10 TSX
20150520 20180911 -5.3799e-06 3.5355e-10 TSX
20150714 20170822 6.7021e-05 4.0701e-10 TSX
20150725 20170924 -7.7165e-05 4.2683e-10 TSX
20150802 20160309 -4.9853e-05 5.9331e-10 TSX
20150805 20160403 2.5172e-05 5.1968e-10 TSX
20150816 20171107 -7.6769e-06 4.3733e-10 TSX
20150824 20150915 0.00068247 8.8348e-10 TSX
20150827 20170902 -4.4593e-05 4.2138e-10 TSX
20150915 20160216 -7.8202e-05 6.5804e-10 TSX
20151021 20160904 -0.00014867 4.7544e-10 TSX
20151101 20171016 -0.00010288 3.9633e-10 TSX
20151112 20160425 -2.0008e-05 6.0004e-10 TSX
20151115 20151229 0.00015264 8.1321e-10 TSX
20151123 20171221 -2.5197e-05 3.7886e-10 TSX
20151204 20151215 0.00015999 9.8973e-10 TSX
20151207 20160406 -0.00010093 6.7931e-10 TSX
20151215 20170822 0.00014439 4.549e-10 TSX
20151226 20161223 1.9375e-05 4.3556e-10 TSX
20151229 20160211 4.6585e-05 8.1321e-10 TSX
20160106 20161223 -4.2466e-05 4.4118e-10 TSX
20160117 20160926 -9.1896e-05 5.2237e-10 TSX
20160128 20160301 -0.00011889 8.3415e-10 TSX
20160208 20160312 -0.00015414 8.3415e-10 TSX
20160216 20160309 -0.00037929 8.8348e-10 TSX
20160219 20180319 5.0397e-05 4.1479e-10 TSX
20160301 20161201 -2.0674e-07 4.9025e-10 TSX
20160304 20160326 4.5054e-05 8.6905e-10 TSX
20160312 20180319 6.8224e-05 4.2328e-10 TSX
20160320 20160411 0.00038137 8.8349e-10 TSX
20160323 20171118 -1.7245e-05 4.7182e-10 TSX
20160326 20160406 -0.00050365 9.8078e-10 TSX
20160403 20171027 1.0482e-05 4.0153e-10 TSX
20160425 20170811 0.00016003 4.1384e-10 TSX
20160528 20160630 -5.1622e-05 8.3415e-10 TSX
20160630 20171118 8.9201e-05 4.3456e-10 TSX
20160722 20161201 8.4941e-05 6.4661e-10 TSX
20160904 20180707 3.4725e-05 4.739e-10 TSX
20160915 20180911 -5.3325e-05 3.9241e-10 TSX
20160926 20170114 -0.00010744 6.8938e-10 TSX
20161201 20171027 -3.755e-05 4.6849e-10 TSX
20161223 20171107 0.00015982 4.595e-10 TSX
20170114 20170902 -6.516e-05 5.4055e-10 TSX
20170811 20171005 -0.00016497 7.8587e-10 TSX
20170822 20180707 -0.00014124 4.6189e-10 TSX
20170913 20180707 -0.00017077 4.9316e-10 TSX
20170924 20180319 5.7943e-05 5.8619e-10 TSX
20171005 20171107 6.5302e-05 8.3415e-10 TSX
20171016 20180319 0.00010869 6.1482e-10 TSX
20171027 20180911 -0.00015979 4.6214e-10 TSX
20171107 20171118 7.0518e-05 9.8973e-10 TSX
20171118 20171129 6.2679e-05 9.8973e-10 TSX
20171129 20171221 -3.6372e-06 8.6938e-10 TSX
20171210 20180820 -0.0001833 5.0815e-10 TSX
20171221 20180911 -0.00028074 4.9985e-10 TSX
20180112 20181003 2.7719e-05 4.9922e-10 TSX
20180319 20180707 -0.00030331 6.8196e-10 TSX
20180707 20180911 0.00014203 7.6355e-10 TSX
20180729 20181003 -2.4257e-05 7.6354e-10 TSX
20180820 20181003 0.00015987 8.0898e-10 TSX
20180911 20181003 -0.00020485 8.6939e-10 TSX
