20030427 20030914 -0.00089743 5.6707e-10 ERS2
20030914 20080629 9.8921e-05 2.6862e-10 ERS2
20050918 20090510 1.5506e-06 2.9971e-10 ERS2
20051127 20081116 5.4862e-05 3.0513e-10 ERS2
20060903 20090510 4.5167e-05 3.1567e-10 ERS2
20061231 20090105 -2.1652e-05 3.1226e-10 ALOS
20070402 20070703 -0.00022037 6.6625e-10 ALOS
20070518 20091008 -4.1173e-05 2.9969e-10 ALOS
20070818 20071003 -0.00042775 7.7589e-10 ALOS
20071217 20100509 -2.2444e-05 3.0097e-10 ALOS
20080103 20100526 -3.266e-05 2.9734e-10 ALOS
20080404 20080520 -4.2125e-05 7.759e-10 ALOS
20080618 20090921 -1.6607e-05 3.7349e-10 ALOS
20080629 20090510 -0.00039501 4.1256e-10 ERS2
20080705 20091008 -5.3341e-05 3.656e-10 ALOS
20080803 20090823 -6.5981e-05 3.8595e-10 ERS2
20081116 20090823 7.4514e-06 4.3153e-10 ERS2
20081219 20090921 -4.3965e-05 4.46e-10 ALOS
20090105 20090708 -0.0001195 5.2911e-10 ALOS
20090510 20091101 0.00011345 5.214e-10 ERS2
20090708 20091008 2.8299e-05 6.6626e-10 ALOS
20090823 20091101 0.00041478 6.9874e-10 ERS2
20091222 20100624 -7.8495e-05 5.2597e-10 ALOS
20100108 20100223 -0.00027519 7.7599e-10 ALOS
20100223 20100526 -6.4675e-05 6.662e-10 ALOS
20100410 20100711 -6.8e-05 6.6625e-10 ALOS
20100509 20100624 0.00065276 7.7386e-10 ALOS
20100526 20100711 0.00037332 7.7591e-10 ALOS
20100624 20101109 -5.7862e-05 5.8397e-10 ALOS
20100711 20101011 -0.00025123 6.6628e-10 ALOS
20100809 20101109 -5.1346e-05 6.6357e-10 ALOS
20101011 20101126 0.00024984 7.7591e-10 ALOS
20110111 20110226 0.00052683 7.7589e-10 ALOS
20110924 20130715 1.9665e-05 3.2293e-10 TSX
20111005 20121229 1.3938e-05 3.6842e-10 TSX
20111121 20171221 1.6499e-08 2.5457e-10 TSX
20111221 20130131 -2.8925e-07 3.8506e-10 TSX
20111224 20121027 -1.6472e-05 4.191e-10 TSX
20120126 20140419 -2.8423e-05 2.9024e-10 TSX
20120203 20160320 1.531e-05 2.4649e-10 TSX
20120206 20171107 2.8847e-06 2.7172e-10 TSX
20120617 20171129 -4.605e-06 2.554e-10 TSX
20120723 20160120 1.3601e-05 2.6194e-10 TSX
20121024 20130109 0.00024524 7.017e-10 TSX
20121027 20151226 -1.4624e-05 2.6396e-10 TSX
20121030 20130311 1.397e-05 5.8464e-10 TSX
20121107 20171118 9.3626e-06 2.5194e-10 TSX
20121221 20160208 7.6138e-06 2.6692e-10 TSX
20121224 20130516 -2.8121e-05 5.6849e-10 TSX
20121229 20130407 -1.2343e-05 6.5607e-10 TSX
20130104 20130217 -4.6942e-05 7.7372e-10 TSX
20130109 20130715 1.5274e-06 5.2788e-10 TSX
20130112 20140511 4.495e-06 3.5564e-10 TSX
20130115 20130721 -0.00013401 5.1398e-10 TSX
20130126 20130823 -7.1978e-05 4.9151e-10 TSX
20130131 20130429 1.1081e-05 6.7801e-10 TSX
20130203 20130729 -9.8919e-06 5.2312e-10 TSX
20130211 20130919 4.2975e-05 4.959e-10 TSX
20130228 20141209 3.334e-05 3.1288e-10 TSX
20130311 20130801 -6.2386e-05 5.6844e-10 TSX
20130316 20130623 2.0971e-05 6.5607e-10 TSX
20130402 20150122 5.6705e-05 2.9054e-10 TSX
20130407 20140530 4.1891e-06 3.8048e-10 TSX
20130421 20171016 1.3793e-06 2.524e-10 TSX
20130424 20130721 -0.00021633 6.6405e-10 TSX
20130429 20130623 -4.2813e-05 7.5466e-10 TSX
20130505 20131028 -0.00045521 5.2589e-10 TSX
20130513 20151112 6.1386e-06 2.7807e-10 TSX
20130516 20131017 -0.00018795 5.5296e-10 TSX
20130521 20130715 0.00023354 7.5468e-10 TSX
20130524 20171129 1.2418e-06 2.5969e-10 TSX
20130527 20140627 2.8614e-05 3.8364e-10 TSX
20130601 20130930 8.2919e-05 6.1694e-10 TSX
20130604 20141217 -4.7811e-06 3.3893e-10 TSX
20130607 20140719 3.8051e-05 3.7986e-10 TSX
20130612 20150105 4.4309e-05 3.3864e-10 TSX
20130615 20160106 -7.8805e-06 2.744e-10 TSX
20130618 20140708 -8.9086e-06 3.876e-10 TSX
20130623 20130715 0.00056292 8.6319e-10 TSX
20130629 20130914 0.00015307 6.8836e-10 TSX
20130707 20150130 -5.3136e-06 3.3742e-10 TSX
20130710 20140901 1.6007e-05 3.7642e-10 TSX
20130715 20130726 -0.002377 1.0125e-09 TSX
20130721 20131108 0.00063244 6.2103e-10 TSX
20130726 20150517 8.2824e-05 3.221e-10 TSX
20130729 20160904 -2.1051e-05 2.6862e-10 TSX
20130801 20151115 2.5329e-05 2.8724e-10 TSX
20130817 20140209 -6.379e-05 5.4098e-10 TSX
20130828 20150312 5.0503e-05 3.4101e-10 TSX
20130903 20150329 -0.00012283 3.1182e-10 TSX
20130919 20160309 -5.9285e-06 2.7367e-10 TSX
20130925 20140708 6.1379e-06 4.3137e-10 TSX
20130930 20160411 -5.8719e-06 2.7055e-10 TSX
20131011 20150802 -1.0743e-05 3.2096e-10 TSX
20131017 20140719 -9.6213e-06 4.3882e-10 TSX
20131028 20160304 -4.3614e-05 2.7803e-10 TSX
20131102 20140519 -9.2304e-05 5.1708e-10 TSX
20131108 20140708 -5.8002e-05 4.6282e-10 TSX
20140209 20160309 1.7718e-05 3.0601e-10 TSX
20140223 20140829 1.2193e-05 5.1116e-10 TSX
20140408 20140705 1.5346e-06 6.6134e-10 TSX
20140419 20170913 1.4331e-05 2.602e-10 TSX
20140511 20141228 -8.7196e-06 4.7006e-10 TSX
20140519 20150824 4.9687e-05 3.6375e-10 TSX
20140624 20171005 -1.0374e-05 2.6498e-10 TSX
20140627 20151115 -3.622e-05 3.3983e-10 TSX
20140705 20180911 -3.1981e-06 2.5315e-10 TSX
20140708 20160406 3.6155e-05 3.1328e-10 TSX
20140716 20171005 -3.0849e-06 2.6759e-10 TSX
20140719 20151207 -1.1757e-05 3.397e-10 TSX
20140727 20150326 8.8909e-06 4.6161e-10 TSX
20140810 20150122 6.369e-05 5.3919e-10 TSX
20140818 20160301 -9.5983e-06 3.2519e-10 TSX
20140829 20160208 -2.1872e-08 3.319e-10 TSX
20140901 20140912 -0.0002738 9.6898e-10 TSX
20140912 20141209 -2.264e-05 6.6405e-10 TSX
20140920 20170902 1.2173e-05 2.7301e-10 TSX
20141209 20160211 -2.5967e-05 3.635e-10 TSX
20141217 20160722 -1.9747e-05 3.1999e-10 TSX
20141228 20160106 -1.2567e-05 3.8198e-10 TSX
20141231 20151024 1.9251e-06 4.2488e-10 TSX
20150105 20150824 -4.6029e-06 4.8607e-10 TSX
20150108 20170811 1.421e-05 2.9072e-10 TSX
20150119 20160117 2.9583e-06 3.8709e-10 TSX
20150127 20160411 9.41e-06 3.7093e-10 TSX
20150130 20151112 -5.5567e-06 4.2844e-10 TSX
20150210 20170114 5.4786e-06 2.966e-10 TSX
20150213 20160326 -2.0359e-05 3.6969e-10 TSX
20150218 20160216 -1.8192e-05 4.0282e-10 TSX
20150221 20180112 -1.3867e-05 2.6332e-10 TSX
20150304 20180911 1.0132e-05 2.5792e-10 TSX
20150307 20160211 1.0037e-05 4.0082e-10 TSX
20150312 20160320 -5.8113e-05 3.9787e-10 TSX
20150326 20150827 -8.5408e-06 5.498e-10 TSX
20150329 20151207 -1.9535e-05 4.5485e-10 TSX
20150428 20160425 4.8186e-06 3.8701e-10 TSX
20150509 20150827 2.4683e-05 6.1793e-10 TSX
20150517 20150824 -0.00010733 6.5607e-10 TSX
20150520 20180911 1.3176e-05 2.6184e-10 TSX
20150714 20170822 4.8647e-06 2.9257e-10 TSX
20150725 20170924 -9.5461e-06 2.9154e-10 TSX
20150802 20160309 -1.3004e-05 4.959e-10 TSX
20150805 20160403 1.7615e-05 4.6112e-10 TSX
20150816 20171107 1.0059e-06 2.9196e-10 TSX
20150824 20150915 0.00060843 8.6309e-10 TSX
20150827 20170902 -9.9515e-06 2.9925e-10 TSX
20150915 20160216 -9.4742e-05 5.6817e-10 TSX
20151021 20160904 -5.8067e-05 4.1258e-10 TSX
20151101 20171016 1.6144e-05 3.0369e-10 TSX
20151112 20160425 -1.1005e-05 5.361e-10 TSX
20151115 20151229 0.00014357 7.7372e-10 TSX
20151123 20171221 4.6551e-06 2.9625e-10 TSX
20151204 20151215 0.00014832 9.7972e-10 TSX
20151207 20160406 -1.4453e-07 6.0215e-10 TSX
20151215 20170822 1.4283e-05 3.1252e-10 TSX
20151226 20161223 -1.6213e-05 3.9343e-10 TSX
20151229 20160211 2.3074e-05 7.7372e-10 TSX
20160106 20161223 7.5012e-06 3.9783e-10 TSX
20160117 20160926 -2.0075e-05 4.5292e-10 TSX
20160128 20160301 -0.00022259 8.0759e-10 TSX
20160208 20160312 -9.4648e-05 8.0759e-10 TSX
20160216 20160309 -0.00036606 8.6309e-10 TSX
20160219 20180319 9.3366e-06 2.9652e-10 TSX
20160301 20161201 3.5311e-05 4.388e-10 TSX
20160304 20160326 6.9422e-05 8.4965e-10 TSX
20160312 20180319 1.2356e-05 2.9875e-10 TSX
20160320 20160411 0.00043141 8.6309e-10 TSX
20160323 20171118 5.9698e-06 3.1611e-10 TSX
20160326 20160406 -0.00057482 9.6891e-10 TSX
20160403 20171027 2.6148e-05 3.2156e-10 TSX
20160425 20170811 2.5311e-05 3.4721e-10 TSX
20160528 20160630 2.943e-05 8.0759e-10 TSX
20160630 20171118 -1.5997e-06 3.3883e-10 TSX
20160722 20161201 6.4244e-05 5.8134e-10 TSX
20160904 20180707 3.232e-05 3.2275e-10 TSX
20160915 20180911 7.6158e-06 3.0227e-10 TSX
20160926 20170114 4.4154e-05 6.1799e-10 TSX
20161201 20171027 6.3058e-06 4.0688e-10 TSX
20161223 20171107 2.0932e-05 4.0919e-10 TSX
20170114 20170902 2.3101e-07 4.6896e-10 TSX
20170811 20171005 -6.7143e-05 7.417e-10 TSX
20170822 20180707 1.5993e-05 4.1321e-10 TSX
20170913 20180707 -1.8152e-06 4.2516e-10 TSX
20170924 20180319 5.2035e-05 5.2322e-10 TSX
20171005 20171107 8.1959e-06 8.0759e-10 TSX
20171016 20180319 3.2687e-05 5.501e-10 TSX
20171027 20180911 -1.3079e-05 4.1318e-10 TSX
20171107 20171118 7.1314e-05 9.7972e-10 TSX
20171118 20171129 4.7599e-05 9.7972e-10 TSX
20171129 20171221 -5.7055e-06 8.5216e-10 TSX
20171210 20180820 1.3173e-05 4.5354e-10 TSX
20171221 20180911 1.8194e-05 4.4581e-10 TSX
20180112 20181003 -1.3687e-05 4.4585e-10 TSX
20180319 20180707 -2.9587e-05 6.18e-10 TSX
20180707 20180911 2.4863e-05 7.127e-10 TSX
20180729 20181003 -6.8419e-06 7.127e-10 TSX
20180820 20181003 0.00012762 7.7304e-10 TSX
20180911 20181003 -9.4009e-05 8.5217e-10 TSX
