20030427 20030914 7.0108e-05 7.7275e-10 ERS2
20030914 20080629 -3.6282e-05 6.2122e-10 ERS2
20050918 20090510 6.9174e-06 6.7427e-10 ERS2
20051127 20081116 1.7984e-05 5.8323e-10 ERS2
20060903 20090510 7.5084e-05 6.6109e-10 ERS2
20061231 20090105 0.00010478 7.6237e-10 ALOS
20070402 20070703 -0.00010296 8.3414e-10 ALOS
20070518 20091008 -1.1428e-05 7.6194e-10 ALOS
20070818 20071003 -0.00037787 8.5632e-10 ALOS
20071217 20100509 -5.6357e-05 7.0055e-10 ALOS
20080103 20100526 3.2756e-05 7.142e-10 ALOS
20080404 20080520 3.2941e-05 8.5604e-10 ALOS
20080618 20090921 -6.8049e-06 7.4257e-10 ALOS
20080629 20090510 -0.00079878 5.9054e-10 ERS2
20080705 20091008 -0.00013905 7.3502e-10 ALOS
20080803 20090823 -5.4943e-05 5.9321e-10 ERS2
20081116 20090823 9.7747e-06 6.8459e-10 ERS2
20081219 20090921 0.00021149 7.5953e-10 ALOS
20090105 20090708 0.00013077 8.0983e-10 ALOS
20090510 20091101 0.00040052 6.9795e-10 ERS2
20090708 20091008 0.00024547 8.3476e-10 ALOS
20090823 20091101 0.00055421 8.1315e-10 ERS2
20091222 20100624 0.00010419 7.8976e-10 ALOS
20100108 20100223 0.00023758 8.5621e-10 ALOS
20100223 20100526 -9.7151e-05 8.3971e-10 ALOS
20100410 20100711 -7.5575e-05 8.3374e-10 ALOS
20100509 20100624 0.00066026 8.5489e-10 ALOS
20100526 20100711 0.00044724 8.5655e-10 ALOS
20100624 20101109 -7.7374e-05 8.116e-10 ALOS
20100711 20101011 -6.1453e-05 8.3405e-10 ALOS
20100809 20101109 -3.5171e-05 8.3154e-10 ALOS
20101011 20101126 0.00022582 8.5635e-10 ALOS
20110111 20110226 0.00062391 8.5649e-10 ALOS
20110924 20130715 4.324e-05 7.385e-10 TSX
20111005 20121229 -1.5225e-05 7.9011e-10 TSX
20111121 20171221 -5.7712e-06 5.6161e-10 TSX
20111221 20130131 2.6721e-05 7.5431e-10 TSX
20111224 20121027 -6.5529e-05 5.7725e-10 TSX
20120126 20140419 -3.9475e-05 4.9582e-10 TSX
20120203 20160320 1.3049e-05 8.2599e-10 TSX
20120206 20171107 -1.3403e-05 5.8302e-10 TSX
20120617 20171129 1.4834e-05 5.8283e-10 TSX
20120723 20160120 2.9293e-05 8.1541e-10 TSX
20121024 20130109 4.8031e-05 8.4382e-10 TSX
20121027 20151226 5.8134e-06 5.9992e-10 TSX
20121030 20130311 6.6774e-05 7.9887e-10 TSX
20121107 20171118 -7.0777e-06 6.9232e-10 TSX
20121221 20160208 4.6179e-06 6.1088e-10 TSX
20121224 20130516 -7.178e-05 7.9466e-10 TSX
20121229 20130407 2.6254e-05 8.3468e-10 TSX
20130104 20130217 4.539e-05 8.5195e-10 TSX
20130109 20130715 0.00014164 8.2051e-10 TSX
20130112 20140511 -4.0586e-05 5.3178e-10 TSX
20130115 20130721 -8.9323e-05 7.6796e-10 TSX
20130126 20130823 -6.7601e-05 7.5246e-10 TSX
20130131 20130429 -4.6573e-06 8.39e-10 TSX
20130203 20130729 8.58e-06 6.7956e-10 TSX
20130211 20130919 2.0327e-05 7.887e-10 TSX
20130228 20141209 4.5841e-05 6.7943e-10 TSX
20130311 20130801 -5.4462e-05 7.9389e-10 TSX
20130316 20130623 5.5801e-06 8.3468e-10 TSX
20130402 20150122 0.00010594 7.6512e-10 TSX
20130407 20140530 5.0015e-05 7.5149e-10 TSX
20130421 20171016 -1.0627e-05 5.0256e-10 TSX
20130424 20130721 -0.00019948 8.2567e-10 TSX
20130429 20130623 -7.7722e-05 8.5296e-10 TSX
20130505 20131028 -0.00045295 7.9948e-10 TSX
20130513 20151112 -3.5298e-07 5.4884e-10 TSX
20130516 20131017 -0.00020831 7.9425e-10 TSX
20130521 20130715 0.00022681 8.5293e-10 TSX
20130524 20171129 6.7875e-06 5.1945e-10 TSX
20130527 20140627 2.4381e-05 7.1887e-10 TSX
20130601 20130930 0.00012312 8.2601e-10 TSX
20130604 20141217 1.3177e-05 5.1145e-10 TSX
20130607 20140719 1.6038e-05 7.1759e-10 TSX
20130612 20150105 2.3273e-05 7.3502e-10 TSX
20130615 20160106 -6.2604e-06 5.6235e-10 TSX
20130618 20140708 -1.7927e-05 7.2177e-10 TSX
20130623 20130715 0.00065684 8.9709e-10 TSX
20130629 20130914 0.0001606 8.3667e-10 TSX
20130707 20150130 -4.7778e-05 4.9469e-10 TSX
20130710 20140901 9.1734e-06 7.164e-10 TSX
20130715 20130726 -0.0024386 1.0329e-09 TSX
20130721 20131108 0.00059717 8.4689e-10 TSX
20130726 20150517 5.2861e-05 7.6254e-10 TSX
20130729 20160904 -8.8469e-06 5.0331e-10 TSX
20130801 20151115 2.6146e-05 6.8772e-10 TSX
20130817 20140209 -1.9031e-05 8.0463e-10 TSX
20130828 20150312 3.1932e-05 7.3421e-10 TSX
20130903 20150329 -6.7205e-05 8.4518e-10 TSX
20130919 20160309 2.4463e-05 7.6541e-10 TSX
20130925 20140708 1.9235e-05 7.8476e-10 TSX
20130930 20160411 -7.7414e-06 7.7827e-10 TSX
20131011 20150802 2.9902e-05 7.4919e-10 TSX
20131017 20140719 9.9406e-05 7.6143e-10 TSX
20131028 20160304 -3.5807e-06 8.3936e-10 TSX
20131102 20140519 1.3207e-05 7.9668e-10 TSX
20131108 20140708 0.00018559 7.5227e-10 TSX
20140209 20160309 3.0533e-05 7.5842e-10 TSX
20140223 20140829 2.549e-05 6.6854e-10 TSX
20140408 20140705 -1.2737e-05 7.8203e-10 TSX
20140419 20170913 8.0439e-06 5.1369e-10 TSX
20140511 20141228 4.8688e-05 6.2855e-10 TSX
20140519 20150824 1.9641e-05 7.5034e-10 TSX
20140624 20171005 1.0985e-05 5.3567e-10 TSX
20140627 20151115 -3.9876e-05 7.1046e-10 TSX
20140705 20180911 1.9906e-05 4.8158e-10 TSX
20140708 20160406 5.4711e-05 7.6644e-10 TSX
20140716 20171005 -8.0043e-06 5.6046e-10 TSX
20140719 20151207 -1.2039e-05 7.4277e-10 TSX
20140727 20150326 -9.1109e-05 6.1989e-10 TSX
20140810 20150122 8.7329e-05 7.9164e-10 TSX
20140818 20160301 -2.3998e-05 4.873e-10 TSX
20140829 20160208 -1.4625e-05 5.1053e-10 TSX
20140901 20140912 -0.00028627 9.8855e-10 TSX
20140912 20141209 3.7184e-06 8.2493e-10 TSX
20140920 20170902 -4.4263e-06 5.4488e-10 TSX
20141209 20160211 -3.1556e-05 7.2972e-10 TSX
20141217 20160722 8.0258e-07 6.164e-10 TSX
20141228 20160106 -1.6188e-05 5.3913e-10 TSX
20141231 20151024 -1.9103e-06 7.3195e-10 TSX
20150105 20150824 1.7785e-06 8.1114e-10 TSX
20150108 20170811 1.6283e-05 5.5849e-10 TSX
20150119 20160117 6.1458e-05 5.6008e-10 TSX
20150127 20160411 2.3569e-05 7.7503e-10 TSX
20150130 20151112 6.7148e-05 6.0157e-10 TSX
20150210 20170114 -2.2515e-05 4.9044e-10 TSX
20150213 20160326 8.1617e-05 8.252e-10 TSX
20150218 20160216 1.5686e-05 7.6085e-10 TSX
20150221 20180112 -8.5321e-06 4.7614e-10 TSX
20150304 20180911 -1.5502e-05 5.7772e-10 TSX
20150307 20160211 -2.6226e-05 7.6199e-10 TSX
20150312 20160320 -3.9351e-06 7.9937e-10 TSX
20150326 20150827 8.0623e-05 6.9883e-10 TSX
20150329 20151207 -2.8533e-05 7.6151e-10 TSX
20150428 20160425 3.7928e-05 5.5952e-10 TSX
20150509 20150827 4.9727e-05 7.6726e-10 TSX
20150517 20150824 -8.597e-05 8.3701e-10 TSX
20150520 20180911 -4.3719e-06 5.4093e-10 TSX
20150714 20170822 -7.6622e-06 4.873e-10 TSX
20150725 20170924 -1.1624e-05 4.992e-10 TSX
20150802 20160309 -2.9721e-05 7.9051e-10 TSX
20150805 20160403 0.0001199 6.2243e-10 TSX
20150816 20171107 -1.8922e-05 4.937e-10 TSX
20150824 20150915 0.00067155 8.97e-10 TSX
20150827 20170902 1.1479e-05 4.3976e-10 TSX
20150915 20160216 -5.493e-05 8.131e-10 TSX
20151021 20160904 -1.4664e-05 5.6553e-10 TSX
20151101 20171016 -1.8295e-05 4.3632e-10 TSX
20151112 20160425 -1.4235e-05 6.9905e-10 TSX
20151115 20151229 0.00014494 8.5195e-10 TSX
20151123 20171221 -2.7067e-05 5.1857e-10 TSX
20151204 20151215 0.00015259 9.9674e-10 TSX
20151207 20160406 -5.5953e-05 8.0533e-10 TSX
20151215 20170822 -2.9179e-05 4.6784e-10 TSX
20151226 20161223 1.1018e-05 5.5678e-10 TSX
20151229 20160211 3.3111e-06 8.5195e-10 TSX
20160106 20161223 -1.3411e-05 5.564e-10 TSX
20160117 20160926 8.5776e-06 6.1422e-10 TSX
20160128 20160301 -0.00017943 8.5455e-10 TSX
20160208 20160312 -7.5871e-05 8.5455e-10 TSX
20160216 20160309 -0.00038508 8.97e-10 TSX
20160219 20180319 -5.2485e-06 4.5247e-10 TSX
20160301 20161201 8.6759e-05 5.9652e-10 TSX
20160304 20160326 4.3147e-05 8.8405e-10 TSX
20160312 20180319 8.8498e-07 4.5978e-10 TSX
20160320 20160411 0.00039265 8.9701e-10 TSX
20160323 20171118 2.4265e-05 4.7612e-10 TSX
20160326 20160406 -0.00051612 9.8846e-10 TSX
20160403 20171027 4.1085e-05 5.4606e-10 TSX
20160425 20170811 2.9014e-05 5.144e-10 TSX
20160528 20160630 1.6604e-06 8.5455e-10 TSX
20160630 20171118 2.1691e-05 4.9894e-10 TSX
20160722 20161201 6.0228e-05 7.2918e-10 TSX
20160904 20180707 -3.5008e-05 4.8107e-10 TSX
20160915 20180911 -2.9925e-05 4.4914e-10 TSX
20160926 20170114 -5.6331e-06 7.5345e-10 TSX
20161201 20171027 2.7482e-05 5.6441e-10 TSX
20161223 20171107 3.5614e-05 5.7118e-10 TSX
20170114 20170902 5.056e-05 6.2446e-10 TSX
20170811 20171005 -6.1463e-05 8.2425e-10 TSX
20170822 20180707 -6.4638e-05 5.7164e-10 TSX
20170913 20180707 -1.6284e-05 5.8428e-10 TSX
20170924 20180319 -0.00010459 6.8001e-10 TSX
20171005 20171107 5.7935e-05 8.5455e-10 TSX
20171016 20180319 -6.3721e-05 7.0427e-10 TSX
20171027 20180911 -2.1913e-05 5.7179e-10 TSX
20171107 20171118 7.7311e-05 9.9674e-10 TSX
20171118 20171129 4.5395e-05 9.9674e-10 TSX
20171129 20171221 -3.1594e-05 8.8192e-10 TSX
20171210 20180820 -0.00011336 6.1196e-10 TSX
20171221 20180911 1.5513e-05 6.0385e-10 TSX
20180112 20181003 0.00010217 6.0374e-10 TSX
20180319 20180707 -0.00010289 7.5376e-10 TSX
20180707 20180911 0.00018481 8.1039e-10 TSX
20180729 20181003 4.4575e-05 8.1039e-10 TSX
20180820 20181003 0.00016875 8.3833e-10 TSX
20180911 20181003 -0.00014288 8.8192e-10 TSX
