20030427 20030914 0.00018679 5.6545e-10 ERS2
20030914 20080629 -4.4173e-05 2.8609e-10 ERS2
20050918 20090510 4.039e-05 3.0312e-10 ERS2
20051127 20081116 0.00016986 3.2337e-10 ERS2
20060903 20090510 -0.00015611 3.1064e-10 ERS2
20061231 20090105 0.00016301 3.292e-10 ALOS
20070402 20070703 -4.8195e-05 6.6625e-10 ALOS
20070518 20091008 0.00020372 2.9998e-10 ALOS
20070818 20071003 -0.00016235 7.7497e-10 ALOS
20071217 20100509 0.00016876 3.0594e-10 ALOS
20080103 20100526 3.3398e-05 3.1369e-10 ALOS
20080404 20080520 3.3135e-05 7.751e-10 ALOS
20080618 20090921 0.00011855 3.7238e-10 ALOS
20080629 20090510 -0.00033428 4.1247e-10 ERS2
20080705 20091008 0.00017511 3.7285e-10 ALOS
20080803 20090823 -2.1778e-05 3.8311e-10 ERS2
20081116 20090823 9.7523e-05 4.3199e-10 ERS2
20081219 20090921 0.00048036 4.4698e-10 ALOS
20090105 20090708 0.00012304 5.3037e-10 ALOS
20090510 20091101 0.00083949 5.204e-10 ERS2
20090708 20091008 0.00088073 6.6602e-10 ALOS
20090823 20091101 -0.00016723 6.9851e-10 ERS2
20091222 20100624 0.00055331 5.2787e-10 ALOS
20100108 20100223 0.00053814 7.7539e-10 ALOS
20100223 20100526 -0.00010641 6.6928e-10 ALOS
20100410 20100711 -1.9149e-05 6.6685e-10 ALOS
20100509 20100624 0.00058883 7.7301e-10 ALOS
20100526 20100711 0.00050793 7.7498e-10 ALOS
20100624 20101109 0.00019022 5.8397e-10 ALOS
20100711 20101011 0.00030835 6.6645e-10 ALOS
20100809 20101109 7.947e-05 6.6352e-10 ALOS
20101011 20101126 0.00015649 7.7499e-10 ALOS
20110111 20110226 0.00075424 7.7497e-10 ALOS
20110924 20130715 0.00018072 3.2812e-10 TSX
20111005 20121229 1.8596e-05 3.791e-10 TSX
20111121 20171221 1.6893e-05 3.1832e-10 TSX
20111221 20130131 0.0001128 3.8538e-10 TSX
20111224 20121027 2.6422e-05 4.1925e-10 TSX
20120126 20140419 -0.00012484 3.0506e-10 TSX
20120203 20160320 -2.2397e-06 2.9903e-10 TSX
20120206 20171107 1.0401e-05 3.4533e-10 TSX
20120617 20171129 -1.7856e-05 3.241e-10 TSX
20120723 20160120 6.3506e-05 3.3283e-10 TSX
20121024 20130109 5.2173e-06 7.0186e-10 TSX
20121027 20151226 -3.8669e-05 3.2885e-10 TSX
20121030 20130311 1.6642e-05 5.8463e-10 TSX
20121107 20171118 -4.3633e-05 3.1849e-10 TSX
20121221 20160208 -2.0134e-05 3.4341e-10 TSX
20121224 20130516 7.8212e-06 5.6856e-10 TSX
20121229 20130407 0.00019045 6.5611e-10 TSX
20130104 20130217 0.00015356 7.7302e-10 TSX
20130109 20130715 0.00017546 5.349e-10 TSX
20130112 20140511 -8.1205e-05 3.5608e-10 TSX
20130115 20130721 -6.3319e-05 5.1619e-10 TSX
20130126 20130823 5.6114e-05 5.0444e-10 TSX
20130131 20130429 -0.00010963 6.7794e-10 TSX
20130203 20130729 0.00015013 5.2313e-10 TSX
20130211 20130919 0.00014304 4.9614e-10 TSX
20130228 20141209 0.0001608 3.3273e-10 TSX
20130311 20130801 0.00017636 5.6886e-10 TSX
20130316 20130623 0.0001168 6.5607e-10 TSX
20130402 20150122 0.00016831 3.9856e-10 TSX
20130407 20140530 6.3661e-06 3.8182e-10 TSX
20130421 20171016 -6.3368e-05 3.6803e-10 TSX
20130424 20130721 -0.00014373 6.6402e-10 TSX
20130429 20130623 9.1023e-05 7.5396e-10 TSX
20130505 20131028 -0.00017307 5.4652e-10 TSX
20130513 20151112 -6.046e-05 3.3796e-10 TSX
20130516 20131017 1.0928e-05 5.8425e-10 TSX
20130521 20130715 0.00027552 7.5399e-10 TSX
20130524 20171129 2.2993e-05 3.3493e-10 TSX
20130527 20140627 3.8805e-05 3.8387e-10 TSX
20130601 20130930 0.00026495 6.1696e-10 TSX
20130604 20141217 -1.1978e-05 3.4175e-10 TSX
20130607 20140719 0.00011887 3.818e-10 TSX
20130612 20150105 7.5624e-05 3.447e-10 TSX
20130615 20160106 9.5366e-05 3.0843e-10 TSX
20130618 20140708 6.9528e-05 3.8783e-10 TSX
20130623 20130715 0.00063682 8.6104e-10 TSX
20130629 20130914 0.00035562 6.9148e-10 TSX
20130707 20150130 -5.2441e-05 3.3832e-10 TSX
20130710 20140901 9.3374e-05 3.7783e-10 TSX
20130715 20130726 -0.0024518 1.0099e-09 TSX
20130721 20131108 0.00083884 6.385e-10 TSX
20130726 20150517 0.0001849 3.3737e-10 TSX
20130729 20160904 3.2266e-05 2.9858e-10 TSX
20130801 20151115 0.00012943 3.3672e-10 TSX
20130817 20140209 5.7272e-05 5.4096e-10 TSX
20130828 20150312 5.0493e-05 3.4268e-10 TSX
20130903 20150329 0.00014908 3.579e-10 TSX
20130919 20160309 4.9123e-05 3.5447e-10 TSX
20130925 20140708 0.00010638 4.3475e-10 TSX
20130930 20160411 0.00015542 3.0486e-10 TSX
20131011 20150802 9.4353e-05 3.5225e-10 TSX
20131017 20140719 1.6936e-05 4.3925e-10 TSX
20131028 20160304 -3.2974e-05 3.1099e-10 TSX
20131102 20140519 -0.00025075 5.1711e-10 TSX
20131108 20140708 9.0971e-05 4.6777e-10 TSX
20140209 20160309 4.1692e-05 3.4591e-10 TSX
20140223 20140829 6.6071e-05 5.1111e-10 TSX
20140408 20140705 9.2977e-05 6.6125e-10 TSX
20140419 20170913 9.1982e-05 3.6335e-10 TSX
20140511 20141228 0.00014945 4.7005e-10 TSX
20140519 20150824 0.00021244 3.748e-10 TSX
20140624 20171005 -8.4741e-05 3.8399e-10 TSX
20140627 20151115 0.00018686 3.5065e-10 TSX
20140705 20180911 -7.8365e-06 3.4927e-10 TSX
20140708 20160406 0.00011114 3.5314e-10 TSX
20140716 20171005 1.6509e-05 3.6411e-10 TSX
20140719 20151207 0.0001284 3.6816e-10 TSX
20140727 20150326 -1.2316e-05 4.6165e-10 TSX
20140810 20150122 9.5769e-05 5.3925e-10 TSX
20140818 20160301 2.9397e-06 3.4942e-10 TSX
20140829 20160208 3.2439e-05 3.4816e-10 TSX
20140901 20140912 -0.00032353 9.6693e-10 TSX
20140912 20141209 0.00014847 6.6403e-10 TSX
20140920 20170902 9.7224e-05 3.3398e-10 TSX
20141209 20160211 0.0001395 4.0532e-10 TSX
20141217 20160722 -1.0313e-05 3.4734e-10 TSX
20141228 20160106 4.4792e-05 4.0197e-10 TSX
20141231 20151024 0.00021552 4.3571e-10 TSX
20150105 20150824 9.5285e-05 4.9556e-10 TSX
20150108 20170811 9.6727e-05 3.2455e-10 TSX
20150119 20160117 4.3297e-05 3.9894e-10 TSX
20150127 20160411 0.0001575 4.1031e-10 TSX
20150130 20151112 0.00010271 4.3601e-10 TSX
20150210 20170114 -2.8003e-06 3.5035e-10 TSX
20150213 20160326 0.00016103 5.0167e-10 TSX
20150218 20160216 0.00017638 4.2793e-10 TSX
20150221 20180112 8.1102e-05 3.3094e-10 TSX
20150304 20180911 -8.7483e-05 3.482e-10 TSX
20150307 20160211 0.00016447 4.1044e-10 TSX
20150312 20160320 8.2611e-05 4.1223e-10 TSX
20150326 20150827 0.00018551 5.5448e-10 TSX
20150329 20151207 0.00022767 4.6226e-10 TSX
20150428 20160425 8.9415e-05 4.1343e-10 TSX
20150509 20150827 0.00018241 6.211e-10 TSX
20150517 20150824 0.0001292 6.5711e-10 TSX
20150520 20180911 7.0827e-05 3.3123e-10 TSX
20150714 20170822 1.1181e-06 3.1108e-10 TSX
20150725 20170924 2.4194e-05 3.0442e-10 TSX
20150802 20160309 0.00011292 4.9584e-10 TSX
20150805 20160403 -4.4753e-06 4.6248e-10 TSX
20150816 20171107 -2.4484e-05 3.0402e-10 TSX
20150824 20150915 0.00075494 8.6093e-10 TSX
20150827 20170902 4.5839e-06 3.1133e-10 TSX
20150915 20160216 -6.3039e-05 5.6823e-10 TSX
20151021 20160904 2.1479e-05 4.1432e-10 TSX
20151101 20171016 -5.3928e-06 3.0983e-10 TSX
20151112 20160425 -8.3079e-06 5.3655e-10 TSX
20151115 20151229 0.00018789 7.7302e-10 TSX
20151123 20171221 -7.8066e-07 3.1162e-10 TSX
20151204 20151215 0.00018656 9.7699e-10 TSX
20151207 20160406 -8.8049e-05 6.0212e-10 TSX
20151215 20170822 -4.648e-06 3.234e-10 TSX
20151226 20161223 3.9853e-05 3.9478e-10 TSX
20151229 20160211 4.308e-05 7.7301e-10 TSX
20160106 20161223 7.02e-05 3.9943e-10 TSX
20160117 20160926 0.00011678 4.5368e-10 TSX
20160128 20160301 -0.00024689 8.0602e-10 TSX
20160208 20160312 -5.8782e-05 8.0602e-10 TSX
20160216 20160309 -0.00041139 8.6093e-10 TSX
20160219 20180319 -9.2801e-05 3.1234e-10 TSX
20160301 20161201 0.00010973 4.3928e-10 TSX
20160304 20160326 2.8642e-05 8.4803e-10 TSX
20160312 20180319 -7.6547e-05 3.116e-10 TSX
20160320 20160411 0.00047388 8.6094e-10 TSX
20160323 20171118 8.7082e-06 3.2359e-10 TSX
20160326 20160406 -0.00048918 9.6686e-10 TSX
20160403 20171027 1.2043e-05 3.326e-10 TSX
20160425 20170811 1.6244e-05 3.5604e-10 TSX
20160528 20160630 6.9934e-05 8.0602e-10 TSX
20160630 20171118 -1.7567e-05 3.4583e-10 TSX
20160722 20161201 0.00015529 5.8131e-10 TSX
20160904 20180707 -0.00010929 3.2582e-10 TSX
20160915 20180911 -9.4763e-05 3.091e-10 TSX
20160926 20170114 -2.8551e-05 6.1795e-10 TSX
20161201 20171027 7.8874e-06 4.0917e-10 TSX
20161223 20171107 -5.9316e-06 4.1083e-10 TSX
20170114 20170902 3.3494e-05 4.6945e-10 TSX
20170811 20171005 -4.6657e-05 7.4112e-10 TSX
20170822 20180707 -0.00016702 4.143e-10 TSX
20170913 20180707 -0.00024892 4.2737e-10 TSX
20170924 20180319 -0.00026443 5.2392e-10 TSX
20171005 20171107 5.6043e-05 8.0602e-10 TSX
20171016 20180319 -0.00027747 5.5038e-10 TSX
20171027 20180911 -7.928e-05 4.1375e-10 TSX
20171107 20171118 6.6708e-05 9.7699e-10 TSX
20171118 20171129 4.0651e-05 9.7699e-10 TSX
20171129 20171221 6.0259e-06 8.4996e-10 TSX
20171210 20180820 -8.5754e-05 4.5361e-10 TSX
20171221 20180911 -2.8061e-05 4.4549e-10 TSX
20180112 20181003 -6.2545e-05 4.454e-10 TSX
20180319 20180707 1.9819e-06 6.1796e-10 TSX
20180707 20180911 0.00042155 7.1237e-10 TSX
20180729 20181003 0.00016796 7.1234e-10 TSX
20180820 20181003 0.00021674 7.72e-10 TSX
20180911 20181003 -0.00015645 8.4996e-10 TSX
