20030427 20030914 -0.0003109 6.5292e-10 ERS2
20030914 20080629 -1.0635e-05 3.748e-10 ERS2
20050918 20090510 0.00010939 4.1238e-10 ERS2
20051127 20081116 0.00018529 4.3009e-10 ERS2
20060903 20090510 -5.4617e-05 4.2806e-10 ERS2
20061231 20090105 -5.7709e-05 4.3155e-10 ALOS
20070402 20070703 -0.00021053 7.4172e-10 ALOS
20070518 20091008 -6.0218e-05 4.155e-10 ALOS
20070818 20071003 -0.00039908 8.165e-10 ALOS
20071217 20100509 -0.00020012 4.164e-10 ALOS
20080103 20100526 9.1242e-05 4.5864e-10 ALOS
20080404 20080520 2.0276e-05 8.166e-10 ALOS
20080618 20090921 -7.4174e-05 4.9003e-10 ALOS
20080629 20090510 -0.00032741 5.2095e-10 ERS2
20080705 20091008 0.00013253 4.7945e-10 ALOS
20080803 20090823 8.0761e-05 4.9013e-10 ERS2
20081116 20090823 6.9386e-05 5.363e-10 ERS2
20081219 20090921 0.00035021 5.5168e-10 ALOS
20090105 20090708 0.00016062 6.3606e-10 ALOS
20090510 20091101 0.00017721 6.1498e-10 ERS2
20090708 20091008 0.00063055 7.4011e-10 ALOS
20090823 20091101 -0.0002317 7.6157e-10 ERS2
20091222 20100624 -0.0001274 6.2054e-10 ALOS
20100108 20100223 0.00027062 8.1861e-10 ALOS
20100223 20100526 0.00035116 7.4938e-10 ALOS
20100410 20100711 -8.5276e-05 7.4077e-10 ALOS
20100509 20100624 0.00055002 8.1479e-10 ALOS
20100526 20100711 0.00033848 8.165e-10 ALOS
20100624 20101109 0.00014389 6.7696e-10 ALOS
20100711 20101011 0.00022753 7.4076e-10 ALOS
20100809 20101109 -9.8283e-05 7.3799e-10 ALOS
20101011 20101126 9.6736e-05 8.1653e-10 ALOS
20110111 20110226 0.00061971 8.165e-10 ALOS
20110924 20130715 9.9503e-05 4.4311e-10 TSX
20111005 20121229 -4.4151e-06 4.8066e-10 TSX
20111121 20171221 9.1351e-05 4.8583e-10 TSX
20111221 20130131 2.7472e-05 4.978e-10 TSX
20111224 20121027 4.7263e-05 5.2534e-10 TSX
20120126 20140419 3.7935e-06 4.3089e-10 TSX
20120203 20160320 5.8857e-05 4.0139e-10 TSX
20120206 20171107 6.5747e-05 5.3377e-10 TSX
20120617 20171129 6.7694e-05 4.4427e-10 TSX
20120723 20160120 9.7624e-05 5.0217e-10 TSX
20121024 20130109 0.00010634 7.6734e-10 TSX
20121027 20151226 7.0615e-05 4.0347e-10 TSX
20121030 20130311 2.7353e-06 6.7424e-10 TSX
20121107 20171118 9.5914e-05 4.7421e-10 TSX
20121221 20160208 6.0774e-05 4.3172e-10 TSX
20121224 20130516 5.9239e-06 6.6132e-10 TSX
20121229 20130407 8.0602e-06 7.3331e-10 TSX
20130104 20130217 -2.26e-05 8.1363e-10 TSX
20130109 20130715 0.00012849 6.3187e-10 TSX
20130112 20140511 3.1122e-05 4.6507e-10 TSX
20130115 20130721 -8.8181e-05 6.1009e-10 TSX
20130126 20130823 -8.7151e-05 5.8973e-10 TSX
20130131 20130429 -4.5169e-06 7.4984e-10 TSX
20130203 20130729 -1.2761e-05 6.2086e-10 TSX
20130211 20130919 8.9829e-05 5.9993e-10 TSX
20130228 20141209 8.9207e-05 4.238e-10 TSX
20130311 20130801 6.591e-06 6.6063e-10 TSX
20130316 20130623 2.4844e-05 7.3326e-10 TSX
20130402 20150122 6.8449e-05 3.8376e-10 TSX
20130407 20140530 -6.0911e-06 4.9223e-10 TSX
20130421 20171016 7.177e-05 4.7267e-10 TSX
20130424 20130721 -0.00013906 7.3648e-10 TSX
20130429 20130623 -6.2698e-05 8.0303e-10 TSX
20130505 20131028 -0.00042576 6.1545e-10 TSX
20130513 20151112 6.9861e-05 4.1483e-10 TSX
20130516 20131017 -0.00014212 6.4158e-10 TSX
20130521 20130715 0.00033764 8.0305e-10 TSX
20130524 20171129 0.00011295 4.2866e-10 TSX
20130527 20140627 6.828e-05 4.9569e-10 TSX
20130601 20130930 0.00043007 7.0232e-10 TSX
20130604 20141217 6.3683e-05 4.5478e-10 TSX
20130607 20140719 8.7548e-05 4.9246e-10 TSX
20130612 20150105 3.2636e-05 4.4915e-10 TSX
20130615 20160106 6.1689e-05 4.7308e-10 TSX
20130618 20140708 6.8299e-05 4.979e-10 TSX
20130623 20130715 0.0007022 8.8118e-10 TSX
20130629 20130914 0.00038019 7.5431e-10 TSX
20130707 20150130 4.8819e-05 4.532e-10 TSX
20130710 20140901 8.3171e-05 4.88e-10 TSX
20130715 20130726 -0.0024636 1.0233e-09 TSX
20130721 20131108 0.00066514 7.0196e-10 TSX
20130726 20150517 3.0668e-05 4.3875e-10 TSX
20130729 20160904 2.6779e-05 3.9361e-10 TSX
20130801 20151115 7.4073e-05 4.0891e-10 TSX
20130817 20140209 -4.8774e-05 6.4007e-10 TSX
20130828 20150312 3.1261e-05 4.5449e-10 TSX
20130903 20150329 -9.771e-05 4.0731e-10 TSX
20130919 20160309 2.8989e-05 4.2399e-10 TSX
20130925 20140708 -1.6712e-05 5.3154e-10 TSX
20130930 20160411 -2.8013e-05 3.8712e-10 TSX
20131011 20150802 3.2613e-05 4.3604e-10 TSX
20131017 20140719 -1.4829e-05 5.3936e-10 TSX
20131028 20160304 7.5331e-05 4.0055e-10 TSX
20131102 20140519 -5.1408e-05 6.1945e-10 TSX
20131108 20140708 -6.7542e-06 5.5936e-10 TSX
20140209 20160309 6.8129e-05 4.1218e-10 TSX
20140223 20140829 9.741e-05 6.1056e-10 TSX
20140408 20140705 -3.8696e-05 7.3529e-10 TSX
20140419 20170913 0.0001184 4.87e-10 TSX
20140511 20141228 3.6922e-05 5.7267e-10 TSX
20140519 20150824 3.0571e-05 4.7598e-10 TSX
20140624 20171005 8.5958e-05 3.8262e-10 TSX
20140627 20151115 1.9663e-05 4.415e-10 TSX
20140705 20180911 7.9148e-05 3.9588e-10 TSX
20140708 20160406 9.2151e-05 4.1824e-10 TSX
20140716 20171005 9.3657e-05 4.2488e-10 TSX
20140719 20151207 8.0157e-05 4.4532e-10 TSX
20140727 20150326 3.0146e-06 5.6504e-10 TSX
20140810 20150122 3.7338e-05 6.3123e-10 TSX
20140818 20160301 4.6855e-05 4.2964e-10 TSX
20140829 20160208 5.6817e-05 4.3807e-10 TSX
20140901 20140912 -0.00029106 9.7957e-10 TSX
20140912 20141209 -1.5275e-05 7.3656e-10 TSX
20140920 20170902 0.00011858 3.8205e-10 TSX
20141209 20160211 -9.2451e-06 4.6756e-10 TSX
20141217 20160722 7.4e-05 4.2568e-10 TSX
20141228 20160106 7.7354e-05 4.8327e-10 TSX
20141231 20151024 0.00010705 5.2745e-10 TSX
20150105 20150824 -6.217e-07 5.9038e-10 TSX
20150108 20170811 8.1155e-05 4.0323e-10 TSX
20150119 20160117 0.00012478 4.8857e-10 TSX
20150127 20160411 4.0478e-05 4.8391e-10 TSX
20150130 20151112 6.8058e-05 5.2931e-10 TSX
20150210 20170114 8.1604e-05 4.3634e-10 TSX
20150213 20160326 4.0418e-05 4.7716e-10 TSX
20150218 20160216 3.0399e-05 5.1298e-10 TSX
20150221 20180112 7.3545e-05 4.4366e-10 TSX
20150304 20180911 0.00011383 4.4665e-10 TSX
20150307 20160211 3.78e-05 5.0426e-10 TSX
20150312 20160320 -9.5698e-06 5.0696e-10 TSX
20150326 20150827 0.00011855 6.4154e-10 TSX
20150329 20151207 6.7239e-05 5.5608e-10 TSX
20150428 20160425 6.4487e-05 4.951e-10 TSX
20150509 20150827 9.2776e-05 7.004e-10 TSX
20150517 20150824 4.5899e-05 7.3325e-10 TSX
20150520 20180911 4.0814e-05 4.0098e-10 TSX
20150714 20170822 7.117e-05 4.557e-10 TSX
20150725 20170924 8.0681e-05 4.3241e-10 TSX
20150802 20160309 -5.3263e-05 6.002e-10 TSX
20150805 20160403 -5.9486e-05 5.7228e-10 TSX
20150816 20171107 8.7062e-05 4.0913e-10 TSX
20150824 20150915 0.0006952 8.8106e-10 TSX
20150827 20170902 8.5399e-05 4.3237e-10 TSX
20150915 20160216 -0.0001052 6.6238e-10 TSX
20151021 20160904 -5.0841e-05 5.17e-10 TSX
20151101 20171016 4.5289e-05 4.066e-10 TSX
20151112 20160425 -2.1184e-05 6.3541e-10 TSX
20151115 20151229 0.00017471 8.1364e-10 TSX
20151123 20171221 3.9941e-05 5.3577e-10 TSX
20151204 20151215 0.00016503 9.8954e-10 TSX
20151207 20160406 -0.00012353 6.8765e-10 TSX
20151215 20170822 4.0571e-05 4.9927e-10 TSX
20151226 20161223 5.2005e-05 5.0118e-10 TSX
20151229 20160211 1.3523e-05 8.1364e-10 TSX
20160106 20161223 2.4456e-05 5.0501e-10 TSX
20160117 20160926 2.2395e-05 5.5597e-10 TSX
20160128 20160301 -0.00015969 8.3671e-10 TSX
20160208 20160312 -7.6712e-05 8.3671e-10 TSX
20160216 20160309 -0.00039024 8.8106e-10 TSX
20160219 20180319 2.0773e-05 4.2529e-10 TSX
20160301 20161201 7.5093e-05 5.4727e-10 TSX
20160304 20160326 2.5138e-05 8.6811e-10 TSX
20160312 20180319 5.5987e-05 4.7784e-10 TSX
20160320 20160411 0.00039442 8.8106e-10 TSX
20160323 20171118 5.376e-05 4.9964e-10 TSX
20160326 20160406 -0.00050113 9.7949e-10 TSX
20160403 20171027 8.8527e-05 4.7267e-10 TSX
20160425 20170811 7.8395e-05 5.304e-10 TSX
20160528 20160630 5.4083e-05 8.3671e-10 TSX
20160630 20171118 5.9827e-05 4.4704e-10 TSX
20160722 20161201 9.0609e-05 6.7211e-10 TSX
20160904 20180707 6.9026e-05 4.3505e-10 TSX
20160915 20180911 7.5363e-06 4.3177e-10 TSX
20160926 20170114 -2.1979e-05 7.0108e-10 TSX
20161201 20171027 9.172e-06 5.3543e-10 TSX
20161223 20171107 4.1883e-05 5.3987e-10 TSX
20170114 20170902 3.6202e-05 5.8611e-10 TSX
20170811 20171005 -6.1486e-05 7.9279e-10 TSX
20170822 20180707 -8.0834e-05 5.1948e-10 TSX
20170913 20180707 -0.00010989 5.3048e-10 TSX
20170924 20180319 -8.5421e-05 6.2166e-10 TSX
20171005 20171107 4.1712e-05 8.3671e-10 TSX
20171016 20180319 -7.2183e-05 6.4556e-10 TSX
20171027 20180911 -6.872e-05 5.1999e-10 TSX
20171107 20171118 7.7233e-05 9.8955e-10 TSX
20171118 20171129 5.8894e-05 9.8954e-10 TSX
20171129 20171221 -1.6485e-06 8.7029e-10 TSX
20171210 20180820 -9.5549e-05 5.5721e-10 TSX
20171221 20180911 -0.00014565 5.502e-10 TSX
20180112 20181003 2.6415e-05 5.4998e-10 TSX
20180319 20180707 -7.8854e-05 7.0118e-10 TSX
20180707 20180911 0.00017756 7.7288e-10 TSX
20180729 20181003 0.00010195 7.7288e-10 TSX
20180820 20181003 0.00019866 8.136e-10 TSX
20180911 20181003 -0.00016493 8.7029e-10 TSX
