20030427 20030914 0.00051666 5.6755e-10 ERS2
20030914 20080629 -4.9566e-06 2.7921e-10 ERS2
20050918 20090510 4.3237e-05 3.0124e-10 ERS2
20051127 20081116 -0.00013342 3.0578e-10 ERS2
20060903 20090510 -8.768e-05 3.1071e-10 ERS2
20061231 20090105 -7.8137e-05 3.2977e-10 ALOS
20070402 20070703 -8.4171e-05 6.6669e-10 ALOS
20070518 20091008 -0.00018318 3.1669e-10 ALOS
20070818 20071003 -0.0001927 7.7515e-10 ALOS
20071217 20100509 -1.8913e-05 3e-10 ALOS
20080103 20100526 3.9183e-05 3.0729e-10 ALOS
20080404 20080520 -6.8263e-06 7.7537e-10 ALOS
20080618 20090921 -6.6407e-05 3.7292e-10 ALOS
20080629 20090510 8.5752e-05 4.1315e-10 ERS2
20080705 20091008 6.5287e-05 3.655e-10 ALOS
20080803 20090823 2.1978e-05 3.8352e-10 ERS2
20081116 20090823 -2.1982e-05 4.3206e-10 ERS2
20081219 20090921 7.2582e-05 4.4613e-10 ALOS
20090105 20090708 -0.00018585 5.3161e-10 ALOS
20090510 20091101 -3.2979e-05 5.2029e-10 ERS2
20090708 20091008 0.00011958 6.6691e-10 ALOS
20090823 20091101 -0.00079235 6.9848e-10 ERS2
20091222 20100624 2.6259e-06 5.2801e-10 ALOS
20100108 20100223 -0.00033947 7.7608e-10 ALOS
20100223 20100526 -4.8535e-05 6.6813e-10 ALOS
20100410 20100711 -0.00014598 6.6677e-10 ALOS
20100509 20100624 0.00058307 7.7316e-10 ALOS
20100526 20100711 0.00042631 7.7517e-10 ALOS
20100624 20101109 -0.00019027 5.8399e-10 ALOS
20100711 20101011 -0.00029852 6.6632e-10 ALOS
20100809 20101109 -6.6467e-05 6.6355e-10 ALOS
20101011 20101126 0.00029654 7.7519e-10 ALOS
20110111 20110226 0.00045406 7.7514e-10 ALOS
20110924 20130715 -3.0289e-05 3.2357e-10 TSX
20111005 20121229 -2.8543e-05 3.6893e-10 TSX
20111121 20171221 -2.2943e-05 2.4952e-10 TSX
20111221 20130131 -2.9871e-05 3.8566e-10 TSX
20111224 20121027 2.9288e-05 4.1952e-10 TSX
20120126 20140419 -4.5523e-06 2.893e-10 TSX
20120203 20160320 -5.0959e-05 2.5124e-10 TSX
20120206 20171107 8.9195e-06 2.603e-10 TSX
20120617 20171129 1.4552e-05 2.4483e-10 TSX
20120723 20160120 2.6476e-05 2.6291e-10 TSX
20121024 20130109 8.2964e-05 7.0158e-10 TSX
20121027 20151226 1.0703e-05 2.7698e-10 TSX
20121030 20130311 -8.1545e-05 5.8465e-10 TSX
20121107 20171118 1.6197e-05 2.6044e-10 TSX
20121221 20160208 3.3888e-05 2.7553e-10 TSX
20121224 20130516 -0.00017868 5.6849e-10 TSX
20121229 20130407 -2.4586e-05 6.5609e-10 TSX
20130104 20130217 -8.8227e-05 7.7311e-10 TSX
20130109 20130715 -0.00011584 5.2959e-10 TSX
20130112 20140511 -9.0691e-06 3.5425e-10 TSX
20130115 20130721 -9.2595e-05 5.1395e-10 TSX
20130126 20130823 -0.00012951 5.168e-10 TSX
20130131 20130429 -0.00013588 6.7798e-10 TSX
20130203 20130729 6.595e-05 5.2309e-10 TSX
20130211 20130919 2.8486e-05 4.9598e-10 TSX
20130228 20141209 4.398e-06 3.1433e-10 TSX
20130311 20130801 1.1104e-06 5.6845e-10 TSX
20130316 20130623 -6.4383e-05 6.561e-10 TSX
20130402 20150122 0.00021404 3.8793e-10 TSX
20130407 20140530 -7.2903e-05 3.8099e-10 TSX
20130421 20171016 2.4531e-05 2.4963e-10 TSX
20130424 20130721 -0.00010677 6.6402e-10 TSX
20130429 20130623 -3.0086e-05 7.541e-10 TSX
20130505 20131028 -0.00043472 5.5506e-10 TSX
20130513 20151112 6.4159e-05 2.8267e-10 TSX
20130516 20131017 0.00021246 5.7369e-10 TSX
20130521 20130715 9.4886e-05 7.5412e-10 TSX
20130524 20171129 2.9803e-05 2.5096e-10 TSX
20130527 20140627 -7.8684e-05 3.8352e-10 TSX
20130601 20130930 5.9923e-05 6.1699e-10 TSX
20130604 20141217 3.8454e-05 3.3794e-10 TSX
20130607 20140719 4.4586e-06 3.8019e-10 TSX
20130612 20150105 8.8256e-07 3.3896e-10 TSX
20130615 20160106 5.8792e-05 2.8421e-10 TSX
20130618 20140708 -1.778e-05 3.8789e-10 TSX
20130623 20130715 0.00060743 8.6157e-10 TSX
20130629 20130914 0.00022977 6.971e-10 TSX
20130707 20150130 1.8309e-05 3.3934e-10 TSX
20130710 20140901 9.9052e-06 3.7586e-10 TSX
20130715 20130726 -0.0022819 1.0106e-09 TSX
20130721 20131108 0.00068411 6.3368e-10 TSX
20130726 20150517 -0.00012058 3.2185e-10 TSX
20130729 20160904 1.721e-05 2.6499e-10 TSX
20130801 20151115 1.1883e-05 2.8874e-10 TSX
20130817 20140209 2.9845e-05 5.4098e-10 TSX
20130828 20150312 -4.2646e-05 3.4066e-10 TSX
20130903 20150329 -1.6686e-05 3.6546e-10 TSX
20130919 20160309 3.626e-05 2.7317e-10 TSX
20130925 20140708 5.698e-05 4.3779e-10 TSX
20130930 20160411 -6.5432e-06 2.7263e-10 TSX
20131011 20150802 -1.5619e-05 3.2338e-10 TSX
20131017 20140719 -7.4949e-05 4.4577e-10 TSX
20131028 20160304 -0.00010403 3.9949e-10 TSX
20131102 20140519 -0.00015757 5.1713e-10 TSX
20131108 20140708 5.7188e-05 4.8244e-10 TSX
20140209 20160309 -2.7358e-05 3.0791e-10 TSX
20140223 20140829 4.6454e-05 5.1106e-10 TSX
20140408 20140705 -3.0206e-06 6.6124e-10 TSX
20140419 20170913 0.00010885 2.7299e-10 TSX
20140511 20141228 8.0747e-05 4.7005e-10 TSX
20140519 20150824 5.1292e-05 3.6501e-10 TSX
20140624 20171005 4.035e-05 2.6448e-10 TSX
20140627 20151115 4.9027e-05 3.3903e-10 TSX
20140705 20180911 4.1643e-05 2.6687e-10 TSX
20140708 20160406 2.1111e-05 3.1299e-10 TSX
20140716 20171005 7.6739e-05 2.6922e-10 TSX
20140719 20151207 2.0918e-05 3.4052e-10 TSX
20140727 20150326 5.4667e-06 4.6163e-10 TSX
20140810 20150122 1.5213e-05 5.4132e-10 TSX
20140818 20160301 7.6651e-05 3.2561e-10 TSX
20140829 20160208 6.2569e-05 3.3235e-10 TSX
20140901 20140912 -0.00029591 9.6742e-10 TSX
20140912 20141209 9.8705e-06 6.6402e-10 TSX
20140920 20170902 5.4221e-05 2.7515e-10 TSX
20141209 20160211 -1.1919e-06 3.6559e-10 TSX
20141217 20160722 5.8657e-05 3.2201e-10 TSX
20141228 20160106 6.9179e-05 3.8203e-10 TSX
20141231 20151024 7.2633e-05 4.249e-10 TSX
20150105 20150824 1.1412e-05 4.8615e-10 TSX
20150108 20170811 4.9291e-05 2.8224e-10 TSX
20150119 20160117 9.5752e-05 3.8786e-10 TSX
20150127 20160411 -2.4185e-06 3.7001e-10 TSX
20150130 20151112 8.4213e-05 4.2841e-10 TSX
20150210 20170114 7.382e-05 3.0418e-10 TSX
20150213 20160326 -2.0356e-05 4.578e-10 TSX
20150218 20160216 4.4836e-05 4.0227e-10 TSX
20150221 20180112 6.2226e-05 2.8261e-10 TSX
20150304 20180911 3.3977e-05 2.6066e-10 TSX
20150307 20160211 4.1875e-05 4.0052e-10 TSX
20150312 20160320 -1.5274e-05 3.9769e-10 TSX
20150326 20150827 0.00015503 5.5006e-10 TSX
20150329 20151207 6.0369e-05 4.5444e-10 TSX
20150428 20160425 8.5678e-05 3.8779e-10 TSX
20150509 20150827 0.00019838 6.1892e-10 TSX
20150517 20150824 4.3598e-05 6.5616e-10 TSX
20150520 20180911 4.9029e-05 2.7086e-10 TSX
20150714 20170822 7.591e-05 2.9301e-10 TSX
20150725 20170924 5.3881e-05 2.9898e-10 TSX
20150802 20160309 1.2497e-05 4.9588e-10 TSX
20150805 20160403 1.6563e-05 4.6088e-10 TSX
20150816 20171107 6.4114e-05 2.9179e-10 TSX
20150824 20150915 0.00068219 8.6148e-10 TSX
20150827 20170902 6.8153e-05 3.0044e-10 TSX
20150915 20160216 -6.2286e-05 5.6819e-10 TSX
20151021 20160904 9.8064e-07 4.1185e-10 TSX
20151101 20171016 5.17e-05 3.0318e-10 TSX
20151112 20160425 -1.3616e-05 5.3609e-10 TSX
20151115 20151229 0.00014363 7.7311e-10 TSX
20151123 20171221 4.8535e-05 2.9326e-10 TSX
20151204 20151215 0.00017595 9.7741e-10 TSX
20151207 20160406 -9.0336e-05 6.0215e-10 TSX
20151215 20170822 8.6109e-05 3.1777e-10 TSX
20151226 20161223 9.5246e-05 3.9458e-10 TSX
20151229 20160211 -8.1174e-06 7.7311e-10 TSX
20160106 20161223 9.5568e-05 3.986e-10 TSX
20160117 20160926 0.00010686 4.5283e-10 TSX
20160128 20160301 -0.00017313 8.0616e-10 TSX
20160208 20160312 -6.7909e-05 8.0616e-10 TSX
20160216 20160309 -0.00041051 8.6148e-10 TSX
20160219 20180319 1.6884e-05 2.9742e-10 TSX
20160301 20161201 0.00014559 4.385e-10 TSX
20160304 20160326 2.9264e-05 8.4836e-10 TSX
20160312 20180319 2.5201e-05 3.0082e-10 TSX
20160320 20160411 0.00035716 8.6149e-10 TSX
20160323 20171118 6.9243e-05 3.1876e-10 TSX
20160326 20160406 -0.00053351 9.6734e-10 TSX
20160403 20171027 7.9921e-05 3.2634e-10 TSX
20160425 20170811 0.00011014 3.5091e-10 TSX
20160528 20160630 6.422e-05 8.0616e-10 TSX
20160630 20171118 8.0665e-05 3.3848e-10 TSX
20160722 20161201 0.00023352 5.8131e-10 TSX
20160904 20180707 3.1318e-05 3.2459e-10 TSX
20160915 20180911 2.841e-05 3.0058e-10 TSX
20160926 20170114 -3.7979e-06 6.1795e-10 TSX
20161201 20171027 1.3955e-05 4.0703e-10 TSX
20161223 20171107 9.0358e-06 4.0881e-10 TSX
20170114 20170902 5.6806e-05 4.69e-10 TSX
20170811 20171005 -4.731e-05 7.4111e-10 TSX
20170822 20180707 -0.00010552 4.1383e-10 TSX
20170913 20180707 -0.00016284 4.2484e-10 TSX
20170924 20180319 -0.00014766 5.2316e-10 TSX
20171005 20171107 3.5858e-05 8.0616e-10 TSX
20171016 20180319 -0.00015714 5.5007e-10 TSX
20171027 20180911 -2.8811e-05 4.1382e-10 TSX
20171107 20171118 7.7513e-05 9.7742e-10 TSX
20171118 20171129 4.6576e-05 9.7741e-10 TSX
20171129 20171221 -1.3564e-05 8.5024e-10 TSX
20171210 20180820 -3.7827e-06 4.535e-10 TSX
20171221 20180911 2.887e-05 4.4567e-10 TSX
20180112 20181003 6.5587e-05 4.4563e-10 TSX
20180319 20180707 -5.4602e-05 6.1796e-10 TSX
20180707 20180911 0.0003052 7.1237e-10 TSX
20180729 20181003 8.5809e-05 7.1237e-10 TSX
20180820 20181003 0.00012824 7.7209e-10 TSX
20180911 20181003 -0.0001486 8.5024e-10 TSX
