20030427 20030914 -0.00078302 5.7017e-10 ERS2
20030914 20080629 5.8883e-05 2.8864e-10 ERS2
20050918 20090510 1.8361e-05 2.9995e-10 ERS2
20051127 20081116 7.3969e-05 2.9572e-10 ERS2
20060903 20090510 -9.2161e-05 3.084e-10 ERS2
20061231 20090105 -3.0248e-05 3.1376e-10 ALOS
20070402 20070703 -0.0002087 6.6624e-10 ALOS
20070518 20091008 -6.2691e-05 2.9915e-10 ALOS
20070818 20071003 -0.00042109 7.756e-10 ALOS
20071217 20100509 -4.036e-05 2.9888e-10 ALOS
20080103 20100526 5.0744e-06 2.9759e-10 ALOS
20080404 20080520 -4.0634e-05 7.756e-10 ALOS
20080618 20090921 1.7326e-05 3.7193e-10 ALOS
20080629 20090510 -0.00041108 4.1192e-10 ERS2
20080705 20091008 -9.7016e-05 3.6447e-10 ALOS
20080803 20090823 -5.79e-05 3.8328e-10 ERS2
20081116 20090823 -2.0073e-05 4.3395e-10 ERS2
20081219 20090921 -6.5316e-05 4.4612e-10 ALOS
20090105 20090708 -6.8267e-05 5.2833e-10 ALOS
20090510 20091101 -6.8072e-05 5.2091e-10 ERS2
20090708 20091008 -3.6787e-05 6.6623e-10 ALOS
20090823 20091101 0.00040164 6.9863e-10 ERS2
20091222 20100624 -0.00014224 5.2533e-10 ALOS
20100108 20100223 -0.00029881 7.7576e-10 ALOS
20100223 20100526 -2.2313e-05 6.6624e-10 ALOS
20100410 20100711 -8.1019e-05 6.6624e-10 ALOS
20100509 20100624 0.00065379 7.7358e-10 ALOS
20100526 20100711 0.00036843 7.7561e-10 ALOS
20100624 20101109 -8.8267e-05 5.8399e-10 ALOS
20100711 20101011 -0.00027727 6.6626e-10 ALOS
20100809 20101109 -4.7326e-05 6.6355e-10 ALOS
20101011 20101126 0.00025793 7.7561e-10 ALOS
20110111 20110226 0.00051638 7.756e-10 ALOS
20110924 20130715 1.7495e-05 3.2466e-10 TSX
20111005 20121229 1.2428e-05 3.6906e-10 TSX
20111121 20171221 1.9856e-06 2.4247e-10 TSX
20111221 20130131 1.4479e-05 3.8567e-10 TSX
20111224 20121027 -1.6313e-05 4.1965e-10 TSX
20120126 20140419 -1.4509e-05 2.912e-10 TSX
20120203 20160320 1.2807e-05 2.4576e-10 TSX
20120206 20171107 1.4779e-05 2.5063e-10 TSX
20120617 20171129 3.1755e-06 2.4786e-10 TSX
20120723 20160120 2.305e-05 2.6263e-10 TSX
20121024 20130109 0.00026561 7.0167e-10 TSX
20121027 20151226 3.7185e-07 2.6495e-10 TSX
20121030 20130311 2.1573e-05 5.8466e-10 TSX
20121107 20171118 1.4354e-05 2.4454e-10 TSX
20121221 20160208 3.4495e-06 2.6535e-10 TSX
20121224 20130516 -3.7365e-05 5.685e-10 TSX
20121229 20130407 -7.2302e-06 6.5606e-10 TSX
20130104 20130217 -3.9773e-05 7.7347e-10 TSX
20130109 20130715 -2.4394e-05 5.291e-10 TSX
20130112 20140511 8.5151e-07 3.5352e-10 TSX
20130115 20130721 -0.00013318 5.1394e-10 TSX
20130126 20130823 -8.2499e-05 4.92e-10 TSX
20130131 20130429 6.2499e-06 6.7798e-10 TSX
20130203 20130729 -1.8333e-05 5.2318e-10 TSX
20130211 20130919 2.0887e-05 4.9594e-10 TSX
20130228 20141209 2.9383e-05 3.12e-10 TSX
20130311 20130801 -7.1301e-05 5.6846e-10 TSX
20130316 20130623 2.0104e-05 6.5607e-10 TSX
20130402 20150122 5.016e-05 2.929e-10 TSX
20130407 20140530 6.5126e-06 3.8111e-10 TSX
20130421 20171016 1.0326e-05 2.4654e-10 TSX
20130424 20130721 -0.00022292 6.6403e-10 TSX
20130429 20130623 -3.9524e-05 7.5442e-10 TSX
20130505 20131028 -0.00048032 5.2511e-10 TSX
20130513 20151112 -7.365e-06 2.7949e-10 TSX
20130516 20131017 -0.00019709 5.521e-10 TSX
20130521 20130715 0.00021695 7.5444e-10 TSX
20130524 20171129 4.8271e-06 2.5426e-10 TSX
20130527 20140627 1.8494e-05 3.8383e-10 TSX
20130601 20130930 6.6809e-05 6.1696e-10 TSX
20130604 20141217 -2.0056e-07 3.3838e-10 TSX
20130607 20140719 2.617e-05 3.8033e-10 TSX
20130612 20150105 5.378e-05 3.3828e-10 TSX
20130615 20160106 -2.1646e-06 2.7924e-10 TSX
20130618 20140708 -1.1041e-05 3.8835e-10 TSX
20130623 20130715 0.00055185 8.6273e-10 TSX
20130629 20130914 0.00014794 6.8831e-10 TSX
20130707 20150130 -3.9897e-06 3.3983e-10 TSX
20130710 20140901 8.7936e-06 3.7674e-10 TSX
20130715 20130726 -0.0023958 1.012e-09 TSX
20130721 20131108 0.00061671 6.2103e-10 TSX
20130726 20150517 0.00011464 3.2269e-10 TSX
20130729 20160904 -1.43e-05 2.6778e-10 TSX
20130801 20151115 3.937e-05 2.8716e-10 TSX
20130817 20140209 -3.7562e-05 5.4096e-10 TSX
20130828 20150312 4.4338e-05 3.4008e-10 TSX
20130903 20150329 -9.8104e-05 3.1158e-10 TSX
20130919 20160309 7.8897e-06 2.7592e-10 TSX
20130925 20140708 9.9224e-06 4.3129e-10 TSX
20130930 20160411 2.8317e-06 2.7214e-10 TSX
20131011 20150802 -5.8863e-07 3.2034e-10 TSX
20131017 20140719 -1.4691e-05 4.3873e-10 TSX
20131028 20160304 -5.7592e-06 3.035e-10 TSX
20131102 20140519 -8.24e-05 5.1712e-10 TSX
20131108 20140708 -4.1935e-05 4.6278e-10 TSX
20140209 20160309 2.06e-05 3.0585e-10 TSX
20140223 20140829 6.4277e-06 5.1111e-10 TSX
20140408 20140705 -3.755e-06 6.6133e-10 TSX
20140419 20170913 2.1814e-05 2.5412e-10 TSX
20140511 20141228 -9.0585e-06 4.7024e-10 TSX
20140519 20150824 4.8159e-05 3.6465e-10 TSX
20140624 20171005 1.0116e-05 2.5915e-10 TSX
20140627 20151115 -3.8082e-05 3.4022e-10 TSX
20140705 20180911 1.3359e-05 2.5181e-10 TSX
20140708 20160406 3.3067e-05 3.1099e-10 TSX
20140716 20171005 1.8159e-05 2.6081e-10 TSX
20140719 20151207 -6.6348e-06 3.4026e-10 TSX
20140727 20150326 5.646e-07 4.6169e-10 TSX
20140810 20150122 7.0886e-05 5.3919e-10 TSX
20140818 20160301 -2.0908e-05 3.2439e-10 TSX
20140829 20160208 -6.1317e-06 3.3036e-10 TSX
20140901 20140912 -0.00027754 9.6857e-10 TSX
20140912 20141209 -4.0412e-06 6.6402e-10 TSX
20140920 20170902 1.5485e-05 2.6335e-10 TSX
20141209 20160211 -3.0614e-05 3.6386e-10 TSX
20141217 20160722 -3.8847e-05 3.1852e-10 TSX
20141228 20160106 -1.9068e-05 3.8226e-10 TSX
20141231 20151024 -3.6899e-06 4.2508e-10 TSX
20150105 20150824 -1.3295e-05 4.861e-10 TSX
20150108 20170811 2.257e-05 2.7788e-10 TSX
20150119 20160117 -2.5658e-06 3.8739e-10 TSX
20150127 20160411 2.3736e-05 3.7078e-10 TSX
20150130 20151112 -8.3749e-06 4.2847e-10 TSX
20150210 20170114 9.3554e-06 2.9856e-10 TSX
20150213 20160326 -1.6966e-05 3.745e-10 TSX
20150218 20160216 -1.6018e-05 4.0272e-10 TSX
20150221 20180112 3.7489e-06 2.5928e-10 TSX
20150304 20180911 1.0718e-05 2.5173e-10 TSX
20150307 20160211 1.1813e-05 4.0064e-10 TSX
20150312 20160320 -5.4816e-05 3.9764e-10 TSX
20150326 20150827 -1.3847e-05 5.498e-10 TSX
20150329 20151207 -2.8981e-05 4.5474e-10 TSX
20150428 20160425 -3.7448e-06 3.866e-10 TSX
20150509 20150827 1.4155e-05 6.1795e-10 TSX
20150517 20150824 -0.00012716 6.5607e-10 TSX
20150520 20180911 1.4935e-05 2.6039e-10 TSX
20150714 20170822 2.4141e-05 2.9102e-10 TSX
20150725 20170924 2.9042e-06 2.9054e-10 TSX
20150802 20160309 -8.1466e-06 4.9596e-10 TSX
20150805 20160403 4.7667e-06 4.6137e-10 TSX
20150816 20171107 2.1543e-05 2.879e-10 TSX
20150824 20150915 0.00060886 8.6263e-10 TSX
20150827 20170902 7.4118e-06 2.9474e-10 TSX
20150915 20160216 -9.7188e-05 5.6817e-10 TSX
20151021 20160904 -6.6586e-05 4.1208e-10 TSX
20151101 20171016 4.0154e-05 2.9933e-10 TSX
20151112 20160425 -1.904e-05 5.3613e-10 TSX
20151115 20151229 0.0001442 7.7346e-10 TSX
20151123 20171221 1.9309e-05 2.9386e-10 TSX
20151204 20151215 0.00014822 9.7927e-10 TSX
20151207 20160406 5.2036e-06 6.0214e-10 TSX
20151215 20170822 3.0881e-05 3.1324e-10 TSX
20151226 20161223 1.3101e-05 3.9358e-10 TSX
20151229 20160211 2.1118e-05 7.7346e-10 TSX
20160106 20161223 3.7535e-05 3.9835e-10 TSX
20160117 20160926 -3.3697e-05 4.5314e-10 TSX
20160128 20160301 -0.00022436 8.0721e-10 TSX
20160208 20160312 -9.5643e-05 8.0721e-10 TSX
20160216 20160309 -0.00037166 8.6263e-10 TSX
20160219 20180319 1.0554e-05 2.9534e-10 TSX
20160301 20161201 6.1038e-05 4.383e-10 TSX
20160304 20160326 7.1962e-05 8.4926e-10 TSX
20160312 20180319 7.3151e-06 2.9761e-10 TSX
20160320 20160411 0.00043849 8.6263e-10 TSX
20160323 20171118 2.0849e-05 3.1821e-10 TSX
20160326 20160406 -0.00057854 9.6849e-10 TSX
20160403 20171027 3.1844e-05 3.2321e-10 TSX
20160425 20170811 1.3333e-05 3.4638e-10 TSX
20160528 20160630 2.7877e-05 8.0721e-10 TSX
20160630 20171118 8.6358e-06 3.3907e-10 TSX
20160722 20161201 9.2344e-05 5.8137e-10 TSX
20160904 20180707 4.5094e-05 3.2328e-10 TSX
20160915 20180911 2.09e-05 3.0012e-10 TSX
20160926 20170114 6.9477e-05 6.18e-10 TSX
20161201 20171027 -8.0845e-06 4.0732e-10 TSX
20161223 20171107 1.4916e-05 4.0908e-10 TSX
20170114 20170902 -1.4926e-06 4.6862e-10 TSX
20170811 20171005 -7.0807e-05 7.4151e-10 TSX
20170822 20180707 1.5211e-05 4.1399e-10 TSX
20170913 20180707 -3.1559e-06 4.2494e-10 TSX
20170924 20180319 4.5524e-05 5.2325e-10 TSX
20171005 20171107 1.0769e-05 8.0721e-10 TSX
20171016 20180319 1.6903e-05 5.501e-10 TSX
20171027 20180911 -1.0208e-05 4.141e-10 TSX
20171107 20171118 6.9134e-05 9.7927e-10 TSX
20171118 20171129 4.5106e-05 9.7927e-10 TSX
20171129 20171221 -7.3909e-06 8.5173e-10 TSX
20171210 20180820 1.4813e-05 4.5343e-10 TSX
20171221 20180911 2.8003e-05 4.4558e-10 TSX
20180112 20181003 -2.1472e-06 4.4556e-10 TSX
20180319 20180707 -3.3756e-05 6.1801e-10 TSX
20180707 20180911 2.7284e-05 7.1259e-10 TSX
20180729 20181003 -2.729e-05 7.1259e-10 TSX
20180820 20181003 0.00011109 7.7275e-10 TSX
20180911 20181003 -8.9398e-05 8.5173e-10 TSX
