20030427 20030914 -5.0119e-05 5.6583e-10 ERS2
20030914 20080629 -0.00016483 3.1133e-10 ERS2
20050918 20090510 8.5054e-05 3.0096e-10 ERS2
20051127 20081116 7.5323e-05 3.0074e-10 ERS2
20060903 20090510 1.8269e-06 3.0335e-10 ERS2
20061231 20090105 3.4153e-05 3.1372e-10 ALOS
20070402 20070703 -9.6539e-05 6.6662e-10 ALOS
20070518 20091008 7.2702e-05 3.1107e-10 ALOS
20070818 20071003 -0.0003047 7.7727e-10 ALOS
20071217 20100509 -3.7066e-05 3.0257e-10 ALOS
20080103 20100526 5.4806e-05 3.0653e-10 ALOS
20080404 20080520 5.233e-05 7.7746e-10 ALOS
20080618 20090921 1.2651e-05 3.7252e-10 ALOS
20080629 20090510 -0.00066394 4.1437e-10 ERS2
20080705 20091008 8.4043e-05 3.6543e-10 ALOS
20080803 20090823 -1.3232e-05 3.8307e-10 ERS2
20081116 20090823 3.6729e-05 4.3211e-10 ERS2
20081219 20090921 0.00052762 4.4736e-10 ALOS
20090105 20090708 -1.051e-05 5.3116e-10 ALOS
20090510 20091101 -0.00043628 5.2003e-10 ERS2
20090708 20091008 0.0010919 6.6669e-10 ALOS
20090823 20091101 0.00021449 6.995e-10 ERS2
20091222 20100624 0.00041061 5.2681e-10 ALOS
20100108 20100223 0.00050786 7.7769e-10 ALOS
20100223 20100526 -0.00017889 6.6674e-10 ALOS
20100410 20100711 -0.00024293 6.6711e-10 ALOS
20100509 20100624 0.00072648 7.7518e-10 ALOS
20100526 20100711 0.00058043 7.7729e-10 ALOS
20100624 20101109 0.00018164 5.8394e-10 ALOS
20100711 20101011 0.00046296 6.6653e-10 ALOS
20100809 20101109 -1.0993e-05 6.6385e-10 ALOS
20101011 20101126 9.3452e-05 7.7729e-10 ALOS
20110111 20110226 0.00086555 7.7727e-10 ALOS
20110924 20130715 6.0339e-05 3.2377e-10 TSX
20111005 20121229 1.7695e-05 3.687e-10 TSX
20111121 20171221 -2.4132e-05 2.7402e-10 TSX
20111221 20130131 1.3972e-05 3.8562e-10 TSX
20111224 20121027 -1.5475e-05 4.1942e-10 TSX
20120126 20140419 -3.7051e-05 2.9501e-10 TSX
20120203 20160320 8.3375e-06 2.6251e-10 TSX
20120206 20171107 5.0027e-06 2.9233e-10 TSX
20120617 20171129 -1.2493e-05 2.8716e-10 TSX
20120723 20160120 6.7707e-05 2.7631e-10 TSX
20121024 20130109 0.00014613 7.0239e-10 TSX
20121027 20151226 7.7358e-07 2.7536e-10 TSX
20121030 20130311 -2.8598e-05 5.8466e-10 TSX
20121107 20171118 2.4097e-06 2.7781e-10 TSX
20121221 20160208 7.0735e-06 2.7136e-10 TSX
20121224 20130516 -7.0448e-05 5.6849e-10 TSX
20121229 20130407 3.1956e-05 6.5628e-10 TSX
20130104 20130217 -5.5511e-07 7.7494e-10 TSX
20130109 20130715 -1.8315e-05 5.2859e-10 TSX
20130112 20140511 -2.4389e-06 3.5362e-10 TSX
20130115 20130721 -0.00012469 5.1397e-10 TSX
20130126 20130823 -5.1783e-05 5.4891e-10 TSX
20130131 20130429 -5.5844e-05 6.7842e-10 TSX
20130203 20130729 -2.0069e-05 5.2318e-10 TSX
20130211 20130919 9.4396e-05 4.9595e-10 TSX
20130228 20141209 2.3616e-05 3.1213e-10 TSX
20130311 20130801 6.6537e-06 5.6845e-10 TSX
20130316 20130623 3.125e-05 6.5628e-10 TSX
20130402 20150122 -8.7042e-05 4.2352e-10 TSX
20130407 20140530 -7.818e-05 3.8104e-10 TSX
20130421 20171016 -1.3504e-05 2.8161e-10 TSX
20130424 20130721 -0.00018151 6.6435e-10 TSX
20130429 20130623 -8.4218e-05 7.5591e-10 TSX
20130505 20131028 -0.00070285 5.5546e-10 TSX
20130513 20151112 -3.9072e-06 2.8331e-10 TSX
20130516 20131017 -0.00011268 5.7775e-10 TSX
20130521 20130715 0.00032566 7.5593e-10 TSX
20130524 20171129 2.0592e-05 2.8084e-10 TSX
20130527 20140627 1.3269e-05 3.8369e-10 TSX
20130601 20130930 0.0002881 6.1691e-10 TSX
20130604 20141217 8.0743e-06 3.396e-10 TSX
20130607 20140719 5.9711e-05 3.801e-10 TSX
20130612 20150105 1.1151e-06 3.3908e-10 TSX
20130615 20160106 3.0601e-05 2.8294e-10 TSX
20130618 20140708 2.0324e-05 3.8791e-10 TSX
20130623 20130715 0.00074723 8.6483e-10 TSX
20130629 20130914 0.00018021 7.0616e-10 TSX
20130707 20150130 2.3266e-05 3.4073e-10 TSX
20130710 20140901 2.3937e-05 3.7654e-10 TSX
20130715 20130726 -0.0024289 1.0141e-09 TSX
20130721 20131108 0.0010762 6.4959e-10 TSX
20130726 20150517 -2.5339e-05 3.3071e-10 TSX
20130729 20160904 -1.9772e-05 2.8151e-10 TSX
20130801 20151115 1.7856e-05 3.0441e-10 TSX
20130817 20140209 -6.6868e-05 5.4089e-10 TSX
20130828 20150312 2.4734e-05 3.4154e-10 TSX
20130903 20150329 -0.00024141 3.8031e-10 TSX
20130919 20160309 1.8407e-05 2.8489e-10 TSX
20130925 20140708 -0.00013804 4.7152e-10 TSX
20130930 20160411 1.491e-05 2.8637e-10 TSX
20131011 20150802 2.5694e-05 3.2637e-10 TSX
20131017 20140719 4.4352e-06 4.5625e-10 TSX
20131028 20160304 -9.1293e-06 3.1742e-10 TSX
20131102 20140519 -0.00016867 5.1707e-10 TSX
20131108 20140708 -0.00028922 4.8917e-10 TSX
20140209 20160309 2.6726e-05 3.1073e-10 TSX
20140223 20140829 4.5485e-05 5.1117e-10 TSX
20140408 20140705 1.5643e-05 6.6181e-10 TSX
20140419 20170913 3.9078e-05 2.7241e-10 TSX
20140511 20141228 6.0105e-05 4.7017e-10 TSX
20140519 20150824 4.2335e-06 3.657e-10 TSX
20140624 20171005 -2.2586e-05 2.6745e-10 TSX
20140627 20151115 9.2496e-06 3.4059e-10 TSX
20140705 20180911 -9.3634e-06 2.7077e-10 TSX
20140708 20160406 2.648e-05 3.1444e-10 TSX
20140716 20171005 1.6963e-05 2.6137e-10 TSX
20140719 20151207 3.7683e-06 3.3993e-10 TSX
20140727 20150326 -1.9027e-05 4.6156e-10 TSX
20140810 20150122 2.4756e-05 5.4647e-10 TSX
20140818 20160301 1.1524e-05 3.2637e-10 TSX
20140829 20160208 -1.1976e-05 3.3518e-10 TSX
20140901 20140912 -0.00029522 9.7026e-10 TSX
20140912 20141209 -8.3576e-05 6.6437e-10 TSX
20140920 20170902 2.5698e-05 2.7082e-10 TSX
20141209 20160211 -2.3309e-05 3.6529e-10 TSX
20141217 20160722 4.0128e-06 3.2488e-10 TSX
20141228 20160106 8.8755e-06 3.8359e-10 TSX
20141231 20151024 6.12e-05 4.2506e-10 TSX
20150105 20150824 -5.9957e-05 4.8693e-10 TSX
20150108 20170811 1.1703e-05 2.7866e-10 TSX
20150119 20160117 7.76e-06 3.8756e-10 TSX
20150127 20160411 1.1553e-05 3.7447e-10 TSX
20150130 20151112 4.4783e-05 4.2879e-10 TSX
20150210 20170114 3.1198e-05 3.0829e-10 TSX
20150213 20160326 0.00018131 3.9202e-10 TSX
20150218 20160216 2.9004e-05 4.0303e-10 TSX
20150221 20180112 3.0058e-05 3.915e-10 TSX
20150304 20180911 -1.0933e-05 2.6852e-10 TSX
20150307 20160211 3.4331e-05 4.0169e-10 TSX
20150312 20160320 -4.521e-05 3.9748e-10 TSX
20150326 20150827 3.1593e-05 5.5015e-10 TSX
20150329 20151207 5.5216e-05 4.5497e-10 TSX
20150428 20160425 3.9442e-05 3.8935e-10 TSX
20150509 20150827 9.7306e-05 6.1863e-10 TSX
20150517 20150824 7.9123e-05 6.5645e-10 TSX
20150520 20180911 5.2314e-05 2.5989e-10 TSX
20150714 20170822 4.0558e-05 3.004e-10 TSX
20150725 20170924 1.7628e-05 2.9772e-10 TSX
20150802 20160309 -9.0532e-05 4.9668e-10 TSX
20150805 20160403 -8.1866e-06 4.6256e-10 TSX
20150816 20171107 5.9194e-06 3.0148e-10 TSX
20150824 20150915 0.00080524 8.6474e-10 TSX
20150827 20170902 3.6955e-05 3.0369e-10 TSX
20150915 20160216 -0.00013942 5.6841e-10 TSX
20151021 20160904 -9.7488e-05 4.1468e-10 TSX
20151101 20171016 1.464e-05 3.0355e-10 TSX
20151112 20160425 -7.132e-05 5.3635e-10 TSX
20151115 20151229 0.000137 7.7494e-10 TSX
20151123 20171221 2.8909e-05 3.0213e-10 TSX
20151204 20151215 0.00016053 9.8041e-10 TSX
20151207 20160406 -0.00016259 6.0217e-10 TSX
20151215 20170822 3.6601e-05 3.2249e-10 TSX
20151226 20161223 1.9242e-05 3.9356e-10 TSX
20151229 20160211 -2.8331e-05 7.7494e-10 TSX
20160106 20161223 3.6538e-05 3.9841e-10 TSX
20160117 20160926 4.9687e-06 4.5444e-10 TSX
20160128 20160301 -0.00014958 8.0893e-10 TSX
20160208 20160312 -0.00014969 8.0893e-10 TSX
20160216 20160309 -0.00040359 8.6474e-10 TSX
20160219 20180319 2.9579e-05 2.991e-10 TSX
20160301 20161201 7.0516e-05 4.3855e-10 TSX
20160304 20160326 2.7544e-05 8.5102e-10 TSX
20160312 20180319 2.4102e-05 3.0336e-10 TSX
20160320 20160411 0.0003831 8.6474e-10 TSX
20160323 20171118 2.6645e-05 3.2047e-10 TSX
20160326 20160406 -0.00048338 9.7019e-10 TSX
20160403 20171027 2.2098e-05 3.2949e-10 TSX
20160425 20170811 2.8965e-05 3.4948e-10 TSX
20160528 20160630 2.7361e-05 8.0893e-10 TSX
20160630 20171118 4.8209e-05 3.4177e-10 TSX
20160722 20161201 0.00025158 5.8136e-10 TSX
20160904 20180707 5.4886e-05 3.2281e-10 TSX
20160915 20180911 -1.2894e-06 3.0285e-10 TSX
20160926 20170114 6.9868e-05 6.1821e-10 TSX
20161201 20171027 -1.6615e-05 4.0758e-10 TSX
20161223 20171107 -5.566e-06 4.0921e-10 TSX
20170114 20170902 2.5037e-05 4.6934e-10 TSX
20170811 20171005 -1.3791e-05 7.4293e-10 TSX
20170822 20180707 -7.7579e-05 4.1385e-10 TSX
20170913 20180707 -0.00010109 4.2529e-10 TSX
20170924 20180319 6.5767e-05 5.2326e-10 TSX
20171005 20171107 7.5547e-05 8.0893e-10 TSX
20171016 20180319 0.00010812 5.5013e-10 TSX
20171027 20180911 -8.7792e-05 4.1377e-10 TSX
20171107 20171118 9.8127e-05 9.8041e-10 TSX
20171118 20171129 5.0837e-05 9.8041e-10 TSX
20171129 20171221 -3.5638e-05 8.5322e-10 TSX
20171210 20180820 -0.0001412 4.5356e-10 TSX
20171221 20180911 -0.00016831 4.4583e-10 TSX
20180112 20181003 2.3191e-05 4.457e-10 TSX
20180319 20180707 -0.00040358 6.1816e-10 TSX
20180707 20180911 0.00014596 7.1368e-10 TSX
20180729 20181003 4.442e-05 7.1368e-10 TSX
20180820 20181003 0.00021863 7.7443e-10 TSX
20180911 20181003 -0.00014898 8.5323e-10 TSX
