20030427 20030914 -7.8479e-05 5.641e-10 ERS2
20030914 20080629 -4.2983e-05 2.7943e-10 ERS2
20050918 20090510 0.000257 3.0128e-10 ERS2
20051127 20081116 1.0039e-05 3.1391e-10 ERS2
20060903 20090510 1.3111e-06 3.0244e-10 ERS2
20061231 20090105 0.00017567 3.1321e-10 ALOS
20070402 20070703 2.2978e-06 6.6651e-10 ALOS
20070518 20091008 2.6259e-06 3.0898e-10 ALOS
20070818 20071003 -0.00025088 7.7537e-10 ALOS
20071217 20100509 -8.5042e-05 3.0271e-10 ALOS
20080103 20100526 -0.0002467 3.4975e-10 ALOS
20080404 20080520 9.1757e-05 7.7562e-10 ALOS
20080618 20090921 0.00015379 3.7258e-10 ALOS
20080629 20090510 -6.9316e-05 4.1419e-10 ERS2
20080705 20091008 0.00027574 3.6517e-10 ALOS
20080803 20090823 -5.1519e-06 3.831e-10 ERS2
20081116 20090823 3.0915e-05 4.3197e-10 ERS2
20081219 20090921 0.00011854 4.4594e-10 ALOS
20090105 20090708 -0.00019439 5.3204e-10 ALOS
20090510 20091101 0.00058056 5.2033e-10 ERS2
20090708 20091008 0.00055139 6.6585e-10 ALOS
20090823 20091101 -0.00014889 6.9853e-10 ERS2
20091222 20100624 -3.9839e-05 5.2846e-10 ALOS
20100108 20100223 -0.00046755 7.7702e-10 ALOS
20100223 20100526 -6.6043e-05 6.6652e-10 ALOS
20100410 20100711 -0.00019171 6.6653e-10 ALOS
20100509 20100624 0.00059178 7.7335e-10 ALOS
20100526 20100711 0.00045686 7.7538e-10 ALOS
20100624 20101109 0.00016937 5.8397e-10 ALOS
20100711 20101011 0.00034984 6.6632e-10 ALOS
20100809 20101109 0.00018286 6.6353e-10 ALOS
20101011 20101126 -3.0922e-05 7.7537e-10 ALOS
20110111 20110226 0.00066206 7.7536e-10 ALOS
20110924 20130715 0.00011214 3.25e-10 TSX
20111005 20121229 9.57e-05 3.7748e-10 TSX
20111121 20171221 2.1623e-05 3.6193e-10 TSX
20111221 20130131 3.4167e-05 3.8541e-10 TSX
20111224 20121027 0.00011496 4.1943e-10 TSX
20120126 20140419 4.184e-05 3.4603e-10 TSX
20120203 20160320 2.2718e-05 3.389e-10 TSX
20120206 20171107 4.8651e-05 4.8443e-10 TSX
20120617 20171129 5.2272e-05 3.6772e-10 TSX
20120723 20160120 0.00017526 3.4489e-10 TSX
20121024 20130109 0.00010479 7.0155e-10 TSX
20121027 20151226 7.055e-05 4.4654e-10 TSX
20121030 20130311 -6.7714e-05 5.8465e-10 TSX
20121107 20171118 8.9889e-05 4.2914e-10 TSX
20121221 20160208 2.9746e-05 4.347e-10 TSX
20121224 20130516 -5.8201e-05 5.6848e-10 TSX
20121229 20130407 -3.2118e-05 6.5604e-10 TSX
20130104 20130217 -6.8437e-05 7.7327e-10 TSX
20130109 20130715 2.233e-05 5.3001e-10 TSX
20130112 20140511 4.5125e-05 3.6399e-10 TSX
20130115 20130721 1.9497e-05 5.1433e-10 TSX
20130126 20130823 0.00032343 5.0465e-10 TSX
20130131 20130429 -3.101e-05 6.7794e-10 TSX
20130203 20130729 0.00014161 5.231e-10 TSX
20130211 20130919 0.00018667 4.9624e-10 TSX
20130228 20141209 0.00010041 3.7108e-10 TSX
20130311 20130801 0.00015024 5.6845e-10 TSX
20130316 20130623 2.2888e-05 6.5605e-10 TSX
20130402 20150122 -1.8869e-05 3.7757e-10 TSX
20130407 20140530 4.0629e-05 3.8091e-10 TSX
20130421 20171016 7.2461e-05 3.8606e-10 TSX
20130424 20130721 -2.0397e-05 6.64e-10 TSX
20130429 20130623 -4.8505e-05 7.5422e-10 TSX
20130505 20131028 -0.00061627 6.1158e-10 TSX
20130513 20151112 0.00012794 4.3666e-10 TSX
20130516 20131017 0.00015893 6.1154e-10 TSX
20130521 20130715 0.00027451 7.5424e-10 TSX
20130524 20171129 4.202e-05 4.3942e-10 TSX
20130527 20140627 8.5127e-05 3.8352e-10 TSX
20130601 20130930 0.00034122 6.1695e-10 TSX
20130604 20141217 8.6641e-05 3.9263e-10 TSX
20130607 20140719 0.00013052 3.7987e-10 TSX
20130612 20150105 8.8341e-05 3.6137e-10 TSX
20130615 20160106 0.00016191 4.4094e-10 TSX
20130618 20140708 9.6679e-05 3.8785e-10 TSX
20130623 20130715 0.00069115 8.623e-10 TSX
20130629 20130914 8.4756e-05 7.059e-10 TSX
20130707 20150130 4.5629e-05 3.9252e-10 TSX
20130710 20140901 8.5823e-05 3.7717e-10 TSX
20130715 20130726 -0.002338 1.0115e-09 TSX
20130721 20131108 0.00050626 6.4741e-10 TSX
20130726 20150517 -2.2229e-05 3.759e-10 TSX
20130729 20160904 0.00013506 4.2447e-10 TSX
20130801 20151115 8.3063e-05 4.1241e-10 TSX
20130817 20140209 3.2767e-05 5.4096e-10 TSX
20130828 20150312 1.6442e-05 3.816e-10 TSX
20130903 20150329 -0.00022214 3.9157e-10 TSX
20130919 20160309 0.00010802 3.4044e-10 TSX
20130925 20140708 8.9709e-06 5.0491e-10 TSX
20130930 20160411 4.1434e-05 3.5884e-10 TSX
20131011 20150802 3.4651e-05 3.8322e-10 TSX
20131017 20140719 -3.1856e-05 4.6913e-10 TSX
20131028 20160304 -7.267e-05 3.3711e-10 TSX
20131102 20140519 -0.00020927 5.171e-10 TSX
20131108 20140708 0.00010373 5.0607e-10 TSX
20140209 20160309 6.5998e-05 4.2029e-10 TSX
20140223 20140829 9.9364e-05 5.1111e-10 TSX
20140408 20140705 1.6565e-05 6.6125e-10 TSX
20140419 20170913 -5.9236e-05 3.221e-10 TSX
20140511 20141228 0.00015158 4.7148e-10 TSX
20140519 20150824 0.00012657 3.8685e-10 TSX
20140624 20171005 0.00017025 3.3153e-10 TSX
20140627 20151115 8.1297e-05 4.2708e-10 TSX
20140705 20180911 -1.6303e-05 3.8504e-10 TSX
20140708 20160406 8.4927e-05 4.4437e-10 TSX
20140716 20171005 0.00019285 3.6176e-10 TSX
20140719 20151207 7.2275e-05 4.1459e-10 TSX
20140727 20150326 -6.7931e-06 4.7847e-10 TSX
20140810 20150122 1.3611e-05 5.5463e-10 TSX
20140818 20160301 0.00011692 4.84e-10 TSX
20140829 20160208 7.617e-05 5.3129e-10 TSX
20140901 20140912 -0.00030176 9.681e-10 TSX
20140912 20141209 -2.3595e-05 6.6399e-10 TSX
20140920 20170902 0.0001293 4.5233e-10 TSX
20141209 20160211 4.9821e-05 4.4499e-10 TSX
20141217 20160722 0.00013662 4.5012e-10 TSX
20141228 20160106 0.00015525 4.2394e-10 TSX
20141231 20151024 0.00020053 4.4768e-10 TSX
20150105 20150824 5.933e-05 4.926e-10 TSX
20150108 20170811 0.00015147 4.6292e-10 TSX
20150119 20160117 0.00018881 4.3639e-10 TSX
20150127 20160411 0.00011123 4.7771e-10 TSX
20150130 20151112 0.00013155 4.6115e-10 TSX
20150210 20170114 0.00016452 4.5955e-10 TSX
20150213 20160326 -6.5893e-06 4.4228e-10 TSX
20150218 20160216 0.00012504 4.1701e-10 TSX
20150221 20180112 0.0001207 4.9893e-10 TSX
20150304 20180911 -1.2683e-05 5.0103e-10 TSX
20150307 20160211 0.00019714 4.2894e-10 TSX
20150312 20160320 6.969e-05 4.0682e-10 TSX
20150326 20150827 0.00028012 5.4973e-10 TSX
20150329 20151207 0.00019456 4.5907e-10 TSX
20150428 20160425 0.00019391 4.207e-10 TSX
20150509 20150827 0.0003136 6.2479e-10 TSX
20150517 20150824 0.00020759 6.5705e-10 TSX
20150520 20180911 -4.8793e-07 3.8489e-10 TSX
20150714 20170822 0.0002353 4.0546e-10 TSX
20150725 20170924 0.00011643 3.8824e-10 TSX
20150802 20160309 3.9773e-05 5.0352e-10 TSX
20150805 20160403 0.00011929 5.3722e-10 TSX
20150816 20171107 0.00018682 3.9694e-10 TSX
20150824 20150915 0.0007963 8.6221e-10 TSX
20150827 20170902 0.00017196 4.6891e-10 TSX
20150915 20160216 -9.2075e-05 5.7058e-10 TSX
20151021 20160904 0.00011352 4.3985e-10 TSX
20151101 20171016 0.00013523 4.6417e-10 TSX
20151112 20160425 6.4904e-05 5.4137e-10 TSX
20151115 20151229 0.00017493 7.7327e-10 TSX
20151123 20171221 -4.1438e-05 3.7236e-10 TSX
20151204 20151215 0.00016836 9.7818e-10 TSX
20151207 20160406 -8.4893e-05 6.0214e-10 TSX
20151215 20170822 0.00020396 4.5768e-10 TSX
20151226 20161223 0.00019342 4.1247e-10 TSX
20151229 20160211 5.3836e-06 7.7327e-10 TSX
20160106 20161223 0.00020876 4.2315e-10 TSX
20160117 20160926 0.00025794 4.7571e-10 TSX
20160128 20160301 -0.00015797 8.066e-10 TSX
20160208 20160312 -9.2339e-05 8.066e-10 TSX
20160216 20160309 -0.00039892 8.6221e-10 TSX
20160219 20180319 0.00013965 3.553e-10 TSX
20160301 20161201 0.00032387 4.4667e-10 TSX
20160304 20160326 -1.0503e-05 8.4888e-10 TSX
20160312 20180319 8.8081e-05 5.1423e-10 TSX
20160320 20160411 0.0004038 8.6221e-10 TSX
20160323 20171118 0.00021692 3.9888e-10 TSX
20160326 20160406 -0.00048757 9.6803e-10 TSX
20160403 20171027 0.00020144 4.2731e-10 TSX
20160425 20170811 0.00024047 4.9009e-10 TSX
20160528 20160630 6.3919e-05 8.066e-10 TSX
20160630 20171118 0.00024348 3.8525e-10 TSX
20160722 20161201 0.00040658 5.8132e-10 TSX
20160904 20180707 -7.0919e-05 3.7341e-10 TSX
20160915 20180911 -8.1951e-05 3.663e-10 TSX
20160926 20170114 5.5791e-05 6.1873e-10 TSX
20161201 20171027 7.5372e-05 4.5575e-10 TSX
20161223 20171107 0.00015129 4.7263e-10 TSX
20170114 20170902 0.00018239 5.1129e-10 TSX
20170811 20171005 -2.3987e-05 7.4125e-10 TSX
20170822 20180707 -0.00030881 4.138e-10 TSX
20170913 20180707 -0.0003747 4.2892e-10 TSX
20170924 20180319 -0.00019551 5.2318e-10 TSX
20171005 20171107 7.4802e-05 8.066e-10 TSX
20171016 20180319 -0.00015798 5.5008e-10 TSX
20171027 20180911 -0.00028612 4.1386e-10 TSX
20171107 20171118 9.4755e-05 9.7818e-10 TSX
20171118 20171129 5.1324e-05 9.7818e-10 TSX
20171129 20171221 -1.0642e-05 8.5086e-10 TSX
20171210 20180820 -0.00031509 4.535e-10 TSX
20171221 20180911 -0.00039074 4.4568e-10 TSX
20180112 20181003 -0.00020005 4.465e-10 TSX
20180319 20180707 -0.00035074 6.1796e-10 TSX
20180707 20180911 0.0002652 7.1243e-10 TSX
20180729 20181003 3.4614e-05 7.1243e-10 TSX
20180820 20181003 0.00014153 7.7235e-10 TSX
20180911 20181003 -0.00021172 8.5087e-10 TSX
