20030427 20030914 -0.00013244 5.6518e-10 ERS2
20030914 20080629 -2.22e-05 3.0434e-10 ERS2
20050918 20090510 3.8987e-05 2.9994e-10 ERS2
20051127 20081116 0.00027924 3.17e-10 ERS2
20060903 20090510 -7.7045e-05 3.1015e-10 ERS2
20061231 20090105 -0.00010036 3.1598e-10 ALOS
20070402 20070703 -0.00025909 6.6631e-10 ALOS
20070518 20091008 4.5054e-05 3.2556e-10 ALOS
20070818 20071003 -0.000327 7.7628e-10 ALOS
20071217 20100509 -0.00011128 3.0793e-10 ALOS
20080103 20100526 -1.3705e-05 3.4189e-10 ALOS
20080404 20080520 3.6257e-05 7.7637e-10 ALOS
20080618 20090921 5.9844e-05 3.7301e-10 ALOS
20080629 20090510 -0.00030982 4.2364e-10 ERS2
20080705 20091008 0.00013145 3.6529e-10 ALOS
20080803 20090823 -1.6387e-05 3.8282e-10 ERS2
20081116 20090823 5.8004e-05 4.3204e-10 ERS2
20081219 20090921 0.0005294 4.463e-10 ALOS
20090105 20090708 -6.9286e-05 5.2992e-10 ALOS
20090510 20091101 -0.00026117 5.2105e-10 ERS2
20090708 20091008 0.00099828 6.6632e-10 ALOS
20090823 20091101 0.00015077 6.9883e-10 ERS2
20091222 20100624 0.00030489 5.2704e-10 ALOS
20100108 20100223 8.0923e-05 7.7764e-10 ALOS
20100223 20100526 -0.00021556 6.6677e-10 ALOS
20100410 20100711 -0.0001831 6.6686e-10 ALOS
20100509 20100624 0.00064372 7.7423e-10 ALOS
20100526 20100711 0.00054754 7.7631e-10 ALOS
20100624 20101109 0.00019379 5.8394e-10 ALOS
20100711 20101011 0.00051112 6.6649e-10 ALOS
20100809 20101109 1.1017e-05 6.6357e-10 ALOS
20101011 20101126 2.0311e-05 7.763e-10 ALOS
20110111 20110226 0.00081174 7.7629e-10 ALOS
20110924 20130715 1.7357e-05 3.2392e-10 TSX
20111005 20121229 -9.0499e-06 3.6957e-10 TSX
20111121 20171221 3.3003e-05 2.8918e-10 TSX
20111221 20130131 -1.8696e-05 3.855e-10 TSX
20111224 20121027 3.5297e-05 4.1925e-10 TSX
20120126 20140419 -1.111e-05 2.9187e-10 TSX
20120203 20160320 9.8576e-06 2.8161e-10 TSX
20120206 20171107 6.0001e-05 2.8059e-10 TSX
20120617 20171129 2.5248e-05 2.859e-10 TSX
20120723 20160120 3.0313e-05 3.0698e-10 TSX
20121024 20130109 0.00011343 7.018e-10 TSX
20121027 20151226 -1.1526e-06 2.9656e-10 TSX
20121030 20130311 -5.1932e-05 5.8464e-10 TSX
20121107 20171118 2.8458e-05 2.9014e-10 TSX
20121221 20160208 4.1478e-05 2.8346e-10 TSX
20121224 20130516 -6.5536e-05 5.6847e-10 TSX
20121229 20130407 -8.608e-06 6.5603e-10 TSX
20130104 20130217 -2.7558e-05 7.7407e-10 TSX
20130109 20130715 -1.338e-05 5.2989e-10 TSX
20130112 20140511 2.5099e-06 3.5529e-10 TSX
20130115 20130721 -9.2154e-05 5.1407e-10 TSX
20130126 20130823 -7.208e-05 5.1458e-10 TSX
20130131 20130429 -4.9977e-05 6.7802e-10 TSX
20130203 20130729 1.9563e-06 5.2313e-10 TSX
20130211 20130919 8.0538e-05 4.9593e-10 TSX
20130228 20141209 7.5499e-07 3.2441e-10 TSX
20130311 20130801 1.7216e-05 5.6844e-10 TSX
20130316 20130623 7.5892e-06 6.5603e-10 TSX
20130402 20150122 -6.1055e-05 4.2131e-10 TSX
20130407 20140530 -8.1335e-05 3.8081e-10 TSX
20130421 20171016 -3.8093e-05 3.1431e-10 TSX
20130424 20130721 -0.00014087 6.6406e-10 TSX
20130429 20130623 -9.0014e-05 7.5498e-10 TSX
20130505 20131028 -0.00058874 5.5458e-10 TSX
20130513 20151112 5.3725e-05 2.9499e-10 TSX
20130516 20131017 9.0497e-05 5.8286e-10 TSX
20130521 20130715 0.00027427 7.55e-10 TSX
20130524 20171129 8.7908e-05 2.9646e-10 TSX
20130527 20140627 1.6637e-06 3.8365e-10 TSX
20130601 20130930 0.00026086 6.1686e-10 TSX
20130604 20141217 2.8198e-05 3.4252e-10 TSX
20130607 20140719 4.7498e-05 3.8006e-10 TSX
20130612 20150105 -2.8232e-06 3.3988e-10 TSX
20130615 20160106 4.1472e-05 3.048e-10 TSX
20130618 20140708 -2.4173e-06 3.88e-10 TSX
20130623 20130715 0.00071535 8.638e-10 TSX
20130629 20130914 -0.00010158 7.0321e-10 TSX
20130707 20150130 1.2069e-05 3.4237e-10 TSX
20130710 20140901 1.6404e-06 3.7672e-10 TSX
20130715 20130726 -0.0023974 1.0131e-09 TSX
20130721 20131108 0.00088289 6.3966e-10 TSX
20130726 20150517 -1.4905e-05 3.2754e-10 TSX
20130729 20160904 5.6938e-06 2.8594e-10 TSX
20130801 20151115 3.9183e-05 3.0621e-10 TSX
20130817 20140209 -3.8092e-05 5.4093e-10 TSX
20130828 20150312 1.8363e-06 3.394e-10 TSX
20130903 20150329 -0.00018343 3.6262e-10 TSX
20130919 20160309 -4.44e-05 3.0514e-10 TSX
20130925 20140708 -0.00020924 4.8003e-10 TSX
20130930 20160411 -3.5142e-05 3.1563e-10 TSX
20131011 20150802 -4.4459e-05 3.3492e-10 TSX
20131017 20140719 -4.3894e-05 5.1167e-10 TSX
20131028 20160304 4.4143e-05 3.189e-10 TSX
20131102 20140519 -0.00018264 5.1709e-10 TSX
20131108 20140708 -0.00011041 5.3215e-10 TSX
20140209 20160309 -4.4521e-05 3.1697e-10 TSX
20140223 20140829 1.5124e-05 5.1105e-10 TSX
20140408 20140705 -6.4396e-06 6.6138e-10 TSX
20140419 20170913 6.6819e-05 2.8931e-10 TSX
20140511 20141228 5.5545e-05 4.7022e-10 TSX
20140519 20150824 4.7446e-06 3.758e-10 TSX
20140624 20171005 3.7627e-05 2.9213e-10 TSX
20140627 20151115 4.6099e-05 3.5015e-10 TSX
20140705 20180911 -3.6396e-05 2.6668e-10 TSX
20140708 20160406 2.4155e-05 3.3394e-10 TSX
20140716 20171005 4.7029e-05 2.8851e-10 TSX
20140719 20151207 1.2678e-05 3.4891e-10 TSX
20140727 20150326 -3.3343e-05 4.6188e-10 TSX
20140810 20150122 -2.4127e-05 5.5016e-10 TSX
20140818 20160301 4.945e-05 3.3069e-10 TSX
20140829 20160208 3.6199e-05 3.3978e-10 TSX
20140901 20140912 -0.00029558 9.6943e-10 TSX
20140912 20141209 -6.2447e-05 6.6407e-10 TSX
20140920 20170902 4.6866e-05 3.0039e-10 TSX
20141209 20160211 -9.492e-06 3.7193e-10 TSX
20141217 20160722 1.8606e-05 3.238e-10 TSX
20141228 20160106 5.5508e-05 3.8665e-10 TSX
20141231 20151024 4.9093e-05 4.259e-10 TSX
20150105 20150824 -5.7311e-05 4.9046e-10 TSX
20150108 20170811 8.6204e-05 2.87e-10 TSX
20150119 20160117 5.0535e-05 3.8982e-10 TSX
20150127 20160411 2.9952e-05 3.8103e-10 TSX
20150130 20151112 5.4355e-05 4.3028e-10 TSX
20150210 20170114 3.9849e-05 3.1508e-10 TSX
20150213 20160326 -0.00012058 4.1997e-10 TSX
20150218 20160216 2.8058e-05 4.0391e-10 TSX
20150221 20180112 5.9367e-05 3.3718e-10 TSX
20150304 20180911 -0.00014257 3.0524e-10 TSX
20150307 20160211 6.206e-05 4.0677e-10 TSX
20150312 20160320 -6.1304e-05 4.0207e-10 TSX
20150326 20150827 9.0174e-05 5.4984e-10 TSX
20150329 20151207 7.9908e-05 4.5524e-10 TSX
20150428 20160425 9.0721e-05 3.916e-10 TSX
20150509 20150827 0.00013455 6.1902e-10 TSX
20150517 20150824 5.3524e-05 6.5687e-10 TSX
20150520 20180911 2.1126e-05 3.0257e-10 TSX
20150714 20170822 5.655e-05 3.0573e-10 TSX
20150725 20170924 9.5369e-05 3.0277e-10 TSX
20150802 20160309 4.9409e-06 4.9731e-10 TSX
20150805 20160403 4.8092e-05 4.6539e-10 TSX
20150816 20171107 7.1275e-05 3.092e-10 TSX
20150824 20150915 0.00078825 8.6371e-10 TSX
20150827 20170902 6.6655e-05 3.0578e-10 TSX
20150915 20160216 -0.00010163 5.695e-10 TSX
20151021 20160904 -1.32e-05 4.1375e-10 TSX
20151101 20171016 5.5831e-05 3.0802e-10 TSX
20151112 20160425 -1.3813e-05 5.3705e-10 TSX
20151115 20151229 0.00015796 7.7407e-10 TSX
20151123 20171221 8.5677e-05 3.026e-10 TSX
20151204 20151215 0.00016542 9.7955e-10 TSX
20151207 20160406 -0.00014815 6.0213e-10 TSX
20151215 20170822 6.7246e-05 3.1949e-10 TSX
20151226 20161223 8.0147e-05 3.95e-10 TSX
20151229 20160211 -8.3435e-06 7.7407e-10 TSX
20160106 20161223 8.8528e-05 3.9918e-10 TSX
20160117 20160926 7.0146e-05 4.552e-10 TSX
20160128 20160301 -0.00014725 8.0784e-10 TSX
20160208 20160312 -0.0001206 8.0784e-10 TSX
20160216 20160309 -0.0003966 8.637e-10 TSX
20160219 20180319 5.3035e-05 3.0442e-10 TSX
20160301 20161201 0.00013348 4.3934e-10 TSX
20160304 20160326 2.7739e-06 8.5012e-10 TSX
20160312 20180319 5.8475e-05 3.0852e-10 TSX
20160320 20160411 0.00039465 8.6371e-10 TSX
20160323 20171118 5.9254e-05 3.2221e-10 TSX
20160326 20160406 -0.0004771 9.6936e-10 TSX
20160403 20171027 5.641e-05 3.312e-10 TSX
20160425 20170811 8.6258e-05 3.5463e-10 TSX
20160528 20160630 4.1533e-05 8.0784e-10 TSX
20160630 20171118 8.9227e-05 3.3923e-10 TSX
20160722 20161201 0.00030225 5.8131e-10 TSX
20160904 20180707 -1.7901e-05 3.2549e-10 TSX
20160915 20180911 -5.6162e-05 3.0464e-10 TSX
20160926 20170114 4.7788e-05 6.1806e-10 TSX
20161201 20171027 -1.5099e-05 4.0842e-10 TSX
20161223 20171107 1.8374e-05 4.1127e-10 TSX
20170114 20170902 8.5203e-05 4.7209e-10 TSX
20170811 20171005 -1.8453e-05 7.4197e-10 TSX
20170822 20180707 -0.0001782 4.1383e-10 TSX
20170913 20180707 -0.00021627 4.2533e-10 TSX
20170924 20180319 -5.6591e-05 5.2321e-10 TSX
20171005 20171107 6.7908e-05 8.0784e-10 TSX
20171016 20180319 -3.3666e-06 5.5007e-10 TSX
20171027 20180911 -0.0001937 4.1379e-10 TSX
20171107 20171118 9.8882e-05 9.7955e-10 TSX
20171118 20171129 5.5828e-05 9.7955e-10 TSX
20171129 20171221 -2.0496e-05 8.5223e-10 TSX
20171210 20180820 -0.00022429 4.5348e-10 TSX
20171221 20180911 -0.00032384 4.4574e-10 TSX
20180112 20181003 -7.3225e-05 4.4595e-10 TSX
20180319 20180707 -0.00035117 6.1797e-10 TSX
20180707 20180911 0.00019449 7.129e-10 TSX
20180729 20181003 2.2877e-05 7.129e-10 TSX
20180820 20181003 0.00017123 7.7335e-10 TSX
20180911 20181003 -0.0002005 8.5223e-10 TSX
