20030427 20030914 -0.00014177 5.9651e-10 ERS2
20030914 20080629 1.5525e-05 2.873e-10 ERS2
20050918 20090510 1.561e-05 3.0593e-10 ERS2
20051127 20081116 0.00023783 3.1797e-10 ERS2
20060903 20090510 5.4705e-05 3.1676e-10 ERS2
20061231 20090105 -9.5115e-05 3.348e-10 ALOS
20070402 20070703 -8.5225e-05 7.0298e-10 ALOS
20070518 20091008 -0.00013791 3.2539e-10 ALOS
20070818 20071003 -0.0003349 8.0111e-10 ALOS
20071217 20100509 -0.00017728 3.1279e-10 ALOS
20080103 20100526 -2.6989e-06 3.5882e-10 ALOS
20080404 20080520 7.2178e-05 8.0125e-10 ALOS
20080618 20090921 -0.00011156 3.8787e-10 ALOS
20080629 20090510 -0.00034732 4.2967e-10 ERS2
20080705 20091008 -8.0817e-05 3.7905e-10 ALOS
20080803 20090823 -9.577e-05 3.9869e-10 ERS2
20081116 20090823 -0.00018955 4.4942e-10 ERS2
20081219 20090921 0.00023082 4.6918e-10 ALOS
20090105 20090708 -1.929e-05 5.708e-10 ALOS
20090510 20091101 0.00057765 5.4742e-10 ERS2
20090708 20091008 0.00038581 7.032e-10 ALOS
20090823 20091101 -0.00025491 7.3116e-10 ERS2
20091222 20100624 -0.00010325 5.5739e-10 ALOS
20100108 20100223 0.00014073 8.0129e-10 ALOS
20100223 20100526 0.00017098 7.0352e-10 ALOS
20100410 20100711 -0.00015271 7.0315e-10 ALOS
20100509 20100624 0.00062091 7.9909e-10 ALOS
20100526 20100711 0.00031805 8.0117e-10 ALOS
20100624 20101109 3.4298e-05 6.2068e-10 ALOS
20100711 20101011 8.4636e-05 7.0344e-10 ALOS
20100809 20101109 -7.8196e-05 7.0063e-10 ALOS
20101011 20101126 5.8429e-05 8.0118e-10 ALOS
20110111 20110226 0.00054133 8.0113e-10 ALOS
20110924 20130715 1.8675e-05 3.4788e-10 TSX
20111005 20121229 -0.00016903 4.1318e-10 TSX
20111121 20171221 1.0081e-05 3.922e-10 TSX
20111221 20130131 -2.8442e-05 4.0306e-10 TSX
20111224 20121027 -4.1425e-06 4.3509e-10 TSX
20120126 20140419 -6.6636e-05 3.7792e-10 TSX
20120203 20160320 -2.5682e-06 3.3634e-10 TSX
20120206 20171107 2.4747e-05 4.3131e-10 TSX
20120617 20171129 -2.6162e-05 4.3387e-10 TSX
20120723 20160120 3.3147e-05 4.19e-10 TSX
20121024 20130109 0.00017043 7.3714e-10 TSX
20121027 20151226 -4.3478e-05 3.7176e-10 TSX
20121030 20130311 -2.5058e-06 6.1958e-10 TSX
20121107 20171118 8.2127e-06 4.4848e-10 TSX
20121221 20160208 -3.4978e-05 4.564e-10 TSX
20121224 20130516 -6.6244e-05 6.0252e-10 TSX
20121229 20130407 -9.1032e-06 6.9386e-10 TSX
20130104 20130217 -7.6425e-05 7.9797e-10 TSX
20130109 20130715 0.00033257 6.144e-10 TSX
20130112 20140511 -7.9915e-05 4.3421e-10 TSX
20130115 20130721 -0.00021323 5.6001e-10 TSX
20130126 20130823 -0.0001997 5.3858e-10 TSX
20130131 20130429 -1.8952e-05 7.1503e-10 TSX
20130203 20130729 -8.5615e-05 5.5331e-10 TSX
20130211 20130919 6.2491e-05 5.273e-10 TSX
20130228 20141209 2.8279e-05 3.6469e-10 TSX
20130311 20130801 -4.3362e-05 6.024e-10 TSX
20130316 20130623 -5.8511e-05 6.9385e-10 TSX
20130402 20150122 5.5444e-05 3.6863e-10 TSX
20130407 20140530 -3.7111e-05 4.0056e-10 TSX
20130421 20171016 -1.1182e-05 3.4e-10 TSX
20130424 20130721 -0.00022592 6.993e-10 TSX
20130429 20130623 -0.00010734 7.8377e-10 TSX
20130505 20131028 -0.00050994 5.6014e-10 TSX
20130513 20151112 -5.2142e-05 4.8927e-10 TSX
20130516 20131017 -0.00020647 5.9173e-10 TSX
20130521 20130715 0.00035943 7.8395e-10 TSX
20130524 20171129 -1.8764e-05 3.841e-10 TSX
20130527 20140627 -4.4648e-05 3.9953e-10 TSX
20130601 20130930 0.00047121 6.5506e-10 TSX
20130604 20141217 -3.2099e-05 3.9498e-10 TSX
20130607 20140719 -3.1805e-05 3.937e-10 TSX
20130612 20150105 -2.0624e-05 3.7123e-10 TSX
20130615 20160106 -3.3006e-05 4.0319e-10 TSX
20130618 20140708 1.2744e-05 4.051e-10 TSX
20130623 20130715 0.0007294 8.7627e-10 TSX
20130629 20130914 0.00039665 7.2222e-10 TSX
20130707 20150130 -2.1289e-06 3.5221e-10 TSX
20130710 20140901 8.7983e-06 3.8957e-10 TSX
20130715 20130726 -0.0025103 1.0212e-09 TSX
20130721 20131108 0.00061496 6.5618e-10 TSX
20130726 20150517 -8.2372e-06 3.356e-10 TSX
20130729 20160904 -4.8813e-06 2.8822e-10 TSX
20130801 20151115 2.8615e-05 3.3035e-10 TSX
20130817 20140209 -6.0984e-05 5.7507e-10 TSX
20130828 20150312 -3.5746e-05 3.5065e-10 TSX
20130903 20150329 -0.00011166 3.3271e-10 TSX
20130919 20160309 1.3166e-06 3.2106e-10 TSX
20130925 20140708 1.1324e-05 4.5012e-10 TSX
20130930 20160411 -9.6511e-05 3.0959e-10 TSX
20131011 20150802 -5.2745e-06 3.3765e-10 TSX
20131017 20140719 -5.1442e-05 4.5865e-10 TSX
20131028 20160304 6.756e-05 3.1002e-10 TSX
20131102 20140519 -0.00010133 5.4903e-10 TSX
20131108 20140708 3.7809e-05 4.8569e-10 TSX
20140209 20160309 1.2111e-05 3.403e-10 TSX
20140223 20140829 3.8006e-05 5.392e-10 TSX
20140408 20140705 -5.3188e-05 6.9701e-10 TSX
20140419 20170913 4.3933e-05 4.7065e-10 TSX
20140511 20141228 -1.9001e-05 4.931e-10 TSX
20140519 20150824 -8.8957e-06 3.7728e-10 TSX
20140624 20171005 -2.322e-05 3.4927e-10 TSX
20140627 20151115 -3.7231e-05 3.6641e-10 TSX
20140705 20180911 7.2727e-06 4.4898e-10 TSX
20140708 20160406 -1.7515e-05 3.3688e-10 TSX
20140716 20171005 -5.7553e-06 3.1956e-10 TSX
20140719 20151207 4.67e-05 3.5657e-10 TSX
20140727 20150326 -2.7998e-05 4.8351e-10 TSX
20140810 20150122 -3.6725e-05 5.6979e-10 TSX
20140818 20160301 -2.5283e-05 3.3528e-10 TSX
20140829 20160208 -5.0915e-05 3.7052e-10 TSX
20140901 20140912 -0.00029297 9.7711e-10 TSX
20140912 20141209 -9.1754e-06 6.9925e-10 TSX
20140920 20170902 2.5009e-05 3.9525e-10 TSX
20141209 20160211 -6.2878e-05 3.795e-10 TSX
20141217 20160722 9.6873e-06 3.4522e-10 TSX
20141228 20160106 -1.8953e-05 3.9385e-10 TSX
20141231 20151024 3.0003e-05 4.4487e-10 TSX
20150105 20150824 -6.8067e-05 5.16e-10 TSX
20150108 20170811 -3.5903e-05 5.1761e-10 TSX
20150119 20160117 1.6216e-05 3.9878e-10 TSX
20150127 20160411 -2.7209e-05 3.9275e-10 TSX
20150130 20151112 -1.9821e-05 4.4738e-10 TSX
20150210 20170114 -2.9402e-05 3.6565e-10 TSX
20150213 20160326 -2.3592e-05 4.2225e-10 TSX
20150218 20160216 -2.3555e-05 4.2114e-10 TSX
20150221 20180112 -2.5143e-05 3.3864e-10 TSX
20150304 20180911 -5.4878e-05 5.3761e-10 TSX
20150307 20160211 -1.8253e-05 4.2166e-10 TSX
20150312 20160320 -4.5155e-05 4.1765e-10 TSX
20150326 20150827 4.0554e-05 5.8129e-10 TSX
20150329 20151207 1.2024e-05 4.7776e-10 TSX
20150428 20160425 -2.2628e-05 3.9815e-10 TSX
20150509 20150827 2.8962e-05 6.534e-10 TSX
20150517 20150824 1.5352e-05 6.9372e-10 TSX
20150520 20180911 -6.8068e-05 4.4228e-10 TSX
20150714 20170822 -2.2746e-05 3.7152e-10 TSX
20150725 20170924 -1.5396e-05 3.8768e-10 TSX
20150802 20160309 -5.447e-05 5.2604e-10 TSX
20150805 20160403 -0.00012846 4.8261e-10 TSX
20150816 20171107 1.6523e-05 3.377e-10 TSX
20150824 20150915 0.00071184 8.7612e-10 TSX
20150827 20170902 -3.2055e-06 4.3526e-10 TSX
20150915 20160216 -0.00012341 6.0431e-10 TSX
20151021 20160904 -0.00011423 4.4884e-10 TSX
20151101 20171016 -4.005e-05 3.4198e-10 TSX
20151112 20160425 -3.1192e-05 5.6675e-10 TSX
20151115 20151229 0.00016034 7.9797e-10 TSX
20151123 20171221 3.5122e-06 5.3641e-10 TSX
20151204 20151215 0.00016498 9.8678e-10 TSX
20151207 20160406 -0.00015322 6.3792e-10 TSX
20151215 20170822 -8.4641e-05 4.3683e-10 TSX
20151226 20161223 1.6198e-05 4.0615e-10 TSX
20151229 20160211 2.3118e-05 7.9797e-10 TSX
20160106 20161223 -3.4483e-05 4.1221e-10 TSX
20160117 20160926 -1.995e-05 4.8122e-10 TSX
20160128 20160301 -0.00013296 8.2605e-10 TSX
20160208 20160312 -9.3652e-05 8.2605e-10 TSX
20160216 20160309 -0.00038657 8.7612e-10 TSX
20160219 20180319 -1.8269e-05 3.3553e-10 TSX
20160301 20161201 1.5589e-05 4.5748e-10 TSX
20160304 20160326 3.3373e-05 8.6247e-10 TSX
20160312 20180319 -9.1963e-07 4.7038e-10 TSX
20160320 20160411 0.00037787 8.7613e-10 TSX
20160323 20171118 -1.3518e-05 3.6017e-10 TSX
20160326 20160406 -0.00050887 9.7703e-10 TSX
20160403 20171027 2.4931e-05 3.7572e-10 TSX
20160425 20170811 1.7038e-05 4.8777e-10 TSX
20160528 20160630 3.3327e-05 8.2605e-10 TSX
20160630 20171118 1.4473e-05 3.7862e-10 TSX
20160722 20161201 3.9437e-05 6.1576e-10 TSX
20160904 20180707 -2.9307e-05 3.6013e-10 TSX
20160915 20180911 -8.3809e-05 3.5154e-10 TSX
20160926 20170114 -3.3856e-05 6.5397e-10 TSX
20161201 20171027 -7.3089e-05 4.5566e-10 TSX
20161223 20171107 -2.2003e-05 4.5648e-10 TSX
20170114 20170902 3.5375e-07 5.456e-10 TSX
20170811 20171005 -1.7426e-05 7.7085e-10 TSX
20170822 20180707 -0.00011114 4.287e-10 TSX
20170913 20180707 -0.00014718 4.4317e-10 TSX
20170924 20180319 -4.5911e-05 5.5262e-10 TSX
20171005 20171107 5.9061e-05 8.2605e-10 TSX
20171016 20180319 -3.185e-05 5.8224e-10 TSX
20171027 20180911 -0.00010788 4.2895e-10 TSX
20171107 20171118 8.0272e-05 9.8678e-10 TSX
20171118 20171129 6.555e-05 9.8678e-10 TSX
20171129 20171221 8.6757e-06 8.6431e-10 TSX
20171210 20180820 -0.00014997 4.7411e-10 TSX
20171221 20180911 -0.00019497 4.6539e-10 TSX
20180112 20181003 3.1105e-05 4.6506e-10 TSX
20180319 20180707 -0.00018116 6.5397e-10 TSX
20180707 20180911 0.00019572 7.4522e-10 TSX
20180729 20181003 0.0001373 7.4523e-10 TSX
20180820 20181003 0.00024359 7.9745e-10 TSX
20180911 20181003 -0.00015637 8.6431e-10 TSX
