20030427 20030914 0.00016737 5.6517e-10 ERS2
20030914 20080629 1.0972e-05 2.9182e-10 ERS2
20050918 20090510 5.9978e-05 3.0771e-10 ERS2
20051127 20081116 9.7702e-05 3.0459e-10 ERS2
20060903 20090510 1.3236e-05 3.0773e-10 ERS2
20061231 20090105 6.0316e-05 3.5344e-10 ALOS
20070402 20070703 1.2178e-05 6.6824e-10 ALOS
20070518 20091008 -0.00014921 3.7255e-10 ALOS
20070818 20071003 -0.00022012 7.7771e-10 ALOS
20071217 20100509 0.00011904 3.1705e-10 ALOS
20080103 20100526 -0.00034459 3.0849e-10 ALOS
20080404 20080520 -2.085e-05 7.7827e-10 ALOS
20080618 20090921 7.7176e-06 3.7285e-10 ALOS
20080629 20090510 -0.00032799 4.1411e-10 ERS2
20080705 20091008 -0.00016483 3.6654e-10 ALOS
20080803 20090823 -2.3913e-06 3.8345e-10 ERS2
20081116 20090823 5.5175e-05 4.3192e-10 ERS2
20081219 20090921 -9.1444e-05 4.4689e-10 ALOS
20090105 20090708 -1.9757e-05 5.3455e-10 ALOS
20090510 20091101 -0.00014098 5.2077e-10 ERS2
20090708 20091008 0.00015049 6.674e-10 ALOS
20090823 20091101 0.0001347 6.9875e-10 ERS2
20091222 20100624 -0.00017126 5.2821e-10 ALOS
20100108 20100223 -3.8139e-05 7.7829e-10 ALOS
20100223 20100526 -0.0004276 6.693e-10 ALOS
20100410 20100711 -0.00029277 6.6834e-10 ALOS
20100509 20100624 0.00065296 7.7539e-10 ALOS
20100526 20100711 0.00041223 7.7762e-10 ALOS
20100624 20101109 5.0179e-05 5.8436e-10 ALOS
20100711 20101011 -0.000124 6.6732e-10 ALOS
20100809 20101109 5.4156e-06 6.6442e-10 ALOS
20101011 20101126 0.00025667 7.7759e-10 ALOS
20110111 20110226 0.00048553 7.7759e-10 ALOS
20110924 20130715 1.6575e-05 3.6324e-10 TSX
20111005 20121229 3.8392e-05 3.8493e-10 TSX
20111121 20171221 3.3427e-07 3.7404e-10 TSX
20111221 20130131 7.4244e-06 3.87e-10 TSX
20111224 20121027 -2.2663e-05 4.1975e-10 TSX
20120126 20140419 -6.2427e-06 3.3397e-10 TSX
20120203 20160320 7.3829e-05 3.4517e-10 TSX
20120206 20171107 -1.4703e-06 4.1133e-10 TSX
20120617 20171129 -4.21e-05 4.1366e-10 TSX
20120723 20160120 3.9236e-06 3.4689e-10 TSX
20121024 20130109 6.6496e-05 7.0372e-10 TSX
20121027 20151226 -8.2121e-05 3.8191e-10 TSX
20121030 20130311 -3.8132e-07 5.8488e-10 TSX
20121107 20171118 -4.4217e-05 4.0508e-10 TSX
20121221 20160208 -0.00011091 3.2773e-10 TSX
20121224 20130516 6.9886e-05 5.6867e-10 TSX
20121229 20130407 4.3015e-06 6.572e-10 TSX
20130104 20130217 -3.5801e-05 7.7477e-10 TSX
20130109 20130715 0.00018681 5.4337e-10 TSX
20130112 20140511 -5.7705e-05 4.8479e-10 TSX
20130115 20130721 -2.0246e-06 5.6453e-10 TSX
20130126 20130823 -0.00025815 5.1137e-10 TSX
20130131 20130429 -1.3039e-05 6.793e-10 TSX
20130203 20130729 -5.6042e-05 5.4796e-10 TSX
20130211 20130919 -5.0399e-05 5.2262e-10 TSX
20130228 20141209 3.4444e-05 3.91e-10 TSX
20130311 20130801 -7.9177e-05 5.7661e-10 TSX
20130316 20130623 -7.5762e-05 6.5876e-10 TSX
20130402 20150122 4.6074e-05 3.6869e-10 TSX
20130407 20140530 2.7613e-05 4.1514e-10 TSX
20130421 20171016 3.4427e-05 5.4418e-10 TSX
20130424 20130721 -0.00020324 6.6431e-10 TSX
20130429 20130623 -9.6149e-05 7.5671e-10 TSX
20130505 20131028 -0.00042809 5.9689e-10 TSX
20130513 20151112 0.0001239 4.0915e-10 TSX
20130516 20131017 -0.00036029 5.8759e-10 TSX
20130521 20130715 9.0083e-05 7.5684e-10 TSX
20130524 20171129 3.8841e-05 4.3061e-10 TSX
20130527 20140627 -2.3972e-05 4.0549e-10 TSX
20130601 20130930 3.1647e-06 6.1878e-10 TSX
20130604 20141217 8.2143e-05 4.7943e-10 TSX
20130607 20140719 -1.9033e-05 4.1018e-10 TSX
20130612 20150105 2.3549e-05 3.9364e-10 TSX
20130615 20160106 -5.3591e-06 4.3721e-10 TSX
20130618 20140708 -3.1712e-05 3.928e-10 TSX
20130623 20130715 0.00061791 8.6516e-10 TSX
20130629 20130914 4.7131e-05 7.005e-10 TSX
20130707 20150130 1.5879e-05 3.7517e-10 TSX
20130710 20140901 4.3256e-05 4.1404e-10 TSX
20130715 20130726 -0.0023853 1.0144e-09 TSX
20130721 20131108 0.00045154 6.3911e-10 TSX
20130726 20150517 6.4617e-05 3.9887e-10 TSX
20130729 20160904 2.1416e-05 5.3869e-10 TSX
20130801 20151115 -0.00011593 3.6647e-10 TSX
20130817 20140209 2.9645e-05 5.4245e-10 TSX
20130828 20150312 2.8661e-05 4.0929e-10 TSX
20130903 20150329 -0.00026651 3.8523e-10 TSX
20130919 20160309 2.1859e-05 3.6376e-10 TSX
20130925 20140708 2.6866e-05 4.8006e-10 TSX
20130930 20160411 0.00010236 4.2023e-10 TSX
20131011 20150802 -7.4956e-05 4.0803e-10 TSX
20131017 20140719 -2.3889e-05 4.5266e-10 TSX
20131028 20160304 -0.00012693 3.1908e-10 TSX
20131102 20140519 1.6441e-05 5.19e-10 TSX
20131108 20140708 7.5637e-05 5.1686e-10 TSX
20140209 20160309 -2.1825e-05 4.6472e-10 TSX
20140223 20140829 8.6369e-06 5.2453e-10 TSX
20140408 20140705 -9.374e-06 6.6149e-10 TSX
20140419 20170913 -6.4724e-07 3.9509e-10 TSX
20140511 20141228 1.9125e-05 5.1992e-10 TSX
20140519 20150824 -6.2921e-05 4.1386e-10 TSX
20140624 20171005 2.7597e-05 3.8933e-10 TSX
20140627 20151115 -8.6015e-05 3.7292e-10 TSX
20140705 20180911 3.8639e-05 3.6774e-10 TSX
20140708 20160406 4.0505e-05 3.967e-10 TSX
20140716 20171005 -1.4987e-05 4.614e-10 TSX
20140719 20151207 1.9098e-05 4.2414e-10 TSX
20140727 20150326 -5.0085e-05 4.7376e-10 TSX
20140810 20150122 4.2291e-05 5.4405e-10 TSX
20140818 20160301 2.8578e-05 4.8319e-10 TSX
20140829 20160208 -1.0469e-05 4.4509e-10 TSX
20140901 20140912 -0.00027265 9.7007e-10 TSX
20140912 20141209 1.2238e-05 6.6467e-10 TSX
20140920 20170902 2.1574e-05 4.3541e-10 TSX
20141209 20160211 -9.9977e-05 3.8192e-10 TSX
20141217 20160722 -5.056e-05 3.7716e-10 TSX
20141228 20160106 -6.436e-05 4.3449e-10 TSX
20141231 20151024 2.6815e-05 4.5882e-10 TSX
20150105 20150824 -5.2552e-05 5.1678e-10 TSX
20150108 20170811 7.9548e-05 4.5484e-10 TSX
20150119 20160117 2.0044e-05 4.6496e-10 TSX
20150127 20160411 -0.00012857 4.2506e-10 TSX
20150130 20151112 7.9455e-05 4.8786e-10 TSX
20150210 20170114 5.9235e-05 4.0878e-10 TSX
20150213 20160326 0.00024995 4.1057e-10 TSX
20150218 20160216 -5.8674e-05 4.3785e-10 TSX
20150221 20180112 0.00010472 3.6408e-10 TSX
20150304 20180911 -1.1996e-05 3.934e-10 TSX
20150307 20160211 -1.9298e-05 4.6336e-10 TSX
20150312 20160320 -0.00010121 4.2651e-10 TSX
20150326 20150827 2.3717e-05 6.0083e-10 TSX
20150329 20151207 -2.066e-05 4.7294e-10 TSX
20150428 20160425 5.808e-05 4.4883e-10 TSX
20150509 20150827 -0.00015061 6.4273e-10 TSX
20150517 20150824 -0.00022066 6.6417e-10 TSX
20150520 20180911 2.4428e-05 3.4054e-10 TSX
20150714 20170822 -9.7341e-05 4.7422e-10 TSX
20150725 20170924 0.00012398 4.0046e-10 TSX
20150802 20160309 -6.143e-05 5.0106e-10 TSX
20150805 20160403 0.00010179 4.7904e-10 TSX
20150816 20171107 0.00011362 4.5524e-10 TSX
20150824 20150915 0.00065819 8.6506e-10 TSX
20150827 20170902 5.2965e-05 4.3773e-10 TSX
20150915 20160216 -7.5171e-05 5.7624e-10 TSX
20151021 20160904 -3.9902e-05 4.3876e-10 TSX
20151101 20171016 -8.8507e-06 3.5539e-10 TSX
20151112 20160425 -1.8399e-05 5.6254e-10 TSX
20151115 20151229 9.0684e-05 7.7478e-10 TSX
20151123 20171221 2.2102e-05 3.6572e-10 TSX
20151204 20151215 0.00016604 9.7935e-10 TSX
20151207 20160406 -1.7056e-05 6.0247e-10 TSX
20151215 20170822 -3.3158e-05 4.0599e-10 TSX
20151226 20161223 2.8025e-05 4.2015e-10 TSX
20151229 20160211 -1.7552e-05 7.7477e-10 TSX
20160106 20161223 5.2512e-05 4.0741e-10 TSX
20160117 20160926 -2.6841e-05 4.8196e-10 TSX
20160128 20160301 -0.00024149 8.0755e-10 TSX
20160208 20160312 -0.0001079 8.0755e-10 TSX
20160216 20160309 -0.00037254 8.6506e-10 TSX
20160219 20180319 4.1686e-05 3.9701e-10 TSX
20160301 20161201 5.5453e-05 4.4176e-10 TSX
20160304 20160326 6.7241e-05 8.5078e-10 TSX
20160312 20180319 -1.0971e-05 3.69e-10 TSX
20160320 20160411 0.00033431 8.6507e-10 TSX
20160323 20171118 5.0333e-05 4.1899e-10 TSX
20160326 20160406 -0.00052734 9.7e-10 TSX
20160403 20171027 -0.0001321 4.8033e-10 TSX
20160425 20170811 3.9573e-05 4.5165e-10 TSX
20160528 20160630 1.547e-05 8.0755e-10 TSX
20160630 20171118 -3.0289e-05 3.8181e-10 TSX
20160722 20161201 0.00015557 5.863e-10 TSX
20160904 20180707 4.1429e-05 5.2423e-10 TSX
20160915 20180911 -6.9493e-05 4.4975e-10 TSX
20160926 20170114 5.0525e-05 6.6157e-10 TSX
20161201 20171027 -4.2141e-05 4.8061e-10 TSX
20161223 20171107 -0.00010753 4.6527e-10 TSX
20170114 20170902 -1.8522e-05 5.6045e-10 TSX
20170811 20171005 -3.9459e-05 7.4189e-10 TSX
20170822 20180707 -8.452e-05 4.1545e-10 TSX
20170913 20180707 -0.00012869 4.3234e-10 TSX
20170924 20180319 1.0366e-05 5.232e-10 TSX
20171005 20171107 8.0653e-05 8.0755e-10 TSX
20171016 20180319 2.1677e-05 5.5026e-10 TSX
20171027 20180911 -5.0927e-05 4.2119e-10 TSX
20171107 20171118 7.1725e-05 9.7935e-10 TSX
20171118 20171129 5.8124e-05 9.7935e-10 TSX
20171129 20171221 -5.1884e-06 8.5195e-10 TSX
20171210 20180820 -0.0001072 4.5798e-10 TSX
20171221 20180911 -8.98e-05 4.7198e-10 TSX
20180112 20181003 -4.0209e-05 4.7283e-10 TSX
20180319 20180707 -0.00021248 6.2105e-10 TSX
20180707 20180911 0.00027111 7.1292e-10 TSX
20180729 20181003 1.603e-05 7.1292e-10 TSX
20180820 20181003 0.00014994 7.7315e-10 TSX
20180911 20181003 -0.00020742 8.5195e-10 TSX
