20030427 20030914 0.00054419 5.7376e-10 ERS2
20030914 20080629 -0.00011083 2.7845e-10 ERS2
20050918 20090510 1.9233e-05 3.1563e-10 ERS2
20051127 20081116 0.00017351 3.0201e-10 ERS2
20060903 20090510 0.00028553 3.2229e-10 ERS2
20061231 20090105 -6.5181e-06 3.1747e-10 ALOS
20070402 20070703 5.8938e-05 6.7512e-10 ALOS
20070518 20091008 -1.0408e-05 3.0242e-10 ALOS
20070818 20071003 -0.00033157 7.8777e-10 ALOS
20071217 20100509 -9.3587e-05 3.0571e-10 ALOS
20080103 20100526 -5.5581e-05 3.011e-10 ALOS
20080404 20080520 -2.3906e-05 7.8773e-10 ALOS
20080618 20090921 -0.0001259 3.7628e-10 ALOS
20080629 20090510 6.3906e-05 4.1599e-10 ERS2
20080705 20091008 0.00014496 3.6595e-10 ALOS
20080803 20090823 8.3081e-05 3.8773e-10 ERS2
20081116 20090823 8.8794e-05 4.3646e-10 ERS2
20081219 20090921 0.00085004 4.4722e-10 ALOS
20090105 20090708 0.00014027 5.3126e-10 ALOS
20090510 20091101 0.00042437 5.2696e-10 ERS2
20090708 20091008 0.0012916 6.7504e-10 ALOS
20090823 20091101 0.0013141 7.158e-10 ERS2
20091222 20100624 0.00094254 5.2808e-10 ALOS
20100108 20100223 0.00078382 7.878e-10 ALOS
20100223 20100526 -9.9976e-05 6.7512e-10 ALOS
20100410 20100711 -6.988e-05 6.7519e-10 ALOS
20100509 20100624 0.00075974 7.8533e-10 ALOS
20100526 20100711 0.00058283 7.878e-10 ALOS
20100624 20101109 0.00027521 5.8853e-10 ALOS
20100711 20101011 0.00018547 6.7515e-10 ALOS
20100809 20101109 -7.7177e-05 6.7182e-10 ALOS
20101011 20101126 0.00026646 7.8778e-10 ALOS
20110111 20110226 0.0010828 7.8774e-10 ALOS
20110924 20130715 -2.4597e-06 3.2634e-10 TSX
20111005 20121229 -5.3884e-05 3.6845e-10 TSX
20111121 20171221 -2.0485e-05 2.9089e-10 TSX
20111221 20130131 -3.3558e-05 3.853e-10 TSX
20111224 20121027 1.4744e-05 4.2395e-10 TSX
20120126 20140419 1.5669e-05 2.9927e-10 TSX
20120203 20160320 -1.4176e-05 2.7954e-10 TSX
20120206 20171107 -1.0196e-05 3.1786e-10 TSX
20120617 20171129 -2.5124e-05 3.3644e-10 TSX
20120723 20160120 -6.9205e-05 2.6749e-10 TSX
20121024 20130109 -0.00010311 7.13e-10 TSX
20121027 20151226 6.1554e-06 2.8323e-10 TSX
20121030 20130311 -5.4471e-05 5.8836e-10 TSX
20121107 20171118 -4.7301e-06 3.6024e-10 TSX
20121221 20160208 8.4275e-06 2.9279e-10 TSX
20121224 20130516 2.1396e-05 5.7166e-10 TSX
20121229 20130407 -1.0565e-05 6.6512e-10 TSX
20130104 20130217 9.8856e-05 7.8443e-10 TSX
20130109 20130715 0.00017299 5.321e-10 TSX
20130112 20140511 4.8887e-05 3.5821e-10 TSX
20130115 20130721 -8.1933e-05 5.1593e-10 TSX
20130126 20130823 -0.00012223 4.9316e-10 TSX
20130131 20130429 7.2177e-05 6.882e-10 TSX
20130203 20130729 4.112e-05 5.3168e-10 TSX
20130211 20130919 7.3115e-05 4.9875e-10 TSX
20130228 20141209 2.4398e-05 3.1448e-10 TSX
20130311 20130801 -2.501e-05 5.7161e-10 TSX
20130316 20130623 -4.5832e-05 6.6513e-10 TSX
20130402 20150122 -7.679e-06 2.9134e-10 TSX
20130407 20140530 2.3581e-05 3.8051e-10 TSX
20130421 20171016 -3.3545e-06 3.4605e-10 TSX
20130424 20130721 -0.00020862 6.7137e-10 TSX
20130429 20130623 -0.00018896 7.6727e-10 TSX
20130505 20131028 -0.0004906 5.2804e-10 TSX
20130513 20151112 1.017e-05 2.9252e-10 TSX
20130516 20131017 -0.00012363 5.5578e-10 TSX
20130521 20130715 0.00024196 7.673e-10 TSX
20130524 20171129 8.8875e-06 3.6647e-10 TSX
20130527 20140627 -3.3544e-05 3.8752e-10 TSX
20130601 20130930 0.00014239 6.2395e-10 TSX
20130604 20141217 9.235e-06 3.4112e-10 TSX
20130607 20140719 3.9374e-05 3.836e-10 TSX
20130612 20150105 -1.5505e-05 3.3903e-10 TSX
20130615 20160106 2.0457e-05 2.8922e-10 TSX
20130618 20140708 3.1795e-05 3.9192e-10 TSX
20130623 20130715 0.00072564 8.7278e-10 TSX
20130629 20130914 0.0001481 6.9688e-10 TSX
20130707 20150130 -2.6201e-06 3.4006e-10 TSX
20130710 20140901 4.0918e-05 3.8021e-10 TSX
20130715 20130726 -0.0023867 1.0204e-09 TSX
20130721 20131108 0.00087409 6.2626e-10 TSX
20130726 20150517 -0.00011372 3.2412e-10 TSX
20130729 20160904 -1.8714e-05 2.8677e-10 TSX
20130801 20151115 9.33e-06 2.8823e-10 TSX
20130817 20140209 -0.00010002 5.449e-10 TSX
20130828 20150312 -6.7798e-06 3.4097e-10 TSX
20130903 20150329 -0.00014275 3.1185e-10 TSX
20130919 20160309 -2.4226e-05 2.8575e-10 TSX
20130925 20140708 -1.11e-05 4.3257e-10 TSX
20130930 20160411 -3.9163e-05 2.9069e-10 TSX
20131011 20150802 5.7629e-06 3.2139e-10 TSX
20131017 20140719 -8.1422e-05 4.4007e-10 TSX
20131028 20160304 -9.7522e-05 2.6282e-10 TSX
20131102 20140519 5.9636e-05 5.2039e-10 TSX
20131108 20140708 6.8346e-07 4.6428e-10 TSX
20140209 20160309 -8.7241e-07 3.1412e-10 TSX
20140223 20140829 3.4953e-05 5.1894e-10 TSX
20140408 20140705 6.488e-06 6.8036e-10 TSX
20140419 20170913 4.1189e-06 3.29e-10 TSX
20140511 20141228 2.0541e-05 4.7594e-10 TSX
20140519 20150824 -4.8831e-05 3.6341e-10 TSX
20140624 20171005 -2.2153e-05 3.1808e-10 TSX
20140627 20151115 -4.8943e-06 3.3959e-10 TSX
20140705 20180911 -1.0737e-05 2.9683e-10 TSX
20140708 20160406 -1.7349e-06 3.1361e-10 TSX
20140716 20171005 6.6086e-06 3.4224e-10 TSX
20140719 20151207 -7.7929e-06 3.3953e-10 TSX
20140727 20150326 -2.2009e-05 4.6721e-10 TSX
20140810 20150122 -4.0064e-05 5.4162e-10 TSX
20140818 20160301 2.5726e-06 3.3181e-10 TSX
20140829 20160208 -1.4766e-06 3.4143e-10 TSX
20140901 20140912 -0.00026211 9.7613e-10 TSX
20140912 20141209 -0.00010929 6.7137e-10 TSX
20140920 20170902 2.1049e-05 3.1462e-10 TSX
20141209 20160211 -6.1429e-05 3.6349e-10 TSX
20141217 20160722 7.3752e-06 3.332e-10 TSX
20141228 20160106 2.221e-05 3.8595e-10 TSX
20141231 20151024 2.4347e-05 4.2602e-10 TSX
20150105 20150824 -2.9039e-05 4.8875e-10 TSX
20150108 20170811 9.3938e-06 2.9709e-10 TSX
20150119 20160117 7.2791e-05 3.9108e-10 TSX
20150127 20160411 -1.5165e-05 3.7036e-10 TSX
20150130 20151112 5.1152e-05 4.3235e-10 TSX
20150210 20170114 8.3232e-06 3.2406e-10 TSX
20150213 20160326 3.8201e-05 3.7294e-10 TSX
20150218 20160216 -1.8051e-05 4.0318e-10 TSX
20150221 20180112 -1.1373e-05 2.9432e-10 TSX
20150304 20180911 1.6498e-05 3.1567e-10 TSX
20150307 20160211 1.0091e-05 4.0188e-10 TSX
20150312 20160320 -3.1809e-05 3.9771e-10 TSX
20150326 20150827 4.8301e-05 5.6008e-10 TSX
20150329 20151207 -2.3186e-05 4.5617e-10 TSX
20150428 20160425 1.9919e-05 3.928e-10 TSX
20150509 20150827 6.2173e-05 6.3314e-10 TSX
20150517 20150824 8.8471e-05 6.6513e-10 TSX
20150520 20180911 1.133e-05 2.9511e-10 TSX
20150714 20170822 -1.3109e-05 3.2328e-10 TSX
20150725 20170924 3.0365e-05 3.1858e-10 TSX
20150802 20160309 -0.00012709 4.9874e-10 TSX
20150805 20160403 -9.1194e-06 4.6674e-10 TSX
20150816 20171107 7.128e-07 3.1963e-10 TSX
20150824 20150915 0.0006645 8.7266e-10 TSX
20150827 20170902 7.5898e-06 3.2252e-10 TSX
20150915 20160216 -0.0001313 5.7303e-10 TSX
20151021 20160904 9.3659e-06 4.1728e-10 TSX
20151101 20171016 2.2879e-05 3.2357e-10 TSX
20151112 20160425 -1.5095e-05 5.4516e-10 TSX
20151115 20151229 0.00012616 7.8443e-10 TSX
20151123 20171221 -8.3237e-06 3.2563e-10 TSX
20151204 20151215 0.00015456 9.8987e-10 TSX
20151207 20160406 -0.0002184 6.0653e-10 TSX
20151215 20170822 4.5888e-06 3.3318e-10 TSX
20151226 20161223 3.5936e-05 3.9762e-10 TSX
20151229 20160211 4.8115e-05 7.8443e-10 TSX
20160106 20161223 4.3198e-05 4.0252e-10 TSX
20160117 20160926 2.5168e-05 4.5846e-10 TSX
20160128 20160301 -0.00015138 8.2476e-10 TSX
20160208 20160312 -7.67e-05 8.2476e-10 TSX
20160216 20160309 -0.00041045 8.7266e-10 TSX
20160219 20180319 1.7143e-05 3.2268e-10 TSX
20160301 20161201 4.958e-06 4.4357e-10 TSX
20160304 20160326 -6.4662e-06 8.5836e-10 TSX
20160312 20180319 5.9883e-06 3.2359e-10 TSX
20160320 20160411 0.00032627 8.7267e-10 TSX
20160323 20171118 1.2367e-05 3.3978e-10 TSX
20160326 20160406 -0.00046032 9.7606e-10 TSX
20160403 20171027 2.7778e-05 3.5209e-10 TSX
20160425 20170811 5.1541e-06 3.6171e-10 TSX
20160528 20160630 -1.2393e-05 8.2476e-10 TSX
20160630 20171118 1.1948e-05 3.4617e-10 TSX
20160722 20161201 -3.1511e-05 5.9421e-10 TSX
20160904 20180707 4.66e-05 3.2771e-10 TSX
20160915 20180911 1.6318e-05 3.116e-10 TSX
20160926 20170114 3.4671e-05 6.3384e-10 TSX
20161201 20171027 4.2989e-05 4.1272e-10 TSX
20161223 20171107 -1.0386e-05 4.1726e-10 TSX
20170114 20170902 5.469e-05 4.7697e-10 TSX
20170811 20171005 -2.192e-05 7.6267e-10 TSX
20170822 20180707 8.6543e-05 4.1823e-10 TSX
20170913 20180707 5.801e-05 4.2968e-10 TSX
20170924 20180319 4.9786e-05 5.3179e-10 TSX
20171005 20171107 2.9465e-05 8.2476e-10 TSX
20171016 20180319 7.1443e-06 5.6051e-10 TSX
20171027 20180911 5.2177e-05 4.1817e-10 TSX
20171107 20171118 6.7848e-05 9.8987e-10 TSX
20171118 20171129 5.0566e-05 9.8987e-10 TSX
20171129 20171221 -1.7933e-05 8.657e-10 TSX
20171210 20180820 9.3838e-05 4.5875e-10 TSX
20171221 20180911 2.9597e-05 4.5067e-10 TSX
20180112 20181003 1.8322e-05 4.508e-10 TSX
20180319 20180707 2.3648e-07 6.3385e-10 TSX
20180707 20180911 0.00018435 7.3363e-10 TSX
20180729 20181003 2.2172e-05 7.3363e-10 TSX
20180820 20181003 0.0001144 7.9282e-10 TSX
20180911 20181003 -0.00017592 8.6572e-10 TSX
