20030427 20030914 9.526e-06 5.6866e-10 ERS2
20030914 20080629 1.2612e-05 2.7266e-10 ERS2
20050918 20090510 7.1224e-05 3.0599e-10 ERS2
20051127 20081116 3.7052e-05 3.5197e-10 ERS2
20060903 20090510 -0.00011309 3.1673e-10 ERS2
20061231 20090105 7.4517e-07 3.549e-10 ALOS
20070402 20070703 -0.00011163 6.8475e-10 ALOS
20070518 20091008 -9.1003e-05 3.3298e-10 ALOS
20070818 20071003 -0.0004025 7.9227e-10 ALOS
20071217 20100509 0.00025397 3.1955e-10 ALOS
20080103 20100526 -0.00011473 3.2293e-10 ALOS
20080404 20080520 9.2426e-06 7.9224e-10 ALOS
20080618 20090921 -9.051e-05 3.7762e-10 ALOS
20080629 20090510 -0.00022436 4.1793e-10 ERS2
20080705 20091008 -0.00020164 3.7042e-10 ALOS
20080803 20090823 -9.4039e-05 3.852e-10 ERS2
20081116 20090823 -2.6666e-05 4.3417e-10 ERS2
20081219 20090921 -8.8247e-05 4.5392e-10 ALOS
20090105 20090708 -0.00011427 5.416e-10 ALOS
20090510 20091101 -0.00050572 5.2446e-10 ERS2
20090708 20091008 0.00013546 6.8513e-10 ALOS
20090823 20091101 0.00025977 7.0583e-10 ERS2
20091222 20100624 0.00019201 5.3468e-10 ALOS
20100108 20100223 0.00044379 7.929e-10 ALOS
20100223 20100526 -0.00016027 6.8917e-10 ALOS
20100410 20100711 -0.00013251 6.8795e-10 ALOS
20100509 20100624 0.00062516 7.895e-10 ALOS
20100526 20100711 0.00029941 7.9225e-10 ALOS
20100624 20101109 7.2409e-05 5.9778e-10 ALOS
20100711 20101011 -5.6335e-05 6.8552e-10 ALOS
20100809 20101109 9.1737e-06 6.8157e-10 ALOS
20101011 20101126 0.00026326 7.9224e-10 ALOS
20110111 20110226 0.00053138 7.9223e-10 ALOS
20110924 20130715 2.5902e-05 3.9416e-10 TSX
20111005 20121229 -2.7349e-07 3.9927e-10 TSX
20111121 20171221 2.2252e-06 4.5932e-10 TSX
20111221 20130131 -4.8149e-06 3.9709e-10 TSX
20111224 20121027 -6.172e-05 4.2774e-10 TSX
20120126 20140419 -5.7857e-05 4.2934e-10 TSX
20120203 20160320 -2.4272e-05 3.191e-10 TSX
20120206 20171107 1.8287e-05 3.785e-10 TSX
20120617 20171129 -1.5292e-05 4.0237e-10 TSX
20120723 20160120 2.4669e-05 3.4691e-10 TSX
20121024 20130109 -4.0393e-05 7.2188e-10 TSX
20121027 20151226 2.5881e-05 4.5248e-10 TSX
20121030 20130311 2.105e-05 5.9528e-10 TSX
20121107 20171118 2.0057e-05 3.7855e-10 TSX
20121221 20160208 -3.4595e-05 4.7086e-10 TSX
20121224 20130516 -7.3723e-05 5.7829e-10 TSX
20121229 20130407 5.6312e-05 6.756e-10 TSX
20130104 20130217 5.0042e-05 7.8701e-10 TSX
20130109 20130715 0.00025656 5.6046e-10 TSX
20130112 20140511 -3.1936e-05 4.608e-10 TSX
20130115 20130721 -6.7902e-05 5.2546e-10 TSX
20130126 20130823 -0.00037889 5.2706e-10 TSX
20130131 20130429 3.621e-05 6.9816e-10 TSX
20130203 20130729 1.1573e-05 5.3774e-10 TSX
20130211 20130919 -8.3136e-05 5.8479e-10 TSX
20130228 20141209 5.7002e-06 3.7331e-10 TSX
20130311 20130801 -3.2785e-05 6.1225e-10 TSX
20130316 20130623 1.4806e-05 6.7859e-10 TSX
20130402 20150122 7.1723e-05 4.3364e-10 TSX
20130407 20140530 8.8895e-06 4.3664e-10 TSX
20130421 20171016 9.2216e-06 4.2944e-10 TSX
20130424 20130721 -0.00016643 6.8055e-10 TSX
20130429 20130623 -0.00010473 7.7359e-10 TSX
20130505 20131028 -0.00049217 6.3978e-10 TSX
20130513 20151112 4.6947e-05 4.0548e-10 TSX
20130516 20131017 -0.00026059 5.9186e-10 TSX
20130521 20130715 0.00016074 7.7605e-10 TSX
20130524 20171129 3.9045e-05 4.6442e-10 TSX
20130527 20140627 -9.3265e-06 4.5128e-10 TSX
20130601 20130930 -6.2257e-06 6.3741e-10 TSX
20130604 20141217 -2.7638e-05 3.9809e-10 TSX
20130607 20140719 -2.1827e-05 4.4e-10 TSX
20130612 20150105 1.3056e-05 3.732e-10 TSX
20130615 20160106 -8.2429e-05 4.8168e-10 TSX
20130618 20140708 -3.3857e-05 4.0407e-10 TSX
20130623 20130715 0.00062711 8.7422e-10 TSX
20130629 20130914 -1.6147e-05 7.1127e-10 TSX
20130707 20150130 3.8173e-07 3.8822e-10 TSX
20130710 20140901 -1.0351e-05 4.1438e-10 TSX
20130715 20130726 -0.002416 1.021e-09 TSX
20130721 20131108 1.5152e-06 6.7347e-10 TSX
20130726 20150517 -6.5951e-05 4.2172e-10 TSX
20130729 20160904 -1.4191e-05 4.7981e-10 TSX
20130801 20151115 3.7456e-05 3.7126e-10 TSX
20130817 20140209 4.2052e-05 5.5769e-10 TSX
20130828 20150312 1.2967e-05 4.0246e-10 TSX
20130903 20150329 1.0899e-05 3.9857e-10 TSX
20130919 20160309 7.5578e-06 4.0671e-10 TSX
20130925 20140708 3.0954e-05 4.9457e-10 TSX
20130930 20160411 3.4942e-05 3.4872e-10 TSX
20131011 20150802 -3.0426e-05 4.4799e-10 TSX
20131017 20140719 -2.1753e-05 5.0163e-10 TSX
20131028 20160304 -5.019e-05 3.5321e-10 TSX
20131102 20140519 0.00012015 5.2836e-10 TSX
20131108 20140708 -0.00011955 5.3313e-10 TSX
20140209 20160309 -4.1508e-05 3.8307e-10 TSX
20140223 20140829 -4.6601e-06 5.346e-10 TSX
20140408 20140705 -2.2423e-05 6.6874e-10 TSX
20140419 20170913 -3.2375e-05 3.4525e-10 TSX
20140511 20141228 5.1275e-05 4.8769e-10 TSX
20140519 20150824 8.4931e-05 4.3954e-10 TSX
20140624 20171005 -6.7846e-06 4.1691e-10 TSX
20140627 20151115 -0.00022692 4.157e-10 TSX
20140705 20180911 -3.7812e-06 4.6899e-10 TSX
20140708 20160406 5.6638e-05 3.9036e-10 TSX
20140716 20171005 -4.1992e-05 3.9708e-10 TSX
20140719 20151207 -7.6463e-05 4.1569e-10 TSX
20140727 20150326 -6.0978e-05 4.8449e-10 TSX
20140810 20150122 5.4703e-05 6.0609e-10 TSX
20140818 20160301 -1.9704e-05 4.6233e-10 TSX
20140829 20160208 -3.341e-05 4.365e-10 TSX
20140901 20140912 -0.00027364 9.7547e-10 TSX
20140912 20141209 6.1652e-05 6.7882e-10 TSX
20140920 20170902 -1.0683e-05 4.1785e-10 TSX
20141209 20160211 2.8385e-06 4.3157e-10 TSX
20141217 20160722 2.1184e-05 4.2845e-10 TSX
20141228 20160106 -0.00019238 4.571e-10 TSX
20141231 20151024 -5.0085e-05 4.5105e-10 TSX
20150105 20150824 -0.0001205 5.5015e-10 TSX
20150108 20170811 -3.7176e-05 4.8455e-10 TSX
20150119 20160117 -4.7671e-05 4.7561e-10 TSX
20150127 20160411 9.536e-05 4.0503e-10 TSX
20150130 20151112 2.3056e-05 5.1055e-10 TSX
20150210 20170114 -1.4205e-05 4.0176e-10 TSX
20150213 20160326 -5.7333e-05 4.0602e-10 TSX
20150218 20160216 -6.5986e-05 4.4061e-10 TSX
20150221 20180112 7.4913e-06 4.1602e-10 TSX
20150304 20180911 3.9313e-05 4.0482e-10 TSX
20150307 20160211 5.6977e-06 4.5943e-10 TSX
20150312 20160320 5.2274e-05 4.4428e-10 TSX
20150326 20150827 7.0155e-05 6.275e-10 TSX
20150329 20151207 3.492e-05 4.7842e-10 TSX
20150428 20160425 4.1616e-05 4.1654e-10 TSX
20150509 20150827 -9.6316e-05 6.4148e-10 TSX
20150517 20150824 -0.00030295 6.964e-10 TSX
20150520 20180911 -4.5028e-06 4.5279e-10 TSX
20150714 20170822 -6.815e-05 3.6284e-10 TSX
20150725 20170924 5.4084e-05 3.749e-10 TSX
20150802 20160309 1.5158e-05 5.2243e-10 TSX
20150805 20160403 0.00011606 4.963e-10 TSX
20150816 20171107 5.0551e-05 4.5475e-10 TSX
20150824 20150915 0.00055966 8.7413e-10 TSX
20150827 20170902 -8.4043e-05 4.1514e-10 TSX
20150915 20160216 8.4251e-05 5.9458e-10 TSX
20151021 20160904 6.652e-06 5.0974e-10 TSX
20151101 20171016 -3.5884e-05 4.7827e-10 TSX
20151112 20160425 -2.0195e-05 5.5453e-10 TSX
20151115 20151229 7.0097e-05 7.8701e-10 TSX
20151123 20171221 6.3697e-05 4.7059e-10 TSX
20151204 20151215 0.00016337 9.8377e-10 TSX
20151207 20160406 -4.3912e-06 6.1552e-10 TSX
20151215 20170822 7.8567e-06 4.1962e-10 TSX
20151226 20161223 4.2053e-05 4.1215e-10 TSX
20151229 20160211 2.7734e-05 7.8701e-10 TSX
20160106 20161223 3.8123e-05 4.1705e-10 TSX
20160117 20160926 -1.0365e-06 4.886e-10 TSX
20160128 20160301 -0.00020612 8.1447e-10 TSX
20160208 20160312 -0.00012719 8.1447e-10 TSX
20160216 20160309 -0.00032835 8.7413e-10 TSX
20160219 20180319 2.2193e-05 4.4548e-10 TSX
20160301 20161201 5.2468e-05 4.4352e-10 TSX
20160304 20160326 4.1256e-05 8.584e-10 TSX
20160312 20180319 -2.5998e-05 4.8489e-10 TSX
20160320 20160411 0.00038552 8.7432e-10 TSX
20160323 20171118 -2.1523e-05 4.5259e-10 TSX
20160326 20160406 -0.00049382 9.7538e-10 TSX
20160403 20171027 1.0092e-05 4.3125e-10 TSX
20160425 20170811 6.9273e-06 4.5989e-10 TSX
20160528 20160630 -7.2079e-06 8.1447e-10 TSX
20160630 20171118 1.8056e-05 3.7098e-10 TSX
20160722 20161201 0.00010626 5.878e-10 TSX
20160904 20180707 -5.7652e-05 4.3596e-10 TSX
20160915 20180911 -9.9578e-06 3.5434e-10 TSX
20160926 20170114 0.00011339 6.4062e-10 TSX
20161201 20171027 1.2669e-05 4.7504e-10 TSX
20161223 20171107 -3.445e-05 4.5728e-10 TSX
20170114 20170902 -9.0406e-05 5.4381e-10 TSX
20170811 20171005 -6.4111e-05 7.4999e-10 TSX
20170822 20180707 -6.8913e-05 4.2306e-10 TSX
20170913 20180707 -0.00011076 4.5085e-10 TSX
20170924 20180319 -5.4246e-05 5.2657e-10 TSX
20171005 20171107 8.9064e-05 8.1447e-10 TSX
20171016 20180319 -3.8036e-05 5.5419e-10 TSX
20171027 20180911 -5.4819e-05 4.2667e-10 TSX
20171107 20171118 6.7367e-05 9.8377e-10 TSX
20171118 20171129 5.2701e-05 9.8377e-10 TSX
20171129 20171221 7.201e-07 8.5759e-10 TSX
20171210 20180820 -0.00012998 4.6356e-10 TSX
20171221 20180911 -6.4689e-05 4.6711e-10 TSX
20180112 20181003 4.6072e-05 4.5585e-10 TSX
20180319 20180707 -0.00018722 6.2911e-10 TSX
20180707 20180911 0.00015392 7.2087e-10 TSX
20180729 20181003 -5.3569e-06 7.2087e-10 TSX
20180820 20181003 0.0001334 7.8094e-10 TSX
20180911 20181003 -0.00015161 8.5759e-10 TSX
