20030427 20030914 -0.00023103 5.6631e-10 ERS2
20030914 20080629 -0.0001491 2.7457e-10 ERS2
20050918 20090510 1.5846e-05 2.9692e-10 ERS2
20051127 20081116 0.00013349 3.048e-10 ERS2
20060903 20090510 -6.792e-06 3.0049e-10 ERS2
20061231 20090105 5.8407e-06 3.4534e-10 ALOS
20070402 20070703 -0.00019168 6.6613e-10 ALOS
20070518 20091008 -0.00014634 3.0661e-10 ALOS
20070818 20071003 -0.00024595 7.759e-10 ALOS
20071217 20100509 -2.3955e-06 3.3441e-10 ALOS
20080103 20100526 -6.1514e-05 3.2611e-10 ALOS
20080404 20080520 1.7578e-05 7.7576e-10 ALOS
20080618 20090921 -9.9692e-05 3.7315e-10 ALOS
20080629 20090510 -0.00050916 4.1231e-10 ERS2
20080705 20091008 -4.6037e-05 3.6803e-10 ALOS
20080803 20090823 -1.2314e-05 3.8341e-10 ERS2
20081116 20090823 5.1318e-05 4.3207e-10 ERS2
20081219 20090921 9.9658e-05 4.4673e-10 ALOS
20090105 20090708 -0.00034034 5.3366e-10 ALOS
20090510 20091101 0.00021402 5.2259e-10 ERS2
20090708 20091008 0.00022094 6.6739e-10 ALOS
20090823 20091101 -2.9712e-05 6.986e-10 ERS2
20091222 20100624 3.3552e-05 5.2773e-10 ALOS
20100108 20100223 0.00036871 7.7735e-10 ALOS
20100223 20100526 -0.0001838 6.6994e-10 ALOS
20100410 20100711 -6.4503e-05 6.6668e-10 ALOS
20100509 20100624 0.00060758 7.738e-10 ALOS
20100526 20100711 0.00041386 7.7587e-10 ALOS
20100624 20101109 -0.00010741 5.8408e-10 ALOS
20100711 20101011 -0.00026217 6.6649e-10 ALOS
20100809 20101109 -2.4543e-05 6.6371e-10 ALOS
20101011 20101126 0.00034543 7.7587e-10 ALOS
20110111 20110226 0.00052226 7.7587e-10 ALOS
20110924 20130715 2.1218e-06 3.2305e-10 TSX
20111005 20121229 4.4123e-06 3.6893e-10 TSX
20111121 20171221 -1.4379e-05 2.5849e-10 TSX
20111221 20130131 7.589e-07 3.8514e-10 TSX
20111224 20121027 1.7561e-05 4.1915e-10 TSX
20120126 20140419 -2.1279e-05 3.1161e-10 TSX
20120203 20160320 1.6642e-05 2.5448e-10 TSX
20120206 20171107 9.334e-06 2.833e-10 TSX
20120617 20171129 -6.7159e-06 2.7135e-10 TSX
20120723 20160120 -1.5725e-05 2.8432e-10 TSX
20121024 20130109 7.0735e-05 7.0196e-10 TSX
20121027 20151226 -5.9945e-06 2.893e-10 TSX
20121030 20130311 1.7553e-05 5.8471e-10 TSX
20121107 20171118 -9.7105e-06 2.7849e-10 TSX
20121221 20160208 1.282e-05 3.0983e-10 TSX
20121224 20130516 1.7466e-05 5.6852e-10 TSX
20121229 20130407 4.4009e-05 6.563e-10 TSX
20130104 20130217 2.8003e-05 7.7358e-10 TSX
20130109 20130715 -5.914e-05 5.3193e-10 TSX
20130112 20140511 5.7944e-06 3.5795e-10 TSX
20130115 20130721 -3.6646e-05 5.1409e-10 TSX
20130126 20130823 0.00015351 5.1616e-10 TSX
20130131 20130429 1.9669e-05 6.7823e-10 TSX
20130203 20130729 2.4892e-06 5.2314e-10 TSX
20130211 20130919 -1.5816e-05 4.9612e-10 TSX
20130228 20141209 3.515e-06 3.1426e-10 TSX
20130311 20130801 -2.6705e-05 5.6849e-10 TSX
20130316 20130623 2.7803e-05 6.5631e-10 TSX
20130402 20150122 1.6865e-05 3.8695e-10 TSX
20130407 20140530 -1.1629e-05 3.8066e-10 TSX
20130421 20171016 6.4787e-06 2.9751e-10 TSX
20130424 20130721 -6.495e-05 6.6411e-10 TSX
20130429 20130623 -3.9832e-05 7.5471e-10 TSX
20130505 20131028 0.00011227 5.6123e-10 TSX
20130513 20151112 1.9189e-05 3.1005e-10 TSX
20130516 20131017 0.00014264 5.9019e-10 TSX
20130521 20130715 -6.8836e-06 7.5474e-10 TSX
20130524 20171129 1.7136e-05 2.8585e-10 TSX
20130527 20140627 7.9225e-06 3.8333e-10 TSX
20130601 20130930 -3.9312e-05 6.1716e-10 TSX
20130604 20141217 3.4747e-06 3.4646e-10 TSX
20130607 20140719 3.7442e-06 3.7915e-10 TSX
20130612 20150105 1.942e-05 3.3867e-10 TSX
20130615 20160106 3.5767e-05 3.5542e-10 TSX
20130618 20140708 -2.5882e-05 3.88e-10 TSX
20130623 20130715 0.00055271 8.6322e-10 TSX
20130629 20130914 0.00016991 7.034e-10 TSX
20130707 20150130 6.0751e-06 3.3869e-10 TSX
20130710 20140901 -7.048e-06 3.7604e-10 TSX
20130715 20130726 -0.0023666 1.0126e-09 TSX
20130721 20131108 0.00030332 6.4248e-10 TSX
20130726 20150517 3.2355e-05 3.2497e-10 TSX
20130729 20160904 -1.1791e-05 2.7133e-10 TSX
20130801 20151115 2.2811e-05 2.969e-10 TSX
20130817 20140209 3.5196e-05 5.4111e-10 TSX
20130828 20150312 -1.0568e-05 3.4206e-10 TSX
20130903 20150329 1.3615e-05 3.6583e-10 TSX
20130919 20160309 2.0253e-05 2.7596e-10 TSX
20130925 20140708 8.7266e-05 5.2813e-10 TSX
20130930 20160411 3.2529e-05 2.826e-10 TSX
20131011 20150802 -6.8239e-06 3.2114e-10 TSX
20131017 20140719 2.2789e-05 4.889e-10 TSX
20131028 20160304 -9.5371e-05 3.8984e-10 TSX
20131102 20140519 6.8223e-05 5.1721e-10 TSX
20131108 20140708 0.00031539 5.0775e-10 TSX
20140209 20160309 -1.4546e-05 3.1416e-10 TSX
20140223 20140829 5.3265e-06 5.1111e-10 TSX
20140408 20140705 8.4579e-06 6.6128e-10 TSX
20140419 20170913 3.1529e-05 3.5894e-10 TSX
20140511 20141228 1.5825e-05 4.7012e-10 TSX
20140519 20150824 2.9709e-07 3.6739e-10 TSX
20140624 20171005 -2.4575e-06 3.0702e-10 TSX
20140627 20151115 5.5405e-06 3.4666e-10 TSX
20140705 20180911 -1.7103e-05 2.8192e-10 TSX
20140708 20160406 1.9737e-05 3.2053e-10 TSX
20140716 20171005 -1.311e-06 2.9641e-10 TSX
20140719 20151207 1.6327e-05 3.4712e-10 TSX
20140727 20150326 1.8394e-06 4.6149e-10 TSX
20140810 20150122 3.6545e-05 5.4766e-10 TSX
20140818 20160301 2.6074e-05 3.3461e-10 TSX
20140829 20160208 2.7019e-05 3.4198e-10 TSX
20140901 20140912 -0.0002656 9.689e-10 TSX
20140912 20141209 -2.1481e-05 6.6411e-10 TSX
20140920 20170902 2.156e-05 3.0426e-10 TSX
20141209 20160211 -3.3853e-05 3.6585e-10 TSX
20141217 20160722 6.8363e-06 3.3721e-10 TSX
20141228 20160106 2.8877e-05 3.9088e-10 TSX
20141231 20151024 -3.9008e-05 4.2573e-10 TSX
20150105 20150824 -3.8521e-05 4.8714e-10 TSX
20150108 20170811 5.0185e-05 2.9273e-10 TSX
20150119 20160117 2.0525e-05 3.8905e-10 TSX
20150127 20160411 -4.6077e-06 3.7406e-10 TSX
20150130 20151112 2.0027e-05 4.2964e-10 TSX
20150210 20170114 3.707e-05 3.3231e-10 TSX
20150213 20160326 0.00011313 4.1018e-10 TSX
20150218 20160216 -1.3877e-05 4.0273e-10 TSX
20150221 20180112 3.5259e-05 3.2196e-10 TSX
20150304 20180911 9.793e-06 2.9696e-10 TSX
20150307 20160211 -4.0707e-05 4.008e-10 TSX
20150312 20160320 3.9678e-06 3.9765e-10 TSX
20150326 20150827 4.6876e-05 5.501e-10 TSX
20150329 20151207 -1.6912e-05 4.549e-10 TSX
20150428 20160425 1.4754e-05 3.9327e-10 TSX
20150509 20150827 3.1507e-05 6.2083e-10 TSX
20150517 20150824 -0.00016278 6.5683e-10 TSX
20150520 20180911 -9.841e-07 3.0169e-10 TSX
20150714 20170822 3.7799e-05 2.9919e-10 TSX
20150725 20170924 2.2639e-05 3.0311e-10 TSX
20150802 20160309 5.6964e-06 4.9622e-10 TSX
20150805 20160403 -1.4059e-05 4.6194e-10 TSX
20150816 20171107 2.864e-05 2.9891e-10 TSX
20150824 20150915 0.00051649 8.6313e-10 TSX
20150827 20170902 2.6787e-05 3.0405e-10 TSX
20150915 20160216 4.1717e-05 5.6841e-10 TSX
20151021 20160904 -1.9044e-05 4.1196e-10 TSX
20151101 20171016 2.7378e-05 3.0457e-10 TSX
20151112 20160425 -1.2603e-05 5.3644e-10 TSX
20151115 20151229 8.5067e-05 7.7358e-10 TSX
20151123 20171221 7.9239e-06 2.9655e-10 TSX
20151204 20151215 0.00016798 9.7885e-10 TSX
20151207 20160406 -3.7825e-05 6.022e-10 TSX
20151215 20170822 3.3456e-05 3.1704e-10 TSX
20151226 20161223 3.1805e-05 3.9405e-10 TSX
20151229 20160211 1.0863e-06 7.7358e-10 TSX
20160106 20161223 2.0077e-05 3.986e-10 TSX
20160117 20160926 3.9626e-05 4.54e-10 TSX
20160128 20160301 -0.00015209 8.0687e-10 TSX
20160208 20160312 -7.1201e-05 8.0687e-10 TSX
20160216 20160309 -0.0003058 8.6313e-10 TSX
20160219 20180319 1.715e-05 3.0077e-10 TSX
20160301 20161201 5.7443e-05 4.3877e-10 TSX
20160304 20160326 3.3683e-05 8.495e-10 TSX
20160312 20180319 1.7365e-05 3.0514e-10 TSX
20160320 20160411 0.00035225 8.6314e-10 TSX
20160323 20171118 1.8306e-05 3.1865e-10 TSX
20160326 20160406 -0.00049611 9.6882e-10 TSX
20160403 20171027 1.6972e-05 3.2882e-10 TSX
20160425 20170811 4.1073e-05 3.5112e-10 TSX
20160528 20160630 -2.763e-05 8.0687e-10 TSX
20160630 20171118 3.7416e-05 3.3933e-10 TSX
20160722 20161201 0.00011557 5.8133e-10 TSX
20160904 20180707 -5.0863e-06 3.2339e-10 TSX
20160915 20180911 -8.0394e-06 3.0473e-10 TSX
20160926 20170114 5.3495e-05 6.1802e-10 TSX
20161201 20171027 6.4282e-06 4.0688e-10 TSX
20161223 20171107 9.4981e-06 4.1019e-10 TSX
20170114 20170902 2.1248e-06 4.6923e-10 TSX
20170811 20171005 -3.926e-05 7.4133e-10 TSX
20170822 20180707 -6.2385e-05 4.1337e-10 TSX
20170913 20180707 -7.2812e-05 4.2488e-10 TSX
20170924 20180319 -4.9245e-05 5.2318e-10 TSX
20171005 20171107 6.6403e-05 8.0687e-10 TSX
20171016 20180319 -3.4852e-05 5.5009e-10 TSX
20171027 20180911 -2.391e-05 4.1339e-10 TSX
20171107 20171118 7.5487e-05 9.7885e-10 TSX
20171118 20171129 5.5882e-05 9.7885e-10 TSX
20171129 20171221 -2.5142e-05 8.5133e-10 TSX
20171210 20180820 -3.9294e-05 4.535e-10 TSX
20171221 20180911 -2.2806e-05 4.4587e-10 TSX
20180112 20181003 -6.0756e-07 4.458e-10 TSX
20180319 20180707 -5.8666e-05 6.1799e-10 TSX
20180707 20180911 0.00014015 7.1248e-10 TSX
20180729 20181003 6.0687e-05 7.1248e-10 TSX
20180820 20181003 0.00013649 7.725e-10 TSX
20180911 20181003 -0.00011481 8.5133e-10 TSX
