20030427 20030914 0.00037658 5.667e-10 ERS2
20030914 20080629 -0.00012785 2.9087e-10 ERS2
20050918 20090510 -2.6324e-05 3.0362e-10 ERS2
20051127 20081116 5.268e-05 3.089e-10 ERS2
20060903 20090510 -7.0559e-06 3.247e-10 ERS2
20061231 20090105 0.00014197 3.138e-10 ALOS
20070402 20070703 -0.00024202 6.6838e-10 ALOS
20070518 20091008 8.2543e-05 2.9778e-10 ALOS
20070818 20071003 -0.00035635 7.7959e-10 ALOS
20071217 20100509 -6.3972e-05 2.9796e-10 ALOS
20080103 20100526 8.4586e-05 2.9793e-10 ALOS
20080404 20080520 -5.4846e-05 7.7962e-10 ALOS
20080618 20090921 -4.5441e-05 3.7194e-10 ALOS
20080629 20090510 -0.00024343 4.1317e-10 ERS2
20080705 20091008 5.2078e-05 3.65e-10 ALOS
20080803 20090823 -7.4442e-05 3.8294e-10 ERS2
20081116 20090823 1.5486e-05 4.3204e-10 ERS2
20081219 20090921 0.00046447 4.4641e-10 ALOS
20090105 20090708 0.00020287 5.2859e-10 ALOS
20090510 20091101 0.00031411 5.2209e-10 ERS2
20090708 20091008 0.00070645 6.6839e-10 ALOS
20090823 20091101 -0.00023077 7.0153e-10 ERS2
20091222 20100624 0.00038238 5.2564e-10 ALOS
20100108 20100223 0.00043422 7.7987e-10 ALOS
20100223 20100526 -0.00027703 6.6882e-10 ALOS
20100410 20100711 -0.00012802 6.6852e-10 ALOS
20100509 20100624 0.00094109 7.7731e-10 ALOS
20100526 20100711 0.00074213 7.7968e-10 ALOS
20100624 20101109 0.00014054 5.8474e-10 ALOS
20100711 20101011 0.00010508 6.6838e-10 ALOS
20100809 20101109 -6.7468e-05 6.6536e-10 ALOS
20101011 20101126 0.00019866 7.7967e-10 ALOS
20110111 20110226 0.00080724 7.7959e-10 ALOS
20110924 20130715 0.00010382 3.2379e-10 TSX
20111005 20121229 -9.9129e-05 3.6884e-10 TSX
20111121 20171221 -1.4871e-05 2.742e-10 TSX
20111221 20130131 1.1945e-05 3.8559e-10 TSX
20111224 20121027 -3.225e-05 4.1948e-10 TSX
20120126 20140419 -1.0482e-05 2.9579e-10 TSX
20120203 20160320 1.6822e-05 2.5057e-10 TSX
20120206 20171107 -1.3478e-05 2.768e-10 TSX
20120617 20171129 -9.3045e-06 2.8897e-10 TSX
20120723 20160120 3.2447e-05 2.675e-10 TSX
20121024 20130109 0.00013073 7.0467e-10 TSX
20121027 20151226 -1.7222e-05 2.8557e-10 TSX
20121030 20130311 5.0021e-05 5.8509e-10 TSX
20121107 20171118 -6.5129e-06 2.8915e-10 TSX
20121221 20160208 -6.5883e-06 2.8622e-10 TSX
20121224 20130516 -9.5392e-05 5.6883e-10 TSX
20121229 20130407 4.1076e-05 6.5821e-10 TSX
20130104 20130217 8.3983e-05 7.7666e-10 TSX
20130109 20130715 0.00023509 5.294e-10 TSX
20130112 20140511 -1.9729e-05 3.554e-10 TSX
20130115 20130721 -0.00017538 5.1422e-10 TSX
20130126 20130823 0.00012406 5.3553e-10 TSX
20130131 20130429 -0.00010094 6.8056e-10 TSX
20130203 20130729 -4.5178e-05 5.2364e-10 TSX
20130211 20130919 0.00014738 4.963e-10 TSX
20130228 20141209 7.3456e-05 3.1479e-10 TSX
20130311 20130801 1.9069e-05 5.6879e-10 TSX
20130316 20130623 0.00010664 6.5822e-10 TSX
20130402 20150122 2.179e-05 3.4055e-10 TSX
20130407 20140530 8.1939e-06 3.8107e-10 TSX
20130421 20171016 -1.1637e-05 2.8424e-10 TSX
20130424 20130721 -0.00033629 6.6532e-10 TSX
20130429 20130623 -6.8007e-05 7.5847e-10 TSX
20130505 20131028 -0.00087697 5.5927e-10 TSX
20130513 20151112 -1.3559e-05 2.8831e-10 TSX
20130516 20131017 2.7837e-05 6.0094e-10 TSX
20130521 20130715 0.00039033 7.5849e-10 TSX
20130524 20171129 -1.4066e-05 2.9198e-10 TSX
20130527 20140627 4.6303e-05 3.8367e-10 TSX
20130601 20130930 0.00036229 6.1844e-10 TSX
20130604 20141217 -5.8513e-06 3.465e-10 TSX
20130607 20140719 6.2388e-05 3.7952e-10 TSX
20130612 20150105 5.791e-05 3.3808e-10 TSX
20130615 20160106 6.7467e-06 2.9825e-10 TSX
20130618 20140708 4.0927e-05 3.8811e-10 TSX
20130623 20130715 0.00078871 8.6721e-10 TSX
20130629 20130914 0.0006331 7.0217e-10 TSX
20130707 20150130 2.4932e-06 3.4183e-10 TSX
20130710 20140901 7.3076e-05 3.7678e-10 TSX
20130715 20130726 -0.0025348 1.0163e-09 TSX
20130721 20131108 0.001439 6.4132e-10 TSX
20130726 20150517 4.4854e-05 3.2306e-10 TSX
20130729 20160904 -3.5558e-05 2.8614e-10 TSX
20130801 20151115 5.5995e-05 2.8807e-10 TSX
20130817 20140209 -1.2681e-05 5.4161e-10 TSX
20130828 20150312 6.4992e-05 3.4072e-10 TSX
20130903 20150329 2.3653e-05 4.1382e-10 TSX
20130919 20160309 -1.045e-05 2.7743e-10 TSX
20130925 20140708 -9.3722e-05 4.6398e-10 TSX
20130930 20160411 -2.0207e-05 2.7385e-10 TSX
20131011 20150802 5.5245e-05 3.2068e-10 TSX
20131017 20140719 5.062e-05 4.4768e-10 TSX
20131028 20160304 -4.1804e-05 2.97e-10 TSX
20131102 20140519 -0.00018432 5.176e-10 TSX
20131108 20140708 -7.6937e-05 5.2668e-10 TSX
20140209 20160309 4.5083e-05 3.0723e-10 TSX
20140223 20140829 3.9637e-07 5.1159e-10 TSX
20140408 20140705 3.3746e-05 6.6409e-10 TSX
20140419 20170913 -4.3548e-07 2.8229e-10 TSX
20140511 20141228 5.4851e-05 4.7048e-10 TSX
20140519 20150824 9.7627e-05 3.652e-10 TSX
20140624 20171005 1.6244e-05 2.8644e-10 TSX
20140627 20151115 2.7125e-05 3.4027e-10 TSX
20140705 20180911 5.7187e-06 2.7638e-10 TSX
20140708 20160406 2.3567e-05 3.1249e-10 TSX
20140716 20171005 -1.5118e-05 2.7298e-10 TSX
20140719 20151207 1.6263e-08 3.4003e-10 TSX
20140727 20150326 2.0782e-05 4.6179e-10 TSX
20140810 20150122 -4.4308e-06 5.4263e-10 TSX
20140818 20160301 -8.7554e-06 3.2961e-10 TSX
20140829 20160208 -6.547e-06 3.3752e-10 TSX
20140901 20140912 -0.0003208 9.719e-10 TSX
20140912 20141209 -3.2041e-05 6.6532e-10 TSX
20140920 20170902 -1.2944e-05 2.8097e-10 TSX
20141209 20160211 -3.4669e-05 3.6414e-10 TSX
20141217 20160722 -3.7415e-05 3.2414e-10 TSX
20141228 20160106 -1.8731e-05 3.8385e-10 TSX
20141231 20151024 8.8516e-05 4.252e-10 TSX
20150105 20150824 -1.105e-05 4.8646e-10 TSX
20150108 20170811 -2.7191e-05 2.8901e-10 TSX
20150119 20160117 -1.0396e-05 3.8771e-10 TSX
20150127 20160411 1.7101e-05 3.7114e-10 TSX
20150130 20151112 1.041e-05 4.2923e-10 TSX
20150210 20170114 -3.6711e-05 3.1042e-10 TSX
20150213 20160326 6.0131e-05 4.1878e-10 TSX
20150218 20160216 2.9136e-05 4.029e-10 TSX
20150221 20180112 -5.8378e-05 3.0787e-10 TSX
20150304 20180911 -1.033e-05 2.9455e-10 TSX
20150307 20160211 2.1864e-05 4.0107e-10 TSX
20150312 20160320 -2.8318e-05 3.9791e-10 TSX
20150326 20150827 -6.0419e-05 5.5067e-10 TSX
20150329 20151207 6.3919e-06 4.5499e-10 TSX
20150428 20160425 -9.8122e-07 3.9012e-10 TSX
20150509 20150827 -7.9641e-06 6.198e-10 TSX
20150517 20150824 4.2215e-05 6.5822e-10 TSX
20150520 20180911 -5.462e-06 2.76e-10 TSX
20150714 20170822 4.1535e-06 3.0753e-10 TSX
20150725 20170924 1.9009e-05 3.0717e-10 TSX
20150802 20160309 -0.00016833 4.9639e-10 TSX
20150805 20160403 -2.7468e-05 4.6155e-10 TSX
20150816 20171107 -6.1655e-06 3.0896e-10 TSX
20150824 20150915 0.00082788 8.6711e-10 TSX
20150827 20170902 2.1541e-05 3.0457e-10 TSX
20150915 20160216 -0.000277 5.6908e-10 TSX
20151021 20160904 -8.416e-05 4.1337e-10 TSX
20151101 20171016 -5.0521e-06 3.1409e-10 TSX
20151112 20160425 -8.6388e-05 5.3674e-10 TSX
20151115 20151229 0.00010454 7.7666e-10 TSX
20151123 20171221 -3.104e-07 2.9802e-10 TSX
20151204 20151215 0.00015338 9.826e-10 TSX
20151207 20160406 -0.00015741 6.027e-10 TSX
20151215 20170822 1.1365e-05 3.2683e-10 TSX
20151226 20161223 -1.6214e-05 3.9386e-10 TSX
20151229 20160211 -6.4156e-05 7.7666e-10 TSX
20160106 20161223 1.7273e-05 3.9874e-10 TSX
20160117 20160926 -3.6876e-05 4.5336e-10 TSX
20160128 20160301 -0.0001281 8.1187e-10 TSX
20160208 20160312 -0.00016868 8.1187e-10 TSX
20160216 20160309 -0.00042173 8.6711e-10 TSX
20160219 20180319 2.363e-06 3.0292e-10 TSX
20160301 20161201 2.7054e-05 4.3873e-10 TSX
20160304 20160326 7.1147e-05 8.5275e-10 TSX
20160312 20180319 9.7477e-06 3.0669e-10 TSX
20160320 20160411 0.00037185 8.6711e-10 TSX
20160323 20171118 -4.3121e-06 3.2305e-10 TSX
20160326 20160406 -0.00056156 9.7183e-10 TSX
20160403 20171027 -1.4261e-05 3.2841e-10 TSX
20160425 20170811 -5.4112e-06 3.4755e-10 TSX
20160528 20160630 1.6812e-05 8.1187e-10 TSX
20160630 20171118 3.6489e-06 3.3969e-10 TSX
20160722 20161201 0.00011631 5.8249e-10 TSX
20160904 20180707 1.5356e-05 3.2744e-10 TSX
20160915 20180911 -3.8175e-06 3.053e-10 TSX
20160926 20170114 0.00010287 6.2001e-10 TSX
20161201 20171027 -2.3329e-05 4.0824e-10 TSX
20161223 20171107 -1.2487e-05 4.1118e-10 TSX
20170114 20170902 -3.3712e-06 4.734e-10 TSX
20170811 20171005 -3.5483e-06 7.4603e-10 TSX
20170822 20180707 -2.1513e-05 4.138e-10 TSX
20170913 20180707 -3.7085e-05 4.2515e-10 TSX
20170924 20180319 7.6945e-05 5.2374e-10 TSX
20171005 20171107 6.2632e-05 8.1187e-10 TSX
20171016 20180319 7.8819e-05 5.5085e-10 TSX
20171027 20180911 -3.0661e-05 4.1385e-10 TSX
20171107 20171118 8.6299e-05 9.826e-10 TSX
20171118 20171129 4.7722e-05 9.826e-10 TSX
20171129 20171221 -3.8918e-05 8.558e-10 TSX
20171210 20180820 -5.7571e-05 4.5363e-10 TSX
20171221 20180911 -2.0944e-05 4.4586e-10 TSX
20180112 20181003 9.4268e-05 4.4588e-10 TSX
20180319 20180707 -0.00019782 6.1979e-10 TSX
20180707 20180911 0.00010412 7.1659e-10 TSX
20180729 20181003 -2.0901e-06 7.1659e-10 TSX
20180820 20181003 0.00016813 7.7755e-10 TSX
20180911 20181003 -0.00012823 8.558e-10 TSX
