20030427 20030914 0.00090149 5.6929e-10 ERS2
20030914 20080629 -2.703e-05 3.0903e-10 ERS2
20050918 20090510 1.8615e-05 3.0193e-10 ERS2
20051127 20081116 -8.7331e-05 3.183e-10 ERS2
20060903 20090510 8.552e-05 3.0492e-10 ERS2
20061231 20090105 0.00019804 3.1695e-10 ALOS
20070402 20070703 0.00026155 6.6714e-10 ALOS
20070518 20091008 7.9085e-05 3.1971e-10 ALOS
20070818 20071003 -0.00023062 7.754e-10 ALOS
20071217 20100509 0.00028393 3.0798e-10 ALOS
20080103 20100526 0.00019706 3.2111e-10 ALOS
20080404 20080520 0.00017602 7.7545e-10 ALOS
20080618 20090921 0.00040591 3.7168e-10 ALOS
20080629 20090510 -0.00063394 4.1553e-10 ERS2
20080705 20091008 -5.3939e-05 3.6502e-10 ALOS
20080803 20090823 -6.4312e-05 3.8318e-10 ERS2
20081116 20090823 0.00024428 4.3448e-10 ERS2
20081219 20090921 0.00046697 4.5211e-10 ALOS
20090105 20090708 0.00031027 5.2947e-10 ALOS
20090510 20091101 0.00039367 5.2453e-10 ERS2
20090708 20091008 0.00048736 6.6649e-10 ALOS
20090823 20091101 -0.00028437 6.9854e-10 ERS2
20091222 20100624 0.00063222 5.3175e-10 ALOS
20100108 20100223 0.00048798 7.7536e-10 ALOS
20100223 20100526 0.00012073 6.6689e-10 ALOS
20100410 20100711 6.1369e-05 6.6658e-10 ALOS
20100509 20100624 0.00074799 7.7326e-10 ALOS
20100526 20100711 0.00053461 7.7526e-10 ALOS
20100624 20101109 0.00013504 5.8392e-10 ALOS
20100711 20101011 0.00022921 6.6629e-10 ALOS
20100809 20101109 0.00011461 6.6348e-10 ALOS
20101011 20101126 0.00011487 7.7526e-10 ALOS
20110111 20110226 0.00056912 7.7525e-10 ALOS
20110924 20130715 0.00020977 3.6481e-10 TSX
20111005 20121229 -1.2598e-05 4.1262e-10 TSX
20111121 20171221 4.1378e-05 3.5488e-10 TSX
20111221 20130131 4.25e-05 4.1672e-10 TSX
20111224 20121027 0.00043266 4.2446e-10 TSX
20120126 20140419 0.00020035 3.526e-10 TSX
20120203 20160320 3.8956e-05 3.4729e-10 TSX
20120206 20171107 -3.1676e-05 3.1487e-10 TSX
20120617 20171129 4.2268e-05 3.7741e-10 TSX
20120723 20160120 3.2249e-05 3.9152e-10 TSX
20121024 20130109 0.00014909 7.0266e-10 TSX
20121027 20151226 9.128e-05 3.5945e-10 TSX
20121030 20130311 0.00014119 5.8551e-10 TSX
20121107 20171118 5.5973e-05 3.479e-10 TSX
20121221 20160208 0.00021611 3.7381e-10 TSX
20121224 20130516 0.000104 5.7058e-10 TSX
20121229 20130407 0.00011282 6.5797e-10 TSX
20130104 20130217 5.971e-05 7.7328e-10 TSX
20130109 20130715 0.00025328 5.7161e-10 TSX
20130112 20140511 0.00035381 3.8776e-10 TSX
20130115 20130721 3.3881e-05 5.3528e-10 TSX
20130126 20130823 7.365e-05 5.0862e-10 TSX
20130131 20130429 -2.945e-05 6.7809e-10 TSX
20130203 20130729 0.00041095 5.2598e-10 TSX
20130211 20130919 0.0001255 5.0868e-10 TSX
20130228 20141209 0.00016236 3.829e-10 TSX
20130311 20130801 0.00011684 5.6988e-10 TSX
20130316 20130623 8.905e-06 6.5724e-10 TSX
20130402 20150122 0.00011192 3.9799e-10 TSX
20130407 20140530 3.7182e-06 3.8537e-10 TSX
20130421 20171016 6.9111e-05 3.5007e-10 TSX
20130424 20130721 -0.00011906 6.6546e-10 TSX
20130429 20130623 -3.41e-05 7.5447e-10 TSX
20130505 20131028 -0.00018405 5.436e-10 TSX
20130513 20151112 0.00026186 3.6869e-10 TSX
20130516 20131017 -0.00010597 5.7454e-10 TSX
20130521 20130715 0.00036295 7.5494e-10 TSX
20130524 20171129 3.8409e-05 3.3914e-10 TSX
20130527 20140627 0.00014195 4.1914e-10 TSX
20130601 20130930 0.00036538 6.1837e-10 TSX
20130604 20141217 0.00041646 3.7306e-10 TSX
20130607 20140719 7.0219e-05 4.1112e-10 TSX
20130612 20150105 4.5604e-05 3.8878e-10 TSX
20130615 20160106 0.00022119 3.3705e-10 TSX
20130618 20140708 4.891e-05 3.9437e-10 TSX
20130623 20130715 0.00073871 8.6218e-10 TSX
20130629 20130914 0.00036371 6.9031e-10 TSX
20130707 20150130 0.00031339 3.7033e-10 TSX
20130710 20140901 5.042e-05 3.8469e-10 TSX
20130715 20130726 -0.0025022 1.011e-09 TSX
20130721 20131108 0.00068769 6.2373e-10 TSX
20130726 20150517 0.00013985 3.2852e-10 TSX
20130729 20160904 0.00018076 3.5051e-10 TSX
20130801 20151115 0.00014934 3.8588e-10 TSX
20130817 20140209 5.5187e-06 5.421e-10 TSX
20130828 20150312 8.5036e-05 3.6653e-10 TSX
20130903 20150329 -0.00012132 3.9108e-10 TSX
20130919 20160309 -9.5003e-06 3.5347e-10 TSX
20130925 20140708 5.0403e-05 4.4226e-10 TSX
20130930 20160411 3.043e-05 3.3906e-10 TSX
20131011 20150802 7.2531e-05 3.5912e-10 TSX
20131017 20140719 -6.521e-05 4.4549e-10 TSX
20131028 20160304 4.4451e-05 3.5836e-10 TSX
20131102 20140519 -0.00017464 5.181e-10 TSX
20131108 20140708 -7.9924e-05 4.7942e-10 TSX
20140209 20160309 1.6716e-05 3.5723e-10 TSX
20140223 20140829 0.00036077 5.1196e-10 TSX
20140408 20140705 0.0001819 6.613e-10 TSX
20140419 20170913 0.00023009 3.5956e-10 TSX
20140511 20141228 0.00040778 4.7237e-10 TSX
20140519 20150824 0.00011758 4.0973e-10 TSX
20140624 20171005 0.00016562 3.3648e-10 TSX
20140627 20151115 7.1915e-05 3.9095e-10 TSX
20140705 20180911 5.8674e-05 3.3921e-10 TSX
20140708 20160406 0.00017131 3.4442e-10 TSX
20140716 20171005 0.00010578 3.2786e-10 TSX
20140719 20151207 0.00016152 3.759e-10 TSX
20140727 20150326 0.00025786 4.6192e-10 TSX
20140810 20150122 8.9982e-05 5.404e-10 TSX
20140818 20160301 0.00038561 3.5473e-10 TSX
20140829 20160208 0.00029623 3.8801e-10 TSX
20140901 20140912 -0.00030739 9.6765e-10 TSX
20140912 20141209 0.00012749 6.6478e-10 TSX
20140920 20170902 0.00020718 3.4388e-10 TSX
20141209 20160211 0.00015741 4.0478e-10 TSX
20141217 20160722 0.0003143 3.6235e-10 TSX
20141228 20160106 0.00038493 4.1058e-10 TSX
20141231 20151024 0.00011929 4.5028e-10 TSX
20150105 20150824 0.00015134 4.9975e-10 TSX
20150108 20170811 0.00021753 3.8158e-10 TSX
20150119 20160117 0.00045171 4.0996e-10 TSX
20150127 20160411 0.00012186 4.1439e-10 TSX
20150130 20151112 0.0004072 4.4559e-10 TSX
20150210 20170114 0.0003158 3.5559e-10 TSX
20150213 20160326 -1.931e-05 4.0215e-10 TSX
20150218 20160216 0.00013545 4.3364e-10 TSX
20150221 20180112 7.1081e-05 3.128e-10 TSX
20150304 20180911 9.1953e-05 3.4966e-10 TSX
20150307 20160211 0.00016443 4.2974e-10 TSX
20150312 20160320 9.9403e-06 4.2071e-10 TSX
20150326 20150827 0.00046894 5.5936e-10 TSX
20150329 20151207 0.00017405 4.8375e-10 TSX
20150428 20160425 0.00043092 3.9734e-10 TSX
20150509 20150827 0.0003352 6.3537e-10 TSX
20150517 20150824 6.2084e-05 6.6595e-10 TSX
20150520 20180911 0.00024123 3.2085e-10 TSX
20150714 20170822 0.00025603 3.3868e-10 TSX
20150725 20170924 0.00032423 3.6014e-10 TSX
20150802 20160309 0.00012393 4.9916e-10 TSX
20150805 20160403 0.0002781 4.6561e-10 TSX
20150816 20171107 0.00027781 3.4702e-10 TSX
20150824 20150915 0.00074267 8.6178e-10 TSX
20150827 20170902 0.00024862 3.4279e-10 TSX
20150915 20160216 6.0776e-05 5.706e-10 TSX
20151021 20160904 0.00028901 4.222e-10 TSX
20151101 20171016 0.00040314 3.4888e-10 TSX
20151112 20160425 0.00017898 5.3625e-10 TSX
20151115 20151229 0.00016474 7.7318e-10 TSX
20151123 20171221 0.00019093 3.457e-10 TSX
20151204 20151215 0.00017914 9.7742e-10 TSX
20151207 20160406 -5.3595e-06 6.0215e-10 TSX
20151215 20170822 0.0001779 3.5787e-10 TSX
20151226 20161223 0.00037762 4.0693e-10 TSX
20151229 20160211 9.4827e-05 7.7318e-10 TSX
20160106 20161223 0.00042255 4.1033e-10 TSX
20160117 20160926 0.00042015 4.5699e-10 TSX
20160128 20160301 -0.00020031 8.0619e-10 TSX
20160208 20160312 -2.0356e-05 8.0619e-10 TSX
20160216 20160309 -0.00043134 8.6177e-10 TSX
20160219 20180319 0.00021208 3.1861e-10 TSX
20160301 20161201 0.00045062 4.4579e-10 TSX
20160304 20160326 7.9452e-05 8.4854e-10 TSX
20160312 20180319 0.00019198 3.4557e-10 TSX
20160320 20160411 0.00037388 8.6177e-10 TSX
20160323 20171118 0.00017426 3.4916e-10 TSX
20160326 20160406 -0.0005217 9.6758e-10 TSX
20160403 20171027 0.00040068 3.3593e-10 TSX
20160425 20170811 0.00036067 3.8597e-10 TSX
20160528 20160630 0.00010312 8.0619e-10 TSX
20160630 20171118 0.00035117 3.7839e-10 TSX
20160722 20161201 0.00041909 5.8162e-10 TSX
20160904 20180707 0.00032947 3.536e-10 TSX
20160915 20180911 0.00022118 3.3203e-10 TSX
20160926 20170114 0.00019482 6.192e-10 TSX
20161201 20171027 0.00028513 4.2639e-10 TSX
20161223 20171107 0.00029975 4.2605e-10 TSX
20170114 20170902 0.00031181 4.8065e-10 TSX
20170811 20171005 8.118e-05 7.4114e-10 TSX
20170822 20180707 0.00015355 4.1906e-10 TSX
20170913 20180707 9.2221e-05 4.3238e-10 TSX
20170924 20180319 3.3449e-05 5.2326e-10 TSX
20171005 20171107 6.1667e-05 8.062e-10 TSX
20171016 20180319 2.3249e-05 5.5028e-10 TSX
20171027 20180911 0.00022053 4.1534e-10 TSX
20171107 20171118 8.2961e-05 9.7742e-10 TSX
20171118 20171129 6.0837e-05 9.7742e-10 TSX
20171129 20171221 3.8751e-05 8.5027e-10 TSX
20171210 20180820 0.00017852 4.542e-10 TSX
20171221 20180911 0.00017921 4.4815e-10 TSX
20180112 20181003 0.00026819 4.4922e-10 TSX
20180319 20180707 8.5973e-05 6.1818e-10 TSX
20180707 20180911 0.00049564 7.1241e-10 TSX
20180729 20181003 0.00030492 7.124e-10 TSX
20180820 20181003 0.00035269 7.7212e-10 TSX
20180911 20181003 -0.00015448 8.5027e-10 TSX
