20030427 20030914 0.00053405 5.6984e-10 ERS2
20030914 20080629 -1.6424e-05 2.7862e-10 ERS2
20050918 20090510 0.00011376 2.9959e-10 ERS2
20051127 20081116 0.00010657 3.0719e-10 ERS2
20060903 20090510 -0.0001245 3.1582e-10 ERS2
20061231 20090105 -2.6619e-05 3.2367e-10 ALOS
20070402 20070703 -0.00028673 6.6655e-10 ALOS
20070518 20091008 -4.754e-05 3.1247e-10 ALOS
20070818 20071003 -0.00014753 7.7505e-10 ALOS
20071217 20100509 -0.00015641 3.0178e-10 ALOS
20080103 20100526 -6.7149e-05 3.18e-10 ALOS
20080404 20080520 8.6605e-05 7.7605e-10 ALOS
20080618 20090921 8.198e-05 3.7436e-10 ALOS
20080629 20090510 0.00028851 4.1364e-10 ERS2
20080705 20091008 -2.8372e-05 3.6548e-10 ALOS
20080803 20090823 -4.8987e-06 3.8289e-10 ERS2
20081116 20090823 -5.8677e-05 4.3214e-10 ERS2
20081219 20090921 -3.934e-06 4.4796e-10 ALOS
20090105 20090708 0.00018536 5.3157e-10 ALOS
20090510 20091101 0.00090844 5.2072e-10 ERS2
20090708 20091008 0.00032001 6.6677e-10 ALOS
20090823 20091101 -0.00083676 6.9852e-10 ERS2
20091222 20100624 -0.00051469 5.2683e-10 ALOS
20100108 20100223 -0.00095165 7.7534e-10 ALOS
20100223 20100526 -8.0268e-05 6.6708e-10 ALOS
20100410 20100711 -7.7935e-05 6.6824e-10 ALOS
20100509 20100624 0.00053124 7.731e-10 ALOS
20100526 20100711 0.00046858 7.7521e-10 ALOS
20100624 20101109 0.00016036 5.8399e-10 ALOS
20100711 20101011 -0.00016736 6.662e-10 ALOS
20100809 20101109 -3.1773e-05 6.6354e-10 ALOS
20101011 20101126 0.00015006 7.7508e-10 ALOS
20110111 20110226 0.00053887 7.7505e-10 ALOS
20110924 20130715 4.7268e-05 3.2837e-10 TSX
20111005 20121229 4.0505e-05 3.7044e-10 TSX
20111121 20171221 3.6772e-05 3.9205e-10 TSX
20111221 20130131 2.3559e-05 3.8548e-10 TSX
20111224 20121027 7.7777e-05 4.1946e-10 TSX
20120126 20140419 -2.9764e-06 3.039e-10 TSX
20120203 20160320 2.6008e-05 3.3957e-10 TSX
20120206 20171107 -2.86e-05 3.3091e-10 TSX
20120617 20171129 8.4527e-05 3.7743e-10 TSX
20120723 20160120 2.5091e-05 3.3349e-10 TSX
20121024 20130109 0.0001425 7.0157e-10 TSX
20121027 20151226 4.3354e-05 3.6084e-10 TSX
20121030 20130311 6.6956e-06 5.8465e-10 TSX
20121107 20171118 6.8747e-05 3.9056e-10 TSX
20121221 20160208 0.00010236 3.0981e-10 TSX
20121224 20130516 -1.3431e-05 5.6849e-10 TSX
20121229 20130407 -1.0814e-05 6.5609e-10 TSX
20130104 20130217 -9.5641e-05 7.7307e-10 TSX
20130109 20130715 -6.7072e-05 5.3351e-10 TSX
20130112 20140511 -4.3637e-06 3.5576e-10 TSX
20130115 20130721 -0.00017319 5.1488e-10 TSX
20130126 20130823 -0.00012068 5.113e-10 TSX
20130131 20130429 -0.00013317 6.7798e-10 TSX
20130203 20130729 8.5863e-05 5.232e-10 TSX
20130211 20130919 3.1407e-05 4.9629e-10 TSX
20130228 20141209 2.5825e-05 3.2621e-10 TSX
20130311 20130801 -2.4201e-05 5.6863e-10 TSX
20130316 20130623 -3.1446e-06 6.5612e-10 TSX
20130402 20150122 0.00011623 3.8433e-10 TSX
20130407 20140530 -8.2748e-06 3.8157e-10 TSX
20130421 20171016 6.4715e-05 3.601e-10 TSX
20130424 20130721 -0.00026321 6.6419e-10 TSX
20130429 20130623 -2.2691e-06 7.5409e-10 TSX
20130505 20131028 -0.00051063 5.7731e-10 TSX
20130513 20151112 6.9357e-05 3.5588e-10 TSX
20130516 20131017 -0.00021671 5.7473e-10 TSX
20130521 20130715 0.0001361 7.541e-10 TSX
20130524 20171129 0.00010632 2.8724e-10 TSX
20130527 20140627 -2.4123e-05 3.8578e-10 TSX
20130601 20130930 6.5857e-05 6.1702e-10 TSX
20130604 20141217 6.2459e-05 3.3921e-10 TSX
20130607 20140719 3.5314e-05 3.8132e-10 TSX
20130612 20150105 3.4188e-05 3.3752e-10 TSX
20130615 20160106 9.1353e-05 3.218e-10 TSX
20130618 20140708 5.0914e-05 3.9103e-10 TSX
20130623 20130715 0.00062142 8.6128e-10 TSX
20130629 20130914 0.00015926 6.9688e-10 TSX
20130707 20150130 1.6275e-05 3.3979e-10 TSX
20130710 20140901 5.4151e-05 3.7955e-10 TSX
20130715 20130726 -0.0023534 1.0102e-09 TSX
20130721 20131108 0.00063535 6.4386e-10 TSX
20130726 20150517 8.253e-05 3.3943e-10 TSX
20130729 20160904 8.1579e-05 3.5925e-10 TSX
20130801 20151115 7.3013e-05 3.8303e-10 TSX
20130817 20140209 4.4747e-05 5.4098e-10 TSX
20130828 20150312 3.6179e-05 3.4284e-10 TSX
20130903 20150329 -0.00021669 3.611e-10 TSX
20130919 20160309 0.00010794 3.1275e-10 TSX
20130925 20140708 0.00010921 4.3892e-10 TSX
20130930 20160411 1.4035e-05 3.3431e-10 TSX
20131011 20150802 1.7552e-05 3.3845e-10 TSX
20131017 20140719 -1.6798e-05 4.4883e-10 TSX
20131028 20160304 6.9032e-05 2.9784e-10 TSX
20131102 20140519 -0.00018849 5.1711e-10 TSX
20131108 20140708 9.8597e-05 4.84e-10 TSX
20140209 20160309 9.5423e-06 3.7272e-10 TSX
20140223 20140829 7.6738e-05 5.111e-10 TSX
20140408 20140705 5.6914e-06 6.6124e-10 TSX
20140419 20170913 0.00015798 3.8343e-10 TSX
20140511 20141228 0.0001176 4.7008e-10 TSX
20140519 20150824 0.00013828 3.8932e-10 TSX
20140624 20171005 7.1954e-05 3.166e-10 TSX
20140627 20151115 0.00012482 3.7136e-10 TSX
20140705 20180911 7.2243e-05 3.0174e-10 TSX
20140708 20160406 3.4607e-06 3.4366e-10 TSX
20140716 20171005 0.00012349 3.2044e-10 TSX
20140719 20151207 5.9587e-05 3.5705e-10 TSX
20140727 20150326 2.1311e-06 4.6159e-10 TSX
20140810 20150122 9.7638e-05 5.3923e-10 TSX
20140818 20160301 7.7377e-05 3.4522e-10 TSX
20140829 20160208 8.1444e-05 3.8141e-10 TSX
20140901 20140912 -0.00030799 9.6713e-10 TSX
20140912 20141209 6.0797e-05 6.6402e-10 TSX
20140920 20170902 9.5094e-05 3.4087e-10 TSX
20141209 20160211 8.3192e-05 3.763e-10 TSX
20141217 20160722 0.00010657 3.6863e-10 TSX
20141228 20160106 8.3409e-05 3.9618e-10 TSX
20141231 20151024 6.1087e-05 4.424e-10 TSX
20150105 20150824 1.1826e-05 4.9341e-10 TSX
20150108 20170811 -3.152e-05 3.2409e-10 TSX
20150119 20160117 0.00016475 4.1199e-10 TSX
20150127 20160411 7.9657e-05 3.9859e-10 TSX
20150130 20151112 0.00013984 4.6084e-10 TSX
20150210 20170114 0.00011111 3.8379e-10 TSX
20150213 20160326 -1.2899e-05 4.212e-10 TSX
20150218 20160216 4.8019e-05 4.0718e-10 TSX
20150221 20180112 0.0001075 3.5441e-10 TSX
20150304 20180911 6.2861e-05 3.5562e-10 TSX
20150307 20160211 0.00012096 4.0975e-10 TSX
20150312 20160320 -2.144e-05 4.0838e-10 TSX
20150326 20150827 0.00018581 5.6273e-10 TSX
20150329 20151207 5.1345e-05 4.6194e-10 TSX
20150428 20160425 0.00011697 3.997e-10 TSX
20150509 20150827 0.00013007 6.4135e-10 TSX
20150517 20150824 -4.2525e-05 6.6226e-10 TSX
20150520 20180911 0.0001089 3.7169e-10 TSX
20150714 20170822 0.00012486 3.105e-10 TSX
20150725 20170924 8.6205e-05 3.1033e-10 TSX
20150802 20160309 5.5088e-05 4.9632e-10 TSX
20150805 20160403 5.5329e-05 4.6136e-10 TSX
20150816 20171107 7.4782e-05 2.9749e-10 TSX
20150824 20150915 0.00073101 8.6118e-10 TSX
20150827 20170902 4.6023e-05 3.3414e-10 TSX
20150915 20160216 -8.4493e-05 5.6828e-10 TSX
20151021 20160904 3.2573e-05 4.1336e-10 TSX
20151101 20171016 9.8564e-05 3.187e-10 TSX
20151112 20160425 3.42e-05 5.3612e-10 TSX
20151115 20151229 0.00016567 7.7307e-10 TSX
20151123 20171221 5.8367e-05 3.0265e-10 TSX
20151204 20151215 0.00018516 9.7704e-10 TSX
20151207 20160406 -3.4311e-05 6.0215e-10 TSX
20151215 20170822 0.00011868 3.2868e-10 TSX
20151226 20161223 0.00014339 3.9396e-10 TSX
20151229 20160211 1.5857e-05 7.7307e-10 TSX
20160106 20161223 0.00016181 3.9797e-10 TSX
20160117 20160926 0.00014939 4.5298e-10 TSX
20160128 20160301 -0.00022628 8.0602e-10 TSX
20160208 20160312 -3.2498e-05 8.0602e-10 TSX
20160216 20160309 -0.00040803 8.6117e-10 TSX
20160219 20180319 4.0236e-05 2.9885e-10 TSX
20160301 20161201 0.00017848 4.3853e-10 TSX
20160304 20160326 9.0892e-05 8.4817e-10 TSX
20160312 20180319 2.2007e-05 3.0281e-10 TSX
20160320 20160411 0.00039135 8.6118e-10 TSX
20160323 20171118 0.0001145 3.207e-10 TSX
20160326 20160406 -0.00054492 9.6706e-10 TSX
20160403 20171027 0.00015753 3.3488e-10 TSX
20160425 20170811 0.00012158 3.5323e-10 TSX
20160528 20160630 8.3537e-05 8.0602e-10 TSX
20160630 20171118 9.9411e-05 3.3844e-10 TSX
20160722 20161201 0.00024216 5.8132e-10 TSX
20160904 20180707 1.5669e-05 3.2361e-10 TSX
20160915 20180911 3.0184e-05 3.0144e-10 TSX
20160926 20170114 6.3677e-05 6.1798e-10 TSX
20161201 20171027 5.6588e-05 4.0737e-10 TSX
20161223 20171107 2.4639e-05 4.1026e-10 TSX
20170114 20170902 5.2539e-05 4.7079e-10 TSX
20170811 20171005 -1.0671e-05 7.4109e-10 TSX
20170822 20180707 -9.259e-05 4.1378e-10 TSX
20170913 20180707 -0.00013308 4.2524e-10 TSX
20170924 20180319 -0.00013371 5.2319e-10 TSX
20171005 20171107 4.1144e-05 8.0602e-10 TSX
20171016 20180319 -0.00011544 5.5008e-10 TSX
20171027 20180911 -3.4519e-05 4.1368e-10 TSX
20171107 20171118 8.5087e-05 9.7704e-10 TSX
20171118 20171129 4.6681e-05 9.7704e-10 TSX
20171129 20171221 9.5136e-06 8.4998e-10 TSX
20171210 20180820 -3.0419e-05 4.5346e-10 TSX
20171221 20180911 -5.3723e-05 4.457e-10 TSX
20180112 20181003 3.3995e-05 4.457e-10 TSX
20180319 20180707 -4.9489e-05 6.1796e-10 TSX
20180707 20180911 0.00034426 7.1236e-10 TSX
20180729 20181003 0.00011173 7.1236e-10 TSX
20180820 20181003 0.00018147 7.7202e-10 TSX
20180911 20181003 -0.00017211 8.4999e-10 TSX
