20030427 20030914 -0.00026128 5.6645e-10 ERS2
20030914 20080629 -9.899e-05 3.0409e-10 ERS2
20050918 20090510 0.00025435 3.143e-10 ERS2
20051127 20081116 1.6846e-06 3.0942e-10 ERS2
20060903 20090510 8.1557e-05 3.1908e-10 ERS2
20061231 20090105 0.00020362 3.2063e-10 ALOS
20070402 20070703 6.0142e-05 6.6584e-10 ALOS
20070518 20091008 9.0806e-05 3.0458e-10 ALOS
20070818 20071003 -0.00020357 7.7557e-10 ALOS
20071217 20100509 0.00018597 3.0603e-10 ALOS
20080103 20100526 0.00020456 3.5956e-10 ALOS
20080404 20080520 9.0052e-05 7.7591e-10 ALOS
20080618 20090921 0.00019041 3.7238e-10 ALOS
20080629 20090510 -0.00039575 4.1453e-10 ERS2
20080705 20091008 0.00026849 3.6515e-10 ALOS
20080803 20090823 -1.6099e-05 3.8301e-10 ERS2
20081116 20090823 6.2941e-05 4.3206e-10 ERS2
20081219 20090921 0.00049788 4.4767e-10 ALOS
20090105 20090708 8.9926e-05 5.3426e-10 ALOS
20090510 20091101 0.0002483 5.2089e-10 ERS2
20090708 20091008 0.00094259 6.659e-10 ALOS
20090823 20091101 3.3381e-05 6.9845e-10 ERS2
20091222 20100624 0.00021712 5.3658e-10 ALOS
20100108 20100223 1.576e-05 7.7705e-10 ALOS
20100223 20100526 5.3739e-07 6.6661e-10 ALOS
20100410 20100711 -0.00029122 6.6783e-10 ALOS
20100509 20100624 0.00060477 7.7354e-10 ALOS
20100526 20100711 0.00050848 7.7558e-10 ALOS
20100624 20101109 0.00026098 5.8397e-10 ALOS
20100711 20101011 0.0005468 6.6626e-10 ALOS
20100809 20101109 0.00013405 6.6353e-10 ALOS
20101011 20101126 5.6795e-06 7.7557e-10 ALOS
20110111 20110226 0.00079364 7.7556e-10 ALOS
20110924 20130715 0.00012283 3.2739e-10 TSX
20111005 20121229 3.6858e-05 3.8158e-10 TSX
20111121 20171221 2.7771e-05 3.4794e-10 TSX
20111221 20130131 -2.796e-06 3.8562e-10 TSX
20111224 20121027 8.407e-05 4.1924e-10 TSX
20120126 20140419 -6.8984e-06 3.1966e-10 TSX
20120203 20160320 4.4235e-05 3.143e-10 TSX
20120206 20171107 5.0154e-05 3.7011e-10 TSX
20120617 20171129 7.3985e-05 3.3596e-10 TSX
20120723 20160120 0.00013517 3.8797e-10 TSX
20121024 20130109 0.00010475 7.0159e-10 TSX
20121027 20151226 4.1181e-05 3.6801e-10 TSX
20121030 20130311 -8.9771e-05 5.8465e-10 TSX
20121107 20171118 0.00011218 3.4489e-10 TSX
20121221 20160208 6.1418e-05 3.5182e-10 TSX
20121224 20130516 -1.8299e-05 5.6849e-10 TSX
20121229 20130407 4.8427e-06 6.5604e-10 TSX
20130104 20130217 -3.83e-05 7.7342e-10 TSX
20130109 20130715 3.472e-05 5.31e-10 TSX
20130112 20140511 1.1331e-05 3.5569e-10 TSX
20130115 20130721 6.9129e-05 5.1404e-10 TSX
20130126 20130823 9.4472e-05 5.8419e-10 TSX
20130131 20130429 -2.803e-05 6.7795e-10 TSX
20130203 20130729 8.9235e-05 5.2312e-10 TSX
20130211 20130919 0.00022752 4.959e-10 TSX
20130228 20141209 9.9798e-05 3.6628e-10 TSX
20130311 20130801 0.00018324 5.6844e-10 TSX
20130316 20130623 8.8424e-05 6.5604e-10 TSX
20130402 20150122 -0.00010658 4.3145e-10 TSX
20130407 20140530 1.6517e-05 3.8072e-10 TSX
20130421 20171016 8.4415e-05 3.6939e-10 TSX
20130424 20130721 -8.1791e-06 6.6401e-10 TSX
20130429 20130623 -2.2411e-05 7.5437e-10 TSX
20130505 20131028 -0.00084411 6.0496e-10 TSX
20130513 20151112 8.8243e-05 3.7014e-10 TSX
20130516 20131017 -1.0998e-05 5.8426e-10 TSX
20130521 20130715 0.00033678 7.5439e-10 TSX
20130524 20171129 5.8153e-05 3.5565e-10 TSX
20130527 20140627 0.00010588 3.8362e-10 TSX
20130601 20130930 0.00043143 6.1694e-10 TSX
20130604 20141217 6.5128e-05 3.9164e-10 TSX
20130607 20140719 0.00012996 3.8012e-10 TSX
20130612 20150105 6.5477e-05 3.5269e-10 TSX
20130615 20160106 0.00011419 3.7806e-10 TSX
20130618 20140708 7.1432e-05 3.8805e-10 TSX
20130623 20130715 0.00072286 8.6275e-10 TSX
20130629 20130914 0.00020252 7.056e-10 TSX
20130707 20150130 4.2668e-05 3.6899e-10 TSX
20130710 20140901 7.8193e-05 3.7761e-10 TSX
20130715 20130726 -0.0023796 1.0121e-09 TSX
20130721 20131108 0.00068737 6.6181e-10 TSX
20130726 20150517 -7.8915e-05 3.6147e-10 TSX
20130729 20160904 7.3525e-05 3.5135e-10 TSX
20130801 20151115 9.2508e-05 3.6876e-10 TSX
20130817 20140209 -1.2227e-05 5.4096e-10 TSX
20130828 20150312 -2.8411e-05 3.6253e-10 TSX
20130903 20150329 -6.6236e-05 3.604e-10 TSX
20130919 20160309 7.6306e-05 3.6805e-10 TSX
20130925 20140708 -4.9712e-05 4.9848e-10 TSX
20130930 20160411 0.00012749 3.8623e-10 TSX
20131011 20150802 -2.1783e-05 3.9274e-10 TSX
20131017 20140719 -4.126e-05 4.9595e-10 TSX
20131028 20160304 7.3641e-05 3.2703e-10 TSX
20131102 20140519 -0.00023984 5.1711e-10 TSX
20131108 20140708 6.7492e-05 5.0392e-10 TSX
20140209 20160309 0.00012287 3.5398e-10 TSX
20140223 20140829 9.3174e-05 5.1147e-10 TSX
20140408 20140705 1.5668e-05 6.6128e-10 TSX
20140419 20170913 0.00010765 3.816e-10 TSX
20140511 20141228 0.00013355 4.7629e-10 TSX
20140519 20150824 0.00010489 4.1499e-10 TSX
20140624 20171005 9.3333e-05 3.2053e-10 TSX
20140627 20151115 7.9075e-05 4.1766e-10 TSX
20140705 20180911 0.00010637 3.0831e-10 TSX
20140708 20160406 0.0001029 4.6019e-10 TSX
20140716 20171005 3.6392e-05 3.1987e-10 TSX
20140719 20151207 6.5486e-05 4.2807e-10 TSX
20140727 20150326 -1.4026e-06 4.6446e-10 TSX
20140810 20150122 9.5032e-06 5.6203e-10 TSX
20140818 20160301 0.00012165 3.8493e-10 TSX
20140829 20160208 9.4675e-05 4.26e-10 TSX
20140901 20140912 -0.00029998 9.6851e-10 TSX
20140912 20141209 -5.2397e-05 6.6421e-10 TSX
20140920 20170902 0.00012914 3.6158e-10 TSX
20141209 20160211 3.9156e-05 4.6297e-10 TSX
20141217 20160722 9.8295e-05 3.85e-10 TSX
20141228 20160106 0.00012508 4.2656e-10 TSX
20141231 20151024 0.00021891 4.3147e-10 TSX
20150105 20150824 6.3682e-05 5.0649e-10 TSX
20150108 20170811 1.5972e-05 3.3042e-10 TSX
20150119 20160117 0.00013654 4.0521e-10 TSX
20150127 20160411 9.7909e-05 4.1879e-10 TSX
20150130 20151112 0.00013987 4.5384e-10 TSX
20150210 20170114 0.00019494 3.4194e-10 TSX
20150213 20160326 5.2478e-05 4.9341e-10 TSX
20150218 20160216 0.00011831 4.175e-10 TSX
20150221 20180112 0.00016403 4.4556e-10 TSX
20150304 20180911 -6.5561e-05 3.3531e-10 TSX
20150307 20160211 0.00012296 4.3563e-10 TSX
20150312 20160320 6.1758e-05 4.0353e-10 TSX
20150326 20150827 0.00020735 5.5247e-10 TSX
20150329 20151207 0.00017983 4.6034e-10 TSX
20150428 20160425 0.00018575 4.0173e-10 TSX
20150509 20150827 0.00026393 6.2344e-10 TSX
20150517 20150824 0.00027625 6.5642e-10 TSX
20150520 20180911 2.7128e-05 3.2471e-10 TSX
20150714 20170822 0.00018084 3.7102e-10 TSX
20150725 20170924 8.8689e-05 4.0017e-10 TSX
20150802 20160309 -3.9546e-05 5.2013e-10 TSX
20150805 20160403 0.00013419 4.8553e-10 TSX
20150816 20171107 0.00013982 3.8104e-10 TSX
20150824 20150915 0.00082209 8.6266e-10 TSX
20150827 20170902 0.00014063 3.8432e-10 TSX
20150915 20160216 -0.0001622 5.7349e-10 TSX
20151021 20160904 7.1977e-05 4.5104e-10 TSX
20151101 20171016 0.00010925 3.7627e-10 TSX
20151112 20160425 -1.5226e-05 5.3809e-10 TSX
20151115 20151229 0.000164 7.7342e-10 TSX
20151123 20171221 2.9123e-05 3.3762e-10 TSX
20151204 20151215 0.00016271 9.786e-10 TSX
20151207 20160406 -0.00011807 6.0218e-10 TSX
20151215 20170822 0.00018186 3.735e-10 TSX
20151226 20161223 0.00017501 4.1346e-10 TSX
20151229 20160211 -2.576e-05 7.7342e-10 TSX
20160106 20161223 0.00018833 4.1649e-10 TSX
20160117 20160926 0.00018347 4.6602e-10 TSX
20160128 20160301 -0.00015011 8.069e-10 TSX
20160208 20160312 -0.00013269 8.069e-10 TSX
20160216 20160309 -0.00039797 8.6266e-10 TSX
20160219 20180319 5.3159e-05 3.622e-10 TSX
20160301 20161201 0.00024474 4.4522e-10 TSX
20160304 20160326 6.8584e-06 8.4921e-10 TSX
20160312 20180319 6.2921e-05 3.9097e-10 TSX
20160320 20160411 0.00040446 8.6266e-10 TSX
20160323 20171118 0.00018481 3.7172e-10 TSX
20160326 20160406 -0.00047516 9.6844e-10 TSX
20160403 20171027 0.0001783 3.6594e-10 TSX
20160425 20170811 0.00019791 3.9476e-10 TSX
20160528 20160630 4.5606e-05 8.069e-10 TSX
20160630 20171118 0.00019315 3.6303e-10 TSX
20160722 20161201 0.00039102 5.8133e-10 TSX
20160904 20180707 -6.1638e-05 3.5461e-10 TSX
20160915 20180911 -4.742e-05 3.3661e-10 TSX
20160926 20170114 7.3347e-05 6.1854e-10 TSX
20161201 20171027 4.1441e-05 4.2219e-10 TSX
20161223 20171107 5.2222e-05 4.1771e-10 TSX
20170114 20170902 0.00010341 4.7995e-10 TSX
20170811 20171005 -2.8906e-05 7.4139e-10 TSX
20170822 20180707 -0.00027555 4.139e-10 TSX
20170913 20180707 -0.00033397 4.3615e-10 TSX
20170924 20180319 -5.9351e-05 5.232e-10 TSX
20171005 20171107 8.5464e-05 8.069e-10 TSX
20171016 20180319 -5.8484e-06 5.5009e-10 TSX
20171027 20180911 -0.00026161 4.1386e-10 TSX
20171107 20171118 9.8009e-05 9.786e-10 TSX
20171118 20171129 4.7835e-05 9.786e-10 TSX
20171129 20171221 -2.213e-05 8.5124e-10 TSX
20171210 20180820 -0.00031295 4.5349e-10 TSX
20171221 20180911 -0.00038071 4.4575e-10 TSX
20180112 20181003 -0.00012465 4.46e-10 TSX
20180319 20180707 -0.00049134 6.1798e-10 TSX
20180707 20180911 0.00024084 7.1251e-10 TSX
20180729 20181003 8.7286e-05 7.1251e-10 TSX
20180820 20181003 0.00022488 7.7256e-10 TSX
20180911 20181003 -0.00017122 8.5124e-10 TSX
