20030427 20030914 -0.00012348 5.6779e-10 ERS2
20030914 20080629 -0.00017453 2.7158e-10 ERS2
20050918 20090510 0.00010844 2.9923e-10 ERS2
20051127 20081116 8.8153e-05 3.1656e-10 ERS2
20060903 20090510 0.00010016 3.1795e-10 ERS2
20061231 20090105 -0.00015453 3.1257e-10 ALOS
20070402 20070703 -0.00012731 6.6623e-10 ALOS
20070518 20091008 5.5528e-05 2.9874e-10 ALOS
20070818 20071003 -0.00027493 7.7501e-10 ALOS
20071217 20100509 6.3716e-07 3.0116e-10 ALOS
20080103 20100526 2.0235e-05 3.0355e-10 ALOS
20080404 20080520 -8.4097e-05 7.7502e-10 ALOS
20080618 20090921 -3.2008e-06 3.726e-10 ALOS
20080629 20090510 -0.00030299 4.1196e-10 ERS2
20080705 20091008 0.00011636 3.6477e-10 ALOS
20080803 20090823 2.8372e-05 3.83e-10 ERS2
20081116 20090823 0.00012417 4.3199e-10 ERS2
20081219 20090921 0.00029737 4.4631e-10 ALOS
20090105 20090708 8.1741e-05 5.2814e-10 ALOS
20090510 20091101 1.3964e-05 5.2091e-10 ERS2
20090708 20091008 0.00077005 6.6614e-10 ALOS
20090823 20091101 -9.2104e-05 6.9852e-10 ERS2
20091222 20100624 0.0008263 5.2494e-10 ALOS
20100108 20100223 0.00091646 7.7504e-10 ALOS
20100223 20100526 -2.8508e-05 6.6617e-10 ALOS
20100410 20100711 3.4809e-05 6.6624e-10 ALOS
20100509 20100624 0.00059551 7.7305e-10 ALOS
20100526 20100711 0.00055323 7.7502e-10 ALOS
20100624 20101109 0.00013963 5.8396e-10 ALOS
20100711 20101011 0.00028197 6.6625e-10 ALOS
20100809 20101109 -3.1593e-05 6.6352e-10 ALOS
20101011 20101126 0.00024471 7.7502e-10 ALOS
20110111 20110226 0.00071119 7.7501e-10 ALOS
20110924 20130715 3.0912e-05 3.2395e-10 TSX
20111005 20121229 -0.00011728 3.6988e-10 TSX
20111121 20171221 2.9526e-05 2.6805e-10 TSX
20111221 20130131 3.892e-05 3.8526e-10 TSX
20111224 20121027 5.2519e-05 4.1939e-10 TSX
20120126 20140419 5.6541e-05 2.9393e-10 TSX
20120203 20160320 7.8308e-05 3.0329e-10 TSX
20120206 20171107 4.1286e-05 2.6165e-10 TSX
20120617 20171129 9.3117e-05 2.6811e-10 TSX
20120723 20160120 0.00010745 3.5103e-10 TSX
20121024 20130109 -1.9899e-05 7.0152e-10 TSX
20121027 20151226 1.6755e-05 2.7867e-10 TSX
20121030 20130311 7.1736e-05 5.8465e-10 TSX
20121107 20171118 5.5514e-05 2.768e-10 TSX
20121221 20160208 0.00011454 2.7708e-10 TSX
20121224 20130516 -1.9606e-05 5.6848e-10 TSX
20121229 20130407 0.0003157 6.5604e-10 TSX
20130104 20130217 0.00025585 7.7303e-10 TSX
20130109 20130715 0.00020359 5.2872e-10 TSX
20130112 20140511 7.6057e-07 3.5478e-10 TSX
20130115 20130721 -0.00010893 5.1444e-10 TSX
20130126 20130823 -3.9147e-05 4.9586e-10 TSX
20130131 20130429 -1.0639e-05 6.7793e-10 TSX
20130203 20130729 2.2102e-07 5.2313e-10 TSX
20130211 20130919 0.00011934 4.9591e-10 TSX
20130228 20141209 5.6941e-05 3.1632e-10 TSX
20130311 20130801 -1.7299e-05 5.6844e-10 TSX
20130316 20130623 0.00013539 6.5606e-10 TSX
20130402 20150122 0.00019657 3.6759e-10 TSX
20130407 20140530 -3.4782e-05 3.8205e-10 TSX
20130421 20171016 9.4299e-05 2.5735e-10 TSX
20130424 20130721 -0.00017018 6.6401e-10 TSX
20130429 20130623 2.4088e-05 7.5399e-10 TSX
20130505 20131028 -0.00035371 5.3123e-10 TSX
20130513 20151112 0.00013875 2.8831e-10 TSX
20130516 20131017 -0.0001722 5.5874e-10 TSX
20130521 20130715 0.00020706 7.5402e-10 TSX
20130524 20171129 0.00010162 2.6646e-10 TSX
20130527 20140627 3.5966e-05 3.8366e-10 TSX
20130601 20130930 5.4444e-05 6.1696e-10 TSX
20130604 20141217 6.0931e-05 3.3955e-10 TSX
20130607 20140719 1.6393e-05 3.8003e-10 TSX
20130612 20150105 -1.7747e-06 3.3818e-10 TSX
20130615 20160106 7.6731e-05 2.8354e-10 TSX
20130618 20140708 9.4275e-06 3.8792e-10 TSX
20130623 20130715 0.00058519 8.6122e-10 TSX
20130629 20130914 0.00021708 6.8833e-10 TSX
20130707 20150130 4.692e-05 3.378e-10 TSX
20130710 20140901 2.5356e-05 3.7669e-10 TSX
20130715 20130726 -0.002481 1.0102e-09 TSX
20130721 20131108 0.00070077 6.2425e-10 TSX
20130726 20150517 0.00017794 3.2465e-10 TSX
20130729 20160904 5.3508e-05 2.7738e-10 TSX
20130801 20151115 2.502e-05 3.022e-10 TSX
20130817 20140209 5.2423e-05 5.4095e-10 TSX
20130828 20150312 8.2523e-05 3.401e-10 TSX
20130903 20150329 -0.00017002 3.8301e-10 TSX
20130919 20160309 -1.0339e-05 2.9485e-10 TSX
20130925 20140708 7.2347e-05 4.3135e-10 TSX
20130930 20160411 -1.139e-05 3.3505e-10 TSX
20131011 20150802 3.1464e-05 3.4682e-10 TSX
20131017 20140719 4.8985e-05 4.3882e-10 TSX
20131028 20160304 1.5126e-05 3.5706e-10 TSX
20131102 20140519 -0.00014326 5.1709e-10 TSX
20131108 20140708 8.0059e-06 4.6309e-10 TSX
20140209 20160309 -2.4782e-05 3.1737e-10 TSX
20140223 20140829 8.4539e-06 5.1111e-10 TSX
20140408 20140705 -1.5606e-05 6.6127e-10 TSX
20140419 20170913 0.00016808 2.7669e-10 TSX
20140511 20141228 8.5861e-05 4.7015e-10 TSX
20140519 20150824 0.00011487 3.7786e-10 TSX
20140624 20171005 0.00017858 2.756e-10 TSX
20140627 20151115 4.2802e-06 3.6093e-10 TSX
20140705 20180911 9.1992e-05 2.5968e-10 TSX
20140708 20160406 3.4038e-05 3.2889e-10 TSX
20140716 20171005 0.000152 2.7524e-10 TSX
20140719 20151207 2.1905e-06 3.5958e-10 TSX
20140727 20150326 -1.4922e-07 4.6156e-10 TSX
20140810 20150122 6.4772e-05 5.3917e-10 TSX
20140818 20160301 5.4543e-05 3.2987e-10 TSX
20140829 20160208 9.8675e-05 3.3825e-10 TSX
20140901 20140912 -0.00031196 9.671e-10 TSX
20140912 20141209 0.0001088 6.64e-10 TSX
20140920 20170902 0.00013528 2.778e-10 TSX
20141209 20160211 -6.0569e-05 3.7376e-10 TSX
20141217 20160722 6.0325e-05 3.2451e-10 TSX
20141228 20160106 3.4388e-05 3.8324e-10 TSX
20141231 20151024 -6.1468e-06 4.3314e-10 TSX
20150105 20150824 3.1239e-05 4.8695e-10 TSX
20150108 20170811 8.8066e-05 2.8975e-10 TSX
20150119 20160117 2.9346e-05 3.8869e-10 TSX
20150127 20160411 4.5256e-05 3.8036e-10 TSX
20150130 20151112 4.2235e-05 4.2865e-10 TSX
20150210 20170114 0.00010764 3.0712e-10 TSX
20150213 20160326 4.5252e-05 4.2595e-10 TSX
20150218 20160216 -5.2355e-06 4.0712e-10 TSX
20150221 20180112 0.00017228 2.7869e-10 TSX
20150304 20180911 0.0001454 2.7312e-10 TSX
20150307 20160211 6.8285e-06 4.1053e-10 TSX
20150312 20160320 -8.6917e-05 4.0457e-10 TSX
20150326 20150827 6.8933e-05 5.5006e-10 TSX
20150329 20151207 6.3706e-06 4.57e-10 TSX
20150428 20160425 9.7352e-05 3.882e-10 TSX
20150509 20150827 2.5091e-05 6.1799e-10 TSX
20150517 20150824 -0.00012933 6.5766e-10 TSX
20150520 20180911 7.9682e-05 2.8811e-10 TSX
20150714 20170822 7.3907e-05 2.9843e-10 TSX
20150725 20170924 0.00012647 2.9073e-10 TSX
20150802 20160309 -3.1874e-05 4.9605e-10 TSX
20150805 20160403 4.4784e-05 4.612e-10 TSX
20150816 20171107 9.7453e-05 2.916e-10 TSX
20150824 20150915 0.0006656 8.6111e-10 TSX
20150827 20170902 0.00011009 3.0184e-10 TSX
20150915 20160216 -7.8317e-05 5.6824e-10 TSX
20151021 20160904 1.7671e-05 4.1252e-10 TSX
20151101 20171016 0.00010149 3.0448e-10 TSX
20151112 20160425 1.5967e-05 5.3609e-10 TSX
20151115 20151229 0.00017244 7.7303e-10 TSX
20151123 20171221 8.9058e-05 2.9806e-10 TSX
20151204 20151215 0.0001723 9.7728e-10 TSX
20151207 20160406 -0.00010075 6.0213e-10 TSX
20151215 20170822 8.2911e-05 3.1773e-10 TSX
20151226 20161223 7.174e-05 3.9351e-10 TSX
20151229 20160211 3.1548e-05 7.7303e-10 TSX
20160106 20161223 8.8332e-05 3.9838e-10 TSX
20160117 20160926 4.8321e-05 4.5299e-10 TSX
20160128 20160301 -0.00024178 8.0614e-10 TSX
20160208 20160312 -6.0745e-05 8.0614e-10 TSX
20160216 20160309 -0.00040482 8.6111e-10 TSX
20160219 20180319 5.4712e-05 2.9775e-10 TSX
20160301 20161201 0.00010705 4.3855e-10 TSX
20160304 20160326 7.9265e-05 8.4813e-10 TSX
20160312 20180319 5.5577e-05 2.9933e-10 TSX
20160320 20160411 0.00047131 8.6112e-10 TSX
20160323 20171118 8.5359e-05 3.1896e-10 TSX
20160326 20160406 -0.00049577 9.6703e-10 TSX
20160403 20171027 9.9196e-05 3.2497e-10 TSX
20160425 20170811 0.00010441 3.4863e-10 TSX
20160528 20160630 8.2046e-06 8.0614e-10 TSX
20160630 20171118 9.1898e-05 3.3918e-10 TSX
20160722 20161201 0.0001022 5.8133e-10 TSX
20160904 20180707 2.6001e-06 3.2551e-10 TSX
20160915 20180911 1.7459e-05 3.0288e-10 TSX
20160926 20170114 -6.4506e-06 6.1797e-10 TSX
20161201 20171027 3.7755e-05 4.0711e-10 TSX
20161223 20171107 2.3199e-05 4.0888e-10 TSX
20170114 20170902 3.8311e-05 4.6858e-10 TSX
20170811 20171005 -0.00010161 7.4114e-10 TSX
20170822 20180707 -6.0971e-05 4.1348e-10 TSX
20170913 20180707 -0.00013843 4.2494e-10 TSX
20170924 20180319 -0.00014218 5.232e-10 TSX
20171005 20171107 2.9372e-05 8.0614e-10 TSX
20171016 20180319 -0.00013478 5.5008e-10 TSX
20171027 20180911 -7.6983e-05 4.1355e-10 TSX
20171107 20171118 6.7553e-05 9.7728e-10 TSX
20171118 20171129 5.2838e-05 9.7728e-10 TSX
20171129 20171221 -2.362e-05 8.5016e-10 TSX
20171210 20180820 -7.6415e-05 4.5339e-10 TSX
20171221 20180911 -0.00010316 4.4579e-10 TSX
20180112 20181003 -3.5974e-05 4.4582e-10 TSX
20180319 20180707 -6.8853e-05 6.1798e-10 TSX
20180707 20180911 0.00023001 7.124e-10 TSX
20180729 20181003 7.5673e-05 7.124e-10 TSX
20180820 20181003 0.00022075 7.721e-10 TSX
20180911 20181003 -0.00012648 8.5017e-10 TSX
