20030427 20030914 1.6752e-05 5.6573e-10 ERS2
20030914 20080629 -5.5911e-05 3.1833e-10 ERS2
20050918 20090510 8.6541e-06 3.0282e-10 ERS2
20051127 20081116 0.00013857 3.2146e-10 ERS2
20060903 20090510 0.00011868 3.0987e-10 ERS2
20061231 20090105 -0.00020669 3.4078e-10 ALOS
20070402 20070703 -0.00023326 6.6757e-10 ALOS
20070518 20091008 -4.4489e-05 3.1661e-10 ALOS
20070818 20071003 -0.00027057 7.7582e-10 ALOS
20071217 20100509 -0.00010389 3.0373e-10 ALOS
20080103 20100526 0.00011364 3.2458e-10 ALOS
20080404 20080520 1.9645e-06 7.7587e-10 ALOS
20080618 20090921 -0.0001355 3.7261e-10 ALOS
20080629 20090510 -0.00049492 4.1259e-10 ERS2
20080705 20091008 -0.00011892 3.6596e-10 ALOS
20080803 20090823 -1.5819e-05 3.8254e-10 ERS2
20081116 20090823 7.5979e-05 4.3204e-10 ERS2
20081219 20090921 9.1319e-05 4.541e-10 ALOS
20090105 20090708 -0.00042322 5.4371e-10 ALOS
20090510 20091101 0.00016384 5.2109e-10 ERS2
20090708 20091008 0.00023515 6.6657e-10 ALOS
20090823 20091101 4.7308e-05 6.9856e-10 ERS2
20091222 20100624 -6.6299e-05 5.2912e-10 ALOS
20100108 20100223 0.00033422 7.7696e-10 ALOS
20100223 20100526 -0.00023813 6.6863e-10 ALOS
20100410 20100711 -5.1199e-05 6.6752e-10 ALOS
20100509 20100624 0.00060733 7.7371e-10 ALOS
20100526 20100711 0.00042269 7.7578e-10 ALOS
20100624 20101109 -4.7132e-05 5.8412e-10 ALOS
20100711 20101011 -0.00025624 6.664e-10 ALOS
20100809 20101109 -3.2535e-05 6.6372e-10 ALOS
20101011 20101126 0.00032821 7.7578e-10 ALOS
20110111 20110226 0.00048334 7.7581e-10 ALOS
20110924 20130715 -8.2624e-06 3.2546e-10 TSX
20111005 20121229 -1.1851e-05 3.6873e-10 TSX
20111121 20171221 -1.1916e-05 3.2791e-10 TSX
20111221 20130131 1.1222e-06 3.8561e-10 TSX
20111224 20121027 9.3475e-06 4.195e-10 TSX
20120126 20140419 -6.8222e-06 3.0578e-10 TSX
20120203 20160320 1.4472e-05 3.3572e-10 TSX
20120206 20171107 1.1388e-05 3.2043e-10 TSX
20120617 20171129 9.6252e-06 3.1322e-10 TSX
20120723 20160120 4.8339e-06 3.0143e-10 TSX
20121024 20130109 8.514e-05 7.019e-10 TSX
20121027 20151226 -2.2899e-06 3.1022e-10 TSX
20121030 20130311 1.0616e-05 5.847e-10 TSX
20121107 20171118 2.009e-05 3.3673e-10 TSX
20121221 20160208 1.7685e-05 3.1338e-10 TSX
20121224 20130516 1.4513e-05 5.6854e-10 TSX
20121229 20130407 4.7731e-05 6.5631e-10 TSX
20130104 20130217 1.2078e-05 7.7351e-10 TSX
20130109 20130715 -4.8435e-05 5.4177e-10 TSX
20130112 20140511 1.0687e-05 3.6642e-10 TSX
20130115 20130721 -3.1755e-05 5.142e-10 TSX
20130126 20130823 0.00021759 5.096e-10 TSX
20130131 20130429 -4.1175e-07 6.7823e-10 TSX
20130203 20130729 1.0774e-05 5.2382e-10 TSX
20130211 20130919 -9.5969e-06 4.9618e-10 TSX
20130228 20141209 8.4771e-07 3.2215e-10 TSX
20130311 20130801 -1.5024e-05 5.6852e-10 TSX
20130316 20130623 1.7645e-05 6.5632e-10 TSX
20130402 20150122 0.00011247 3.9242e-10 TSX
20130407 20140530 -1.5167e-05 3.8116e-10 TSX
20130421 20171016 9.5145e-06 3.3464e-10 TSX
20130424 20130721 -6.5645e-05 6.6412e-10 TSX
20130429 20130623 -3.3082e-05 7.5465e-10 TSX
20130505 20131028 0.00013389 5.4524e-10 TSX
20130513 20151112 2.2953e-05 3.1151e-10 TSX
20130516 20131017 0.00023282 5.8748e-10 TSX
20130521 20130715 6.7094e-06 7.5468e-10 TSX
20130524 20171129 2.0539e-05 3.4895e-10 TSX
20130527 20140627 -4.2641e-06 3.8406e-10 TSX
20130601 20130930 -3.0199e-05 6.1717e-10 TSX
20130604 20141217 2.2698e-05 3.533e-10 TSX
20130607 20140719 5.6545e-06 3.8054e-10 TSX
20130612 20150105 1.1435e-05 3.4001e-10 TSX
20130615 20160106 4.3245e-05 3.4483e-10 TSX
20130618 20140708 -2.8789e-05 3.8803e-10 TSX
20130623 20130715 0.00055467 8.6299e-10 TSX
20130629 20130914 0.00015163 7.0197e-10 TSX
20130707 20150130 7.6576e-07 3.4962e-10 TSX
20130710 20140901 1.3342e-05 3.7668e-10 TSX
20130715 20130726 -0.002353 1.0123e-09 TSX
20130721 20131108 0.00042756 6.3573e-10 TSX
20130726 20150517 5.6356e-06 3.2041e-10 TSX
20130729 20160904 4.1796e-06 3.066e-10 TSX
20130801 20151115 -1.7065e-05 3.0474e-10 TSX
20130817 20140209 3.3403e-05 5.4111e-10 TSX
20130828 20150312 2.8277e-06 3.3946e-10 TSX
20130903 20150329 -0.00015327 3.7598e-10 TSX
20130919 20160309 7.4709e-06 2.8833e-10 TSX
20130925 20140708 8.4002e-05 4.6499e-10 TSX
20130930 20160411 5.4302e-05 2.9522e-10 TSX
20131011 20150802 -4.5261e-06 3.2923e-10 TSX
20131017 20140719 -1.3867e-06 4.5992e-10 TSX
20131028 20160304 -8.6339e-05 3.2342e-10 TSX
20131102 20140519 4.5927e-05 5.1722e-10 TSX
20131108 20140708 0.0002504 5.5334e-10 TSX
20140209 20160309 -1.7395e-05 3.2517e-10 TSX
20140223 20140829 1.6492e-05 5.1112e-10 TSX
20140408 20140705 1.5175e-05 6.6129e-10 TSX
20140419 20170913 3.4062e-05 4.143e-10 TSX
20140511 20141228 1.7808e-05 4.7004e-10 TSX
20140519 20150824 5.1241e-06 3.6768e-10 TSX
20140624 20171005 1.1431e-05 2.9729e-10 TSX
20140627 20151115 7.5878e-06 3.4436e-10 TSX
20140705 20180911 4.2634e-06 3.1011e-10 TSX
20140708 20160406 1.5576e-05 3.2562e-10 TSX
20140716 20171005 1.5655e-05 3.1937e-10 TSX
20140719 20151207 3.2397e-06 3.409e-10 TSX
20140727 20150326 -1.904e-05 4.6161e-10 TSX
20140810 20150122 5.2834e-05 5.441e-10 TSX
20140818 20160301 1.8762e-05 3.4676e-10 TSX
20140829 20160208 1.248e-05 3.5484e-10 TSX
20140901 20140912 -0.00026767 9.6867e-10 TSX
20140912 20141209 -2.3265e-05 6.6411e-10 TSX
20140920 20170902 3.354e-05 3.1267e-10 TSX
20141209 20160211 -2.6563e-05 3.664e-10 TSX
20141217 20160722 8.8958e-07 3.4084e-10 TSX
20141228 20160106 2.7645e-05 4.0214e-10 TSX
20141231 20151024 -2.0409e-05 4.291e-10 TSX
20150105 20150824 -3.7145e-05 4.8837e-10 TSX
20150108 20170811 1.4868e-05 2.9363e-10 TSX
20150119 20160117 2.5306e-05 3.9248e-10 TSX
20150127 20160411 -7.5719e-06 3.8116e-10 TSX
20150130 20151112 2.2269e-05 4.3664e-10 TSX
20150210 20170114 4.6121e-05 3.765e-10 TSX
20150213 20160326 -3.2793e-05 3.9988e-10 TSX
20150218 20160216 -6.3034e-06 4.0481e-10 TSX
20150221 20180112 4.7827e-05 3.5326e-10 TSX
20150304 20180911 1.1779e-05 3.1834e-10 TSX
20150307 20160211 -1.2815e-05 4.018e-10 TSX
20150312 20160320 -2.3344e-06 4.0019e-10 TSX
20150326 20150827 5.2447e-05 5.5243e-10 TSX
20150329 20151207 -2.1053e-05 4.5567e-10 TSX
20150428 20160425 1.9919e-05 4.0085e-10 TSX
20150509 20150827 5.0775e-05 6.2346e-10 TSX
20150517 20150824 -0.00017425 6.5748e-10 TSX
20150520 20180911 -1.4741e-06 3.2263e-10 TSX
20150714 20170822 2.0526e-05 3.3312e-10 TSX
20150725 20170924 3.9817e-05 3.1507e-10 TSX
20150802 20160309 -1.8595e-05 4.9638e-10 TSX
20150805 20160403 -1.9469e-05 4.6354e-10 TSX
20150816 20171107 2.6106e-05 3.1088e-10 TSX
20150824 20150915 0.00053352 8.629e-10 TSX
20150827 20170902 2.7725e-05 3.1573e-10 TSX
20150915 20160216 2.792e-05 5.6853e-10 TSX
20151021 20160904 -4.4079e-05 4.1947e-10 TSX
20151101 20171016 -1.713e-06 3.1545e-10 TSX
20151112 20160425 -6.5206e-06 5.3642e-10 TSX
20151115 20151229 8.4959e-05 7.735e-10 TSX
20151123 20171221 3.1982e-05 3.0761e-10 TSX
20151204 20151215 0.00017006 9.7858e-10 TSX
20151207 20160406 -3.3822e-05 6.022e-10 TSX
20151215 20170822 6.6008e-05 3.3332e-10 TSX
20151226 20161223 1.9024e-05 3.943e-10 TSX
20151229 20160211 6.5062e-06 7.735e-10 TSX
20160106 20161223 8.5178e-06 4.0648e-10 TSX
20160117 20160926 6.4998e-05 4.533e-10 TSX
20160128 20160301 -0.00016038 8.0671e-10 TSX
20160208 20160312 -6.5979e-05 8.0671e-10 TSX
20160216 20160309 -0.00031802 8.629e-10 TSX
20160219 20180319 8.0118e-06 3.133e-10 TSX
20160301 20161201 6.9503e-05 4.3842e-10 TSX
20160304 20160326 3.8276e-05 8.4931e-10 TSX
20160312 20180319 1.0742e-05 3.0453e-10 TSX
20160320 20160411 0.00035176 8.6291e-10 TSX
20160323 20171118 3.4649e-05 3.2626e-10 TSX
20160326 20160406 -0.00050138 9.6859e-10 TSX
20160403 20171027 4.7275e-05 3.2963e-10 TSX
20160425 20170811 5.6834e-05 3.5963e-10 TSX
20160528 20160630 -2.2602e-05 8.0671e-10 TSX
20160630 20171118 4.1052e-05 3.4271e-10 TSX
20160722 20161201 0.00012675 5.8134e-10 TSX
20160904 20180707 3.5745e-06 3.2922e-10 TSX
20160915 20180911 -1.7843e-05 3.0216e-10 TSX
20160926 20170114 7.4159e-05 6.1801e-10 TSX
20161201 20171027 5.1461e-06 4.0688e-10 TSX
20161223 20171107 3.1209e-05 4.1002e-10 TSX
20170114 20170902 -5.27e-06 4.7134e-10 TSX
20170811 20171005 -3.671e-05 7.4129e-10 TSX
20170822 20180707 -8.4341e-05 4.1392e-10 TSX
20170913 20180707 -9.1354e-05 4.253e-10 TSX
20170924 20180319 -6.5822e-05 5.2321e-10 TSX
20171005 20171107 6.5688e-05 8.0671e-10 TSX
20171016 20180319 -4.8655e-05 5.5007e-10 TSX
20171027 20180911 -4.1857e-05 4.1382e-10 TSX
20171107 20171118 7.5728e-05 9.7858e-10 TSX
20171118 20171129 5.6388e-05 9.7858e-10 TSX
20171129 20171221 -2.8211e-05 8.5111e-10 TSX
20171210 20180820 -4.3165e-05 4.5349e-10 TSX
20171221 20180911 -3.11e-05 4.4562e-10 TSX
20180112 20181003 -1.359e-05 4.4563e-10 TSX
20180319 20180707 -6.2138e-05 6.1799e-10 TSX
20180707 20180911 0.00015413 7.1247e-10 TSX
20180729 20181003 4.5975e-05 7.1247e-10 TSX
20180820 20181003 0.0001341 7.724e-10 TSX
20180911 20181003 -0.00012496 8.5111e-10 TSX
