20030427 20030914 0.00088714 5.6569e-10 ERS2
20030914 20080629 2.3457e-05 2.8578e-10 ERS2
20050918 20090510 -0.00017013 3.0442e-10 ERS2
20051127 20081116 4.2319e-05 3.0662e-10 ERS2
20060903 20090510 5.9708e-05 3.0413e-10 ERS2
20061231 20090105 -3.2526e-05 3.171e-10 ALOS
20070402 20070703 -2.4742e-05 6.6667e-10 ALOS
20070518 20091008 -0.00010505 3.5078e-10 ALOS
20070818 20071003 -0.00027106 7.758e-10 ALOS
20071217 20100509 2.2757e-05 3.1049e-10 ALOS
20080103 20100526 0.00012175 3.55e-10 ALOS
20080404 20080520 9.0084e-05 7.7575e-10 ALOS
20080618 20090921 0.00015604 3.7197e-10 ALOS
20080629 20090510 -0.00056731 4.228e-10 ERS2
20080705 20091008 0.00015537 3.6695e-10 ALOS
20080803 20090823 -3.7044e-05 3.8449e-10 ERS2
20081116 20090823 0.00012162 4.3258e-10 ERS2
20081219 20090921 0.0005792 4.5061e-10 ALOS
20090105 20090708 -0.00045294 5.3052e-10 ALOS
20090510 20091101 9.456e-05 5.2181e-10 ERS2
20090708 20091008 0.00022789 6.6637e-10 ALOS
20090823 20091101 -0.00012069 6.9863e-10 ERS2
20091222 20100624 0.00036111 5.3385e-10 ALOS
20100108 20100223 0.00056361 7.7586e-10 ALOS
20100223 20100526 3.73e-05 6.6675e-10 ALOS
20100410 20100711 -0.00027727 6.6701e-10 ALOS
20100509 20100624 0.00063833 7.7375e-10 ALOS
20100526 20100711 0.00028314 7.7584e-10 ALOS
20100624 20101109 -6.2664e-06 5.8405e-10 ALOS
20100711 20101011 0.00015872 6.6652e-10 ALOS
20100809 20101109 -0.00020205 6.637e-10 ALOS
20101011 20101126 0.00013228 7.7586e-10 ALOS
20110111 20110226 0.00050688 7.7579e-10 ALOS
20110924 20130715 5.3272e-05 3.3326e-10 TSX
20111005 20121229 -0.00010828 3.8377e-10 TSX
20111121 20171221 -7.8599e-06 2.7384e-10 TSX
20111221 20130131 1.3311e-05 3.8543e-10 TSX
20111224 20121027 8.6941e-06 4.3453e-10 TSX
20120126 20140419 2.6443e-05 3.2041e-10 TSX
20120203 20160320 8.4047e-05 2.6625e-10 TSX
20120206 20171107 9.3075e-06 2.9209e-10 TSX
20120617 20171129 -8.9793e-06 2.7937e-10 TSX
20120723 20160120 7.687e-05 3.1262e-10 TSX
20121024 20130109 0.00013269 7.0217e-10 TSX
20121027 20151226 -5.0408e-05 2.871e-10 TSX
20121030 20130311 0.00012665 5.8509e-10 TSX
20121107 20171118 2.3874e-05 2.7813e-10 TSX
20121221 20160208 9.4385e-06 2.851e-10 TSX
20121224 20130516 1.8615e-05 5.6848e-10 TSX
20121229 20130407 8.4774e-05 6.569e-10 TSX
20130104 20130217 7.7345e-05 7.7383e-10 TSX
20130109 20130715 2.5139e-05 5.3349e-10 TSX
20130112 20140511 -2.5787e-05 3.7387e-10 TSX
20130115 20130721 -0.00031773 5.1635e-10 TSX
20130126 20130823 -0.00024047 5.0225e-10 TSX
20130131 20130429 -4.6394e-05 6.7833e-10 TSX
20130203 20130729 3.4444e-05 5.3824e-10 TSX
20130211 20130919 -0.00012083 4.9998e-10 TSX
20130228 20141209 7.8257e-05 3.3429e-10 TSX
20130311 20130801 -0.00015243 5.697e-10 TSX
20130316 20130623 -0.00015175 6.5662e-10 TSX
20130402 20150122 9.4592e-05 3.2051e-10 TSX
20130407 20140530 1.3941e-06 3.8831e-10 TSX
20130421 20171016 4.8797e-05 2.7749e-10 TSX
20130424 20130721 -0.00042119 6.6494e-10 TSX
20130429 20130623 -0.00016753 7.5496e-10 TSX
20130505 20131028 -0.00068678 5.4083e-10 TSX
20130513 20151112 2.4397e-05 3.0704e-10 TSX
20130516 20131017 -0.00032749 5.7113e-10 TSX
20130521 20130715 0.00014711 7.5492e-10 TSX
20130524 20171129 8.6605e-05 2.7338e-10 TSX
20130527 20140627 2.3749e-05 3.9436e-10 TSX
20130601 20130930 0.00010836 6.1809e-10 TSX
20130604 20141217 5.8516e-05 3.724e-10 TSX
20130607 20140719 -5.7242e-07 3.886e-10 TSX
20130612 20150105 -5.8736e-05 3.5129e-10 TSX
20130615 20160106 1.3868e-05 3.1366e-10 TSX
20130618 20140708 -1.3392e-05 4.0797e-10 TSX
20130623 20130715 0.00069602 8.6319e-10 TSX
20130629 20130914 0.00016896 6.9121e-10 TSX
20130707 20150130 6.5308e-05 3.6422e-10 TSX
20130710 20140901 1.287e-06 3.7762e-10 TSX
20130715 20130726 -0.0025388 1.0124e-09 TSX
20130721 20131108 0.00063793 6.2272e-10 TSX
20130726 20150517 8.5442e-05 3.3876e-10 TSX
20130729 20160904 4.8568e-05 3.1468e-10 TSX
20130801 20151115 6.5104e-05 3.0873e-10 TSX
20130817 20140209 -9.6797e-05 5.4184e-10 TSX
20130828 20150312 0.00011558 3.4493e-10 TSX
20130903 20150329 -0.00010953 3.4e-10 TSX
20130919 20160309 9.0583e-05 3.0226e-10 TSX
20130925 20140708 -6.7375e-05 4.3459e-10 TSX
20130930 20160411 7.6398e-05 2.9334e-10 TSX
20131011 20150802 3.0469e-05 3.3447e-10 TSX
20131017 20140719 1.0415e-05 4.4423e-10 TSX
20131028 20160304 -0.00010974 3.5415e-10 TSX
20131102 20140519 -6.669e-05 5.1888e-10 TSX
20131108 20140708 -2.5841e-05 4.6746e-10 TSX
20140209 20160309 3.0166e-05 3.2765e-10 TSX
20140223 20140829 3.7006e-05 5.2155e-10 TSX
20140408 20140705 -4.6602e-05 6.6366e-10 TSX
20140419 20170913 6.7214e-05 2.821e-10 TSX
20140511 20141228 5.1738e-05 4.8276e-10 TSX
20140519 20150824 5.9389e-05 3.7069e-10 TSX
20140624 20171005 8.1357e-05 2.8783e-10 TSX
20140627 20151115 3.3791e-05 3.5102e-10 TSX
20140705 20180911 5.049e-05 2.8911e-10 TSX
20140708 20160406 7.6162e-05 3.2541e-10 TSX
20140716 20171005 3.8085e-05 3.0118e-10 TSX
20140719 20151207 7.0835e-05 3.4881e-10 TSX
20140727 20150326 4.5731e-05 4.6437e-10 TSX
20140810 20150122 5.0026e-08 5.3949e-10 TSX
20140818 20160301 6.1062e-05 3.4279e-10 TSX
20140829 20160208 3.1519e-05 3.4311e-10 TSX
20140901 20140912 -0.00030327 9.686e-10 TSX
20140912 20141209 4.5205e-05 6.6427e-10 TSX
20140920 20170902 4.453e-05 2.9248e-10 TSX
20141209 20160211 -3.2482e-05 3.6928e-10 TSX
20141217 20160722 2.7267e-05 3.401e-10 TSX
20141228 20160106 6.6933e-06 3.96e-10 TSX
20141231 20151024 6.9534e-06 4.2706e-10 TSX
20150105 20150824 -0.00010295 4.892e-10 TSX
20150108 20170811 7.5859e-05 3.0624e-10 TSX
20150119 20160117 6.9889e-05 4.0155e-10 TSX
20150127 20160411 -3.2905e-06 3.7581e-10 TSX
20150130 20151112 8.8359e-05 4.4672e-10 TSX
20150210 20170114 -4.8944e-06 3.1664e-10 TSX
20150213 20160326 -2.0528e-05 4.0384e-10 TSX
20150218 20160216 -8.2538e-06 4.0675e-10 TSX
20150221 20180112 9.5166e-05 2.8877e-10 TSX
20150304 20180911 -2.5144e-05 2.8959e-10 TSX
20150307 20160211 -1.3983e-05 4.0237e-10 TSX
20150312 20160320 -0.00010015 4.0278e-10 TSX
20150326 20150827 8.8822e-05 5.6164e-10 TSX
20150329 20151207 -7.1059e-06 4.5593e-10 TSX
20150428 20160425 0.0001062 4.1336e-10 TSX
20150509 20150827 -1.3319e-05 6.3241e-10 TSX
20150517 20150824 -4.5455e-05 6.5703e-10 TSX
20150520 20180911 6.4874e-06 2.9181e-10 TSX
20150714 20170822 0.00010319 3.197e-10 TSX
20150725 20170924 0.0001101 3.1032e-10 TSX
20150802 20160309 -0.00010053 4.9631e-10 TSX
20150805 20160403 6.5911e-05 4.6307e-10 TSX
20150816 20171107 4.2892e-05 3.0993e-10 TSX
20150824 20150915 0.00073878 8.6294e-10 TSX
20150827 20170902 1.8328e-05 3.1711e-10 TSX
20150915 20160216 -0.00010374 5.6843e-10 TSX
20151021 20160904 -5.6575e-05 4.3246e-10 TSX
20151101 20171016 -3.5451e-05 3.2423e-10 TSX
20151112 20160425 4.8177e-06 5.3692e-10 TSX
20151115 20151229 0.00010849 7.7353e-10 TSX
20151123 20171221 4.4003e-05 3.1315e-10 TSX
20151204 20151215 0.00016533 9.781e-10 TSX
20151207 20160406 -7.779e-05 6.022e-10 TSX
20151215 20170822 0.00016717 3.2809e-10 TSX
20151226 20161223 6.6418e-05 3.9514e-10 TSX
20151229 20160211 4.2489e-05 7.7353e-10 TSX
20160106 20161223 6.8545e-05 4.0178e-10 TSX
20160117 20160926 1.1518e-05 4.6343e-10 TSX
20160128 20160301 -0.00017059 8.0656e-10 TSX
20160208 20160312 -7.2029e-05 8.0656e-10 TSX
20160216 20160309 -0.00042296 8.6294e-10 TSX
20160219 20180319 7.1375e-06 3.198e-10 TSX
20160301 20161201 8.9597e-05 4.4214e-10 TSX
20160304 20160326 8.813e-05 8.4929e-10 TSX
20160312 20180319 5.4338e-05 3.2078e-10 TSX
20160320 20160411 0.0003459 8.6294e-10 TSX
20160323 20171118 2.2328e-05 3.3225e-10 TSX
20160326 20160406 -0.00052885 9.6853e-10 TSX
20160403 20171027 6.904e-05 3.3494e-10 TSX
20160425 20170811 5.2534e-05 3.5923e-10 TSX
20160528 20160630 -1.4892e-05 8.066e-10 TSX
20160630 20171118 0.00011526 3.6326e-10 TSX
20160722 20161201 0.00023369 5.8368e-10 TSX
20160904 20180707 2.3334e-05 3.5175e-10 TSX
20160915 20180911 -3.6959e-05 3.2621e-10 TSX
20160926 20170114 2.9854e-05 6.2194e-10 TSX
20161201 20171027 -1.4882e-05 4.2897e-10 TSX
20161223 20171107 5.1146e-05 4.253e-10 TSX
20170114 20170902 1.4217e-05 4.7818e-10 TSX
20170811 20171005 1.2599e-06 7.4158e-10 TSX
20170822 20180707 -0.0001008 4.1952e-10 TSX
20170913 20180707 -0.00019901 4.3216e-10 TSX
20170924 20180319 -7.6395e-06 5.2634e-10 TSX
20171005 20171107 2.1137e-05 8.0659e-10 TSX
20171016 20180319 4.5037e-05 5.5374e-10 TSX
20171027 20180911 -0.00011137 4.2288e-10 TSX
20171107 20171118 8.2685e-05 9.781e-10 TSX
20171118 20171129 6.3717e-05 9.781e-10 TSX
20171129 20171221 4.8154e-06 8.5079e-10 TSX
20171210 20180820 -0.00010095 4.6741e-10 TSX
20171221 20180911 -0.00020273 4.6093e-10 TSX
20180112 20181003 7.2844e-05 4.5699e-10 TSX
20180319 20180707 -0.00027513 6.2362e-10 TSX
20180707 20180911 0.0001891 7.125e-10 TSX
20180729 20181003 0.00010582 7.1252e-10 TSX
20180820 20181003 0.00021209 7.7236e-10 TSX
20180911 20181003 -0.00015699 8.508e-10 TSX
