20030427 20030914 0.00036566 5.6687e-10 ERS2
20030914 20080629 6.8516e-05 2.751e-10 ERS2
20050918 20090510 0.00015175 2.9984e-10 ERS2
20051127 20081116 1.2252e-05 3.0807e-10 ERS2
20060903 20090510 -3.2678e-05 3.1857e-10 ERS2
20061231 20090105 0.00019864 3.1444e-10 ALOS
20070402 20070703 -9.594e-05 6.666e-10 ALOS
20070518 20091008 0.00017228 3.0033e-10 ALOS
20070818 20071003 -0.00021698 7.7676e-10 ALOS
20071217 20100509 1.0372e-05 2.982e-10 ALOS
20080103 20100526 2.7993e-05 3.0068e-10 ALOS
20080404 20080520 -1.4397e-05 7.7676e-10 ALOS
20080618 20090921 0.00017058 3.7238e-10 ALOS
20080629 20090510 -0.00024304 4.1274e-10 ERS2
20080705 20091008 0.00020821 3.6455e-10 ALOS
20080803 20090823 -2.8547e-05 3.8283e-10 ERS2
20081116 20090823 5.6029e-06 4.3218e-10 ERS2
20081219 20090921 0.00026746 4.4579e-10 ALOS
20090105 20090708 1.5406e-05 5.3005e-10 ALOS
20090510 20091101 0.00015334 5.2094e-10 ERS2
20090708 20091008 0.00079391 6.6662e-10 ALOS
20090823 20091101 -6.2083e-05 6.9909e-10 ERS2
20091222 20100624 0.00034364 5.2969e-10 ALOS
20100108 20100223 0.00036576 7.7741e-10 ALOS
20100223 20100526 -0.00019842 6.6781e-10 ALOS
20100410 20100711 -0.00026397 6.6639e-10 ALOS
20100509 20100624 0.00089608 7.7463e-10 ALOS
20100526 20100711 0.00070089 7.768e-10 ALOS
20100624 20101109 0.0003318 5.8401e-10 ALOS
20100711 20101011 0.00059654 6.6642e-10 ALOS
20100809 20101109 0.00011024 6.6372e-10 ALOS
20101011 20101126 3.9294e-05 7.7677e-10 ALOS
20110111 20110226 0.00090361 7.7674e-10 ALOS
20110924 20130715 3.2734e-05 3.2327e-10 TSX
20111005 20121229 -0.00023742 3.687e-10 TSX
20111121 20171221 4.8742e-05 2.8829e-10 TSX
20111221 20130131 -2.6885e-05 3.8546e-10 TSX
20111224 20121027 -2.991e-05 4.1942e-10 TSX
20120126 20140419 4.7369e-05 2.8963e-10 TSX
20120203 20160320 7.1906e-06 2.5817e-10 TSX
20120206 20171107 5.9377e-05 2.5687e-10 TSX
20120617 20171129 7.9873e-05 2.738e-10 TSX
20120723 20160120 4.5518e-05 3.1115e-10 TSX
20121024 20130109 7.883e-05 7.021e-10 TSX
20121027 20151226 3.2333e-05 2.7134e-10 TSX
20121030 20130311 -5.257e-06 5.8469e-10 TSX
20121107 20171118 6.6687e-05 2.8437e-10 TSX
20121221 20160208 4.82e-05 2.9807e-10 TSX
20121224 20130516 2.2105e-05 5.6852e-10 TSX
20121229 20130407 9.2482e-05 6.5623e-10 TSX
20130104 20130217 0.00010212 7.7432e-10 TSX
20130109 20130715 0.00031057 5.2988e-10 TSX
20130112 20140511 5.9812e-05 3.5428e-10 TSX
20130115 20130721 -1.4502e-05 5.1397e-10 TSX
20130126 20130823 -0.00016832 5.2604e-10 TSX
20130131 20130429 -8.2543e-05 6.7827e-10 TSX
20130203 20130729 9.9775e-05 5.2322e-10 TSX
20130211 20130919 0.00033727 4.96e-10 TSX
20130228 20141209 0.00011743 3.1728e-10 TSX
20130311 20130801 0.00017909 5.6848e-10 TSX
20130316 20130623 0.00023637 6.5624e-10 TSX
20130402 20150122 0.00012339 4.097e-10 TSX
20130407 20140530 5.6854e-05 3.8083e-10 TSX
20130421 20171016 7.4697e-05 2.7597e-10 TSX
20130424 20130721 -0.00013873 6.6414e-10 TSX
20130429 20130623 3.9998e-05 7.5543e-10 TSX
20130505 20131028 -0.00055096 5.6673e-10 TSX
20130513 20151112 9.5827e-05 2.9038e-10 TSX
20130516 20131017 -0.00017322 6.3231e-10 TSX
20130521 20130715 0.00049101 7.5545e-10 TSX
20130524 20171129 6.1699e-05 2.6951e-10 TSX
20130527 20140627 0.00011367 3.8349e-10 TSX
20130601 20130930 0.00038961 6.17e-10 TSX
20130604 20141217 5.9141e-05 3.3898e-10 TSX
20130607 20140719 0.00014449 3.8012e-10 TSX
20130612 20150105 7.0407e-05 3.3889e-10 TSX
20130615 20160106 4.6832e-05 2.8506e-10 TSX
20130618 20140708 0.00010409 3.8798e-10 TSX
20130623 20130715 0.00077948 8.646e-10 TSX
20130629 20130914 0.00064606 6.9757e-10 TSX
20130707 20150130 3.3585e-05 3.3734e-10 TSX
20130710 20140901 0.00015671 3.783e-10 TSX
20130715 20130726 -0.0024704 1.014e-09 TSX
20130721 20131108 0.0012902 6.8873e-10 TSX
20130726 20150517 -4.8922e-05 3.255e-10 TSX
20130729 20160904 -1.2072e-05 2.7164e-10 TSX
20130801 20151115 0.00010258 3.1029e-10 TSX
20130817 20140209 -7.6292e-05 5.4099e-10 TSX
20130828 20150312 -5.0059e-07 3.4401e-10 TSX
20130903 20150329 -0.00015622 3.5651e-10 TSX
20130919 20160309 -4.8263e-05 3.0342e-10 TSX
20130925 20140708 -0.00013641 4.781e-10 TSX
20130930 20160411 -4.0028e-05 2.9052e-10 TSX
20131011 20150802 4.1786e-05 3.27e-10 TSX
20131017 20140719 6.424e-05 4.6079e-10 TSX
20131028 20160304 -8.5619e-05 3.2335e-10 TSX
20131102 20140519 -0.0002247 5.1717e-10 TSX
20131108 20140708 -0.00024182 4.9605e-10 TSX
20140209 20160309 4.7989e-05 3.1756e-10 TSX
20140223 20140829 0.00024573 5.1117e-10 TSX
20140408 20140705 3.2334e-05 6.6166e-10 TSX
20140419 20170913 6.5592e-05 3.0276e-10 TSX
20140511 20141228 9.6002e-05 4.702e-10 TSX
20140519 20150824 0.00015507 3.6759e-10 TSX
20140624 20171005 8.9137e-05 2.8316e-10 TSX
20140627 20151115 5.7785e-05 3.4616e-10 TSX
20140705 20180911 2.2443e-05 2.7034e-10 TSX
20140708 20160406 -5.8246e-06 3.2416e-10 TSX
20140716 20171005 2.5496e-05 2.7384e-10 TSX
20140719 20151207 -3.2433e-05 3.4444e-10 TSX
20140727 20150326 -8.0749e-05 4.6166e-10 TSX
20140810 20150122 -0.00024159 5.4683e-10 TSX
20140818 20160301 -7.1242e-05 3.2747e-10 TSX
20140829 20160208 -7.7213e-05 3.3504e-10 TSX
20140901 20140912 -0.00031545 9.7005e-10 TSX
20140912 20141209 -0.00017937 6.6414e-10 TSX
20140920 20170902 -2.1556e-07 2.7905e-10 TSX
20141209 20160211 -7.6038e-05 3.6621e-10 TSX
20141217 20160722 -3.2963e-05 3.1957e-10 TSX
20141228 20160106 -2.5323e-05 3.821e-10 TSX
20141231 20151024 0.00023703 4.25e-10 TSX
20150105 20150824 8.4467e-05 4.8663e-10 TSX
20150108 20170811 -1.0963e-05 2.7759e-10 TSX
20150119 20160117 -3.9675e-05 3.8721e-10 TSX
20150127 20160411 -4.1627e-06 3.7271e-10 TSX
20150130 20151112 7.2221e-05 4.2865e-10 TSX
20150210 20170114 -1.9368e-05 3.2001e-10 TSX
20150213 20160326 1.0825e-05 4.2883e-10 TSX
20150218 20160216 2.412e-05 4.0293e-10 TSX
20150221 20180112 9.4891e-06 3.0365e-10 TSX
20150304 20180911 3.4535e-05 3.1392e-10 TSX
20150307 20160211 5.5241e-05 4.0057e-10 TSX
20150312 20160320 9.5213e-05 3.9768e-10 TSX
20150326 20150827 9.5008e-05 5.5011e-10 TSX
20150329 20151207 0.00011569 4.5479e-10 TSX
20150428 20160425 6.5095e-05 3.8677e-10 TSX
20150509 20150827 0.00024153 6.1835e-10 TSX
20150517 20150824 0.00030339 6.5628e-10 TSX
20150520 20180911 3.5424e-05 2.9015e-10 TSX
20150714 20170822 9.6166e-06 2.9397e-10 TSX
20150725 20170924 2.8722e-05 2.9408e-10 TSX
20150802 20160309 -0.00026923 4.961e-10 TSX
20150805 20160403 -0.0001126 4.6152e-10 TSX
20150816 20171107 2.6688e-05 2.9874e-10 TSX
20150824 20150915 0.00084968 8.645e-10 TSX
20150827 20170902 1.3906e-05 3.015e-10 TSX
20150915 20160216 -0.00044667 5.6832e-10 TSX
20151021 20160904 -0.00021784 4.1291e-10 TSX
20151101 20171016 -1.3639e-05 3.168e-10 TSX
20151112 20160425 -0.0001797 5.3641e-10 TSX
20151115 20151229 6.3258e-06 7.7432e-10 TSX
20151123 20171221 2.5323e-05 2.9563e-10 TSX
20151204 20151215 0.00015299 9.803e-10 TSX
20151207 20160406 -0.00019068 6.0217e-10 TSX
20151215 20170822 6.3479e-05 3.1918e-10 TSX
20151226 20161223 -9.7121e-06 3.9385e-10 TSX
20151229 20160211 -7.1471e-05 7.7432e-10 TSX
20160106 20161223 1.3146e-05 3.9815e-10 TSX
20160117 20160926 3.653e-05 4.5357e-10 TSX
20160128 20160301 -0.00014089 8.0849e-10 TSX
20160208 20160312 -0.00017741 8.0849e-10 TSX
20160216 20160309 -0.00042698 8.645e-10 TSX
20160219 20180319 0.00014069 2.9598e-10 TSX
20160301 20161201 6.4509e-05 4.3879e-10 TSX
20160304 20160326 9.749e-05 8.5061e-10 TSX
20160312 20180319 0.00014903 3.0352e-10 TSX
20160320 20160411 0.00031694 8.6451e-10 TSX
20160323 20171118 6.7105e-05 3.175e-10 TSX
20160326 20160406 -0.00054159 9.6998e-10 TSX
20160403 20171027 8.5049e-05 3.229e-10 TSX
20160425 20170811 8.3111e-05 3.4685e-10 TSX
20160528 20160630 2.3799e-05 8.0849e-10 TSX
20160630 20171118 0.00010897 3.3925e-10 TSX
20160722 20161201 0.000145 5.8145e-10 TSX
20160904 20180707 3.1887e-05 3.2398e-10 TSX
20160915 20180911 -5.5011e-06 3.0041e-10 TSX
20160926 20170114 -2.8528e-07 6.1825e-10 TSX
20161201 20171027 9.5097e-05 4.0702e-10 TSX
20161223 20171107 0.00012637 4.0924e-10 TSX
20170114 20170902 0.00013144 4.6959e-10 TSX
20170811 20171005 -4.269e-05 7.4246e-10 TSX
20170822 20180707 -7.1719e-05 4.1382e-10 TSX
20170913 20180707 -0.00011419 4.2508e-10 TSX
20170924 20180319 0.00033965 5.2331e-10 TSX
20171005 20171107 9.3267e-05 8.0849e-10 TSX
20171016 20180319 0.0003558 5.5019e-10 TSX
20171027 20180911 -0.00014668 4.138e-10 TSX
20171107 20171118 9.3173e-05 9.803e-10 TSX
20171118 20171129 3.5617e-05 9.803e-10 TSX
20171129 20171221 -6.9684e-05 8.5294e-10 TSX
20171210 20180820 -0.00019728 4.5354e-10 TSX
20171221 20180911 -0.00012686 4.4579e-10 TSX
20180112 20181003 0.00019088 4.4588e-10 TSX
20180319 20180707 -0.00066394 6.1817e-10 TSX
20180707 20180911 0.00010358 7.133e-10 TSX
20180729 20181003 0.00027982 7.133e-10 TSX
20180820 20181003 0.00040423 7.7393e-10 TSX
20180911 20181003 -2.276e-05 8.5294e-10 TSX
