20030427 20030914 -0.00024421 5.6875e-10 ERS2
20030914 20080629 -0.00010362 2.8629e-10 ERS2
20050918 20090510 0.00010564 2.9922e-10 ERS2
20051127 20081116 2.6081e-05 3.0535e-10 ERS2
20060903 20090510 5.2399e-05 3.1613e-10 ERS2
20061231 20090105 -3.837e-05 3.1376e-10 ALOS
20070402 20070703 -0.00013439 6.6621e-10 ALOS
20070518 20091008 6.6499e-05 2.9915e-10 ALOS
20070818 20071003 -0.00030044 7.7501e-10 ALOS
20071217 20100509 5.078e-05 3.013e-10 ALOS
20080103 20100526 0.00015155 3.0244e-10 ALOS
20080404 20080520 -5.9598e-05 7.7501e-10 ALOS
20080618 20090921 3.9779e-05 3.7269e-10 ALOS
20080629 20090510 -0.00030033 4.1221e-10 ERS2
20080705 20091008 0.00012065 3.6481e-10 ALOS
20080803 20090823 1.4985e-05 3.8312e-10 ERS2
20081116 20090823 0.0001176 4.3198e-10 ERS2
20081219 20090921 0.00039773 4.4615e-10 ALOS
20090105 20090708 9.7659e-05 5.2824e-10 ALOS
20090510 20091101 -6.1828e-06 5.2095e-10 ERS2
20090708 20091008 0.00076743 6.662e-10 ALOS
20090823 20091101 -4.8263e-05 6.9853e-10 ERS2
20091222 20100624 0.00087798 5.2482e-10 ALOS
20100108 20100223 0.00086682 7.7504e-10 ALOS
20100223 20100526 -4.006e-05 6.6622e-10 ALOS
20100410 20100711 -1.073e-05 6.6623e-10 ALOS
20100509 20100624 0.0005968 7.7304e-10 ALOS
20100526 20100711 0.00052889 7.7502e-10 ALOS
20100624 20101109 9.8304e-05 5.8397e-10 ALOS
20100711 20101011 0.00019216 6.6624e-10 ALOS
20100809 20101109 -2.108e-05 6.6352e-10 ALOS
20101011 20101126 0.00029816 7.7502e-10 ALOS
20110111 20110226 0.00073949 7.7501e-10 ALOS
20110924 20130715 6.4345e-05 3.2433e-10 TSX
20111005 20121229 -7.943e-05 3.6916e-10 TSX
20111121 20171221 6.7475e-05 2.6591e-10 TSX
20111221 20130131 7.5839e-05 3.854e-10 TSX
20111224 20121027 4.7353e-05 4.1939e-10 TSX
20120126 20140419 7.7512e-05 2.907e-10 TSX
20120203 20160320 9.3746e-05 2.6934e-10 TSX
20120206 20171107 9.1939e-05 2.5912e-10 TSX
20120617 20171129 9.8286e-05 2.6466e-10 TSX
20120723 20160120 0.00015857 2.9974e-10 TSX
20121024 20130109 -2.1951e-05 7.0152e-10 TSX
20121027 20151226 2.9151e-05 2.7013e-10 TSX
20121030 20130311 7.576e-05 5.8464e-10 TSX
20121107 20171118 6.0789e-05 2.7796e-10 TSX
20121221 20160208 0.00012606 2.7188e-10 TSX
20121224 20130516 -5.9109e-05 5.6848e-10 TSX
20121229 20130407 0.00033102 6.5605e-10 TSX
20130104 20130217 0.00025774 7.7303e-10 TSX
20130109 20130715 0.0001964 5.2855e-10 TSX
20130112 20140511 3.8298e-05 3.5464e-10 TSX
20130115 20130721 -0.00011631 5.1398e-10 TSX
20130126 20130823 -4.509e-05 4.9951e-10 TSX
20130131 20130429 -1.1947e-05 6.7793e-10 TSX
20130203 20130729 1.5161e-05 5.2311e-10 TSX
20130211 20130919 0.00010812 4.9594e-10 TSX
20130228 20141209 7.4651e-05 3.127e-10 TSX
20130311 20130801 -3.448e-05 5.6844e-10 TSX
20130316 20130623 0.00012622 6.5606e-10 TSX
20130402 20150122 0.00021445 3.7616e-10 TSX
20130407 20140530 -7.908e-06 3.8103e-10 TSX
20130421 20171016 8.5072e-05 2.7569e-10 TSX
20130424 20130721 -0.00020339 6.6401e-10 TSX
20130429 20130623 7.6125e-06 7.5399e-10 TSX
20130505 20131028 -0.00033116 5.3423e-10 TSX
20130513 20151112 8.7156e-05 2.8592e-10 TSX
20130516 20131017 -0.00019198 5.6732e-10 TSX
20130521 20130715 0.00014981 7.5401e-10 TSX
20130524 20171129 8.6572e-05 2.7852e-10 TSX
20130527 20140627 4.0377e-05 3.8326e-10 TSX
20130601 20130930 1.4849e-05 6.1696e-10 TSX
20130604 20141217 8.1699e-05 3.3843e-10 TSX
20130607 20140719 3.0988e-05 3.7944e-10 TSX
20130612 20150105 4.0045e-05 3.3824e-10 TSX
20130615 20160106 0.00010062 2.7959e-10 TSX
20130618 20140708 2.1701e-05 3.8785e-10 TSX
20130623 20130715 0.00055713 8.6118e-10 TSX
20130629 20130914 0.00018344 6.8834e-10 TSX
20130707 20150130 6.1902e-05 3.3818e-10 TSX
20130710 20140901 3.3963e-05 3.7647e-10 TSX
20130715 20130726 -0.0024825 1.0101e-09 TSX
20130721 20131108 0.00069715 6.2502e-10 TSX
20130726 20150517 0.00019183 3.2246e-10 TSX
20130729 20160904 5.787e-05 2.8049e-10 TSX
20130801 20151115 4.9957e-05 3.0303e-10 TSX
20130817 20140209 8.5879e-05 5.4096e-10 TSX
20130828 20150312 0.0001333 3.4076e-10 TSX
20130903 20150329 -0.00013713 3.2972e-10 TSX
20130919 20160309 1.5807e-05 2.7748e-10 TSX
20130925 20140708 8.9196e-05 4.3139e-10 TSX
20130930 20160411 5.7062e-05 2.7808e-10 TSX
20131011 20150802 1.2605e-05 3.2433e-10 TSX
20131017 20140719 5.9875e-05 4.3886e-10 TSX
20131028 20160304 -2.0193e-05 3.6175e-10 TSX
20131102 20140519 -0.0001276 5.1709e-10 TSX
20131108 20140708 1.5253e-05 4.6288e-10 TSX
20140209 20160309 7.4327e-06 3.1e-10 TSX
20140223 20140829 1.3206e-05 5.1111e-10 TSX
20140408 20140705 -7.7832e-06 6.6127e-10 TSX
20140419 20170913 0.00010678 2.8376e-10 TSX
20140511 20141228 7.8134e-05 4.7013e-10 TSX
20140519 20150824 0.00013392 3.664e-10 TSX
20140624 20171005 7.4652e-05 2.8318e-10 TSX
20140627 20151115 1.7964e-05 3.4969e-10 TSX
20140705 20180911 8.4227e-05 2.6686e-10 TSX
20140708 20160406 2.0356e-05 3.2203e-10 TSX
20140716 20171005 5.4875e-05 2.7149e-10 TSX
20140719 20151207 -7.5357e-06 3.4878e-10 TSX
20140727 20150326 2.363e-06 4.6151e-10 TSX
20140810 20150122 6.2394e-05 5.3918e-10 TSX
20140818 20160301 5.8017e-05 3.2503e-10 TSX
20140829 20160208 8.6436e-05 3.3165e-10 TSX
20140901 20140912 -0.00031442 9.6707e-10 TSX
20140912 20141209 0.00012527 6.64e-10 TSX
20140920 20170902 7.6092e-05 2.7864e-10 TSX
20141209 20160211 -6.2354e-05 3.6595e-10 TSX
20141217 20160722 7.5883e-05 3.1873e-10 TSX
20141228 20160106 4.0166e-05 3.8196e-10 TSX
20141231 20151024 -3.0482e-06 4.2681e-10 TSX
20150105 20150824 3.0053e-05 4.8637e-10 TSX
20150108 20170811 7.9497e-05 2.8569e-10 TSX
20150119 20160117 3.7689e-05 3.8739e-10 TSX
20150127 20160411 5.6014e-05 3.7167e-10 TSX
20150130 20151112 5.6181e-05 4.2843e-10 TSX
20150210 20170114 8.8106e-05 3.1095e-10 TSX
20150213 20160326 9.4083e-06 3.9615e-10 TSX
20150218 20160216 5.3663e-06 4.0443e-10 TSX
20150221 20180112 0.00011683 2.6703e-10 TSX
20150304 20180911 7.7299e-05 2.6523e-10 TSX
20150307 20160211 -4.674e-06 4.0215e-10 TSX
20150312 20160320 -6.0546e-05 4.0008e-10 TSX
20150326 20150827 4.9743e-05 5.4973e-10 TSX
20150329 20151207 -1.9004e-06 4.5516e-10 TSX
20150428 20160425 7.8141e-05 3.8694e-10 TSX
20150509 20150827 1.0413e-05 6.1816e-10 TSX
20150517 20150824 -0.00016488 6.5662e-10 TSX
20150520 20180911 4.2321e-05 2.8616e-10 TSX
20150714 20170822 6.6459e-05 2.9536e-10 TSX
20150725 20170924 0.0001132 2.9588e-10 TSX
20150802 20160309 -1.7233e-06 4.9595e-10 TSX
20150805 20160403 5.9511e-05 4.6121e-10 TSX
20150816 20171107 7.4856e-05 2.8761e-10 TSX
20150824 20150915 0.00066234 8.6108e-10 TSX
20150827 20170902 8.647e-05 3.0275e-10 TSX
20150915 20160216 -9.7127e-05 5.6819e-10 TSX
20151021 20160904 -2.1967e-05 4.1242e-10 TSX
20151101 20171016 8.9246e-05 3.0114e-10 TSX
20151112 20160425 1.76e-05 5.3611e-10 TSX
20151115 20151229 0.00016729 7.7303e-10 TSX
20151123 20171221 7.5427e-05 2.9803e-10 TSX
20151204 20151215 0.00016993 9.773e-10 TSX
20151207 20160406 -9.1118e-05 6.0213e-10 TSX
20151215 20170822 7.5133e-05 3.1317e-10 TSX
20151226 20161223 6.5617e-05 3.9359e-10 TSX
20151229 20160211 2.9763e-05 7.7303e-10 TSX
20160106 20161223 7.8988e-05 3.9808e-10 TSX
20160117 20160926 4.5553e-05 4.5292e-10 TSX
20160128 20160301 -0.00022513 8.0615e-10 TSX
20160208 20160312 -6.5626e-05 8.0615e-10 TSX
20160216 20160309 -0.00039579 8.6108e-10 TSX
20160219 20180319 8.3364e-05 2.9549e-10 TSX
20160301 20161201 8.8134e-05 4.3859e-10 TSX
20160304 20160326 8.516e-05 8.4811e-10 TSX
20160312 20180319 6.7752e-05 2.9982e-10 TSX
20160320 20160411 0.00047789 8.6108e-10 TSX
20160323 20171118 8.5752e-05 3.18e-10 TSX
20160326 20160406 -0.00049864 9.67e-10 TSX
20160403 20171027 8.423e-05 3.2572e-10 TSX
20160425 20170811 8.6887e-05 3.4749e-10 TSX
20160528 20160630 -1.6464e-06 8.0615e-10 TSX
20160630 20171118 8.2862e-05 3.3898e-10 TSX
20160722 20161201 9.1122e-05 5.8133e-10 TSX
20160904 20180707 4.7359e-05 3.2333e-10 TSX
20160915 20180911 4.2084e-05 3.008e-10 TSX
20160926 20170114 4.3783e-06 6.1797e-10 TSX
20161201 20171027 3.7387e-05 4.0695e-10 TSX
20161223 20171107 3.1155e-05 4.0879e-10 TSX
20170114 20170902 4.5827e-05 4.6867e-10 TSX
20170811 20171005 -0.00010215 7.4115e-10 TSX
20170822 20180707 -3.5784e-05 4.1344e-10 TSX
20170913 20180707 -0.0001065 4.251e-10 TSX
20170924 20180319 -9.6448e-05 5.2319e-10 TSX
20171005 20171107 3.4101e-05 8.0615e-10 TSX
20171016 20180319 -8.7974e-05 5.5009e-10 TSX
20171027 20180911 -4.427e-05 4.1362e-10 TSX
20171107 20171118 6.8311e-05 9.773e-10 TSX
20171118 20171129 5.3036e-05 9.773e-10 TSX
20171129 20171221 -2.7407e-05 8.5018e-10 TSX
20171210 20180820 -3.9874e-05 4.5342e-10 TSX
20171221 20180911 -7.8434e-05 4.4571e-10 TSX
20180112 20181003 -6.8817e-07 4.4559e-10 TSX
20180319 20180707 -6.7756e-05 6.1798e-10 TSX
20180707 20180911 0.00022155 7.1241e-10 TSX
20180729 20181003 6.6065e-05 7.1241e-10 TSX
20180820 20181003 0.0002111 7.7211e-10 TSX
20180911 20181003 -0.00013005 8.5018e-10 TSX
