20030427 20030914 0.00019062 5.6753e-10 ERS2
20030914 20080629 5.6786e-05 2.7149e-10 ERS2
20050918 20090510 6.0081e-05 2.9989e-10 ERS2
20051127 20081116 9.4091e-05 3.082e-10 ERS2
20060903 20090510 -4.4171e-05 3.1844e-10 ERS2
20061231 20090105 1.8693e-05 3.1829e-10 ALOS
20070402 20070703 -8.5193e-06 6.6693e-10 ALOS
20070518 20091008 -7.312e-05 3.0509e-10 ALOS
20070818 20071003 -0.00015354 7.7517e-10 ALOS
20071217 20100509 -1.765e-05 3.0195e-10 ALOS
20080103 20100526 -1.6376e-05 3.1189e-10 ALOS
20080404 20080520 9.7911e-05 7.7566e-10 ALOS
20080618 20090921 9.5142e-05 3.7234e-10 ALOS
20080629 20090510 -2.2365e-06 4.1243e-10 ERS2
20080705 20091008 -0.0001057 3.6609e-10 ALOS
20080803 20090823 4.7756e-06 3.837e-10 ERS2
20081116 20090823 -4.5077e-06 4.3194e-10 ERS2
20081219 20090921 0.00014847 4.4714e-10 ALOS
20090105 20090708 0.00056857 5.3125e-10 ALOS
20090510 20091101 0.00028136 5.2051e-10 ERS2
20090708 20091008 0.00028088 6.6727e-10 ALOS
20090823 20091101 -0.00066091 6.9855e-10 ERS2
20091222 20100624 -0.00028244 5.2495e-10 ALOS
20100108 20100223 -0.00094777 7.7563e-10 ALOS
20100223 20100526 4.7196e-05 6.6739e-10 ALOS
20100410 20100711 -0.00013181 6.6792e-10 ALOS
20100509 20100624 0.00060888 7.7318e-10 ALOS
20100526 20100711 0.00047989 7.7517e-10 ALOS
20100624 20101109 4.8049e-05 5.84e-10 ALOS
20100711 20101011 -0.00014169 6.6626e-10 ALOS
20100809 20101109 1.6971e-05 6.6358e-10 ALOS
20101011 20101126 0.00018379 7.7517e-10 ALOS
20110111 20110226 0.00049995 7.7516e-10 ALOS
20110924 20130715 2.4931e-05 3.3066e-10 TSX
20111005 20121229 -2.4928e-06 3.7392e-10 TSX
20111121 20171221 2.5042e-05 2.63e-10 TSX
20111221 20130131 1.927e-05 3.8553e-10 TSX
20111224 20121027 4.6506e-05 4.1934e-10 TSX
20120126 20140419 -3.3672e-07 3.0071e-10 TSX
20120203 20160320 -2.6959e-05 3.0383e-10 TSX
20120206 20171107 5.8027e-05 2.7051e-10 TSX
20120617 20171129 4.2228e-05 2.6869e-10 TSX
20120723 20160120 9.8444e-05 3.5737e-10 TSX
20121024 20130109 0.00010303 7.0166e-10 TSX
20121027 20151226 3.5568e-05 2.8132e-10 TSX
20121030 20130311 1.7021e-05 5.8466e-10 TSX
20121107 20171118 6.0329e-05 2.7986e-10 TSX
20121221 20160208 6.0362e-05 3.0687e-10 TSX
20121224 20130516 -4.0213e-05 5.685e-10 TSX
20121229 20130407 1.0474e-05 6.5613e-10 TSX
20130104 20130217 -7.3447e-05 7.7312e-10 TSX
20130109 20130715 -8.7149e-05 5.3444e-10 TSX
20130112 20140511 4.7925e-06 3.5534e-10 TSX
20130115 20130721 -0.00022667 5.1683e-10 TSX
20130126 20130823 -1.5537e-05 5.1482e-10 TSX
20130131 20130429 -0.00013787 6.7802e-10 TSX
20130203 20130729 4.8853e-05 5.2362e-10 TSX
20130211 20130919 -2.6936e-05 4.9957e-10 TSX
20130228 20141209 3.986e-05 3.3818e-10 TSX
20130311 20130801 -4.6724e-05 5.6948e-10 TSX
20130316 20130623 -4.6406e-05 6.5637e-10 TSX
20130402 20150122 3.0537e-05 4.5225e-10 TSX
20130407 20140530 -1.3355e-05 3.8304e-10 TSX
20130421 20171016 5.6865e-05 2.8249e-10 TSX
20130424 20130721 -0.00031967 6.6476e-10 TSX
20130429 20130623 -2.8978e-05 7.544e-10 TSX
20130505 20131028 -0.00055376 5.6702e-10 TSX
20130513 20151112 7.0572e-05 2.9493e-10 TSX
20130516 20131017 -0.00016335 5.7402e-10 TSX
20130521 20130715 0.00011122 7.5427e-10 TSX
20130524 20171129 5.2638e-05 2.7377e-10 TSX
20130527 20140627 -3.7546e-05 3.8984e-10 TSX
20130601 20130930 2.2057e-05 6.1747e-10 TSX
20130604 20141217 6.014e-05 3.4124e-10 TSX
20130607 20140719 3.6954e-06 3.8556e-10 TSX
20130612 20150105 3.4029e-05 3.4042e-10 TSX
20130615 20160106 5.6374e-05 2.9148e-10 TSX
20130618 20140708 6.2017e-06 3.8965e-10 TSX
20130623 20130715 0.00062729 8.6148e-10 TSX
20130629 20130914 9.4555e-05 6.9242e-10 TSX
20130707 20150130 1.8201e-05 3.3933e-10 TSX
20130710 20140901 1.5706e-05 3.8003e-10 TSX
20130715 20130726 -0.0023876 1.0105e-09 TSX
20130721 20131108 0.00064325 6.3463e-10 TSX
20130726 20150517 0.00010191 3.2645e-10 TSX
20130729 20160904 3.7135e-05 2.8976e-10 TSX
20130801 20151115 7.5971e-05 3.5301e-10 TSX
20130817 20140209 1.1553e-05 5.41e-10 TSX
20130828 20150312 7.509e-05 3.4175e-10 TSX
20130903 20150329 -8.6039e-05 3.7438e-10 TSX
20130919 20160309 2.7126e-05 3.2761e-10 TSX
20130925 20140708 5.8408e-05 4.3654e-10 TSX
20130930 20160411 5.2201e-05 3.6259e-10 TSX
20131011 20150802 1.2421e-05 3.4251e-10 TSX
20131017 20140719 -6.418e-05 4.4179e-10 TSX
20131028 20160304 0.00011643 3.1124e-10 TSX
20131102 20140519 -0.000109 5.1714e-10 TSX
20131108 20140708 5.2266e-05 4.8329e-10 TSX
20140209 20160309 8.5909e-05 3.4092e-10 TSX
20140223 20140829 4.0064e-05 5.1116e-10 TSX
20140408 20140705 5.66e-06 6.6126e-10 TSX
20140419 20170913 8.0234e-05 2.8283e-10 TSX
20140511 20141228 0.00010166 4.7026e-10 TSX
20140519 20150824 5.1387e-05 3.9289e-10 TSX
20140624 20171005 -2.4179e-06 2.7476e-10 TSX
20140627 20151115 9.0406e-05 3.9018e-10 TSX
20140705 20180911 6.3629e-05 2.7968e-10 TSX
20140708 20160406 1.3433e-05 3.3267e-10 TSX
20140716 20171005 8.3895e-05 2.8852e-10 TSX
20140719 20151207 2.0722e-05 3.7411e-10 TSX
20140727 20150326 2.0398e-05 4.6175e-10 TSX
20140810 20150122 9.8495e-05 5.3974e-10 TSX
20140818 20160301 4.2693e-05 3.3102e-10 TSX
20140829 20160208 6.7873e-05 3.428e-10 TSX
20140901 20140912 -0.00030514 9.6729e-10 TSX
20140912 20141209 6.2325e-05 6.6409e-10 TSX
20140920 20170902 7.8331e-05 2.9545e-10 TSX
20141209 20160211 2.4057e-05 3.6583e-10 TSX
20141217 20160722 7.7209e-05 3.3043e-10 TSX
20141228 20160106 4.1596e-05 3.8993e-10 TSX
20141231 20151024 1.7111e-06 4.4682e-10 TSX
20150105 20150824 -1.2572e-05 4.9501e-10 TSX
20150108 20170811 -4.0734e-05 2.9514e-10 TSX
20150119 20160117 0.0001023 3.9313e-10 TSX
20150127 20160411 6.1563e-05 3.765e-10 TSX
20150130 20151112 0.000117 4.3274e-10 TSX
20150210 20170114 4.9706e-05 3.1207e-10 TSX
20150213 20160326 7.012e-05 4.0447e-10 TSX
20150218 20160216 3.7713e-05 4.1531e-10 TSX
20150221 20180112 6.4261e-05 2.8142e-10 TSX
20150304 20180911 8.6307e-05 2.8723e-10 TSX
20150307 20160211 1.824e-05 4.0393e-10 TSX
20150312 20160320 -4.265e-05 4.0538e-10 TSX
20150326 20150827 0.00011029 5.5143e-10 TSX
20150329 20151207 -1.8144e-06 4.5958e-10 TSX
20150428 20160425 7.7158e-05 3.9317e-10 TSX
20150509 20150827 2.9637e-05 6.2401e-10 TSX
20150517 20150824 -0.00012821 6.5845e-10 TSX
20150520 20180911 9.264e-05 2.9046e-10 TSX
20150714 20170822 8.4214e-05 2.9839e-10 TSX
20150725 20170924 9.1251e-05 2.9838e-10 TSX
20150802 20160309 4.3783e-05 4.9608e-10 TSX
20150805 20160403 0.00010537 4.6125e-10 TSX
20150816 20171107 8.8177e-05 2.9817e-10 TSX
20150824 20150915 0.00072533 8.6137e-10 TSX
20150827 20170902 7.0028e-05 3.0849e-10 TSX
20150915 20160216 -7.3781e-05 5.686e-10 TSX
20151021 20160904 2.4486e-05 4.1293e-10 TSX
20151101 20171016 8.1117e-05 3.1035e-10 TSX
20151112 20160425 2.4941e-05 5.3612e-10 TSX
20151115 20151229 0.00014526 7.7312e-10 TSX
20151123 20171221 5.0519e-05 2.9896e-10 TSX
20151204 20151215 0.00018234 9.7711e-10 TSX
20151207 20160406 -3.9179e-05 6.0216e-10 TSX
20151215 20170822 9.4811e-05 3.1767e-10 TSX
20151226 20161223 9.9215e-05 3.9355e-10 TSX
20151229 20160211 -4.3955e-07 7.7312e-10 TSX
20160106 20161223 0.00012224 3.9778e-10 TSX
20160117 20160926 8.391e-05 4.5339e-10 TSX
20160128 20160301 -0.00023106 8.0606e-10 TSX
20160208 20160312 -3.4033e-05 8.0606e-10 TSX
20160216 20160309 -0.00040794 8.6137e-10 TSX
20160219 20180319 6.0712e-05 3.0072e-10 TSX
20160301 20161201 0.00012574 4.3861e-10 TSX
20160304 20160326 0.00012287 8.4829e-10 TSX
20160312 20180319 3.7423e-05 3.0046e-10 TSX
20160320 20160411 0.00037846 8.6137e-10 TSX
20160323 20171118 7.3439e-05 3.2052e-10 TSX
20160326 20160406 -0.00055243 9.6722e-10 TSX
20160403 20171027 8.0115e-05 3.2644e-10 TSX
20160425 20170811 7.786e-05 3.509e-10 TSX
20160528 20160630 5.773e-05 8.0606e-10 TSX
20160630 20171118 8.8318e-05 3.4143e-10 TSX
20160722 20161201 0.00017893 5.8133e-10 TSX
20160904 20180707 5.7394e-05 3.2677e-10 TSX
20160915 20180911 3.7449e-05 3.0565e-10 TSX
20160926 20170114 7.7086e-05 6.1804e-10 TSX
20161201 20171027 4.8086e-05 4.0842e-10 TSX
20161223 20171107 1.1938e-05 4.103e-10 TSX
20170114 20170902 5.8472e-05 4.6973e-10 TSX
20170811 20171005 1.1494e-06 7.4111e-10 TSX
20170822 20180707 -3.0431e-05 4.1389e-10 TSX
20170913 20180707 -8.081e-05 4.2505e-10 TSX
20170924 20180319 -2.7152e-05 5.232e-10 TSX
20171005 20171107 4.0537e-05 8.0606e-10 TSX
20171016 20180319 -1.3869e-05 5.5007e-10 TSX
20171027 20180911 8.2281e-06 4.1377e-10 TSX
20171107 20171118 8.6421e-05 9.7711e-10 TSX
20171118 20171129 4.9063e-05 9.7711e-10 TSX
20171129 20171221 4.9644e-06 8.5004e-10 TSX
20171210 20180820 -9.3984e-06 4.534e-10 TSX
20171221 20180911 5.0618e-06 4.4564e-10 TSX
20180112 20181003 7.1077e-05 4.4558e-10 TSX
20180319 20180707 -7.4818e-05 6.1797e-10 TSX
20180707 20180911 0.00028892 7.1238e-10 TSX
20180729 20181003 0.00012127 7.1238e-10 TSX
20180820 20181003 0.00021168 7.7205e-10 TSX
20180911 20181003 -0.00015142 8.5004e-10 TSX
