20030427 20030914 0.00095502 5.6998e-10 ERS2
20030914 20080629 -8.849e-07 3.0595e-10 ERS2
20050918 20090510 -4.2042e-06 3.0091e-10 ERS2
20051127 20081116 0.00017287 3.1227e-10 ERS2
20060903 20090510 2.752e-05 3.1817e-10 ERS2
20061231 20090105 -2.5198e-05 3.1202e-10 ALOS
20070402 20070703 -0.00022032 6.7305e-10 ALOS
20070518 20091008 -3.3391e-05 2.9736e-10 ALOS
20070818 20071003 -0.00038737 7.8369e-10 ALOS
20071217 20100509 -3.7412e-05 2.9729e-10 ALOS
20080103 20100526 4.3436e-05 3.1101e-10 ALOS
20080404 20080520 0.00012583 7.837e-10 ALOS
20080618 20090921 -7.4275e-05 3.7152e-10 ALOS
20080629 20090510 -0.00028819 4.1149e-10 ERS2
20080705 20091008 -0.00010503 3.6539e-10 ALOS
20080803 20090823 -4.5968e-05 3.8268e-10 ERS2
20081116 20090823 -8.0035e-06 4.3224e-10 ERS2
20081219 20090921 0.00027348 4.471e-10 ALOS
20090105 20090708 0.00013979 5.3002e-10 ALOS
20090510 20091101 -0.00023078 5.2272e-10 ERS2
20090708 20091008 0.00045447 6.727e-10 ALOS
20090823 20091101 -4.3419e-05 7.0748e-10 ERS2
20091222 20100624 0.00029789 5.277e-10 ALOS
20100108 20100223 0.00024666 7.8348e-10 ALOS
20100223 20100526 -1.6115e-05 6.7363e-10 ALOS
20100410 20100711 -0.00014445 6.7295e-10 ALOS
20100509 20100624 0.00072136 7.8137e-10 ALOS
20100526 20100711 0.00046178 7.837e-10 ALOS
20100624 20101109 -9.6329e-05 5.8761e-10 ALOS
20100711 20101011 -0.00017443 6.7307e-10 ALOS
20100809 20101109 -0.00021265 6.6988e-10 ALOS
20101011 20101126 0.0003031 7.837e-10 ALOS
20110111 20110226 0.0007427 7.8369e-10 ALOS
20110924 20130715 6.1837e-05 3.2356e-10 TSX
20111005 20121229 -1.8221e-05 3.6956e-10 TSX
20111121 20171221 -7.3711e-06 2.9595e-10 TSX
20111221 20130131 5.5079e-05 3.861e-10 TSX
20111224 20121027 -2.2003e-05 4.1963e-10 TSX
20120126 20140419 1.31e-05 2.8979e-10 TSX
20120203 20160320 -1.7786e-05 2.51e-10 TSX
20120206 20171107 3.2594e-06 2.7454e-10 TSX
20120617 20171129 -2.2104e-06 2.6905e-10 TSX
20120723 20160120 4.3595e-05 2.6308e-10 TSX
20121024 20130109 0.00015751 7.1003e-10 TSX
20121027 20151226 -6.4083e-06 2.6513e-10 TSX
20121030 20130311 4.542e-05 5.8744e-10 TSX
20121107 20171118 1.8125e-06 2.6756e-10 TSX
20121221 20160208 3.6988e-06 2.6206e-10 TSX
20121224 20130516 -0.00021459 5.7082e-10 TSX
20121229 20130407 6.2961e-05 6.6313e-10 TSX
20130104 20130217 2.3951e-05 7.8053e-10 TSX
20130109 20130715 0.00011564 5.3191e-10 TSX
20130112 20140511 -1.8178e-05 3.547e-10 TSX
20130115 20130721 -0.00024162 5.1515e-10 TSX
20130126 20130823 -0.00023195 5.2694e-10 TSX
20130131 20130429 -0.00014702 6.8573e-10 TSX
20130203 20130729 -6.2617e-05 5.2593e-10 TSX
20130211 20130919 7.1744e-06 4.9792e-10 TSX
20130228 20141209 2.6336e-05 3.1157e-10 TSX
20130311 20130801 -7.2767e-05 5.7077e-10 TSX
20130316 20130623 1.6399e-05 6.6313e-10 TSX
20130402 20150122 7.8193e-05 3.4735e-10 TSX
20130407 20140530 -3.4892e-05 3.8151e-10 TSX
20130421 20171016 -4.3869e-06 2.7028e-10 TSX
20130424 20130721 -0.0003554 6.6941e-10 TSX
20130429 20130623 -8.4851e-05 7.6323e-10 TSX
20130505 20131028 -0.001073 6.0942e-10 TSX
20130513 20151112 -1.7237e-06 2.7863e-10 TSX
20130516 20131017 -0.00046393 5.9059e-10 TSX
20130521 20130715 0.0002507 7.6326e-10 TSX
20130524 20171129 5.278e-06 2.7609e-10 TSX
20130527 20140627 -2.342e-06 3.8325e-10 TSX
20130601 20130930 0.0002321 6.2262e-10 TSX
20130604 20141217 1.0086e-05 3.3819e-10 TSX
20130607 20140719 1.4259e-05 3.7961e-10 TSX
20130612 20150105 -4.8029e-06 3.3833e-10 TSX
20130615 20160106 7.5425e-06 2.777e-10 TSX
20130618 20140708 -3.477e-05 3.8756e-10 TSX
20130623 20130715 0.00069038 8.6914e-10 TSX
20130629 20130914 0.000375 6.9886e-10 TSX
20130707 20150130 -8.693e-07 3.3801e-10 TSX
20130710 20140901 3.0304e-05 3.7596e-10 TSX
20130715 20130726 -0.002588 1.0174e-09 TSX
20130721 20131108 0.0010093 6.5507e-10 TSX
20130726 20150517 0.00011638 3.2189e-10 TSX
20130729 20160904 -4.0668e-06 2.6667e-10 TSX
20130801 20151115 1.8688e-05 2.8884e-10 TSX
20130817 20140209 -2.9551e-05 5.4405e-10 TSX
20130828 20150312 4.6439e-05 3.4069e-10 TSX
20130903 20150329 -0.00018861 4.5875e-10 TSX
20130919 20160309 3.6436e-08 2.7797e-10 TSX
20130925 20140708 -1.6732e-05 4.3612e-10 TSX
20130930 20160411 1.0871e-05 2.7902e-10 TSX
20131011 20150802 -1.0696e-05 3.2155e-10 TSX
20131017 20140719 -7.6191e-05 4.3932e-10 TSX
20131028 20160304 -1.3679e-05 3.6273e-10 TSX
20131102 20140519 -0.00024552 5.1956e-10 TSX
20131108 20140708 -1.4518e-05 4.7434e-10 TSX
20140209 20160309 1.1297e-05 3.0825e-10 TSX
20140223 20140829 -1.3163e-05 5.1355e-10 TSX
20140408 20140705 -2.2284e-05 6.7043e-10 TSX
20140419 20170913 5.471e-06 3.3224e-10 TSX
20140511 20141228 4.8806e-05 4.7129e-10 TSX
20140519 20150824 0.0001208 3.6504e-10 TSX
20140624 20171005 7.2744e-07 2.9512e-10 TSX
20140627 20151115 -1.9729e-05 3.3991e-10 TSX
20140705 20180911 1.0422e-05 2.8227e-10 TSX
20140708 20160406 5.2493e-05 3.1223e-10 TSX
20140716 20171005 -7.2719e-06 2.8332e-10 TSX
20140719 20151207 3.0403e-05 3.4059e-10 TSX
20140727 20150326 2.0976e-05 4.6248e-10 TSX
20140810 20150122 -4.3599e-05 5.4083e-10 TSX
20140818 20160301 1.8139e-05 3.236e-10 TSX
20140829 20160208 1.0062e-05 3.3186e-10 TSX
20140901 20140912 -0.0003051 9.7288e-10 TSX
20140912 20141209 3.9465e-05 6.6941e-10 TSX
20140920 20170902 1.4034e-05 2.8229e-10 TSX
20141209 20160211 -5.9555e-06 3.6406e-10 TSX
20141217 20160722 3.8118e-06 3.1986e-10 TSX
20141228 20160106 -7.1193e-06 3.8212e-10 TSX
20141231 20151024 4.3933e-05 4.2563e-10 TSX
20150105 20150824 -4.2612e-05 4.8791e-10 TSX
20150108 20170811 9.8272e-06 3.0852e-10 TSX
20150119 20160117 1.3746e-05 3.8705e-10 TSX
20150127 20160411 5.4857e-05 3.7221e-10 TSX
20150130 20151112 -2.1171e-05 4.29e-10 TSX
20150210 20170114 2.3732e-05 2.9881e-10 TSX
20150213 20160326 -6.4709e-05 4.2446e-10 TSX
20150218 20160216 3.3564e-05 4.0362e-10 TSX
20150221 20180112 -1.4396e-05 3.219e-10 TSX
20150304 20180911 2.5614e-05 2.9759e-10 TSX
20150307 20160211 3.1087e-05 4.0137e-10 TSX
20150312 20160320 -1.8237e-05 3.9873e-10 TSX
20150326 20150827 -4.9011e-05 5.5367e-10 TSX
20150329 20151207 -4.6396e-05 4.5549e-10 TSX
20150428 20160425 1.0794e-05 3.8677e-10 TSX
20150509 20150827 -0.00011082 6.2503e-10 TSX
20150517 20150824 -0.00015813 6.6315e-10 TSX
20150520 20180911 1.7152e-06 2.8262e-10 TSX
20150714 20170822 -3.3948e-08 3.1046e-10 TSX
20150725 20170924 -5.3052e-06 2.9279e-10 TSX
20150802 20160309 -7.7328e-05 4.9791e-10 TSX
20150805 20160403 6.1383e-05 4.6212e-10 TSX
20150816 20171107 7.9911e-06 2.954e-10 TSX
20150824 20150915 0.00073527 8.6903e-10 TSX
20150827 20170902 -2.3697e-06 3.0187e-10 TSX
20150915 20160216 -0.0001161 5.7212e-10 TSX
20151021 20160904 5.3362e-06 4.1265e-10 TSX
20151101 20171016 -4.0925e-06 3.0609e-10 TSX
20151112 20160425 4.8247e-05 5.3933e-10 TSX
20151115 20151229 0.00022038 7.8053e-10 TSX
20151123 20171221 2.8491e-06 2.9616e-10 TSX
20151204 20151215 0.00014161 9.846e-10 TSX
20151207 20160406 -9.0327e-06 6.0547e-10 TSX
20151215 20170822 2.9774e-05 3.2069e-10 TSX
20151226 20161223 1.7797e-05 3.9371e-10 TSX
20151229 20160211 1.9947e-05 7.8053e-10 TSX
20160106 20161223 2.4989e-05 3.9851e-10 TSX
20160117 20160926 -4.6384e-06 4.5381e-10 TSX
20160128 20160301 -0.00012758 8.1632e-10 TSX
20160208 20160312 -0.00010071 8.1632e-10 TSX
20160216 20160309 -0.00043892 8.6903e-10 TSX
20160219 20180319 3.1291e-06 2.9425e-10 TSX
20160301 20161201 -1.1846e-05 4.3913e-10 TSX
20160304 20160326 7.6974e-05 8.5466e-10 TSX
20160312 20180319 -2.3796e-06 2.9662e-10 TSX
20160320 20160411 0.00041547 8.6904e-10 TSX
20160323 20171118 -5.31e-06 3.1638e-10 TSX
20160326 20160406 -0.00056308 9.7281e-10 TSX
20160403 20171027 -1.9302e-06 3.2131e-10 TSX
20160425 20170811 -4.6138e-06 3.4595e-10 TSX
20160528 20160630 -6.6149e-05 8.1632e-10 TSX
20160630 20171118 3.8741e-05 3.3804e-10 TSX
20160722 20161201 2.5642e-05 5.8661e-10 TSX
20160904 20180707 2.5895e-05 3.2301e-10 TSX
20160915 20180911 1.3737e-05 2.9895e-10 TSX
20160926 20170114 5.5408e-05 6.2509e-10 TSX
20161201 20171027 1.5991e-05 4.0667e-10 TSX
20161223 20171107 -1.3585e-06 4.0972e-10 TSX
20170114 20170902 -2.0742e-05 4.7064e-10 TSX
20170811 20171005 -9.656e-06 7.5239e-10 TSX
20170822 20180707 9.9794e-06 4.141e-10 TSX
20170913 20180707 4.8626e-06 4.2546e-10 TSX
20170924 20180319 7.2667e-05 5.2609e-10 TSX
20171005 20171107 4.6025e-05 8.1632e-10 TSX
20171016 20180319 8.3854e-05 5.5391e-10 TSX
20171027 20180911 3.1972e-05 4.1409e-10 TSX
20171107 20171118 7.1822e-05 9.846e-10 TSX
20171118 20171129 5.2014e-05 9.846e-10 TSX
20171129 20171221 -1.7343e-05 8.5892e-10 TSX
20171210 20180820 2.4399e-05 4.5424e-10 TSX
20171221 20180911 1.9098e-05 4.4635e-10 TSX
20180112 20181003 0.00013692 4.4629e-10 TSX
20180319 20180707 -5.4932e-05 6.2509e-10 TSX
20180707 20180911 0.00018281 7.2327e-10 TSX
20180729 20181003 -2.2918e-05 7.2327e-10 TSX
20180820 20181003 0.00011899 7.8316e-10 TSX
20180911 20181003 -0.0001936 8.5892e-10 TSX
