20030427 20030914 0.00085956 5.7127e-10 ERS2
20030914 20080629 -9.9195e-05 2.9385e-10 ERS2
20050918 20090510 8.3098e-06 2.9983e-10 ERS2
20051127 20081116 0.000123 3.1847e-10 ERS2
20060903 20090510 9.1795e-06 3.1051e-10 ERS2
20061231 20090105 9.5275e-05 3.1314e-10 ALOS
20070402 20070703 -0.00011483 6.6648e-10 ALOS
20070518 20091008 7.9637e-05 2.9849e-10 ALOS
20070818 20071003 -0.00038132 7.7581e-10 ALOS
20071217 20100509 0.00010145 2.9912e-10 ALOS
20080103 20100526 9.9979e-05 2.9717e-10 ALOS
20080404 20080520 0.0001545 7.7582e-10 ALOS
20080618 20090921 -4.5351e-06 3.7253e-10 ALOS
20080629 20090510 -0.00024675 4.1234e-10 ERS2
20080705 20091008 -3.1189e-05 3.6522e-10 ALOS
20080803 20090823 -4.9403e-05 3.8278e-10 ERS2
20081116 20090823 -4.5901e-06 4.3206e-10 ERS2
20081219 20090921 0.00011397 4.4616e-10 ALOS
20090105 20090708 1.8961e-05 5.2821e-10 ALOS
20090510 20091101 0.00042642 5.2005e-10 ERS2
20090708 20091008 0.00011157 6.6647e-10 ALOS
20090823 20091101 -4.3006e-05 6.9883e-10 ERS2
20091222 20100624 2.0806e-05 5.2535e-10 ALOS
20100108 20100223 0.00012104 7.7622e-10 ALOS
20100223 20100526 -8.6893e-05 6.6652e-10 ALOS
20100410 20100711 -0.00012611 6.6653e-10 ALOS
20100509 20100624 0.00060787 7.7374e-10 ALOS
20100526 20100711 0.00035781 7.7582e-10 ALOS
20100624 20101109 -9.2617e-05 5.8406e-10 ALOS
20100711 20101011 -9.9555e-05 6.6648e-10 ALOS
20100809 20101109 -8.6008e-05 6.6373e-10 ALOS
20101011 20101126 0.00028388 7.7582e-10 ALOS
20110111 20110226 0.00068229 7.7581e-10 ALOS
20110924 20130715 5.3876e-05 3.2421e-10 TSX
20111005 20121229 1.5075e-05 3.6881e-10 TSX
20111121 20171221 -1.6301e-05 2.8143e-10 TSX
20111221 20130131 7.0856e-05 3.8541e-10 TSX
20111224 20121027 -1.6633e-05 4.1953e-10 TSX
20120126 20140419 -4.1497e-05 2.8984e-10 TSX
20120203 20160320 -2.5085e-06 2.4753e-10 TSX
20120206 20171107 -1.0536e-05 2.9605e-10 TSX
20120617 20171129 -7.4461e-07 2.9612e-10 TSX
20120723 20160120 5.5088e-05 2.71e-10 TSX
20121024 20130109 0.00027811 7.0193e-10 TSX
20121027 20151226 -2.286e-05 2.6898e-10 TSX
20121030 20130311 3.8464e-05 5.8469e-10 TSX
20121107 20171118 -3.3231e-06 2.7114e-10 TSX
20121221 20160208 -2.2105e-06 2.6503e-10 TSX
20121224 20130516 -8.4486e-05 5.6852e-10 TSX
20121229 20130407 0.00012125 6.5632e-10 TSX
20130104 20130217 -2.6238e-06 7.7351e-10 TSX
20130109 20130715 -3.6004e-05 5.2828e-10 TSX
20130112 20140511 -3.1713e-05 3.5437e-10 TSX
20130115 20130721 -0.00013462 5.1397e-10 TSX
20130126 20130823 -0.00013621 5.0888e-10 TSX
20130131 20130429 -6.7717e-05 6.7828e-10 TSX
20130203 20130729 -5.2042e-05 5.2324e-10 TSX
20130211 20130919 -5.9573e-05 4.9599e-10 TSX
20130228 20141209 3.9483e-05 3.1316e-10 TSX
20130311 20130801 -3.6754e-05 5.6848e-10 TSX
20130316 20130623 2.8458e-05 6.5632e-10 TSX
20130402 20150122 0.00010604 3.6016e-10 TSX
20130407 20140530 -1.7775e-05 3.81e-10 TSX
20130421 20171016 -9.927e-06 2.9504e-10 TSX
20130424 20130721 -0.00026824 6.6411e-10 TSX
20130429 20130623 -7.0319e-05 7.5474e-10 TSX
20130505 20131028 -0.00050696 5.6326e-10 TSX
20130513 20151112 -9.0258e-06 2.7502e-10 TSX
20130516 20131017 -0.00026392 5.9963e-10 TSX
20130521 20130715 0.00012035 7.5476e-10 TSX
20130524 20171129 -9.9421e-06 2.9526e-10 TSX
20130527 20140627 2.0988e-05 3.8395e-10 TSX
20130601 20130930 3.2356e-05 6.1713e-10 TSX
20130604 20141217 -9.4171e-06 3.3823e-10 TSX
20130607 20140719 7.4226e-05 3.8001e-10 TSX
20130612 20150105 2.0655e-05 3.3821e-10 TSX
20130615 20160106 -1.3129e-05 2.7481e-10 TSX
20130618 20140708 -1.1449e-05 3.883e-10 TSX
20130623 20130715 0.00058246 8.6283e-10 TSX
20130629 20130914 0.00015976 6.9241e-10 TSX
20130707 20150130 -7.1851e-06 3.3848e-10 TSX
20130710 20140901 4.3957e-05 3.7641e-10 TSX
20130715 20130726 -0.0025436 1.0121e-09 TSX
20130721 20131108 0.00080944 6.3301e-10 TSX
20130726 20150517 0.0001876 3.2223e-10 TSX
20130729 20160904 -2.0321e-05 2.6532e-10 TSX
20130801 20151115 2.4402e-05 2.9019e-10 TSX
20130817 20140209 6.3721e-05 5.4102e-10 TSX
20130828 20150312 2.6474e-05 3.4062e-10 TSX
20130903 20150329 -0.00014336 4.158e-10 TSX
20130919 20160309 2.4962e-05 2.8206e-10 TSX
20130925 20140708 2.7581e-05 4.3174e-10 TSX
20130930 20160411 3.9125e-05 2.7988e-10 TSX
20131011 20150802 9.5892e-06 3.1976e-10 TSX
20131017 20140719 1.2204e-05 4.3926e-10 TSX
20131028 20160304 0.00014002 2.975e-10 TSX
20131102 20140519 -0.00017093 5.1717e-10 TSX
20131108 20140708 1.3802e-05 4.6751e-10 TSX
20140209 20160309 -2.197e-05 3.0664e-10 TSX
20140223 20140829 -2.9245e-06 5.1121e-10 TSX
20140408 20140705 -1.48e-05 6.616e-10 TSX
20140419 20170913 -7.6599e-06 2.8567e-10 TSX
20140511 20141228 5.4811e-05 4.7016e-10 TSX
20140519 20150824 0.00015708 3.6491e-10 TSX
20140624 20171005 -4.6636e-06 2.793e-10 TSX
20140627 20151115 5.8941e-06 3.4083e-10 TSX
20140705 20180911 4.3186e-06 3.0306e-10 TSX
20140708 20160406 5.8365e-05 3.1493e-10 TSX
20140716 20171005 2.4202e-06 2.8227e-10 TSX
20140719 20151207 3.2992e-06 3.4135e-10 TSX
20140727 20150326 2.2501e-05 4.6157e-10 TSX
20140810 20150122 -7.2951e-06 5.3921e-10 TSX
20140818 20160301 -4.5301e-06 3.2572e-10 TSX
20140829 20160208 -7.6163e-06 3.3142e-10 TSX
20140901 20140912 -0.00031129 9.6845e-10 TSX
20140912 20141209 6.6796e-05 6.6411e-10 TSX
20140920 20170902 -3.2608e-06 2.8262e-10 TSX
20141209 20160211 -5.411e-06 3.6383e-10 TSX
20141217 20160722 -2.1051e-05 3.2204e-10 TSX
20141228 20160106 -1.3879e-05 3.8198e-10 TSX
20141231 20151024 2.9205e-05 4.2505e-10 TSX
20150105 20150824 2.1875e-05 4.8606e-10 TSX
20150108 20170811 -1.9514e-05 2.8526e-10 TSX
20150119 20160117 2.3899e-05 3.871e-10 TSX
20150127 20160411 5.904e-05 3.7233e-10 TSX
20150130 20151112 -4.6793e-06 4.2843e-10 TSX
20150210 20170114 -2.3204e-05 3.01e-10 TSX
20150213 20160326 4.6928e-05 4.0867e-10 TSX
20150218 20160216 3.0154e-05 4.0271e-10 TSX
20150221 20180112 -2.0338e-05 3.082e-10 TSX
20150304 20180911 -9.1762e-06 2.9054e-10 TSX
20150307 20160211 2.6496e-05 4.0093e-10 TSX
20150312 20160320 1.6652e-05 3.9777e-10 TSX
20150326 20150827 -4.2258e-05 5.4992e-10 TSX
20150329 20151207 -1.7412e-05 4.548e-10 TSX
20150428 20160425 -8.2388e-07 3.8687e-10 TSX
20150509 20150827 -0.00011938 6.1819e-10 TSX
20150517 20150824 -0.00012447 6.5635e-10 TSX
20150520 20180911 1.7216e-05 2.8415e-10 TSX
20150714 20170822 -2.7357e-05 2.9579e-10 TSX
20150725 20170924 -3.0675e-05 2.93e-10 TSX
20150802 20160309 -2.8452e-05 4.9598e-10 TSX
20150805 20160403 4.7884e-05 4.6125e-10 TSX
20150816 20171107 -2.5375e-05 2.8802e-10 TSX
20150824 20150915 0.00070572 8.6273e-10 TSX
20150827 20170902 -9.8257e-06 2.9623e-10 TSX
20150915 20160216 -0.00012877 5.6828e-10 TSX
20151021 20160904 3.948e-06 4.1239e-10 TSX
20151101 20171016 -2.3241e-05 3.0278e-10 TSX
20151112 20160425 1.7178e-05 5.3621e-10 TSX
20151115 20151229 0.00020636 7.7351e-10 TSX
20151123 20171221 4.1024e-06 2.9567e-10 TSX
20151204 20151215 0.00014386 9.7931e-10 TSX
20151207 20160406 -2.497e-05 6.0219e-10 TSX
20151215 20170822 -1.2299e-06 3.1447e-10 TSX
20151226 20161223 -3.6399e-06 3.9332e-10 TSX
20151229 20160211 4.8827e-06 7.7351e-10 TSX
20160106 20161223 7.6214e-06 3.9808e-10 TSX
20160117 20160926 -3.5969e-05 4.5301e-10 TSX
20160128 20160301 -9.1961e-05 8.0755e-10 TSX
20160208 20160312 -9.1111e-05 8.0755e-10 TSX
20160216 20160309 -0.0004046 8.6273e-10 TSX
20160219 20180319 -3.1029e-05 2.9492e-10 TSX
20160301 20161201 -5.2516e-05 4.3865e-10 TSX
20160304 20160326 0.00010147 8.4919e-10 TSX
20160312 20180319 -4.5742e-05 2.9808e-10 TSX
20160320 20160411 0.00042862 8.6274e-10 TSX
20160323 20171118 -2.3325e-05 3.1719e-10 TSX
20160326 20160406 -0.00056123 9.6838e-10 TSX
20160403 20171027 -3.8708e-05 3.2304e-10 TSX
20160425 20170811 -1.011e-05 3.4619e-10 TSX
20160528 20160630 -5.8089e-05 8.0755e-10 TSX
20160630 20171118 -2.0006e-05 3.3918e-10 TSX
20160722 20161201 -6.0108e-07 5.8148e-10 TSX
20160904 20180707 5.2786e-06 3.221e-10 TSX
20160915 20180911 -1.2748e-05 3.0055e-10 TSX
20160926 20170114 2.6301e-05 6.1819e-10 TSX
20161201 20171027 -4.1807e-06 4.069e-10 TSX
20161223 20171107 -1.1596e-05 4.091e-10 TSX
20170114 20170902 -1.8907e-05 4.6875e-10 TSX
20170811 20171005 -4.428e-05 7.4192e-10 TSX
20170822 20180707 -2.0622e-05 4.1381e-10 TSX
20170913 20180707 -2.9293e-05 4.2527e-10 TSX
20170924 20180319 4.6882e-05 5.2331e-10 TSX
20171005 20171107 4.4928e-05 8.0755e-10 TSX
20171016 20180319 3.6352e-05 5.5022e-10 TSX
20171027 20180911 9.9003e-06 4.1378e-10 TSX
20171107 20171118 6.6773e-05 9.7931e-10 TSX
20171118 20171129 4.7959e-05 9.7931e-10 TSX
20171129 20171221 -3.0876e-05 8.5192e-10 TSX
20171210 20180820 -1.7326e-05 4.5343e-10 TSX
20171221 20180911 4.1123e-05 4.4582e-10 TSX
20180112 20181003 3.1213e-06 4.4574e-10 TSX
20180319 20180707 -5.9752e-05 6.1819e-10 TSX
20180707 20180911 0.00014356 7.1297e-10 TSX
20180729 20181003 -8.1014e-05 7.1297e-10 TSX
20180820 20181003 9.6605e-05 7.7317e-10 TSX
20180911 20181003 -0.00018254 8.5193e-10 TSX
