20030427 20030914 0.00026117 5.691e-10 ERS2
20030914 20080629 -0.00012988 2.8372e-10 ERS2
20050918 20090510 -0.0001172 3.0254e-10 ERS2
20051127 20081116 -5.2576e-05 3.106e-10 ERS2
20060903 20090510 -5.3234e-05 3.3358e-10 ERS2
20061231 20090105 5.515e-05 3.3177e-10 ALOS
20070402 20070703 -0.00013301 6.663e-10 ALOS
20070518 20091008 7.0728e-05 3.0477e-10 ALOS
20070818 20071003 -0.00020923 7.7569e-10 ALOS
20071217 20100509 5.6308e-06 3.0136e-10 ALOS
20080103 20100526 -1.6304e-05 3.3643e-10 ALOS
20080404 20080520 -5.0078e-05 7.7562e-10 ALOS
20080618 20090921 -5.7627e-05 3.7282e-10 ALOS
20080629 20090510 -0.00043117 4.1232e-10 ERS2
20080705 20091008 3.7173e-05 3.6511e-10 ALOS
20080803 20090823 1.5234e-05 3.8248e-10 ERS2
20081116 20090823 6.9266e-05 4.3418e-10 ERS2
20081219 20090921 0.00025755 4.4628e-10 ALOS
20090105 20090708 -3.8123e-05 5.3114e-10 ALOS
20090510 20091101 0.00016838 5.2066e-10 ERS2
20090708 20091008 0.00059651 6.6631e-10 ALOS
20090823 20091101 -2.7056e-05 6.987e-10 ERS2
20091222 20100624 0.00055632 5.2941e-10 ALOS
20100108 20100223 0.00054227 7.7591e-10 ALOS
20100223 20100526 -2.8455e-05 6.6738e-10 ALOS
20100410 20100711 -6.5317e-05 6.6716e-10 ALOS
20100509 20100624 0.00071964 7.7363e-10 ALOS
20100526 20100711 0.00062899 7.757e-10 ALOS
20100624 20101109 9.387e-05 5.8402e-10 ALOS
20100711 20101011 0.00030134 6.6633e-10 ALOS
20100809 20101109 3.5121e-05 6.6364e-10 ALOS
20101011 20101126 4.1237e-05 7.757e-10 ALOS
20110111 20110226 0.00081057 7.7568e-10 ALOS
20110924 20130715 9.0046e-05 3.2669e-10 TSX
20111005 20121229 -9.0488e-05 3.7325e-10 TSX
20111121 20171221 1.184e-05 3.5203e-10 TSX
20111221 20130131 5.9059e-05 3.8541e-10 TSX
20111224 20121027 -2.9638e-05 4.1938e-10 TSX
20120126 20140419 -6.8098e-05 3.1316e-10 TSX
20120203 20160320 -3.6706e-05 3.5915e-10 TSX
20120206 20171107 2.8118e-06 3.365e-10 TSX
20120617 20171129 1.5579e-05 3.294e-10 TSX
20120723 20160120 1.7663e-05 4.6527e-10 TSX
20121024 20130109 3.1263e-05 7.0178e-10 TSX
20121027 20151226 -5.9999e-05 3.2565e-10 TSX
20121030 20130311 1.605e-05 5.8468e-10 TSX
20121107 20171118 -2.8059e-05 3.2485e-10 TSX
20121221 20160208 -1.0918e-05 3.212e-10 TSX
20121224 20130516 -3.4699e-05 5.685e-10 TSX
20121229 20130407 0.00019791 6.5619e-10 TSX
20130104 20130217 0.00015183 7.7343e-10 TSX
20130109 20130715 0.00025203 5.2897e-10 TSX
20130112 20140511 -9.1825e-05 3.5606e-10 TSX
20130115 20130721 -8.3723e-05 5.1392e-10 TSX
20130126 20130823 -1.9441e-06 5.317e-10 TSX
20130131 20130429 -6.8802e-05 6.7812e-10 TSX
20130203 20130729 -6.4324e-05 5.2317e-10 TSX
20130211 20130919 0.00010177 4.9587e-10 TSX
20130228 20141209 5.2999e-05 3.4705e-10 TSX
20130311 20130801 5.0294e-05 5.6845e-10 TSX
20130316 20130623 0.00016438 6.562e-10 TSX
20130402 20150122 0.00016493 4.136e-10 TSX
20130407 20140530 3.6225e-06 3.8124e-10 TSX
20130421 20171016 1.6765e-06 3.8665e-10 TSX
20130424 20130721 -0.00018442 6.6405e-10 TSX
20130429 20130623 1.9089e-05 7.5455e-10 TSX
20130505 20131028 -0.00043429 5.8088e-10 TSX
20130513 20151112 -3.7514e-05 3.5374e-10 TSX
20130516 20131017 -0.00035694 5.9388e-10 TSX
20130521 20130715 0.00034531 7.5457e-10 TSX
20130524 20171129 -2.5766e-05 3.7479e-10 TSX
20130527 20140627 3.9841e-05 3.8346e-10 TSX
20130601 20130930 0.00021787 6.1704e-10 TSX
20130604 20141217 -3.2483e-05 3.491e-10 TSX
20130607 20140719 4.2761e-05 3.7985e-10 TSX
20130612 20150105 2.0307e-05 3.7296e-10 TSX
20130615 20160106 -3.1286e-05 3.369e-10 TSX
20130618 20140708 3.2253e-05 3.8818e-10 TSX
20130623 20130715 0.00071734 8.6291e-10 TSX
20130629 20130914 0.00034559 7.1799e-10 TSX
20130707 20150130 -3.3499e-05 3.4687e-10 TSX
20130710 20140901 3.6262e-05 3.7781e-10 TSX
20130715 20130726 -0.0024592 1.0123e-09 TSX
20130721 20131108 0.001016 6.5934e-10 TSX
20130726 20150517 4.9093e-05 3.8261e-10 TSX
20130729 20160904 -5.3892e-05 3.3764e-10 TSX
20130801 20151115 4.2951e-05 3.8822e-10 TSX
20130817 20140209 2.9967e-05 5.41e-10 TSX
20130828 20150312 4.5227e-05 3.9034e-10 TSX
20130903 20150329 6.775e-05 3.8587e-10 TSX
20130919 20160309 0.00010161 3.4424e-10 TSX
20130925 20140708 6.354e-05 4.8446e-10 TSX
20130930 20160411 7.0005e-05 4.3694e-10 TSX
20131011 20150802 1.1615e-05 3.5604e-10 TSX
20131017 20140719 4.2349e-05 4.5233e-10 TSX
20131028 20160304 -8.3292e-05 3.9429e-10 TSX
20131102 20140519 -0.00013169 5.1713e-10 TSX
20131108 20140708 4.9311e-05 5.6168e-10 TSX
20140209 20160309 1.4288e-05 3.9315e-10 TSX
20140223 20140829 2.5061e-05 5.1115e-10 TSX
20140408 20140705 -2.7979e-05 6.6145e-10 TSX
20140419 20170913 -6.4747e-06 3.2295e-10 TSX
20140511 20141228 4.0293e-05 4.7008e-10 TSX
20140519 20150824 0.00011047 3.8901e-10 TSX
20140624 20171005 5.1263e-05 3.267e-10 TSX
20140627 20151115 -3.1763e-05 3.8158e-10 TSX
20140705 20180911 -3.5999e-05 3.2054e-10 TSX
20140708 20160406 -1.8216e-05 3.9009e-10 TSX
20140716 20171005 -4.5622e-05 3.2028e-10 TSX
20140719 20151207 -2.6398e-05 4.3079e-10 TSX
20140727 20150326 -4.5219e-05 4.6225e-10 TSX
20140810 20150122 -0.00012169 5.5717e-10 TSX
20140818 20160301 -8.6987e-06 3.6775e-10 TSX
20140829 20160208 -1.7967e-05 3.9182e-10 TSX
20140901 20140912 -0.00031705 9.6857e-10 TSX
20140912 20141209 -0.00012463 6.6409e-10 TSX
20140920 20170902 -3.1874e-05 3.169e-10 TSX
20141209 20160211 -2.6648e-05 4.3369e-10 TSX
20141217 20160722 -5.1272e-05 3.5068e-10 TSX
20141228 20160106 -5.9639e-05 3.9534e-10 TSX
20141231 20151024 9.5642e-05 4.4611e-10 TSX
20150105 20150824 3.1378e-05 5.0078e-10 TSX
20150108 20170811 -8.0309e-06 3.3234e-10 TSX
20150119 20160117 -1.4769e-05 3.9734e-10 TSX
20150127 20160411 6.4366e-05 4.0085e-10 TSX
20150130 20151112 -5.7671e-05 4.3789e-10 TSX
20150210 20170114 -3.741e-05 3.5579e-10 TSX
20150213 20160326 0.00021585 4.2018e-10 TSX
20150218 20160216 2.7174e-05 4.3675e-10 TSX
20150221 20180112 0.00011664 3.723e-10 TSX
20150304 20180911 -2.6388e-05 3.3871e-10 TSX
20150307 20160211 2.4941e-05 4.3061e-10 TSX
20150312 20160320 1.4974e-05 4.1948e-10 TSX
20150326 20150827 3.3294e-06 5.4991e-10 TSX
20150329 20151207 -2.8117e-05 4.6273e-10 TSX
20150428 20160425 -7.4938e-05 4.0144e-10 TSX
20150509 20150827 5.1101e-05 6.1893e-10 TSX
20150517 20150824 0.00011355 6.5637e-10 TSX
20150520 20180911 -3.2542e-05 3.1587e-10 TSX
20150714 20170822 -1.4213e-05 3.5716e-10 TSX
20150725 20170924 -6.2186e-06 3.4386e-10 TSX
20150802 20160309 -0.00015354 5.2486e-10 TSX
20150805 20160403 -5.6636e-05 4.7215e-10 TSX
20150816 20171107 -5.2748e-05 3.3883e-10 TSX
20150824 20150915 0.00083402 8.6282e-10 TSX
20150827 20170902 -2.72e-05 3.4458e-10 TSX
20150915 20160216 -0.00030909 5.6975e-10 TSX
20151021 20160904 -9.9604e-05 4.327e-10 TSX
20151101 20171016 -5.947e-05 3.415e-10 TSX
20151112 20160425 -6.4835e-05 5.3808e-10 TSX
20151115 20151229 9.7497e-05 7.7343e-10 TSX
20151123 20171221 9.277e-06 3.4181e-10 TSX
20151204 20151215 0.0001512 9.7886e-10 TSX
20151207 20160406 -8.9887e-05 6.0299e-10 TSX
20151215 20170822 -1.4727e-05 3.5157e-10 TSX
20151226 20161223 -1.5901e-05 4.15e-10 TSX
20151229 20160211 -5.5021e-05 7.7343e-10 TSX
20160106 20161223 1.1724e-05 4.0454e-10 TSX
20160117 20160926 -2.0899e-05 4.6201e-10 TSX
20160128 20160301 -0.00011375 8.0711e-10 TSX
20160208 20160312 -0.00016013 8.0711e-10 TSX
20160216 20160309 -0.00040599 8.6282e-10 TSX
20160219 20180319 -7.1064e-05 3.3022e-10 TSX
20160301 20161201 -3.5765e-05 4.414e-10 TSX
20160304 20160326 8.931e-05 8.4923e-10 TSX
20160312 20180319 -5.4312e-05 3.2772e-10 TSX
20160320 20160411 0.00036132 8.6284e-10 TSX
20160323 20171118 -4.379e-05 3.4504e-10 TSX
20160326 20160406 -0.00054096 9.685e-10 TSX
20160403 20171027 -3.4584e-05 3.6107e-10 TSX
20160425 20170811 -4.0427e-05 3.662e-10 TSX
20160528 20160630 2.0319e-05 8.0711e-10 TSX
20160630 20171118 -4.0386e-05 3.5897e-10 TSX
20160722 20161201 6.2271e-05 5.8141e-10 TSX
20160904 20180707 -7.4773e-05 3.3857e-10 TSX
20160915 20180911 -0.00010941 3.3263e-10 TSX
20160926 20170114 -5.7925e-06 6.1804e-10 TSX
20161201 20171027 -4.1722e-05 4.1164e-10 TSX
20161223 20171107 -6.0735e-05 4.1512e-10 TSX
20170114 20170902 -9.7267e-06 4.7767e-10 TSX
20170811 20171005 -4.6426e-05 7.416e-10 TSX
20170822 20180707 -0.00016663 4.1388e-10 TSX
20170913 20180707 -0.00019545 4.2854e-10 TSX
20170924 20180319 4.0662e-05 5.2327e-10 TSX
20171005 20171107 7.0922e-05 8.0711e-10 TSX
20171016 20180319 6.9919e-05 5.5016e-10 TSX
20171027 20180911 -0.00015477 4.1395e-10 TSX
20171107 20171118 8.5966e-05 9.7886e-10 TSX
20171118 20171129 3.5747e-05 9.7886e-10 TSX
20171129 20171221 -5.4598e-05 8.5147e-10 TSX
20171210 20180820 -0.00022502 4.5349e-10 TSX
20171221 20180911 -0.00015941 4.4595e-10 TSX
20180112 20181003 -4.1738e-05 4.4707e-10 TSX
20180319 20180707 -0.00047624 6.181e-10 TSX
20180707 20180911 0.00014122 7.1272e-10 TSX
20180729 20181003 0.00014146 7.1272e-10 TSX
20180820 20181003 0.00029737 7.7278e-10 TSX
20180911 20181003 -7.4044e-05 8.5147e-10 TSX
