20030427 20030914 0.00034008 5.6706e-10 ERS2
20030914 20080629 -4.6962e-05 2.8043e-10 ERS2
20050918 20090510 -4.9926e-05 2.9954e-10 ERS2
20051127 20081116 1.8204e-05 3.2994e-10 ERS2
20060903 20090510 -7.4486e-05 3.1435e-10 ERS2
20061231 20090105 -2.5635e-05 3.1384e-10 ALOS
20070402 20070703 -0.00019319 6.6628e-10 ALOS
20070518 20091008 -7.3501e-05 2.9851e-10 ALOS
20070818 20071003 -0.0003743 7.7512e-10 ALOS
20071217 20100509 -5.7359e-05 2.9983e-10 ALOS
20080103 20100526 -6.073e-05 2.9832e-10 ALOS
20080404 20080520 6.1519e-05 7.7513e-10 ALOS
20080618 20090921 -3.7504e-05 3.7218e-10 ALOS
20080629 20090510 -0.00059122 4.1254e-10 ERS2
20080705 20091008 1.5195e-05 3.6514e-10 ALOS
20080803 20090823 -2.7233e-05 3.8324e-10 ERS2
20081116 20090823 8.568e-05 4.3365e-10 ERS2
20081219 20090921 0.00041155 4.4621e-10 ALOS
20090105 20090708 0.00019818 5.2849e-10 ALOS
20090510 20091101 0.00035914 5.2094e-10 ERS2
20090708 20091008 0.00041384 6.6652e-10 ALOS
20090823 20091101 0.00015541 6.9861e-10 ERS2
20091222 20100624 0.00064583 5.2556e-10 ALOS
20100108 20100223 0.00042178 7.754e-10 ALOS
20100223 20100526 -3.4783e-06 6.6688e-10 ALOS
20100410 20100711 -6.3068e-05 6.6659e-10 ALOS
20100509 20100624 0.00060881 7.7314e-10 ALOS
20100526 20100711 0.00039144 7.7513e-10 ALOS
20100624 20101109 -4.7273e-05 5.8398e-10 ALOS
20100711 20101011 -2.1568e-05 6.6628e-10 ALOS
20100809 20101109 -1.7172e-05 6.6356e-10 ALOS
20101011 20101126 0.00030192 7.7513e-10 ALOS
20110111 20110226 0.00074126 7.7512e-10 ALOS
20110924 20130715 3.411e-05 3.2402e-10 TSX
20111005 20121229 -8.0501e-05 3.6875e-10 TSX
20111121 20171221 1.4625e-05 2.5509e-10 TSX
20111221 20130131 4.5834e-05 3.8588e-10 TSX
20111224 20121027 4.0917e-06 4.1953e-10 TSX
20120126 20140419 -6.3127e-06 2.8969e-10 TSX
20120203 20160320 1.0895e-05 2.4934e-10 TSX
20120206 20171107 1.0532e-05 2.4867e-10 TSX
20120617 20171129 -2.6702e-06 2.471e-10 TSX
20120723 20160120 1.6888e-05 2.5796e-10 TSX
20121024 20130109 0.00011823 7.0159e-10 TSX
20121027 20151226 -3.8942e-05 2.6738e-10 TSX
20121030 20130311 6.7792e-05 5.8466e-10 TSX
20121107 20171118 6.6447e-06 2.4451e-10 TSX
20121221 20160208 2.2161e-05 2.6529e-10 TSX
20121224 20130516 -8.6751e-05 5.6849e-10 TSX
20121229 20130407 0.00027909 6.5609e-10 TSX
20130104 20130217 0.00013424 7.7309e-10 TSX
20130109 20130715 8.2429e-05 5.2853e-10 TSX
20130112 20140511 -3.1532e-05 3.5444e-10 TSX
20130115 20130721 -0.00016161 5.1396e-10 TSX
20130126 20130823 -0.00015756 5.0164e-10 TSX
20130131 20130429 -2.8297e-05 6.7799e-10 TSX
20130203 20130729 -3.6181e-05 5.2315e-10 TSX
20130211 20130919 -4.1973e-05 4.9594e-10 TSX
20130228 20141209 2.7907e-05 3.1237e-10 TSX
20130311 20130801 -6.5378e-05 5.6844e-10 TSX
20130316 20130623 6.9584e-05 6.561e-10 TSX
20130402 20150122 0.00012139 3.3121e-10 TSX
20130407 20140530 -4.402e-05 3.8112e-10 TSX
20130421 20171016 1.1353e-05 2.4775e-10 TSX
20130424 20130721 -0.00028019 6.6402e-10 TSX
20130429 20130623 -4.9557e-05 7.5409e-10 TSX
20130505 20131028 -0.00042956 5.3543e-10 TSX
20130513 20151112 1.3432e-05 2.7659e-10 TSX
20130516 20131017 -0.00030411 5.6454e-10 TSX
20130521 20130715 3.8298e-05 7.5411e-10 TSX
20130524 20171129 6.5346e-06 2.4592e-10 TSX
20130527 20140627 -7.7087e-06 3.8382e-10 TSX
20130601 20130930 -6.2771e-05 6.1699e-10 TSX
20130604 20141217 3.3347e-06 3.3873e-10 TSX
20130607 20140719 -5.7876e-07 3.8e-10 TSX
20130612 20150105 -1.9666e-05 3.3844e-10 TSX
20130615 20160106 -3.5259e-06 2.8047e-10 TSX
20130618 20140708 -2.5015e-05 3.88e-10 TSX
20130623 20130715 0.00050583 8.6142e-10 TSX
20130629 20130914 0.00016168 6.8871e-10 TSX
20130707 20150130 -3.8383e-06 3.3775e-10 TSX
20130710 20140901 1.7439e-05 3.7635e-10 TSX
20130715 20130726 -0.0024977 1.0104e-09 TSX
20130721 20131108 0.00069566 6.2376e-10 TSX
20130726 20150517 0.00017137 3.2177e-10 TSX
20130729 20160904 1.2566e-05 2.7295e-10 TSX
20130801 20151115 4.7587e-05 2.8787e-10 TSX
20130817 20140209 0.00012144 5.4098e-10 TSX
20130828 20150312 7.8291e-05 3.4049e-10 TSX
20130903 20150329 -4.8058e-05 3.4844e-10 TSX
20130919 20160309 6.8247e-05 2.7595e-10 TSX
20130925 20140708 7.4023e-05 4.3137e-10 TSX
20130930 20160411 5.7109e-05 2.7339e-10 TSX
20131011 20150802 4.3087e-06 3.199e-10 TSX
20131017 20140719 3.2399e-05 4.3872e-10 TSX
20131028 20160304 -4.2273e-05 3.3301e-10 TSX
20131102 20140519 -0.00013291 5.171e-10 TSX
20131108 20140708 2.7856e-05 4.6247e-10 TSX
20140209 20160309 -1.2735e-05 3.0637e-10 TSX
20140223 20140829 -1.9002e-05 5.1112e-10 TSX
20140408 20140705 -5.7469e-06 6.6134e-10 TSX
20140419 20170913 2.6241e-05 2.5828e-10 TSX
20140511 20141228 3.3003e-05 4.7011e-10 TSX
20140519 20150824 0.000125 3.6423e-10 TSX
20140624 20171005 1.6107e-05 2.6866e-10 TSX
20140627 20151115 4.1786e-05 3.4035e-10 TSX
20140705 20180911 2.9669e-05 2.5722e-10 TSX
20140708 20160406 4.9386e-05 3.129e-10 TSX
20140716 20171005 1.2348e-05 2.6928e-10 TSX
20140719 20151207 4.0312e-06 3.3999e-10 TSX
20140727 20150326 -1.5238e-05 4.6158e-10 TSX
20140810 20150122 -4.7544e-05 5.3919e-10 TSX
20140818 20160301 1.0021e-05 3.263e-10 TSX
20140829 20160208 1.1548e-05 3.3369e-10 TSX
20140901 20140912 -0.00031973 9.6728e-10 TSX
20140912 20141209 0.00010674 6.6402e-10 TSX
20140920 20170902 8.4383e-06 2.6856e-10 TSX
20141209 20160211 6.1743e-06 3.6375e-10 TSX
20141217 20160722 -1.0883e-06 3.2083e-10 TSX
20141228 20160106 1.2697e-05 3.823e-10 TSX
20141231 20151024 1.252e-05 4.253e-10 TSX
20150105 20150824 3.6058e-05 4.8626e-10 TSX
20150108 20170811 1.999e-05 2.7629e-10 TSX
20150119 20160117 -2.1834e-05 3.873e-10 TSX
20150127 20160411 7.741e-05 3.7094e-10 TSX
20150130 20151112 2.5563e-05 4.2869e-10 TSX
20150210 20170114 4.8718e-06 2.9997e-10 TSX
20150213 20160326 -1.0243e-05 4.1906e-10 TSX
20150218 20160216 5.822e-06 4.0281e-10 TSX
20150221 20180112 2.4205e-05 2.6843e-10 TSX
20150304 20180911 -1.1009e-05 2.5953e-10 TSX
20150307 20160211 9.2658e-06 4.0071e-10 TSX
20150312 20160320 -9.6713e-06 3.9808e-10 TSX
20150326 20150827 -1.138e-05 5.4985e-10 TSX
20150329 20151207 -2.2546e-05 4.5482e-10 TSX
20150428 20160425 1.7588e-05 3.871e-10 TSX
20150509 20150827 -6.877e-05 6.183e-10 TSX
20150517 20150824 -0.00018401 6.5616e-10 TSX
20150520 20180911 3.1469e-05 2.6922e-10 TSX
20150714 20170822 2.8698e-05 2.8718e-10 TSX
20150725 20170924 2.2262e-05 2.8617e-10 TSX
20150802 20160309 3.2677e-05 4.9591e-10 TSX
20150805 20160403 6.6515e-05 4.6125e-10 TSX
20150816 20171107 3.1369e-05 2.8711e-10 TSX
20150824 20150915 0.00066277 8.6132e-10 TSX
20150827 20170902 1.9414e-05 2.9362e-10 TSX
20150915 20160216 -0.00011655 5.6819e-10 TSX
20151021 20160904 1.5121e-05 4.1244e-10 TSX
20151101 20171016 1.723e-05 2.9851e-10 TSX
20151112 20160425 -3.0953e-06 5.3613e-10 TSX
20151115 20151229 0.00016975 7.7309e-10 TSX
20151123 20171221 2.1355e-05 2.9306e-10 TSX
20151204 20151215 0.00015617 9.7773e-10 TSX
20151207 20160406 -1.2671e-05 6.0215e-10 TSX
20151215 20170822 2.9801e-05 3.1355e-10 TSX
20151226 20161223 4.825e-06 3.9366e-10 TSX
20151229 20160211 1.7161e-05 7.7309e-10 TSX
20160106 20161223 1.6243e-05 3.9807e-10 TSX
20160117 20160926 -3.7159e-06 4.53e-10 TSX
20160128 20160301 -0.00014605 8.064e-10 TSX
20160208 20160312 -7.8789e-05 8.064e-10 TSX
20160216 20160309 -0.00037426 8.6132e-10 TSX
20160219 20180319 1.8064e-05 2.9534e-10 TSX
20160301 20161201 -1.2895e-05 4.385e-10 TSX
20160304 20160326 0.00011148 8.4826e-10 TSX
20160312 20180319 4.473e-06 2.9713e-10 TSX
20160320 20160411 0.0004615 8.6132e-10 TSX
20160323 20171118 1.8251e-05 3.1808e-10 TSX
20160326 20160406 -0.00053826 9.6721e-10 TSX
20160403 20171027 1.3966e-05 3.2169e-10 TSX
20160425 20170811 8.6924e-06 3.4682e-10 TSX
20160528 20160630 -3.6307e-05 8.064e-10 TSX
20160630 20171118 1.4311e-05 3.3923e-10 TSX
20160722 20161201 1.8505e-05 5.8136e-10 TSX
20160904 20180707 6.1912e-06 3.23e-10 TSX
20160915 20180911 2.0568e-05 3.0048e-10 TSX
20160926 20170114 -1.0611e-07 6.1802e-10 TSX
20161201 20171027 1.1245e-05 4.0698e-10 TSX
20161223 20171107 7.7578e-06 4.0902e-10 TSX
20170114 20170902 1.0364e-05 4.6866e-10 TSX
20170811 20171005 -9.3468e-05 7.4128e-10 TSX
20170822 20180707 -1.4325e-05 4.1377e-10 TSX
20170913 20180707 -4.3849e-05 4.251e-10 TSX
20170924 20180319 -6.6445e-06 5.2323e-10 TSX
20171005 20171107 4.7399e-05 8.064e-10 TSX
20171016 20180319 -2.5058e-05 5.5011e-10 TSX
20171027 20180911 1.3756e-05 4.1373e-10 TSX
20171107 20171118 6.4999e-05 9.7773e-10 TSX
20171118 20171129 4.8644e-05 9.7773e-10 TSX
20171129 20171221 -4.2488e-05 8.5052e-10 TSX
20171210 20180820 -2.4605e-05 4.534e-10 TSX
20171221 20180911 9.2434e-05 4.4568e-10 TSX
20180112 20181003 -2.4524e-05 4.4578e-10 TSX
20180319 20180707 -5.7741e-05 6.1803e-10 TSX
20180707 20180911 0.00016183 7.125e-10 TSX
20180729 20181003 1.6869e-05 7.125e-10 TSX
20180820 20181003 0.0001707 7.7229e-10 TSX
20180911 20181003 -0.00013298 8.5052e-10 TSX
