20030427 20030914 3.8192e-06 5.7708e-10 ERS2
20030914 20080629 -0.00016058 2.7433e-10 ERS2
20050918 20090510 1.8551e-06 3.0506e-10 ERS2
20051127 20081116 -1.0044e-05 3.0863e-10 ERS2
20060903 20090510 -0.00016765 3.1332e-10 ERS2
20061231 20090105 1.5288e-06 3.1968e-10 ALOS
20070402 20070703 -0.00018329 6.7954e-10 ALOS
20070518 20091008 -2.6669e-05 3.3095e-10 ALOS
20070818 20071003 -0.00034094 7.8871e-10 ALOS
20071217 20100509 -8.6005e-05 3.1701e-10 ALOS
20080103 20100526 -6.4987e-05 3.064e-10 ALOS
20080404 20080520 -6.3082e-05 7.8867e-10 ALOS
20080618 20090921 -2.6538e-05 3.7504e-10 ALOS
20080629 20090510 -0.00066343 4.1763e-10 ERS2
20080705 20091008 5.2278e-05 3.6682e-10 ALOS
20080803 20090823 -5.2771e-05 3.8567e-10 ERS2
20081116 20090823 -1.1824e-06 4.3548e-10 ERS2
20081219 20090921 0.00055296 4.4964e-10 ALOS
20090105 20090708 0.00017551 5.3683e-10 ALOS
20090510 20091101 -0.00044353 5.2814e-10 ERS2
20090708 20091008 0.00085351 6.7955e-10 ALOS
20090823 20091101 -0.00010234 7.1407e-10 ERS2
20091222 20100624 0.00035261 5.3105e-10 ALOS
20100108 20100223 0.00047286 7.893e-10 ALOS
20100223 20100526 -0.00025091 6.7993e-10 ALOS
20100410 20100711 -0.00018528 6.7962e-10 ALOS
20100509 20100624 0.00096637 7.8653e-10 ALOS
20100526 20100711 0.00064397 7.8873e-10 ALOS
20100624 20101109 0.00020262 5.9314e-10 ALOS
20100711 20101011 0.00033806 6.795e-10 ALOS
20100809 20101109 2.5934e-06 6.7657e-10 ALOS
20101011 20101126 0.00018744 7.8872e-10 ALOS
20110111 20110226 0.00083136 7.8867e-10 ALOS
20110924 20130715 3.0725e-05 3.2548e-10 TSX
20111005 20121229 -0.00012995 3.7073e-10 TSX
20111121 20171221 3.8323e-06 3.024e-10 TSX
20111221 20130131 -5.7797e-05 3.8725e-10 TSX
20111224 20121027 -6.0355e-05 4.225e-10 TSX
20120126 20140419 -9.0687e-06 2.9377e-10 TSX
20120203 20160320 -8.2753e-06 2.7988e-10 TSX
20120206 20171107 -6.618e-06 2.8114e-10 TSX
20120617 20171129 3.1244e-05 2.8769e-10 TSX
20120723 20160120 -3.1697e-05 3.0328e-10 TSX
20121024 20130109 0.00014364 7.1618e-10 TSX
20121027 20151226 1.4415e-05 2.7847e-10 TSX
20121030 20130311 3.6906e-05 5.9376e-10 TSX
20121107 20171118 -4.7302e-06 3.284e-10 TSX
20121221 20160208 3.1127e-05 2.7955e-10 TSX
20121224 20130516 -0.00018119 5.7676e-10 TSX
20121229 20130407 -2.1825e-05 6.6915e-10 TSX
20130104 20130217 6.2061e-05 7.859e-10 TSX
20130109 20130715 0.00019639 5.3433e-10 TSX
20130112 20140511 3.8333e-05 3.5609e-10 TSX
20130115 20130721 -0.00022952 5.1911e-10 TSX
20130126 20130823 -0.00012333 5.3483e-10 TSX
20130131 20130429 -0.00011293 6.9193e-10 TSX
20130203 20130729 7.6183e-06 5.3101e-10 TSX
20130211 20130919 0.00013055 5.0003e-10 TSX
20130228 20141209 5.969e-05 3.191e-10 TSX
20130311 20130801 -6.4163e-05 5.7665e-10 TSX
20130316 20130623 7.3412e-05 6.6915e-10 TSX
20130402 20150122 -2.3219e-05 3.603e-10 TSX
20130407 20140530 -2.7747e-05 3.8259e-10 TSX
20130421 20171016 2.2062e-06 3.0116e-10 TSX
20130424 20130721 -0.0003206 6.7679e-10 TSX
20130429 20130623 -4.8088e-05 7.6864e-10 TSX
20130505 20131028 -0.00093392 5.5274e-10 TSX
20130513 20151112 4.9491e-05 2.8578e-10 TSX
20130516 20131017 0.00015649 5.9943e-10 TSX
20130521 20130715 0.00041593 7.6867e-10 TSX
20130524 20171129 1.3038e-05 3.1525e-10 TSX
20130527 20140627 4.4594e-06 3.8563e-10 TSX
20130601 20130930 0.00033016 6.2795e-10 TSX
20130604 20141217 3.6735e-05 3.4382e-10 TSX
20130607 20140719 1.2983e-06 3.8254e-10 TSX
20130612 20150105 2.924e-05 3.4073e-10 TSX
20130615 20160106 5.1336e-05 3.0146e-10 TSX
20130618 20140708 1.5153e-05 3.8994e-10 TSX
20130623 20130715 0.00078471 8.7147e-10 TSX
20130629 20130914 0.00058244 7.1139e-10 TSX
20130707 20150130 3.77e-05 3.4248e-10 TSX
20130710 20140901 5.5543e-05 3.7989e-10 TSX
20130715 20130726 -0.0024923 1.0188e-09 TSX
20130721 20131108 0.0014894 6.7508e-10 TSX
20130726 20150517 9.7865e-06 3.2947e-10 TSX
20130729 20160904 -1.6894e-05 2.7826e-10 TSX
20130801 20151115 7.0991e-05 3.0089e-10 TSX
20130817 20140209 -0.00010055 5.4744e-10 TSX
20130828 20150312 8.8571e-05 3.4428e-10 TSX
20130903 20150329 -9.337e-05 4.0264e-10 TSX
20130919 20160309 -1.4038e-05 3.0558e-10 TSX
20130925 20140708 -0.00024961 4.5703e-10 TSX
20130930 20160411 -9.2957e-06 3.0076e-10 TSX
20131011 20150802 4.0989e-05 3.2545e-10 TSX
20131017 20140719 2.8365e-05 4.7176e-10 TSX
20131028 20160304 -0.00010495 3.5341e-10 TSX
20131102 20140519 -0.00018707 5.2231e-10 TSX
20131108 20140708 -0.00018667 5.1542e-10 TSX
20140209 20160309 6.5989e-05 3.2221e-10 TSX
20140223 20140829 6.5083e-05 5.1816e-10 TSX
20140408 20140705 3.9996e-05 6.7692e-10 TSX
20140419 20170913 7.76e-06 2.7606e-10 TSX
20140511 20141228 8.7222e-05 4.751e-10 TSX
20140519 20150824 5.3138e-05 3.7074e-10 TSX
20140624 20171005 2.2095e-05 2.7325e-10 TSX
20140627 20151115 3.9317e-05 3.487e-10 TSX
20140705 20180911 3.3348e-05 2.8588e-10 TSX
20140708 20160406 3.4868e-05 3.2559e-10 TSX
20140716 20171005 -1.231e-05 2.6817e-10 TSX
20140719 20151207 2.6686e-05 3.4216e-10 TSX
20140727 20150326 2.2189e-05 4.6616e-10 TSX
20140810 20150122 -7.1317e-05 5.5811e-10 TSX
20140818 20160301 -2.1417e-05 3.2819e-10 TSX
20140829 20160208 -1.1441e-05 3.3889e-10 TSX
20140901 20140912 -0.00030908 9.7465e-10 TSX
20140912 20141209 -5.2975e-06 6.7679e-10 TSX
20140920 20170902 -2.1182e-05 2.7167e-10 TSX
20141209 20160211 -5.7536e-05 3.6608e-10 TSX
20141217 20160722 -5.376e-05 3.2064e-10 TSX
20141228 20160106 -1.7096e-05 3.843e-10 TSX
20141231 20151024 3.6342e-05 4.2779e-10 TSX
20150105 20150824 -7.8151e-05 4.8998e-10 TSX
20150108 20170811 -4.5252e-05 2.7862e-10 TSX
20150119 20160117 -2.0067e-05 3.9017e-10 TSX
20150127 20160411 4.1482e-05 3.7404e-10 TSX
20150130 20151112 2.7669e-05 4.3195e-10 TSX
20150210 20170114 -4.6468e-05 3.2433e-10 TSX
20150213 20160326 7.7556e-06 4.5516e-10 TSX
20150218 20160216 2.0362e-05 4.0452e-10 TSX
20150221 20180112 -4.4332e-05 3.9244e-10 TSX
20150304 20180911 -4.1871e-05 2.9475e-10 TSX
20150307 20160211 -9.493e-06 4.0291e-10 TSX
20150312 20160320 -0.00013434 4.0004e-10 TSX
20150326 20150827 -2.4438e-05 5.5892e-10 TSX
20150329 20151207 2.9296e-05 4.5756e-10 TSX
20150428 20160425 1.3316e-06 3.8903e-10 TSX
20150509 20150827 6.7004e-05 6.3141e-10 TSX
20150517 20150824 8.8881e-05 6.6921e-10 TSX
20150520 20180911 -1.9269e-05 2.9797e-10 TSX
20150714 20170822 -5.701e-06 3.0518e-10 TSX
20150725 20170924 -3.1998e-06 3.0586e-10 TSX
20150802 20160309 -0.00014554 5.0009e-10 TSX
20150805 20160403 -1.1629e-05 4.6585e-10 TSX
20150816 20171107 -1.1475e-05 2.9651e-10 TSX
20150824 20150915 0.00080355 8.7136e-10 TSX
20150827 20170902 -2.0785e-05 3.0368e-10 TSX
20150915 20160216 -0.0001789 5.7633e-10 TSX
20151021 20160904 -0.00015585 4.1521e-10 TSX
20151101 20171016 -4.1888e-05 3.0448e-10 TSX
20151112 20160425 -0.00013721 5.4484e-10 TSX
20151115 20151229 6.905e-05 7.859e-10 TSX
20151123 20171221 -2.9316e-05 2.9387e-10 TSX
20151204 20151215 0.00015732 9.8508e-10 TSX
20151207 20160406 -0.00020835 6.1214e-10 TSX
20151215 20170822 -1.8643e-05 3.1771e-10 TSX
20151226 20161223 -3.4618e-05 3.9656e-10 TSX
20151229 20160211 -4.8681e-05 7.859e-10 TSX
20160106 20161223 -4.7695e-06 4.0125e-10 TSX
20160117 20160926 -6.2892e-05 4.5742e-10 TSX
20160128 20160301 -0.00017393 8.1901e-10 TSX
20160208 20160312 -0.00018203 8.1901e-10 TSX
20160216 20160309 -0.00043416 8.7136e-10 TSX
20160219 20180319 2.0643e-05 2.9955e-10 TSX
20160301 20161201 3.5774e-05 4.4225e-10 TSX
20160304 20160326 6.0765e-05 8.5748e-10 TSX
20160312 20180319 3.5138e-05 3.0854e-10 TSX
20160320 20160411 0.00036227 8.7137e-10 TSX
20160323 20171118 -7.123e-06 3.251e-10 TSX
20160326 20160406 -0.00053546 9.7458e-10 TSX
20160403 20171027 4.7627e-06 3.2852e-10 TSX
20160425 20170811 -1.1071e-05 3.4915e-10 TSX
20160528 20160630 2.7731e-05 8.1901e-10 TSX
20160630 20171118 1.0171e-05 3.4128e-10 TSX
20160722 20161201 0.00017101 5.9299e-10 TSX
20160904 20180707 3.1398e-05 3.281e-10 TSX
20160915 20180911 -1.9749e-05 3.0301e-10 TSX
20160926 20170114 7.3629e-05 6.3174e-10 TSX
20161201 20171027 -2.6146e-05 4.0936e-10 TSX
20161223 20171107 -3.1325e-05 4.1193e-10 TSX
20170114 20170902 -2.5871e-05 4.7424e-10 TSX
20170811 20171005 9.6378e-07 7.5735e-10 TSX
20170822 20180707 -1.681e-06 4.1679e-10 TSX
20170913 20180707 -5.4267e-05 4.2774e-10 TSX
20170924 20180319 0.00014624 5.3117e-10 TSX
20171005 20171107 7.2105e-05 8.1901e-10 TSX
20171016 20180319 0.00018304 5.5972e-10 TSX
20171027 20180911 -4.7793e-05 4.1689e-10 TSX
20171107 20171118 9.6267e-05 9.8508e-10 TSX
20171118 20171129 5.0262e-05 9.8508e-10 TSX
20171129 20171221 -5.1483e-05 8.6036e-10 TSX
20171210 20180820 -8.4881e-05 4.578e-10 TSX
20171221 20180911 -0.00013781 4.4975e-10 TSX
20180112 20181003 5.1179e-05 4.4968e-10 TSX
20180319 20180707 -0.00030503 6.3161e-10 TSX
20180707 20180911 9.2981e-05 7.29e-10 TSX
20180729 20181003 1.933e-05 7.29e-10 TSX
20180820 20181003 0.00019603 7.8708e-10 TSX
20180911 20181003 -0.0001274 8.6036e-10 TSX
