20030427 20030914 -0.00035391 5.6445e-10 ERS2
20030914 20080629 0.00014015 2.8099e-10 ERS2
20050918 20090510 6.1813e-05 3.0111e-10 ERS2
20051127 20081116 9.3045e-05 3.1337e-10 ERS2
20060903 20090510 -6.5242e-05 3.1624e-10 ERS2
20061231 20090105 -6.4917e-05 3.1417e-10 ALOS
20070402 20070703 -0.00019881 6.6631e-10 ALOS
20070518 20091008 -6.7153e-05 2.9914e-10 ALOS
20070818 20071003 -0.0004122 7.7592e-10 ALOS
20071217 20100509 -7.687e-05 2.9974e-10 ALOS
20080103 20100526 -8.3599e-05 2.9892e-10 ALOS
20080404 20080520 1.8133e-05 7.7594e-10 ALOS
20080618 20090921 -7.2811e-05 3.7296e-10 ALOS
20080629 20090510 -0.0002668 4.1643e-10 ERS2
20080705 20091008 -6.5999e-05 3.6529e-10 ALOS
20080803 20090823 -3.9697e-05 3.8293e-10 ERS2
20081116 20090823 -0.00015219 4.3231e-10 ERS2
20081219 20090921 0.00013794 4.4607e-10 ALOS
20090105 20090708 1.4145e-05 5.2812e-10 ALOS
20090510 20091101 -0.00053327 5.2282e-10 ERS2
20090708 20091008 0.00053278 6.6626e-10 ALOS
20090823 20091101 -0.00017378 6.9855e-10 ERS2
20091222 20100624 0.00028695 5.2552e-10 ALOS
20100108 20100223 0.00063919 7.7599e-10 ALOS
20100223 20100526 0.00013167 6.6644e-10 ALOS
20100410 20100711 -5.1849e-05 6.6629e-10 ALOS
20100509 20100624 0.00047299 7.7389e-10 ALOS
20100526 20100711 0.00040506 7.7594e-10 ALOS
20100624 20101109 7.7454e-05 5.8398e-10 ALOS
20100711 20101011 0.00018593 6.6628e-10 ALOS
20100809 20101109 -8.7043e-05 6.6357e-10 ALOS
20101011 20101126 0.00019756 7.7594e-10 ALOS
20110111 20110226 0.000624 7.7592e-10 ALOS
20110924 20130715 2.7773e-05 3.259e-10 TSX
20111005 20121229 -0.00011105 3.6903e-10 TSX
20111121 20171221 3.4092e-05 2.8186e-10 TSX
20111221 20130131 -2.1739e-05 3.8526e-10 TSX
20111224 20121027 3.0712e-05 4.1936e-10 TSX
20120126 20140419 2.7154e-05 2.9336e-10 TSX
20120203 20160320 6.3217e-05 2.6393e-10 TSX
20120206 20171107 7.7401e-06 2.6542e-10 TSX
20120617 20171129 4.1405e-05 2.654e-10 TSX
20120723 20160120 2.0533e-05 3.3736e-10 TSX
20121024 20130109 2.8592e-05 7.0171e-10 TSX
20121027 20151226 5.774e-05 2.6859e-10 TSX
20121030 20130311 9.9483e-06 5.8465e-10 TSX
20121107 20171118 1.3377e-05 2.7022e-10 TSX
20121221 20160208 8.7162e-05 2.7034e-10 TSX
20121224 20130516 -2.5664e-05 5.6847e-10 TSX
20121229 20130407 9.2785e-05 6.5605e-10 TSX
20130104 20130217 0.00012002 7.7375e-10 TSX
20130109 20130715 0.00022419 5.2832e-10 TSX
20130112 20140511 1.9606e-06 3.541e-10 TSX
20130115 20130721 -0.00013671 5.1394e-10 TSX
20130126 20130823 -8.1025e-05 4.9203e-10 TSX
20130131 20130429 -1.7985e-05 6.7799e-10 TSX
20130203 20130729 -3.0484e-05 5.231e-10 TSX
20130211 20130919 3.373e-05 4.9584e-10 TSX
20130228 20141209 -3.6072e-06 3.1436e-10 TSX
20130311 20130801 -3.5425e-05 5.6842e-10 TSX
20130316 20130623 4.7064e-05 6.5607e-10 TSX
20130402 20150122 -4.5053e-06 3.322e-10 TSX
20130407 20140530 -2.1891e-05 3.8054e-10 TSX
20130421 20171016 2.7587e-05 2.6154e-10 TSX
20130424 20130721 -0.00011633 6.6406e-10 TSX
20130429 20130623 1.0934e-06 7.5468e-10 TSX
20130505 20131028 -0.00050525 5.292e-10 TSX
20130513 20151112 7.0436e-05 2.8685e-10 TSX
20130516 20131017 -0.00015322 5.5312e-10 TSX
20130521 20130715 0.00041427 7.5472e-10 TSX
20130524 20171129 3.7657e-05 2.7149e-10 TSX
20130527 20140627 1.7838e-05 3.8423e-10 TSX
20130601 20130930 0.00025846 6.1695e-10 TSX
20130604 20141217 4.9844e-05 3.3749e-10 TSX
20130607 20140719 3.4703e-05 3.8102e-10 TSX
20130612 20150105 -2.9137e-05 3.3867e-10 TSX
20130615 20160106 6.3432e-05 2.773e-10 TSX
20130618 20140708 -3.8947e-06 3.887e-10 TSX
20130623 20130715 0.00070192 8.6325e-10 TSX
20130629 20130914 0.00031459 6.8838e-10 TSX
20130707 20150130 2.2607e-05 3.3922e-10 TSX
20130710 20140901 -5.032e-05 3.7667e-10 TSX
20130715 20130726 -0.0025022 1.0125e-09 TSX
20130721 20131108 0.00064245 6.2106e-10 TSX
20130726 20150517 5.3939e-05 3.2509e-10 TSX
20130729 20160904 6.5927e-05 2.7336e-10 TSX
20130801 20151115 -5.3755e-06 3.0335e-10 TSX
20130817 20140209 -0.00014146 5.4095e-10 TSX
20130828 20150312 2.5286e-06 3.4333e-10 TSX
20130903 20150329 -8.1974e-05 3.3583e-10 TSX
20130919 20160309 1.7945e-05 2.9387e-10 TSX
20130925 20140708 -5.0764e-05 4.3123e-10 TSX
20130930 20160411 -1.9437e-05 2.8265e-10 TSX
20131011 20150802 -1.586e-05 3.2603e-10 TSX
20131017 20140719 -2.052e-05 4.3866e-10 TSX
20131028 20160304 2.6097e-05 3.1848e-10 TSX
20131102 20140519 -0.00013823 5.1709e-10 TSX
20131108 20140708 -7.636e-05 4.6275e-10 TSX
20140209 20160309 6.3529e-05 3.1382e-10 TSX
20140223 20140829 2.1693e-07 5.1112e-10 TSX
20140408 20140705 -5.1505e-05 6.6126e-10 TSX
20140419 20170913 4.6253e-05 2.6126e-10 TSX
20140511 20141228 7.8391e-06 4.7027e-10 TSX
20140519 20150824 2.6391e-05 3.6791e-10 TSX
20140624 20171005 2.4856e-05 2.7034e-10 TSX
20140627 20151115 -6.7218e-05 3.4744e-10 TSX
20140705 20180911 4.2949e-05 2.7638e-10 TSX
20140708 20160406 -1.429e-05 3.1394e-10 TSX
20140716 20171005 2.2643e-05 2.7034e-10 TSX
20140719 20151207 -4.2522e-05 3.4306e-10 TSX
20140727 20150326 -3.8023e-05 4.6152e-10 TSX
20140810 20150122 2.3342e-05 5.3917e-10 TSX
20140818 20160301 4.2183e-05 3.254e-10 TSX
20140829 20160208 6.8441e-05 3.3173e-10 TSX
20140901 20140912 -0.00028977 9.6893e-10 TSX
20140912 20141209 8.5432e-06 6.6405e-10 TSX
20140920 20170902 5.1253e-05 2.7655e-10 TSX
20141209 20160211 -7.8077e-05 3.7011e-10 TSX
20141217 20160722 4.9191e-05 3.2147e-10 TSX
20141228 20160106 2.4161e-05 3.8205e-10 TSX
20141231 20151024 2.3408e-05 4.2506e-10 TSX
20150105 20150824 4.9866e-07 4.8643e-10 TSX
20150108 20170811 6.8455e-05 2.7315e-10 TSX
20150119 20160117 2.5319e-05 3.8706e-10 TSX
20150127 20160411 5.7223e-06 3.7696e-10 TSX
20150130 20151112 1.7181e-05 4.2889e-10 TSX
20150210 20170114 3.2799e-05 3.0194e-10 TSX
20150213 20160326 -3.0386e-05 4.0891e-10 TSX
20150218 20160216 -1.5478e-05 4.031e-10 TSX
20150221 20180112 6.2521e-05 2.6595e-10 TSX
20150304 20180911 3.2447e-05 2.6817e-10 TSX
20150307 20160211 -5.1679e-06 4.0304e-10 TSX
20150312 20160320 -8.9287e-05 3.9913e-10 TSX
20150326 20150827 0.00010854 5.4994e-10 TSX
20150329 20151207 2.883e-05 4.5562e-10 TSX
20150428 20160425 4.759e-05 3.8676e-10 TSX
20150509 20150827 0.00010214 6.1811e-10 TSX
20150517 20150824 -7.482e-07 6.5614e-10 TSX
20150520 20180911 3.0918e-05 2.6934e-10 TSX
20150714 20170822 8.0319e-05 2.9321e-10 TSX
20150725 20170924 7.1966e-05 2.9782e-10 TSX
20150802 20160309 -9.0821e-05 4.9601e-10 TSX
20150805 20160403 -2.6694e-05 4.6141e-10 TSX
20150816 20171107 4.5106e-05 2.909e-10 TSX
20150824 20150915 0.00066369 8.6313e-10 TSX
20150827 20170902 3.4506e-05 2.9807e-10 TSX
20150915 20160216 -5.978e-05 5.6812e-10 TSX
20151021 20160904 -7.1284e-05 4.133e-10 TSX
20151101 20171016 2.8767e-05 3.0166e-10 TSX
20151112 20160425 -6.0266e-05 5.3608e-10 TSX
20151115 20151229 0.00018339 7.7375e-10 TSX
20151123 20171221 3.5234e-05 2.9532e-10 TSX
20151204 20151215 0.00017567 9.7901e-10 TSX
20151207 20160406 -0.00010624 6.0214e-10 TSX
20151215 20170822 6.5024e-05 3.1774e-10 TSX
20151226 20161223 3.325e-05 3.9433e-10 TSX
20151229 20160211 4.741e-06 7.7375e-10 TSX
20160106 20161223 4.1239e-05 3.9875e-10 TSX
20160117 20160926 1.3312e-05 4.5291e-10 TSX
20160128 20160301 -0.00021072 8.0723e-10 TSX
20160208 20160312 -4.0861e-05 8.0723e-10 TSX
20160216 20160309 -0.00040463 8.6313e-10 TSX
20160219 20180319 4.2511e-05 2.9595e-10 TSX
20160301 20161201 7.0634e-05 4.3867e-10 TSX
20160304 20160326 3.8347e-05 8.4965e-10 TSX
20160312 20180319 1.3865e-05 2.9957e-10 TSX
20160320 20160411 0.00042912 8.6313e-10 TSX
20160323 20171118 7.5479e-05 3.2032e-10 TSX
20160326 20160406 -0.00049725 9.6886e-10 TSX
20160403 20171027 9.3326e-05 3.2288e-10 TSX
20160425 20170811 7.1194e-05 3.4923e-10 TSX
20160528 20160630 6.4385e-05 8.0723e-10 TSX
20160630 20171118 5.869e-05 3.4077e-10 TSX
20160722 20161201 8.1867e-05 5.813e-10 TSX
20160904 20180707 1.078e-06 3.2367e-10 TSX
20160915 20180911 5.5334e-06 3.0037e-10 TSX
20160926 20170114 -6.5661e-05 6.1794e-10 TSX
20161201 20171027 1.4087e-05 4.0658e-10 TSX
20161223 20171107 5.0458e-06 4.1024e-10 TSX
20170114 20170902 4.2361e-05 4.6877e-10 TSX
20170811 20171005 -7.1103e-05 7.4154e-10 TSX
20170822 20180707 -0.00013653 4.132e-10 TSX
20170913 20180707 -0.00016198 4.2564e-10 TSX
20170924 20180319 -0.00018021 5.2322e-10 TSX
20171005 20171107 1.5816e-05 8.0723e-10 TSX
20171016 20180319 -0.00017931 5.501e-10 TSX
20171027 20180911 -0.00012893 4.135e-10 TSX
20171107 20171118 7.3236e-05 9.7901e-10 TSX
20171118 20171129 4.9881e-05 9.7901e-10 TSX
20171129 20171221 -1.7951e-06 8.5163e-10 TSX
20171210 20180820 -0.0001244 4.5336e-10 TSX
20171221 20180911 -0.00012819 4.4574e-10 TSX
20180112 20181003 -7.2666e-05 4.4541e-10 TSX
20180319 20180707 -6.7697e-05 6.1794e-10 TSX
20180707 20180911 0.00013622 7.1258e-10 TSX
20180729 20181003 8.5711e-05 7.1258e-10 TSX
20180820 20181003 0.00020977 7.7281e-10 TSX
20180911 20181003 -0.00011594 8.5163e-10 TSX
