20030427 20030914 0.00021352 5.7349e-10 ERS2
20030914 20080629 -0.00012485 2.7598e-10 ERS2
20050918 20090510 3.7899e-06 2.9734e-10 ERS2
20051127 20081116 0.00013017 3.013e-10 ERS2
20060903 20090510 6.1899e-05 3.1216e-10 ERS2
20061231 20090105 -4.2633e-05 3.2705e-10 ALOS
20070402 20070703 7.3385e-05 6.783e-10 ALOS
20070518 20091008 -5.9578e-05 3.1286e-10 ALOS
20070818 20071003 -0.00048957 7.8755e-10 ALOS
20071217 20100509 4.6912e-05 3.005e-10 ALOS
20080103 20100526 -1.1832e-05 3.1518e-10 ALOS
20080404 20080520 1.7835e-05 7.8793e-10 ALOS
20080618 20090921 -4.7317e-05 3.7351e-10 ALOS
20080629 20090510 -0.0002027 4.1384e-10 ERS2
20080705 20091008 -5.6894e-05 3.6517e-10 ALOS
20080803 20090823 -2.0525e-05 3.8383e-10 ERS2
20081116 20090823 2.3164e-05 4.3352e-10 ERS2
20081219 20090921 0.00016336 4.4781e-10 ALOS
20090105 20090708 -8.1073e-05 5.3477e-10 ALOS
20090510 20091101 0.00051169 5.2546e-10 ERS2
20090708 20091008 0.0005517 6.7837e-10 ALOS
20090823 20091101 4.1366e-05 7.1172e-10 ERS2
20091222 20100624 0.00040969 5.2998e-10 ALOS
20100108 20100223 0.0006096 7.8847e-10 ALOS
20100223 20100526 0.00028256 6.793e-10 ALOS
20100410 20100711 -0.00025961 6.7918e-10 ALOS
20100509 20100624 0.00060548 7.8543e-10 ALOS
20100526 20100711 0.00041758 7.8756e-10 ALOS
20100624 20101109 -0.00018466 5.913e-10 ALOS
20100711 20101011 -0.00019548 6.7796e-10 ALOS
20100809 20101109 -0.00012362 6.7509e-10 ALOS
20101011 20101126 0.00035513 7.8757e-10 ALOS
20110111 20110226 0.00065612 7.8755e-10 ALOS
20110924 20130715 3.4783e-05 3.2302e-10 TSX
20111005 20121229 3.3432e-05 3.6943e-10 TSX
20111121 20171221 -1.5838e-05 2.5394e-10 TSX
20111221 20130131 1.3608e-05 3.8565e-10 TSX
20111224 20121027 2.7008e-05 4.2048e-10 TSX
20120126 20140419 -8.0463e-06 2.9025e-10 TSX
20120203 20160320 1.9502e-05 2.4514e-10 TSX
20120206 20171107 2.6585e-06 2.4011e-10 TSX
20120617 20171129 -9.6751e-06 2.3338e-10 TSX
20120723 20160120 1.3695e-05 2.6671e-10 TSX
20121024 20130109 8.9712e-05 7.1474e-10 TSX
20121027 20151226 -5.6324e-06 2.6901e-10 TSX
20121030 20130311 7.3657e-05 5.92e-10 TSX
20121107 20171118 5.3951e-06 2.4679e-10 TSX
20121221 20160208 2.1677e-07 2.6584e-10 TSX
20121224 20130516 -4.2283e-05 5.7494e-10 TSX
20121229 20130407 -6.0162e-05 6.6763e-10 TSX
20130104 20130217 6.4187e-05 7.8492e-10 TSX
20130109 20130715 4.1785e-05 5.3613e-10 TSX
20130112 20140511 -1.2938e-05 3.5394e-10 TSX
20130115 20130721 -2.409e-05 5.1774e-10 TSX
20130126 20130823 -6.6822e-05 5.5019e-10 TSX
20130131 20130429 3.9351e-05 6.9044e-10 TSX
20130203 20130729 -3.3549e-05 5.2817e-10 TSX
20130211 20130919 -6.193e-05 4.9853e-10 TSX
20130228 20141209 2.2438e-05 3.1327e-10 TSX
20130311 20130801 -2.9376e-05 5.7489e-10 TSX
20130316 20130623 7.2221e-05 6.6763e-10 TSX
20130402 20150122 -1.862e-05 3.7458e-10 TSX
20130407 20140530 5.2126e-05 3.8101e-10 TSX
20130421 20171016 -2.4698e-06 2.7076e-10 TSX
20130424 20130721 -0.00011143 6.7532e-10 TSX
20130429 20130623 -5.1236e-05 7.6738e-10 TSX
20130505 20131028 7.2741e-05 5.8659e-10 TSX
20130513 20151112 4.8636e-06 2.8669e-10 TSX
20130516 20131017 2.5154e-05 5.8925e-10 TSX
20130521 20130715 6.425e-05 7.674e-10 TSX
20130524 20171129 5.9371e-06 2.6088e-10 TSX
20130527 20140627 5.8664e-05 3.8387e-10 TSX
20130601 20130930 -5.1548e-05 6.2641e-10 TSX
20130604 20141217 -7.5534e-06 3.3752e-10 TSX
20130607 20140719 -4.6145e-05 3.8019e-10 TSX
20130612 20150105 -7.4124e-06 3.3749e-10 TSX
20130615 20160106 9.8508e-06 2.7868e-10 TSX
20130618 20140708 -5.1335e-05 3.8834e-10 TSX
20130623 20130715 0.00060556 8.7046e-10 TSX
20130629 20130914 0.0001792 7.0953e-10 TSX
20130707 20150130 -5.4899e-06 3.3562e-10 TSX
20130710 20140901 -3.9118e-05 3.7677e-10 TSX
20130715 20130726 -0.0024229 1.0178e-09 TSX
20130721 20131108 0.00013857 6.6312e-10 TSX
20130726 20150517 8.0776e-05 3.2128e-10 TSX
20130729 20160904 1.2143e-06 2.68e-10 TSX
20130801 20151115 -2.5754e-05 2.8926e-10 TSX
20130817 20140209 -5.5454e-05 5.4578e-10 TSX
20130828 20150312 -3.0459e-05 3.4015e-10 TSX
20130903 20150329 -0.00015677 3.8711e-10 TSX
20130919 20160309 5.4062e-06 2.7597e-10 TSX
20130925 20140708 -6.7961e-05 4.6775e-10 TSX
20130930 20160411 3.109e-06 2.7513e-10 TSX
20131011 20150802 4.7323e-05 3.1953e-10 TSX
20131017 20140719 -1.7076e-05 4.7529e-10 TSX
20131028 20160304 0.00027208 3.3361e-10 TSX
20131102 20140519 9.391e-05 5.2068e-10 TSX
20131108 20140708 9.2163e-05 5.4717e-10 TSX
20140209 20160309 1.4509e-05 3.0492e-10 TSX
20140223 20140829 -7.7795e-06 5.1552e-10 TSX
20140408 20140705 -2.0068e-05 6.7415e-10 TSX
20140419 20170913 -7.5154e-06 2.7316e-10 TSX
20140511 20141228 3.578e-06 4.7269e-10 TSX
20140519 20150824 -2.0635e-05 3.6527e-10 TSX
20140624 20171005 1.2026e-08 2.7108e-10 TSX
20140627 20151115 -7.1458e-05 3.3844e-10 TSX
20140705 20180911 -6.9541e-07 2.5945e-10 TSX
20140708 20160406 2.1966e-05 3.1238e-10 TSX
20140716 20171005 1.3814e-05 2.7441e-10 TSX
20140719 20151207 -2.3312e-05 3.4046e-10 TSX
20140727 20150326 -2.527e-05 4.6398e-10 TSX
20140810 20150122 3.6663e-05 5.5754e-10 TSX
20140818 20160301 8.4513e-06 3.2485e-10 TSX
20140829 20160208 1.4462e-05 3.3022e-10 TSX
20140901 20140912 -0.00027483 9.7405e-10 TSX
20140912 20141209 4.6542e-05 6.7532e-10 TSX
20140920 20170902 1.7829e-05 2.7178e-10 TSX
20141209 20160211 -3.9818e-05 3.6424e-10 TSX
20141217 20160722 6.6037e-06 3.1974e-10 TSX
20141228 20160106 -3.5828e-06 3.8281e-10 TSX
20141231 20151024 -5.6357e-05 4.2613e-10 TSX
20150105 20150824 -3.2704e-05 4.883e-10 TSX
20150108 20170811 1.9971e-05 2.8442e-10 TSX
20150119 20160117 3.237e-05 3.8792e-10 TSX
20150127 20160411 -2.1685e-05 3.7219e-10 TSX
20150130 20151112 8.9283e-06 4.296e-10 TSX
20150210 20170114 1.5484e-05 2.9979e-10 TSX
20150213 20160326 6.7045e-05 4.7647e-10 TSX
20150218 20160216 -1.3115e-05 4.0297e-10 TSX
20150221 20180112 3.0889e-05 3.1988e-10 TSX
20150304 20180911 1.371e-06 2.6268e-10 TSX
20150307 20160211 -3.4293e-05 4.015e-10 TSX
20150312 20160320 4.3809e-06 3.9828e-10 TSX
20150326 20150827 5.2434e-05 5.5637e-10 TSX
20150329 20151207 -6.2885e-05 4.5626e-10 TSX
20150428 20160425 4.2742e-05 3.8663e-10 TSX
20150509 20150827 5.1228e-05 6.288e-10 TSX
20150517 20150824 -0.00024214 6.6771e-10 TSX
20150520 20180911 -8.012e-06 2.6341e-10 TSX
20150714 20170822 6.6278e-06 2.951e-10 TSX
20150725 20170924 1.7869e-05 2.8876e-10 TSX
20150802 20160309 -7.9802e-05 4.9854e-10 TSX
20150805 20160403 -7.1141e-06 4.6356e-10 TSX
20150816 20171107 6.2227e-06 2.8945e-10 TSX
20150824 20150915 0.00053772 8.7036e-10 TSX
20150827 20170902 9.6189e-06 2.9438e-10 TSX
20150915 20160216 7.3239e-05 5.7462e-10 TSX
20151021 20160904 -6.2265e-05 4.1381e-10 TSX
20151101 20171016 1.7975e-05 3.0053e-10 TSX
20151112 20160425 3.729e-05 5.4187e-10 TSX
20151115 20151229 0.0001443 7.8491e-10 TSX
20151123 20171221 4.5341e-06 2.9138e-10 TSX
20151204 20151215 0.00015117 9.844e-10 TSX
20151207 20160406 -3.6655e-05 6.1046e-10 TSX
20151215 20170822 3.2503e-05 3.1286e-10 TSX
20151226 20161223 6.734e-06 3.9442e-10 TSX
20151229 20160211 2.7098e-05 7.8491e-10 TSX
20160106 20161223 2.4313e-05 3.9823e-10 TSX
20160117 20160926 -1.0434e-05 4.5529e-10 TSX
20160128 20160301 -0.00013678 8.1755e-10 TSX
20160208 20160312 -8.6225e-05 8.1755e-10 TSX
20160216 20160309 -0.00031745 8.7036e-10 TSX
20160219 20180319 -5.4071e-06 2.9594e-10 TSX
20160301 20161201 4.3661e-05 4.4035e-10 TSX
20160304 20160326 2.4189e-05 8.5678e-10 TSX
20160312 20180319 3.4103e-06 2.9746e-10 TSX
20160320 20160411 0.00036281 8.7037e-10 TSX
20160323 20171118 9.7446e-06 3.1687e-10 TSX
20160326 20160406 -0.00048693 9.7397e-10 TSX
20160403 20171027 2.4293e-05 3.2294e-10 TSX
20160425 20170811 2.4762e-05 3.4673e-10 TSX
20160528 20160630 -7.1041e-05 8.1755e-10 TSX
20160630 20171118 4.8641e-05 3.3911e-10 TSX
20160722 20161201 9.4834e-05 5.8986e-10 TSX
20160904 20180707 2.3618e-05 3.2057e-10 TSX
20160915 20180911 -5.5235e-06 3.0062e-10 TSX
20160926 20170114 4.6086e-05 6.2871e-10 TSX
20161201 20171027 -5.9262e-06 4.0781e-10 TSX
20161223 20171107 6.8335e-06 4.0971e-10 TSX
20170114 20170902 1.2242e-05 4.7107e-10 TSX
20170811 20171005 -6.2107e-05 7.5514e-10 TSX
20170822 20180707 -2.2094e-05 4.1476e-10 TSX
20170913 20180707 -3.2412e-05 4.268e-10 TSX
20170924 20180319 -3.5884e-05 5.2828e-10 TSX
20171005 20171107 5.7541e-05 8.1755e-10 TSX
20171016 20180319 -3.4766e-06 5.567e-10 TSX
20171027 20180911 -6.7955e-06 4.1484e-10 TSX
20171107 20171118 7.9764e-05 9.844e-10 TSX
20171118 20171129 5.3738e-05 9.844e-10 TSX
20171129 20171221 -2.0389e-05 8.5933e-10 TSX
20171210 20180820 -2.528e-05 4.5548e-10 TSX
20171221 20180911 -4.0405e-05 4.4749e-10 TSX
20180112 20181003 4.3516e-05 4.4748e-10 TSX
20180319 20180707 -4.0403e-05 6.2872e-10 TSX
20180707 20180911 0.00013739 7.2654e-10 TSX
20180729 20181003 5.4228e-05 7.2654e-10 TSX
20180820 20181003 0.00013084 7.8521e-10 TSX
20180911 20181003 -0.00013223 8.5933e-10 TSX
