20030427 20030914 7.3228e-05 5.6643e-10 ERS2
20030914 20080629 4.4008e-05 2.7463e-10 ERS2
20050918 20090510 2.8005e-05 2.9932e-10 ERS2
20051127 20081116 -0.00022387 3.2296e-10 ERS2
20060903 20090510 7.8055e-05 3.0859e-10 ERS2
20061231 20090105 -2.6047e-05 3.16e-10 ALOS
20070402 20070703 -0.00014442 6.6635e-10 ALOS
20070518 20091008 -4.6043e-05 3.0539e-10 ALOS
20070818 20071003 -0.00032824 7.7559e-10 ALOS
20071217 20100509 1.3885e-05 3.0083e-10 ALOS
20080103 20100526 -6.6196e-05 3.0576e-10 ALOS
20080404 20080520 7.4073e-05 7.7581e-10 ALOS
20080618 20090921 -2.3147e-05 3.7252e-10 ALOS
20080629 20090510 -0.0003089 4.1296e-10 ERS2
20080705 20091008 -7.9787e-05 3.6512e-10 ALOS
20080803 20090823 -1.515e-05 3.8304e-10 ERS2
20081116 20090823 2.9658e-05 4.3206e-10 ERS2
20081219 20090921 0.00013176 4.4646e-10 ALOS
20090105 20090708 -0.00012244 5.2857e-10 ALOS
20090510 20091101 -0.00011472 5.1975e-10 ERS2
20090708 20091008 0.00030122 6.6663e-10 ALOS
20090823 20091101 -8.205e-06 6.987e-10 ERS2
20091222 20100624 0.000188 5.2565e-10 ALOS
20100108 20100223 0.00017878 7.7562e-10 ALOS
20100223 20100526 -0.00018176 6.6705e-10 ALOS
20100410 20100711 -0.0001593 6.671e-10 ALOS
20100509 20100624 0.00065104 7.7354e-10 ALOS
20100526 20100711 0.00050638 7.756e-10 ALOS
20100624 20101109 -5.2422e-05 5.8402e-10 ALOS
20100711 20101011 4.723e-05 6.6638e-10 ALOS
20100809 20101109 9.7749e-06 6.6365e-10 ALOS
20101011 20101126 0.00016762 7.756e-10 ALOS
20110111 20110226 0.0007011 7.7557e-10 ALOS
20110924 20130715 5.9876e-05 3.2312e-10 TSX
20111005 20121229 3.692e-05 3.6847e-10 TSX
20111121 20171221 -5.4653e-06 4.6182e-10 TSX
20111221 20130131 5.4398e-05 3.8533e-10 TSX
20111224 20121027 -3.6109e-05 4.1935e-10 TSX
20120126 20140419 -1.2913e-05 3.1875e-10 TSX
20120203 20160320 2.1399e-05 2.7831e-10 TSX
20120206 20171107 -8.9034e-06 4.0613e-10 TSX
20120617 20171129 -8.5994e-06 3.6662e-10 TSX
20120723 20160120 4.837e-05 3.2101e-10 TSX
20121024 20130109 0.00019819 7.0182e-10 TSX
20121027 20151226 -1.6488e-05 3.3074e-10 TSX
20121030 20130311 6.5454e-05 5.8468e-10 TSX
20121107 20171118 -1.6094e-05 4.1744e-10 TSX
20121221 20160208 -5.9985e-06 2.9926e-10 TSX
20121224 20130516 -0.00012634 5.6851e-10 TSX
20121229 20130407 0.00012125 6.5621e-10 TSX
20130104 20130217 6.5622e-05 7.7337e-10 TSX
20130109 20130715 -1.2063e-05 5.2962e-10 TSX
20130112 20140511 -4.201e-05 3.5469e-10 TSX
20130115 20130721 -0.00017707 5.1401e-10 TSX
20130126 20130823 -0.00018074 5.2135e-10 TSX
20130131 20130429 -3.3298e-05 6.7814e-10 TSX
20130203 20130729 -7.5891e-05 5.232e-10 TSX
20130211 20130919 -2.7995e-05 4.9596e-10 TSX
20130228 20141209 1.5073e-05 3.2931e-10 TSX
20130311 20130801 -4.6539e-05 5.6846e-10 TSX
20130316 20130623 1.8238e-05 6.5621e-10 TSX
20130402 20150122 1.3886e-05 4.1396e-10 TSX
20130407 20140530 -5.7616e-06 3.8057e-10 TSX
20130421 20171016 -1.5298e-05 4.4038e-10 TSX
20130424 20130721 -0.00031687 6.6407e-10 TSX
20130429 20130623 -8.7419e-05 7.545e-10 TSX
20130505 20131028 -0.00045771 5.3504e-10 TSX
20130513 20151112 -1.033e-05 3.0209e-10 TSX
20130516 20131017 -0.0001998 5.7328e-10 TSX
20130521 20130715 0.00020608 7.5452e-10 TSX
20130524 20171129 -1.0429e-05 4.2474e-10 TSX
20130527 20140627 4.1263e-05 3.8351e-10 TSX
20130601 20130930 0.00013169 6.1704e-10 TSX
20130604 20141217 -1.3919e-06 3.4314e-10 TSX
20130607 20140719 7.095e-05 3.7971e-10 TSX
20130612 20150105 2.6269e-05 3.3814e-10 TSX
20130615 20160106 -1.9102e-05 3.1662e-10 TSX
20130618 20140708 2.0751e-05 3.879e-10 TSX
20130623 20130715 0.00066636 8.6258e-10 TSX
20130629 20130914 0.00025518 7.0062e-10 TSX
20130707 20150130 -1.9408e-06 3.4248e-10 TSX
20130710 20140901 3.5531e-06 3.7674e-10 TSX
20130715 20130726 -0.0024793 1.0119e-09 TSX
20130721 20131108 0.0010275 6.8617e-10 TSX
20130726 20150517 9.8519e-05 3.277e-10 TSX
20130729 20160904 -2.7405e-05 3.0185e-10 TSX
20130801 20151115 3.7711e-05 3.379e-10 TSX
20130817 20140209 6.5187e-05 5.4099e-10 TSX
20130828 20150312 3.0519e-05 3.452e-10 TSX
20130903 20150329 -9.1501e-05 4.4922e-10 TSX
20130919 20160309 5.052e-05 3.0105e-10 TSX
20130925 20140708 5.4402e-05 4.8824e-10 TSX
20130930 20160411 7.8737e-05 2.9964e-10 TSX
20131011 20150802 3.4158e-05 3.3261e-10 TSX
20131017 20140719 1.811e-05 4.5196e-10 TSX
20131028 20160304 -2.4517e-05 3.8671e-10 TSX
20131102 20140519 -6.3446e-05 5.1712e-10 TSX
20131108 20140708 8.0454e-05 5.287e-10 TSX
20140209 20160309 7.9631e-05 3.2146e-10 TSX
20140223 20140829 4.9697e-05 5.1113e-10 TSX
20140408 20140705 4.6531e-06 6.6146e-10 TSX
20140419 20170913 3.375e-05 3.2804e-10 TSX
20140511 20141228 7.3641e-05 4.7014e-10 TSX
20140519 20150824 7.2868e-05 3.8011e-10 TSX
20140624 20171005 -3.5661e-06 3.2895e-10 TSX
20140627 20151115 1.9182e-05 3.5781e-10 TSX
20140705 20180911 -4.527e-06 3.2394e-10 TSX
20140708 20160406 5.0331e-05 3.3047e-10 TSX
20140716 20171005 -1.818e-05 3.0059e-10 TSX
20140719 20151207 1.0538e-05 3.6365e-10 TSX
20140727 20150326 -4.5883e-05 4.6177e-10 TSX
20140810 20150122 1.7456e-05 5.423e-10 TSX
20140818 20160301 3.0955e-06 3.3577e-10 TSX
20140829 20160208 -4.2258e-05 3.6508e-10 TSX
20140901 20140912 -0.00030851 9.6826e-10 TSX
20140912 20141209 5.934e-06 6.6407e-10 TSX
20140920 20170902 2.2854e-06 3.2116e-10 TSX
20141209 20160211 2.0825e-05 3.7827e-10 TSX
20141217 20160722 -2.4502e-05 3.4931e-10 TSX
20141228 20160106 1.12e-06 3.8828e-10 TSX
20141231 20151024 4.4617e-05 4.2728e-10 TSX
20150105 20150824 -3.7393e-06 4.9192e-10 TSX
20150108 20170811 -2.7958e-05 3.1283e-10 TSX
20150119 20160117 1.8735e-05 3.9029e-10 TSX
20150127 20160411 0.00010705 3.8117e-10 TSX
20150130 20151112 -6.8217e-05 4.3233e-10 TSX
20150210 20170114 5.9943e-06 3.8467e-10 TSX
20150213 20160326 3.5048e-05 5.1986e-10 TSX
20150218 20160216 4.3988e-05 4.0924e-10 TSX
20150221 20180112 -1.9522e-05 3.4532e-10 TSX
20150304 20180911 -3.0581e-05 4.0139e-10 TSX
20150307 20160211 2.0134e-05 4.0761e-10 TSX
20150312 20160320 3.1343e-05 4.0166e-10 TSX
20150326 20150827 9.8237e-06 5.5128e-10 TSX
20150329 20151207 -8.8423e-06 4.5592e-10 TSX
20150428 20160425 -4.4307e-07 4.0103e-10 TSX
20150509 20150827 -5.9816e-05 6.191e-10 TSX
20150517 20150824 -2.144e-07 6.5772e-10 TSX
20150520 20180911 -3.1229e-05 4.0967e-10 TSX
20150714 20170822 -1.593e-06 4.0388e-10 TSX
20150725 20170924 -1.9903e-05 3.6307e-10 TSX
20150802 20160309 -1.9321e-05 4.9619e-10 TSX
20150805 20160403 -1.5345e-05 4.6951e-10 TSX
20150816 20171107 -1.8263e-05 3.9737e-10 TSX
20150824 20150915 0.00079162 8.6248e-10 TSX
20150827 20170902 -2.4719e-05 3.8076e-10 TSX
20150915 20160216 -6.283e-05 5.6978e-10 TSX
20151021 20160904 -0.00014796 4.2632e-10 TSX
20151101 20171016 -3.3519e-05 3.6871e-10 TSX
20151112 20160425 -2.3844e-05 5.3777e-10 TSX
20151115 20151229 0.00016423 7.7336e-10 TSX
20151123 20171221 -4.7211e-05 3.483e-10 TSX
20151204 20151215 0.00014929 9.7867e-10 TSX
20151207 20160406 4.3315e-05 6.0217e-10 TSX
20151215 20170822 5.3561e-06 3.6584e-10 TSX
20151226 20161223 -1.829e-05 3.9443e-10 TSX
20151229 20160211 -1.5825e-05 7.7336e-10 TSX
20160106 20161223 -1.1067e-05 4.0041e-10 TSX
20160117 20160926 -2.0192e-05 4.586e-10 TSX
20160128 20160301 -0.00010891 8.0702e-10 TSX
20160208 20160312 -0.00014242 8.0702e-10 TSX
20160216 20160309 -0.0004122 8.6248e-10 TSX
20160219 20180319 6.5345e-06 3.3172e-10 TSX
20160301 20161201 -2.7396e-05 4.3911e-10 TSX
20160304 20160326 6.7842e-05 8.4899e-10 TSX
20160312 20180319 1.4622e-05 3.3707e-10 TSX
20160320 20160411 0.00041438 8.6249e-10 TSX
20160323 20171118 1.931e-05 3.3352e-10 TSX
20160326 20160406 -0.00053942 9.6819e-10 TSX
20160403 20171027 -9.8417e-06 3.5768e-10 TSX
20160425 20170811 1.1769e-05 3.6536e-10 TSX
20160528 20160630 -1.2843e-05 8.0702e-10 TSX
20160630 20171118 2.8394e-05 3.4248e-10 TSX
20160722 20161201 3.87e-05 5.8142e-10 TSX
20160904 20180707 9.174e-06 3.274e-10 TSX
20160915 20180911 -2.7767e-05 3.0808e-10 TSX
20160926 20170114 3.5863e-05 6.1799e-10 TSX
20161201 20171027 2.3961e-06 4.1194e-10 TSX
20161223 20171107 -1.9288e-05 4.1999e-10 TSX
20170114 20170902 -6.0121e-05 4.7346e-10 TSX
20170811 20171005 -2.3296e-05 7.416e-10 TSX
20170822 20180707 -7.9732e-05 4.1389e-10 TSX
20170913 20180707 -0.00012863 4.2652e-10 TSX
20170924 20180319 -5.5599e-06 5.2326e-10 TSX
20171005 20171107 5.4985e-05 8.0702e-10 TSX
20171016 20180319 1.5214e-05 5.5015e-10 TSX
20171027 20180911 -8.2557e-05 4.1396e-10 TSX
20171107 20171118 8.4713e-05 9.7867e-10 TSX
20171118 20171129 4.1585e-05 9.7867e-10 TSX
20171129 20171221 -2.6669e-05 8.5133e-10 TSX
20171210 20180820 -0.00010796 4.5351e-10 TSX
20171221 20180911 -0.00012264 4.4563e-10 TSX
20180112 20181003 2.9119e-05 4.458e-10 TSX
20180319 20180707 -0.00020936 6.181e-10 TSX
20180707 20180911 0.00012581 7.1273e-10 TSX
20180729 20181003 -4.5044e-05 7.1273e-10 TSX
20180820 20181003 0.00012281 7.7274e-10 TSX
20180911 20181003 -0.0001658 8.5133e-10 TSX
