20030427 20030914 -6.8522e-06 5.7163e-10 ERS2
20030914 20080629 -1.8737e-05 2.9604e-10 ERS2
20050918 20090510 -5.4433e-06 3.1736e-10 ERS2
20051127 20081116 5.2959e-07 3.3481e-10 ERS2
20060903 20090510 -7.5004e-05 3.3699e-10 ERS2
20061231 20090105 7.9324e-05 3.2834e-10 ALOS
20070402 20070703 -3.3384e-05 6.969e-10 ALOS
20070518 20091008 -0.0001165 3.1274e-10 ALOS
20070818 20071003 -0.00050023 8.028e-10 ALOS
20071217 20100509 2.8004e-06 3.1687e-10 ALOS
20080103 20100526 7.4141e-05 3.3462e-10 ALOS
20080404 20080520 -6.7252e-05 8.0256e-10 ALOS
20080618 20090921 -2.745e-05 3.7935e-10 ALOS
20080629 20090510 -0.00026966 4.2198e-10 ERS2
20080705 20091008 3.8877e-05 3.7325e-10 ALOS
20080803 20090823 -2.77e-05 3.9048e-10 ERS2
20081116 20090823 0.00012643 4.3664e-10 ERS2
20081219 20090921 7.0126e-05 4.5653e-10 ALOS
20090105 20090708 -8.2082e-05 5.4697e-10 ALOS
20090510 20091101 0.00094404 5.2657e-10 ERS2
20090708 20091008 0.00017221 6.9669e-10 ALOS
20090823 20091101 0.0012203 7.1373e-10 ERS2
20091222 20100624 0.00027976 5.4304e-10 ALOS
20100108 20100223 0.000344 8.034e-10 ALOS
20100223 20100526 -2.8225e-05 6.9772e-10 ALOS
20100410 20100711 2.5746e-06 6.9803e-10 ALOS
20100509 20100624 0.00055812 7.9983e-10 ALOS
20100526 20100711 0.00040466 8.0279e-10 ALOS
20100624 20101109 -1.9211e-05 6.0501e-10 ALOS
20100711 20101011 -0.00029525 6.9609e-10 ALOS
20100809 20101109 1.078e-05 6.9181e-10 ALOS
20101011 20101126 0.0002875 8.0272e-10 ALOS
20110111 20110226 0.00059048 8.0276e-10 ALOS
20110924 20130715 2.3088e-05 3.3093e-10 TSX
20111005 20121229 -3.6271e-06 3.7465e-10 TSX
20111121 20171221 -1.25e-05 3.0864e-10 TSX
20111221 20130131 1.2353e-05 3.9227e-10 TSX
20111224 20121027 -5.6859e-05 4.2242e-10 TSX
20120126 20140419 -2.4564e-05 2.9967e-10 TSX
20120203 20160320 -3.0939e-05 3.7897e-10 TSX
20120206 20171107 -1.3369e-06 3.3311e-10 TSX
20120617 20171129 1.5963e-06 3.5918e-10 TSX
20120723 20160120 6.812e-05 3.4366e-10 TSX
20121024 20130109 -1.405e-07 7.3507e-10 TSX
20121027 20151226 1.4395e-05 3.2506e-10 TSX
20121030 20130311 0.00011911 6.0164e-10 TSX
20121107 20171118 2.1049e-05 3.2342e-10 TSX
20121221 20160208 1.0418e-05 3.1638e-10 TSX
20121224 20130516 -2.5399e-05 5.8405e-10 TSX
20121229 20130407 -5.9159e-05 6.8742e-10 TSX
20130104 20130217 0.00011609 7.9668e-10 TSX
20130109 20130715 0.00019021 5.5619e-10 TSX
20130112 20140511 -2.9486e-05 3.6165e-10 TSX
20130115 20130721 -3.8246e-05 5.2473e-10 TSX
20130126 20130823 -0.00021053 5.4486e-10 TSX
20130131 20130429 0.00012428 7.1062e-10 TSX
20130203 20130729 -1.2678e-05 5.2814e-10 TSX
20130211 20130919 -3.4635e-05 5.1071e-10 TSX
20130228 20141209 1.5053e-05 3.4336e-10 TSX
20130311 20130801 -0.00010813 5.8394e-10 TSX
20130316 20130623 2.4238e-05 6.8751e-10 TSX
20130402 20150122 -8.8807e-05 4.1854e-10 TSX
20130407 20140530 0.00010705 3.8734e-10 TSX
20130421 20171016 -9.2487e-07 4.0842e-10 TSX
20130424 20130721 -0.00016609 6.8778e-10 TSX
20130429 20130623 -0.00012181 7.8519e-10 TSX
20130505 20131028 4.1642e-06 5.4989e-10 TSX
20130513 20151112 6.1715e-06 3.9062e-10 TSX
20130516 20131017 -0.00040398 5.9608e-10 TSX
20130521 20130715 0.00019156 7.8511e-10 TSX
20130524 20171129 6.2459e-06 3.9211e-10 TSX
20130527 20140627 1.1413e-05 3.9204e-10 TSX
20130601 20130930 -3.5416e-05 6.4496e-10 TSX
20130604 20141217 -5.6832e-06 3.4997e-10 TSX
20130607 20140719 -3.2608e-06 3.8826e-10 TSX
20130612 20150105 2.522e-05 3.4393e-10 TSX
20130615 20160106 -1.7414e-05 3.5339e-10 TSX
20130618 20140708 -2.3366e-05 3.9615e-10 TSX
20130623 20130715 0.00064957 8.8026e-10 TSX
20130629 20130914 6.7178e-05 7.3666e-10 TSX
20130707 20150130 -2.4176e-05 3.4565e-10 TSX
20130710 20140901 -3.0619e-05 3.8521e-10 TSX
20130715 20130726 -0.0024211 1.0252e-09 TSX
20130721 20131108 0.0001133 7.1913e-10 TSX
20130726 20150517 6.9337e-05 3.3398e-10 TSX
20130729 20160904 6.8442e-07 3.2507e-10 TSX
20130801 20151115 1.0739e-05 4.2698e-10 TSX
20130817 20140209 -1.8671e-05 5.6038e-10 TSX
20130828 20150312 -1.4837e-05 3.4985e-10 TSX
20130903 20150329 0.00011342 4.2938e-10 TSX
20130919 20160309 6.7038e-05 3.1755e-10 TSX
20130925 20140708 -7.3305e-05 4.7763e-10 TSX
20130930 20160411 4.0123e-05 3.6688e-10 TSX
20131011 20150802 4.1581e-05 3.6421e-10 TSX
20131017 20140719 -8.8743e-05 4.7899e-10 TSX
20131028 20160304 1.4498e-05 4.1611e-10 TSX
20131102 20140519 0.00022998 5.3401e-10 TSX
20131108 20140708 0.00017016 5.3945e-10 TSX
20140209 20160309 2.318e-06 3.3319e-10 TSX
20140223 20140829 -2.3692e-06 5.1565e-10 TSX
20140408 20140705 -1.996e-05 6.741e-10 TSX
20140419 20170913 1.2602e-05 3.3869e-10 TSX
20140511 20141228 3.1988e-05 4.7416e-10 TSX
20140519 20150824 -4.5464e-05 3.8523e-10 TSX
20140624 20171005 1.4007e-05 3.1874e-10 TSX
20140627 20151115 -3.7654e-05 3.7183e-10 TSX
20140705 20180911 1.8791e-06 3.1871e-10 TSX
20140708 20160406 2.0358e-05 3.5291e-10 TSX
20140716 20171005 -9.0736e-06 3.3704e-10 TSX
20140719 20151207 -4.7234e-06 3.7927e-10 TSX
20140727 20150326 -3.4709e-05 4.6533e-10 TSX
20140810 20150122 -1.8574e-05 6.0353e-10 TSX
20140818 20160301 -1.6981e-05 3.467e-10 TSX
20140829 20160208 1.8562e-05 3.7473e-10 TSX
20140901 20140912 -0.00026472 9.7986e-10 TSX
20140912 20141209 -4.4455e-05 6.878e-10 TSX
20140920 20170902 1.6756e-06 3.5787e-10 TSX
20141209 20160211 -3.0433e-05 3.775e-10 TSX
20141217 20160722 2.1051e-05 3.5353e-10 TSX
20141228 20160106 -9.1786e-06 3.9213e-10 TSX
20141231 20151024 -2.9359e-05 4.3587e-10 TSX
20150105 20150824 2.5214e-05 5.0709e-10 TSX
20150108 20170811 1.1194e-05 3.1603e-10 TSX
20150119 20160117 1.1049e-05 4.037e-10 TSX
20150127 20160411 -6.1252e-06 3.9299e-10 TSX
20150130 20151112 5.8473e-05 4.3566e-10 TSX
20150210 20170114 -6.9731e-06 3.4184e-10 TSX
20150213 20160326 -0.00012345 3.99e-10 TSX
20150218 20160216 -2.0066e-05 4.159e-10 TSX
20150221 20180112 3.3355e-06 3.9446e-10 TSX
20150304 20180911 -5.1921e-06 3.3636e-10 TSX
20150307 20160211 -5.1731e-05 4.173e-10 TSX
20150312 20160320 7.5924e-06 4.1508e-10 TSX
20150326 20150827 5.4668e-05 5.5904e-10 TSX
20150329 20151207 -8.7958e-05 4.6426e-10 TSX
20150428 20160425 1.546e-05 4.0337e-10 TSX
20150509 20150827 5.4352e-05 6.348e-10 TSX
20150517 20150824 -0.00020162 6.9322e-10 TSX
20150520 20180911 3.8577e-06 3.6409e-10 TSX
20150714 20170822 4.4211e-06 3.3421e-10 TSX
20150725 20170924 -4.9371e-06 3.3058e-10 TSX
20150802 20160309 -6.0075e-05 5.1332e-10 TSX
20150805 20160403 6.5512e-05 4.6627e-10 TSX
20150816 20171107 4.9104e-06 3.0867e-10 TSX
20150824 20150915 0.0005873 8.8018e-10 TSX
20150827 20170902 2.0167e-05 3.1907e-10 TSX
20150915 20160216 1.6974e-06 5.9322e-10 TSX
20151021 20160904 -2.0157e-05 4.2477e-10 TSX
20151101 20171016 1.4304e-05 3.0602e-10 TSX
20151112 20160425 1.7918e-06 5.4256e-10 TSX
20151115 20151229 0.00013624 7.9668e-10 TSX
20151123 20171221 -3.5424e-05 3.073e-10 TSX
20151204 20151215 0.0001473 9.8827e-10 TSX
20151207 20160406 -2.8878e-05 6.2076e-10 TSX
20151215 20170822 -1.4817e-07 3.2739e-10 TSX
20151226 20161223 3.1694e-05 3.9652e-10 TSX
20151229 20160211 -5.7231e-06 7.9668e-10 TSX
20160106 20161223 2.5763e-05 4.0107e-10 TSX
20160117 20160926 1.2541e-05 4.564e-10 TSX
20160128 20160301 -0.00017299 8.2165e-10 TSX
20160208 20160312 -6.2896e-05 8.2165e-10 TSX
20160216 20160309 -0.00034131 8.8018e-10 TSX
20160219 20180319 -3.2235e-06 2.9871e-10 TSX
20160301 20161201 5.0967e-05 4.4204e-10 TSX
20160304 20160326 1.012e-05 8.6455e-10 TSX
20160312 20180319 -8.3448e-07 3.0161e-10 TSX
20160320 20160411 0.00038859 8.8019e-10 TSX
20160323 20171118 -1.8909e-06 3.2032e-10 TSX
20160326 20160406 -0.00049998 9.7975e-10 TSX
20160403 20171027 2.223e-05 3.3853e-10 TSX
20160425 20170811 3.6945e-05 3.4822e-10 TSX
20160528 20160630 1.162e-06 8.2165e-10 TSX
20160630 20171118 1.6e-05 3.4104e-10 TSX
20160722 20161201 6.6428e-06 5.8871e-10 TSX
20160904 20180707 4.5582e-06 3.3139e-10 TSX
20160915 20180911 5.9208e-06 2.9942e-10 TSX
20160926 20170114 -7.7528e-06 6.2773e-10 TSX
20161201 20171027 2.3484e-05 4.0988e-10 TSX
20161223 20171107 -2.26e-05 4.1457e-10 TSX
20170114 20170902 3.0814e-05 4.7338e-10 TSX
20170811 20171005 -6.547e-05 7.5789e-10 TSX
20170822 20180707 -4.9337e-05 4.1672e-10 TSX
20170913 20180707 -1.5348e-06 4.2929e-10 TSX
20170924 20180319 -9.5305e-05 5.281e-10 TSX
20171005 20171107 6.9213e-05 8.2165e-10 TSX
20171016 20180319 -5.5882e-05 5.5598e-10 TSX
20171027 20180911 -1.6071e-05 4.168e-10 TSX
20171107 20171118 7.9368e-05 9.8827e-10 TSX
20171118 20171129 3.9882e-05 9.8827e-10 TSX
20171129 20171221 -3.7156e-05 8.6346e-10 TSX
20171210 20180820 -7.5346e-05 4.5712e-10 TSX
20171221 20180911 1.2628e-05 4.493e-10 TSX
20180112 20181003 -9.4032e-06 4.4921e-10 TSX
20180319 20180707 -6.8416e-05 6.2769e-10 TSX
20180707 20180911 0.00015041 7.2827e-10 TSX
20180729 20181003 -1.2295e-05 7.2827e-10 TSX
20180820 20181003 8.5e-05 7.8882e-10 TSX
20180911 20181003 -0.000155 8.6346e-10 TSX
