20030427 20030914 -0.00034863 5.6607e-10 ERS2
20030914 20080629 -3.945e-05 2.7779e-10 ERS2
20050918 20090510 -6.7733e-05 3.0595e-10 ERS2
20051127 20081116 -7.0343e-05 3.0866e-10 ERS2
20060903 20090510 6.8835e-06 3.1433e-10 ERS2
20061231 20090105 0.00014246 3.4064e-10 ALOS
20070402 20070703 0.00019065 6.7204e-10 ALOS
20070518 20091008 -0.0002639 3.1376e-10 ALOS
20070818 20071003 -0.00018608 7.8268e-10 ALOS
20071217 20100509 -0.0001037 3.0574e-10 ALOS
20080103 20100526 -2.2789e-05 3.1101e-10 ALOS
20080404 20080520 -4.6279e-05 7.8286e-10 ALOS
20080618 20090921 2.366e-05 3.7441e-10 ALOS
20080629 20090510 -0.00033122 4.1753e-10 ERS2
20080705 20091008 3.5014e-05 3.6695e-10 ALOS
20080803 20090823 -4.9408e-06 3.8307e-10 ERS2
20081116 20090823 7.7673e-05 4.322e-10 ERS2
20081219 20090921 1.2883e-05 4.4773e-10 ALOS
20090105 20090708 -2.6744e-05 5.3536e-10 ALOS
20090510 20091101 0.00028723 5.2375e-10 ERS2
20090708 20091008 0.00020512 6.711e-10 ALOS
20090823 20091101 0.00029588 7.0062e-10 ERS2
20091222 20100624 -6.2483e-05 5.2812e-10 ALOS
20100108 20100223 1.8777e-05 7.8355e-10 ALOS
20100223 20100526 -0.00037344 6.7243e-10 ALOS
20100410 20100711 -0.0002747 6.7269e-10 ALOS
20100509 20100624 0.00065927 7.8017e-10 ALOS
20100526 20100711 0.00040386 7.8265e-10 ALOS
20100624 20101109 4.719e-05 5.865e-10 ALOS
20100711 20101011 -4.4088e-05 6.7153e-10 ALOS
20100809 20101109 2.8414e-06 6.6807e-10 ALOS
20101011 20101126 0.00025914 7.8264e-10 ALOS
20110111 20110226 0.00050517 7.8248e-10 ALOS
20110924 20130715 -4.2944e-05 3.5278e-10 TSX
20111005 20121229 -2.058e-05 4.0616e-10 TSX
20111121 20171221 -8.8154e-06 4.0471e-10 TSX
20111221 20130131 1.5244e-05 3.8673e-10 TSX
20111224 20121027 -2.0527e-06 4.1975e-10 TSX
20120126 20140419 3.4301e-05 4.1423e-10 TSX
20120203 20160320 1.5931e-05 3.1617e-10 TSX
20120206 20171107 -1.5833e-05 4.6049e-10 TSX
20120617 20171129 -3.237e-05 3.7316e-10 TSX
20120723 20160120 5.966e-05 3.8373e-10 TSX
20121024 20130109 7.1463e-05 7.1015e-10 TSX
20121027 20151226 -4.4249e-06 4.7875e-10 TSX
20121030 20130311 8.6006e-06 5.8629e-10 TSX
20121107 20171118 -1.916e-05 3.5345e-10 TSX
20121221 20160208 -9.3438e-05 4.3576e-10 TSX
20121224 20130516 3.4882e-05 5.6986e-10 TSX
20121229 20130407 1.4663e-05 6.6167e-10 TSX
20130104 20130217 -1.8424e-05 7.7883e-10 TSX
20130109 20130715 0.00022564 5.6773e-10 TSX
20130112 20140511 -7.3031e-05 4.2676e-10 TSX
20130115 20130721 -1.0351e-05 5.4388e-10 TSX
20130126 20130823 -8.847e-05 5.7793e-10 TSX
20130131 20130429 1.695e-05 6.8398e-10 TSX
20130203 20130729 -3.7702e-05 5.2634e-10 TSX
20130211 20130919 8.5794e-06 5.124e-10 TSX
20130228 20141209 6.9838e-05 4.1184e-10 TSX
20130311 20130801 -8.7637e-05 5.7491e-10 TSX
20130316 20130623 -0.0001074 6.6187e-10 TSX
20130402 20150122 0.00010366 4.1836e-10 TSX
20130407 20140530 2.7305e-05 4.0612e-10 TSX
20130421 20171016 6.9601e-05 4.026e-10 TSX
20130424 20130721 -0.00022438 6.6814e-10 TSX
20130429 20130623 -0.00012248 7.6213e-10 TSX
20130505 20131028 -0.00028752 5.7675e-10 TSX
20130513 20151112 -4.2757e-05 3.4735e-10 TSX
20130516 20131017 -0.00038523 5.7884e-10 TSX
20130521 20130715 0.0001191 7.6263e-10 TSX
20130524 20171129 7.9354e-05 3.7255e-10 TSX
20130527 20140627 -5.4798e-05 4.0432e-10 TSX
20130601 20130930 2.6328e-05 6.2311e-10 TSX
20130604 20141217 6.424e-05 4.4695e-10 TSX
20130607 20140719 -1.5924e-05 3.922e-10 TSX
20130612 20150105 -1.1512e-05 3.755e-10 TSX
20130615 20160106 1.7732e-05 3.6155e-10 TSX
20130618 20140708 -3.7299e-05 3.9076e-10 TSX
20130623 20130715 0.00063895 8.6912e-10 TSX
20130629 20130914 6.3808e-05 7.0525e-10 TSX
20130707 20150130 1.4906e-05 3.8892e-10 TSX
20130710 20140901 2.4814e-05 3.8522e-10 TSX
20130715 20130726 -0.0024063 1.0176e-09 TSX
20130721 20131108 0.00051257 6.6554e-10 TSX
20130726 20150517 0.00010452 4.1668e-10 TSX
20130729 20160904 -8.0278e-06 5.2105e-10 TSX
20130801 20151115 -3.4447e-05 4.136e-10 TSX
20130817 20140209 -2.7269e-05 5.4786e-10 TSX
20130828 20150312 8.478e-05 4.0313e-10 TSX
20130903 20150329 -0.00020203 3.7165e-10 TSX
20130919 20160309 -3.7331e-05 3.6001e-10 TSX
20130925 20140708 2.5854e-05 4.7083e-10 TSX
20130930 20160411 0.00012928 3.9621e-10 TSX
20131011 20150802 1.0417e-05 3.5836e-10 TSX
20131017 20140719 7.1724e-06 4.7941e-10 TSX
20131028 20160304 -6.0853e-05 3.1911e-10 TSX
20131102 20140519 5.9783e-05 5.1984e-10 TSX
20131108 20140708 5.8659e-05 5.5069e-10 TSX
20140209 20160309 5.9907e-05 4.2559e-10 TSX
20140223 20140829 2.3169e-05 5.136e-10 TSX
20140408 20140705 5.6763e-06 6.6324e-10 TSX
20140419 20170913 -1.4475e-05 4.2678e-10 TSX
20140511 20141228 1.3838e-05 4.7907e-10 TSX
20140519 20150824 -6.6025e-05 4.104e-10 TSX
20140624 20171005 5.3779e-05 5.4199e-10 TSX
20140627 20151115 4.9814e-05 3.9386e-10 TSX
20140705 20180911 1.8783e-05 4.0787e-10 TSX
20140708 20160406 1.9683e-05 4.2046e-10 TSX
20140716 20171005 -4.2841e-05 4.2831e-10 TSX
20140719 20151207 -2.5048e-06 4.0459e-10 TSX
20140727 20150326 -3.6396e-05 4.6461e-10 TSX
20140810 20150122 6.0249e-05 5.5122e-10 TSX
20140818 20160301 -3.7138e-06 3.5655e-10 TSX
20140829 20160208 5.1853e-05 4.1299e-10 TSX
20140901 20140912 -0.00027302 9.7262e-10 TSX
20140912 20141209 -1.1123e-05 6.6741e-10 TSX
20140920 20170902 1.5688e-05 4.0977e-10 TSX
20141209 20160211 -8.4655e-05 3.9569e-10 TSX
20141217 20160722 -2.3063e-05 4.4606e-10 TSX
20141228 20160106 -3.2626e-05 4.4429e-10 TSX
20141231 20151024 -4.9767e-06 4.4307e-10 TSX
20150105 20150824 -5.1382e-05 5.0367e-10 TSX
20150108 20170811 -4.4224e-05 4.1135e-10 TSX
20150119 20160117 3.8978e-05 4.4443e-10 TSX
20150127 20160411 -0.0001643 4.0834e-10 TSX
20150130 20151112 6.5977e-06 4.8548e-10 TSX
20150210 20170114 9.8107e-05 3.9426e-10 TSX
20150213 20160326 0.0003076 4.3728e-10 TSX
20150218 20160216 -3.0451e-05 4.2894e-10 TSX
20150221 20180112 -7.6299e-05 3.872e-10 TSX
20150304 20180911 4.8454e-05 4.4953e-10 TSX
20150307 20160211 -7.1754e-05 4.1833e-10 TSX
20150312 20160320 -6.9125e-05 4.0719e-10 TSX
20150326 20150827 8.6415e-06 5.5974e-10 TSX
20150329 20151207 -9.7953e-05 4.7096e-10 TSX
20150428 20160425 7.2709e-05 4.0729e-10 TSX
20150509 20150827 -0.00011256 6.3904e-10 TSX
20150517 20150824 -0.00017319 6.6608e-10 TSX
20150520 20180911 -9.6027e-06 4.598e-10 TSX
20150714 20170822 3.6865e-05 3.9445e-10 TSX
20150725 20170924 7.9439e-05 4.1483e-10 TSX
20150802 20160309 -4.893e-05 4.9907e-10 TSX
20150805 20160403 8.8488e-05 4.6821e-10 TSX
20150816 20171107 7.647e-05 4.0782e-10 TSX
20150824 20150915 0.00066577 8.6902e-10 TSX
20150827 20170902 -9.0467e-06 4.2254e-10 TSX
20150915 20160216 -5.8569e-05 5.7791e-10 TSX
20151021 20160904 -0.00011469 4.4315e-10 TSX
20151101 20171016 -0.00010633 4.279e-10 TSX
20151112 20160425 -1.8607e-05 5.417e-10 TSX
20151115 20151229 9.4924e-05 7.7883e-10 TSX
20151123 20171221 -1.1687e-05 4.4606e-10 TSX
20151204 20151215 0.00016175 9.8149e-10 TSX
20151207 20160406 1.0415e-05 6.04e-10 TSX
20151215 20170822 7.8701e-05 4.598e-10 TSX
20151226 20161223 2.9423e-05 3.9381e-10 TSX
20151229 20160211 -1.2393e-05 7.7883e-10 TSX
20160106 20161223 4.7126e-05 3.9897e-10 TSX
20160117 20160926 -1.5343e-05 4.6079e-10 TSX
20160128 20160301 -0.00026257 8.1046e-10 TSX
20160208 20160312 -0.00013598 8.1046e-10 TSX
20160216 20160309 -0.00037627 8.6902e-10 TSX
20160219 20180319 8.6221e-07 3.6243e-10 TSX
20160301 20161201 7.3328e-05 4.3892e-10 TSX
20160304 20160326 6.0059e-05 8.5396e-10 TSX
20160312 20180319 4.0967e-05 4.345e-10 TSX
20160320 20160411 0.00033355 8.6903e-10 TSX
20160323 20171118 6.0516e-05 3.5815e-10 TSX
20160326 20160406 -0.00052233 9.7254e-10 TSX
20160403 20171027 -3.3602e-05 4.4773e-10 TSX
20160425 20170811 4.7352e-05 4.7335e-10 TSX
20160528 20160630 1.7505e-05 8.1046e-10 TSX
20160630 20171118 1.6082e-05 3.969e-10 TSX
20160722 20161201 0.00013647 5.837e-10 TSX
20160904 20180707 3.7847e-05 4.4808e-10 TSX
20160915 20180911 1.0603e-05 4.8874e-10 TSX
20160926 20170114 2.0317e-05 6.2835e-10 TSX
20161201 20171027 -6.051e-05 4.4623e-10 TSX
20161223 20171107 -0.00015662 4.3946e-10 TSX
20170114 20170902 9.5887e-06 5.1133e-10 TSX
20170811 20171005 -5.4623e-05 7.4471e-10 TSX
20170822 20180707 -9.2793e-05 4.1385e-10 TSX
20170913 20180707 -0.00012532 4.2585e-10 TSX
20170924 20180319 -5.2085e-06 5.2349e-10 TSX
20171005 20171107 9.3037e-05 8.1046e-10 TSX
20171016 20180319 1.4581e-05 5.506e-10 TSX
20171027 20180911 -2.944e-05 4.1426e-10 TSX
20171107 20171118 6.9146e-05 9.8149e-10 TSX
20171118 20171129 5.9079e-05 9.8149e-10 TSX
20171129 20171221 -9.0304e-06 8.5452e-10 TSX
20171210 20180820 -8.3057e-05 4.5333e-10 TSX
20171221 20180911 -3.9137e-05 4.4863e-10 TSX
20180112 20181003 6.0531e-05 4.4809e-10 TSX
20180319 20180707 -0.00024848 6.2013e-10 TSX
20180707 20180911 0.00032737 7.1541e-10 TSX
20180729 20181003 8.9657e-05 7.1541e-10 TSX
20180820 20181003 0.00020212 7.7614e-10 TSX
20180911 20181003 -0.00019041 8.5452e-10 TSX
