20030427 20030914 -3.3853e-05 5.85e-10 ERS2
20030914 20080629 -0.00010698 2.8835e-10 ERS2
20050918 20090510 -1.0225e-05 3.1216e-10 ERS2
20051127 20081116 7.1501e-05 3.2952e-10 ERS2
20060903 20090510 0.00010612 3.1567e-10 ERS2
20061231 20090105 -6.6615e-05 4.0695e-10 ALOS
20070402 20070703 -3.0741e-05 7.2852e-10 ALOS
20070518 20091008 -5.6169e-05 3.655e-10 ALOS
20070818 20071003 -0.00042104 8.1155e-10 ALOS
20071217 20100509 -0.00016176 3.7023e-10 ALOS
20080103 20100526 -8.0734e-06 3.7001e-10 ALOS
20080404 20080520 2.1152e-05 8.1251e-10 ALOS
20080618 20090921 -9.0994e-05 4.3516e-10 ALOS
20080629 20090510 -0.00015636 4.2764e-10 ERS2
20080705 20091008 -5.8317e-05 4.2783e-10 ALOS
20080803 20090823 -0.00013944 3.945e-10 ERS2
20081116 20090823 -4.7168e-05 4.4762e-10 ERS2
20081219 20090921 2.7597e-05 5.031e-10 ALOS
20090105 20090708 -0.00024664 5.9903e-10 ALOS
20090510 20091101 -0.00040261 5.3826e-10 ERS2
20090708 20091008 0.0003152 7.2522e-10 ALOS
20090823 20091101 0.0010674 7.2215e-10 ERS2
20091222 20100624 -6.373e-05 5.9139e-10 ALOS
20100108 20100223 0.00038845 8.1211e-10 ALOS
20100223 20100526 -9.0683e-05 7.2725e-10 ALOS
20100410 20100711 6.8076e-05 7.2519e-10 ALOS
20100509 20100624 0.00060361 8.0872e-10 ALOS
20100526 20100711 0.00040754 8.1169e-10 ALOS
20100624 20101109 -5.6931e-05 6.4659e-10 ALOS
20100711 20101011 -0.00023181 7.266e-10 ALOS
20100809 20101109 -7.3913e-05 7.2074e-10 ALOS
20101011 20101126 0.00034878 8.1213e-10 ALOS
20110111 20110226 0.00056938 8.1165e-10 ALOS
20110924 20130715 4.4003e-05 3.8781e-10 TSX
20111005 20121229 1.7796e-05 5.0314e-10 TSX
20111121 20171221 4.5547e-06 3.7548e-10 TSX
20111221 20130131 -1.4185e-05 4.5213e-10 TSX
20111224 20121027 -6.8419e-05 4.3232e-10 TSX
20120126 20140419 -1.61e-05 4.4036e-10 TSX
20120203 20160320 3.107e-05 3.4139e-10 TSX
20120206 20171107 7.6751e-06 3.6658e-10 TSX
20120617 20171129 4.0512e-06 4.9303e-10 TSX
20120723 20160120 8.743e-06 5.2531e-10 TSX
20121024 20130109 -5.2151e-07 7.5996e-10 TSX
20121027 20151226 1.4194e-05 3.8509e-10 TSX
20121030 20130311 8.9257e-05 6.3779e-10 TSX
20121107 20171118 1.3741e-05 4.2066e-10 TSX
20121221 20160208 1.8338e-05 4.0128e-10 TSX
20121224 20130516 -3.1853e-05 6.2142e-10 TSX
20121229 20130407 3.8883e-05 7.196e-10 TSX
20130104 20130217 9.2172e-05 8.0468e-10 TSX
20130109 20130715 0.0001925 6.0705e-10 TSX
20130112 20140511 -4.6834e-05 4.1542e-10 TSX
20130115 20130721 -2.9366e-05 5.7662e-10 TSX
20130126 20130823 -6.0869e-05 6.2513e-10 TSX
20130131 20130429 9.0355e-05 7.3836e-10 TSX
20130203 20130729 -2.8139e-05 5.4324e-10 TSX
20130211 20130919 -1.4042e-05 5.6409e-10 TSX
20130228 20141209 3.3788e-05 3.8667e-10 TSX
20130311 20130801 -0.00011077 6.2124e-10 TSX
20130316 20130623 -5.6085e-06 7.1989e-10 TSX
20130402 20150122 0.00014536 4.8649e-10 TSX
20130407 20140530 4.5889e-05 4.468e-10 TSX
20130421 20171016 -1.4964e-06 4.5828e-10 TSX
20130424 20130721 -0.00012726 7.1354e-10 TSX
20130429 20130623 -0.00011218 7.9753e-10 TSX
20130505 20131028 -0.00011535 6.2538e-10 TSX
20130513 20151112 3.4719e-05 4.8859e-10 TSX
20130516 20131017 -0.00025544 6.2388e-10 TSX
20130521 20130715 0.0001935 7.9743e-10 TSX
20130524 20171129 -7.6692e-06 4.0773e-10 TSX
20130527 20140627 -1.425e-05 4.2957e-10 TSX
20130601 20130930 9.3723e-07 6.8497e-10 TSX
20130604 20141217 3.1853e-06 3.9528e-10 TSX
20130607 20140719 -1.1503e-05 4.2626e-10 TSX
20130612 20150105 2.9304e-05 4.2395e-10 TSX
20130615 20160106 8.6878e-06 3.7006e-10 TSX
20130618 20140708 -3.7721e-05 4.3501e-10 TSX
20130623 20130715 0.00064914 8.8214e-10 TSX
20130629 20130914 -3.0296e-05 7.5595e-10 TSX
20130707 20150130 1.8776e-06 3.5724e-10 TSX
20130710 20140901 -3.0328e-06 4.2436e-10 TSX
20130715 20130726 -0.0024293 1.0255e-09 TSX
20130721 20131108 6.5431e-06 6.8998e-10 TSX
20130726 20150517 4.2558e-05 4.3309e-10 TSX
20130729 20160904 4.8467e-06 4.025e-10 TSX
20130801 20151115 8.1403e-06 4.7878e-10 TSX
20130817 20140209 3.3205e-05 6.1116e-10 TSX
20130828 20150312 -6.383e-07 4.5933e-10 TSX
20130903 20150329 3.3737e-05 4.3079e-10 TSX
20130919 20160309 -8.1537e-05 4.2138e-10 TSX
20130925 20140708 1.5657e-05 5.3858e-10 TSX
20130930 20160411 0.00016665 3.82e-10 TSX
20131011 20150802 1.7032e-05 3.9427e-10 TSX
20131017 20140719 7.855e-05 5.8731e-10 TSX
20131028 20160304 2.7501e-05 3.6592e-10 TSX
20131102 20140519 0.00012407 5.8652e-10 TSX
20131108 20140708 -1.5712e-06 6.2083e-10 TSX
20140209 20160309 -2.6892e-05 5.7749e-10 TSX
20140223 20140829 2.7169e-05 5.2939e-10 TSX
20140408 20140705 -2.955e-05 6.8558e-10 TSX
20140419 20170913 3.252e-05 6.0469e-10 TSX
20140511 20141228 5.898e-05 4.8805e-10 TSX
20140519 20150824 -5.0065e-06 4.3433e-10 TSX
20140624 20171005 -1.2771e-05 4.3913e-10 TSX
20140627 20151115 -4.7606e-05 5.5287e-10 TSX
20140705 20180911 4.9723e-06 4.2565e-10 TSX
20140708 20160406 3.6141e-05 5.223e-10 TSX
20140716 20171005 -1.3161e-05 3.9708e-10 TSX
20140719 20151207 -4.5702e-05 5.3835e-10 TSX
20140727 20150326 -3.3398e-05 4.764e-10 TSX
20140810 20150122 6.9575e-05 6.1917e-10 TSX
20140818 20160301 4.2091e-06 4.074e-10 TSX
20140829 20160208 6.9508e-06 4.3093e-10 TSX
20140901 20140912 -0.00026835 9.7971e-10 TSX
20140912 20141209 -2.9585e-05 7.1366e-10 TSX
20140920 20170902 3.9158e-05 3.4738e-10 TSX
20141209 20160211 -7.2585e-05 4.5383e-10 TSX
20141217 20160722 -3.0534e-06 5.1599e-10 TSX
20141228 20160106 -6.1374e-05 4.1647e-10 TSX
20141231 20151024 -3.0588e-05 4.7219e-10 TSX
20150105 20150824 -2.5133e-05 5.5966e-10 TSX
20150108 20170811 3.0206e-05 4.5389e-10 TSX
20150119 20160117 -3.3842e-05 4.0982e-10 TSX
20150127 20160411 -9.5511e-06 4.6413e-10 TSX
20150130 20151112 7.2624e-06 5.0414e-10 TSX
20150210 20170114 -1.1168e-05 3.8907e-10 TSX
20150213 20160326 0.00021763 5.4458e-10 TSX
20150218 20160216 -5.0967e-05 4.8885e-10 TSX
20150221 20180112 -1.9489e-05 4.7362e-10 TSX
20150304 20180911 -1.287e-05 4.5167e-10 TSX
20150307 20160211 -4.0705e-05 4.8061e-10 TSX
20150312 20160320 -2.235e-05 4.739e-10 TSX
20150326 20150827 5.9234e-05 5.7411e-10 TSX
20150329 20151207 -9.256e-05 5.1774e-10 TSX
20150428 20160425 2.7979e-05 4.3249e-10 TSX
20150509 20150827 3.207e-05 6.4889e-10 TSX
20150517 20150824 -0.00017113 7.2349e-10 TSX
20150520 20180911 -3.5138e-05 3.4524e-10 TSX
20150714 20170822 -1.3478e-05 4.1102e-10 TSX
20150725 20170924 -3.2557e-05 3.3256e-10 TSX
20150802 20160309 -6.8387e-05 5.6342e-10 TSX
20150805 20160403 0.0001001 4.7667e-10 TSX
20150816 20171107 -1.8959e-07 3.0967e-10 TSX
20150824 20150915 0.0005883 8.8206e-10 TSX
20150827 20170902 -6.042e-08 3.2209e-10 TSX
20150915 20160216 7.5021e-06 6.3773e-10 TSX
20151021 20160904 -4.3435e-05 4.3172e-10 TSX
20151101 20171016 -4.8664e-05 3.4374e-10 TSX
20151112 20160425 1.1377e-05 5.5671e-10 TSX
20151115 20151229 0.00013152 8.0468e-10 TSX
20151123 20171221 -1.8524e-05 3.5168e-10 TSX
20151204 20151215 0.00015655 9.8725e-10 TSX
20151207 20160406 1.5988e-05 6.5519e-10 TSX
20151215 20170822 3.3634e-06 4.0483e-10 TSX
20151226 20161223 6.1852e-05 4.0621e-10 TSX
20151229 20160211 1.3646e-05 8.0468e-10 TSX
20160106 20161223 3.938e-05 4.1038e-10 TSX
20160117 20160926 4.0109e-05 4.7541e-10 TSX
20160128 20160301 -0.00016258 8.2272e-10 TSX
20160208 20160312 -8.4637e-05 8.2272e-10 TSX
20160216 20160309 -0.00034378 8.8206e-10 TSX
20160219 20180319 -9.373e-06 3.2982e-10 TSX
20160301 20161201 4.1724e-05 4.5235e-10 TSX
20160304 20160326 2.8879e-05 8.6609e-10 TSX
20160312 20180319 -1.3677e-05 3.4133e-10 TSX
20160320 20160411 0.00039002 8.8207e-10 TSX
20160323 20171118 7.7065e-06 3.4384e-10 TSX
20160326 20160406 -0.00050192 9.7959e-10 TSX
20160403 20171027 -4.2936e-06 3.6289e-10 TSX
20160425 20170811 2.7335e-05 3.8347e-10 TSX
20160528 20160630 4.6705e-06 8.2272e-10 TSX
20160630 20171118 2.0398e-05 3.5096e-10 TSX
20160722 20161201 4.8475e-05 6.0315e-10 TSX
20160904 20180707 -3.7469e-05 3.4732e-10 TSX
20160915 20180911 -1.1098e-05 3.2988e-10 TSX
20160926 20170114 3.5123e-05 6.421e-10 TSX
20161201 20171027 7.7999e-06 4.1971e-10 TSX
20161223 20171107 -2.6268e-05 4.3947e-10 TSX
20170114 20170902 2.2824e-05 4.9584e-10 TSX
20170811 20171005 -5.6489e-05 7.6322e-10 TSX
20170822 20180707 -5.8798e-05 4.2639e-10 TSX
20170913 20180707 -5.9911e-05 4.4082e-10 TSX
20170924 20180319 -0.00010614 5.4194e-10 TSX
20171005 20171107 7.9084e-05 8.2272e-10 TSX
20171016 20180319 -7.7676e-05 5.7052e-10 TSX
20171027 20180911 -1.7928e-05 4.2635e-10 TSX
20171107 20171118 7.581e-05 9.8725e-10 TSX
20171118 20171129 4.3262e-05 9.8725e-10 TSX
20171129 20171221 -2.6286e-05 8.6316e-10 TSX
20171210 20180820 -7.9891e-05 4.6793e-10 TSX
20171221 20180911 -2.1435e-05 4.5979e-10 TSX
20180112 20181003 -2.9775e-05 4.5937e-10 TSX
20180319 20180707 -9.0117e-05 6.4133e-10 TSX
20180707 20180911 0.00015576 7.3593e-10 TSX
20180729 20181003 -4.5941e-05 7.3593e-10 TSX
20180820 20181003 3.3885e-05 7.9185e-10 TSX
20180911 20181003 -0.00017955 8.6316e-10 TSX
