20030427 20030914 0.00037021 5.661e-10 ERS2
20030914 20080629 -1.6188e-05 2.7324e-10 ERS2
20050918 20090510 9.5238e-05 3.0064e-10 ERS2
20051127 20081116 0.00012679 3.0717e-10 ERS2
20060903 20090510 2.9803e-05 3.0905e-10 ERS2
20061231 20090105 0.00020381 3.1317e-10 ALOS
20070402 20070703 -0.00010964 6.6645e-10 ALOS
20070518 20091008 0.0001482 3.0169e-10 ALOS
20070818 20071003 -0.00020921 7.7633e-10 ALOS
20071217 20100509 3.8732e-05 3.0844e-10 ALOS
20080103 20100526 2.3488e-05 3.137e-10 ALOS
20080404 20080520 -1.1059e-05 7.7637e-10 ALOS
20080618 20090921 0.00016035 3.7315e-10 ALOS
20080629 20090510 -0.00025841 4.1387e-10 ERS2
20080705 20091008 0.00022794 3.6556e-10 ALOS
20080803 20090823 -2.0174e-05 3.8281e-10 ERS2
20081116 20090823 4.6928e-05 4.3209e-10 ERS2
20081219 20090921 0.00036903 4.4623e-10 ALOS
20090105 20090708 8.9698e-05 5.3038e-10 ALOS
20090510 20091101 0.00022448 5.2074e-10 ERS2
20090708 20091008 0.00077634 6.6638e-10 ALOS
20090823 20091101 -8.9629e-05 6.9888e-10 ERS2
20091222 20100624 0.00044233 5.2586e-10 ALOS
20100108 20100223 0.00044453 7.767e-10 ALOS
20100223 20100526 -0.00022953 6.6703e-10 ALOS
20100410 20100711 -0.00020622 6.6641e-10 ALOS
20100509 20100624 0.00086289 7.7421e-10 ALOS
20100526 20100711 0.00071842 7.7635e-10 ALOS
20100624 20101109 0.00031087 5.8403e-10 ALOS
20100711 20101011 0.00057398 6.6642e-10 ALOS
20100809 20101109 7.8672e-05 6.6368e-10 ALOS
20101011 20101126 7.3689e-06 7.7634e-10 ALOS
20110111 20110226 0.00090274 7.7631e-10 ALOS
20110924 20130715 4.2898e-05 3.2439e-10 TSX
20111005 20121229 -0.00027039 3.6912e-10 TSX
20111121 20171221 4.0036e-05 3.3577e-10 TSX
20111221 20130131 6.3422e-06 3.8561e-10 TSX
20111224 20121027 3.5559e-06 4.1936e-10 TSX
20120126 20140419 1.7554e-05 2.9255e-10 TSX
20120203 20160320 3.4081e-05 2.77e-10 TSX
20120206 20171107 5.4512e-05 2.8464e-10 TSX
20120617 20171129 6.5448e-05 3.0681e-10 TSX
20120723 20160120 5.7258e-05 3.1266e-10 TSX
20121024 20130109 7.6335e-05 7.0195e-10 TSX
20121027 20151226 -1.2156e-06 3.1196e-10 TSX
20121030 20130311 -1.9418e-05 5.8468e-10 TSX
20121107 20171118 2.3164e-05 3.0004e-10 TSX
20121221 20160208 -1.0318e-06 3.085e-10 TSX
20121224 20130516 6.1266e-05 5.6851e-10 TSX
20121229 20130407 0.00012289 6.5622e-10 TSX
20130104 20130217 0.00010925 7.7392e-10 TSX
20130109 20130715 0.00029972 5.2934e-10 TSX
20130112 20140511 2.3461e-05 3.5554e-10 TSX
20130115 20130721 3.9677e-05 5.1395e-10 TSX
20130126 20130823 -4.6791e-05 5.6557e-10 TSX
20130131 20130429 -7.7192e-05 6.7821e-10 TSX
20130203 20130729 4.991e-05 5.2319e-10 TSX
20130211 20130919 0.0003772 4.9602e-10 TSX
20130228 20141209 0.00011195 3.1477e-10 TSX
20130311 20130801 0.00022147 5.6847e-10 TSX
20130316 20130623 0.00028244 6.5623e-10 TSX
20130402 20150122 0.00010458 3.7205e-10 TSX
20130407 20140530 0.00010496 3.8088e-10 TSX
20130421 20171016 5.362e-05 3.022e-10 TSX
20130424 20130721 -0.00010766 6.6408e-10 TSX
20130429 20130623 6.0912e-05 7.5507e-10 TSX
20130505 20131028 -0.00046446 6.0537e-10 TSX
20130513 20151112 5.1295e-05 3.2651e-10 TSX
20130516 20131017 -0.00027958 6.0445e-10 TSX
20130521 20130715 0.00048111 7.5509e-10 TSX
20130524 20171129 4.3806e-05 3.2751e-10 TSX
20130527 20140627 0.00013414 3.8362e-10 TSX
20130601 20130930 0.00037035 6.1705e-10 TSX
20130604 20141217 7.6287e-06 3.471e-10 TSX
20130607 20140719 0.00016927 3.802e-10 TSX
20130612 20150105 1.3613e-05 3.3797e-10 TSX
20130615 20160106 -4.1378e-07 3.2055e-10 TSX
20130618 20140708 0.00011385 3.8806e-10 TSX
20130623 20130715 0.00076929 8.6409e-10 TSX
20130629 20130914 0.00057181 7.0689e-10 TSX
20130707 20150130 -1.6947e-05 3.3937e-10 TSX
20130710 20140901 0.0001666 3.7691e-10 TSX
20130715 20130726 -0.0024719 1.0135e-09 TSX
20130721 20131108 0.0012857 6.6021e-10 TSX
20130726 20150517 -7.4283e-05 3.2621e-10 TSX
20130729 20160904 -2.074e-05 2.8678e-10 TSX
20130801 20151115 3.2586e-05 3.0718e-10 TSX
20130817 20140209 -7.6225e-05 5.4103e-10 TSX
20130828 20150312 -9.1154e-05 3.4193e-10 TSX
20130903 20150329 -0.00010609 3.4053e-10 TSX
20130919 20160309 -0.0001419 2.9329e-10 TSX
20130925 20140708 -5.2305e-05 5.1624e-10 TSX
20130930 20160411 -7.8777e-05 2.917e-10 TSX
20131011 20150802 2.0495e-05 3.253e-10 TSX
20131017 20140719 9.8098e-05 4.4876e-10 TSX
20131028 20160304 -4.1221e-05 3.53e-10 TSX
20131102 20140519 -0.00022317 5.1714e-10 TSX
20131108 20140708 -0.00017844 5.4187e-10 TSX
20140209 20160309 -1.4319e-05 3.1549e-10 TSX
20140223 20140829 0.00019065 5.1118e-10 TSX
20140408 20140705 9.6368e-06 6.6156e-10 TSX
20140419 20170913 4.7492e-05 3.0308e-10 TSX
20140511 20141228 5.8271e-05 4.702e-10 TSX
20140519 20150824 0.0001757 3.6757e-10 TSX
20140624 20171005 7.4363e-05 3.2959e-10 TSX
20140627 20151115 -3.0859e-05 3.4233e-10 TSX
20140705 20180911 -1.2344e-05 2.9543e-10 TSX
20140708 20160406 -5.0293e-05 3.1981e-10 TSX
20140716 20171005 1.2258e-05 3.1802e-10 TSX
20140719 20151207 -0.00011808 3.4256e-10 TSX
20140727 20150326 -7.0503e-05 4.618e-10 TSX
20140810 20150122 -0.00031305 5.4326e-10 TSX
20140818 20160301 -6.2025e-05 3.3652e-10 TSX
20140829 20160208 -7.3014e-05 3.3879e-10 TSX
20140901 20140912 -0.00031847 9.6961e-10 TSX
20140912 20141209 -0.0002256 6.6408e-10 TSX
20140920 20170902 1.3521e-05 3.2682e-10 TSX
20141209 20160211 -0.00010771 3.6665e-10 TSX
20141217 20160722 -3.3087e-05 3.4759e-10 TSX
20141228 20160106 -5.0812e-05 3.832e-10 TSX
20141231 20151024 0.00027847 4.2504e-10 TSX
20150105 20150824 0.00013076 4.867e-10 TSX
20150108 20170811 2.9443e-05 3.2157e-10 TSX
20150119 20160117 -5.0619e-05 3.8778e-10 TSX
20150127 20160411 -2.274e-05 3.7541e-10 TSX
20150130 20151112 3.296e-05 4.2937e-10 TSX
20150210 20170114 -5.4007e-06 3.3841e-10 TSX
20150213 20160326 7.3811e-05 4.1085e-10 TSX
20150218 20160216 1.0657e-05 4.0373e-10 TSX
20150221 20180112 0.00011716 3.4141e-10 TSX
20150304 20180911 5.2344e-05 3.3826e-10 TSX
20150307 20160211 6.406e-05 4.02e-10 TSX
20150312 20160320 0.0001682 3.9892e-10 TSX
20150326 20150827 7.1342e-05 5.5102e-10 TSX
20150329 20151207 8.2328e-05 4.548e-10 TSX
20150428 20160425 4.5424e-05 3.9025e-10 TSX
20150509 20150827 0.00019548 6.1839e-10 TSX
20150517 20150824 0.00028691 6.5637e-10 TSX
20150520 20180911 -8.4022e-06 3.2735e-10 TSX
20150714 20170822 4.5772e-07 3.3335e-10 TSX
20150725 20170924 1.108e-05 3.3138e-10 TSX
20150802 20160309 -0.00032139 4.969e-10 TSX
20150805 20160403 -0.00011799 4.6618e-10 TSX
20150816 20171107 3.4474e-05 3.2858e-10 TSX
20150824 20150915 0.000853 8.6399e-10 TSX
20150827 20170902 8.4991e-06 3.441e-10 TSX
20150915 20160216 -0.00053956 5.6841e-10 TSX
20151021 20160904 -0.00018833 4.1304e-10 TSX
20151101 20171016 2.1192e-05 3.1805e-10 TSX
20151112 20160425 -0.00013536 5.3696e-10 TSX
20151115 20151229 1.3636e-05 7.7392e-10 TSX
20151123 20171221 3.7698e-05 3.2266e-10 TSX
20151204 20151215 0.00015267 9.7988e-10 TSX
20151207 20160406 -0.00019229 6.0219e-10 TSX
20151215 20170822 7.877e-05 3.3057e-10 TSX
20151226 20161223 1.275e-05 3.9435e-10 TSX
20151229 20160211 -7.4552e-05 7.7392e-10 TSX
20160106 20161223 2.6977e-05 3.9899e-10 TSX
20160117 20160926 5.339e-05 4.5374e-10 TSX
20160128 20160301 -0.00012727 8.0799e-10 TSX
20160208 20160312 -0.0001716 8.0799e-10 TSX
20160216 20160309 -0.00042005 8.6399e-10 TSX
20160219 20180319 0.00011366 3.0804e-10 TSX
20160301 20161201 4.2495e-05 4.3908e-10 TSX
20160304 20160326 0.00011025 8.5014e-10 TSX
20160312 20180319 0.00011633 3.0899e-10 TSX
20160320 20160411 0.00031288 8.64e-10 TSX
20160323 20171118 5.9286e-05 3.2693e-10 TSX
20160326 20160406 -0.00054474 9.6954e-10 TSX
20160403 20171027 7.8777e-05 3.317e-10 TSX
20160425 20170811 8.5101e-05 3.4753e-10 TSX
20160528 20160630 2.6271e-05 8.0799e-10 TSX
20160630 20171118 6.9797e-05 3.3958e-10 TSX
20160722 20161201 0.0001075 5.8145e-10 TSX
20160904 20180707 3.1612e-06 3.2204e-10 TSX
20160915 20180911 -3.2326e-05 3.0169e-10 TSX
20160926 20170114 -1.1185e-05 6.1819e-10 TSX
20161201 20171027 0.00010075 4.0713e-10 TSX
20161223 20171107 0.00011636 4.12e-10 TSX
20170114 20170902 0.00010588 4.7315e-10 TSX
20170811 20171005 -4.8167e-05 7.4208e-10 TSX
20170822 20180707 -0.00012676 4.138e-10 TSX
20170913 20180707 -0.00016584 4.2611e-10 TSX
20170924 20180319 0.00025148 5.2327e-10 TSX
20171005 20171107 8.7065e-05 8.0799e-10 TSX
20171016 20180319 0.00026047 5.502e-10 TSX
20171027 20180911 -0.00017171 4.138e-10 TSX
20171107 20171118 8.961e-05 9.7988e-10 TSX
20171118 20171129 3.4292e-05 9.7988e-10 TSX
20171129 20171221 -6.8666e-05 8.5246e-10 TSX
20171210 20180820 -0.00022905 4.5351e-10 TSX
20171221 20180911 -0.00010438 4.457e-10 TSX
20180112 20181003 0.00018304 4.4608e-10 TSX
20180319 20180707 -0.00063673 6.1815e-10 TSX
20180707 20180911 0.00011847 7.1303e-10 TSX
20180729 20181003 0.00029416 7.1303e-10 TSX
20180820 20181003 0.00040983 7.7346e-10 TSX
20180911 20181003 -1.791e-05 8.5247e-10 TSX
