20030427 20030914 -0.00024923 5.7628e-10 ERS2
20030914 20080629 -0.00012328 3.2234e-10 ERS2
20050918 20090510 -1.9788e-05 3.0564e-10 ERS2
20051127 20081116 -6.9428e-05 3.1579e-10 ERS2
20060903 20090510 -1.3574e-05 3.1667e-10 ERS2
20061231 20090105 -3.9458e-05 3.3826e-10 ALOS
20070402 20070703 -0.00013889 6.782e-10 ALOS
20070518 20091008 -0.00017285 3.2101e-10 ALOS
20070818 20071003 -0.0005153 7.8754e-10 ALOS
20071217 20100509 -8.8344e-05 3.0787e-10 ALOS
20080103 20100526 2.9037e-05 2.9933e-10 ALOS
20080404 20080520 -8.5142e-05 7.8774e-10 ALOS
20080618 20090921 -0.00016815 3.7375e-10 ALOS
20080629 20090510 -0.0003547 4.1432e-10 ERS2
20080705 20091008 -2.6391e-05 3.6497e-10 ALOS
20080803 20090823 -0.00012833 3.8431e-10 ERS2
20081116 20090823 4.6572e-05 4.3412e-10 ERS2
20081219 20090921 4.7543e-05 4.4943e-10 ALOS
20090105 20090708 -7.1892e-05 5.3781e-10 ALOS
20090510 20091101 -0.00031387 5.2745e-10 ERS2
20090708 20091008 0.00047674 6.7807e-10 ALOS
20090823 20091101 0.00041034 7.1223e-10 ERS2
20091222 20100624 0.00065933 5.3912e-10 ALOS
20100108 20100223 0.00038125 7.8827e-10 ALOS
20100223 20100526 -2.8284e-05 6.8076e-10 ALOS
20100410 20100711 -0.00018473 6.7851e-10 ALOS
20100509 20100624 0.0006537 7.8544e-10 ALOS
20100526 20100711 0.00041618 7.8755e-10 ALOS
20100624 20101109 -0.00010212 5.9156e-10 ALOS
20100711 20101011 5.4786e-05 6.7819e-10 ALOS
20100809 20101109 2.6655e-07 6.7526e-10 ALOS
20101011 20101126 0.00021196 7.8755e-10 ALOS
20110111 20110226 0.00062554 7.8755e-10 ALOS
20110924 20130715 2.0945e-05 3.2587e-10 TSX
20111005 20121229 4.2135e-05 3.8028e-10 TSX
20111121 20171221 -3.1248e-05 2.8373e-10 TSX
20111221 20130131 1.8353e-05 3.8596e-10 TSX
20111224 20121027 1.1464e-05 4.2116e-10 TSX
20120126 20140419 -1.3482e-05 3.2509e-10 TSX
20120203 20160320 4.2049e-06 3.1674e-10 TSX
20120206 20171107 8.822e-06 2.7223e-10 TSX
20120617 20171129 -7.3251e-06 2.8058e-10 TSX
20120723 20160120 2.1053e-06 3.3304e-10 TSX
20121024 20130109 0.00019267 7.1505e-10 TSX
20121027 20151226 -1.8045e-05 3.1674e-10 TSX
20121030 20130311 2.6488e-05 5.9226e-10 TSX
20121107 20171118 -6.1112e-06 3.5737e-10 TSX
20121221 20160208 3.1122e-06 3.1008e-10 TSX
20121224 20130516 -4.7761e-05 5.7522e-10 TSX
20121229 20130407 -2.399e-05 6.6777e-10 TSX
20130104 20130217 -5.0746e-06 7.8497e-10 TSX
20130109 20130715 1.204e-05 5.3912e-10 TSX
20130112 20140511 -8.9175e-06 3.6384e-10 TSX
20130115 20130721 -0.00014824 5.1811e-10 TSX
20130126 20130823 -0.00022221 5.3059e-10 TSX
20130131 20130429 -2.2805e-05 6.9057e-10 TSX
20130203 20130729 -5.7381e-05 5.2897e-10 TSX
20130211 20130919 -3.7079e-05 4.9877e-10 TSX
20130228 20141209 5.3285e-06 3.23e-10 TSX
20130311 20130801 -6.0699e-05 5.7514e-10 TSX
20130316 20130623 1.4953e-05 6.6778e-10 TSX
20130402 20150122 8.2744e-05 4.208e-10 TSX
20130407 20140530 -4.6972e-05 3.8141e-10 TSX
20130421 20171016 7.2052e-06 2.921e-10 TSX
20130424 20130721 -0.0002341 6.7553e-10 TSX
20130429 20130623 -0.00010488 7.674e-10 TSX
20130505 20131028 -0.00016594 5.4828e-10 TSX
20130513 20151112 1.774e-06 3.1992e-10 TSX
20130516 20131017 -2.4079e-05 6.001e-10 TSX
20130521 20130715 0.00021239 7.6742e-10 TSX
20130524 20171129 -2.0759e-06 3.3532e-10 TSX
20130527 20140627 3.8574e-06 3.8468e-10 TSX
20130601 20130930 5.0843e-05 6.2657e-10 TSX
20130604 20141217 1.2526e-06 3.5672e-10 TSX
20130607 20140719 1.9516e-05 3.8083e-10 TSX
20130612 20150105 -2.3384e-05 3.4424e-10 TSX
20130615 20160106 8.7352e-06 3.1583e-10 TSX
20130618 20140708 -1.5921e-05 3.8897e-10 TSX
20130623 20130715 0.00067109 8.7029e-10 TSX
20130629 20130914 -0.00011388 7.2173e-10 TSX
20130707 20150130 -1.7339e-05 3.6325e-10 TSX
20130710 20140901 -1.3925e-05 3.7815e-10 TSX
20130715 20130726 -0.0024009 1.0176e-09 TSX
20130721 20131108 0.00070272 6.5934e-10 TSX
20130726 20150517 3.742e-05 3.6847e-10 TSX
20130729 20160904 -2.8042e-05 3.4002e-10 TSX
20130801 20151115 -1.226e-05 3.1679e-10 TSX
20130817 20140209 -8.0693e-05 5.46e-10 TSX
20130828 20150312 6.4423e-05 3.5541e-10 TSX
20130903 20150329 -3.6841e-05 3.4558e-10 TSX
20130919 20160309 4.4927e-05 3.0922e-10 TSX
20130925 20140708 -0.00013771 4.8294e-10 TSX
20130930 20160411 2.4299e-05 3.2746e-10 TSX
20131011 20150802 4.8786e-05 3.6125e-10 TSX
20131017 20140719 1.4539e-05 4.7917e-10 TSX
20131028 20160304 0.00015644 4.344e-10 TSX
20131102 20140519 -5.3469e-05 5.2091e-10 TSX
20131108 20140708 -0.00025665 5.1422e-10 TSX
20140209 20160309 7.0809e-05 3.4697e-10 TSX
20140223 20140829 2.8542e-06 5.1628e-10 TSX
20140408 20140705 -5.3178e-05 6.7478e-10 TSX
20140419 20170913 2.3079e-05 2.8739e-10 TSX
20140511 20141228 2.07e-06 4.7386e-10 TSX
20140519 20150824 -1.0857e-05 3.839e-10 TSX
20140624 20171005 -1.597e-05 2.9664e-10 TSX
20140627 20151115 -5.0474e-05 3.6142e-10 TSX
20140705 20180911 -2.1456e-06 3.103e-10 TSX
20140708 20160406 4.3419e-05 3.4751e-10 TSX
20140716 20171005 6.9673e-06 2.935e-10 TSX
20140719 20151207 2.1632e-06 3.6823e-10 TSX
20140727 20150326 -3.35e-05 4.6803e-10 TSX
20140810 20150122 4.7294e-05 5.5931e-10 TSX
20140818 20160301 6.1188e-06 3.6276e-10 TSX
20140829 20160208 -1.481e-05 3.547e-10 TSX
20140901 20140912 -0.00029366 9.7383e-10 TSX
20140912 20141209 2.8212e-06 6.7575e-10 TSX
20140920 20170902 1.471e-05 3.088e-10 TSX
20141209 20160211 -3.2166e-05 3.7437e-10 TSX
20141217 20160722 6.6419e-06 3.6004e-10 TSX
20141228 20160106 1.7714e-05 4.0042e-10 TSX
20141231 20151024 -1.9594e-06 4.282e-10 TSX
20150105 20150824 -5.5606e-05 4.9146e-10 TSX
20150108 20170811 2.6351e-05 3.0868e-10 TSX
20150119 20160117 4.6175e-05 3.9668e-10 TSX
20150127 20160411 2.5108e-05 3.8746e-10 TSX
20150130 20151112 2.3219e-05 4.4191e-10 TSX
20150210 20170114 2.1884e-05 3.3738e-10 TSX
20150213 20160326 -5.3929e-05 4.7001e-10 TSX
20150218 20160216 1.177e-05 4.0594e-10 TSX
20150221 20180112 2.6563e-05 3.8088e-10 TSX
20150304 20180911 -2.4189e-06 3.0511e-10 TSX
20150307 20160211 -3.7362e-06 4.081e-10 TSX
20150312 20160320 -8.9408e-05 4.0595e-10 TSX
20150326 20150827 3.1821e-05 5.6154e-10 TSX
20150329 20151207 -8.2258e-06 4.6145e-10 TSX
20150428 20160425 3.1789e-05 3.972e-10 TSX
20150509 20150827 1.9896e-05 6.3069e-10 TSX
20150517 20150824 -0.00012593 6.6934e-10 TSX
20150520 20180911 7.4749e-08 3.2465e-10 TSX
20150714 20170822 3.4595e-05 3.2456e-10 TSX
20150725 20170924 1.8872e-05 3.3746e-10 TSX
20150802 20160309 -2.6986e-05 5.0509e-10 TSX
20150805 20160403 -2.7786e-05 4.7764e-10 TSX
20150816 20171107 2.5785e-05 3.1696e-10 TSX
20150824 20150915 0.00068627 8.7019e-10 TSX
20150827 20170902 8.3329e-06 3.3257e-10 TSX
20150915 20160216 -5.2547e-05 5.7755e-10 TSX
20151021 20160904 -9.5692e-05 4.2826e-10 TSX
20151101 20171016 2.4948e-05 3.2953e-10 TSX
20151112 20160425 -1.0132e-05 5.4589e-10 TSX
20151115 20151229 0.00019858 7.8497e-10 TSX
20151123 20171221 -1.5614e-05 3.3488e-10 TSX
20151204 20151215 0.00016838 9.8416e-10 TSX
20151207 20160406 -8.5155e-05 6.1072e-10 TSX
20151215 20170822 3.2479e-05 3.4547e-10 TSX
20151226 20161223 2.4557e-05 4.0253e-10 TSX
20151229 20160211 -9.1903e-06 7.8497e-10 TSX
20160106 20161223 2.9371e-05 4.0873e-10 TSX
20160117 20160926 -5.0703e-06 4.6442e-10 TSX
20160128 20160301 -0.00015935 8.1766e-10 TSX
20160208 20160312 -0.00010176 8.1766e-10 TSX
20160216 20160309 -0.00036326 8.7019e-10 TSX
20160219 20180319 1.0332e-05 3.3018e-10 TSX
20160301 20161201 7.0256e-05 4.4397e-10 TSX
20160304 20160326 3.4549e-05 8.5666e-10 TSX
20160312 20180319 2.6022e-06 3.3288e-10 TSX
20160320 20160411 0.0003826 8.702e-10 TSX
20160323 20171118 1.1841e-05 3.4065e-10 TSX
20160326 20160406 -0.00051102 9.7376e-10 TSX
20160403 20171027 4.5385e-05 3.6764e-10 TSX
20160425 20170811 5.7304e-05 3.6223e-10 TSX
20160528 20160630 -1.9018e-05 8.1766e-10 TSX
20160630 20171118 5.4898e-05 3.4727e-10 TSX
20160722 20161201 0.00018451 5.9058e-10 TSX
20160904 20180707 2.9356e-05 3.4711e-10 TSX
20160915 20180911 -6.7697e-06 3.2986e-10 TSX
20160926 20170114 4.3985e-05 6.3044e-10 TSX
20161201 20171027 -1.1906e-05 4.1444e-10 TSX
20161223 20171107 -1.748e-05 4.1453e-10 TSX
20170114 20170902 1.6255e-05 4.7621e-10 TSX
20170811 20171005 -8.0236e-05 7.5555e-10 TSX
20170822 20180707 -7.0952e-05 4.1546e-10 TSX
20170913 20180707 -0.00010684 4.3515e-10 TSX
20170924 20180319 -4.8978e-05 5.2909e-10 TSX
20171005 20171107 4.4475e-05 8.1766e-10 TSX
20171016 20180319 -1.9367e-05 5.5754e-10 TSX
20171027 20180911 -2.6815e-05 4.1543e-10 TSX
20171107 20171118 8.9219e-05 9.8417e-10 TSX
20171118 20171129 5.9428e-05 9.8416e-10 TSX
20171129 20171221 -3.7351e-05 8.5925e-10 TSX
20171210 20180820 -7.1281e-05 4.5612e-10 TSX
20171221 20180911 -6.0941e-05 4.4805e-10 TSX
20180112 20181003 7.6741e-05 4.4958e-10 TSX
20180319 20180707 -0.00010059 6.295e-10 TSX
20180707 20180911 0.00025281 7.2704e-10 TSX
20180729 20181003 8.6463e-06 7.2704e-10 TSX
20180820 20181003 0.00014965 7.8549e-10 TSX
20180911 20181003 -0.00020721 8.5926e-10 TSX
