20030427 20030914 0.0003932 5.6689e-10 ERS2
20030914 20080629 -5.9355e-05 2.8502e-10 ERS2
20050918 20090510 -7.2869e-05 3.1015e-10 ERS2
20051127 20081116 -0.00011354 3.1603e-10 ERS2
20060903 20090510 9.9897e-05 3.0939e-10 ERS2
20061231 20090105 3.5225e-05 3.1177e-10 ALOS
20070402 20070703 -0.00024233 6.6844e-10 ALOS
20070518 20091008 -5.0269e-05 2.9771e-10 ALOS
20070818 20071003 -0.00037565 7.7949e-10 ALOS
20071217 20100509 -5.945e-05 2.9834e-10 ALOS
20080103 20100526 5.3563e-05 2.9765e-10 ALOS
20080404 20080520 -2.9469e-05 7.7953e-10 ALOS
20080618 20090921 -9.7516e-05 3.7252e-10 ALOS
20080629 20090510 -0.00027446 4.1329e-10 ERS2
20080705 20091008 -4.9379e-05 3.6508e-10 ALOS
20080803 20090823 -6.7941e-05 3.8293e-10 ERS2
20081116 20090823 1.326e-05 4.3209e-10 ERS2
20081219 20090921 0.00031919 4.4624e-10 ALOS
20090105 20090708 0.00019783 5.2866e-10 ALOS
20090510 20091101 0.00049705 5.2185e-10 ERS2
20090708 20091008 0.00061276 6.6848e-10 ALOS
20090823 20091101 -0.00017846 7.0152e-10 ERS2
20091222 20100624 0.00031866 5.2751e-10 ALOS
20100108 20100223 0.00035951 7.7975e-10 ALOS
20100223 20100526 -0.00031744 6.6854e-10 ALOS
20100410 20100711 -0.0001678 6.6849e-10 ALOS
20100509 20100624 0.0009044 7.7722e-10 ALOS
20100526 20100711 0.00069215 7.7955e-10 ALOS
20100624 20101109 6.8016e-05 5.8479e-10 ALOS
20100711 20101011 3.7095e-05 6.6844e-10 ALOS
20100809 20101109 -0.00010185 6.6543e-10 ALOS
20101011 20101126 0.00020282 7.7955e-10 ALOS
20110111 20110226 0.0007664 7.7949e-10 ALOS
20110924 20130715 8.3028e-05 3.2342e-10 TSX
20111005 20121229 -5.3229e-05 3.6922e-10 TSX
20111121 20171221 -1.61e-05 2.8029e-10 TSX
20111221 20130131 7.0348e-06 3.8558e-10 TSX
20111224 20121027 -2.966e-05 4.1951e-10 TSX
20120126 20140419 -1.4111e-05 2.9471e-10 TSX
20120203 20160320 -1.458e-05 2.5892e-10 TSX
20120206 20171107 -1.7288e-05 2.825e-10 TSX
20120617 20171129 -1.4152e-05 2.6764e-10 TSX
20120723 20160120 1.367e-05 2.6628e-10 TSX
20121024 20130109 0.00014444 7.0461e-10 TSX
20121027 20151226 -2.5285e-05 2.8388e-10 TSX
20121030 20130311 5.2088e-05 5.851e-10 TSX
20121107 20171118 -2.0905e-05 2.6094e-10 TSX
20121221 20160208 -1.5084e-05 2.8485e-10 TSX
20121224 20130516 -0.00011235 5.6884e-10 TSX
20121229 20130407 3.9446e-05 6.583e-10 TSX
20130104 20130217 7.1786e-05 7.7658e-10 TSX
20130109 20130715 0.00017747 5.2891e-10 TSX
20130112 20140511 -2.3477e-05 3.5639e-10 TSX
20130115 20130721 -0.00020772 5.1415e-10 TSX
20130126 20130823 6.4112e-05 5.216e-10 TSX
20130131 20130429 -9.175e-05 6.8063e-10 TSX
20130203 20130729 -6.4941e-05 5.2366e-10 TSX
20130211 20130919 9.0963e-05 4.9629e-10 TSX
20130228 20141209 1.1632e-05 3.1268e-10 TSX
20130311 20130801 -2.5812e-05 5.688e-10 TSX
20130316 20130623 7.0743e-05 6.583e-10 TSX
20130402 20150122 -1.2598e-05 3.6359e-10 TSX
20130407 20140530 -2.3802e-05 3.8095e-10 TSX
20130421 20171016 -2.0055e-05 2.7478e-10 TSX
20130424 20130721 -0.00036697 6.6537e-10 TSX
20130429 20130623 -9.6156e-05 7.5841e-10 TSX
20130505 20131028 -0.00082643 5.4115e-10 TSX
20130513 20151112 -1.5954e-05 2.8554e-10 TSX
20130516 20131017 -7.3647e-05 5.8523e-10 TSX
20130521 20130715 0.00035356 7.5843e-10 TSX
20130524 20171129 -2.9813e-06 2.7376e-10 TSX
20130527 20140627 -1.4724e-05 3.834e-10 TSX
20130601 20130930 0.00031627 6.185e-10 TSX
20130604 20141217 8.3537e-06 3.4905e-10 TSX
20130607 20140719 1.0992e-05 3.7978e-10 TSX
20130612 20150105 1.8479e-05 3.3768e-10 TSX
20130615 20160106 8.7146e-06 2.9332e-10 TSX
20130618 20140708 -1.9632e-05 3.8774e-10 TSX
20130623 20130715 0.00077645 8.67e-10 TSX
20130629 20130914 0.00052228 7.0206e-10 TSX
20130707 20150130 1.0508e-05 3.4652e-10 TSX
20130710 20140901 2.7687e-05 3.7671e-10 TSX
20130715 20130726 -0.0025376 1.0161e-09 TSX
20130721 20131108 0.0014784 6.3885e-10 TSX
20130726 20150517 5.1027e-05 3.2217e-10 TSX
20130729 20160904 -3.5177e-05 2.8066e-10 TSX
20130801 20151115 4.3311e-06 3.0492e-10 TSX
20130817 20140209 -2.6822e-06 5.4162e-10 TSX
20130828 20150312 5.5087e-05 3.4035e-10 TSX
20130903 20150329 -9.6681e-05 4.051e-10 TSX
20130919 20160309 -5.9938e-06 2.7756e-10 TSX
20130925 20140708 -0.00016662 4.7402e-10 TSX
20130930 20160411 -9.13e-06 2.7823e-10 TSX
20131011 20150802 4.2885e-05 3.1902e-10 TSX
20131017 20140719 -9.5865e-06 4.6065e-10 TSX
20131028 20160304 -0.00012041 3.3668e-10 TSX
20131102 20140519 -0.00017347 5.1758e-10 TSX
20131108 20140708 -0.0001357 5.1961e-10 TSX
20140209 20160309 2.007e-05 3.0707e-10 TSX
20140223 20140829 -5.914e-06 5.1154e-10 TSX
20140408 20140705 2.7278e-05 6.6411e-10 TSX
20140419 20170913 -9.8357e-06 2.906e-10 TSX
20140511 20141228 6.033e-05 4.7038e-10 TSX
20140519 20150824 6.4142e-05 3.6492e-10 TSX
20140624 20171005 1.6146e-05 2.8618e-10 TSX
20140627 20151115 -4.9536e-06 3.3985e-10 TSX
20140705 20180911 -2.5579e-05 2.7494e-10 TSX
20140708 20160406 2.6026e-05 3.144e-10 TSX
20140716 20171005 -1.695e-05 2.7687e-10 TSX
20140719 20151207 -2.0998e-06 3.4072e-10 TSX
20140727 20150326 2.8475e-05 4.6176e-10 TSX
20140810 20150122 1.6411e-05 5.4354e-10 TSX
20140818 20160301 3.918e-06 3.3061e-10 TSX
20140829 20160208 -1.0095e-05 3.3983e-10 TSX
20140901 20140912 -0.00031795 9.7171e-10 TSX
20140912 20141209 -2.3001e-05 6.6537e-10 TSX
20140920 20170902 -1.4325e-05 2.7839e-10 TSX
20141209 20160211 -2.1729e-05 3.6479e-10 TSX
20141217 20160722 -2.6203e-05 3.249e-10 TSX
20141228 20160106 -2.4075e-06 3.8427e-10 TSX
20141231 20151024 3.9671e-05 4.2528e-10 TSX
20150105 20150824 -2.5357e-05 4.8648e-10 TSX
20150108 20170811 -3.0978e-05 2.9004e-10 TSX
20150119 20160117 1.1751e-06 3.8884e-10 TSX
20150127 20160411 5.0047e-05 3.7125e-10 TSX
20150130 20151112 -7.2326e-06 4.3005e-10 TSX
20150210 20170114 -3.9581e-05 3.2493e-10 TSX
20150213 20160326 4.5579e-05 3.9959e-10 TSX
20150218 20160216 1.0951e-05 4.0395e-10 TSX
20150221 20180112 -5.6874e-05 3.3809e-10 TSX
20150304 20180911 -1.1114e-05 2.8974e-10 TSX
20150307 20160211 2.9798e-06 4.0067e-10 TSX
20150312 20160320 -6.0525e-05 3.9781e-10 TSX
20150326 20150827 -5.868e-05 5.5075e-10 TSX
20150329 20151207 -8.8811e-06 4.5492e-10 TSX
20150428 20160425 -1.739e-05 3.8913e-10 TSX
20150509 20150827 -3.0716e-05 6.1988e-10 TSX
20150517 20150824 1.5193e-05 6.5833e-10 TSX
20150520 20180911 -3.6177e-05 2.7611e-10 TSX
20150714 20170822 -3.7853e-05 3.0109e-10 TSX
20150725 20170924 -1.316e-05 3.0081e-10 TSX
20150802 20160309 -0.00015954 4.9631e-10 TSX
20150805 20160403 -1.8547e-05 4.6145e-10 TSX
20150816 20171107 -2.5232e-05 3.0165e-10 TSX
20150824 20150915 0.00081723 8.669e-10 TSX
20150827 20170902 -2.4053e-05 3.0163e-10 TSX
20150915 20160216 -0.00022448 5.6911e-10 TSX
20151021 20160904 -8.8329e-05 4.132e-10 TSX
20151101 20171016 -3.338e-05 3.0687e-10 TSX
20151112 20160425 -7.3991e-05 5.3674e-10 TSX
20151115 20151229 0.00012752 7.7658e-10 TSX
20151123 20171221 -3.306e-05 3.0675e-10 TSX
20151204 20151215 0.00015194 9.8248e-10 TSX
20151207 20160406 -0.00011793 6.0272e-10 TSX
20151215 20170822 -2.4931e-05 3.1825e-10 TSX
20151226 20161223 -2.3999e-05 3.9397e-10 TSX
20151229 20160211 -5.871e-05 7.7658e-10 TSX
20160106 20161223 -6.5272e-06 3.9834e-10 TSX
20160117 20160926 -3.5675e-05 4.5325e-10 TSX
20160128 20160301 -0.00011946 8.1176e-10 TSX
20160208 20160312 -0.00016467 8.1176e-10 TSX
20160216 20160309 -0.00041975 8.669e-10 TSX
20160219 20180319 -1.9068e-05 3.0278e-10 TSX
20160301 20161201 8.0559e-06 4.3886e-10 TSX
20160304 20160326 6.4288e-05 8.5257e-10 TSX
20160312 20180319 -2.3784e-05 3.1214e-10 TSX
20160320 20160411 0.00038315 8.6691e-10 TSX
20160323 20171118 -2.3778e-05 3.2336e-10 TSX
20160326 20160406 -0.00056489 9.7164e-10 TSX
20160403 20171027 -2.7921e-05 3.2649e-10 TSX
20160425 20170811 -2.6921e-05 3.5005e-10 TSX
20160528 20160630 1.0915e-05 8.1176e-10 TSX
20160630 20171118 -6.7273e-06 3.3882e-10 TSX
20160722 20161201 0.00010604 5.8251e-10 TSX
20160904 20180707 1.6038e-07 3.3019e-10 TSX
20160915 20180911 -2.3874e-05 3.0868e-10 TSX
20160926 20170114 8.9738e-05 6.1993e-10 TSX
20161201 20171027 -4.0874e-05 4.0758e-10 TSX
20161223 20171107 -2.7529e-05 4.0998e-10 TSX
20170114 20170902 -3.0607e-05 4.7415e-10 TSX
20170811 20171005 -3.7436e-06 7.4599e-10 TSX
20170822 20180707 4.8341e-07 4.1392e-10 TSX
20170913 20180707 -4.2227e-05 4.2503e-10 TSX
20170924 20180319 5.7758e-05 5.2376e-10 TSX
20171005 20171107 6.1586e-05 8.1176e-10 TSX
20171016 20180319 6.2757e-05 5.5087e-10 TSX
20171027 20180911 -2.2473e-05 4.1384e-10 TSX
20171107 20171118 8.5057e-05 9.8248e-10 TSX
20171118 20171129 4.918e-05 9.8248e-10 TSX
20171129 20171221 -3.3195e-05 8.5568e-10 TSX
20171210 20180820 -5.6262e-05 4.5362e-10 TSX
20171221 20180911 -1.7677e-05 4.4592e-10 TSX
20180112 20181003 6.5668e-05 4.4587e-10 TSX
20180319 20180707 -0.00015658 6.1982e-10 TSX
20180707 20180911 0.00010992 7.1657e-10 TSX
20180729 20181003 -3.7681e-05 7.1657e-10 TSX
20180820 20181003 0.00013935 7.7747e-10 TSX
20180911 20181003 -0.00015117 8.5568e-10 TSX
