20030427 20030914 -0.00015616 5.67e-10 ERS2
20030914 20080629 -4.3082e-05 2.6672e-10 ERS2
20050918 20090510 2.2773e-05 3.0122e-10 ERS2
20051127 20081116 -4.5782e-06 3.0716e-10 ERS2
20060903 20090510 -3.213e-05 3.2873e-10 ERS2
20061231 20090105 0.00012119 3.1442e-10 ALOS
20070402 20070703 -0.00012242 6.6934e-10 ALOS
20070518 20091008 -3.1223e-05 3.4711e-10 ALOS
20070818 20071003 -0.00039014 7.7723e-10 ALOS
20071217 20100509 -2.6217e-05 3.0415e-10 ALOS
20080103 20100526 -7.4641e-06 3.1142e-10 ALOS
20080404 20080520 9.1757e-05 7.7735e-10 ALOS
20080618 20090921 -9.6209e-05 3.7338e-10 ALOS
20080629 20090510 0.00014496 4.2185e-10 ERS2
20080705 20091008 -0.00019611 3.6912e-10 ALOS
20080803 20090823 1.0054e-05 3.8291e-10 ERS2
20081116 20090823 -4.645e-06 4.3212e-10 ERS2
20081219 20090921 0.00015045 4.4647e-10 ALOS
20090105 20090708 -5.0248e-05 5.352e-10 ALOS
20090510 20091101 0.00016663 5.2115e-10 ERS2
20090708 20091008 0.00032121 6.6689e-10 ALOS
20090823 20091101 -8.6849e-05 6.993e-10 ERS2
20091222 20100624 0.00037435 5.2787e-10 ALOS
20100108 20100223 0.00033975 7.7921e-10 ALOS
20100223 20100526 3.0754e-06 6.6799e-10 ALOS
20100410 20100711 -0.0001688 6.6721e-10 ALOS
20100509 20100624 0.00060213 7.751e-10 ALOS
20100526 20100711 0.00031388 7.772e-10 ALOS
20100624 20101109 -0.00022909 5.8393e-10 ALOS
20100711 20101011 -4.0826e-05 6.6699e-10 ALOS
20100809 20101109 -0.00010841 6.6384e-10 ALOS
20101011 20101126 0.00028629 7.7747e-10 ALOS
20110111 20110226 0.0006296 7.7719e-10 ALOS
20110924 20130715 6.5104e-06 3.2254e-10 TSX
20111005 20121229 2.1814e-05 3.699e-10 TSX
20111121 20171221 -2.618e-07 2.6815e-10 TSX
20111221 20130131 1.6377e-05 3.8552e-10 TSX
20111224 20121027 1.7897e-05 4.1921e-10 TSX
20120126 20140419 -2.5715e-05 2.9467e-10 TSX
20120203 20160320 6.7031e-06 2.6181e-10 TSX
20120206 20171107 3.1047e-06 2.8901e-10 TSX
20120617 20171129 2.3958e-06 3.1183e-10 TSX
20120723 20160120 2.5821e-05 2.8517e-10 TSX
20121024 20130109 9.9305e-05 7.0243e-10 TSX
20121027 20151226 -1.1688e-06 2.8964e-10 TSX
20121030 20130311 3.8886e-05 5.8464e-10 TSX
20121107 20171118 1.1089e-05 2.6903e-10 TSX
20121221 20160208 8.9389e-06 2.8614e-10 TSX
20121224 20130516 -1.2549e-06 5.6847e-10 TSX
20121229 20130407 -1.8219e-05 6.5629e-10 TSX
20130104 20130217 3.2583e-05 7.7488e-10 TSX
20130109 20130715 -9.1423e-05 5.3411e-10 TSX
20130112 20140511 7.6999e-06 3.5524e-10 TSX
20130115 20130721 -4.2225e-05 5.1411e-10 TSX
20130126 20130823 0.00020852 5.1258e-10 TSX
20130131 20130429 -9.7371e-06 6.7842e-10 TSX
20130203 20130729 -4.7878e-05 5.2305e-10 TSX
20130211 20130919 -4.1112e-05 4.9601e-10 TSX
20130228 20141209 1.6759e-05 3.1157e-10 TSX
20130311 20130801 -5.0738e-05 5.6843e-10 TSX
20130316 20130623 2.5033e-05 6.563e-10 TSX
20130402 20150122 -1.7594e-05 4.0847e-10 TSX
20130407 20140530 -1.3546e-05 3.8082e-10 TSX
20130421 20171016 9.8433e-06 2.8157e-10 TSX
20130424 20130721 -9.9576e-05 6.6433e-10 TSX
20130429 20130623 -4.3694e-05 7.5584e-10 TSX
20130505 20131028 0.00028915 5.6934e-10 TSX
20130513 20151112 1.5187e-05 3.0249e-10 TSX
20130516 20131017 0.00026248 5.8525e-10 TSX
20130521 20130715 1.1997e-05 7.5586e-10 TSX
20130524 20171129 1.3414e-05 2.758e-10 TSX
20130527 20140627 2.503e-05 3.833e-10 TSX
20130601 20130930 -3.746e-05 6.1694e-10 TSX
20130604 20141217 -3.5513e-06 3.4085e-10 TSX
20130607 20140719 -3.1002e-05 3.7968e-10 TSX
20130612 20150105 -2.6761e-06 3.3853e-10 TSX
20130615 20160106 2.699e-05 3.0972e-10 TSX
20130618 20140708 -1.3401e-05 3.8788e-10 TSX
20130623 20130715 0.00058249 8.6464e-10 TSX
20130629 20130914 0.0002364 6.9687e-10 TSX
20130707 20150130 -1.4416e-06 3.3737e-10 TSX
20130710 20140901 -2.4658e-07 3.7664e-10 TSX
20130715 20130726 -0.0023849 1.0138e-09 TSX
20130721 20131108 -6.1786e-05 6.4315e-10 TSX
20130726 20150517 3.8939e-05 3.197e-10 TSX
20130729 20160904 2.7954e-06 2.7545e-10 TSX
20130801 20151115 -4.96e-06 3.0065e-10 TSX
20130817 20140209 -1.15e-05 5.4091e-10 TSX
20130828 20150312 -1.0231e-05 3.4044e-10 TSX
20130903 20150329 6.4178e-05 3.3886e-10 TSX
20130919 20160309 7.2786e-06 2.8253e-10 TSX
20130925 20140708 -5.2438e-05 4.6893e-10 TSX
20130930 20160411 3.0664e-05 2.9686e-10 TSX
20131011 20150802 2.1945e-05 3.1991e-10 TSX
20131017 20140719 2.6232e-05 4.5125e-10 TSX
20131028 20160304 -3.7916e-05 4.4073e-10 TSX
20131102 20140519 6.0364e-05 5.1707e-10 TSX
20131108 20140708 -9.0091e-05 4.9175e-10 TSX
20140209 20160309 4.548e-06 3.0406e-10 TSX
20140223 20140829 -7.9796e-06 5.1107e-10 TSX
20140408 20140705 -1.2873e-05 6.6163e-10 TSX
20140419 20170913 1.7141e-05 2.7943e-10 TSX
20140511 20141228 1.315e-06 4.7008e-10 TSX
20140519 20150824 -1.0352e-05 3.6441e-10 TSX
20140624 20171005 5.0274e-06 2.6696e-10 TSX
20140627 20151115 -3.0393e-05 3.4704e-10 TSX
20140705 20180911 3.1209e-06 2.5919e-10 TSX
20140708 20160406 6.5856e-06 3.121e-10 TSX
20140716 20171005 -2.4315e-06 2.7893e-10 TSX
20140719 20151207 -1.346e-05 3.4083e-10 TSX
20140727 20150326 -2.2149e-05 4.6137e-10 TSX
20140810 20150122 6.1992e-05 5.4887e-10 TSX
20140818 20160301 1.5932e-05 3.2777e-10 TSX
20140829 20160208 1.3237e-05 3.4568e-10 TSX
20140901 20140912 -0.00027519 9.7017e-10 TSX
20140912 20141209 3.2857e-06 6.6433e-10 TSX
20140920 20170902 2.2467e-05 2.6586e-10 TSX
20141209 20160211 -2.7234e-05 3.6392e-10 TSX
20141217 20160722 1.4087e-05 3.1831e-10 TSX
20141228 20160106 4.5018e-06 3.824e-10 TSX
20141231 20151024 -3.0575e-05 4.2521e-10 TSX
20150105 20150824 -2.8203e-05 4.8648e-10 TSX
20150108 20170811 3.5926e-05 2.8508e-10 TSX
20150119 20160117 3.3116e-05 3.8685e-10 TSX
20150127 20160411 -1.8037e-05 3.7478e-10 TSX
20150130 20151112 3.6946e-06 4.2843e-10 TSX
20150210 20170114 2.3643e-05 3.0795e-10 TSX
20150213 20160326 -0.00013698 4.4745e-10 TSX
20150218 20160216 -8.7838e-06 4.0283e-10 TSX
20150221 20180112 1.913e-05 3.0408e-10 TSX
20150304 20180911 7.7319e-06 2.7297e-10 TSX
20150307 20160211 -1.886e-05 4.0144e-10 TSX
20150312 20160320 1.203e-05 3.9734e-10 TSX
20150326 20150827 6.9236e-05 5.4969e-10 TSX
20150329 20151207 -3.1747e-05 4.5489e-10 TSX
20150428 20160425 3.513e-05 3.8766e-10 TSX
20150509 20150827 6.2522e-05 6.1826e-10 TSX
20150517 20150824 -0.00016081 6.5648e-10 TSX
20150520 20180911 1.7008e-05 2.7523e-10 TSX
20150714 20170822 2.1018e-06 2.9956e-10 TSX
20150725 20170924 1.2676e-05 2.9836e-10 TSX
20150802 20160309 -1.3072e-05 4.9609e-10 TSX
20150805 20160403 -7.703e-06 4.6111e-10 TSX
20150816 20171107 1.8772e-05 2.916e-10 TSX
20150824 20150915 0.00054779 8.6454e-10 TSX
20150827 20170902 1.7039e-05 3.0428e-10 TSX
20150915 20160216 5.4108e-05 5.6806e-10 TSX
20151021 20160904 -5.8019e-05 4.155e-10 TSX
20151101 20171016 1.5967e-05 2.9639e-10 TSX
20151112 20160425 3.0455e-05 5.3591e-10 TSX
20151115 20151229 0.00013401 7.7488e-10 TSX
20151123 20171221 4.1089e-06 2.9645e-10 TSX
20151204 20151215 0.00016025 9.8039e-10 TSX
20151207 20160406 -3.2231e-05 6.0216e-10 TSX
20151215 20170822 2.4533e-05 3.1559e-10 TSX
20151226 20161223 2.4402e-05 3.9441e-10 TSX
20151229 20160211 1.8564e-05 7.7488e-10 TSX
20160106 20161223 2.1438e-05 3.9825e-10 TSX
20160117 20160926 2.7184e-05 4.5275e-10 TSX
20160128 20160301 -0.00013658 8.0874e-10 TSX
20160208 20160312 -9.0218e-05 8.0874e-10 TSX
20160216 20160309 -0.00032832 8.6454e-10 TSX
20160219 20180319 4.8795e-06 2.9847e-10 TSX
20160301 20161201 5.2992e-05 4.3825e-10 TSX
20160304 20160326 3.6386e-05 8.5093e-10 TSX
20160312 20180319 1.1577e-05 2.9893e-10 TSX
20160320 20160411 0.00035601 8.6455e-10 TSX
20160323 20171118 3.2168e-05 3.1838e-10 TSX
20160326 20160406 -0.00049353 9.701e-10 TSX
20160403 20171027 3.9791e-05 3.2421e-10 TSX
20160425 20170811 3.7802e-05 3.4751e-10 TSX
20160528 20160630 -7.2736e-05 8.0874e-10 TSX
20160630 20171118 3.568e-05 3.3742e-10 TSX
20160722 20161201 0.00012229 5.8126e-10 TSX
20160904 20180707 3.0549e-05 3.2439e-10 TSX
20160915 20180911 3.6448e-06 3.0292e-10 TSX
20160926 20170114 4.5948e-05 6.1801e-10 TSX
20161201 20171027 -2.1954e-06 4.0651e-10 TSX
20161223 20171107 -8.2476e-06 4.0866e-10 TSX
20170114 20170902 3.4189e-06 4.6899e-10 TSX
20170811 20171005 -5.9082e-05 7.427e-10 TSX
20170822 20180707 -2.2213e-05 4.1358e-10 TSX
20170913 20180707 -5.6209e-05 4.243e-10 TSX
20170924 20180319 -3.7678e-05 5.2316e-10 TSX
20171005 20171107 5.1083e-05 8.0874e-10 TSX
20171016 20180319 -1.8294e-05 5.5002e-10 TSX
20171027 20180911 -1.2227e-05 4.1365e-10 TSX
20171107 20171118 8.3007e-05 9.8039e-10 TSX
20171118 20171129 5.4567e-05 9.8039e-10 TSX
20171129 20171221 -3.398e-05 8.5311e-10 TSX
20171210 20180820 -2.7691e-05 4.5354e-10 TSX
20171221 20180911 1.9718e-07 4.4585e-10 TSX
20180112 20181003 1.5316e-06 4.4572e-10 TSX
20180319 20180707 -4.2732e-05 6.1802e-10 TSX
20180707 20180911 0.00016476 7.1346e-10 TSX
20180729 20181003 1.7331e-05 7.1346e-10 TSX
20180820 20181003 0.00011779 7.742e-10 TSX
20180911 20181003 -0.00014325 8.5311e-10 TSX
