20030427 20030914 3.824e-05 5.6672e-10 ERS2
20030914 20080629 1.7485e-05 2.8957e-10 ERS2
20050918 20090510 9.4152e-05 3.013e-10 ERS2
20051127 20081116 0.00010722 3.1989e-10 ERS2
20060903 20090510 -1.7565e-05 3.0829e-10 ERS2
20061231 20090105 0.0004807 3.1383e-10 ALOS
20070402 20070703 7.2995e-05 6.6619e-10 ALOS
20070518 20091008 0.00028138 3.0802e-10 ALOS
20070818 20071003 7.2017e-06 7.7507e-10 ALOS
20071217 20100509 0.0002029 3.0225e-10 ALOS
20080103 20100526 0.00050008 3.1629e-10 ALOS
20080404 20080520 6.9767e-05 7.7509e-10 ALOS
20080618 20090921 0.00028798 3.7205e-10 ALOS
20080629 20090510 -0.00039644 4.1264e-10 ERS2
20080705 20091008 0.0003669 3.6602e-10 ALOS
20080803 20090823 -3.0516e-06 3.8275e-10 ERS2
20081116 20090823 0.0001373 4.3197e-10 ERS2
20081219 20090921 0.00053688 4.4721e-10 ALOS
20090105 20090708 0.00016328 5.284e-10 ALOS
20090510 20091101 0.00075067 5.2065e-10 ERS2
20090708 20091008 0.00092026 6.6629e-10 ALOS
20090823 20091101 0.00014176 6.9854e-10 ERS2
20091222 20100624 0.00048337 5.2817e-10 ALOS
20100108 20100223 0.00039719 7.7539e-10 ALOS
20100223 20100526 -6.0139e-05 6.662e-10 ALOS
20100410 20100711 -2.5183e-05 6.6643e-10 ALOS
20100509 20100624 0.00058431 7.731e-10 ALOS
20100526 20100711 0.00039308 7.7508e-10 ALOS
20100624 20101109 0.00032765 5.8398e-10 ALOS
20100711 20101011 0.00042456 6.6627e-10 ALOS
20100809 20101109 0.00021631 6.6353e-10 ALOS
20101011 20101126 7.6243e-05 7.7507e-10 ALOS
20110111 20110226 0.00068934 7.7504e-10 ALOS
20110924 20130715 0.00026014 3.2431e-10 TSX
20111005 20121229 0.00025444 3.7133e-10 TSX
20111121 20171221 1.0214e-05 3.4049e-10 TSX
20111221 20130131 0.00029958 3.8575e-10 TSX
20111224 20121027 6.5954e-05 4.1958e-10 TSX
20120126 20140419 -1.0953e-06 3.2753e-10 TSX
20120203 20160320 9.725e-05 3.2219e-10 TSX
20120206 20171107 -1.2867e-05 3.6509e-10 TSX
20120617 20171129 6.2705e-05 3.6401e-10 TSX
20120723 20160120 0.00014146 3.6117e-10 TSX
20121024 20130109 -3.0441e-05 7.0154e-10 TSX
20121027 20151226 7.2119e-05 3.0852e-10 TSX
20121030 20130311 0.00012112 5.8465e-10 TSX
20121107 20171118 3.7864e-05 3.6589e-10 TSX
20121221 20160208 4.4402e-05 3.1971e-10 TSX
20121224 20130516 -1.9028e-05 5.6849e-10 TSX
20121229 20130407 0.00029748 6.5606e-10 TSX
20130104 20130217 0.00017376 7.7306e-10 TSX
20130109 20130715 0.00027603 5.2854e-10 TSX
20130112 20140511 3.8124e-05 3.5687e-10 TSX
20130115 20130721 4.8884e-05 5.1395e-10 TSX
20130126 20130823 9.2442e-05 5.4131e-10 TSX
20130131 20130429 -1.8517e-05 6.7795e-10 TSX
20130203 20130729 0.00014725 5.2306e-10 TSX
20130211 20130919 0.00023823 4.9591e-10 TSX
20130228 20141209 0.00025888 3.2326e-10 TSX
20130311 20130801 0.00018921 5.6844e-10 TSX
20130316 20130623 0.00011206 6.5607e-10 TSX
20130402 20150122 8.8118e-05 3.3574e-10 TSX
20130407 20140530 0.00019561 3.8189e-10 TSX
20130421 20171016 6.4405e-05 3.1757e-10 TSX
20130424 20130721 -9.0314e-05 6.6401e-10 TSX
20130429 20130623 3.847e-05 7.5403e-10 TSX
20130505 20131028 -0.00053205 5.7526e-10 TSX
20130513 20151112 0.00014883 3.3069e-10 TSX
20130516 20131017 1.4574e-05 5.9018e-10 TSX
20130521 20130715 0.00025208 7.5405e-10 TSX
20130524 20171129 -3.8536e-06 3.5884e-10 TSX
20130527 20140627 0.00025926 3.8405e-10 TSX
20130601 20130930 0.00035051 6.1696e-10 TSX
20130604 20141217 7.4767e-05 3.4508e-10 TSX
20130607 20140719 0.0003614 3.8045e-10 TSX
20130612 20150105 0.00025981 3.4288e-10 TSX
20130615 20160106 1.2237e-05 3.2895e-10 TSX
20130618 20140708 0.00028814 3.8815e-10 TSX
20130623 20130715 0.00066246 8.6137e-10 TSX
20130629 20130914 0.00036094 7.0134e-10 TSX
20130707 20150130 4.0889e-05 3.4654e-10 TSX
20130710 20140901 0.0003093 3.7775e-10 TSX
20130715 20130726 -0.0023754 1.0104e-09 TSX
20130721 20131108 0.0007858 6.7584e-10 TSX
20130726 20150517 0.00025912 3.4111e-10 TSX
20130729 20160904 -1.9945e-05 3.3764e-10 TSX
20130801 20151115 0.0002415 3.2607e-10 TSX
20130817 20140209 0.00026675 5.4094e-10 TSX
20130828 20150312 0.00025656 3.4797e-10 TSX
20130903 20150329 -0.00018273 3.5151e-10 TSX
20130919 20160309 0.00015783 3.2709e-10 TSX
20130925 20140708 0.00029465 4.5255e-10 TSX
20130930 20160411 0.00011023 3.3546e-10 TSX
20131011 20150802 0.00025673 3.3914e-10 TSX
20131017 20140719 0.00020224 4.433e-10 TSX
20131028 20160304 -0.00017229 3.3553e-10 TSX
20131102 20140519 -7.4103e-05 5.1709e-10 TSX
20131108 20140708 0.00024077 4.8502e-10 TSX
20140209 20160309 0.00022766 3.5568e-10 TSX
20140223 20140829 0.00012078 5.111e-10 TSX
20140408 20140705 5.1108e-07 6.6127e-10 TSX
20140419 20170913 2.0721e-05 3.3955e-10 TSX
20140511 20141228 0.00015262 4.7018e-10 TSX
20140519 20150824 0.00033367 3.8201e-10 TSX
20140624 20171005 0.00011768 3.3983e-10 TSX
20140627 20151115 0.00035529 3.6661e-10 TSX
20140705 20180911 -1.7372e-05 3.2888e-10 TSX
20140708 20160406 0.00031514 3.5899e-10 TSX
20140716 20171005 4.8468e-05 3.2982e-10 TSX
20140719 20151207 0.00027793 3.5304e-10 TSX
20140727 20150326 3.8354e-05 4.6163e-10 TSX
20140810 20150122 0.00017959 5.4094e-10 TSX
20140818 20160301 0.00011243 3.632e-10 TSX
20140829 20160208 0.00016736 3.5671e-10 TSX
20140901 20140912 -0.0003211 9.6722e-10 TSX
20140912 20141209 0.0001459 6.6401e-10 TSX
20140920 20170902 0.00016751 3.3028e-10 TSX
20141209 20160211 0.00022305 3.7864e-10 TSX
20141217 20160722 0.00010782 3.4553e-10 TSX
20141228 20160106 0.00011956 4.0106e-10 TSX
20141231 20151024 0.00030277 4.3361e-10 TSX
20150105 20150824 0.0002085 4.876e-10 TSX
20150108 20170811 -5.767e-06 3.3226e-10 TSX
20150119 20160117 0.00015318 3.9908e-10 TSX
20150127 20160411 0.00035643 3.996e-10 TSX
20150130 20151112 8.1217e-05 4.3515e-10 TSX
20150210 20170114 0.00013839 3.4656e-10 TSX
20150213 20160326 -0.00027062 4.2102e-10 TSX
20150218 20160216 0.00027945 4.0681e-10 TSX
20150221 20180112 0.00017784 3.3294e-10 TSX
20150304 20180911 7.9342e-05 3.3081e-10 TSX
20150307 20160211 0.00031246 4.0694e-10 TSX
20150312 20160320 0.0002719 4.031e-10 TSX
20150326 20150827 0.0002164 5.537e-10 TSX
20150329 20151207 0.00028345 4.5563e-10 TSX
20150428 20160425 0.00015386 4.0755e-10 TSX
20150509 20150827 0.00020106 6.2252e-10 TSX
20150517 20150824 0.00028948 6.571e-10 TSX
20150520 20180911 4.493e-05 3.1698e-10 TSX
20150714 20170822 -6.1391e-05 3.2692e-10 TSX
20150725 20170924 8.1259e-06 3.2891e-10 TSX
20150802 20160309 0.00017306 4.9828e-10 TSX
20150805 20160403 7.4856e-05 4.6319e-10 TSX
20150816 20171107 0.00011771 3.2913e-10 TSX
20150824 20150915 0.0008073 8.6127e-10 TSX
20150827 20170902 0.00010651 3.3805e-10 TSX
20150915 20160216 -2.6499e-05 5.6796e-10 TSX
20151021 20160904 -3.851e-06 4.1706e-10 TSX
20151101 20171016 0.00013207 3.3422e-10 TSX
20151112 20160425 3.357e-05 5.3611e-10 TSX
20151115 20151229 0.00018666 7.7306e-10 TSX
20151123 20171221 -3.1686e-05 3.2008e-10 TSX
20151204 20151215 0.00017333 9.7731e-10 TSX
20151207 20160406 6.2162e-05 6.0214e-10 TSX
20151215 20170822 0.00013667 3.3775e-10 TSX
20151226 20161223 6.1187e-05 3.9867e-10 TSX
20151229 20160211 1.7403e-05 7.7306e-10 TSX
20160106 20161223 9.2968e-05 3.9932e-10 TSX
20160117 20160926 0.00010021 4.5514e-10 TSX
20160128 20160301 -0.00018036 8.0616e-10 TSX
20160208 20160312 -9.0266e-05 8.0616e-10 TSX
20160216 20160309 -0.00039865 8.6127e-10 TSX
20160219 20180319 4.1203e-05 3.2226e-10 TSX
20160301 20161201 0.00011629 4.3966e-10 TSX
20160304 20160326 2.1726e-05 8.4822e-10 TSX
20160312 20180319 2.6626e-05 3.1597e-10 TSX
20160320 20160411 0.0004314 8.6128e-10 TSX
20160323 20171118 0.00012671 3.3238e-10 TSX
20160326 20160406 -0.00048481 9.6715e-10 TSX
20160403 20171027 0.00011215 3.4417e-10 TSX
20160425 20170811 0.00013175 3.5719e-10 TSX
20160528 20160630 4.4058e-05 8.0616e-10 TSX
20160630 20171118 0.00013694 3.4985e-10 TSX
20160722 20161201 0.00019549 5.8132e-10 TSX
20160904 20180707 -3.934e-06 3.4016e-10 TSX
20160915 20180911 2.8144e-05 3.1444e-10 TSX
20160926 20170114 5.5221e-05 6.1789e-10 TSX
20161201 20171027 4.2865e-05 4.079e-10 TSX
20161223 20171107 3.3793e-05 4.0951e-10 TSX
20170114 20170902 7.1111e-05 4.7013e-10 TSX
20170811 20171005 -3.399e-05 7.4115e-10 TSX
20170822 20180707 -0.00015495 4.1398e-10 TSX
20170913 20180707 -0.00017011 4.2693e-10 TSX
20170924 20180319 -7.372e-05 5.2318e-10 TSX
20171005 20171107 6.8463e-05 8.0616e-10 TSX
20171016 20180319 -6.2043e-05 5.5008e-10 TSX
20171027 20180911 -7.3863e-05 4.1377e-10 TSX
20171107 20171118 8.0502e-05 9.7731e-10 TSX
20171118 20171129 3.9322e-05 9.7731e-10 TSX
20171129 20171221 -1.8107e-05 8.5019e-10 TSX
20171210 20180820 -0.00012537 4.5351e-10 TSX
20171221 20180911 -6.9004e-05 4.4573e-10 TSX
20180112 20181003 -1.4167e-05 4.4577e-10 TSX
20180319 20180707 -0.00023446 6.1798e-10 TSX
20180707 20180911 0.00035879 7.124e-10 TSX
20180729 20181003 0.00016253 7.124e-10 TSX
20180820 20181003 0.0002479 7.7211e-10 TSX
20180911 20181003 -0.00015557 8.5019e-10 TSX
