20030427 20030914 4.4475e-06 6.3851e-10 ERS2
20030914 20080629 -2.78e-05 3.2346e-10 ERS2
20050918 20090510 -3.6945e-07 3.4537e-10 ERS2
20051127 20081116 -6.1328e-05 3.6753e-10 ERS2
20060903 20090510 -0.00023169 3.7653e-10 ERS2
20061231 20090105 -8.1252e-05 3.5449e-10 ALOS
20070402 20070703 -4.4257e-05 7.3002e-10 ALOS
20070518 20091008 4.6546e-05 3.422e-10 ALOS
20070818 20071003 -0.0003815 8.1385e-10 ALOS
20071217 20100509 -7.4479e-05 3.3636e-10 ALOS
20080103 20100526 2.1963e-07 3.4101e-10 ALOS
20080404 20080520 -4.0563e-05 8.1383e-10 ALOS
20080618 20090921 -7.8886e-05 4.2561e-10 ALOS
20080629 20090510 -0.0010756 4.7591e-10 ERS2
20080705 20091008 -2.9322e-05 4.1847e-10 ALOS
20080803 20090823 4.6202e-05 4.4165e-10 ERS2
20081116 20090823 0.00017144 4.9869e-10 ERS2
20081219 20090921 0.00020075 5.1105e-10 ALOS
20090105 20090708 0.00015911 6.0248e-10 ALOS
20090510 20091101 0.00024525 5.9427e-10 ERS2
20090708 20091008 0.00035169 7.3022e-10 ALOS
20090823 20091101 0.00093825 7.554e-10 ERS2
20091222 20100624 2.0618e-05 6.0381e-10 ALOS
20100108 20100223 0.00037603 8.142e-10 ALOS
20100223 20100526 0.00024706 7.3137e-10 ALOS
20100410 20100711 -0.00012416 7.3065e-10 ALOS
20100509 20100624 0.00057008 8.1198e-10 ALOS
20100526 20100711 0.00036485 8.1391e-10 ALOS
20100624 20101109 2.0812e-05 6.5551e-10 ALOS
20100711 20101011 -0.0001789 7.2989e-10 ALOS
20100809 20101109 6.8065e-05 7.2709e-10 ALOS
20101011 20101126 0.00031063 8.1388e-10 ALOS
20110111 20110226 0.00067744 8.138e-10 ALOS
20110924 20130715 5.7504e-05 3.718e-10 TSX
20111005 20121229 -2.2779e-06 4.3174e-10 TSX
20111121 20171221 -2.4137e-05 3.7691e-10 TSX
20111221 20130131 1.8733e-06 4.4049e-10 TSX
20111224 20121027 -3.6924e-06 4.8563e-10 TSX
20120126 20140419 -1.5668e-05 3.4803e-10 TSX
20120203 20160320 1.9136e-05 3.5298e-10 TSX
20120206 20171107 -2.7966e-05 3.2205e-10 TSX
20120617 20171129 -1.3235e-05 3.5689e-10 TSX
20120723 20160120 5.1684e-05 3.9932e-10 TSX
20121024 20130109 3.8506e-05 7.596e-10 TSX
20121027 20151226 -1.193e-05 3.1533e-10 TSX
20121030 20130311 0.00010161 6.5523e-10 TSX
20121107 20171118 -2.7206e-05 3.4272e-10 TSX
20121221 20160208 3.5096e-06 3.3881e-10 TSX
20121224 20130516 -4.183e-05 6.3965e-10 TSX
20121229 20130407 -8.1919e-05 7.2194e-10 TSX
20130104 20130217 9.8955e-05 8.1086e-10 TSX
20130109 20130715 0.00016858 6.4325e-10 TSX
20130112 20140511 -3.2966e-05 4.1251e-10 TSX
20130115 20130721 -2.7122e-05 5.9117e-10 TSX
20130126 20130823 -0.0002655 5.7178e-10 TSX
20130131 20130429 0.00011525 7.4028e-10 TSX
20130203 20130729 -3.4786e-05 5.9875e-10 TSX
20130211 20130919 -5.4217e-05 5.6796e-10 TSX
20130228 20141209 3.1109e-05 4.1517e-10 TSX
20130311 20130801 -9.5686e-05 6.4187e-10 TSX
20130316 20130623 5.1654e-05 7.2191e-10 TSX
20130402 20150122 -9.0609e-05 3.7364e-10 TSX
20130407 20140530 0.00013578 4.4062e-10 TSX
20130421 20171016 -1.8588e-05 3.3779e-10 TSX
20130424 20130721 -0.00014737 7.2644e-10 TSX
20130429 20130623 -0.00010719 7.9924e-10 TSX
20130505 20131028 0.00010114 6.1356e-10 TSX
20130513 20151112 3.6515e-05 3.8251e-10 TSX
20130516 20131017 -0.00048697 6.8316e-10 TSX
20130521 20130715 0.00015859 7.9925e-10 TSX
20130524 20171129 -1.4778e-05 3.3596e-10 TSX
20130527 20140627 4.4048e-05 4.4482e-10 TSX
20130601 20130930 -4.7446e-05 6.8733e-10 TSX
20130604 20141217 -8.9531e-06 3.9034e-10 TSX
20130607 20140719 -4.7034e-05 4.3629e-10 TSX
20130612 20150105 2.176e-05 3.8835e-10 TSX
20130615 20160106 -1.8887e-05 3.6274e-10 TSX
20130618 20140708 -3.1618e-05 4.447e-10 TSX
20130623 20130715 0.00064431 8.817e-10 TSX
20130629 20130914 8.7888e-05 7.5725e-10 TSX
20130707 20150130 -2.3426e-05 3.9245e-10 TSX
20130710 20140901 -1.884e-05 4.3003e-10 TSX
20130715 20130726 -0.0024306 1.0246e-09 TSX
20130721 20131108 3.5368e-05 7.3601e-10 TSX
20130726 20150517 6.3432e-05 3.964e-10 TSX
20130729 20160904 -6.4534e-06 3.2652e-10 TSX
20130801 20151115 -5.4675e-06 3.7855e-10 TSX
20130817 20140209 -6.9941e-05 6.1392e-10 TSX
20130828 20150312 -2.9395e-05 3.9247e-10 TSX
20130903 20150329 -9.7294e-06 5.2938e-10 TSX
20130919 20160309 1.2745e-05 3.6179e-10 TSX
20130925 20140708 -7.8406e-05 5.4713e-10 TSX
20130930 20160411 -1.0363e-05 3.7178e-10 TSX
20131011 20150802 1.1516e-05 4.5425e-10 TSX
20131017 20140719 7.0636e-05 5.8342e-10 TSX
20131028 20160304 0.00014751 3.1432e-10 TSX
20131102 20140519 0.0001701 5.8921e-10 TSX
20131108 20140708 -0.00041105 5.5766e-10 TSX
20140209 20160309 6.2172e-05 4.0207e-10 TSX
20140223 20140829 1.5465e-05 5.862e-10 TSX
20140408 20140705 -3.6926e-06 7.2696e-10 TSX
20140419 20170913 4.0886e-06 3.8843e-10 TSX
20140511 20141228 3.6264e-05 5.4242e-10 TSX
20140519 20150824 -4.4396e-05 4.6555e-10 TSX
20140624 20171005 -1.5753e-07 3.2702e-10 TSX
20140627 20151115 -9.4681e-05 3.9096e-10 TSX
20140705 20180911 4.2e-06 3.6568e-10 TSX
20140708 20160406 1.9458e-05 4.4621e-10 TSX
20140716 20171005 -4.4833e-06 3.1634e-10 TSX
20140719 20151207 -1.989e-05 3.8663e-10 TSX
20140727 20150326 -2.8744e-05 5.3309e-10 TSX
20140810 20150122 1.6197e-05 6.6771e-10 TSX
20140818 20160301 6.4132e-06 3.7302e-10 TSX
20140829 20160208 -1.8952e-05 4.4663e-10 TSX
20140901 20140912 -0.00026836 9.8051e-10 TSX
20140912 20141209 -9.7558e-06 7.2644e-10 TSX
20140920 20170902 5.8366e-07 3.3612e-10 TSX
20141209 20160211 -5.9791e-05 4.5807e-10 TSX
20141217 20160722 -1.0807e-05 3.9541e-10 TSX
20141228 20160106 -1.4808e-05 4.4297e-10 TSX
20141231 20151024 -4.6243e-05 4.9008e-10 TSX
20150105 20150824 -2.7109e-06 5.6452e-10 TSX
20150108 20170811 -1.0379e-05 3.4203e-10 TSX
20150119 20160117 4.1834e-05 4.5031e-10 TSX
20150127 20160411 2.8668e-05 4.8504e-10 TSX
20150130 20151112 5.8376e-05 4.9623e-10 TSX
20150210 20170114 -1.9837e-05 3.5298e-10 TSX
20150213 20160326 3.6422e-05 4.556e-10 TSX
20150218 20160216 -1.7587e-05 4.7195e-10 TSX
20150221 20180112 2.2699e-05 4.7872e-10 TSX
20150304 20180911 2.1085e-06 3.2161e-10 TSX
20150307 20160211 -8.15e-05 4.608e-10 TSX
20150312 20160320 2.555e-07 4.6013e-10 TSX
20150326 20150827 6.1501e-05 6.2551e-10 TSX
20150329 20151207 -7.0898e-05 5.2585e-10 TSX
20150428 20160425 1.7327e-05 4.4725e-10 TSX
20150509 20150827 5.6286e-05 6.919e-10 TSX
20150517 20150824 -0.00018407 7.2836e-10 TSX
20150520 20180911 -1.0785e-05 3.5291e-10 TSX
20150714 20170822 -1.7402e-05 3.7632e-10 TSX
20150725 20170924 -1.5165e-05 3.7174e-10 TSX
20150802 20160309 -6.2918e-05 5.7098e-10 TSX
20150805 20160403 1.6507e-05 5.3416e-10 TSX
20150816 20171107 -3.9976e-06 3.5293e-10 TSX
20150824 20150915 0.00057047 8.816e-10 TSX
20150827 20170902 4.0911e-06 3.5843e-10 TSX
20150915 20160216 2.3791e-05 6.4057e-10 TSX
20151021 20160904 -4.7205e-06 4.7768e-10 TSX
20151101 20171016 1.5332e-08 3.4522e-10 TSX
20151112 20160425 -2.0892e-05 6.1187e-10 TSX
20151115 20151229 0.00014556 8.1086e-10 TSX
20151123 20171221 -3.4293e-05 3.4565e-10 TSX
20151204 20151215 0.00014965 9.9054e-10 TSX
20151207 20160406 -5.3826e-05 6.7168e-10 TSX
20151215 20170822 1.983e-06 3.5677e-10 TSX
20151226 20161223 1.1626e-05 4.5697e-10 TSX
20151229 20160211 2.3797e-06 8.1086e-10 TSX
20160106 20161223 1.974e-05 4.6134e-10 TSX
20160117 20160926 -8.794e-06 5.2361e-10 TSX
20160128 20160301 -0.00013297 8.3574e-10 TSX
20160208 20160312 -7.0322e-05 8.3574e-10 TSX
20160216 20160309 -0.00033316 8.816e-10 TSX
20160219 20180319 -8.8847e-06 3.4464e-10 TSX
20160301 20161201 4.1914e-07 5.0765e-10 TSX
20160304 20160326 1.7597e-05 8.6823e-10 TSX
20160312 20180319 -2.6133e-05 3.5159e-10 TSX
20160320 20160411 0.00039064 8.8161e-10 TSX
20160323 20171118 -5.702e-06 3.7002e-10 TSX
20160326 20160406 -0.0004988 9.8042e-10 TSX
20160403 20171027 3.8208e-05 3.8126e-10 TSX
20160425 20170811 4.3202e-05 4.0056e-10 TSX
20160528 20160630 -2.4965e-06 8.3574e-10 TSX
20160630 20171118 2.4414e-05 3.9102e-10 TSX
20160722 20161201 7.0089e-05 6.5606e-10 TSX
20160904 20180707 -2.705e-06 3.7127e-10 TSX
20160915 20180911 1.5768e-05 3.5062e-10 TSX
20160926 20170114 3.076e-05 6.8972e-10 TSX
20161201 20171027 1.6758e-05 4.7126e-10 TSX
20161223 20171107 -3.8003e-06 4.7129e-10 TSX
20170114 20170902 1.1449e-05 5.4004e-10 TSX
20170811 20171005 -5.2365e-05 7.8895e-10 TSX
20170822 20180707 -1.2396e-05 4.789e-10 TSX
20170913 20180707 -5.6831e-06 4.9467e-10 TSX
20170924 20180319 -6.5331e-05 5.9874e-10 TSX
20171005 20171107 6.4225e-05 8.3574e-10 TSX
20171016 20180319 -2.6929e-05 6.2581e-10 TSX
20171027 20180911 1.3506e-06 4.7887e-10 TSX
20171107 20171118 7.7645e-05 9.9054e-10 TSX
20171118 20171129 4.6103e-05 9.9054e-10 TSX
20171129 20171221 -3.3334e-05 8.7049e-10 TSX
20171210 20180820 -6.2254e-05 5.241e-10 TSX
20171221 20180911 2.7157e-05 5.1552e-10 TSX
20180112 20181003 3.2402e-05 5.1546e-10 TSX
20180319 20180707 -5.9321e-05 6.8974e-10 TSX
20180707 20180911 0.00014669 7.6754e-10 TSX
20180729 20181003 2.7883e-05 7.6754e-10 TSX
20180820 20181003 0.00011243 8.1124e-10 TSX
20180911 20181003 -0.00014852 8.705e-10 TSX
