20030427 20030914 0.00038353 5.7012e-10 ERS2
20030914 20080629 -3.6861e-05 2.6361e-10 ERS2
20050918 20090510 -4.5909e-05 3.0688e-10 ERS2
20051127 20081116 0.00021678 3.1487e-10 ERS2
20060903 20090510 -6.5677e-05 3.1479e-10 ERS2
20061231 20090105 -1.4724e-05 3.1073e-10 ALOS
20070402 20070703 -8.3351e-05 6.7316e-10 ALOS
20070518 20091008 -1.9074e-05 2.9575e-10 ALOS
20070818 20071003 -0.00047421 7.8368e-10 ALOS
20071217 20100509 -3.6684e-05 2.9711e-10 ALOS
20080103 20100526 2.4751e-05 2.946e-10 ALOS
20080404 20080520 3.5866e-05 7.8369e-10 ALOS
20080618 20090921 -7.1751e-05 3.7125e-10 ALOS
20080629 20090510 -0.00016625 4.1302e-10 ERS2
20080705 20091008 -9.521e-05 3.6463e-10 ALOS
20080803 20090823 2.8727e-05 3.8551e-10 ERS2
20081116 20090823 -1.6043e-05 4.3407e-10 ERS2
20081219 20090921 4.1494e-05 4.4711e-10 ALOS
20090105 20090708 4.4031e-06 5.3053e-10 ALOS
20090510 20091101 0.00036594 5.2374e-10 ERS2
20090708 20091008 0.00011356 6.7316e-10 ALOS
20090823 20091101 0.00026086 7.0876e-10 ERS2
20091222 20100624 3.3767e-05 5.2762e-10 ALOS
20100108 20100223 -0.00020705 7.8362e-10 ALOS
20100223 20100526 3.3464e-05 6.7336e-10 ALOS
20100410 20100711 -0.00022419 6.7316e-10 ALOS
20100509 20100624 0.00080656 7.8133e-10 ALOS
20100526 20100711 0.00035484 7.8369e-10 ALOS
20100624 20101109 -0.0002119 5.8774e-10 ALOS
20100711 20101011 -0.00029619 6.7318e-10 ALOS
20100809 20101109 -0.00010531 6.6994e-10 ALOS
20101011 20101126 0.00026259 7.8369e-10 ALOS
20110111 20110226 0.00056576 7.8368e-10 ALOS
20110924 20130715 2.7567e-05 3.219e-10 TSX
20111005 20121229 3.659e-06 3.6875e-10 TSX
20111121 20171221 -1.9023e-05 2.9771e-10 TSX
20111221 20130131 4.0903e-05 3.8568e-10 TSX
20111224 20121027 -2.2957e-05 4.208e-10 TSX
20120126 20140419 1.1953e-05 2.9212e-10 TSX
20120203 20160320 -1.4537e-05 2.4462e-10 TSX
20120206 20171107 -1.0991e-06 2.8494e-10 TSX
20120617 20171129 -6.7927e-07 2.8634e-10 TSX
20120723 20160120 3.0083e-05 2.5494e-10 TSX
20121024 20130109 0.00015644 7.1014e-10 TSX
20121027 20151226 8.5189e-06 2.6398e-10 TSX
20121030 20130311 1.2188e-05 5.8746e-10 TSX
20121107 20171118 7.781e-06 2.6904e-10 TSX
20121221 20160208 2.127e-05 2.6811e-10 TSX
20121224 20130516 -9.6401e-05 5.7085e-10 TSX
20121229 20130407 1.1987e-05 6.6334e-10 TSX
20130104 20130217 -4.1146e-05 7.8045e-10 TSX
20130109 20130715 1.1835e-05 5.3161e-10 TSX
20130112 20140511 1.8541e-05 3.5684e-10 TSX
20130115 20130721 -0.00016082 5.1524e-10 TSX
20130126 20130823 -0.00025139 4.9617e-10 TSX
20130131 20130429 -6.9993e-05 6.8592e-10 TSX
20130203 20130729 -3.6328e-05 5.2716e-10 TSX
20130211 20130919 -4.1765e-05 4.9824e-10 TSX
20130228 20141209 2.1401e-05 3.1127e-10 TSX
20130311 20130801 -7.0623e-05 5.708e-10 TSX
20130316 20130623 6.1645e-05 6.6334e-10 TSX
20130402 20150122 6.3934e-05 3.1812e-10 TSX
20130407 20140530 -1.0885e-05 3.8103e-10 TSX
20130421 20171016 6.4556e-06 2.7593e-10 TSX
20130424 20130721 -0.0002694 6.6938e-10 TSX
20130429 20130623 -0.00010168 7.6332e-10 TSX
20130505 20131028 -0.00068922 5.534e-10 TSX
20130513 20151112 1.2059e-05 2.7958e-10 TSX
20130516 20131017 -0.00029597 5.658e-10 TSX
20130521 20130715 0.00016067 7.6335e-10 TSX
20130524 20171129 1.0855e-05 2.6807e-10 TSX
20130527 20140627 -1.3556e-05 3.8287e-10 TSX
20130601 20130930 2.6097e-05 6.2286e-10 TSX
20130604 20141217 -3.687e-06 3.4095e-10 TSX
20130607 20140719 -7.8177e-06 3.7938e-10 TSX
20130612 20150105 2.2296e-05 3.3729e-10 TSX
20130615 20160106 1.4283e-05 2.742e-10 TSX
20130618 20140708 -3.5629e-05 3.8722e-10 TSX
20130623 20130715 0.00059244 8.6906e-10 TSX
20130629 20130914 0.00031735 6.9438e-10 TSX
20130707 20150130 1.47e-05 3.4121e-10 TSX
20130710 20140901 -1.8389e-05 3.7577e-10 TSX
20130715 20130726 -0.0025221 1.0172e-09 TSX
20130721 20131108 0.00084747 6.2807e-10 TSX
20130726 20150517 0.00020711 3.2034e-10 TSX
20130729 20160904 4.7668e-06 2.6656e-10 TSX
20130801 20151115 3.8474e-06 2.8508e-10 TSX
20130817 20140209 1.6904e-05 5.4435e-10 TSX
20130828 20150312 1.0111e-07 3.3957e-10 TSX
20130903 20150329 -0.00016999 3.3095e-10 TSX
20130919 20160309 9.7161e-06 2.7584e-10 TSX
20130925 20140708 2.4758e-05 4.3195e-10 TSX
20130930 20160411 1.9743e-05 2.7309e-10 TSX
20131011 20150802 1.0375e-05 3.19e-10 TSX
20131017 20140719 -3.4218e-05 4.3942e-10 TSX
20131028 20160304 -1.9018e-05 4.0562e-10 TSX
20131102 20140519 -0.00015866 5.1986e-10 TSX
20131108 20140708 5.3346e-06 4.6362e-10 TSX
20140209 20160309 -1.6461e-05 3.0433e-10 TSX
20140223 20140829 2.7061e-06 5.1459e-10 TSX
20140408 20140705 7.4667e-06 6.7208e-10 TSX
20140419 20170913 5.3002e-08 2.6421e-10 TSX
20140511 20141228 7.0861e-06 4.7217e-10 TSX
20140519 20150824 7.7869e-05 3.644e-10 TSX
20140624 20171005 9.6639e-06 2.6919e-10 TSX
20140627 20151115 -2.2333e-05 3.3938e-10 TSX
20140705 20180911 9.0873e-06 2.6757e-10 TSX
20140708 20160406 3.1957e-05 3.1119e-10 TSX
20140716 20171005 2.1311e-05 2.6908e-10 TSX
20140719 20151207 4.1362e-06 3.3975e-10 TSX
20140727 20150326 7.6638e-06 4.6343e-10 TSX
20140810 20150122 -2.726e-07 5.409e-10 TSX
20140818 20160301 -6.3045e-06 3.2447e-10 TSX
20140829 20160208 6.2338e-06 3.3061e-10 TSX
20140901 20140912 -0.00031602 9.7279e-10 TSX
20140912 20141209 0.00015449 6.6938e-10 TSX
20140920 20170902 1.7553e-05 2.7003e-10 TSX
20141209 20160211 -3.4335e-05 3.6368e-10 TSX
20141217 20160722 1.2126e-05 3.1882e-10 TSX
20141228 20160106 2.1089e-05 3.8234e-10 TSX
20141231 20151024 1.3678e-05 4.2555e-10 TSX
20150105 20150824 -4.5021e-05 4.8821e-10 TSX
20150108 20170811 -5.0347e-06 2.7922e-10 TSX
20150119 20160117 1.8703e-05 3.8747e-10 TSX
20150127 20160411 6.1286e-05 3.7155e-10 TSX
20150130 20151112 -2.7975e-05 4.2937e-10 TSX
20150210 20170114 2.0359e-05 3.0071e-10 TSX
20150213 20160326 -0.00013413 4.0379e-10 TSX
20150218 20160216 4.0145e-05 4.0356e-10 TSX
20150221 20180112 2.5676e-05 2.8595e-10 TSX
20150304 20180911 9.9191e-06 2.6191e-10 TSX
20150307 20160211 7.0177e-06 4.0099e-10 TSX
20150312 20160320 2.3165e-05 3.9833e-10 TSX
20150326 20150827 -3.3933e-05 5.5465e-10 TSX
20150329 20151207 -1.8047e-05 4.5554e-10 TSX
20150428 20160425 7.7991e-06 3.8691e-10 TSX
20150509 20150827 -7.9545e-05 6.2648e-10 TSX
20150517 20150824 -0.00024255 6.6335e-10 TSX
20150520 20180911 -4.6585e-06 2.7416e-10 TSX
20150714 20170822 -4.3988e-06 2.879e-10 TSX
20150725 20170924 -1.4649e-05 2.8806e-10 TSX
20150802 20160309 3.406e-05 4.9823e-10 TSX
20150805 20160403 -4.0209e-05 4.6303e-10 TSX
20150816 20171107 -1.135e-05 2.8541e-10 TSX
20150824 20150915 0.00067874 8.6895e-10 TSX
20150827 20170902 -6.5546e-06 2.9515e-10 TSX
20150915 20160216 -4.2594e-05 5.7239e-10 TSX
20151021 20160904 -6.6208e-06 4.1351e-10 TSX
20151101 20171016 -1.253e-05 2.991e-10 TSX
20151112 20160425 4.9599e-05 5.4081e-10 TSX
20151115 20151229 0.00019055 7.8045e-10 TSX
20151123 20171221 -1.2746e-06 2.9234e-10 TSX
20151204 20151215 0.0001186 9.8536e-10 TSX
20151207 20160406 -1.8877e-05 6.0548e-10 TSX
20151215 20170822 2.5036e-05 3.1307e-10 TSX
20151226 20161223 -1.8676e-05 3.9542e-10 TSX
20151229 20160211 -3.3571e-06 7.8045e-10 TSX
20160106 20161223 -1.1348e-05 3.9981e-10 TSX
20160117 20160926 -1.5118e-05 4.5468e-10 TSX
20160128 20160301 -0.00016141 8.1748e-10 TSX
20160208 20160312 -0.00010032 8.1748e-10 TSX
20160216 20160309 -0.00044689 8.6895e-10 TSX
20160219 20180319 -1.2529e-05 2.9628e-10 TSX
20160301 20161201 1.4249e-05 4.4014e-10 TSX
20160304 20160326 6.1789e-05 8.5457e-10 TSX
20160312 20180319 -7.4242e-06 2.9829e-10 TSX
20160320 20160411 0.00040706 8.6896e-10 TSX
20160323 20171118 -1.1623e-05 3.1756e-10 TSX
20160326 20160406 -0.00056608 9.7271e-10 TSX
20160403 20171027 -2.1159e-06 3.2055e-10 TSX
20160425 20170811 -8.2411e-06 3.4603e-10 TSX
20160528 20160630 -3.4986e-05 8.1748e-10 TSX
20160630 20171118 -9.2343e-06 3.3926e-10 TSX
20160722 20161201 5.7608e-05 5.8795e-10 TSX
20160904 20180707 6.8279e-06 3.266e-10 TSX
20160915 20180911 2.96e-06 2.993e-10 TSX
20160926 20170114 8.424e-05 6.2657e-10 TSX
20161201 20171027 -2.4804e-05 4.0758e-10 TSX
20161223 20171107 1.7702e-05 4.0963e-10 TSX
20170114 20170902 -5.8647e-05 4.712e-10 TSX
20170811 20171005 -3.5473e-05 7.5394e-10 TSX
20170822 20180707 3.3441e-05 4.153e-10 TSX
20170913 20180707 1.0822e-05 4.2644e-10 TSX
20170924 20180319 4.1329e-05 5.2729e-10 TSX
20171005 20171107 3.0988e-05 8.1748e-10 TSX
20171016 20180319 3.147e-05 5.5553e-10 TSX
20171027 20180911 3.3008e-05 4.1542e-10 TSX
20171107 20171118 6.8259e-05 9.8536e-10 TSX
20171118 20171129 5.3274e-05 9.8536e-10 TSX
20171129 20171221 -2.8556e-05 8.5984e-10 TSX
20171210 20180820 3.4118e-05 4.5512e-10 TSX
20171221 20180911 3.9765e-05 4.474e-10 TSX
20180112 20181003 5.0343e-05 4.4744e-10 TSX
20180319 20180707 6.8112e-06 6.2658e-10 TSX
20180707 20180911 0.00012743 7.2492e-10 TSX
20180729 20181003 -4.8129e-05 7.2492e-10 TSX
20180820 20181003 0.00011131 7.8454e-10 TSX
20180911 20181003 -0.00016351 8.5985e-10 TSX
