20030427 20030914 2.7568e-05 5.6413e-10 ERS2
20030914 20080629 -7.7694e-05 2.7427e-10 ERS2
20050918 20090510 6.8772e-06 2.974e-10 ERS2
20051127 20081116 -0.00023189 2.9983e-10 ERS2
20060903 20090510 0.00015712 3.023e-10 ERS2
20061231 20090105 9.8319e-05 3.2348e-10 ALOS
20070402 20070703 2.6681e-05 6.6614e-10 ALOS
20070518 20091008 6.3277e-05 3.3328e-10 ALOS
20070818 20071003 -0.00024439 7.7638e-10 ALOS
20071217 20100509 -9.6478e-05 3.0637e-10 ALOS
20080103 20100526 -0.00014702 3.5342e-10 ALOS
20080404 20080520 -5.6681e-05 7.765e-10 ALOS
20080618 20090921 -2.6786e-05 3.7321e-10 ALOS
20080629 20090510 -0.00025526 4.1395e-10 ERS2
20080705 20091008 5.5112e-06 3.6599e-10 ALOS
20080803 20090823 -5.3075e-05 3.8304e-10 ERS2
20081116 20090823 -1.2016e-05 4.3213e-10 ERS2
20081219 20090921 -3.5064e-05 4.474e-10 ALOS
20090105 20090708 4.2887e-05 5.3045e-10 ALOS
20090510 20091101 -3.5219e-05 5.2131e-10 ERS2
20090708 20091008 0.00020301 6.6698e-10 ALOS
20090823 20091101 -3.4368e-05 6.9863e-10 ERS2
20091222 20100624 0.00012025 5.2714e-10 ALOS
20100108 20100223 0.00054274 7.7776e-10 ALOS
20100223 20100526 -0.0002964 6.6768e-10 ALOS
20100410 20100711 3.2052e-06 6.6717e-10 ALOS
20100509 20100624 0.00061378 7.7421e-10 ALOS
20100526 20100711 0.00042538 7.7637e-10 ALOS
20100624 20101109 -8.8088e-06 5.8417e-10 ALOS
20100711 20101011 -0.00023002 6.6673e-10 ALOS
20100809 20101109 -1.8352e-05 6.639e-10 ALOS
20101011 20101126 0.00031293 7.7634e-10 ALOS
20110111 20110226 0.00049559 7.7633e-10 ALOS
20110924 20130715 3.3886e-06 3.2346e-10 TSX
20111005 20121229 1.7571e-06 3.6982e-10 TSX
20111121 20171221 1.2075e-05 3.286e-10 TSX
20111221 20130131 -1.2491e-05 3.8543e-10 TSX
20111224 20121027 1.0045e-05 4.1923e-10 TSX
20120126 20140419 1.9944e-07 2.8988e-10 TSX
20120203 20160320 3.7796e-05 3.0382e-10 TSX
20120206 20171107 -5.0019e-06 3.095e-10 TSX
20120617 20171129 -9.3697e-06 3.0827e-10 TSX
20120723 20160120 3.5025e-05 2.9219e-10 TSX
20121024 20130109 3.9714e-05 7.0235e-10 TSX
20121027 20151226 2.1873e-05 2.9616e-10 TSX
20121030 20130311 1.0028e-05 5.8474e-10 TSX
20121107 20171118 -5.4009e-06 3.8454e-10 TSX
20121221 20160208 2.7318e-05 2.8628e-10 TSX
20121224 20130516 6.2336e-06 5.6857e-10 TSX
20121229 20130407 8.4299e-05 6.5653e-10 TSX
20130104 20130217 2.6001e-05 7.7386e-10 TSX
20130109 20130715 3.2917e-05 5.3117e-10 TSX
20130112 20140511 -1.3903e-05 3.6468e-10 TSX
20130115 20130721 -4.4472e-05 5.1401e-10 TSX
20130126 20130823 1.1628e-05 5.1476e-10 TSX
20130131 20130429 3.8448e-05 6.7852e-10 TSX
20130203 20130729 -1.6345e-05 5.2318e-10 TSX
20130211 20130919 -7.0187e-06 4.9638e-10 TSX
20130228 20141209 6.2688e-06 3.2804e-10 TSX
20130311 20130801 -2.6326e-05 5.6856e-10 TSX
20130316 20130623 2.6696e-05 6.5659e-10 TSX
20130402 20150122 -0.00023376 3.5025e-10 TSX
20130407 20140530 -2.2401e-05 3.8061e-10 TSX
20130421 20171016 1.236e-05 3.4661e-10 TSX
20130424 20130721 -8.3902e-05 6.6424e-10 TSX
20130429 20130623 -5.7612e-05 7.5521e-10 TSX
20130505 20131028 -0.00020317 5.5338e-10 TSX
20130513 20151112 5.4413e-06 3.1393e-10 TSX
20130516 20131017 0.00011558 5.7164e-10 TSX
20130521 20130715 5.0339e-05 7.5526e-10 TSX
20130524 20171129 2.5969e-06 3.2568e-10 TSX
20130527 20140627 -2.0339e-05 3.8346e-10 TSX
20130601 20130930 -2.4686e-05 6.1734e-10 TSX
20130604 20141217 4.2763e-06 3.4524e-10 TSX
20130607 20140719 9.7831e-06 3.7948e-10 TSX
20130612 20150105 2.3067e-05 3.3898e-10 TSX
20130615 20160106 3.0255e-05 3.2831e-10 TSX
20130618 20140708 -2.9861e-05 3.879e-10 TSX
20130623 20130715 0.00056844 8.6383e-10 TSX
20130629 20130914 8.1881e-05 7.0324e-10 TSX
20130707 20150130 9.8296e-07 3.3675e-10 TSX
20130710 20140901 2.9479e-05 3.7607e-10 TSX
20130715 20130726 -0.0023728 1.0132e-09 TSX
20130721 20131108 0.00042535 6.3826e-10 TSX
20130726 20150517 4.6251e-05 3.237e-10 TSX
20130729 20160904 1.5679e-05 2.8523e-10 TSX
20130801 20151115 5.4236e-05 3.2286e-10 TSX
20130817 20140209 2.2431e-05 5.4123e-10 TSX
20130828 20150312 6.2968e-07 3.3977e-10 TSX
20130903 20150329 -8.6988e-05 3.6045e-10 TSX
20130919 20160309 1.7806e-05 3.0814e-10 TSX
20130925 20140708 6.8776e-05 4.6132e-10 TSX
20130930 20160411 -5.2225e-06 3.3293e-10 TSX
20131011 20150802 -8.5786e-06 3.2825e-10 TSX
20131017 20140719 1.4819e-05 4.6207e-10 TSX
20131028 20160304 -1.5392e-05 3.0801e-10 TSX
20131102 20140519 9.7215e-05 5.1731e-10 TSX
20131108 20140708 0.00022265 5.3734e-10 TSX
20140209 20160309 -1.1278e-05 3.3186e-10 TSX
20140223 20140829 5.6449e-06 5.1114e-10 TSX
20140408 20140705 5.7959e-06 6.6136e-10 TSX
20140419 20170913 1.1573e-05 3.5411e-10 TSX
20140511 20141228 2.7021e-05 4.7011e-10 TSX
20140519 20150824 -2.9523e-05 3.6727e-10 TSX
20140624 20171005 5.069e-06 2.8949e-10 TSX
20140627 20151115 2.4424e-05 3.5118e-10 TSX
20140705 20180911 -1.7882e-05 3.2127e-10 TSX
20140708 20160406 2.2814e-06 3.4136e-10 TSX
20140716 20171005 1.3228e-05 3.0251e-10 TSX
20140719 20151207 -1.6389e-06 3.5054e-10 TSX
20140727 20150326 -8.907e-06 4.6152e-10 TSX
20140810 20150122 8.301e-05 5.4361e-10 TSX
20140818 20160301 3.7934e-05 3.3005e-10 TSX
20140829 20160208 5.0953e-05 3.5068e-10 TSX
20140901 20140912 -0.00026573 9.6927e-10 TSX
20140912 20141209 -1.9999e-05 6.6422e-10 TSX
20140920 20170902 1.0075e-05 3.1824e-10 TSX
20141209 20160211 -9.6322e-06 3.7114e-10 TSX
20141217 20160722 -1.2677e-07 3.4117e-10 TSX
20141228 20160106 3.6997e-05 3.9171e-10 TSX
20141231 20151024 -3.1392e-05 4.2912e-10 TSX
20150105 20150824 -3.7452e-05 4.8948e-10 TSX
20150108 20170811 3.5953e-05 2.995e-10 TSX
20150119 20160117 3.4773e-05 3.8919e-10 TSX
20150127 20160411 -2.6212e-06 3.8113e-10 TSX
20150130 20151112 3.7089e-05 4.2927e-10 TSX
20150210 20170114 3.781e-06 3.4709e-10 TSX
20150213 20160326 -4.1767e-05 4.8458e-10 TSX
20150218 20160216 -9.3291e-06 4.0592e-10 TSX
20150221 20180112 3.4229e-05 3.2812e-10 TSX
20150304 20180911 -1.9026e-05 3.7968e-10 TSX
20150307 20160211 -2.171e-05 4.0108e-10 TSX
20150312 20160320 1.972e-06 4.0423e-10 TSX
20150326 20150827 4.9671e-05 5.5112e-10 TSX
20150329 20151207 -3.101e-05 4.5574e-10 TSX
20150428 20160425 2.8172e-05 3.9371e-10 TSX
20150509 20150827 1.9135e-05 6.2183e-10 TSX
20150517 20150824 -0.00022766 6.5725e-10 TSX
20150520 20180911 -6.3873e-06 3.4224e-10 TSX
20150714 20170822 4.6303e-05 3.0965e-10 TSX
20150725 20170924 1.0674e-05 3.0468e-10 TSX
20150802 20160309 1.437e-05 4.9697e-10 TSX
20150805 20160403 8.0077e-07 4.6129e-10 TSX
20150816 20171107 2.9084e-05 2.913e-10 TSX
20150824 20150915 0.00052615 8.6374e-10 TSX
20150827 20170902 1.215e-05 2.965e-10 TSX
20150915 20160216 2.6975e-05 5.6909e-10 TSX
20151021 20160904 -2.1022e-05 4.1469e-10 TSX
20151101 20171016 1.8584e-05 3.0436e-10 TSX
20151112 20160425 -2.3918e-05 5.3618e-10 TSX
20151115 20151229 6.9607e-05 7.7386e-10 TSX
20151123 20171221 1.8533e-05 2.9816e-10 TSX
20151204 20151215 0.00016812 9.7898e-10 TSX
20151207 20160406 -2.6779e-05 6.0225e-10 TSX
20151215 20170822 3.2125e-05 3.2251e-10 TSX
20151226 20161223 2.0268e-05 3.9388e-10 TSX
20151229 20160211 7.1666e-06 7.7386e-10 TSX
20160106 20161223 1.432e-05 3.9928e-10 TSX
20160117 20160926 5.0172e-05 4.5363e-10 TSX
20160128 20160301 -0.00016996 8.0696e-10 TSX
20160208 20160312 -6.8286e-05 8.0696e-10 TSX
20160216 20160309 -0.00030337 8.6374e-10 TSX
20160219 20180319 1.5023e-05 2.9552e-10 TSX
20160301 20161201 5.366e-05 4.3868e-10 TSX
20160304 20160326 4.1585e-05 8.4985e-10 TSX
20160312 20180319 1.5164e-05 2.9868e-10 TSX
20160320 20160411 0.00035877 8.6376e-10 TSX
20160323 20171118 2.6497e-05 3.1922e-10 TSX
20160326 20160406 -0.00050112 9.6919e-10 TSX
20160403 20171027 2.484e-05 3.2251e-10 TSX
20160425 20170811 2.935e-05 3.4789e-10 TSX
20160528 20160630 -4.6469e-06 8.0696e-10 TSX
20160630 20171118 3.9736e-05 3.4185e-10 TSX
20160722 20161201 0.00010916 5.8138e-10 TSX
20160904 20180707 -1.2697e-05 3.2232e-10 TSX
20160915 20180911 -2.469e-05 3.0202e-10 TSX
20160926 20170114 7.1521e-05 6.1809e-10 TSX
20161201 20171027 1.0429e-05 4.0728e-10 TSX
20161223 20171107 1.447e-05 4.0989e-10 TSX
20170114 20170902 -9.6004e-06 4.6879e-10 TSX
20170811 20171005 -3.3995e-05 7.4143e-10 TSX
20170822 20180707 -7.1008e-05 4.136e-10 TSX
20170913 20180707 -8.5098e-05 4.249e-10 TSX
20170924 20180319 -5.4685e-05 5.2322e-10 TSX
20171005 20171107 7.6078e-05 8.0697e-10 TSX
20171016 20180319 -4.4947e-05 5.5011e-10 TSX
20171027 20180911 -3.9254e-05 4.1356e-10 TSX
20171107 20171118 7.115e-05 9.7898e-10 TSX
20171118 20171129 5.5651e-05 9.7898e-10 TSX
20171129 20171221 -1.5538e-05 8.5144e-10 TSX
20171210 20180820 -6.1767e-05 4.5348e-10 TSX
20171221 20180911 -3.9999e-05 4.458e-10 TSX
20180112 20181003 -2.2089e-06 4.4576e-10 TSX
20180319 20180707 -8.6033e-05 6.1804e-10 TSX
20180707 20180911 0.00014706 7.1257e-10 TSX
20180729 20181003 5.3098e-05 7.1257e-10 TSX
20180820 20181003 0.00014158 7.7259e-10 TSX
20180911 20181003 -0.00011858 8.5144e-10 TSX
