20030427 20030914 -0.00048593 5.9243e-10 ERS2
20030914 20080629 -0.00016336 2.9698e-10 ERS2
20050918 20090510 7.9637e-05 3.0028e-10 ERS2
20051127 20081116 -1.3682e-05 3.1756e-10 ERS2
20060903 20090510 0.00014044 3.1233e-10 ERS2
20061231 20090105 9.0402e-05 3.1883e-10 ALOS
20070402 20070703 -0.00013779 7.0037e-10 ALOS
20070518 20091008 -2.3756e-05 3.0324e-10 ALOS
20070818 20071003 -0.00033324 7.9963e-10 ALOS
20071217 20100509 -3.6972e-05 3.0511e-10 ALOS
20080103 20100526 1.165e-05 3.052e-10 ALOS
20080404 20080520 5.0288e-05 7.9965e-10 ALOS
20080618 20090921 -7.8342e-05 3.8249e-10 ALOS
20080629 20090510 -0.00031202 4.2466e-10 ERS2
20080705 20091008 6.6039e-05 3.7425e-10 ALOS
20080803 20090823 -6.0478e-05 3.9127e-10 ERS2
20081116 20090823 -2.4159e-07 4.443e-10 ERS2
20081219 20090921 0.00030775 4.64e-10 ALOS
20090105 20090708 -0.00011839 5.5606e-10 ALOS
20090510 20091101 -4.1324e-06 5.4366e-10 ERS2
20090708 20091008 0.00060874 7.0012e-10 ALOS
20090823 20091101 -0.00028152 7.2907e-10 ERS2
20091222 20100624 0.00045285 5.5257e-10 ALOS
20100108 20100223 0.00038948 7.9973e-10 ALOS
20100223 20100526 0.00011027 7.0166e-10 ALOS
20100410 20100711 -0.00015472 7.0043e-10 ALOS
20100509 20100624 0.00055275 7.976e-10 ALOS
20100526 20100711 0.00036722 7.9965e-10 ALOS
20100624 20101109 -1.2371e-05 6.1678e-10 ALOS
20100711 20101011 0.00013366 7.005e-10 ALOS
20100809 20101109 -0.00015143 6.9741e-10 ALOS
20101011 20101126 0.00018905 7.9965e-10 ALOS
20110111 20110226 0.00060327 7.9963e-10 ALOS
20110924 20130715 6.6819e-05 3.2782e-10 TSX
20111005 20121229 -8.0752e-05 3.7832e-10 TSX
20111121 20171221 5.6013e-05 2.663e-10 TSX
20111221 20130131 -7.6684e-06 3.9718e-10 TSX
20111224 20121027 6.3211e-05 4.304e-10 TSX
20120126 20140419 5.932e-06 2.962e-10 TSX
20120203 20160320 3.0468e-05 2.5931e-10 TSX
20120206 20171107 5.2647e-05 2.6392e-10 TSX
20120617 20171129 6.2337e-05 2.6632e-10 TSX
20120723 20160120 0.00010674 2.8432e-10 TSX
20121024 20130109 2.1575e-05 7.3476e-10 TSX
20121027 20151226 2.022e-05 2.7385e-10 TSX
20121030 20130311 -2.393e-05 6.1586e-10 TSX
20121107 20171118 5.4713e-05 2.6902e-10 TSX
20121221 20160208 3.793e-05 2.8038e-10 TSX
20121224 20130516 -6.1328e-05 5.9871e-10 TSX
20121229 20130407 5.7367e-05 6.9101e-10 TSX
20130104 20130217 6.0251e-05 7.9661e-10 TSX
20130109 20130715 0.00019112 5.5749e-10 TSX
20130112 20140511 3.0926e-05 3.5746e-10 TSX
20130115 20130721 -9.3828e-05 5.3859e-10 TSX
20130126 20130823 -0.00015153 5.1318e-10 TSX
20130131 20130429 -2.2402e-05 7.1239e-10 TSX
20130203 20130729 -2.8157e-05 5.4801e-10 TSX
20130211 20130919 6.9016e-05 5.2087e-10 TSX
20130228 20141209 6.159e-05 3.2071e-10 TSX
20130311 20130801 9.815e-06 5.984e-10 TSX
20130316 20130623 2.549e-05 6.9102e-10 TSX
20130402 20150122 4.5734e-05 3.0093e-10 TSX
20130407 20140530 -9.4329e-06 3.9181e-10 TSX
20130421 20171016 4.0055e-05 2.5659e-10 TSX
20130424 20130721 -0.00011598 6.9659e-10 TSX
20130429 20130623 -3.8209e-05 7.8202e-10 TSX
20130505 20131028 -0.00044475 5.5113e-10 TSX
20130513 20151112 5.6994e-05 2.9294e-10 TSX
20130516 20131017 -0.00012332 5.8092e-10 TSX
20130521 20130715 0.0003664 7.8206e-10 TSX
20130524 20171129 3.0693e-05 2.6603e-10 TSX
20130527 20140627 2.7637e-05 3.938e-10 TSX
20130601 20130930 0.00040284 6.5141e-10 TSX
20130604 20141217 5.8065e-05 3.4034e-10 TSX
20130607 20140719 3.8896e-05 3.9066e-10 TSX
20130612 20150105 -2.7193e-06 3.4591e-10 TSX
20130615 20160106 6.8033e-05 2.8235e-10 TSX
20130618 20140708 4.205e-05 3.9825e-10 TSX
20130623 20130715 0.00069935 8.753e-10 TSX
20130629 20130914 0.00033103 7.2005e-10 TSX
20130707 20150130 4.6294e-05 3.4131e-10 TSX
20130710 20140901 5.8743e-05 3.8615e-10 TSX
20130715 20130726 -0.0024593 1.0204e-09 TSX
20130721 20131108 0.00065162 6.5325e-10 TSX
20130726 20150517 9.3372e-06 3.2764e-10 TSX
20130729 20160904 4.0024e-05 2.72e-10 TSX
20130801 20151115 5.4323e-05 3.0471e-10 TSX
20130817 20140209 -8.6918e-05 5.7094e-10 TSX
20130828 20150312 2.2281e-05 3.4835e-10 TSX
20130903 20150329 -8.6432e-05 3.2503e-10 TSX
20130919 20160309 2.3004e-05 2.9034e-10 TSX
20130925 20140708 -6.021e-05 4.4664e-10 TSX
20130930 20160411 -3.581e-05 3.0429e-10 TSX
20131011 20150802 -4.989e-07 3.3119e-10 TSX
20131017 20140719 -3.4762e-05 4.5483e-10 TSX
20131028 20160304 8.5975e-06 2.7839e-10 TSX
20131102 20140519 -6.5624e-05 5.4456e-10 TSX
20131108 20140708 -5.0213e-05 4.8145e-10 TSX
20140209 20160309 5.6899e-05 3.1594e-10 TSX
20140223 20140829 7.2745e-05 5.3455e-10 TSX
20140408 20140705 -3.9324e-05 6.9427e-10 TSX
20140419 20170913 7.1914e-05 2.8031e-10 TSX
20140511 20141228 1.9174e-05 4.8829e-10 TSX
20140519 20150824 2.5294e-05 3.7385e-10 TSX
20140624 20171005 4.9672e-05 2.6367e-10 TSX
20140627 20151115 5.9694e-06 3.5314e-10 TSX
20140705 20180911 2.9968e-05 2.6644e-10 TSX
20140708 20160406 4.542e-05 3.221e-10 TSX
20140716 20171005 2.7476e-05 2.7533e-10 TSX
20140719 20151207 5.4808e-05 3.5084e-10 TSX
20140727 20150326 -1.7149e-05 4.7842e-10 TSX
20140810 20150122 2.8207e-05 5.6598e-10 TSX
20140818 20160301 2.5665e-05 3.281e-10 TSX
20140829 20160208 2.2612e-05 3.3618e-10 TSX
20140901 20140912 -0.00028777 9.7655e-10 TSX
20140912 20141209 -2.6585e-05 6.9659e-10 TSX
20140920 20170902 2.9003e-05 2.7398e-10 TSX
20141209 20160211 -1.9783e-05 3.733e-10 TSX
20141217 20160722 3.6051e-05 3.2285e-10 TSX
20141228 20160106 3.139e-05 3.893e-10 TSX
20141231 20151024 7.9723e-05 4.3959e-10 TSX
20150105 20150824 -1.0234e-05 5.1018e-10 TSX
20150108 20170811 4.6976e-05 2.807e-10 TSX
20150119 20160117 8.5096e-05 3.9475e-10 TSX
20150127 20160411 1.0742e-05 3.8855e-10 TSX
20150130 20151112 4.5062e-05 4.4147e-10 TSX
20150210 20170114 4.0482e-05 3.0168e-10 TSX
20150213 20160326 5.4355e-05 3.8122e-10 TSX
20150218 20160216 2.7609e-05 4.1801e-10 TSX
20150221 20180112 6.2829e-05 2.7229e-10 TSX
20150304 20180911 4.6118e-06 2.7829e-10 TSX
20150307 20160211 4.1228e-05 4.1341e-10 TSX
20150312 20160320 -1.2745e-05 4.1115e-10 TSX
20150326 20150827 9.3164e-05 5.7717e-10 TSX
20150329 20151207 6.3987e-05 4.7314e-10 TSX
20150428 20160425 2.7612e-05 3.9448e-10 TSX
20150509 20150827 8.0367e-05 6.5019e-10 TSX
20150517 20150824 4.7992e-05 6.91e-10 TSX
20150520 20180911 1.6707e-05 2.6892e-10 TSX
20150714 20170822 4.8495e-05 2.9775e-10 TSX
20150725 20170924 3.2051e-05 2.9596e-10 TSX
20150802 20160309 -3.6437e-05 5.1999e-10 TSX
20150805 20160403 -0.00010191 4.7798e-10 TSX
20150816 20171107 4.2451e-05 2.9364e-10 TSX
20150824 20150915 0.00067832 8.7517e-10 TSX
20150827 20170902 1.0102e-05 3.036e-10 TSX
20150915 20160216 -9.6486e-05 5.9992e-10 TSX
20151021 20160904 -4.8838e-05 4.2244e-10 TSX
20151101 20171016 2.8034e-05 3.0411e-10 TSX
20151112 20160425 -6.4217e-05 5.6249e-10 TSX
20151115 20151229 0.00017384 7.9661e-10 TSX
20151123 20171221 1.9669e-05 3.0337e-10 TSX
20151204 20151215 0.00016744 9.8662e-10 TSX
20151207 20160406 -0.00013579 6.3394e-10 TSX
20151215 20170822 2.4836e-05 3.2015e-10 TSX
20151226 20161223 2.3555e-05 4.0164e-10 TSX
20151229 20160211 2.6599e-06 7.9661e-10 TSX
20160106 20161223 1.3095e-05 4.0661e-10 TSX
20160117 20160926 3.7755e-06 4.6889e-10 TSX
20160128 20160301 -0.00017031 8.2527e-10 TSX
20160208 20160312 -7.3137e-05 8.2527e-10 TSX
20160216 20160309 -0.00038304 8.7517e-10 TSX
20160219 20180319 3.6542e-05 3.0481e-10 TSX
20160301 20161201 5.501e-05 4.5238e-10 TSX
20160304 20160326 2.1176e-05 8.6172e-10 TSX
20160312 20180319 5.8224e-05 3.0002e-10 TSX
20160320 20160411 0.00040864 8.7518e-10 TSX
20160323 20171118 1.9134e-05 3.198e-10 TSX
20160326 20160406 -0.00049916 9.7647e-10 TSX
20160403 20171027 6.3808e-05 3.2524e-10 TSX
20160425 20170811 7.396e-05 3.4899e-10 TSX
20160528 20160630 7.1359e-05 8.2527e-10 TSX
20160630 20171118 2.9901e-05 3.4043e-10 TSX
20160722 20161201 8.6876e-05 6.1181e-10 TSX
20160904 20180707 1.6842e-05 3.2466e-10 TSX
20160915 20180911 -1.2597e-05 3.0196e-10 TSX
20160926 20170114 -4.2342e-05 6.5035e-10 TSX
20161201 20171027 -4.6301e-06 4.1527e-10 TSX
20161223 20171107 3.7566e-05 4.1887e-10 TSX
20170114 20170902 3.7886e-05 4.8658e-10 TSX
20170811 20171005 -6.4198e-05 7.6924e-10 TSX
20170822 20180707 -6.5883e-05 4.2401e-10 TSX
20170913 20180707 -0.00011266 4.3661e-10 TSX
20170924 20180319 -5.0646e-05 5.4815e-10 TSX
20171005 20171107 3.2298e-05 8.2527e-10 TSX
20171016 20180319 -4.3838e-05 5.78e-10 TSX
20171027 20180911 -8.0726e-05 4.2431e-10 TSX
20171107 20171118 7.8312e-05 9.8662e-10 TSX
20171118 20171129 5.5651e-05 9.8662e-10 TSX
20171129 20171221 1.7418e-07 8.639e-10 TSX
20171210 20180820 -8.2295e-05 4.6916e-10 TSX
20171221 20180911 -0.00011249 4.6056e-10 TSX
20180112 20181003 1.4146e-05 4.6035e-10 TSX
20180319 20180707 -7.6008e-05 6.5037e-10 TSX
20180707 20180911 0.0001301 7.432e-10 TSX
20180729 20181003 9.5163e-05 7.432e-10 TSX
20180820 20181003 0.00019802 7.9626e-10 TSX
20180911 20181003 -0.00014764 8.639e-10 TSX
