20030427 20030914 -0.0001149 5.6542e-10 ERS2
20030914 20080629 -0.00013078 2.747e-10 ERS2
20050918 20090510 1.0459e-05 2.9842e-10 ERS2
20051127 20081116 -0.00013169 3.0712e-10 ERS2
20060903 20090510 -0.00012592 3.1092e-10 ERS2
20061231 20090105 -6.5379e-05 3.3608e-10 ALOS
20070402 20070703 8.4482e-05 6.6695e-10 ALOS
20070518 20091008 -1.3517e-05 3.1736e-10 ALOS
20070818 20071003 -0.00037722 7.7631e-10 ALOS
20071217 20100509 -0.0001175 3.058e-10 ALOS
20080103 20100526 1.9096e-05 3.163e-10 ALOS
20080404 20080520 -5.3106e-05 7.7629e-10 ALOS
20080618 20090921 -7.5288e-05 3.7371e-10 ALOS
20080629 20090510 0.00048361 4.1478e-10 ERS2
20080705 20091008 7.0367e-05 3.6612e-10 ALOS
20080803 20090823 -2.7005e-05 3.8286e-10 ERS2
20081116 20090823 -0.00012442 4.3229e-10 ERS2
20081219 20090921 0.00012254 4.466e-10 ALOS
20090105 20090708 -3.5789e-05 5.3537e-10 ALOS
20090510 20091101 0.00010681 5.2265e-10 ERS2
20090708 20091008 0.00046006 6.6625e-10 ALOS
20090823 20091101 -0.00048484 6.9851e-10 ERS2
20091222 20100624 0.00020718 5.2656e-10 ALOS
20100108 20100223 0.00061033 7.7698e-10 ALOS
20100223 20100526 2.9276e-05 6.719e-10 ALOS
20100410 20100711 -0.00024965 6.6651e-10 ALOS
20100509 20100624 0.00061465 7.7416e-10 ALOS
20100526 20100711 0.00036954 7.7624e-10 ALOS
20100624 20101109 -6.715e-05 5.8413e-10 ALOS
20100711 20101011 -0.0003062 6.6652e-10 ALOS
20100809 20101109 4.079e-05 6.6378e-10 ALOS
20101011 20101126 0.00031364 7.7627e-10 ALOS
20110111 20110226 0.0005723 7.7626e-10 ALOS
20110924 20130715 -1.7619e-05 3.2256e-10 TSX
20111005 20121229 2.4513e-06 3.687e-10 TSX
20111121 20171221 -6.5281e-06 2.4927e-10 TSX
20111221 20130131 -3.0034e-06 3.8552e-10 TSX
20111224 20121027 1.8714e-05 4.1907e-10 TSX
20120126 20140419 -1.5467e-05 2.9056e-10 TSX
20120203 20160320 1.1918e-05 2.4422e-10 TSX
20120206 20171107 -1.0208e-06 2.5635e-10 TSX
20120617 20171129 3.8701e-06 2.5283e-10 TSX
20120723 20160120 -8.0638e-06 2.8323e-10 TSX
20121024 20130109 2.0902e-05 7.0231e-10 TSX
20121027 20151226 -5.5971e-06 2.7181e-10 TSX
20121030 20130311 2.7445e-05 5.8472e-10 TSX
20121107 20171118 8.1432e-06 2.5398e-10 TSX
20121221 20160208 2.0759e-05 2.704e-10 TSX
20121224 20130516 -8.7899e-06 5.6857e-10 TSX
20121229 20130407 3.9362e-05 6.5639e-10 TSX
20130104 20130217 5.6942e-05 7.7386e-10 TSX
20130109 20130715 -1.3947e-05 5.2977e-10 TSX
20130112 20140511 -5.6197e-06 3.5343e-10 TSX
20130115 20130721 -3.2317e-07 5.1411e-10 TSX
20130126 20130823 1.8714e-05 5.1959e-10 TSX
20130131 20130429 6.4212e-05 6.7835e-10 TSX
20130203 20130729 -1.0318e-05 5.2317e-10 TSX
20130211 20130919 -2.1524e-05 4.9619e-10 TSX
20130228 20141209 1.0592e-05 3.0964e-10 TSX
20130311 20130801 -4.7213e-05 5.6854e-10 TSX
20130316 20130623 5.7609e-05 6.564e-10 TSX
20130402 20150122 -2.0317e-05 3.687e-10 TSX
20130407 20140530 5.5052e-06 3.8099e-10 TSX
20130421 20171016 -2.9606e-06 2.5536e-10 TSX
20130424 20130721 -5.446e-05 6.6419e-10 TSX
20130429 20130623 -5.6838e-05 7.5506e-10 TSX
20130505 20131028 -4.6912e-06 5.7593e-10 TSX
20130513 20151112 1.3481e-05 2.8554e-10 TSX
20130516 20131017 1.7431e-05 5.6602e-10 TSX
20130521 20130715 6.0995e-06 7.5509e-10 TSX
20130524 20171129 5.4416e-06 2.4959e-10 TSX
20130527 20140627 1.2504e-05 3.8322e-10 TSX
20130601 20130930 -4.4948e-05 6.1725e-10 TSX
20130604 20141217 2.0828e-05 3.3817e-10 TSX
20130607 20140719 3.2515e-06 3.7932e-10 TSX
20130612 20150105 2.151e-05 3.3718e-10 TSX
20130615 20160106 4.2096e-05 2.9448e-10 TSX
20130618 20140708 -2.376e-05 3.8752e-10 TSX
20130623 20130715 0.00055928 8.6395e-10 TSX
20130629 20130914 5.498e-05 7.1059e-10 TSX
20130707 20150130 2.261e-05 3.3627e-10 TSX
20130710 20140901 -1.6391e-05 3.7583e-10 TSX
20130715 20130726 -0.0023891 1.0134e-09 TSX
20130721 20131108 0.00017768 6.7055e-10 TSX
20130726 20150517 4.1308e-05 3.2461e-10 TSX
20130729 20160904 9.1211e-06 2.7135e-10 TSX
20130801 20151115 1.7048e-05 2.9803e-10 TSX
20130817 20140209 5.1401e-05 5.4116e-10 TSX
20130828 20150312 -1.6059e-05 3.3934e-10 TSX
20130903 20150329 0.00017587 3.9227e-10 TSX
20130919 20160309 6.5179e-06 2.7662e-10 TSX
20130925 20140708 5.8302e-05 4.6029e-10 TSX
20130930 20160411 2.5616e-05 2.7641e-10 TSX
20131011 20150802 -2.2316e-05 3.2077e-10 TSX
20131017 20140719 6.844e-05 4.6871e-10 TSX
20131028 20160304 -6.7172e-05 3.2774e-10 TSX
20131102 20140519 9.0579e-05 5.1728e-10 TSX
20131108 20140708 0.00012929 4.9407e-10 TSX
20140209 20160309 -3.6344e-05 3.0938e-10 TSX
20140223 20140829 -5.6737e-06 5.1112e-10 TSX
20140408 20140705 3.5127e-07 6.613e-10 TSX
20140419 20170913 1.8396e-05 2.8349e-10 TSX
20140511 20141228 1.8168e-05 4.7018e-10 TSX
20140519 20150824 1.5154e-05 3.653e-10 TSX
20140624 20171005 4.412e-06 2.6764e-10 TSX
20140627 20151115 1.1697e-05 3.4432e-10 TSX
20140705 20180911 3.8342e-06 2.6531e-10 TSX
20140708 20160406 1.8597e-05 3.2221e-10 TSX
20140716 20171005 1.1542e-05 2.5967e-10 TSX
20140719 20151207 -1.027e-05 3.4184e-10 TSX
20140727 20150326 8.5194e-06 4.6168e-10 TSX
20140810 20150122 9.0372e-05 5.4583e-10 TSX
20140818 20160301 9.0675e-06 3.2503e-10 TSX
20140829 20160208 1.841e-06 3.3586e-10 TSX
20140901 20140912 -0.00026331 9.6952e-10 TSX
20140912 20141209 -2.362e-05 6.6418e-10 TSX
20140920 20170902 6.1866e-06 2.7734e-10 TSX
20141209 20160211 -2.6325e-05 3.6499e-10 TSX
20141217 20160722 4.3503e-06 3.2215e-10 TSX
20141228 20160106 4.2888e-05 3.8258e-10 TSX
20141231 20151024 -1.7779e-05 4.2559e-10 TSX
20150105 20150824 2.0129e-06 4.8689e-10 TSX
20150108 20170811 -9.3268e-06 2.8107e-10 TSX
20150119 20160117 1.246e-05 3.8682e-10 TSX
20150127 20160411 -3.2688e-06 3.7206e-10 TSX
20150130 20151112 2.8746e-05 4.2852e-10 TSX
20150210 20170114 6.8581e-06 2.9853e-10 TSX
20150213 20160326 -0.00015473 4.2111e-10 TSX
20150218 20160216 -2.134e-05 4.0315e-10 TSX
20150221 20180112 2.8728e-05 2.739e-10 TSX
20150304 20180911 -3.27e-06 2.6659e-10 TSX
20150307 20160211 -2.8993e-05 4.0026e-10 TSX
20150312 20160320 -2.1612e-05 3.9854e-10 TSX
20150326 20150827 2.8812e-05 5.5006e-10 TSX
20150329 20151207 -1.6304e-05 4.5532e-10 TSX
20150428 20160425 9.912e-06 3.8687e-10 TSX
20150509 20150827 1.2601e-05 6.186e-10 TSX
20150517 20150824 -0.00020652 6.5684e-10 TSX
20150520 20180911 1.1258e-05 2.6993e-10 TSX
20150714 20170822 3.1058e-06 2.9456e-10 TSX
20150725 20170924 8.4276e-06 2.9494e-10 TSX
20150802 20160309 2.7745e-05 4.9609e-10 TSX
20150805 20160403 -2.2423e-05 4.611e-10 TSX
20150816 20171107 2.0551e-05 2.8995e-10 TSX
20150824 20150915 0.00048997 8.6386e-10 TSX
20150827 20170902 1.3443e-05 2.9681e-10 TSX
20150915 20160216 5.205e-05 5.683e-10 TSX
20151021 20160904 -8.0633e-06 4.1191e-10 TSX
20151101 20171016 9.1607e-06 2.992e-10 TSX
20151112 20160425 -3.5547e-05 5.3615e-10 TSX
20151115 20151229 8.4929e-05 7.7386e-10 TSX
20151123 20171221 1.1609e-05 2.949e-10 TSX
20151204 20151215 0.00016499 9.7944e-10 TSX
20151207 20160406 -3.3597e-05 6.0222e-10 TSX
20151215 20170822 1.3884e-05 3.1302e-10 TSX
20151226 20161223 1.4077e-05 3.9445e-10 TSX
20151229 20160211 4.5686e-06 7.7386e-10 TSX
20160106 20161223 -1.8791e-05 3.9843e-10 TSX
20160117 20160926 2.9776e-05 4.5309e-10 TSX
20160128 20160301 -0.00014368 8.0724e-10 TSX
20160208 20160312 -7.2923e-05 8.0724e-10 TSX
20160216 20160309 -0.00028437 8.6386e-10 TSX
20160219 20180319 6.0175e-06 2.9656e-10 TSX
20160301 20161201 3.7793e-05 4.3847e-10 TSX
20160304 20160326 2.121e-05 8.5004e-10 TSX
20160312 20180319 2.4544e-06 2.9822e-10 TSX
20160320 20160411 0.0003618 8.6387e-10 TSX
20160323 20171118 1.6709e-05 3.1729e-10 TSX
20160326 20160406 -0.00048534 9.6945e-10 TSX
20160403 20171027 1.8295e-05 3.1957e-10 TSX
20160425 20170811 3.8065e-05 3.4527e-10 TSX
20160528 20160630 -1.6545e-05 8.0724e-10 TSX
20160630 20171118 1.8606e-05 3.3819e-10 TSX
20160722 20161201 9.6042e-05 5.8134e-10 TSX
20160904 20180707 1.6319e-05 3.2197e-10 TSX
20160915 20180911 -5.7178e-06 3.0362e-10 TSX
20160926 20170114 6.1915e-06 6.18e-10 TSX
20161201 20171027 -4.3489e-06 4.0629e-10 TSX
20161223 20171107 -1.5353e-05 4.0877e-10 TSX
20170114 20170902 3.6082e-05 4.6904e-10 TSX
20170811 20171005 -3.5602e-05 7.4148e-10 TSX
20170822 20180707 -2.908e-05 4.1341e-10 TSX
20170913 20180707 -3.9748e-05 4.2481e-10 TSX
20170924 20180319 -3.1693e-05 5.2323e-10 TSX
20171005 20171107 6.9359e-05 8.0724e-10 TSX
20171016 20180319 -1.245e-05 5.5009e-10 TSX
20171027 20180911 -1.7779e-05 4.1353e-10 TSX
20171107 20171118 7.3141e-05 9.7944e-10 TSX
20171118 20171129 5.5358e-05 9.7944e-10 TSX
20171129 20171221 -1.5172e-05 8.5183e-10 TSX
20171210 20180820 -2.2318e-05 4.5361e-10 TSX
20171221 20180911 -1.5703e-05 4.4581e-10 TSX
20180112 20181003 1.7655e-05 4.4577e-10 TSX
20180319 20180707 -6.1992e-05 6.1799e-10 TSX
20180707 20180911 0.00012131 7.1256e-10 TSX
20180729 20181003 7.0379e-05 7.1256e-10 TSX
20180820 20181003 0.0001328 7.7275e-10 TSX
20180911 20181003 -0.00010495 8.5183e-10 TSX
