20030427 20030914 -0.00012436 6.4371e-10 ERS2
20030914 20080629 0.00018073 3.3341e-10 ERS2
20050918 20090510 7.2558e-06 3.819e-10 ERS2
20051127 20081116 -0.00015695 3.7693e-10 ERS2
20060903 20090510 7.4359e-05 3.8251e-10 ERS2
20061231 20090105 2.0627e-05 3.98e-10 ALOS
20070402 20070703 -0.00022422 7.3452e-10 ALOS
20070518 20091008 -9.8145e-05 3.8267e-10 ALOS
20070818 20071003 -0.00040042 8.1416e-10 ALOS
20071217 20100509 -7.0389e-05 3.8372e-10 ALOS
20080103 20100526 -3.8992e-05 3.8142e-10 ALOS
20080404 20080520 -2.7574e-05 8.1416e-10 ALOS
20080618 20090921 -2.3913e-05 4.6236e-10 ALOS
20080629 20090510 -0.00020684 4.9555e-10 ERS2
20080705 20091008 4.4609e-05 4.5131e-10 ALOS
20080803 20090823 7.3633e-05 4.6641e-10 ERS2
20081116 20090823 -4.1477e-05 5.1648e-10 ERS2
20081219 20090921 0.00012284 5.3231e-10 ALOS
20090105 20090708 -1.3394e-05 6.124e-10 ALOS
20090510 20091101 -0.00082039 6.0543e-10 ERS2
20090708 20091008 0.00036882 7.3452e-10 ALOS
20090823 20091101 0.00017184 7.5785e-10 ERS2
20091222 20100624 1.1385e-05 6.0916e-10 ALOS
20100108 20100223 -7.3214e-05 8.1395e-10 ALOS
20100223 20100526 4.3003e-05 7.3476e-10 ALOS
20100410 20100711 -0.00010388 7.3463e-10 ALOS
20100509 20100624 0.00064961 8.1244e-10 ALOS
20100526 20100711 0.000407 8.1417e-10 ALOS
20100624 20101109 -7.9226e-05 6.6546e-10 ALOS
20100711 20101011 -9.7997e-05 7.3478e-10 ALOS
20100809 20101109 -9.5686e-05 7.3213e-10 ALOS
20101011 20101126 0.00024587 8.1417e-10 ALOS
20110111 20110226 0.00063387 8.1415e-10 ALOS
20110924 20130715 2.8174e-05 4.0857e-10 TSX
20111005 20121229 -3.399e-05 4.5454e-10 TSX
20111121 20171221 2.8301e-05 3.0975e-10 TSX
20111221 20130131 -1.7549e-05 4.7276e-10 TSX
20111224 20121027 2.6264e-05 5.0608e-10 TSX
20120126 20140419 -9.5504e-06 3.6703e-10 TSX
20120203 20160320 -1.3832e-06 3.2165e-10 TSX
20120206 20171107 3.2761e-05 3.0947e-10 TSX
20120617 20171129 2.8691e-05 3.1305e-10 TSX
20120723 20160120 3.076e-06 3.383e-10 TSX
20121024 20130109 0.00017852 7.6246e-10 TSX
20121027 20151226 -4.2407e-06 3.3966e-10 TSX
20121030 20130311 1.3413e-05 6.6367e-10 TSX
20121107 20171118 3.6288e-05 3.1782e-10 TSX
20121221 20160208 1.6467e-06 3.3876e-10 TSX
20121224 20130516 -8.0866e-05 6.4935e-10 TSX
20121229 20130407 -5.5271e-05 7.2718e-10 TSX
20130104 20130217 -5.6025e-05 8.1145e-10 TSX
20130109 20130715 8.2951e-06 6.1352e-10 TSX
20130112 20140511 2.3574e-05 4.3787e-10 TSX
20130115 20130721 -0.00017075 5.9554e-10 TSX
20130126 20130823 -9.1858e-05 5.712e-10 TSX
20130131 20130429 -5.1824e-06 7.445e-10 TSX
20130203 20130729 -4.4082e-05 6.0908e-10 TSX
20130211 20130919 4.317e-05 5.8382e-10 TSX
20130228 20141209 2.3808e-05 3.9058e-10 TSX
20130311 20130801 -4.4748e-06 6.4891e-10 TSX
20130316 20130623 4.7212e-06 7.2718e-10 TSX
20130402 20150122 2.3757e-05 3.5617e-10 TSX
20130407 20140530 -3.3525e-06 4.6763e-10 TSX
20130421 20171016 3.5582e-05 3.1919e-10 TSX
20130424 20130721 -0.0002257 7.3103e-10 TSX
20130429 20130623 -6.3199e-05 8.0014e-10 TSX
20130505 20131028 -0.00043648 6.0647e-10 TSX
20130513 20151112 7.9728e-06 3.5274e-10 TSX
20130516 20131017 -7.1913e-05 6.3309e-10 TSX
20130521 20130715 0.00026869 8.0018e-10 TSX
20130524 20171129 3.3789e-05 3.1764e-10 TSX
20130527 20140627 -3.6015e-05 4.6957e-10 TSX
20130601 20130930 0.00020934 6.9462e-10 TSX
20130604 20141217 2.7637e-05 4.2097e-10 TSX
20130607 20140719 2.4539e-05 4.6563e-10 TSX
20130612 20150105 1.3982e-05 4.234e-10 TSX
20130615 20160106 9.6606e-06 3.5114e-10 TSX
20130618 20140708 4.7514e-05 4.7436e-10 TSX
20130623 20130715 0.00063249 8.8011e-10 TSX
20130629 20130914 0.00021276 7.5007e-10 TSX
20130707 20150130 2.6408e-05 4.2158e-10 TSX
20130710 20140901 -1.4495e-05 4.6246e-10 TSX
20130715 20130726 -0.0023764 1.0226e-09 TSX
20130721 20131108 0.00070362 6.9512e-10 TSX
20130726 20150517 -3.8843e-05 4.0731e-10 TSX
20130729 20160904 -1.9626e-06 3.4389e-10 TSX
20130801 20151115 1.6428e-06 3.6426e-10 TSX
20130817 20140209 -0.00013297 6.2619e-10 TSX
20130828 20150312 2.6796e-05 4.2634e-10 TSX
20130903 20150329 -0.00013817 3.7842e-10 TSX
20130919 20160309 1.2986e-05 3.5084e-10 TSX
20130925 20140708 -7.7585e-06 5.1175e-10 TSX
20130930 20160411 -3.5886e-05 3.4731e-10 TSX
20131011 20150802 -2.3144e-05 4.0448e-10 TSX
20131017 20140719 -7.9307e-05 5.202e-10 TSX
20131028 20160304 -2.8495e-05 3.5574e-10 TSX
20131102 20140519 -3.9646e-05 6.0465e-10 TSX
20131108 20140708 -9.4682e-06 5.4274e-10 TSX
20140209 20160309 5.9828e-05 3.8918e-10 TSX
20140223 20140829 5.0042e-05 5.9763e-10 TSX
20140408 20140705 -1.969e-05 7.3042e-10 TSX
20140419 20170913 4.7992e-05 3.2712e-10 TSX
20140511 20141228 -3.355e-06 5.5713e-10 TSX
20140519 20150824 -1.544e-05 4.4965e-10 TSX
20140624 20171005 2.3707e-05 3.3235e-10 TSX
20140627 20151115 -2.9264e-05 4.1784e-10 TSX
20140705 20180911 2.3199e-05 3.2597e-10 TSX
20140708 20160406 4.9641e-06 3.8963e-10 TSX
20140716 20171005 3.6151e-05 3.3378e-10 TSX
20140719 20151207 2.0543e-06 4.1855e-10 TSX
20140727 20150326 -2.4533e-05 5.4872e-10 TSX
20140810 20150122 -1.5043e-05 6.2002e-10 TSX
20140818 20160301 -1.999e-05 4.0246e-10 TSX
20140829 20160208 -2.1282e-05 4.0866e-10 TSX
20140901 20140912 -0.00027134 9.7905e-10 TSX
20140912 20141209 -5.2697e-05 7.3103e-10 TSX
20140920 20170902 3.0868e-05 3.3839e-10 TSX
20141209 20160211 -4.0545e-05 4.4312e-10 TSX
20141217 20160722 -3.4228e-05 3.9427e-10 TSX
20141228 20160106 -1.1e-05 4.6224e-10 TSX
20141231 20151024 9.0884e-06 5.0691e-10 TSX
20150105 20150824 -2.5315e-05 5.7359e-10 TSX
20150108 20170811 3.0428e-05 3.4597e-10 TSX
20150119 20160117 2.724e-05 4.6766e-10 TSX
20150127 20160411 -2.9453e-05 4.5508e-10 TSX
20150130 20151112 -2.8861e-05 5.1127e-10 TSX
20150210 20170114 1.1971e-05 3.7145e-10 TSX
20150213 20160326 -5.6725e-06 4.3502e-10 TSX
20150218 20160216 -8.6498e-08 4.8957e-10 TSX
20150221 20180112 5.3718e-05 3.3152e-10 TSX
20150304 20180911 1.0628e-05 3.3276e-10 TSX
20150307 20160211 2.3561e-06 4.8146e-10 TSX
20150312 20160320 -0.00010207 4.8416e-10 TSX
20150326 20150827 1.5633e-05 6.3213e-10 TSX
20150329 20151207 -2.5339e-05 5.3769e-10 TSX
20150428 20160425 8.059e-06 4.6717e-10 TSX
20150509 20150827 4.4631e-05 6.9418e-10 TSX
20150517 20150824 -2.0845e-05 7.2717e-10 TSX
20150520 20180911 1.8245e-05 3.3706e-10 TSX
20150714 20170822 4.9376e-05 3.639e-10 TSX
20150725 20170924 1.9468e-05 3.6269e-10 TSX
20150802 20160309 -6.7325e-05 5.8381e-10 TSX
20150805 20160403 1.2138e-05 5.4784e-10 TSX
20150816 20171107 3.5567e-05 3.6354e-10 TSX
20150824 20150915 0.00063429 8.7999e-10 TSX
20150827 20170902 2.6222e-05 3.713e-10 TSX
20150915 20160216 -5.1051e-05 6.5119e-10 TSX
20151021 20160904 -3.383e-05 4.978e-10 TSX
20151101 20171016 9.5778e-06 3.7507e-10 TSX
20151112 20160425 -2.1745e-08 6.215e-10 TSX
20151115 20151229 0.00014789 8.1145e-10 TSX
20151123 20171221 3.8143e-05 3.6975e-10 TSX
20151204 20151215 0.00015719 9.897e-10 TSX
20151207 20160406 -4.5081e-05 6.7909e-10 TSX
20151215 20170822 4.4408e-05 3.9047e-10 TSX
20151226 20161223 2.2377e-05 4.7951e-10 TSX
20151229 20160211 2.1498e-05 8.1145e-10 TSX
20160106 20161223 2.3697e-05 4.8423e-10 TSX
20160117 20160926 -2.4324e-05 5.3962e-10 TSX
20160128 20160301 -0.00018709 8.3581e-10 TSX
20160208 20160312 -9.1819e-05 8.3581e-10 TSX
20160216 20160309 -0.00037353 8.7999e-10 TSX
20160219 20180319 2.5645e-05 3.7287e-10 TSX
20160301 20161201 2.7046e-05 5.2573e-10 TSX
20160304 20160326 5.4412e-05 8.6721e-10 TSX
20160312 20180319 4.3081e-05 3.7546e-10 TSX
20160320 20160411 0.00041467 8.8e-10 TSX
20160323 20171118 1.6642e-05 3.9496e-10 TSX
20160326 20160406 -0.00053333 9.7898e-10 TSX
20160403 20171027 2.2384e-05 3.9898e-10 TSX
20160425 20170811 2.6673e-05 4.2679e-10 TSX
20160528 20160630 1.3775e-05 8.3581e-10 TSX
20160630 20171118 3.137e-05 4.1737e-10 TSX
20160722 20161201 5.7558e-05 6.6251e-10 TSX
20160904 20180707 5.5256e-05 4.0636e-10 TSX
20160915 20180911 -3.4581e-06 3.7763e-10 TSX
20160926 20170114 1.75e-05 6.9447e-10 TSX
20161201 20171027 1.734e-05 4.9207e-10 TSX
20161223 20171107 1.3114e-05 4.9083e-10 TSX
20170114 20170902 2.1772e-05 5.5189e-10 TSX
20170811 20171005 -5.7374e-05 7.9039e-10 TSX
20170822 20180707 2.3628e-05 5.0024e-10 TSX
20170913 20180707 -6.4432e-06 5.1136e-10 TSX
20170924 20180319 7.4165e-05 6.0945e-10 TSX
20171005 20171107 1.957e-05 8.3581e-10 TSX
20171016 20180319 5.7737e-05 6.3465e-10 TSX
20171027 20180911 -2.1816e-05 5.0038e-10 TSX
20171107 20171118 7.4834e-05 9.897e-10 TSX
20171118 20171129 5.0704e-05 9.897e-10 TSX
20171129 20171221 -5.2285e-06 8.7001e-10 TSX
20171210 20180820 -1.844e-05 5.4075e-10 TSX
20171221 20180911 -1.5721e-05 5.3288e-10 TSX
20180112 20181003 2.6807e-05 5.3274e-10 TSX
20180319 20180707 -5.3757e-05 6.9453e-10 TSX
20180707 20180911 5.4523e-05 7.6968e-10 TSX
20180729 20181003 7.1529e-05 7.6968e-10 TSX
20180820 20181003 0.00018983 8.1198e-10 TSX
20180911 20181003 -0.0001053 8.7001e-10 TSX
