20030427 20030914 7.2424e-05 5.6554e-10 ERS2
20030914 20080629 -1.0957e-05 2.7582e-10 ERS2
20050918 20090510 1.6093e-05 3.1377e-10 ERS2
20051127 20081116 -8.0148e-06 3.0188e-10 ERS2
20060903 20090510 -0.0001736 3.102e-10 ERS2
20061231 20090105 -4.3702e-05 3.1938e-10 ALOS
20070402 20070703 4.4109e-06 6.6787e-10 ALOS
20070518 20091008 -1.562e-05 3.1481e-10 ALOS
20070818 20071003 -0.00023724 7.7687e-10 ALOS
20071217 20100509 0.00012692 3.1456e-10 ALOS
20080103 20100526 -0.00010384 3.2808e-10 ALOS
20080404 20080520 -0.00014072 7.7682e-10 ALOS
20080618 20090921 2.9961e-05 3.7266e-10 ALOS
20080629 20090510 -0.00031835 4.1266e-10 ERS2
20080705 20091008 -0.0029356 3.6604e-10 ALOS
20080803 20090823 -1.7187e-05 3.8353e-10 ERS2
20081116 20090823 6.8874e-05 4.3215e-10 ERS2
20081219 20090921 7.2784e-05 4.4647e-10 ALOS
20090105 20090708 -0.00025656 5.3132e-10 ALOS
20090510 20091101 -3.9538e-05 5.2075e-10 ERS2
20090708 20091008 0.00013295 6.6756e-10 ALOS
20090823 20091101 0.00020326 6.9862e-10 ERS2
20091222 20100624 0.00032969 5.2803e-10 ALOS
20100108 20100223 0.00046599 7.7824e-10 ALOS
20100223 20100526 -7.1624e-05 6.6766e-10 ALOS
20100410 20100711 -6.026e-06 6.6756e-10 ALOS
20100509 20100624 0.00061161 7.7465e-10 ALOS
20100526 20100711 0.00038281 7.7681e-10 ALOS
20100624 20101109 -2.5303e-05 5.8424e-10 ALOS
20100711 20101011 -0.00013335 6.6684e-10 ALOS
20100809 20101109 -4.1919e-05 6.641e-10 ALOS
20101011 20101126 0.0002863 7.7682e-10 ALOS
20110111 20110226 0.0004302 7.7682e-10 ALOS
20110924 20130715 2.5519e-06 3.2418e-10 TSX
20111005 20121229 2.6911e-05 3.7071e-10 TSX
20111121 20171221 -4.6529e-05 3.7523e-10 TSX
20111221 20130131 -1.3797e-05 3.8538e-10 TSX
20111224 20121027 -1.0601e-05 4.1956e-10 TSX
20120126 20140419 -6.141e-06 3.2767e-10 TSX
20120203 20160320 3.7182e-05 3.4116e-10 TSX
20120206 20171107 2.4867e-05 4.404e-10 TSX
20120617 20171129 7.7768e-06 4.7873e-10 TSX
20120723 20160120 -2.5101e-05 4.6478e-10 TSX
20121024 20130109 4.4779e-05 7.0282e-10 TSX
20121027 20151226 4.6265e-06 4.2043e-10 TSX
20121030 20130311 1.9768e-05 5.848e-10 TSX
20121107 20171118 -8.3321e-06 3.2929e-10 TSX
20121221 20160208 3.2904e-05 3.8562e-10 TSX
20121224 20130516 2.6257e-05 5.6862e-10 TSX
20121229 20130407 7.3112e-05 6.5676e-10 TSX
20130104 20130217 -1.019e-06 7.7419e-10 TSX
20130109 20130715 0.00011691 5.4645e-10 TSX
20130112 20140511 -3.0479e-05 3.6678e-10 TSX
20130115 20130721 -4.0174e-05 5.1461e-10 TSX
20130126 20130823 8.7031e-05 5.2686e-10 TSX
20130131 20130429 1.5363e-05 6.788e-10 TSX
20130203 20130729 -1.4465e-05 5.2346e-10 TSX
20130211 20130919 1.4252e-05 4.9658e-10 TSX
20130228 20141209 1.9987e-05 3.2602e-10 TSX
20130311 20130801 -3.5544e-05 5.6933e-10 TSX
20130316 20130623 -2.1877e-06 6.5686e-10 TSX
20130402 20150122 -9.8012e-05 4.3735e-10 TSX
20130407 20140530 -1.6812e-05 3.813e-10 TSX
20130421 20171016 3.8727e-05 5.1508e-10 TSX
20130424 20130721 -0.00011166 6.6462e-10 TSX
20130429 20130623 -6.9819e-05 7.5572e-10 TSX
20130505 20131028 -0.00032298 5.7594e-10 TSX
20130513 20151112 3.9753e-05 3.4515e-10 TSX
20130516 20131017 0.00034551 5.6796e-10 TSX
20130521 20130715 8.3965e-05 7.5582e-10 TSX
20130524 20171129 5.146e-05 3.3685e-10 TSX
20130527 20140627 -2.0398e-05 3.8508e-10 TSX
20130601 20130930 -3.2845e-05 6.175e-10 TSX
20130604 20141217 5.6199e-05 3.5638e-10 TSX
20130607 20140719 4.4063e-06 3.8185e-10 TSX
20130612 20150105 2.908e-05 3.4395e-10 TSX
20130615 20160106 2.1483e-05 3.4158e-10 TSX
20130618 20140708 -3.7478e-05 3.8832e-10 TSX
20130623 20130715 0.00058387 8.6433e-10 TSX
20130629 20130914 1.0464e-05 6.9888e-10 TSX
20130707 20150130 2.4032e-05 3.3956e-10 TSX
20130710 20140901 4.9944e-05 3.7778e-10 TSX
20130715 20130726 -0.0023602 1.0137e-09 TSX
20130721 20131108 0.00047031 6.4992e-10 TSX
20130726 20150517 2.3008e-05 3.2474e-10 TSX
20130729 20160904 1.8366e-05 3.0768e-10 TSX
20130801 20151115 1.6423e-05 4.1307e-10 TSX
20130817 20140209 -1.6366e-05 5.4124e-10 TSX
20130828 20150312 -9.8282e-06 3.4364e-10 TSX
20130903 20150329 -0.00018756 4.5098e-10 TSX
20130919 20160309 2.1725e-05 3.8749e-10 TSX
20130925 20140708 9.3797e-05 4.6915e-10 TSX
20130930 20160411 3.044e-05 3.482e-10 TSX
20131011 20150802 -4.9685e-06 3.4023e-10 TSX
20131017 20140719 9.6599e-06 4.5275e-10 TSX
20131028 20160304 -0.00013028 3.388e-10 TSX
20131102 20140519 4.0749e-05 5.1738e-10 TSX
20131108 20140708 9.6918e-05 4.8914e-10 TSX
20140209 20160309 -1.7227e-05 3.7172e-10 TSX
20140223 20140829 1.7653e-05 5.113e-10 TSX
20140408 20140705 1.0839e-05 6.6143e-10 TSX
20140419 20170913 1.0293e-05 4.1667e-10 TSX
20140511 20141228 4.7743e-05 4.7056e-10 TSX
20140519 20150824 -1.3537e-05 3.6902e-10 TSX
20140624 20171005 1.9391e-06 3.7428e-10 TSX
20140627 20151115 -5.5039e-05 3.6919e-10 TSX
20140705 20180911 -9.5137e-06 3.7737e-10 TSX
20140708 20160406 2.1343e-05 4.6172e-10 TSX
20140716 20171005 1.1852e-05 3.6005e-10 TSX
20140719 20151207 2.6523e-06 4.1838e-10 TSX
20140727 20150326 -5.4703e-05 4.6189e-10 TSX
20140810 20150122 8.7181e-05 5.4296e-10 TSX
20140818 20160301 1.593e-05 3.7338e-10 TSX
20140829 20160208 -3.52e-05 3.999e-10 TSX
20140901 20140912 -0.0002705 9.6954e-10 TSX
20140912 20141209 9.9879e-06 6.6434e-10 TSX
20140920 20170902 1.5742e-05 4.747e-10 TSX
20141209 20160211 -2.4168e-05 3.7669e-10 TSX
20141217 20160722 5.3657e-05 3.874e-10 TSX
20141228 20160106 1.7221e-05 5.1284e-10 TSX
20141231 20151024 -2.7947e-06 4.3042e-10 TSX
20150105 20150824 -2.3778e-06 4.94e-10 TSX
20150108 20170811 5.2715e-05 4.3598e-10 TSX
20150119 20160117 2.9104e-05 4.356e-10 TSX
20150127 20160411 3.7849e-05 4.7265e-10 TSX
20150130 20151112 3.4486e-05 4.4034e-10 TSX
20150210 20170114 -6.3328e-06 4.4952e-10 TSX
20150213 20160326 0.00029649 4.0689e-10 TSX
20150218 20160216 1.2912e-05 4.2195e-10 TSX
20150221 20180112 4.2761e-05 3.9945e-10 TSX
20150304 20180911 5.2476e-06 4.4502e-10 TSX
20150307 20160211 -8.0395e-06 4.0964e-10 TSX
20150312 20160320 3.953e-06 4.2059e-10 TSX
20150326 20150827 3.3246e-05 5.5216e-10 TSX
20150329 20151207 -7.5683e-05 4.5825e-10 TSX
20150428 20160425 2.8136e-05 4.0783e-10 TSX
20150509 20150827 -4.1351e-06 6.2565e-10 TSX
20150517 20150824 -0.00028526 6.6253e-10 TSX
20150520 20180911 2.3396e-05 4.4239e-10 TSX
20150714 20170822 -9.7744e-06 3.3551e-10 TSX
20150725 20170924 3.069e-06 3.6238e-10 TSX
20150802 20160309 -4.0858e-05 4.9723e-10 TSX
20150805 20160403 4.1777e-05 4.6228e-10 TSX
20150816 20171107 4.0768e-05 3.3651e-10 TSX
20150824 20150915 0.00056972 8.6424e-10 TSX
20150827 20170902 -2.1107e-06 3.2638e-10 TSX
20150915 20160216 -1.0582e-05 5.6888e-10 TSX
20151021 20160904 -5.226e-05 4.1715e-10 TSX
20151101 20171016 -2.1898e-05 3.3167e-10 TSX
20151112 20160425 -3.4927e-07 5.3657e-10 TSX
20151115 20151229 6.9631e-05 7.7418e-10 TSX
20151123 20171221 5.2612e-05 4.0074e-10 TSX
20151204 20151215 0.00017045 9.7905e-10 TSX
20151207 20160406 -2.0558e-05 6.0232e-10 TSX
20151215 20170822 1.9322e-05 3.6894e-10 TSX
20151226 20161223 1.9005e-05 3.9426e-10 TSX
20151229 20160211 1.64e-05 7.7418e-10 TSX
20160106 20161223 2.3144e-06 4.0411e-10 TSX
20160117 20160926 5.753e-05 4.5988e-10 TSX
20160128 20160301 -0.00020046 8.0712e-10 TSX
20160208 20160312 -7.2011e-05 8.0712e-10 TSX
20160216 20160309 -0.00032989 8.6424e-10 TSX
20160219 20180319 1.0464e-05 3.2116e-10 TSX
20160301 20161201 6.6209e-05 4.3871e-10 TSX
20160304 20160326 5.3734e-05 8.5018e-10 TSX
20160312 20180319 1.1824e-05 3.1081e-10 TSX
20160320 20160411 0.0003556 8.6426e-10 TSX
20160323 20171118 2.1022e-07 3.2563e-10 TSX
20160326 20160406 -0.00051216 9.6946e-10 TSX
20160403 20171027 3.2025e-05 3.6942e-10 TSX
20160425 20170811 6.0862e-05 4.2919e-10 TSX
20160528 20160630 4.3847e-06 8.0712e-10 TSX
20160630 20171118 2.8359e-05 3.5407e-10 TSX
20160722 20161201 0.00012918 5.8147e-10 TSX
20160904 20180707 2.453e-05 3.2898e-10 TSX
20160915 20180911 -2.2446e-05 3.1409e-10 TSX
20160926 20170114 0.00011949 6.1926e-10 TSX
20161201 20171027 -9.8499e-06 4.116e-10 TSX
20161223 20171107 2.4757e-05 4.2153e-10 TSX
20170114 20170902 -1.079e-05 4.7268e-10 TSX
20170811 20171005 -3.6611e-05 7.4157e-10 TSX
20170822 20180707 -5.258e-05 4.1405e-10 TSX
20170913 20180707 -0.00010349 4.2578e-10 TSX
20170924 20180319 -5.5213e-05 5.2325e-10 TSX
20171005 20171107 8.0765e-05 8.0712e-10 TSX
20171016 20180319 -4.4103e-05 5.5014e-10 TSX
20171027 20180911 -3.8561e-05 4.1422e-10 TSX
20171107 20171118 7.0004e-05 9.7905e-10 TSX
20171118 20171129 5.7086e-05 9.7905e-10 TSX
20171129 20171221 -1.4114e-05 8.5156e-10 TSX
20171210 20180820 -8.7082e-05 4.5361e-10 TSX
20171221 20180911 -4.5874e-05 4.4597e-10 TSX
20180112 20181003 -8.2706e-06 4.4609e-10 TSX
20180319 20180707 -0.00011515 6.1819e-10 TSX
20180707 20180911 0.00019418 7.1269e-10 TSX
20180729 20181003 7.6947e-06 7.1269e-10 TSX
20180820 20181003 0.00014009 7.7275e-10 TSX
20180911 20181003 -0.00015998 8.5156e-10 TSX
