20030427 20030914 0.00019307 5.6698e-10 ERS2
20030914 20080629 -2.395e-05 2.7529e-10 ERS2
20050918 20090510 2.3135e-05 3.1479e-10 ERS2
20051127 20081116 0.00023653 3.1396e-10 ERS2
20060903 20090510 -0.00011444 3.0655e-10 ERS2
20061231 20090105 8.4949e-05 3.4226e-10 ALOS
20070402 20070703 -5.9066e-05 6.68e-10 ALOS
20070518 20091008 8.4772e-05 3.256e-10 ALOS
20070818 20071003 -0.00020055 7.7775e-10 ALOS
20071217 20100509 -0.00019109 3.0924e-10 ALOS
20080103 20100526 0.0003193 3.1838e-10 ALOS
20080404 20080520 -0.00015513 7.7801e-10 ALOS
20080618 20090921 -4.4168e-05 3.7266e-10 ALOS
20080629 20090510 -0.00013025 4.2538e-10 ERS2
20080705 20091008 0.00047329 3.652e-10 ALOS
20080803 20090823 -2.7682e-05 3.8414e-10 ERS2
20081116 20090823 4.7262e-05 4.3248e-10 ERS2
20081219 20090921 -5.2669e-05 4.543e-10 ALOS
20090105 20090708 -0.00063925 5.3479e-10 ALOS
20090510 20091101 0.00022683 5.2137e-10 ERS2
20090708 20091008 0.00014929 6.6723e-10 ALOS
20090823 20091101 0.00021829 6.9872e-10 ERS2
20091222 20100624 0.00014136 5.3025e-10 ALOS
20100108 20100223 0.00017328 7.8012e-10 ALOS
20100223 20100526 -0.00022405 6.6994e-10 ALOS
20100410 20100711 -8.631e-05 6.694e-10 ALOS
20100509 20100624 0.0005911 7.7546e-10 ALOS
20100526 20100711 0.00035714 7.777e-10 ALOS
20100624 20101109 2.8338e-05 5.8437e-10 ALOS
20100711 20101011 -0.00010663 6.6732e-10 ALOS
20100809 20101109 5.6425e-05 6.6446e-10 ALOS
20101011 20101126 0.00026683 7.777e-10 ALOS
20110111 20110226 0.00047252 7.7769e-10 ALOS
20110924 20130715 -1.4282e-05 3.9959e-10 TSX
20111005 20121229 -1.0173e-05 3.8122e-10 TSX
20111121 20171221 1.7797e-05 3.8944e-10 TSX
20111221 20130131 -2.1084e-06 3.8972e-10 TSX
20111224 20121027 9.6832e-06 4.2044e-10 TSX
20120126 20140419 1.1481e-05 4.1239e-10 TSX
20120203 20160320 5.3067e-05 3.8963e-10 TSX
20120206 20171107 -9.7722e-06 5.0462e-10 TSX
20120617 20171129 -1.3846e-05 4.4448e-10 TSX
20120723 20160120 -4.7356e-09 3.5794e-10 TSX
20121024 20130109 8.8959e-06 7.043e-10 TSX
20121027 20151226 -1.944e-05 4.1504e-10 TSX
20121030 20130311 -4.2906e-06 5.8488e-10 TSX
20121107 20171118 1.9256e-05 3.2621e-10 TSX
20121221 20160208 -9.0384e-05 4.6014e-10 TSX
20121224 20130516 5.8724e-05 5.6867e-10 TSX
20121229 20130407 2.0414e-05 6.573e-10 TSX
20130104 20130217 -2.1899e-05 7.7482e-10 TSX
20130109 20130715 0.00020305 5.4441e-10 TSX
20130112 20140511 -3.3935e-05 4.273e-10 TSX
20130115 20130721 -1.8598e-05 5.3823e-10 TSX
20130126 20130823 5.881e-05 5.1014e-10 TSX
20130131 20130429 -1.8663e-05 6.7936e-10 TSX
20130203 20130729 -3.1721e-05 5.3415e-10 TSX
20130211 20130919 2.3423e-06 5.0148e-10 TSX
20130228 20141209 -3.3873e-05 4.2749e-10 TSX
20130311 20130801 -6.7406e-05 5.7671e-10 TSX
20130316 20130623 -6.1879e-05 6.5967e-10 TSX
20130402 20150122 2.8205e-05 3.9267e-10 TSX
20130407 20140530 -2.8976e-05 3.92e-10 TSX
20130421 20171016 2.1155e-07 3.7075e-10 TSX
20130424 20130721 -0.00020878 6.6614e-10 TSX
20130429 20130623 -9.261e-05 7.5696e-10 TSX
20130505 20131028 -0.00040273 6.1226e-10 TSX
20130513 20151112 8.6811e-05 4.7335e-10 TSX
20130516 20131017 -0.00013006 6.4826e-10 TSX
20130521 20130715 7.4981e-05 7.5715e-10 TSX
20130524 20171129 -1.6479e-05 4.542e-10 TSX
20130527 20140627 -6.688e-05 4.038e-10 TSX
20130601 20130930 -4.5166e-05 6.1875e-10 TSX
20130604 20141217 3.9293e-05 5.074e-10 TSX
20130607 20140719 -4.395e-05 4.123e-10 TSX
20130612 20150105 -2.2886e-05 3.8147e-10 TSX
20130615 20160106 2.1167e-05 4.6434e-10 TSX
20130618 20140708 -8.6653e-05 4.0355e-10 TSX
20130623 20130715 0.00060072 8.6526e-10 TSX
20130629 20130914 4.4575e-05 7.0853e-10 TSX
20130707 20150130 -3.3623e-05 4.3767e-10 TSX
20130710 20140901 1.5982e-05 4.4113e-10 TSX
20130715 20130726 -0.0023641 1.0145e-09 TSX
20130721 20131108 0.0005911 6.5159e-10 TSX
20130726 20150517 4.2554e-05 3.6072e-10 TSX
20130729 20160904 1.1468e-05 4.3054e-10 TSX
20130801 20151115 -2.1678e-05 4.2651e-10 TSX
20130817 20140209 2.2426e-05 5.4395e-10 TSX
20130828 20150312 8.1019e-05 3.8575e-10 TSX
20130903 20150329 -8.0931e-05 4.1445e-10 TSX
20130919 20160309 -8.9321e-05 4.0528e-10 TSX
20130925 20140708 0.00010819 4.599e-10 TSX
20130930 20160411 9.3572e-06 4.9088e-10 TSX
20131011 20150802 9.4018e-07 3.7037e-10 TSX
20131017 20140719 -1.7851e-05 4.4479e-10 TSX
20131028 20160304 -0.00012295 3.1638e-10 TSX
20131102 20140519 1.9014e-05 5.1887e-10 TSX
20131108 20140708 2.2981e-05 5.11e-10 TSX
20140209 20160309 2.012e-05 4.043e-10 TSX
20140223 20140829 2.9037e-05 5.1901e-10 TSX
20140408 20140705 -1.3676e-06 6.6147e-10 TSX
20140419 20170913 5.9121e-05 4.1061e-10 TSX
20140511 20141228 2.168e-05 5.1402e-10 TSX
20140519 20150824 5.2548e-05 4.0008e-10 TSX
20140624 20171005 -1.078e-05 5.2712e-10 TSX
20140627 20151115 0.00016145 4.0469e-10 TSX
20140705 20180911 -8.4743e-06 4.2173e-10 TSX
20140708 20160406 0.00014448 4.1914e-10 TSX
20140716 20171005 -1.7954e-05 5.3503e-10 TSX
20140719 20151207 5.459e-05 4.4993e-10 TSX
20140727 20150326 -7.0934e-05 4.6893e-10 TSX
20140810 20150122 0.00015123 5.5762e-10 TSX
20140818 20160301 4.491e-05 4.9875e-10 TSX
20140829 20160208 0.00012626 4.6925e-10 TSX
20140901 20140912 -0.00027331 9.7014e-10 TSX
20140912 20141209 3.9582e-05 6.6588e-10 TSX
20140920 20170902 -1.8174e-05 3.9501e-10 TSX
20141209 20160211 -0.00011083 4.1863e-10 TSX
20141217 20160722 -3.4837e-05 3.9044e-10 TSX
20141228 20160106 2.2244e-05 4.5993e-10 TSX
20141231 20151024 -5.2366e-06 4.5702e-10 TSX
20150105 20150824 -6.3872e-05 4.9495e-10 TSX
20150108 20170811 -1.1684e-05 4.1577e-10 TSX
20150119 20160117 1.6043e-05 5.1039e-10 TSX
20150127 20160411 -2.9017e-05 4.2926e-10 TSX
20150130 20151112 0.00018664 4.7733e-10 TSX
20150210 20170114 7.5761e-05 3.7203e-10 TSX
20150213 20160326 5.1583e-05 4.1657e-10 TSX
20150218 20160216 -5.825e-05 4.9054e-10 TSX
20150221 20180112 4.4695e-05 4.2617e-10 TSX
20150304 20180911 -9.8253e-05 4.0785e-10 TSX
20150307 20160211 -0.00012699 4.3023e-10 TSX
20150312 20160320 -1.7667e-05 4.4349e-10 TSX
20150326 20150827 -2.2297e-05 5.7575e-10 TSX
20150329 20151207 5.5489e-05 4.8878e-10 TSX
20150428 20160425 1.3985e-05 4.5622e-10 TSX
20150509 20150827 7.7018e-06 6.4471e-10 TSX
20150517 20150824 -0.00029867 6.6212e-10 TSX
20150520 20180911 -1.571e-05 3.501e-10 TSX
20150714 20170822 -9.2112e-05 3.8467e-10 TSX
20150725 20170924 3.4652e-05 4.6961e-10 TSX
20150802 20160309 -1.1309e-06 5.0471e-10 TSX
20150805 20160403 6.4355e-05 4.924e-10 TSX
20150816 20171107 9.3697e-05 4.3079e-10 TSX
20150824 20150915 0.00062554 8.6516e-10 TSX
20150827 20170902 -5.4837e-06 4.1865e-10 TSX
20150915 20160216 -0.0001921 5.7914e-10 TSX
20151021 20160904 -6.5598e-05 4.6462e-10 TSX
20151101 20171016 -1.2408e-05 4.9397e-10 TSX
20151112 20160425 -2.28e-05 5.4346e-10 TSX
20151115 20151229 7.1194e-05 7.7482e-10 TSX
20151123 20171221 -4.5575e-05 4.3571e-10 TSX
20151204 20151215 0.00016892 9.7943e-10 TSX
20151207 20160406 -4.0792e-05 6.03e-10 TSX
20151215 20170822 1.9881e-05 4.4528e-10 TSX
20151226 20161223 1.1197e-05 4.0717e-10 TSX
20151229 20160211 6.6999e-06 7.7482e-10 TSX
20160106 20161223 4.5669e-05 4.0675e-10 TSX
20160117 20160926 5.2188e-05 4.7771e-10 TSX
20160128 20160301 -0.00023344 8.0758e-10 TSX
20160208 20160312 -9.9206e-05 8.0758e-10 TSX
20160216 20160309 -0.00036139 8.6516e-10 TSX
20160219 20180319 1.7445e-05 5.1084e-10 TSX
20160301 20161201 6.9171e-05 4.4194e-10 TSX
20160304 20160326 5.5725e-05 8.5085e-10 TSX
20160312 20180319 2.6083e-05 4.2675e-10 TSX
20160320 20160411 0.00034551 8.6517e-10 TSX
20160323 20171118 4.7906e-05 3.7919e-10 TSX
20160326 20160406 -0.00051966 9.7006e-10 TSX
20160403 20171027 5.7694e-05 4.1799e-10 TSX
20160425 20170811 -0.00011627 3.9476e-10 TSX
20160528 20160630 1.2325e-05 8.0758e-10 TSX
20160630 20171118 2.1893e-05 3.8912e-10 TSX
20160722 20161201 0.00010941 5.8262e-10 TSX
20160904 20180707 -6.6012e-06 3.9803e-10 TSX
20160915 20180911 1.3784e-05 3.8327e-10 TSX
20160926 20170114 5.3072e-05 6.2429e-10 TSX
20161201 20171027 -7.3181e-05 4.5559e-10 TSX
20161223 20171107 -9.8071e-05 4.6068e-10 TSX
20170114 20170902 -5.4589e-05 4.7879e-10 TSX
20170811 20171005 -3.6277e-05 7.419e-10 TSX
20170822 20180707 -9.11e-05 4.1723e-10 TSX
20170913 20180707 -0.00015447 4.3562e-10 TSX
20170924 20180319 -3.8033e-05 5.2327e-10 TSX
20171005 20171107 8.2843e-05 8.0758e-10 TSX
20171016 20180319 -2.0628e-05 5.5017e-10 TSX
20171027 20180911 -2.489e-05 4.1657e-10 TSX
20171107 20171118 6.9884e-05 9.7943e-10 TSX
20171118 20171129 5.8589e-05 9.7943e-10 TSX
20171129 20171221 -9.1312e-06 8.52e-10 TSX
20171210 20180820 -9.6009e-05 4.5734e-10 TSX
20171221 20180911 -3.7288e-05 4.5305e-10 TSX
20180112 20181003 4.0083e-06 4.5943e-10 TSX
20180319 20180707 -0.00018467 6.185e-10 TSX
20180707 20180911 0.00027012 7.1293e-10 TSX
20180729 20181003 1.5473e-05 7.1293e-10 TSX
20180820 20181003 0.0001533 7.7317e-10 TSX
20180911 20181003 -0.00020221 8.5201e-10 TSX
