20030427 20030914 0.00014979 5.6595e-10 ERS2
20030914 20080629 -2.1509e-05 2.738e-10 ERS2
20050918 20090510 -2.4435e-05 3.01e-10 ERS2
20051127 20081116 -0.00023085 3.1119e-10 ERS2
20060903 20090510 3.7552e-05 3.1858e-10 ERS2
20061231 20090105 0.0001002 3.1797e-10 ALOS
20070402 20070703 -0.00016774 6.6845e-10 ALOS
20070518 20091008 4.7334e-05 2.9722e-10 ALOS
20070818 20071003 -0.00035638 7.7937e-10 ALOS
20071217 20100509 -1.3981e-05 2.9641e-10 ALOS
20080103 20100526 -1.242e-05 3.0081e-10 ALOS
20080404 20080520 4.2042e-05 7.794e-10 ALOS
20080618 20090921 -7.2044e-05 3.7244e-10 ALOS
20080629 20090510 -0.00035679 4.1344e-10 ERS2
20080705 20091008 4.4504e-05 3.6506e-10 ALOS
20080803 20090823 -2.4466e-05 3.8292e-10 ERS2
20081116 20090823 2.4218e-05 4.3207e-10 ERS2
20081219 20090921 0.00057956 4.4624e-10 ALOS
20090105 20090708 0.00024503 5.3192e-10 ALOS
20090510 20091101 0.00070413 5.2091e-10 ERS2
20090708 20091008 0.00063298 6.6879e-10 ALOS
20090823 20091101 -8.2577e-05 7.0157e-10 ERS2
20091222 20100624 0.00033753 5.2794e-10 ALOS
20100108 20100223 0.00051299 7.7981e-10 ALOS
20100223 20100526 -0.00022509 6.688e-10 ALOS
20100410 20100711 -9.9462e-05 6.6847e-10 ALOS
20100509 20100624 0.00079183 7.7714e-10 ALOS
20100526 20100711 0.00054045 7.7941e-10 ALOS
20100624 20101109 4.1941e-05 5.8481e-10 ALOS
20100711 20101011 4.673e-05 6.6838e-10 ALOS
20100809 20101109 -8.6423e-05 6.6549e-10 ALOS
20101011 20101126 0.00021541 7.7941e-10 ALOS
20110111 20110226 0.00077895 7.7939e-10 ALOS
20110924 20130715 8.6064e-05 3.2304e-10 TSX
20111005 20121229 -4.9891e-05 3.6938e-10 TSX
20111121 20171221 -1.14e-05 3.4333e-10 TSX
20111221 20130131 6.2836e-06 3.8576e-10 TSX
20111224 20121027 -3.2879e-05 4.1948e-10 TSX
20120126 20140419 -1.0741e-05 2.9475e-10 TSX
20120203 20160320 -3.1368e-05 2.4845e-10 TSX
20120206 20171107 -1.4996e-05 3.2242e-10 TSX
20120617 20171129 -1.3802e-05 3.1281e-10 TSX
20120723 20160120 5.625e-05 2.7151e-10 TSX
20121024 20130109 0.00017903 7.0481e-10 TSX
20121027 20151226 -2.513e-05 2.8458e-10 TSX
20121030 20130311 3.7619e-05 5.8511e-10 TSX
20121107 20171118 -8.2246e-06 3.2312e-10 TSX
20121221 20160208 1.5196e-06 2.8114e-10 TSX
20121224 20130516 -0.00022295 5.6886e-10 TSX
20121229 20130407 4.6799e-05 6.5839e-10 TSX
20130104 20130217 4.5698e-05 7.765e-10 TSX
20130109 20130715 0.00011228 5.2972e-10 TSX
20130112 20140511 -2.8131e-05 3.5649e-10 TSX
20130115 20130721 -0.00021738 5.1414e-10 TSX
20130126 20130823 -0.00012811 5.2564e-10 TSX
20130131 20130429 -8.9503e-05 6.8072e-10 TSX
20130203 20130729 -8.9633e-05 5.2366e-10 TSX
20130211 20130919 5.6236e-05 4.9632e-10 TSX
20130228 20141209 4.6489e-05 3.1344e-10 TSX
20130311 20130801 -3.2575e-05 5.688e-10 TSX
20130316 20130623 3.7883e-05 6.5839e-10 TSX
20130402 20150122 9.2734e-05 3.5707e-10 TSX
20130407 20140530 -1.8585e-05 3.8104e-10 TSX
20130421 20171016 -5.8195e-06 3.1796e-10 TSX
20130424 20130721 -0.00037349 6.6541e-10 TSX
20130429 20130623 -0.00012558 7.5838e-10 TSX
20130505 20131028 -0.00087504 5.6239e-10 TSX
20130513 20151112 -2.1041e-05 2.9948e-10 TSX
20130516 20131017 -0.00042229 5.9172e-10 TSX
20130521 20130715 0.00027557 7.584e-10 TSX
20130524 20171129 -1.175e-05 3.294e-10 TSX
20130527 20140627 1.5641e-05 3.8328e-10 TSX
20130601 20130930 0.00027807 6.1859e-10 TSX
20130604 20141217 5.9088e-06 3.4708e-10 TSX
20130607 20140719 1.7291e-05 3.7964e-10 TSX
20130612 20150105 4.8195e-05 3.3888e-10 TSX
20130615 20160106 -4.7828e-06 2.8468e-10 TSX
20130618 20140708 -2.4313e-07 3.8776e-10 TSX
20130623 20130715 0.0007441 8.6669e-10 TSX
20130629 20130914 0.00043334 7.0573e-10 TSX
20130707 20150130 9.199e-06 3.4225e-10 TSX
20130710 20140901 3.9331e-05 3.7651e-10 TSX
20130715 20130726 -0.0025466 1.0157e-09 TSX
20130721 20131108 0.0012378 6.8742e-10 TSX
20130726 20150517 7.7574e-05 3.2491e-10 TSX
20130729 20160904 -2.3689e-05 2.7492e-10 TSX
20130801 20151115 3.3759e-05 2.9133e-10 TSX
20130817 20140209 4.9093e-06 5.4165e-10 TSX
20130828 20150312 8.6174e-05 3.404e-10 TSX
20130903 20150329 -0.00024956 4.5321e-10 TSX
20130919 20160309 1.8642e-05 2.7855e-10 TSX
20130925 20140708 -4.5271e-05 4.5932e-10 TSX
20130930 20160411 1.0678e-05 2.7956e-10 TSX
20131011 20150802 4.7925e-05 3.2567e-10 TSX
20131017 20140719 -3.9061e-05 4.474e-10 TSX
20131028 20160304 -6.6629e-05 3.174e-10 TSX
20131102 20140519 -9.9758e-05 5.1763e-10 TSX
20131108 20140708 -9.6641e-06 4.8479e-10 TSX
20140209 20160309 2.6745e-05 3.0984e-10 TSX
20140223 20140829 6.5308e-06 5.1155e-10 TSX
20140408 20140705 1.5752e-05 6.6419e-10 TSX
20140419 20170913 1.0876e-06 3.2769e-10 TSX
20140511 20141228 6.264e-05 4.7034e-10 TSX
20140519 20150824 4.6554e-05 3.6506e-10 TSX
20140624 20171005 1.1252e-05 3.2217e-10 TSX
20140627 20151115 2.3134e-05 3.4246e-10 TSX
20140705 20180911 1.1772e-05 3.1238e-10 TSX
20140708 20160406 3.3731e-05 3.1517e-10 TSX
20140716 20171005 -2.1335e-05 3.2958e-10 TSX
20140719 20151207 4.5094e-05 3.4158e-10 TSX
20140727 20150326 1.2535e-05 4.6171e-10 TSX
20140810 20150122 -1.2179e-05 5.4338e-10 TSX
20140818 20160301 1.3641e-05 3.336e-10 TSX
20140829 20160208 -4.6077e-06 3.3532e-10 TSX
20140901 20140912 -0.00030782 9.714e-10 TSX
20140912 20141209 -2.3992e-05 6.6541e-10 TSX
20140920 20170902 -1.1264e-05 3.3168e-10 TSX
20141209 20160211 -2.3918e-05 3.6564e-10 TSX
20141217 20160722 -2.5381e-05 3.2727e-10 TSX
20141228 20160106 -8.517e-06 3.8485e-10 TSX
20141231 20151024 3.8122e-05 4.2588e-10 TSX
20150105 20150824 -3.911e-05 4.8662e-10 TSX
20150108 20170811 1.6236e-07 3.3554e-10 TSX
20150119 20160117 1.7762e-06 3.8963e-10 TSX
20150127 20160411 4.528e-05 3.7423e-10 TSX
20150130 20151112 -5.002e-05 4.2913e-10 TSX
20150210 20170114 1.4338e-05 3.1996e-10 TSX
20150213 20160326 0.00013107 4.3224e-10 TSX
20150218 20160216 -1.6284e-06 4.0535e-10 TSX
20150221 20180112 1.1029e-05 3.757e-10 TSX
20150304 20180911 2.2367e-06 3.3367e-10 TSX
20150307 20160211 1.4615e-07 4.0229e-10 TSX
20150312 20160320 -6.3221e-05 3.9982e-10 TSX
20150326 20150827 -5.4654e-05 5.5066e-10 TSX
20150329 20151207 -3.0365e-05 4.5489e-10 TSX
20150428 20160425 -2.9635e-06 3.8993e-10 TSX
20150509 20150827 -8.0157e-05 6.199e-10 TSX
20150517 20150824 -4.8902e-05 6.5859e-10 TSX
20150520 20180911 2.2462e-06 3.2144e-10 TSX
20150714 20170822 1.3869e-05 3.2926e-10 TSX
20150725 20170924 1.0435e-05 3.2938e-10 TSX
20150802 20160309 -0.00021212 4.9641e-10 TSX
20150805 20160403 3.4635e-05 4.6302e-10 TSX
20150816 20171107 -7.839e-06 3.2118e-10 TSX
20150824 20150915 0.00078729 8.6659e-10 TSX
20150827 20170902 1.666e-05 3.2391e-10 TSX
20150915 20160216 -0.00020205 5.6935e-10 TSX
20151021 20160904 -5.8027e-05 4.1581e-10 TSX
20151101 20171016 -2.6872e-05 3.2176e-10 TSX
20151112 20160425 -6.633e-06 5.3673e-10 TSX
20151115 20151229 0.00018459 7.765e-10 TSX
20151123 20171221 1.4934e-05 3.125e-10 TSX
20151204 20151215 0.00014853 9.8242e-10 TSX
20151207 20160406 -0.00010612 6.0274e-10 TSX
20151215 20170822 1.4472e-05 3.4333e-10 TSX
20151226 20161223 -1.0344e-05 3.9469e-10 TSX
20151229 20160211 -4.8117e-05 7.765e-10 TSX
20160106 20161223 1.2219e-05 3.9892e-10 TSX
20160117 20160926 -1.9291e-05 4.5313e-10 TSX
20160128 20160301 -0.00010593 8.1176e-10 TSX
20160208 20160312 -0.00014486 8.1176e-10 TSX
20160216 20160309 -0.00042291 8.6659e-10 TSX
20160219 20180319 4.7143e-06 2.9656e-10 TSX
20160301 20161201 -3.2104e-06 4.3881e-10 TSX
20160304 20160326 5.7605e-05 8.5233e-10 TSX
20160312 20180319 2.077e-05 2.997e-10 TSX
20160320 20160411 0.0004095 8.666e-10 TSX
20160323 20171118 4.1462e-06 3.2003e-10 TSX
20160326 20160406 -0.00055648 9.7132e-10 TSX
20160403 20171027 -2.2466e-05 3.3099e-10 TSX
20160425 20170811 -7.2106e-06 3.579e-10 TSX
20160528 20160630 -1.2924e-06 8.1176e-10 TSX
20160630 20171118 -8.0501e-06 3.3987e-10 TSX
20160722 20161201 8.7424e-05 5.8253e-10 TSX
20160904 20180707 1.3825e-05 3.274e-10 TSX
20160915 20180911 2.3722e-05 3.0493e-10 TSX
20160926 20170114 7.2658e-05 6.1977e-10 TSX
20161201 20171027 -3.3747e-05 4.0791e-10 TSX
20161223 20171107 -1.2309e-05 4.112e-10 TSX
20170114 20170902 -6.4738e-05 4.7153e-10 TSX
20170811 20171005 -6.6008e-06 7.4606e-10 TSX
20170822 20180707 2.308e-05 4.1407e-10 TSX
20170913 20180707 -1.4686e-05 4.2514e-10 TSX
20170924 20180319 5.1455e-05 5.2375e-10 TSX
20171005 20171107 5.9675e-05 8.1176e-10 TSX
20171016 20180319 7.5278e-05 5.5087e-10 TSX
20171027 20180911 3.0376e-05 4.1408e-10 TSX
20171107 20171118 8.2698e-05 9.8243e-10 TSX
20171118 20171129 5.2574e-05 9.8243e-10 TSX
20171129 20171221 -1.366e-05 8.5565e-10 TSX
20171210 20180820 1.799e-06 4.5366e-10 TSX
20171221 20180911 -3.2005e-05 4.4585e-10 TSX
20180112 20181003 0.00010005 4.4581e-10 TSX
20180319 20180707 -6.6878e-05 6.1987e-10 TSX
20180707 20180911 0.00015494 7.1666e-10 TSX
20180729 20181003 -6.1686e-05 7.1666e-10 TSX
20180820 20181003 9.0826e-05 7.7752e-10 TSX
20180911 20181003 -0.00020762 8.5565e-10 TSX
