20030427 20030914 0.0005402 5.6969e-10 ERS2
20030914 20080629 -4.6548e-05 2.8394e-10 ERS2
20050918 20090510 -2.5354e-06 3.0069e-10 ERS2
20051127 20081116 3.2481e-05 3.2585e-10 ERS2
20060903 20090510 -0.00015845 3.1085e-10 ERS2
20061231 20090105 3.66e-05 3.1309e-10 ALOS
20070402 20070703 -0.00021811 6.6631e-10 ALOS
20070518 20091008 -4.8196e-05 2.9866e-10 ALOS
20070818 20071003 -0.00044198 7.7536e-10 ALOS
20071217 20100509 -4.8515e-06 2.9974e-10 ALOS
20080103 20100526 -3.088e-07 2.9701e-10 ALOS
20080404 20080520 2.1655e-05 7.7536e-10 ALOS
20080618 20090921 5.8971e-06 3.7274e-10 ALOS
20080629 20090510 -0.00011741 4.1218e-10 ERS2
20080705 20091008 -0.00010848 3.6495e-10 ALOS
20080803 20090823 -3.8098e-05 3.8315e-10 ERS2
20081116 20090823 9.144e-05 4.3207e-10 ERS2
20081219 20090921 -0.00013344 4.4612e-10 ALOS
20090105 20090708 -7.7978e-05 5.2809e-10 ALOS
20090510 20091101 0.00030611 5.2363e-10 ERS2
20090708 20091008 -0.00010178 6.6631e-10 ALOS
20090823 20091101 5.7038e-05 6.9868e-10 ERS2
20091222 20100624 -4.033e-05 5.2527e-10 ALOS
20100108 20100223 -0.00022077 7.7538e-10 ALOS
20100223 20100526 -4.8264e-05 6.6637e-10 ALOS
20100410 20100711 -0.00014849 6.6631e-10 ALOS
20100509 20100624 0.00068301 7.7335e-10 ALOS
20100526 20100711 0.00029258 7.7537e-10 ALOS
20100624 20101109 -0.00017837 5.8401e-10 ALOS
20100711 20101011 -0.00039032 6.6634e-10 ALOS
20100809 20101109 -1.7981e-05 6.6361e-10 ALOS
20101011 20101126 0.00028597 7.7537e-10 ALOS
20110111 20110226 0.00048255 7.7536e-10 ALOS
20110924 20130715 2.9901e-05 3.2389e-10 TSX
20111005 20121229 -8.2444e-06 3.6883e-10 TSX
20111121 20171221 -1.4891e-05 2.3851e-10 TSX
20111221 20130131 5.2982e-05 3.8566e-10 TSX
20111224 20121027 -9.9139e-06 4.1924e-10 TSX
20120126 20140419 -2.9525e-05 2.9158e-10 TSX
20120203 20160320 1.2118e-06 2.4712e-10 TSX
20120206 20171107 1.0972e-05 2.3879e-10 TSX
20120617 20171129 4.0852e-06 2.4739e-10 TSX
20120723 20160120 4.3403e-05 2.6252e-10 TSX
20121024 20130109 0.00021231 7.017e-10 TSX
20121027 20151226 -2.784e-05 2.6581e-10 TSX
20121030 20130311 4.2011e-05 5.8467e-10 TSX
20121107 20171118 1.8619e-06 2.4438e-10 TSX
20121221 20160208 -1.2263e-05 2.6512e-10 TSX
20121224 20130516 -0.00014293 5.6851e-10 TSX
20121229 20130407 9.8419e-05 6.5616e-10 TSX
20130104 20130217 -1.7387e-05 7.7323e-10 TSX
20130109 20130715 -2.6833e-05 5.2853e-10 TSX
20130112 20140511 -1.7032e-05 3.5409e-10 TSX
20130115 20130721 -0.00013572 5.1396e-10 TSX
20130126 20130823 -0.00011451 4.9024e-10 TSX
20130131 20130429 -5.687e-06 6.7807e-10 TSX
20130203 20130729 -5.731e-05 5.2318e-10 TSX
20130211 20130919 -1.0691e-05 4.9595e-10 TSX
20130228 20141209 3.1282e-05 3.1256e-10 TSX
20130311 20130801 -4.737e-05 5.6846e-10 TSX
20130316 20130623 2.8954e-05 6.5617e-10 TSX
20130402 20150122 6.9156e-05 3.0551e-10 TSX
20130407 20140530 -1.0557e-05 3.8093e-10 TSX
20130421 20171016 3.566e-06 2.4963e-10 TSX
20130424 20130721 -0.00024575 6.6405e-10 TSX
20130429 20130623 -7.2271e-05 7.5431e-10 TSX
20130505 20131028 -0.00043058 5.253e-10 TSX
20130513 20151112 -2.295e-05 2.7881e-10 TSX
20130516 20131017 -0.00018815 5.5287e-10 TSX
20130521 20130715 9.6984e-05 7.5433e-10 TSX
20130524 20171129 -3.4986e-06 2.483e-10 TSX
20130527 20140627 -9.7183e-06 3.8368e-10 TSX
20130601 20130930 -3.3649e-05 6.1703e-10 TSX
20130604 20141217 -4.7518e-06 3.3868e-10 TSX
20130607 20140719 1.1206e-05 3.8016e-10 TSX
20130612 20150105 1.3599e-05 3.3795e-10 TSX
20130615 20160106 6.2724e-06 2.7657e-10 TSX
20130618 20140708 -1.9196e-05 3.881e-10 TSX
20130623 20130715 0.00049624 8.6205e-10 TSX
20130629 20130914 8.3436e-05 6.8834e-10 TSX
20130707 20150130 -9.0359e-06 3.3857e-10 TSX
20130710 20140901 2.1064e-05 3.7683e-10 TSX
20130715 20130726 -0.0024627 1.0112e-09 TSX
20130721 20131108 0.000647 6.2101e-10 TSX
20130726 20150517 0.00017953 3.2266e-10 TSX
20130729 20160904 -1.0175e-05 2.6711e-10 TSX
20130801 20151115 4.8691e-05 2.8638e-10 TSX
20130817 20140209 0.00010355 5.4099e-10 TSX
20130828 20150312 6.4101e-05 3.3996e-10 TSX
20130903 20150329 -0.0001172 3.2602e-10 TSX
20130919 20160309 3.3734e-05 2.7695e-10 TSX
20130925 20140708 2.6968e-05 4.3133e-10 TSX
20130930 20160411 4.463e-05 2.7083e-10 TSX
20131011 20150802 1.2188e-05 3.2005e-10 TSX
20131017 20140719 -5.8557e-07 4.3881e-10 TSX
20131028 20160304 3.0935e-05 3.0028e-10 TSX
20131102 20140519 -9.9777e-05 5.1713e-10 TSX
20131108 20140708 -1.992e-05 4.6281e-10 TSX
20140209 20160309 1.5414e-05 3.0586e-10 TSX
20140223 20140829 7.084e-06 5.1115e-10 TSX
20140408 20140705 -8.4058e-06 6.6144e-10 TSX
20140419 20170913 6.5249e-06 2.5168e-10 TSX
20140511 20141228 -1.736e-06 4.7016e-10 TSX
20140519 20150824 0.00011132 3.6463e-10 TSX
20140624 20171005 -1.3059e-05 2.585e-10 TSX
20140627 20151115 -1.6116e-06 3.4018e-10 TSX
20140705 20180911 4.766e-06 2.5324e-10 TSX
20140708 20160406 5.6809e-05 3.1217e-10 TSX
20140716 20171005 1.8146e-05 2.614e-10 TSX
20140719 20151207 1.4357e-06 3.4051e-10 TSX
20140727 20150326 -1.7087e-05 4.6164e-10 TSX
20140810 20150122 4.1357e-05 5.3919e-10 TSX
20140818 20160301 -1.2399e-05 3.2479e-10 TSX
20140829 20160208 -1.167e-05 3.3162e-10 TSX
20140901 20140912 -0.00030964 9.6784e-10 TSX
20140912 20141209 0.00010384 6.6405e-10 TSX
20140920 20170902 6.5925e-06 2.6619e-10 TSX
20141209 20160211 -2.2808e-05 3.636e-10 TSX
20141217 20160722 -3.1905e-05 3.1913e-10 TSX
20141228 20160106 7.7549e-06 3.8194e-10 TSX
20141231 20151024 -8.907e-06 4.2505e-10 TSX
20150105 20150824 3.5711e-05 4.8613e-10 TSX
20150108 20170811 -1.617e-05 2.7217e-10 TSX
20150119 20160117 -1.5413e-05 3.8732e-10 TSX
20150127 20160411 6.6192e-05 3.7114e-10 TSX
20150130 20151112 -8.6002e-06 4.2847e-10 TSX
20150210 20170114 -1.0049e-05 2.9769e-10 TSX
20150213 20160326 -2.1246e-05 3.82e-10 TSX
20150218 20160216 8.8426e-06 4.0267e-10 TSX
20150221 20180112 -7.9618e-06 2.601e-10 TSX
20150304 20180911 1.1582e-05 2.5597e-10 TSX
20150307 20160211 1.0264e-05 4.0081e-10 TSX
20150312 20160320 -3.4267e-05 3.9765e-10 TSX
20150326 20150827 -5.3953e-05 5.4984e-10 TSX
20150329 20151207 -1.3765e-05 4.5479e-10 TSX
20150428 20160425 5.6192e-06 3.869e-10 TSX
20150509 20150827 -8.0963e-05 6.1804e-10 TSX
20150517 20150824 -0.00017721 6.5617e-10 TSX
20150520 20180911 5.7004e-06 2.5746e-10 TSX
20150714 20170822 -2.3551e-05 2.8911e-10 TSX
20150725 20170924 -3.0479e-05 2.8805e-10 TSX
20150802 20160309 5.6225e-06 4.9595e-10 TSX
20150805 20160403 1.8891e-05 4.6122e-10 TSX
20150816 20171107 -6.7888e-06 2.8728e-10 TSX
20150824 20150915 0.00061221 8.6195e-10 TSX
20150827 20170902 1.2098e-05 2.9499e-10 TSX
20150915 20160216 -5.8979e-05 5.6822e-10 TSX
20151021 20160904 -2.0265e-05 4.1243e-10 TSX
20151101 20171016 1.1666e-05 2.9877e-10 TSX
20151112 20160425 2.0331e-07 5.3616e-10 TSX
20151115 20151229 0.00016224 7.7323e-10 TSX
20151123 20171221 2.4246e-06 2.9359e-10 TSX
20151204 20151215 0.00013159 9.7875e-10 TSX
20151207 20160406 7.0725e-06 6.0216e-10 TSX
20151215 20170822 7.2965e-06 3.1328e-10 TSX
20151226 20161223 -1.3601e-05 3.937e-10 TSX
20151229 20160211 -3.686e-06 7.7323e-10 TSX
20160106 20161223 -1.7629e-05 3.9824e-10 TSX
20160117 20160926 -3.6391e-05 4.5301e-10 TSX
20160128 20160301 -0.00015821 8.0696e-10 TSX
20160208 20160312 -0.00010205 8.0696e-10 TSX
20160216 20160309 -0.00039163 8.6195e-10 TSX
20160219 20180319 1.1264e-05 2.9574e-10 TSX
20160301 20161201 2.7857e-05 4.3854e-10 TSX
20160304 20160326 0.00010173 8.4867e-10 TSX
20160312 20180319 6.7023e-06 2.9702e-10 TSX
20160320 20160411 0.00045927 8.6196e-10 TSX
20160323 20171118 6.8044e-06 3.1802e-10 TSX
20160326 20160406 -0.00058992 9.6777e-10 TSX
20160403 20171027 8.6705e-06 3.2266e-10 TSX
20160425 20170811 9.4238e-06 3.4619e-10 TSX
20160528 20160630 -3.1178e-05 8.0696e-10 TSX
20160630 20171118 4.9424e-06 3.3873e-10 TSX
20160722 20161201 8.7729e-05 5.8142e-10 TSX
20160904 20180707 1.4173e-05 3.2409e-10 TSX
20160915 20180911 1.8917e-05 3.0092e-10 TSX
20160926 20170114 8.0473e-05 6.1809e-10 TSX
20161201 20171027 -1.9441e-05 4.069e-10 TSX
20161223 20171107 8.5513e-06 4.0909e-10 TSX
20170114 20170902 -1.4989e-05 4.6871e-10 TSX
20170811 20171005 -6.5137e-05 7.4153e-10 TSX
20170822 20180707 3.778e-05 4.1355e-10 TSX
20170913 20180707 -6.6701e-06 4.2504e-10 TSX
20170924 20180319 5.3084e-05 5.2326e-10 TSX
20171005 20171107 2.3244e-05 8.0696e-10 TSX
20171016 20180319 2.5254e-05 5.5016e-10 TSX
20171027 20180911 3.043e-05 4.136e-10 TSX
20171107 20171118 6.3882e-05 9.7875e-10 TSX
20171118 20171129 4.3178e-05 9.7875e-10 TSX
20171129 20171221 -2.8605e-05 8.5132e-10 TSX
20171210 20180820 2.9109e-05 4.5345e-10 TSX
20171221 20180911 6.9428e-05 4.4574e-10 TSX
20180112 20181003 3.0783e-05 4.457e-10 TSX
20180319 20180707 -2.0647e-05 6.181e-10 TSX
20180707 20180911 7.9743e-05 7.1268e-10 TSX
20180729 20181003 -8.9991e-05 7.1268e-10 TSX
20180820 20181003 6.5059e-05 7.7266e-10 TSX
20180911 20181003 -0.00011974 8.5132e-10 TSX
