20030427 20030914 1.8533e-05 5.9107e-10 ERS2
20030914 20080629 5.4163e-05 2.9929e-10 ERS2
20050918 20090510 -6.9189e-06 3.2605e-10 ERS2
20051127 20081116 5.9507e-05 3.3238e-10 ERS2
20060903 20090510 0.00012511 3.2468e-10 ERS2
20061231 20090105 4.391e-05 4.0015e-10 ALOS
20070402 20070703 -5.7292e-05 7.386e-10 ALOS
20070518 20091008 -9.0338e-05 4.1708e-10 ALOS
20070818 20071003 -0.0004537 8.2155e-10 ALOS
20071217 20100509 -8.0637e-06 3.6919e-10 ALOS
20080103 20100526 0.00019242 3.9548e-10 ALOS
20080404 20080520 -4.2803e-05 8.21e-10 ALOS
20080618 20090921 8.4177e-06 4.5204e-10 ALOS
20080629 20090510 -0.00052126 4.3032e-10 ERS2
20080705 20091008 2.2947e-05 4.4224e-10 ALOS
20080803 20090823 -2.2869e-05 3.9544e-10 ERS2
20081116 20090823 0.00011049 4.5111e-10 ERS2
20081219 20090921 8.1805e-05 5.1372e-10 ALOS
20090105 20090708 0.00012566 6.1781e-10 ALOS
20090510 20091101 0.00062977 5.4428e-10 ERS2
20090708 20091008 0.0001463 7.386e-10 ALOS
20090823 20091101 0.001064 7.3339e-10 ERS2
20091222 20100624 0.00018233 5.9635e-10 ALOS
20100108 20100223 0.0003668 8.2279e-10 ALOS
20100223 20100526 -0.00017952 7.3959e-10 ALOS
20100410 20100711 -4.7968e-05 7.4169e-10 ALOS
20100509 20100624 0.00059683 8.186e-10 ALOS
20100526 20100711 0.00043621 8.2165e-10 ALOS
20100624 20101109 -0.00010197 6.5773e-10 ALOS
20100711 20101011 -0.00027108 7.3834e-10 ALOS
20100809 20101109 -3.1419e-05 7.3324e-10 ALOS
20101011 20101126 0.00027891 8.2152e-10 ALOS
20110111 20110226 0.00059351 8.2165e-10 ALOS
20110924 20130715 3.1231e-05 4.1031e-10 TSX
20111005 20121229 2.259e-05 4.5924e-10 TSX
20111121 20171221 -1.8157e-06 3.4781e-10 TSX
20111221 20130131 1.7865e-05 4.6877e-10 TSX
20111224 20121027 -6.9845e-05 4.3521e-10 TSX
20120126 20140419 -6.2987e-05 3.2751e-10 TSX
20120203 20160320 2.658e-05 4.3404e-10 TSX
20120206 20171107 -8.5181e-06 3.5962e-10 TSX
20120617 20171129 -1.9262e-06 3.6168e-10 TSX
20120723 20160120 5.0652e-05 4.2605e-10 TSX
20121024 20130109 2.3655e-05 7.7184e-10 TSX
20121027 20151226 4.8627e-06 3.356e-10 TSX
20121030 20130311 0.00011059 6.4767e-10 TSX
20121107 20171118 7.0885e-06 3.6008e-10 TSX
20121221 20160208 3.7647e-06 3.4631e-10 TSX
20121224 20130516 -4.0198e-05 6.3102e-10 TSX
20121229 20130407 -4.5372e-05 7.3331e-10 TSX
20130104 20130217 9.3056e-05 8.1406e-10 TSX
20130109 20130715 0.00018754 6.1914e-10 TSX
20130112 20140511 -6.1973e-05 3.6738e-10 TSX
20130115 20130721 -3.2785e-05 5.749e-10 TSX
20130126 20130823 -4.9709e-05 6.1715e-10 TSX
20130131 20130429 8.2929e-05 7.5192e-10 TSX
20130203 20130729 -1.3061e-05 5.4491e-10 TSX
20130211 20130919 -1.9154e-05 5.753e-10 TSX
20130228 20141209 2.0002e-05 3.7513e-10 TSX
20130311 20130801 -0.00010078 6.3084e-10 TSX
20130316 20130623 1.8752e-05 7.3337e-10 TSX
20130402 20150122 1.6521e-05 5.5443e-10 TSX
20130407 20140530 0.00011402 4.6305e-10 TSX
20130421 20171016 -2.0873e-06 3.852e-10 TSX
20130424 20130721 -0.00017165 7.2507e-10 TSX
20130429 20130623 -0.0001074 8.0893e-10 TSX
20130505 20131028 -7.7878e-05 6.0719e-10 TSX
20130513 20151112 1.7448e-05 3.755e-10 TSX
20130516 20131017 -0.00027664 6.5689e-10 TSX
20130521 20130715 0.00021076 8.0873e-10 TSX
20130524 20171129 -1.4808e-05 3.379e-10 TSX
20130527 20140627 2.5484e-05 4.4288e-10 TSX
20130601 20130930 1.5282e-05 6.9787e-10 TSX
20130604 20141217 -8.3999e-06 3.5896e-10 TSX
20130607 20140719 -6.5671e-06 4.3963e-10 TSX
20130612 20150105 2.9255e-05 4.2152e-10 TSX
20130615 20160106 -8.3485e-06 3.3968e-10 TSX
20130618 20140708 -3.0499e-05 4.4796e-10 TSX
20130623 20130715 0.00065326 8.8675e-10 TSX
20130629 20130914 0.00011633 7.6997e-10 TSX
20130707 20150130 -4.2675e-05 3.5309e-10 TSX
20130710 20140901 -7.4199e-06 4.3676e-10 TSX
20130715 20130726 -0.002427 1.0284e-09 TSX
20130721 20131108 0.0003273 7.8512e-10 TSX
20130726 20150517 5.9321e-05 4.2953e-10 TSX
20130729 20160904 -1.3051e-05 3.2946e-10 TSX
20130801 20151115 4.3976e-06 5.0644e-10 TSX
20130817 20140209 -2.7791e-05 6.2245e-10 TSX
20130828 20150312 -3.3456e-05 4.3802e-10 TSX
20130903 20150329 7.9425e-05 5.7676e-10 TSX
20130919 20160309 6.8e-05 4.1039e-10 TSX
20130925 20140708 -5.8035e-05 5.6317e-10 TSX
20130930 20160411 3.6818e-05 4.8819e-10 TSX
20131011 20150802 3.1314e-05 4.5441e-10 TSX
20131017 20140719 1.3374e-05 5.4056e-10 TSX
20131028 20160304 2.885e-05 5.1473e-10 TSX
20131102 20140519 0.00018203 5.9761e-10 TSX
20131108 20140708 0.00021662 5.5836e-10 TSX
20140209 20160309 -8.4135e-06 4.2938e-10 TSX
20140223 20140829 -3.7259e-07 5.3197e-10 TSX
20140408 20140705 -1.7109e-05 6.9254e-10 TSX
20140419 20170913 3.0911e-05 4.1061e-10 TSX
20140511 20141228 4.0758e-05 4.8847e-10 TSX
20140519 20150824 -3.6017e-05 4.4765e-10 TSX
20140624 20171005 2.7096e-05 3.7666e-10 TSX
20140627 20151115 -3.4427e-05 4.6478e-10 TSX
20140705 20180911 1.3808e-06 3.2692e-10 TSX
20140708 20160406 3.4249e-05 4.1808e-10 TSX
20140716 20171005 -1.0867e-05 4.0488e-10 TSX
20140719 20151207 -5.5467e-06 4.1227e-10 TSX
20140727 20150326 -6.0356e-05 4.7938e-10 TSX
20140810 20150122 9.638e-06 6.9957e-10 TSX
20140818 20160301 -1.777e-05 3.4388e-10 TSX
20140829 20160208 -3.3605e-05 3.6839e-10 TSX
20140901 20140912 -0.0002718 9.8294e-10 TSX
20140912 20141209 -3.5022e-05 7.2513e-10 TSX
20140920 20170902 6.6592e-06 3.252e-10 TSX
20141209 20160211 -4.0381e-05 4.305e-10 TSX
20141217 20160722 1.0039e-05 3.92e-10 TSX
20141228 20160106 -1.7028e-05 4.1587e-10 TSX
20141231 20151024 -3.8116e-05 4.9103e-10 TSX
20150105 20150824 2.5258e-05 5.7061e-10 TSX
20150108 20170811 7.4695e-06 3.7046e-10 TSX
20150119 20160117 1.7965e-05 4.117e-10 TSX
20150127 20160411 2.5825e-06 5.115e-10 TSX
20150130 20151112 4.545e-05 4.4902e-10 TSX
20150210 20170114 -1.9082e-06 3.5133e-10 TSX
20150213 20160326 1.6387e-06 4.9596e-10 TSX
20150218 20160216 -5.3259e-06 4.9136e-10 TSX
20150221 20180112 -3.4085e-06 3.5396e-10 TSX
20150304 20180911 -1.4647e-06 3.6669e-10 TSX
20150307 20160211 -6.1796e-05 4.6911e-10 TSX
20150312 20160320 3.0415e-05 4.8562e-10 TSX
20150326 20150827 7.2069e-05 5.7894e-10 TSX
20150329 20151207 -7.9973e-05 5.1374e-10 TSX
20150428 20160425 1.3729e-05 4.3228e-10 TSX
20150509 20150827 6.3368e-05 6.489e-10 TSX
20150517 20150824 -0.00019207 7.3421e-10 TSX
20150520 20180911 1.4824e-07 3.5267e-10 TSX
20150714 20170822 -4.8495e-06 3.5506e-10 TSX
20150725 20170924 4.7729e-06 3.3626e-10 TSX
20150802 20160309 -3.7448e-05 5.8223e-10 TSX
20150805 20160403 9.2959e-05 4.8563e-10 TSX
20150816 20171107 -1.3727e-05 3.4278e-10 TSX
20150824 20150915 0.00062035 8.8668e-10 TSX
20150827 20170902 2.6581e-06 3.4324e-10 TSX
20150915 20160216 -9.4325e-06 6.5084e-10 TSX
20151021 20160904 -1.5491e-05 4.3634e-10 TSX
20151101 20171016 -4.3132e-06 3.374e-10 TSX
20151112 20160425 -1.0734e-05 5.6082e-10 TSX
20151115 20151229 0.00013894 8.1405e-10 TSX
20151123 20171221 -1.0864e-05 3.276e-10 TSX
20151204 20151215 0.00014757 9.9064e-10 TSX
20151207 20160406 -4.3847e-05 6.6546e-10 TSX
20151215 20170822 -4.6219e-06 3.669e-10 TSX
20151226 20161223 3.1646e-05 4.0782e-10 TSX
20151229 20160211 -1.0434e-05 8.1405e-10 TSX
20160106 20161223 1.6552e-05 4.1313e-10 TSX
20160117 20160926 3.0777e-05 4.7119e-10 TSX
20160128 20160301 -0.00018198 8.2943e-10 TSX
20160208 20160312 -6.5003e-05 8.2943e-10 TSX
20160216 20160309 -0.00035797 8.8668e-10 TSX
20160219 20180319 -2.3569e-07 3.2222e-10 TSX
20160301 20161201 7.655e-05 4.5526e-10 TSX
20160304 20160326 1.8967e-05 8.7114e-10 TSX
20160312 20180319 -1.9816e-07 3.2221e-10 TSX
20160320 20160411 0.00038947 8.8669e-10 TSX
20160323 20171118 2.0697e-05 3.3371e-10 TSX
20160326 20160406 -0.00050532 9.8282e-10 TSX
20160403 20171027 2.6928e-05 3.6399e-10 TSX
20160425 20170811 4.857e-05 3.6657e-10 TSX
20160528 20160630 -4.9292e-07 8.2943e-10 TSX
20160630 20171118 2.674e-05 3.57e-10 TSX
20160722 20161201 1.6593e-05 6.0777e-10 TSX
20160904 20180707 -2.0421e-05 3.4469e-10 TSX
20160915 20180911 6.355e-06 3.186e-10 TSX
20160926 20170114 -1.5328e-05 6.4664e-10 TSX
20161201 20171027 3.2621e-05 4.2247e-10 TSX
20161223 20171107 6.1509e-06 4.2645e-10 TSX
20170114 20170902 5.4393e-05 4.8817e-10 TSX
20170811 20171005 -6.7361e-05 7.717e-10 TSX
20170822 20180707 -6.9479e-05 4.2929e-10 TSX
20170913 20180707 -1.1128e-05 4.4204e-10 TSX
20170924 20180319 -0.00012278 5.4499e-10 TSX
20171005 20171107 6.6063e-05 8.2943e-10 TSX
20171016 20180319 -7.7696e-05 5.7405e-10 TSX
20171027 20180911 -1.7432e-05 4.2923e-10 TSX
20171107 20171118 7.8891e-05 9.9064e-10 TSX
20171118 20171129 4.0474e-05 9.9064e-10 TSX
20171129 20171221 -3.6963e-05 8.6813e-10 TSX
20171210 20180820 -9.1845e-05 4.7076e-10 TSX
20171221 20180911 2.3648e-05 4.6289e-10 TSX
20180112 20181003 5.5195e-05 4.6268e-10 TSX
20180319 20180707 -7.7139e-05 6.4666e-10 TSX
20180707 20180911 0.00016567 7.4427e-10 TSX
20180729 20181003 1.5128e-05 7.4427e-10 TSX
20180820 20181003 0.00012261 7.9981e-10 TSX
20180911 20181003 -0.00014427 8.6813e-10 TSX
