20030427 20030914 0.00084479 5.7422e-10 ERS2
20030914 20080629 -2.6791e-05 3.0261e-10 ERS2
20050918 20090510 3.7582e-05 3.0778e-10 ERS2
20051127 20081116 1.0332e-06 3.3082e-10 ERS2
20060903 20090510 -0.00015361 2.9864e-10 ERS2
20061231 20090105 2.9477e-05 3.0921e-10 ALOS
20070402 20070703 5.0633e-05 6.8174e-10 ALOS
20070518 20091008 -6.5023e-05 2.9378e-10 ALOS
20070818 20071003 -0.00031303 7.9245e-10 ALOS
20071217 20100509 -8.7902e-05 3.0064e-10 ALOS
20080103 20100526 -5.3897e-05 2.9417e-10 ALOS
20080404 20080520 -2.8965e-05 7.9237e-10 ALOS
20080618 20090921 -0.00013223 3.7243e-10 ALOS
20080629 20090510 0.00010676 4.16e-10 ERS2
20080705 20091008 0.00015524 3.6573e-10 ALOS
20080803 20090823 6.1455e-05 3.8477e-10 ERS2
20081116 20090823 5.4727e-05 4.348e-10 ERS2
20081219 20090921 0.0011192 4.4953e-10 ALOS
20090105 20090708 0.00016697 5.3388e-10 ALOS
20090510 20091101 1.4989e-05 5.2595e-10 ERS2
20090708 20091008 0.0014029 6.8176e-10 ALOS
20090823 20091101 0.0012146 7.1812e-10 ERS2
20091222 20100624 0.00090893 5.3086e-10 ALOS
20100108 20100223 0.0007574 7.9243e-10 ALOS
20100223 20100526 -8.6817e-05 6.8173e-10 ALOS
20100410 20100711 -6.0626e-05 6.817e-10 ALOS
20100509 20100624 0.00074672 7.9008e-10 ALOS
20100526 20100711 0.00058016 7.9248e-10 ALOS
20100624 20101109 0.00031634 5.9349e-10 ALOS
20100711 20101011 0.00031091 6.8174e-10 ALOS
20100809 20101109 -9.8664e-05 6.7846e-10 ALOS
20101011 20101126 0.00027073 7.9246e-10 ALOS
20110111 20110226 0.0010634 7.9235e-10 ALOS
20110924 20130715 9.3613e-06 3.2107e-10 TSX
20111005 20121229 -5.6625e-05 3.704e-10 TSX
20111121 20171221 -1.1533e-05 2.9206e-10 TSX
20111221 20130131 -3.0006e-05 3.8692e-10 TSX
20111224 20121027 1.0791e-05 4.2048e-10 TSX
20120126 20140419 4.4829e-06 2.8994e-10 TSX
20120203 20160320 3.101e-07 2.4457e-10 TSX
20120206 20171107 1.989e-06 2.6864e-10 TSX
20120617 20171129 -1.1278e-06 2.9642e-10 TSX
20120723 20160120 -2.4138e-05 2.5727e-10 TSX
20121024 20130109 -7.8055e-05 7.1948e-10 TSX
20121027 20151226 1.7908e-06 2.6455e-10 TSX
20121030 20130311 -6.0164e-05 5.934e-10 TSX
20121107 20171118 9.1211e-06 2.8603e-10 TSX
20121221 20160208 1.011e-05 2.6054e-10 TSX
20121224 20130516 4.6622e-05 5.7623e-10 TSX
20121229 20130407 -3.6681e-06 6.7156e-10 TSX
20130104 20130217 9.5366e-05 7.8904e-10 TSX
20130109 20130715 0.00015138 5.3443e-10 TSX
20130112 20140511 3.2246e-05 3.5897e-10 TSX
20130115 20130721 -9.0445e-05 5.1859e-10 TSX
20130126 20130823 -7.4021e-05 4.9513e-10 TSX
20130131 20130429 7.257e-05 6.9478e-10 TSX
20130203 20130729 2.236e-05 5.2975e-10 TSX
20130211 20130919 7.7825e-05 4.997e-10 TSX
20130228 20141209 1.9955e-05 3.1131e-10 TSX
20130311 20130801 -1.3845e-05 5.7617e-10 TSX
20130316 20130623 -5.0987e-05 6.7156e-10 TSX
20130402 20150122 3.1199e-06 2.8926e-10 TSX
20130407 20140530 2.3341e-05 3.8233e-10 TSX
20130421 20171016 6.1773e-06 2.8375e-10 TSX
20130424 20130721 -0.0002177 6.7783e-10 TSX
20130429 20130623 -0.00018081 7.7264e-10 TSX
20130505 20131028 -0.00047463 5.3138e-10 TSX
20130513 20151112 3.3971e-05 2.7252e-10 TSX
20130516 20131017 -0.00010246 5.6003e-10 TSX
20130521 20130715 0.00023655 7.7268e-10 TSX
20130524 20171129 1.6458e-05 2.6972e-10 TSX
20130527 20140627 -3.0071e-06 3.8209e-10 TSX
20130601 20130930 0.00015669 6.2961e-10 TSX
20130604 20141217 5.7519e-06 3.4522e-10 TSX
20130607 20140719 7.4011e-05 3.7839e-10 TSX
20130612 20150105 -5.669e-06 3.3772e-10 TSX
20130615 20160106 1.3187e-05 2.7377e-10 TSX
20130618 20140708 4.3279e-05 3.868e-10 TSX
20130623 20130715 0.00072201 8.7467e-10 TSX
20130629 20130914 0.00017547 7.0333e-10 TSX
20130707 20150130 -1.1625e-05 3.458e-10 TSX
20130710 20140901 2.263e-05 3.7491e-10 TSX
20130715 20130726 -0.0024123 1.0214e-09 TSX
20130721 20131108 0.00084585 6.3224e-10 TSX
20130726 20150517 -4.7877e-05 3.208e-10 TSX
20130729 20160904 3.8872e-07 2.6326e-10 TSX
20130801 20151115 2.2418e-05 2.8423e-10 TSX
20130817 20140209 -3.9078e-05 5.4769e-10 TSX
20130828 20150312 -3.8681e-06 3.4033e-10 TSX
20130903 20150329 -0.00011528 3.1055e-10 TSX
20130919 20160309 -9.3053e-07 2.7698e-10 TSX
20130925 20140708 7.221e-06 4.3271e-10 TSX
20130930 20160411 -4.1257e-05 2.7362e-10 TSX
20131011 20150802 -4.9651e-06 3.1973e-10 TSX
20131017 20140719 -6.2967e-05 4.4043e-10 TSX
20131028 20160304 -7.0622e-05 2.5799e-10 TSX
20131102 20140519 5.0922e-05 5.2216e-10 TSX
20131108 20140708 2.0301e-05 4.6522e-10 TSX
20140209 20160309 -3.3395e-06 3.0332e-10 TSX
20140223 20140829 3.3124e-05 5.1675e-10 TSX
20140408 20140705 6.1348e-06 6.8101e-10 TSX
20140419 20170913 6.2047e-07 2.9052e-10 TSX
20140511 20141228 2.1955e-05 4.7296e-10 TSX
20140519 20150824 -4.6207e-05 3.6587e-10 TSX
20140624 20171005 -1.8005e-05 2.9631e-10 TSX
20140627 20151115 9.679e-06 3.4139e-10 TSX
20140705 20180911 -2.8522e-06 3.4594e-10 TSX
20140708 20160406 9.7902e-06 3.1175e-10 TSX
20140716 20171005 1.6223e-05 2.8551e-10 TSX
20140719 20151207 -4.2711e-06 3.4121e-10 TSX
20140727 20150326 -3.011e-05 4.6392e-10 TSX
20140810 20150122 -4.1644e-06 5.4525e-10 TSX
20140818 20160301 7.0062e-06 3.2176e-10 TSX
20140829 20160208 -2.1646e-06 3.2875e-10 TSX
20140901 20140912 -0.00025948 9.7727e-10 TSX
20140912 20141209 -0.00012251 6.7783e-10 TSX
20140920 20170902 2.9293e-05 3.0374e-10 TSX
20141209 20160211 -5.9736e-05 3.6544e-10 TSX
20141217 20160722 1.2642e-05 3.1708e-10 TSX
20141228 20160106 1.3979e-05 3.822e-10 TSX
20141231 20151024 1.793e-05 4.268e-10 TSX
20150105 20150824 -3.1158e-05 4.8933e-10 TSX
20150108 20170811 -2.1224e-06 2.9427e-10 TSX
20150119 20160117 7.7011e-05 3.874e-10 TSX
20150127 20160411 -3.5881e-05 3.7253e-10 TSX
20150130 20151112 5.1306e-05 4.3032e-10 TSX
20150210 20170114 9.8229e-06 3.0955e-10 TSX
20150213 20160326 8.2155e-05 3.6739e-10 TSX
20150218 20160216 -7.6893e-06 4.0466e-10 TSX
20150221 20180112 3.9369e-05 2.9586e-10 TSX
20150304 20180911 2.6787e-05 3.1885e-10 TSX
20150307 20160211 -5.3846e-07 4.0252e-10 TSX
20150312 20160320 -1.8503e-05 3.9938e-10 TSX
20150326 20150827 3.8036e-05 5.5856e-10 TSX
20150329 20151207 -2.3934e-05 4.571e-10 TSX
20150428 20160425 5.5788e-06 3.872e-10 TSX
20150509 20150827 6.0539e-05 6.334e-10 TSX
20150517 20150824 9.5639e-05 6.7156e-10 TSX
20150520 20180911 1.5869e-05 3.3743e-10 TSX
20150714 20170822 -2.29e-05 3.1911e-10 TSX
20150725 20170924 1.5019e-05 3.0366e-10 TSX
20150802 20160309 -0.00012211 4.9972e-10 TSX
20150805 20160403 -1.5142e-05 4.6369e-10 TSX
20150816 20171107 -5.5376e-06 2.9729e-10 TSX
20150824 20150915 0.00066526 8.7456e-10 TSX
20150827 20170902 -6.9652e-06 3.2243e-10 TSX
20150915 20160216 -0.00012165 5.77e-10 TSX
20151021 20160904 1.6887e-05 4.1291e-10 TSX
20151101 20171016 -5.4368e-07 3.2697e-10 TSX
20151112 20160425 -5.0016e-05 5.4366e-10 TSX
20151115 20151229 0.00012821 7.8904e-10 TSX
20151123 20171221 -8.9859e-06 3.2437e-10 TSX
20151204 20151215 0.00015748 9.9033e-10 TSX
20151207 20160406 -0.00024322 6.1204e-10 TSX
20151215 20170822 -1.8221e-07 3.3013e-10 TSX
20151226 20161223 2.0629e-05 3.9546e-10 TSX
20151229 20160211 5.1255e-05 7.8904e-10 TSX
20160106 20161223 3.5245e-05 3.9941e-10 TSX
20160117 20160926 8.3878e-06 4.549e-10 TSX
20160128 20160301 -0.00016066 8.2609e-10 TSX
20160208 20160312 -7.9809e-05 8.2609e-10 TSX
20160216 20160309 -0.00040883 8.7456e-10 TSX
20160219 20180319 -1.308e-06 3.0469e-10 TSX
20160301 20161201 -9.4622e-06 4.3989e-10 TSX
20160304 20160326 -4.759e-06 8.6049e-10 TSX
20160312 20180319 -1.4435e-05 3.067e-10 TSX
20160320 20160411 0.00033107 8.7456e-10 TSX
20160323 20171118 8.679e-06 3.2213e-10 TSX
20160326 20160406 -0.00046395 9.772e-10 TSX
20160403 20171027 3.4748e-05 3.2572e-10 TSX
20160425 20170811 2.7184e-06 3.523e-10 TSX
20160528 20160630 -9.1734e-06 8.2609e-10 TSX
20160630 20171118 2.8742e-06 3.3969e-10 TSX
20160722 20161201 -2.1512e-05 5.932e-10 TSX
20160904 20180707 1.9057e-05 3.4115e-10 TSX
20160915 20180911 1.8768e-05 3.0687e-10 TSX
20160926 20170114 3.1135e-05 6.3357e-10 TSX
20161201 20171027 3.1675e-05 4.0831e-10 TSX
20161223 20171107 -8.7185e-06 4.1152e-10 TSX
20170114 20170902 6.6758e-05 4.7253e-10 TSX
20170811 20171005 -2.4026e-05 7.6444e-10 TSX
20170822 20180707 6.8983e-05 4.1456e-10 TSX
20170913 20180707 5.4693e-05 4.2595e-10 TSX
20170924 20180319 4.9634e-05 5.298e-10 TSX
20171005 20171107 3.0803e-05 8.2609e-10 TSX
20171016 20180319 1.1173e-05 5.5899e-10 TSX
20171027 20180911 4.7847e-05 4.1462e-10 TSX
20171107 20171118 6.9161e-05 9.9033e-10 TSX
20171118 20171129 5.1418e-05 9.9033e-10 TSX
20171129 20171221 -1.7168e-05 8.6657e-10 TSX
20171210 20180820 9.1978e-05 4.5525e-10 TSX
20171221 20180911 2.8633e-05 4.472e-10 TSX
20180112 20181003 -4.7267e-06 4.4721e-10 TSX
20180319 20180707 -5.2363e-06 6.3359e-10 TSX
20180707 20180911 0.00020015 7.3527e-10 TSX
20180729 20181003 2.9105e-05 7.3527e-10 TSX
20180820 20181003 0.00011156 7.9449e-10 TSX
20180911 20181003 -0.00018439 8.6658e-10 TSX
