20030427 20030914 0.00015754 5.6863e-10 ERS2
20030914 20080629 -0.00018598 2.7523e-10 ERS2
20050918 20090510 -2.6971e-05 2.9768e-10 ERS2
20051127 20081116 0.00021407 3.1085e-10 ERS2
20060903 20090510 -1.4975e-05 3.0578e-10 ERS2
20061231 20090105 -3.7294e-05 3.125e-10 ALOS
20070402 20070703 -0.00017569 6.6647e-10 ALOS
20070518 20091008 -7.3865e-05 2.9833e-10 ALOS
20070818 20071003 -0.00046806 7.7582e-10 ALOS
20071217 20100509 3.9671e-07 3.0016e-10 ALOS
20080103 20100526 -1.3426e-05 3.0061e-10 ALOS
20080404 20080520 3.5836e-05 7.7582e-10 ALOS
20080618 20090921 -5.7615e-05 3.7251e-10 ALOS
20080629 20090510 -0.00019796 4.1267e-10 ERS2
20080705 20091008 -0.0001192 3.6509e-10 ALOS
20080803 20090823 -3.1889e-05 3.8279e-10 ERS2
20081116 20090823 7.105e-05 4.3202e-10 ERS2
20081219 20090921 3.6747e-05 4.4613e-10 ALOS
20090105 20090708 1.1418e-05 5.2814e-10 ALOS
20090510 20091101 0.00066299 5.2037e-10 ERS2
20090708 20091008 8.5347e-05 6.6648e-10 ALOS
20090823 20091101 7.1725e-05 6.9891e-10 ERS2
20091222 20100624 0.00012266 5.2531e-10 ALOS
20100108 20100223 -0.00015414 7.7593e-10 ALOS
20100223 20100526 3.8518e-06 6.6657e-10 ALOS
20100410 20100711 -0.00015213 6.6648e-10 ALOS
20100509 20100624 0.00070096 7.7375e-10 ALOS
20100526 20100711 0.00030487 7.7583e-10 ALOS
20100624 20101109 -0.00017353 5.8407e-10 ALOS
20100711 20101011 -0.00036501 6.6649e-10 ALOS
20100809 20101109 -9.6226e-05 6.6374e-10 ALOS
20101011 20101126 0.0002812 7.7582e-10 ALOS
20110111 20110226 0.00053728 7.7582e-10 ALOS
20110924 20130715 3.7683e-05 3.2407e-10 TSX
20111005 20121229 2.9776e-06 3.6869e-10 TSX
20111121 20171221 -1.728e-06 2.5569e-10 TSX
20111221 20130131 6.1475e-05 3.8536e-10 TSX
20111224 20121027 -1.0447e-05 4.1936e-10 TSX
20120126 20140419 7.8846e-06 2.906e-10 TSX
20120203 20160320 2.8663e-05 2.469e-10 TSX
20120206 20171107 5.6715e-06 2.5436e-10 TSX
20120617 20171129 -4.1666e-06 2.591e-10 TSX
20120723 20160120 3.6916e-05 2.6072e-10 TSX
20121024 20130109 0.00019735 7.0198e-10 TSX
20121027 20151226 -1.1951e-05 2.6666e-10 TSX
20121030 20130311 3.83e-05 5.8469e-10 TSX
20121107 20171118 4.7621e-06 2.5327e-10 TSX
20121221 20160208 1.3256e-05 2.6489e-10 TSX
20121224 20130516 -8.8001e-05 5.6852e-10 TSX
20121229 20130407 0.00011068 6.5633e-10 TSX
20130104 20130217 -2.3813e-05 7.7351e-10 TSX
20130109 20130715 -8.5534e-07 5.2848e-10 TSX
20130112 20140511 2.4966e-06 3.5426e-10 TSX
20130115 20130721 -0.00014445 5.1398e-10 TSX
20130126 20130823 -0.00014343 4.9754e-10 TSX
20130131 20130429 -2.0923e-05 6.7829e-10 TSX
20130203 20130729 -4.4104e-05 5.2325e-10 TSX
20130211 20130919 -5.0742e-05 4.9595e-10 TSX
20130228 20141209 2.8218e-05 3.1279e-10 TSX
20130311 20130801 -6.2195e-05 5.6848e-10 TSX
20130316 20130623 3.4754e-05 6.5634e-10 TSX
20130402 20150122 8.0671e-05 3.325e-10 TSX
20130407 20140530 -8.8088e-06 3.8073e-10 TSX
20130421 20171016 1.284e-05 2.5271e-10 TSX
20130424 20130721 -0.00027141 6.6411e-10 TSX
20130429 20130623 -9.3321e-05 7.5476e-10 TSX
20130505 20131028 -0.00036139 5.3449e-10 TSX
20130513 20151112 -3.5638e-06 2.7785e-10 TSX
20130516 20131017 -0.00021246 5.5754e-10 TSX
20130521 20130715 9.9193e-05 7.5478e-10 TSX
20130524 20171129 1.197e-05 2.5338e-10 TSX
20130527 20140627 3.1775e-05 3.8399e-10 TSX
20130601 20130930 -4.9826e-05 6.1714e-10 TSX
20130604 20141217 -3.6847e-06 3.3904e-10 TSX
20130607 20140719 -2.1494e-05 3.8007e-10 TSX
20130612 20150105 1.8784e-05 3.3814e-10 TSX
20130615 20160106 7.2657e-06 2.7432e-10 TSX
20130618 20140708 -3.9286e-05 3.8811e-10 TSX
20130623 20130715 0.00052152 8.6283e-10 TSX
20130629 20130914 0.00012453 6.8847e-10 TSX
20130707 20150130 -4.8768e-06 3.3846e-10 TSX
20130710 20140901 1.3188e-05 3.7648e-10 TSX
20130715 20130726 -0.0025162 1.0121e-09 TSX
20130721 20131108 0.00070776 6.2117e-10 TSX
20130726 20150517 0.0002123 3.2285e-10 TSX
20130729 20160904 2.2958e-05 2.7023e-10 TSX
20130801 20151115 3.2631e-05 2.8689e-10 TSX
20130817 20140209 0.00010518 5.4103e-10 TSX
20130828 20150312 4.7065e-05 3.4041e-10 TSX
20130903 20150329 -9.7028e-05 3.3596e-10 TSX
20130919 20160309 5.4001e-05 2.7505e-10 TSX
20130925 20140708 7.1745e-06 4.3133e-10 TSX
20130930 20160411 4.6685e-05 2.7197e-10 TSX
20131011 20150802 9.1016e-06 3.2089e-10 TSX
20131017 20140719 -1.0548e-05 4.3876e-10 TSX
20131028 20160304 1.5452e-05 4.1808e-10 TSX
20131102 20140519 -0.00011314 5.1715e-10 TSX
20131108 20140708 -2.7641e-05 4.6287e-10 TSX
20140209 20160309 -2.6438e-06 3.0544e-10 TSX
20140223 20140829 -1.8314e-05 5.1121e-10 TSX
20140408 20140705 -7.6466e-06 6.6164e-10 TSX
20140419 20170913 2.5471e-05 2.7402e-10 TSX
20140511 20141228 4.2854e-06 4.7022e-10 TSX
20140519 20150824 0.00011644 3.6454e-10 TSX
20140624 20171005 -2.3426e-06 2.6747e-10 TSX
20140627 20151115 1.0045e-05 3.3991e-10 TSX
20140705 20180911 1.9518e-05 2.5615e-10 TSX
20140708 20160406 6.084e-05 3.1138e-10 TSX
20140716 20171005 1.2301e-05 2.6714e-10 TSX
20140719 20151207 2.4893e-05 3.4044e-10 TSX
20140727 20150326 -4.1719e-07 4.6158e-10 TSX
20140810 20150122 4.736e-05 5.3921e-10 TSX
20140818 20160301 3.0075e-05 3.2478e-10 TSX
20140829 20160208 1.4065e-05 3.3113e-10 TSX
20140901 20140912 -0.00031893 9.6846e-10 TSX
20140912 20141209 0.00012972 6.6411e-10 TSX
20140920 20170902 3.3185e-05 2.7432e-10 TSX
20141209 20160211 -1.2079e-05 3.6387e-10 TSX
20141217 20160722 -9.453e-06 3.1863e-10 TSX
20141228 20160106 1.2968e-05 3.8214e-10 TSX
20141231 20151024 -7.2007e-06 4.2506e-10 TSX
20150105 20150824 1.6069e-05 4.8612e-10 TSX
20150108 20170811 -1.9915e-06 2.7867e-10 TSX
20150119 20160117 -2.936e-06 3.871e-10 TSX
20150127 20160411 7.1513e-05 3.7102e-10 TSX
20150130 20151112 -7.4862e-06 4.2853e-10 TSX
20150210 20170114 1.616e-05 2.9876e-10 TSX
20150213 20160326 -5.7972e-05 3.851e-10 TSX
20150218 20160216 2.4234e-05 4.0281e-10 TSX
20150221 20180112 -2.0477e-07 2.7325e-10 TSX
20150304 20180911 1.2796e-05 2.6267e-10 TSX
20150307 20160211 2.4553e-05 4.0072e-10 TSX
20150312 20160320 -3.0066e-06 3.9765e-10 TSX
20150326 20150827 -5.5878e-05 5.499e-10 TSX
20150329 20151207 -6.3216e-06 4.5483e-10 TSX
20150428 20160425 1.424e-05 3.8678e-10 TSX
20150509 20150827 -0.00010034 6.1816e-10 TSX
20150517 20150824 -0.00021667 6.5634e-10 TSX
20150520 20180911 2.6492e-05 2.6575e-10 TSX
20150714 20170822 3.2829e-05 2.9348e-10 TSX
20150725 20170924 1.5772e-05 2.9062e-10 TSX
20150802 20160309 -3.0572e-06 4.9598e-10 TSX
20150805 20160403 6.5008e-05 4.6131e-10 TSX
20150816 20171107 3.1553e-05 2.8707e-10 TSX
20150824 20150915 0.00062759 8.6273e-10 TSX
20150827 20170902 3.0232e-05 2.9487e-10 TSX
20150915 20160216 -3.7521e-05 5.6828e-10 TSX
20151021 20160904 5.7782e-05 4.1248e-10 TSX
20151101 20171016 3.9153e-05 2.9902e-10 TSX
20151112 20160425 1.2473e-05 5.3623e-10 TSX
20151115 20151229 0.00017938 7.7351e-10 TSX
20151123 20171221 2.5882e-05 2.9368e-10 TSX
20151204 20151215 0.00012535 9.7966e-10 TSX
20151207 20160406 6.8224e-06 6.0219e-10 TSX
20151215 20170822 4.7848e-05 3.1406e-10 TSX
20151226 20161223 1.8372e-05 3.9332e-10 TSX
20151229 20160211 -1.8027e-06 7.7351e-10 TSX
20160106 20161223 1.6848e-05 3.9816e-10 TSX
20160117 20160926 -1.2026e-05 4.5308e-10 TSX
20160128 20160301 -0.00013353 8.0775e-10 TSX
20160208 20160312 -8.3979e-05 8.0775e-10 TSX
20160216 20160309 -0.00040563 8.6273e-10 TSX
20160219 20180319 3.411e-05 2.9474e-10 TSX
20160301 20161201 1.3467e-05 4.3872e-10 TSX
20160304 20160326 9.8986e-05 8.4919e-10 TSX
20160312 20180319 2.3493e-05 2.957e-10 TSX
20160320 20160411 0.00044704 8.6273e-10 TSX
20160323 20171118 3.1823e-05 3.1735e-10 TSX
20160326 20160406 -0.00057835 9.6839e-10 TSX
20160403 20171027 2.26e-05 3.2238e-10 TSX
20160425 20170811 1.5224e-05 3.4639e-10 TSX
20160528 20160630 -5.6113e-05 8.0775e-10 TSX
20160630 20171118 4.6285e-05 3.3887e-10 TSX
20160722 20161201 9.4467e-05 5.8152e-10 TSX
20160904 20180707 7.0047e-06 3.232e-10 TSX
20160915 20180911 4.4967e-05 3.0082e-10 TSX
20160926 20170114 7.1275e-05 6.1821e-10 TSX
20161201 20171027 -2.2657e-06 4.07e-10 TSX
20161223 20171107 1.9217e-05 4.0907e-10 TSX
20170114 20170902 9.5637e-06 4.6892e-10 TSX
20170811 20171005 -5.6385e-05 7.4202e-10 TSX
20170822 20180707 4.5589e-05 4.1387e-10 TSX
20170913 20180707 1.7828e-05 4.2501e-10 TSX
20170924 20180319 6.789e-05 5.2332e-10 TSX
20171005 20171107 3.1166e-05 8.0775e-10 TSX
20171016 20180319 4.9666e-05 5.5024e-10 TSX
20171027 20180911 5.0069e-05 4.1382e-10 TSX
20171107 20171118 6.485e-05 9.7966e-10 TSX
20171118 20171129 4.8732e-05 9.7966e-10 TSX
20171129 20171221 -3.1946e-05 8.522e-10 TSX
20171210 20180820 3.7896e-05 4.5362e-10 TSX
20171221 20180911 6.6157e-05 4.4578e-10 TSX
20180112 20181003 3.8177e-05 4.4574e-10 TSX
20180319 20180707 -3.4678e-06 6.1822e-10 TSX
20180707 20180911 0.00010926 7.1305e-10 TSX
20180729 20181003 -8.8499e-05 7.1305e-10 TSX
20180820 20181003 6.339e-05 7.7331e-10 TSX
20180911 20181003 -0.0001591 8.522e-10 TSX
