20030427 20030914 -7.3559e-05 5.656e-10 ERS2
20030914 20080629 -2.2181e-05 2.8324e-10 ERS2
20050918 20090510 0.00028885 3.0254e-10 ERS2
20051127 20081116 0.0003052 3.0281e-10 ERS2
20060903 20090510 -1.2515e-05 3.1049e-10 ERS2
20061231 20090105 0.0002281 3.2044e-10 ALOS
20070402 20070703 -2.475e-05 6.666e-10 ALOS
20070518 20091008 0.00016769 3.0306e-10 ALOS
20070818 20071003 -0.00010894 7.7502e-10 ALOS
20071217 20100509 8.8842e-05 3.1598e-10 ALOS
20080103 20100526 -0.00012804 3.4442e-10 ALOS
20080404 20080520 0.00015092 7.7504e-10 ALOS
20080618 20090921 0.00013367 3.7262e-10 ALOS
20080629 20090510 -0.00019143 4.1398e-10 ERS2
20080705 20091008 0.00022127 3.6496e-10 ALOS
20080803 20090823 -8.3528e-06 3.8286e-10 ERS2
20081116 20090823 0.00011492 4.3199e-10 ERS2
20081219 20090921 0.00036641 4.4635e-10 ALOS
20090105 20090708 -8.9663e-05 5.2935e-10 ALOS
20090510 20091101 0.00051713 5.2389e-10 ERS2
20090708 20091008 0.00086077 6.6635e-10 ALOS
20090823 20091101 -0.00011923 6.9853e-10 ERS2
20091222 20100624 -0.00016677 5.2767e-10 ALOS
20100108 20100223 -0.00021849 7.7634e-10 ALOS
20100223 20100526 0.00015299 6.697e-10 ALOS
20100410 20100711 0.00012436 6.6767e-10 ALOS
20100509 20100624 0.00056312 7.7305e-10 ALOS
20100526 20100711 0.00041997 7.7501e-10 ALOS
20100624 20101109 0.00022622 5.8398e-10 ALOS
20100711 20101011 0.00027908 6.6626e-10 ALOS
20100809 20101109 9.5939e-05 6.6353e-10 ALOS
20101011 20101126 5.6988e-05 7.7501e-10 ALOS
20110111 20110226 0.00062167 7.7502e-10 ALOS
20110924 20130715 0.00012627 3.2474e-10 TSX
20111005 20121229 3.0241e-05 3.703e-10 TSX
20111121 20171221 2.8353e-05 2.9834e-10 TSX
20111221 20130131 5.9732e-05 3.856e-10 TSX
20111224 20121027 0.00019682 4.1941e-10 TSX
20120126 20140419 0.00012782 3.0283e-10 TSX
20120203 20160320 5.9281e-05 3.4759e-10 TSX
20120206 20171107 8.6781e-05 3.5656e-10 TSX
20120617 20171129 7.8143e-05 3.1753e-10 TSX
20120723 20160120 7.8676e-05 3.5654e-10 TSX
20121024 20130109 -2.2594e-06 7.0153e-10 TSX
20121027 20151226 0.00016379 3.0639e-10 TSX
20121030 20130311 -9.822e-06 5.8465e-10 TSX
20121107 20171118 7.5046e-05 3.1282e-10 TSX
20121221 20160208 -7.0311e-06 3.7167e-10 TSX
20121224 20130516 -8.1951e-05 5.6848e-10 TSX
20121229 20130407 0.00010068 6.5606e-10 TSX
20130104 20130217 1.5457e-05 7.7303e-10 TSX
20130109 20130715 0.00010041 5.2873e-10 TSX
20130112 20140511 0.00011699 3.5685e-10 TSX
20130115 20130721 -4.5944e-05 5.1399e-10 TSX
20130126 20130823 0.00015675 5.1928e-10 TSX
20130131 20130429 -9.9702e-05 6.7794e-10 TSX
20130203 20130729 0.000212 5.2309e-10 TSX
20130211 20130919 0.00013585 4.959e-10 TSX
20130228 20141209 0.00011016 3.3082e-10 TSX
20130311 20130801 0.00011398 5.6843e-10 TSX
20130316 20130623 3.052e-05 6.5606e-10 TSX
20130402 20150122 0.00018955 4.1982e-10 TSX
20130407 20140530 6.5566e-06 3.8099e-10 TSX
20130421 20171016 0.00012213 3.5715e-10 TSX
20130424 20130721 -0.00010164 6.6401e-10 TSX
20130429 20130623 2.1243e-05 7.5399e-10 TSX
20130505 20131028 -0.00058019 5.8429e-10 TSX
20130513 20151112 0.00012864 3.5008e-10 TSX
20130516 20131017 0.00013132 6.0013e-10 TSX
20130521 20130715 0.00023612 7.5401e-10 TSX
20130524 20171129 7.6151e-05 3.1641e-10 TSX
20130527 20140627 8.5846e-07 3.8357e-10 TSX
20130601 20130930 0.00027958 6.1696e-10 TSX
20130604 20141217 0.00022713 3.4236e-10 TSX
20130607 20140719 9.0119e-05 3.7982e-10 TSX
20130612 20150105 6.2999e-05 3.439e-10 TSX
20130615 20160106 0.00021227 3.3309e-10 TSX
20130618 20140708 2.0726e-05 3.8831e-10 TSX
20130623 20130715 0.00065459 8.6117e-10 TSX
20130629 20130914 0.00030412 6.9301e-10 TSX
20130707 20150130 0.00019375 3.4687e-10 TSX
20130710 20140901 4.1146e-05 3.7775e-10 TSX
20130715 20130726 -0.0023503 1.0101e-09 TSX
20130721 20131108 0.00081828 6.5493e-10 TSX
20130726 20150517 4.7041e-05 3.398e-10 TSX
20130729 20160904 0.00012057 3.2588e-10 TSX
20130801 20151115 0.00013572 3.6967e-10 TSX
20130817 20140209 0.00014672 5.4096e-10 TSX
20130828 20150312 -1.124e-06 3.4687e-10 TSX
20130903 20150329 -4.8456e-05 4.5994e-10 TSX
20130919 20160309 0.00016919 3.2257e-10 TSX
20130925 20140708 6.9722e-05 4.5135e-10 TSX
20130930 20160411 0.00013621 3.137e-10 TSX
20131011 20150802 5.8555e-05 3.5562e-10 TSX
20131017 20140719 -3.6439e-05 4.4661e-10 TSX
20131028 20160304 3.7839e-05 3.6962e-10 TSX
20131102 20140519 -0.00032403 5.171e-10 TSX
20131108 20140708 -3.1301e-05 4.7971e-10 TSX
20140209 20160309 8.7422e-05 3.5171e-10 TSX
20140223 20140829 0.0001573 5.1111e-10 TSX
20140408 20140705 4.1637e-05 6.6125e-10 TSX
20140419 20170913 9.7255e-05 3.0416e-10 TSX
20140511 20141228 0.000232 4.7005e-10 TSX
20140519 20150824 0.00028617 3.8254e-10 TSX
20140624 20171005 0.00013966 3.4923e-10 TSX
20140627 20151115 0.00021015 3.5261e-10 TSX
20140705 20180911 9.1011e-05 3.2686e-10 TSX
20140708 20160406 0.00015133 3.5723e-10 TSX
20140716 20171005 0.0001628 3.0163e-10 TSX
20140719 20151207 0.0001272 3.6338e-10 TSX
20140727 20150326 0.00011651 4.6144e-10 TSX
20140810 20150122 7.4578e-05 5.3955e-10 TSX
20140818 20160301 0.00020242 3.5835e-10 TSX
20140829 20160208 0.00017446 3.5664e-10 TSX
20140901 20140912 -0.00031787 9.6704e-10 TSX
20140912 20141209 0.0001283 6.64e-10 TSX
20140920 20170902 0.00013631 3.156e-10 TSX
20141209 20160211 0.00013357 3.8144e-10 TSX
20141217 20160722 0.0001634 3.6574e-10 TSX
20141228 20160106 0.00018268 3.9067e-10 TSX
20141231 20151024 0.00019733 4.3515e-10 TSX
20150105 20150824 0.00012632 4.8737e-10 TSX
20150108 20170811 0.0001411 3.2459e-10 TSX
20150119 20160117 0.00023134 3.9467e-10 TSX
20150127 20160411 0.00014282 3.8202e-10 TSX
20150130 20151112 0.00020632 4.3466e-10 TSX
20150210 20170114 0.00020722 3.4319e-10 TSX
20150213 20160326 5.9867e-05 4.9487e-10 TSX
20150218 20160216 0.00017008 4.0729e-10 TSX
20150221 20180112 0.00021791 3.2849e-10 TSX
20150304 20180911 5.1274e-05 3.2257e-10 TSX
20150307 20160211 0.00019732 4.1721e-10 TSX
20150312 20160320 0.00016538 4.0172e-10 TSX
20150326 20150827 0.00026724 5.5247e-10 TSX
20150329 20151207 0.00018581 4.5673e-10 TSX
20150428 20160425 0.00019802 4.0938e-10 TSX
20150509 20150827 0.00026029 6.2087e-10 TSX
20150517 20150824 0.00026211 6.5752e-10 TSX
20150520 20180911 3.3979e-05 3.3528e-10 TSX
20150714 20170822 0.00024549 3.3417e-10 TSX
20150725 20170924 0.00020072 3.4092e-10 TSX
20150802 20160309 0.00015483 4.9605e-10 TSX
20150805 20160403 0.00015457 4.6244e-10 TSX
20150816 20171107 0.00017404 3.1905e-10 TSX
20150824 20150915 0.00077747 8.6107e-10 TSX
20150827 20170902 0.00019438 3.3005e-10 TSX
20150915 20160216 -9.8335e-06 5.6838e-10 TSX
20151021 20160904 0.00013754 4.2134e-10 TSX
20151101 20171016 0.00022851 3.2133e-10 TSX
20151112 20160425 3.8423e-05 5.3658e-10 TSX
20151115 20151229 0.00020691 7.7303e-10 TSX
20151123 20171221 0.00016424 3.2366e-10 TSX
20151204 20151215 0.00018297 9.7707e-10 TSX
20151207 20160406 1.4394e-06 6.0214e-10 TSX
20151215 20170822 0.00021359 3.3233e-10 TSX
20151226 20161223 0.0002342 3.9805e-10 TSX
20151229 20160211 1.6245e-05 7.7303e-10 TSX
20160106 20161223 0.0002448 4.0175e-10 TSX
20160117 20160926 0.00020946 4.5477e-10 TSX
20160128 20160301 -0.00023364 8.0604e-10 TSX
20160208 20160312 -6.6819e-05 8.0604e-10 TSX
20160216 20160309 -0.00040633 8.6107e-10 TSX
20160219 20180319 8.9686e-05 3.0922e-10 TSX
20160301 20161201 0.0002578 4.3933e-10 TSX
20160304 20160326 1.5386e-05 8.481e-10 TSX
20160312 20180319 0.00011077 3.2902e-10 TSX
20160320 20160411 0.00043141 8.6108e-10 TSX
20160323 20171118 0.00017669 3.2919e-10 TSX
20160326 20160406 -0.0005013 9.6697e-10 TSX
20160403 20171027 0.00022989 3.3706e-10 TSX
20160425 20170811 0.00022305 3.6566e-10 TSX
20160528 20160630 9.8917e-05 8.0604e-10 TSX
20160630 20171118 0.00019606 3.4924e-10 TSX
20160722 20161201 0.0003044 5.8131e-10 TSX
20160904 20180707 0.00014957 3.3165e-10 TSX
20160915 20180911 0.00011684 3.0254e-10 TSX
20160926 20170114 8.6809e-05 6.1796e-10 TSX
20161201 20171027 0.00014823 4.0793e-10 TSX
20161223 20171107 9.2286e-05 4.0943e-10 TSX
20170114 20170902 0.00010318 4.6972e-10 TSX
20170811 20171005 -1.7213e-05 7.411e-10 TSX
20170822 20180707 -2.3978e-05 4.1363e-10 TSX
20170913 20180707 -7.1442e-05 4.2698e-10 TSX
20170924 20180319 -0.00014145 5.2319e-10 TSX
20171005 20171107 6.0311e-05 8.0604e-10 TSX
20171016 20180319 -0.00014759 5.5008e-10 TSX
20171027 20180911 5.4044e-05 4.137e-10 TSX
20171107 20171118 7.976e-05 9.7707e-10 TSX
20171118 20171129 4.1346e-05 9.7707e-10 TSX
20171129 20171221 2.8205e-06 8.5001e-10 TSX
20171210 20180820 4.586e-05 4.5353e-10 TSX
20171221 20180911 6.429e-05 4.4574e-10 TSX
20180112 20181003 0.0001077 4.4571e-10 TSX
20180319 20180707 3.9862e-05 6.1796e-10 TSX
20180707 20180911 0.00044368 7.1237e-10 TSX
20180729 20181003 0.00014945 7.1237e-10 TSX
20180820 20181003 0.00020216 7.7204e-10 TSX
20180911 20181003 -0.00019101 8.5002e-10 TSX
