20030427 20030914 0.00075676 5.6667e-10 ERS2
20030914 20080629 -9.8164e-05 2.9804e-10 ERS2
20050918 20090510 7.0458e-05 3.1676e-10 ERS2
20051127 20081116 0.00018639 3.0888e-10 ERS2
20060903 20090510 -9.1237e-05 3.1875e-10 ERS2
20061231 20090105 -3.9597e-05 3.1292e-10 ALOS
20070402 20070703 -2.0604e-05 6.67e-10 ALOS
20070518 20091008 -4.3555e-05 3.0665e-10 ALOS
20070818 20071003 -0.00032195 7.7748e-10 ALOS
20071217 20100509 -5.2874e-05 3.0523e-10 ALOS
20080103 20100526 5.7341e-05 3.0639e-10 ALOS
20080404 20080520 7.2413e-05 7.7758e-10 ALOS
20080618 20090921 4.8089e-05 3.7232e-10 ALOS
20080629 20090510 -0.00044642 4.1317e-10 ERS2
20080705 20091008 0.00011821 3.6545e-10 ALOS
20080803 20090823 3.5481e-05 3.8366e-10 ERS2
20081116 20090823 0.00022745 4.3274e-10 ERS2
20081219 20090921 0.00025317 4.4692e-10 ALOS
20090105 20090708 0.00012546 5.2846e-10 ALOS
20090510 20091101 0.00057508 5.215e-10 ERS2
20090708 20091008 0.00025984 6.6732e-10 ALOS
20090823 20091101 -7.2546e-05 6.9884e-10 ERS2
20091222 20100624 0.00037687 5.2584e-10 ALOS
20100108 20100223 0.00046251 7.7758e-10 ALOS
20100223 20100526 0.00010453 6.6721e-10 ALOS
20100410 20100711 -7.6766e-05 6.6712e-10 ALOS
20100509 20100624 0.00062421 7.7532e-10 ALOS
20100526 20100711 0.00027939 7.7775e-10 ALOS
20100624 20101109 -8.3851e-05 5.8432e-10 ALOS
20100711 20101011 -0.00010736 6.6714e-10 ALOS
20100809 20101109 -0.00032124 6.6426e-10 ALOS
20101011 20101126 0.00018717 7.7775e-10 ALOS
20110111 20110226 0.00052711 7.7752e-10 ALOS
20110924 20130715 9.8234e-05 3.6288e-10 TSX
20111005 20121229 -0.00014325 4.1523e-10 TSX
20111121 20171221 -1.6161e-05 3.6097e-10 TSX
20111221 20130131 -6.9906e-06 3.8757e-10 TSX
20111224 20121027 -4.4382e-05 4.3145e-10 TSX
20120126 20140419 1.7053e-05 3.282e-10 TSX
20120203 20160320 3.2538e-05 3.0503e-10 TSX
20120206 20171107 -1.2709e-05 3.1563e-10 TSX
20120617 20171129 0.00010257 3.3224e-10 TSX
20120723 20160120 -2.4023e-05 3.3342e-10 TSX
20121024 20130109 9.4475e-05 7.0341e-10 TSX
20121027 20151226 -3.8421e-05 3.0913e-10 TSX
20121030 20130311 0.00012375 5.8548e-10 TSX
20121107 20171118 5.4601e-06 3.0795e-10 TSX
20121221 20160208 8.7137e-05 3.0745e-10 TSX
20121224 20130516 -3.3062e-05 5.6943e-10 TSX
20121229 20130407 9.61e-05 6.5863e-10 TSX
20130104 20130217 4.7094e-05 7.7517e-10 TSX
20130109 20130715 7.4368e-05 5.4059e-10 TSX
20130112 20140511 1.2024e-05 3.8426e-10 TSX
20130115 20130721 -0.00026113 5.2188e-10 TSX
20130126 20130823 -0.00016221 5.3616e-10 TSX
20130131 20130429 9.6774e-07 6.7888e-10 TSX
20130203 20130729 -7.9239e-05 5.317e-10 TSX
20130211 20130919 1.1295e-05 5.0246e-10 TSX
20130228 20141209 1.1393e-05 3.7483e-10 TSX
20130311 20130801 -0.00013997 5.7059e-10 TSX
20130316 20130623 -0.00014964 6.5748e-10 TSX
20130402 20150122 -0.00014524 3.2578e-10 TSX
20130407 20140530 1.39e-05 3.9057e-10 TSX
20130421 20171016 -1.7624e-05 2.9578e-10 TSX
20130424 20130721 -0.00043358 6.6514e-10 TSX
20130429 20130623 -0.0001976 7.5676e-10 TSX
20130505 20131028 -0.00054527 5.4183e-10 TSX
20130513 20151112 -3.4776e-05 3.1864e-10 TSX
20130516 20131017 -0.0003445 5.8039e-10 TSX
20130521 20130715 0.00019295 7.5658e-10 TSX
20130524 20171129 -3.5026e-05 3.1618e-10 TSX
20130527 20140627 -1.0539e-06 3.9757e-10 TSX
20130601 20130930 0.00022317 6.1891e-10 TSX
20130604 20141217 2.9201e-05 3.8701e-10 TSX
20130607 20140719 -2.8616e-05 3.9591e-10 TSX
20130612 20150105 1.8811e-05 3.9229e-10 TSX
20130615 20160106 0.00012107 3.4809e-10 TSX
20130618 20140708 -2.4309e-05 3.9316e-10 TSX
20130623 20130715 0.00073084 8.6559e-10 TSX
20130629 20130914 0.0002388 6.9166e-10 TSX
20130707 20150130 6.8595e-05 3.9034e-10 TSX
20130710 20140901 1.569e-05 3.8927e-10 TSX
20130715 20130726 -0.0025769 1.0149e-09 TSX
20130721 20131108 0.0006132 6.228e-10 TSX
20130726 20150517 0.00010993 3.5589e-10 TSX
20130729 20160904 -2.9592e-05 3.1061e-10 TSX
20130801 20151115 6.3725e-05 3.3934e-10 TSX
20130817 20140209 -3.4595e-05 5.4239e-10 TSX
20130828 20150312 9.0663e-05 3.6882e-10 TSX
20130903 20150329 -1.4149e-05 3.7072e-10 TSX
20130919 20160309 5.102e-05 3.2277e-10 TSX
20130925 20140708 -3.3872e-06 4.421e-10 TSX
20130930 20160411 -1.3512e-05 3.4232e-10 TSX
20131011 20150802 -1.1734e-05 3.5523e-10 TSX
20131017 20140719 7.253e-05 4.4492e-10 TSX
20131028 20160304 -6.8077e-05 3.2202e-10 TSX
20131102 20140519 -5.5399e-06 5.2098e-10 TSX
20131108 20140708 5.0625e-05 4.7028e-10 TSX
20140209 20160309 2.0094e-05 3.6811e-10 TSX
20140223 20140829 1.5883e-05 5.1321e-10 TSX
20140408 20140705 -7.1099e-05 6.6243e-10 TSX
20140419 20170913 5.4077e-05 2.982e-10 TSX
20140511 20141228 -1.2013e-06 4.831e-10 TSX
20140519 20150824 2.3644e-05 3.7296e-10 TSX
20140624 20171005 3.282e-05 3.7545e-10 TSX
20140627 20151115 2.1757e-05 3.75e-10 TSX
20140705 20180911 3.6599e-05 3.084e-10 TSX
20140708 20160406 6.3543e-05 3.66e-10 TSX
20140716 20171005 -7.104e-05 3.212e-10 TSX
20140719 20151207 0.00010295 3.5704e-10 TSX
20140727 20150326 2.07e-05 4.6452e-10 TSX
20140810 20150122 -9.6431e-06 5.3999e-10 TSX
20140818 20160301 3.0711e-05 3.3857e-10 TSX
20140829 20160208 4.9464e-05 3.4435e-10 TSX
20140901 20140912 -0.0002972 9.7049e-10 TSX
20140912 20141209 2.1145e-05 6.65e-10 TSX
20140920 20170902 1.4749e-05 3.3524e-10 TSX
20141209 20160211 -2.8183e-05 3.7268e-10 TSX
20141217 20160722 8.0093e-05 3.5846e-10 TSX
20141228 20160106 1.9788e-05 4.0131e-10 TSX
20141231 20151024 -4.2551e-05 4.3205e-10 TSX
20150105 20150824 -6.7551e-05 4.9464e-10 TSX
20150108 20170811 1.7273e-05 3.3889e-10 TSX
20150119 20160117 6.7548e-05 3.9759e-10 TSX
20150127 20160411 1.0791e-05 4.0171e-10 TSX
20150130 20151112 6.0237e-06 4.3519e-10 TSX
20150210 20170114 -9.2858e-06 3.2767e-10 TSX
20150213 20160326 -7.3902e-06 4.0224e-10 TSX
20150218 20160216 -2.3192e-05 4.0941e-10 TSX
20150221 20180112 -4.1858e-05 3.2457e-10 TSX
20150304 20180911 -7.9755e-05 3.163e-10 TSX
20150307 20160211 2.4766e-06 4.1162e-10 TSX
20150312 20160320 -6.1827e-05 4.0435e-10 TSX
20150326 20150827 -1.2076e-05 5.533e-10 TSX
20150329 20151207 -9.9021e-06 4.5708e-10 TSX
20150428 20160425 2.7323e-05 3.9963e-10 TSX
20150509 20150827 -0.00012028 6.2424e-10 TSX
20150517 20150824 -5.8962e-05 6.5794e-10 TSX
20150520 20180911 -5.5507e-06 3.4325e-10 TSX
20150714 20170822 -5.4102e-06 3.2276e-10 TSX
20150725 20170924 -1.5127e-05 3.1634e-10 TSX
20150802 20160309 -7.5761e-05 4.9744e-10 TSX
20150805 20160403 -1.2463e-05 4.6156e-10 TSX
20150816 20171107 3.7692e-05 3.2966e-10 TSX
20150824 20150915 0.0007234 8.6537e-10 TSX
20150827 20170902 6.7834e-06 3.3815e-10 TSX
20150915 20160216 -0.00011144 5.6848e-10 TSX
20151021 20160904 -9.0931e-05 4.3834e-10 TSX
20151101 20171016 3.9378e-05 3.2895e-10 TSX
20151112 20160425 -3.5547e-05 5.3709e-10 TSX
20151115 20151229 0.00013038 7.7472e-10 TSX
20151123 20171221 -1.4095e-05 3.4706e-10 TSX
20151204 20151215 0.00015773 9.7969e-10 TSX
20151207 20160406 -6.674e-05 6.0236e-10 TSX
20151215 20170822 0.00011498 3.3571e-10 TSX
20151226 20161223 2.5466e-05 3.9528e-10 TSX
20151229 20160211 5.6481e-05 7.7472e-10 TSX
20160106 20161223 4.7559e-06 4.0084e-10 TSX
20160117 20160926 -5.5804e-05 4.5916e-10 TSX
20160128 20160301 -0.00014691 8.078e-10 TSX
20160208 20160312 -0.00012181 8.078e-10 TSX
20160216 20160309 -0.00039716 8.6536e-10 TSX
20160219 20180319 3.9026e-05 3.3674e-10 TSX
20160301 20161201 4.8913e-05 4.3925e-10 TSX
20160304 20160326 7.0306e-05 8.5105e-10 TSX
20160312 20180319 3.5861e-05 3.3426e-10 TSX
20160320 20160411 0.00036082 8.6537e-10 TSX
20160323 20171118 -5.1652e-06 3.5454e-10 TSX
20160326 20160406 -0.00050733 9.7042e-10 TSX
20160403 20171027 5.2253e-05 3.4846e-10 TSX
20160425 20170811 5.9942e-05 3.6437e-10 TSX
20160528 20160630 -8.4992e-05 8.078e-10 TSX
20160630 20171118 0.0001332 3.9958e-10 TSX
20160722 20161201 0.00014034 5.8471e-10 TSX
20160904 20180707 8.2292e-05 3.7864e-10 TSX
20160915 20180911 -1.3794e-05 3.4944e-10 TSX
20160926 20170114 -3.6676e-06 6.2148e-10 TSX
20161201 20171027 1.6914e-05 4.3061e-10 TSX
20161223 20171107 6.5019e-05 4.2582e-10 TSX
20170114 20170902 -3.5005e-05 4.8105e-10 TSX
20170811 20171005 -7.2905e-05 7.4201e-10 TSX
20170822 20180707 -6.9997e-05 4.2249e-10 TSX
20170913 20180707 -0.00012202 4.4209e-10 TSX
20170924 20180319 7.6827e-05 5.2508e-10 TSX
20171005 20171107 3.4908e-05 8.0784e-10 TSX
20171016 20180319 0.00010143 5.548e-10 TSX
20171027 20180911 -4.8246e-05 4.3369e-10 TSX
20171107 20171118 7.4532e-05 9.7969e-10 TSX
20171118 20171129 6.4054e-05 9.7969e-10 TSX
20171129 20171221 -6.3134e-06 8.5226e-10 TSX
20171210 20180820 -4.7944e-05 4.6337e-10 TSX
20171221 20180911 -0.00010266 4.6635e-10 TSX
20180112 20181003 5.3525e-05 4.5135e-10 TSX
20180319 20180707 -0.00031056 6.2249e-10 TSX
20180707 20180911 8.9903e-05 7.1313e-10 TSX
20180729 20181003 -2.2199e-05 7.1296e-10 TSX
20180820 20181003 0.00013247 7.733e-10 TSX
20180911 20181003 -0.00018507 8.5227e-10 TSX
