20030427 20030914 0.0005812 5.6644e-10 ERS2
20030914 20080629 -1.8758e-06 2.8519e-10 ERS2
20050918 20090510 5.4506e-05 3.0073e-10 ERS2
20051127 20081116 -8.1138e-05 3.1179e-10 ERS2
20060903 20090510 0.00017563 3.2982e-10 ERS2
20061231 20090105 6.8907e-05 3.1234e-10 ALOS
20070402 20070703 -0.00018743 6.663e-10 ALOS
20070518 20091008 1.2958e-06 2.9973e-10 ALOS
20070818 20071003 -0.0002799 7.7498e-10 ALOS
20071217 20100509 9.8879e-05 3.0089e-10 ALOS
20080103 20100526 4.7843e-05 3.0179e-10 ALOS
20080404 20080520 4.041e-05 7.7499e-10 ALOS
20080618 20090921 4.2188e-05 3.7278e-10 ALOS
20080629 20090510 -0.00027687 4.1208e-10 ERS2
20080705 20091008 9.5377e-05 3.6526e-10 ALOS
20080803 20090823 -7.5277e-06 3.8289e-10 ERS2
20081116 20090823 5.1046e-05 4.3242e-10 ERS2
20081219 20090921 0.00044989 4.4639e-10 ALOS
20090105 20090708 7.9306e-05 5.2878e-10 ALOS
20090510 20091101 0.00041205 5.2068e-10 ERS2
20090708 20091008 0.00070285 6.6618e-10 ALOS
20090823 20091101 -9.5967e-05 6.9852e-10 ERS2
20091222 20100624 0.00067618 5.2522e-10 ALOS
20100108 20100223 0.00080148 7.7501e-10 ALOS
20100223 20100526 -6.4646e-05 6.6607e-10 ALOS
20100410 20100711 -0.00010853 6.6623e-10 ALOS
20100509 20100624 0.0005714 7.7302e-10 ALOS
20100526 20100711 0.00052732 7.7499e-10 ALOS
20100624 20101109 0.00015275 5.8397e-10 ALOS
20100711 20101011 0.00021987 6.6624e-10 ALOS
20100809 20101109 0.00013305 6.6352e-10 ALOS
20101011 20101126 0.00021783 7.7498e-10 ALOS
20110111 20110226 0.00075993 7.7498e-10 ALOS
20110924 20130715 5.2278e-05 3.2514e-10 TSX
20111005 20121229 -5.9698e-05 3.6871e-10 TSX
20111121 20171221 5.7985e-05 3.3069e-10 TSX
20111221 20130131 1.9327e-05 3.8521e-10 TSX
20111224 20121027 -1.4369e-05 4.1933e-10 TSX
20120126 20140419 -4.2125e-05 2.952e-10 TSX
20120203 20160320 7.8748e-05 2.5791e-10 TSX
20120206 20171107 6.3684e-05 3.3064e-10 TSX
20120617 20171129 5.1226e-05 2.7571e-10 TSX
20120723 20160120 0.00013699 2.7823e-10 TSX
20121024 20130109 6.5416e-06 7.0152e-10 TSX
20121027 20151226 -8.3728e-06 2.9668e-10 TSX
20121030 20130311 2.401e-05 5.8464e-10 TSX
20121107 20171118 -1.608e-05 2.9073e-10 TSX
20121221 20160208 3.3872e-05 2.9409e-10 TSX
20121224 20130516 -2.3483e-05 5.6848e-10 TSX
20121229 20130407 0.0002808 6.5605e-10 TSX
20130104 20130217 0.000232 7.7301e-10 TSX
20130109 20130715 0.00010345 5.2846e-10 TSX
20130112 20140511 -6.7647e-05 3.5448e-10 TSX
20130115 20130721 -0.00014315 5.1466e-10 TSX
20130126 20130823 -6.898e-05 5.0279e-10 TSX
20130131 20130429 -9.2938e-05 6.7795e-10 TSX
20130203 20130729 -1.2748e-05 5.2314e-10 TSX
20130211 20130919 -1.7262e-05 4.9592e-10 TSX
20130228 20141209 5.2546e-05 3.1342e-10 TSX
20130311 20130801 2.2052e-05 5.6849e-10 TSX
20130316 20130623 0.00010373 6.5606e-10 TSX
20130402 20150122 0.00011156 3.2516e-10 TSX
20130407 20140530 -6.1879e-05 3.8056e-10 TSX
20130421 20171016 0.00010341 3.424e-10 TSX
20130424 20130721 -0.00022446 6.64e-10 TSX
20130429 20130623 4.8616e-05 7.5397e-10 TSX
20130505 20131028 -0.00024983 5.396e-10 TSX
20130513 20151112 5.3614e-05 3.304e-10 TSX
20130516 20131017 -0.0003112 5.7215e-10 TSX
20130521 20130715 0.000126 7.54e-10 TSX
20130524 20171129 2.56e-05 3.1992e-10 TSX
20130527 20140627 -4.3138e-05 3.837e-10 TSX
20130601 20130930 7.2123e-05 6.1696e-10 TSX
20130604 20141217 -1.5229e-05 3.3948e-10 TSX
20130607 20140719 1.4722e-05 3.8142e-10 TSX
20130612 20150105 5.1452e-05 3.3917e-10 TSX
20130615 20160106 2.0926e-05 3.0465e-10 TSX
20130618 20140708 -3.686e-05 3.877e-10 TSX
20130623 20130715 0.0005627 8.6107e-10 TSX
20130629 20130914 0.00019848 6.8996e-10 TSX
20130707 20150130 -4.8183e-05 3.3891e-10 TSX
20130710 20140901 1.7221e-05 3.7664e-10 TSX
20130715 20130726 -0.0024567 1.01e-09 TSX
20130721 20131108 0.00074027 6.3277e-10 TSX
20130726 20150517 0.00018543 3.2426e-10 TSX
20130729 20160904 -3.0907e-05 2.8223e-10 TSX
20130801 20151115 6.63e-05 3.0103e-10 TSX
20130817 20140209 0.00011091 5.4095e-10 TSX
20130828 20150312 0.00010147 3.4032e-10 TSX
20130903 20150329 -6.3594e-05 3.6479e-10 TSX
20130919 20160309 9.144e-05 2.8112e-10 TSX
20130925 20140708 8.0576e-05 4.3279e-10 TSX
20130930 20160411 9.3019e-05 2.7619e-10 TSX
20131011 20150802 2.7471e-06 3.22e-10 TSX
20131017 20140719 1.048e-05 4.4036e-10 TSX
20131028 20160304 8.4814e-05 2.9737e-10 TSX
20131102 20140519 -0.00021225 5.171e-10 TSX
20131108 20140708 3.3265e-05 4.674e-10 TSX
20140209 20160309 2.2156e-05 3.0919e-10 TSX
20140223 20140829 -7.4701e-05 5.1108e-10 TSX
20140408 20140705 -1.979e-05 6.6127e-10 TSX
20140419 20170913 3.2519e-05 3.2114e-10 TSX
20140511 20141228 2.9449e-05 4.7006e-10 TSX
20140519 20150824 0.00013415 3.6702e-10 TSX
20140624 20171005 0.00012827 3.0047e-10 TSX
20140627 20151115 0.00012927 3.4685e-10 TSX
20140705 20180911 2.9416e-05 3.4889e-10 TSX
20140708 20160406 7.4292e-05 3.1841e-10 TSX
20140716 20171005 2.5947e-05 3.2276e-10 TSX
20140719 20151207 4.9381e-05 3.4313e-10 TSX
20140727 20150326 -0.00011426 4.6155e-10 TSX
20140810 20150122 1.5611e-05 5.392e-10 TSX
20140818 20160301 1.1942e-05 3.4712e-10 TSX
20140829 20160208 2.5556e-05 3.4645e-10 TSX
20140901 20140912 -0.00031801 9.6697e-10 TSX
20140912 20141209 0.00012855 6.64e-10 TSX
20140920 20170902 -6.1895e-05 2.9556e-10 TSX
20141209 20160211 5.1841e-05 3.7193e-10 TSX
20141217 20160722 2.1206e-05 3.4109e-10 TSX
20141228 20160106 2.4195e-06 3.8687e-10 TSX
20141231 20151024 2.5391e-06 4.2654e-10 TSX
20150105 20150824 8.2948e-06 4.8675e-10 TSX
20150108 20170811 4.4837e-05 3.5195e-10 TSX
20150119 20160117 -3.4163e-06 3.9707e-10 TSX
20150127 20160411 0.00014488 3.7269e-10 TSX
20150130 20151112 2.1605e-06 4.3344e-10 TSX
20150210 20170114 4.7161e-05 3.4654e-10 TSX
20150213 20160326 0.00022438 4.2051e-10 TSX
20150218 20160216 3.8836e-05 4.0355e-10 TSX
20150221 20180112 -1.8318e-05 3.477e-10 TSX
20150304 20180911 0.00010234 3.4317e-10 TSX
20150307 20160211 0.0001003 4.0416e-10 TSX
20150312 20160320 -1.3079e-05 3.9841e-10 TSX
20150326 20150827 3.7432e-05 5.5285e-10 TSX
20150329 20151207 6.1164e-05 4.5741e-10 TSX
20150428 20160425 4.9348e-05 3.9954e-10 TSX
20150509 20150827 2.7068e-05 6.2025e-10 TSX
20150517 20150824 -7.0981e-05 6.5647e-10 TSX
20150520 20180911 -1.2585e-05 3.725e-10 TSX
20150714 20170822 9.1925e-06 3.0548e-10 TSX
20150725 20170924 6.6187e-05 2.9652e-10 TSX
20150802 20160309 9.0613e-05 4.9596e-10 TSX
20150805 20160403 -3.8323e-05 4.6131e-10 TSX
20150816 20171107 1.7615e-05 2.9959e-10 TSX
20150824 20150915 0.00071551 8.6097e-10 TSX
20150827 20170902 2.7825e-05 3.0085e-10 TSX
20150915 20160216 -9.4729e-05 5.6819e-10 TSX
20151021 20160904 -5.5533e-05 4.1357e-10 TSX
20151101 20171016 2.1047e-05 3.0807e-10 TSX
20151112 20160425 -6.0114e-06 5.361e-10 TSX
20151115 20151229 0.00013049 7.7301e-10 TSX
20151123 20171221 4.2079e-06 2.9727e-10 TSX
20151204 20151215 0.00017919 9.7713e-10 TSX
20151207 20160406 -0.00010616 6.0214e-10 TSX
20151215 20170822 2.7149e-05 3.169e-10 TSX
20151226 20161223 -4.5299e-05 3.9395e-10 TSX
20151229 20160211 9.7428e-05 7.7301e-10 TSX
20160106 20161223 -3.1425e-05 3.9806e-10 TSX
20160117 20160926 7.9456e-06 4.5314e-10 TSX
20160128 20160301 -0.0002266 8.0609e-10 TSX
20160208 20160312 -7.6573e-05 8.0609e-10 TSX
20160216 20160309 -0.00039712 8.6097e-10 TSX
20160219 20180319 -5.8552e-05 2.9989e-10 TSX
20160301 20161201 -1.0017e-05 4.3865e-10 TSX
20160304 20160326 5.9219e-05 8.4805e-10 TSX
20160312 20180319 -5.8285e-05 3.0059e-10 TSX
20160320 20160411 0.00047707 8.6097e-10 TSX
20160323 20171118 1.5297e-05 3.2018e-10 TSX
20160326 20160406 -0.00047882 9.669e-10 TSX
20160403 20171027 4.1542e-05 3.2271e-10 TSX
20160425 20170811 1.5994e-05 3.4655e-10 TSX
20160528 20160630 6.7235e-06 8.0609e-10 TSX
20160630 20171118 9.0888e-06 3.404e-10 TSX
20160722 20161201 1.1682e-05 5.8132e-10 TSX
20160904 20180707 -3.3463e-05 3.252e-10 TSX
20160915 20180911 4.9729e-06 3.0675e-10 TSX
20160926 20170114 -6.686e-05 6.1797e-10 TSX
20161201 20171027 -6.9486e-06 4.0714e-10 TSX
20161223 20171107 -9.5985e-07 4.0938e-10 TSX
20170114 20170902 -1.3392e-05 4.6867e-10 TSX
20170811 20171005 -8.793e-05 7.4115e-10 TSX
20170822 20180707 -0.00019402 4.1388e-10 TSX
20170913 20180707 -0.00026196 4.2527e-10 TSX
20170924 20180319 -0.00025824 5.2326e-10 TSX
20171005 20171107 3.9016e-05 8.0609e-10 TSX
20171016 20180319 -0.00030109 5.5012e-10 TSX
20171027 20180911 -0.00016647 4.1407e-10 TSX
20171107 20171118 6.0839e-05 9.7713e-10 TSX
20171118 20171129 4.1048e-05 9.7713e-10 TSX
20171129 20171221 -2.757e-05 8.5007e-10 TSX
20171210 20180820 -0.00016234 4.5363e-10 TSX
20171221 20180911 -1.4562e-05 4.4623e-10 TSX
20180112 20181003 -0.00018448 4.4653e-10 TSX
20180319 20180707 -0.00011435 6.1803e-10 TSX
20180707 20180911 0.00024704 7.1239e-10 TSX
20180729 20181003 6.3687e-05 7.1239e-10 TSX
20180820 20181003 0.00017602 7.7208e-10 TSX
20180911 20181003 -0.00012144 8.5007e-10 TSX
