20030427 20030914 -1.4294e-05 5.879e-10 ERS2
20030914 20080629 8.8125e-05 2.8227e-10 ERS2
20050918 20090510 9.1273e-06 3.1735e-10 ERS2
20051127 20081116 4.5444e-05 3.1862e-10 ERS2
20060903 20090510 0.00011956 3.3077e-10 ERS2
20061231 20090105 1.5639e-05 3.9082e-10 ALOS
20070402 20070703 -2.3197e-05 7.3154e-10 ALOS
20070518 20091008 -1.1246e-05 3.7427e-10 ALOS
20070818 20071003 -0.00045159 8.1533e-10 ALOS
20071217 20100509 -4.6362e-05 3.6828e-10 ALOS
20080103 20100526 0.00015777 4.0375e-10 ALOS
20080404 20080520 -5.1452e-05 8.1512e-10 ALOS
20080618 20090921 -4.9076e-05 4.4809e-10 ALOS
20080629 20090510 -0.00034165 4.3534e-10 ERS2
20080705 20091008 2.6261e-05 4.4283e-10 ALOS
20080803 20090823 -2.9029e-05 3.9603e-10 ERS2
20081116 20090823 0.00010881 4.4728e-10 ERS2
20081219 20090921 -1.4507e-05 5.1294e-10 ALOS
20090105 20090708 -4.5494e-05 6.0288e-10 ALOS
20090510 20091101 0.00072639 5.3969e-10 ERS2
20090708 20091008 0.00011791 7.3135e-10 ALOS
20090823 20091101 0.0011311 7.2641e-10 ERS2
20091222 20100624 0.00022137 5.9822e-10 ALOS
20100108 20100223 0.00035215 8.1541e-10 ALOS
20100223 20100526 -7.3075e-05 7.3153e-10 ALOS
20100410 20100711 3.6065e-05 7.3107e-10 ALOS
20100509 20100624 0.00056975 8.1237e-10 ALOS
20100526 20100711 0.00041156 8.1533e-10 ALOS
20100624 20101109 -5.6572e-05 6.5243e-10 ALOS
20100711 20101011 -0.00022014 7.3039e-10 ALOS
20100809 20101109 -3.6208e-07 7.255e-10 ALOS
20101011 20101126 0.00025926 8.1528e-10 ALOS
20110111 20110226 0.0005609 8.153e-10 ALOS
20110924 20130715 4.6661e-05 4.0583e-10 TSX
20111005 20121229 -1.568e-05 4.8753e-10 TSX
20111121 20171221 -4.0938e-06 3.8056e-10 TSX
20111221 20130131 1.2923e-05 4.6525e-10 TSX
20111224 20121027 -7.4922e-05 4.339e-10 TSX
20120126 20140419 -3.6871e-05 4.2949e-10 TSX
20120203 20160320 1.3629e-05 4.723e-10 TSX
20120206 20171107 -9.1699e-06 3.6057e-10 TSX
20120617 20171129 -2.5048e-06 5.0752e-10 TSX
20120723 20160120 3.2859e-05 4.0826e-10 TSX
20121024 20130109 -1.0243e-05 7.6267e-10 TSX
20121027 20151226 1.0998e-05 4.7061e-10 TSX
20121030 20130311 0.00010901 6.4302e-10 TSX
20121107 20171118 4.4427e-06 3.9278e-10 TSX
20121221 20160208 1.2536e-05 3.3496e-10 TSX
20121224 20130516 -4.9587e-05 6.2698e-10 TSX
20121229 20130407 -5.0926e-06 7.2491e-10 TSX
20130104 20130217 0.00011095 8.0815e-10 TSX
20130109 20130715 0.0001852 6.0688e-10 TSX
20130112 20140511 -3.9623e-05 3.7725e-10 TSX
20130115 20130721 -6.4827e-05 5.6994e-10 TSX
20130126 20130823 -0.00010533 5.7785e-10 TSX
20130131 20130429 9.8056e-05 7.4349e-10 TSX
20130203 20130729 -2.5116e-05 5.4332e-10 TSX
20130211 20130919 -1.7463e-05 5.7256e-10 TSX
20130228 20141209 -3.6292e-06 4.5215e-10 TSX
20130311 20130801 -0.00010226 6.2678e-10 TSX
20130316 20130623 7.2601e-06 7.2517e-10 TSX
20130402 20150122 5.0339e-05 5.2172e-10 TSX
20130407 20140530 7.2116e-05 4.5973e-10 TSX
20130421 20171016 -9.8491e-06 4.1488e-10 TSX
20130424 20130721 -0.00018196 7.1793e-10 TSX
20130429 20130623 -0.00011728 8.0183e-10 TSX
20130505 20131028 3.58e-06 6.0699e-10 TSX
20130513 20151112 5.0469e-05 4.0162e-10 TSX
20130516 20131017 -0.00059017 6.3335e-10 TSX
20130521 20130715 0.00019963 8.017e-10 TSX
20130524 20171129 2.8795e-06 3.7906e-10 TSX
20130527 20140627 1.0174e-05 4.4046e-10 TSX
20130601 20130930 -1.9705e-06 6.9066e-10 TSX
20130604 20141217 -3.5891e-06 3.6829e-10 TSX
20130607 20140719 7.629e-06 4.3731e-10 TSX
20130612 20150105 3.4151e-05 4.3394e-10 TSX
20130615 20160106 4.7433e-06 3.4635e-10 TSX
20130618 20140708 -4.2951e-05 4.4539e-10 TSX
20130623 20130715 0.00065013 8.8411e-10 TSX
20130629 20130914 6.5752e-05 7.505e-10 TSX
20130707 20150130 -1.1656e-05 3.5486e-10 TSX
20130710 20140901 -3.5782e-05 4.344e-10 TSX
20130715 20130726 -0.0024221 1.0268e-09 TSX
20130721 20131108 0.00012613 7.1783e-10 TSX
20130726 20150517 3.9914e-05 4.6118e-10 TSX
20130729 20160904 -4.8762e-06 3.9609e-10 TSX
20130801 20151115 1.8138e-05 6.0332e-10 TSX
20130817 20140209 1.2448e-05 6.1832e-10 TSX
20130828 20150312 -3.5799e-05 4.3611e-10 TSX
20130903 20150329 8.5222e-05 4.7595e-10 TSX
20130919 20160309 6.8503e-05 4.7956e-10 TSX
20130925 20140708 8.0457e-06 5.3503e-10 TSX
20130930 20160411 2.4571e-05 4.9846e-10 TSX
20131011 20150802 1.3454e-05 4.7024e-10 TSX
20131017 20140719 3.3524e-05 5.2512e-10 TSX
20131028 20160304 -7.7398e-05 3.2976e-10 TSX
20131102 20140519 0.0001708 5.9434e-10 TSX
20131108 20140708 0.00022678 5.8281e-10 TSX
20140209 20160309 2.4247e-06 4.687e-10 TSX
20140223 20140829 1.7725e-05 5.3051e-10 TSX
20140408 20140705 -2.4651e-05 6.8691e-10 TSX
20140419 20170913 2.5676e-06 4.4162e-10 TSX
20140511 20141228 3.6522e-05 4.9003e-10 TSX
20140519 20150824 -3.8379e-05 4.7677e-10 TSX
20140624 20171005 2.0441e-05 4.2762e-10 TSX
20140627 20151115 -4.4096e-05 5.2327e-10 TSX
20140705 20180911 2.0505e-05 3.5317e-10 TSX
20140708 20160406 5.2746e-05 4.8441e-10 TSX
20140716 20171005 -1.4146e-05 4.6558e-10 TSX
20140719 20151207 -2.4983e-05 4.6946e-10 TSX
20140727 20150326 -3.3604e-05 4.7802e-10 TSX
20140810 20150122 -4.2191e-06 6.4175e-10 TSX
20140818 20160301 -1.07e-05 3.7112e-10 TSX
20140829 20160208 -3.1545e-05 4.0656e-10 TSX
20140901 20140912 -0.00026756 9.8117e-10 TSX
20140912 20141209 -3.4128e-05 7.1801e-10 TSX
20140920 20170902 5.412e-06 4.2889e-10 TSX
20141209 20160211 -2.3246e-05 4.5686e-10 TSX
20141217 20160722 -1.8212e-06 4.4385e-10 TSX
20141228 20160106 1.3717e-05 4.0766e-10 TSX
20141231 20151024 -3.7114e-05 4.9292e-10 TSX
20150105 20150824 3.121e-05 5.7698e-10 TSX
20150108 20170811 -3.2693e-05 3.5592e-10 TSX
20150119 20160117 1.5136e-05 4.1569e-10 TSX
20150127 20160411 2.2499e-05 5.0385e-10 TSX
20150130 20151112 7.372e-05 4.5219e-10 TSX
20150210 20170114 1.8292e-05 3.8633e-10 TSX
20150213 20160326 5.8407e-05 5.2154e-10 TSX
20150218 20160216 3.0233e-06 5.0411e-10 TSX
20150221 20180112 -3.093e-05 4.9114e-10 TSX
20150304 20180911 -1.4514e-05 4.9928e-10 TSX
20150307 20160211 -2.8652e-05 4.9449e-10 TSX
20150312 20160320 -1.2449e-06 5.0404e-10 TSX
20150326 20150827 6.2929e-05 5.7344e-10 TSX
20150329 20151207 -4.9698e-05 5.1733e-10 TSX
20150428 20160425 -1.0081e-06 4.3014e-10 TSX
20150509 20150827 1.9455e-05 6.5602e-10 TSX
20150517 20150824 -0.00016459 7.3837e-10 TSX
20150520 20180911 -4.0326e-06 4.0525e-10 TSX
20150714 20170822 3.3533e-05 4.5668e-10 TSX
20150725 20170924 -4.6042e-06 3.8474e-10 TSX
20150802 20160309 -2.1311e-05 5.8125e-10 TSX
20150805 20160403 7.0477e-05 4.8149e-10 TSX
20150816 20171107 -1.279e-07 3.6189e-10 TSX
20150824 20150915 0.0006003 8.8405e-10 TSX
20150827 20170902 -5.6692e-06 3.4803e-10 TSX
20150915 20160216 -4.1008e-06 6.5286e-10 TSX
20151021 20160904 -2.7735e-05 4.4153e-10 TSX
20151101 20171016 -1.356e-05 3.6297e-10 TSX
20151112 20160425 5.6477e-06 5.581e-10 TSX
20151115 20151229 0.00013074 8.0815e-10 TSX
20151123 20171221 -2.71e-06 3.5758e-10 TSX
20151204 20151215 0.00015048 9.8872e-10 TSX
20151207 20160406 -1.8788e-05 6.6016e-10 TSX
20151215 20170822 -1.6654e-05 4.2851e-10 TSX
20151226 20161223 7.0375e-05 4.0695e-10 TSX
20151229 20160211 -2.7822e-06 8.0815e-10 TSX
20160106 20161223 4.8226e-05 4.1162e-10 TSX
20160117 20160926 2.4473e-05 4.7188e-10 TSX
20160128 20160301 -0.00017496 8.2488e-10 TSX
20160208 20160312 -6.9907e-05 8.2488e-10 TSX
20160216 20160309 -0.00034828 8.8405e-10 TSX
20160219 20180319 -7.4247e-06 3.2795e-10 TSX
20160301 20161201 6.2299e-05 4.5408e-10 TSX
20160304 20160326 1.7558e-05 8.6817e-10 TSX
20160312 20180319 -1.5936e-05 3.3278e-10 TSX
20160320 20160411 0.00038949 8.8406e-10 TSX
20160323 20171118 3.2096e-05 3.4855e-10 TSX
20160326 20160406 -0.0005041 9.8105e-10 TSX
20160403 20171027 3.5594e-05 4.4988e-10 TSX
20160425 20170811 3.0609e-05 3.7534e-10 TSX
20160528 20160630 1.4459e-06 8.2488e-10 TSX
20160630 20171118 3.5256e-05 3.5626e-10 TSX
20160722 20161201 7.9197e-06 6.0438e-10 TSX
20160904 20180707 -2.9493e-05 3.4286e-10 TSX
20160915 20180911 -2.9099e-05 3.1714e-10 TSX
20160926 20170114 -9.396e-06 6.4298e-10 TSX
20161201 20171027 1.9171e-05 4.2477e-10 TSX
20161223 20171107 -3.9836e-05 4.284e-10 TSX
20170114 20170902 1.9317e-05 4.958e-10 TSX
20170811 20171005 -6.2133e-05 7.6533e-10 TSX
20170822 20180707 -7.9808e-05 4.2795e-10 TSX
20170913 20180707 -3.4479e-05 4.5495e-10 TSX
20170924 20180319 -0.00010134 5.4339e-10 TSX
20171005 20171107 7.0406e-05 8.2488e-10 TSX
20171016 20180319 -6.9961e-05 5.7185e-10 TSX
20171027 20180911 -2.1866e-05 4.2783e-10 TSX
20171107 20171118 7.7984e-05 9.8872e-10 TSX
20171118 20171129 3.9596e-05 9.8872e-10 TSX
20171129 20171221 -3.5344e-05 8.6501e-10 TSX
20171210 20180820 -9.3865e-05 4.6948e-10 TSX
20171221 20180911 2.1923e-05 4.6117e-10 TSX
20180112 20181003 -1.5359e-05 4.6131e-10 TSX
20180319 20180707 -8.3824e-05 6.4246e-10 TSX
20180707 20180911 0.00014889 7.3777e-10 TSX
20180729 20181003 -1.9216e-05 7.3777e-10 TSX
20180820 20181003 7.5802e-05 7.941e-10 TSX
20180911 20181003 -0.00015684 8.6501e-10 TSX
