20030427 20030914 0.00025363 6.0394e-10 ERS2
20030914 20080629 -0.00010043 2.7789e-10 ERS2
20050918 20090510 -2.0391e-05 3.0429e-10 ERS2
20051127 20081116 -5.4822e-05 3.1406e-10 ERS2
20060903 20090510 8.3042e-05 3.2708e-10 ERS2
20061231 20090105 1.5303e-05 3.2375e-10 ALOS
20070402 20070703 -0.00026878 7.034e-10 ALOS
20070518 20091008 -0.00038589 3.2359e-10 ALOS
20070818 20071003 -0.00033513 8.019e-10 ALOS
20071217 20100509 -0.00017718 3.4006e-10 ALOS
20080103 20100526 8.3709e-05 3.0951e-10 ALOS
20080404 20080520 -9.9402e-05 8.0176e-10 ALOS
20080618 20090921 -0.00012576 3.8365e-10 ALOS
20080629 20090510 -0.00055598 4.2804e-10 ERS2
20080705 20091008 -1.0513e-05 3.7648e-10 ALOS
20080803 20090823 -9.5863e-05 3.9669e-10 ERS2
20081116 20090823 -6.3956e-05 4.6586e-10 ERS2
20081219 20090921 0.00054841 4.7487e-10 ALOS
20090105 20090708 0.00020017 5.6265e-10 ALOS
20090510 20091101 -8.5634e-05 5.6197e-10 ERS2
20090708 20091008 0.001065 7.0297e-10 ALOS
20090823 20091101 -0.00031293 7.3991e-10 ERS2
20091222 20100624 0.0005101 5.4915e-10 ALOS
20100108 20100223 0.00049522 8.0237e-10 ALOS
20100223 20100526 -0.00058486 7.0262e-10 ALOS
20100410 20100711 -0.00022988 7.0359e-10 ALOS
20100509 20100624 0.000979 7.996e-10 ALOS
20100526 20100711 0.00071578 8.0218e-10 ALOS
20100624 20101109 0.0002653 6.1697e-10 ALOS
20100711 20101011 0.0002802 7.0272e-10 ALOS
20100809 20101109 4.0297e-05 6.9844e-10 ALOS
20101011 20101126 0.00024176 8.0194e-10 ALOS
20110111 20110226 0.00082013 8.0172e-10 ALOS
20110924 20130715 8.0172e-05 3.3049e-10 TSX
20111005 20121229 -0.00014999 3.838e-10 TSX
20111121 20171221 2.8611e-06 4.1797e-10 TSX
20111221 20130131 -5.3948e-05 3.9518e-10 TSX
20111224 20121027 -7.1087e-05 4.3864e-10 TSX
20120126 20140419 -9.0623e-06 4.7305e-10 TSX
20120203 20160320 -3.6591e-05 2.7569e-10 TSX
20120206 20171107 1.9694e-07 4.779e-10 TSX
20120617 20171129 1.9496e-05 4.4838e-10 TSX
20120723 20160120 3.3815e-05 3.4889e-10 TSX
20121024 20130109 0.00016611 7.3715e-10 TSX
20121027 20151226 5.4909e-06 4.3928e-10 TSX
20121030 20130311 8.3096e-05 6.1545e-10 TSX
20121107 20171118 -2.8132e-06 4.0937e-10 TSX
20121221 20160208 1.7689e-05 4.9047e-10 TSX
20121224 20130516 -0.00018407 5.9789e-10 TSX
20121229 20130407 -7.1608e-05 6.9237e-10 TSX
20130104 20130217 6.8089e-05 7.9855e-10 TSX
20130109 20130715 0.0002449 5.5776e-10 TSX
20130112 20140511 2.4921e-05 5.0927e-10 TSX
20130115 20130721 -0.00032643 5.4132e-10 TSX
20130126 20130823 -1.4935e-05 5.9559e-10 TSX
20130131 20130429 -0.00015679 7.1406e-10 TSX
20130203 20130729 -1.9984e-05 5.5661e-10 TSX
20130211 20130919 9.6878e-05 5.1924e-10 TSX
20130228 20141209 8.1212e-05 3.516e-10 TSX
20130311 20130801 -0.00012476 5.9816e-10 TSX
20130316 20130623 8.2089e-05 6.9238e-10 TSX
20130402 20150122 2.0324e-05 3.3728e-10 TSX
20130407 20140530 -8.2105e-06 3.9348e-10 TSX
20130421 20171016 2.4631e-05 4.1893e-10 TSX
20130424 20130721 -0.00041331 6.9783e-10 TSX
20130429 20130623 -4.9825e-05 7.8428e-10 TSX
20130505 20131028 -0.0014648 6.0769e-10 TSX
20130513 20151112 3.0041e-05 4.6742e-10 TSX
20130516 20131017 -6.6267e-05 6.2372e-10 TSX
20130521 20130715 0.00038562 7.8432e-10 TSX
20130524 20171129 1.5085e-05 3.9919e-10 TSX
20130527 20140627 1.5248e-05 3.9499e-10 TSX
20130601 20130930 0.00042748 6.5191e-10 TSX
20130604 20141217 0.00010309 4.2698e-10 TSX
20130607 20140719 -2.717e-05 3.9481e-10 TSX
20130612 20150105 9.2979e-06 3.5184e-10 TSX
20130615 20160106 2.5278e-05 5.1065e-10 TSX
20130618 20140708 -2.563e-05 3.9795e-10 TSX
20130623 20130715 0.00078657 8.7743e-10 TSX
20130629 20130914 0.00054755 7.3304e-10 TSX
20130707 20150130 3.091e-05 5.1158e-10 TSX
20130710 20140901 5.1665e-05 3.8882e-10 TSX
20130715 20130726 -0.0025271 1.0224e-09 TSX
20130721 20131108 0.0016444 6.8652e-10 TSX
20130726 20150517 5.6014e-05 3.5553e-10 TSX
20130729 20160904 -3.1669e-05 4.2148e-10 TSX
20130801 20151115 0.00013662 3.0549e-10 TSX
20130817 20140209 -8.2575e-05 5.6925e-10 TSX
20130828 20150312 0.00017126 3.5238e-10 TSX
20130903 20150329 -0.00010149 4.2906e-10 TSX
20130919 20160309 1.5506e-05 2.9495e-10 TSX
20130925 20140708 -0.0002074 5.0632e-10 TSX
20130930 20160411 -1.3286e-05 3.0821e-10 TSX
20131011 20150802 5.7424e-06 3.3893e-10 TSX
20131017 20140719 9.5194e-07 5.5467e-10 TSX
20131028 20160304 1.3784e-05 3.3884e-10 TSX
20131102 20140519 -0.00035821 5.4263e-10 TSX
20131108 20140708 -0.00022073 5.5591e-10 TSX
20140209 20160309 0.00011379 3.3228e-10 TSX
20140223 20140829 8.1678e-05 5.5706e-10 TSX
20140408 20140705 3.0671e-05 7.0262e-10 TSX
20140419 20170913 1.1537e-05 4.946e-10 TSX
20140511 20141228 9.3779e-05 5.3088e-10 TSX
20140519 20150824 0.00019735 3.7542e-10 TSX
20140624 20171005 -2.2954e-06 3.609e-10 TSX
20140627 20151115 7.0739e-05 3.5933e-10 TSX
20140705 20180911 8.075e-06 4.1724e-10 TSX
20140708 20160406 9.8529e-05 3.3074e-10 TSX
20140716 20171005 -6.018e-05 3.1123e-10 TSX
20140719 20151207 9.0234e-05 3.5392e-10 TSX
20140727 20150326 1.5799e-05 5.3512e-10 TSX
20140810 20150122 6.7442e-05 6.0815e-10 TSX
20140818 20160301 -2.1907e-05 3.8312e-10 TSX
20140829 20160208 8.2128e-06 4.9848e-10 TSX
20140901 20140912 -0.00031903 9.7809e-10 TSX
20140912 20141209 9.9515e-05 6.9782e-10 TSX
20140920 20170902 4.1404e-06 4.2571e-10 TSX
20141209 20160211 -8.5181e-05 3.8096e-10 TSX
20141217 20160722 -1.3744e-05 4.4365e-10 TSX
20141228 20160106 -1.983e-05 4.6369e-10 TSX
20141231 20151024 4.6631e-05 4.4004e-10 TSX
20150105 20150824 -0.00010915 5.1344e-10 TSX
20150108 20170811 -0.00010342 3.4727e-10 TSX
20150119 20160117 -2.8915e-05 4.4745e-10 TSX
20150127 20160411 4.0481e-05 4.0304e-10 TSX
20150130 20151112 3.1652e-06 5.1269e-10 TSX
20150210 20170114 0.00019778 3.774e-10 TSX
20150213 20160326 0.00022741 4.3249e-10 TSX
20150218 20160216 4.9196e-05 4.2055e-10 TSX
20150221 20180112 9.6206e-06 4.7127e-10 TSX
20150304 20180911 2.7696e-05 3.2756e-10 TSX
20150307 20160211 -8.9332e-06 4.182e-10 TSX
20150312 20160320 -0.00028262 4.1788e-10 TSX
20150326 20150827 -1.4598e-05 5.9773e-10 TSX
20150329 20151207 6.5216e-05 4.7174e-10 TSX
20150428 20160425 -3.8402e-05 4.2499e-10 TSX
20150509 20150827 3.4723e-05 6.6213e-10 TSX
20150517 20150824 2.2474e-05 6.9373e-10 TSX
20150520 20180911 -4.1387e-06 4.6497e-10 TSX
20150714 20170822 -3.1822e-05 4.5714e-10 TSX
20150725 20170924 3.1123e-06 4.9427e-10 TSX
20150802 20160309 -2.8483e-05 5.1934e-10 TSX
20150805 20160403 -6.5652e-05 5.0429e-10 TSX
20150816 20171107 -2.2685e-06 4.5165e-10 TSX
20150824 20150915 0.00079062 8.7732e-10 TSX
20150827 20170902 -2.984e-05 3.341e-10 TSX
20150915 20160216 -0.00014511 6.0105e-10 TSX
20151021 20160904 -9.8635e-05 5.5022e-10 TSX
20151101 20171016 -2.7136e-05 4.0256e-10 TSX
20151112 20160425 -8.6486e-05 5.7104e-10 TSX
20151115 20151229 0.00010457 7.9855e-10 TSX
20151123 20171221 -7.2595e-07 3.8559e-10 TSX
20151204 20151215 0.00016081 9.8885e-10 TSX
20151207 20160406 -0.00024742 6.3412e-10 TSX
20151215 20170822 1.1237e-05 4.9e-10 TSX
20151226 20161223 -3.2194e-05 4.0834e-10 TSX
20151229 20160211 -5.0702e-05 7.9855e-10 TSX
20160106 20161223 -7.1125e-06 4.3369e-10 TSX
20160117 20160926 -2.9401e-05 5.2425e-10 TSX
20160128 20160301 -0.00018371 8.295e-10 TSX
20160208 20160312 -0.00015179 8.295e-10 TSX
20160216 20160309 -0.00043092 8.7732e-10 TSX
20160219 20180319 -5.2903e-06 3.2786e-10 TSX
20160301 20161201 6.2536e-05 4.6066e-10 TSX
20160304 20160326 5.683e-05 8.6343e-10 TSX
20160312 20180319 1.0519e-05 3.612e-10 TSX
20160320 20160411 0.00038346 8.7733e-10 TSX
20160323 20171118 -2.708e-05 3.5447e-10 TSX
20160326 20160406 -0.00054717 9.7801e-10 TSX
20160403 20171027 4.9137e-06 4.5103e-10 TSX
20160425 20170811 -3.532e-05 3.7214e-10 TSX
20160528 20160630 2.1454e-05 8.295e-10 TSX
20160630 20171118 -4.3981e-06 4.0235e-10 TSX
20160722 20161201 0.00013592 6.2076e-10 TSX
20160904 20180707 2.5682e-05 3.3494e-10 TSX
20160915 20180911 -2.9074e-05 3.1213e-10 TSX
20160926 20170114 0.00010762 6.6476e-10 TSX
20161201 20171027 -3.3798e-05 4.7914e-10 TSX
20161223 20171107 -2.6113e-05 4.5248e-10 TSX
20170114 20170902 -8.0794e-05 5.519e-10 TSX
20170811 20171005 -3.8418e-07 7.7561e-10 TSX
20170822 20180707 1.6026e-05 4.3214e-10 TSX
20170913 20180707 -2.5383e-05 4.6621e-10 TSX
20170924 20180319 8.1298e-05 5.5675e-10 TSX
20171005 20171107 5.9129e-05 8.295e-10 TSX
20171016 20180319 0.00010539 5.8671e-10 TSX
20171027 20180911 -2.889e-05 4.3225e-10 TSX
20171107 20171118 9.1697e-05 9.8885e-10 TSX
20171118 20171129 5.3005e-05 9.8885e-10 TSX
20171129 20171221 -3.2005e-05 8.6699e-10 TSX
20171210 20180820 -3.6957e-05 4.7745e-10 TSX
20171221 20180911 -0.00012614 4.6854e-10 TSX
20180112 20181003 0.00013132 4.688e-10 TSX
20180319 20180707 -0.00016377 6.5933e-10 TSX
20180707 20180911 0.00011967 7.504e-10 TSX
20180729 20181003 1.2882e-05 7.5039e-10 TSX
20180820 20181003 0.00015109 8.0163e-10 TSX
20180911 20181003 -0.00014362 8.6699e-10 TSX
