20030427 20030914 -0.00044974 5.6645e-10 ERS2
20030914 20080629 -0.0001774 2.8e-10 ERS2
20050918 20090510 -5.0962e-05 3.0098e-10 ERS2
20051127 20081116 -0.00012275 3.0401e-10 ERS2
20060903 20090510 -1.189e-05 3.0756e-10 ERS2
20061231 20090105 8.123e-05 3.1354e-10 ALOS
20070402 20070703 -0.0001869 6.6848e-10 ALOS
20070518 20091008 0.00010095 2.9777e-10 ALOS
20070818 20071003 -0.00042057 7.796e-10 ALOS
20071217 20100509 -1.7876e-05 2.9959e-10 ALOS
20080103 20100526 -1.3507e-05 3.0471e-10 ALOS
20080404 20080520 4.2624e-05 7.7961e-10 ALOS
20080618 20090921 4.4909e-05 3.7283e-10 ALOS
20080629 20090510 -8.063e-05 4.1275e-10 ERS2
20080705 20091008 9.5818e-05 3.6588e-10 ALOS
20080803 20090823 -3.7931e-05 3.8366e-10 ERS2
20081116 20090823 -4.8538e-06 4.3363e-10 ERS2
20081219 20090921 0.00033214 4.4613e-10 ALOS
20090105 20090708 -0.00011002 5.2888e-10 ALOS
20090510 20091101 -0.00035077 5.2269e-10 ERS2
20090708 20091008 0.00070348 6.6843e-10 ALOS
20090823 20091101 -0.00027938 7.0095e-10 ERS2
20091222 20100624 0.00018062 5.2758e-10 ALOS
20100108 20100223 0.00044743 7.7999e-10 ALOS
20100223 20100526 0.00027068 6.6888e-10 ALOS
20100410 20100711 -0.00017156 6.683e-10 ALOS
20100509 20100624 0.00049488 7.7744e-10 ALOS
20100526 20100711 0.00032309 7.7958e-10 ALOS
20100624 20101109 0.00015967 5.8456e-10 ALOS
20100711 20101011 0.00034245 6.6846e-10 ALOS
20100809 20101109 -0.00012301 6.6542e-10 ALOS
20101011 20101126 4.1323e-05 7.7959e-10 ALOS
20110111 20110226 0.00060135 7.7957e-10 ALOS
20110924 20130715 0.0001565 3.2521e-10 TSX
20111005 20121229 -2.4566e-07 3.7614e-10 TSX
20111121 20171221 -2.5144e-05 2.5636e-10 TSX
20111221 20130131 5.6302e-05 3.8613e-10 TSX
20111224 20121027 -5.2626e-05 4.1975e-10 TSX
20120126 20140419 -9.7626e-05 2.9389e-10 TSX
20120203 20160320 -7.9306e-06 3.1556e-10 TSX
20120206 20171107 -1.578e-05 2.8214e-10 TSX
20120617 20171129 1.5897e-05 2.6636e-10 TSX
20120723 20160120 3.7325e-05 3.1486e-10 TSX
20121024 20130109 6.1243e-05 7.0454e-10 TSX
20121027 20151226 -7.8387e-05 2.7104e-10 TSX
20121030 20130311 -1.0915e-05 5.8523e-10 TSX
20121107 20171118 -2.5484e-05 2.921e-10 TSX
20121221 20160208 -8.0277e-05 2.7107e-10 TSX
20121224 20130516 1.7075e-05 5.6894e-10 TSX
20121229 20130407 1.0856e-05 6.5781e-10 TSX
20130104 20130217 2.8667e-05 7.7705e-10 TSX
20130109 20130715 0.00023987 5.2926e-10 TSX
20130112 20140511 -0.00012461 3.5479e-10 TSX
20130115 20130721 -4.6685e-05 5.1464e-10 TSX
20130126 20130823 -6.496e-05 5.0152e-10 TSX
20130131 20130429 -9.057e-06 6.8025e-10 TSX
20130203 20130729 -7.4416e-05 5.2316e-10 TSX
20130211 20130919 0.00011102 4.9617e-10 TSX
20130228 20141209 0.00014866 3.1899e-10 TSX
20130311 20130801 3.822e-05 5.6888e-10 TSX
20130316 20130623 4.7477e-05 6.5783e-10 TSX
20130402 20150122 0.00011641 3.257e-10 TSX
20130407 20140530 6.1415e-05 3.8062e-10 TSX
20130421 20171016 1.6744e-05 2.6935e-10 TSX
20130424 20130721 -7.3355e-05 6.658e-10 TSX
20130429 20130623 -2.2585e-05 7.5833e-10 TSX
20130505 20131028 -0.00041779 5.2632e-10 TSX
20130513 20151112 -4.9555e-05 2.8643e-10 TSX
20130516 20131017 -0.000122 5.553e-10 TSX
20130521 20130715 0.0004243 7.5837e-10 TSX
20130524 20171129 -2.1349e-05 2.6529e-10 TSX
20130527 20140627 0.00010714 3.8408e-10 TSX
20130601 20130930 0.00043467 6.1793e-10 TSX
20130604 20141217 -6.2755e-05 3.3811e-10 TSX
20130607 20140719 0.0001006 3.7922e-10 TSX
20130612 20150105 5.6517e-05 3.3995e-10 TSX
20130615 20160106 1.8268e-05 2.8051e-10 TSX
20130618 20140708 8.9302e-05 3.8826e-10 TSX
20130623 20130715 0.0007275 8.6644e-10 TSX
20130629 20130914 0.0003845 6.9062e-10 TSX
20130707 20150130 -9.1106e-05 3.378e-10 TSX
20130710 20140901 9.366e-05 3.7785e-10 TSX
20130715 20130726 -0.0024921 1.0152e-09 TSX
20130721 20131108 0.00065287 6.2235e-10 TSX
20130726 20150517 0.00011898 3.3232e-10 TSX
20130729 20160904 1.812e-05 2.6915e-10 TSX
20130801 20151115 0.00011363 3.3943e-10 TSX
20130817 20140209 -0.00014939 5.4116e-10 TSX
20130828 20150312 0.00010232 3.4181e-10 TSX
20130903 20150329 2.3364e-05 3.2454e-10 TSX
20130919 20160309 4.0686e-05 3.0558e-10 TSX
20130925 20140708 -9.7944e-06 4.3152e-10 TSX
20130930 20160411 4.1532e-06 3.3144e-10 TSX
20131011 20150802 6.245e-05 3.2281e-10 TSX
20131017 20140719 2.0023e-05 4.388e-10 TSX
20131028 20160304 8.8554e-06 3.1057e-10 TSX
20131102 20140519 -0.00010297 5.1725e-10 TSX
20131108 20140708 -1.6588e-05 4.6299e-10 TSX
20140209 20160309 0.00015057 3.278e-10 TSX
20140223 20140829 1.4965e-05 5.1118e-10 TSX
20140408 20140705 -6.3013e-05 6.6301e-10 TSX
20140419 20170913 7.6403e-06 2.6854e-10 TSX
20140511 20141228 -3.3892e-05 4.7008e-10 TSX
20140519 20150824 0.00010208 3.6644e-10 TSX
20140624 20171005 -4.2527e-05 2.7675e-10 TSX
20140627 20151115 4.8689e-05 3.5465e-10 TSX
20140705 20180911 -2.8553e-05 2.6773e-10 TSX
20140708 20160406 0.00011472 3.3861e-10 TSX
20140716 20171005 1.0302e-06 2.7825e-10 TSX
20140719 20151207 0.00010325 3.5012e-10 TSX
20140727 20150326 -0.00010877 4.6155e-10 TSX
20140810 20150122 3.9691e-05 5.3944e-10 TSX
20140818 20160301 -8.6819e-05 3.2663e-10 TSX
20140829 20160208 -6.8237e-05 3.3562e-10 TSX
20140901 20140912 -0.00028971 9.7135e-10 TSX
20140912 20141209 -7.0881e-06 6.658e-10 TSX
20140920 20170902 4.3014e-05 2.7548e-10 TSX
20141209 20160211 1.1156e-05 3.7646e-10 TSX
20141217 20160722 -5.8752e-05 3.2226e-10 TSX
20141228 20160106 -5.5665e-05 3.821e-10 TSX
20141231 20151024 0.00012537 4.2522e-10 TSX
20150105 20150824 3.8273e-05 4.8647e-10 TSX
20150108 20170811 -6.6302e-05 2.8397e-10 TSX
20150119 20160117 -2.724e-05 3.8727e-10 TSX
20150127 20160411 5.0627e-05 3.9804e-10 TSX
20150130 20151112 -1.0756e-05 4.2873e-10 TSX
20150210 20170114 -8.3029e-05 2.9998e-10 TSX
20150213 20160326 8.0131e-05 4.0906e-10 TSX
20150218 20160216 6.1475e-05 4.0506e-10 TSX
20150221 20180112 1.3434e-05 2.6886e-10 TSX
20150304 20180911 2.5198e-06 2.661e-10 TSX
20150307 20160211 7.3847e-05 4.0622e-10 TSX
20150312 20160320 -1.8736e-05 4.0386e-10 TSX
20150326 20150827 0.00011318 5.4992e-10 TSX
20150329 20151207 0.00010472 4.5542e-10 TSX
20150428 20160425 -2.6988e-05 3.8734e-10 TSX
20150509 20150827 8.5818e-05 6.1893e-10 TSX
20150517 20150824 7.7127e-05 6.5785e-10 TSX
20150520 20180911 -8.0404e-05 2.6849e-10 TSX
20150714 20170822 -6.0608e-05 2.9681e-10 TSX
20150725 20170924 -5.2901e-06 2.9262e-10 TSX
20150802 20160309 -8.1965e-05 4.9627e-10 TSX
20150805 20160403 -0.00013317 4.6165e-10 TSX
20150816 20171107 -5.5443e-05 2.891e-10 TSX
20150824 20150915 0.0006929 8.663e-10 TSX
20150827 20170902 -6.2878e-05 3.036e-10 TSX
20150915 20160216 -8.301e-05 5.6816e-10 TSX
20151021 20160904 -9.9881e-05 4.1355e-10 TSX
20151101 20171016 -6.8417e-05 3.0423e-10 TSX
20151112 20160425 -0.00011085 5.3618e-10 TSX
20151115 20151229 0.00018813 7.7705e-10 TSX
20151123 20171221 -7.98e-05 2.9982e-10 TSX
20151204 20151215 0.00017116 9.813e-10 TSX
20151207 20160406 -0.00013506 6.0291e-10 TSX
20151215 20170822 -4.8738e-05 3.1861e-10 TSX
20151226 20161223 -4.8663e-05 3.9386e-10 TSX
20151229 20160211 6.7415e-06 7.7705e-10 TSX
20160106 20161223 -3.7671e-05 3.9816e-10 TSX
20160117 20160926 -3.197e-06 4.5308e-10 TSX
20160128 20160301 -0.00017493 8.1055e-10 TSX
20160208 20160312 -5.5883e-05 8.1055e-10 TSX
20160216 20160309 -0.00039898 8.663e-10 TSX
20160219 20180319 -6.4596e-05 2.9803e-10 TSX
20160301 20161201 1.3558e-06 4.3886e-10 TSX
20160304 20160326 2.0089e-05 8.5252e-10 TSX
20160312 20180319 -0.00011134 3.0135e-10 TSX
20160320 20160411 0.00040404 8.6631e-10 TSX
20160323 20171118 -5.0414e-05 3.2272e-10 TSX
20160326 20160406 -0.00049146 9.7128e-10 TSX
20160403 20171027 2.838e-06 3.2777e-10 TSX
20160425 20170811 -6.5379e-06 3.5298e-10 TSX
20160528 20160630 7.4605e-05 8.1055e-10 TSX
20160630 20171118 -5.3192e-05 3.4245e-10 TSX
20160722 20161201 5.512e-05 5.8173e-10 TSX
20160904 20180707 -0.0001189 3.2228e-10 TSX
20160915 20180911 -0.00012124 3.0391e-10 TSX
20160926 20170114 -9.9936e-05 6.1885e-10 TSX
20161201 20171027 -4.5627e-05 4.0866e-10 TSX
20161223 20171107 -3.9348e-05 4.0916e-10 TSX
20170114 20170902 2.9406e-06 4.6925e-10 TSX
20170811 20171005 -7.0689e-05 7.4477e-10 TSX
20170822 20180707 -0.00021456 4.1425e-10 TSX
20170913 20180707 -0.00022909 4.2562e-10 TSX
20170924 20180319 -0.00023141 5.2326e-10 TSX
20171005 20171107 2.4956e-05 8.1055e-10 TSX
20171016 20180319 -0.00022875 5.5021e-10 TSX
20171027 20180911 -0.0001952 4.1427e-10 TSX
20171107 20171118 7.3491e-05 9.813e-10 TSX
20171118 20171129 5.6094e-05 9.813e-10 TSX
20171129 20171221 -2.7175e-07 8.5449e-10 TSX
20171210 20180820 -0.00017447 4.5377e-10 TSX
20171221 20180911 -0.00016359 4.4598e-10 TSX
20180112 20181003 -0.0001056 4.4585e-10 TSX
20180319 20180707 -7.8831e-05 6.1885e-10 TSX
20180707 20180911 0.00016159 7.1538e-10 TSX
20180729 20181003 0.0001041 7.1538e-10 TSX
20180820 20181003 0.00020719 7.7626e-10 TSX
20180911 20181003 -0.00014748 8.5449e-10 TSX
