20030427 20030914 8.8374e-05 5.937e-10 ERS2
20030914 20080629 8.8931e-05 2.6984e-10 ERS2
20050918 20090510 -2.0917e-05 3.0461e-10 ERS2
20051127 20081116 -0.00012269 3.0881e-10 ERS2
20060903 20090510 7.5123e-05 2.986e-10 ERS2
20061231 20090105 -5.1033e-06 3.1677e-10 ALOS
20070402 20070703 -1.2505e-05 7.0743e-10 ALOS
20070518 20091008 -2.9297e-05 3.2877e-10 ALOS
20070818 20071003 -0.00049841 8.0834e-10 ALOS
20071217 20100509 -5.2976e-05 3.0148e-10 ALOS
20080103 20100526 5.2738e-05 3.1966e-10 ALOS
20080404 20080520 -5.8668e-05 8.0814e-10 ALOS
20080618 20090921 -4.5576e-05 3.6953e-10 ALOS
20080629 20090510 -0.00087586 4.2924e-10 ERS2
20080705 20091008 0.00010932 3.6902e-10 ALOS
20080803 20090823 3.2332e-05 3.9057e-10 ERS2
20081116 20090823 0.00014511 4.4589e-10 ERS2
20081219 20090921 0.00021714 4.5892e-10 ALOS
20090105 20090708 2.1582e-05 5.5947e-10 ALOS
20090510 20091101 0.0010189 5.4403e-10 ERS2
20090708 20091008 0.00018979 7.0663e-10 ALOS
20090823 20091101 0.0011344 7.3048e-10 ERS2
20091222 20100624 0.0001713 5.5186e-10 ALOS
20100108 20100223 0.00035895 8.097e-10 ALOS
20100223 20100526 -0.00015399 7.0666e-10 ALOS
20100410 20100711 -5.6951e-05 7.0794e-10 ALOS
20100509 20100624 0.00058608 8.0578e-10 ALOS
20100526 20100711 0.00043038 8.084e-10 ALOS
20100624 20101109 -5.1623e-06 6.1521e-10 ALOS
20100711 20101011 -0.00027961 7.063e-10 ALOS
20100809 20101109 -1.7143e-05 7.0234e-10 ALOS
20101011 20101126 0.00030548 8.0832e-10 ALOS
20110111 20110226 0.00062215 8.0837e-10 ALOS
20110924 20130715 5.9511e-05 3.2261e-10 TSX
20111005 20121229 -2.9721e-05 3.784e-10 TSX
20111121 20171221 -1.2462e-05 3.2711e-10 TSX
20111221 20130131 1.0825e-05 3.9112e-10 TSX
20111224 20121027 -3.5958e-05 4.3154e-10 TSX
20120126 20140419 -3.6155e-05 3.7959e-10 TSX
20120203 20160320 7.4192e-05 3.4439e-10 TSX
20120206 20171107 6.7641e-06 3.0699e-10 TSX
20120617 20171129 6.1971e-06 2.8767e-10 TSX
20120723 20160120 2.3587e-05 3.6361e-10 TSX
20121024 20130109 3.0918e-05 7.4389e-10 TSX
20121027 20151226 -2.5672e-05 3.3e-10 TSX
20121030 20130311 0.00011963 6.1356e-10 TSX
20121107 20171118 2.3066e-05 3.6877e-10 TSX
20121221 20160208 8.9791e-06 3.6923e-10 TSX
20121224 20130516 -4.1558e-05 5.9549e-10 TSX
20121229 20130407 -9.1715e-05 6.9722e-10 TSX
20130104 20130217 0.00010419 8.0339e-10 TSX
20130109 20130715 0.00017418 5.8357e-10 TSX
20130112 20140511 -4.078e-05 3.7719e-10 TSX
20130115 20130721 -1.8418e-05 5.3403e-10 TSX
20130126 20130823 -0.00019798 5.3702e-10 TSX
20130131 20130429 0.00012142 7.1998e-10 TSX
20130203 20130729 -1.1651e-05 5.4616e-10 TSX
20130211 20130919 -3.9213e-05 5.1567e-10 TSX
20130228 20141209 1.6728e-05 3.3429e-10 TSX
20130311 20130801 -0.00010908 5.9543e-10 TSX
20130316 20130623 3.4886e-05 6.9725e-10 TSX
20130402 20150122 -0.0001379 3.5036e-10 TSX
20130407 20140530 0.00012758 3.8641e-10 TSX
20130421 20171016 5.7917e-06 3.6164e-10 TSX
20130424 20130721 -0.0001569 6.9976e-10 TSX
20130429 20130623 -0.0001181 7.9164e-10 TSX
20130505 20131028 5.1756e-05 5.8349e-10 TSX
20130513 20151112 3.9702e-06 3.5018e-10 TSX
20130516 20131017 -7.3689e-05 6.0414e-10 TSX
20130521 20130715 0.00019578 7.9158e-10 TSX
20130524 20171129 6.6133e-06 3.4477e-10 TSX
20130527 20140627 2.0768e-05 3.8556e-10 TSX
20130601 20130930 -4.2491e-05 6.547e-10 TSX
20130604 20141217 -1.6105e-05 3.5312e-10 TSX
20130607 20140719 -3.66e-05 3.8108e-10 TSX
20130612 20150105 2.6446e-05 3.4013e-10 TSX
20130615 20160106 -7.2323e-06 3.5274e-10 TSX
20130618 20140708 -2.8889e-05 3.9021e-10 TSX
20130623 20130715 0.000654 8.82e-10 TSX
20130629 20130914 0.00011576 7.382e-10 TSX
20130707 20150130 -3.4264e-05 3.5318e-10 TSX
20130710 20140901 -9.8618e-06 3.7691e-10 TSX
20130715 20130726 -0.0024271 1.0259e-09 TSX
20130721 20131108 0.00015921 7.1923e-10 TSX
20130726 20150517 7.0552e-05 3.2546e-10 TSX
20130729 20160904 2.4399e-06 3.2102e-10 TSX
20130801 20151115 -2.4425e-07 3.32e-10 TSX
20130817 20140209 -5.799e-05 5.6777e-10 TSX
20130828 20150312 -4.0284e-05 3.453e-10 TSX
20130903 20150329 0.00014343 3.7294e-10 TSX
20130919 20160309 2.1929e-05 3.351e-10 TSX
20130925 20140708 -0.00020879 5.3724e-10 TSX
20130930 20160411 4.8991e-05 3.8506e-10 TSX
20131011 20150802 3.6588e-05 3.4409e-10 TSX
20131017 20140719 -0.00016354 4.9938e-10 TSX
20131028 20160304 6.7781e-06 3.6824e-10 TSX
20131102 20140519 0.00023127 5.4011e-10 TSX
20131108 20140708 5.1311e-05 5.2863e-10 TSX
20140209 20160309 1.8602e-05 3.3079e-10 TSX
20140223 20140829 2.4148e-06 5.3259e-10 TSX
20140408 20140705 -1.8322e-05 6.9461e-10 TSX
20140419 20170913 -1.0806e-05 3.5738e-10 TSX
20140511 20141228 2.642e-05 4.8673e-10 TSX
20140519 20150824 -3.1086e-05 3.7343e-10 TSX
20140624 20171005 1.6436e-05 3.1307e-10 TSX
20140627 20151115 -3.9887e-05 3.5048e-10 TSX
20140705 20180911 4.9345e-06 3.1227e-10 TSX
20140708 20160406 9.7834e-06 3.695e-10 TSX
20140716 20171005 3.1629e-06 3.7966e-10 TSX
20140719 20151207 -6.7356e-06 3.6582e-10 TSX
20140727 20150326 -5.9922e-05 4.7722e-10 TSX
20140810 20150122 1.6883e-05 6.0357e-10 TSX
20140818 20160301 -9.4597e-06 3.5436e-10 TSX
20140829 20160208 -1.3549e-05 3.9176e-10 TSX
20140901 20140912 -0.00026763 9.8108e-10 TSX
20140912 20141209 -3.5963e-05 6.9976e-10 TSX
20140920 20170902 -1.1224e-05 4.2012e-10 TSX
20141209 20160211 -6.3612e-05 3.7395e-10 TSX
20141217 20160722 2.4742e-05 3.6445e-10 TSX
20141228 20160106 5.1126e-06 4.1351e-10 TSX
20141231 20151024 -6.0636e-05 4.4291e-10 TSX
20150105 20150824 1.2531e-05 5.07e-10 TSX
20150108 20170811 1.5695e-05 3.9836e-10 TSX
20150119 20160117 2.0965e-05 3.9843e-10 TSX
20150127 20160411 -3.0506e-05 4.1873e-10 TSX
20150130 20151112 4.7503e-05 4.4898e-10 TSX
20150210 20170114 7.1581e-06 4.2927e-10 TSX
20150213 20160326 -0.00044445 4.0088e-10 TSX
20150218 20160216 -1.9137e-05 4.1259e-10 TSX
20150221 20180112 1.6999e-05 6.0267e-10 TSX
20150304 20180911 -3.9232e-06 5.2538e-10 TSX
20150307 20160211 -8.1959e-05 4.1937e-10 TSX
20150312 20160320 2.4843e-05 4.0996e-10 TSX
20150326 20150827 7.9447e-05 5.8232e-10 TSX
20150329 20151207 -0.00010943 4.6975e-10 TSX
20150428 20160425 1.0831e-05 4.3695e-10 TSX
20150509 20150827 8.7957e-05 6.5748e-10 TSX
20150517 20150824 -0.00019785 7.0001e-10 TSX
20150520 20180911 3.818e-06 3.6936e-10 TSX
20150714 20170822 9.1929e-06 3.5897e-10 TSX
20150725 20170924 -1.652e-06 3.3634e-10 TSX
20150802 20160309 -6.9481e-05 5.1584e-10 TSX
20150805 20160403 4.8113e-05 4.8151e-10 TSX
20150816 20171107 -1.5324e-05 3.2791e-10 TSX
20150824 20150915 0.00059633 8.8193e-10 TSX
20150827 20170902 1.0347e-06 3.2914e-10 TSX
20150915 20160216 6.6524e-06 5.9868e-10 TSX
20151021 20160904 -4.3005e-05 4.3256e-10 TSX
20151101 20171016 -4.9429e-06 3.2721e-10 TSX
20151112 20160425 -4.311e-06 5.6277e-10 TSX
20151115 20151229 0.00014158 8.0339e-10 TSX
20151123 20171221 1.664e-05 3.2356e-10 TSX
20151204 20151215 0.00014635 9.9022e-10 TSX
20151207 20160406 -4.2331e-05 6.3302e-10 TSX
20151215 20170822 -3.0109e-06 4.1318e-10 TSX
20151226 20161223 3.9706e-05 4.0487e-10 TSX
20151229 20160211 -3.8949e-06 8.0339e-10 TSX
20160106 20161223 1.4334e-05 4.1065e-10 TSX
20160117 20160926 1.8734e-05 4.6905e-10 TSX
20160128 20160301 -0.00016785 8.2913e-10 TSX
20160208 20160312 -6.3837e-05 8.2913e-10 TSX
20160216 20160309 -0.00034576 8.8193e-10 TSX
20160219 20180319 7.5976e-06 3.2026e-10 TSX
20160301 20161201 6.2599e-05 4.5187e-10 TSX
20160304 20160326 1.2818e-05 8.672e-10 TSX
20160312 20180319 2.2789e-06 3.3276e-10 TSX
20160320 20160411 0.0003909 8.8193e-10 TSX
20160323 20171118 1.3237e-05 3.2639e-10 TSX
20160326 20160406 -0.00050006 9.8098e-10 TSX
20160403 20171027 4.1237e-05 3.8464e-10 TSX
20160425 20170811 6.2055e-05 3.6289e-10 TSX
20160528 20160630 2.7612e-07 8.2913e-10 TSX
20160630 20171118 3.7269e-05 3.4655e-10 TSX
20160722 20161201 2.3994e-05 6.1019e-10 TSX
20160904 20180707 -1.5769e-05 3.3668e-10 TSX
20160915 20180911 -1.6124e-05 3.1801e-10 TSX
20160926 20170114 -7.6244e-06 6.4947e-10 TSX
20161201 20171027 2.3374e-05 4.171e-10 TSX
20161223 20171107 -1.5334e-06 4.195e-10 TSX
20170114 20170902 4.4678e-05 4.8719e-10 TSX
20170811 20171005 -6.5667e-05 7.721e-10 TSX
20170822 20180707 -4.399e-05 4.2542e-10 TSX
20170913 20180707 -1.0658e-05 4.3858e-10 TSX
20170924 20180319 -0.00010356 5.4612e-10 TSX
20171005 20171107 6.6647e-05 8.2913e-10 TSX
20171016 20180319 -5.7364e-05 5.7599e-10 TSX
20171027 20180911 -1.2759e-05 4.2558e-10 TSX
20171107 20171118 7.9869e-05 9.9022e-10 TSX
20171118 20171129 4.1474e-05 9.9022e-10 TSX
20171129 20171221 -3.5085e-05 8.6772e-10 TSX
20171210 20180820 -7.7213e-05 4.6825e-10 TSX
20171221 20180911 -4.0974e-06 4.5974e-10 TSX
20180112 20181003 5.2508e-06 4.5974e-10 TSX
20180319 20180707 -6.2563e-05 6.4947e-10 TSX
20180707 20180911 0.00016616 7.4521e-10 TSX
20180729 20181003 4.5095e-06 7.4521e-10 TSX
20180820 20181003 0.0001097 7.9978e-10 TSX
20180911 20181003 -0.00015352 8.6772e-10 TSX
