20030427 20030914 0.00013851 6.4278e-10 ERS2
20030914 20080629 -0.00016838 3.6447e-10 ERS2
20050918 20090510 -2.5203e-05 3.7739e-10 ERS2
20051127 20081116 -7.0777e-05 3.7265e-10 ERS2
20060903 20090510 6.8614e-05 3.8738e-10 ERS2
20061231 20090105 -0.00012859 3.2291e-10 ALOS
20070402 20070703 -0.00016402 7.2355e-10 ALOS
20070518 20091008 -6.8655e-05 3.0823e-10 ALOS
20070818 20071003 -0.00036028 8.1022e-10 ALOS
20071217 20100509 -9.3912e-05 3.0313e-10 ALOS
20080103 20100526 6.2402e-05 3.037e-10 ALOS
20080404 20080520 2.3284e-05 8.1022e-10 ALOS
20080618 20090921 -0.00027575 4.0078e-10 ALOS
20080629 20090510 -0.00040117 4.9257e-10 ERS2
20080705 20091008 -0.00010996 3.9377e-10 ALOS
20080803 20090823 -4.3743e-05 4.6018e-10 ERS2
20081116 20090823 2.7962e-05 5.1081e-10 ERS2
20081219 20090921 0.00052358 4.9531e-10 ALOS
20090105 20090708 0.00027206 5.8926e-10 ALOS
20090510 20091101 -0.00033277 6.0358e-10 ERS2
20090708 20091008 0.00052075 7.2403e-10 ALOS
20090823 20091101 -8.0934e-05 7.5729e-10 ERS2
20091222 20100624 0.00030726 5.8637e-10 ALOS
20100108 20100223 0.00041774 8.1021e-10 ALOS
20100223 20100526 -0.00013817 7.2354e-10 ALOS
20100410 20100711 -0.00015801 7.2387e-10 ALOS
20100509 20100624 0.000848 8.0826e-10 ALOS
20100526 20100711 0.00055735 8.1024e-10 ALOS
20100624 20101109 -7.7014e-06 6.4639e-10 ALOS
20100711 20101011 -3.0443e-05 7.2356e-10 ALOS
20100809 20101109 -0.00012159 7.2057e-10 ALOS
20101011 20101126 0.00026031 8.1024e-10 ALOS
20110111 20110226 0.00076396 8.1022e-10 ALOS
20110924 20130715 0.000201 3.3769e-10 TSX
20111005 20121229 -6.5999e-08 3.9994e-10 TSX
20111121 20171221 -1.1604e-05 3.6682e-10 TSX
20111221 20130131 2.8164e-05 4.2177e-10 TSX
20111224 20121027 -3.0095e-05 5.0792e-10 TSX
20120126 20140419 -1.3297e-05 3.749e-10 TSX
20120203 20160320 -2.4607e-05 2.4115e-10 TSX
20120206 20171107 -1.2854e-05 3.9864e-10 TSX
20120617 20171129 -2.0523e-06 3.2606e-10 TSX
20120723 20160120 0.00013611 2.6566e-10 TSX
20121024 20130109 0.00020536 7.5419e-10 TSX
20121027 20151226 -2.7681e-06 3.6606e-10 TSX
20121030 20130311 8.0065e-05 6.4577e-10 TSX
20121107 20171118 -1.6214e-05 3.6425e-10 TSX
20121221 20160208 -1.0624e-06 3.7935e-10 TSX
20121224 20130516 -0.00028957 6.2952e-10 TSX
20121229 20130407 2.896e-05 7.1574e-10 TSX
20130104 20130217 4.0567e-05 8.072e-10 TSX
20130109 20130715 0.0001998 5.9201e-10 TSX
20130112 20140511 -5.0294e-06 4.4146e-10 TSX
20130115 20130721 -0.00029995 5.7189e-10 TSX
20130126 20130823 -0.00013024 5.651e-10 TSX
20130131 20130429 -0.00012691 7.3461e-10 TSX
20130203 20130729 -4.7024e-05 6.0829e-10 TSX
20130211 20130919 4.0116e-05 5.555e-10 TSX
20130228 20141209 4.294e-05 3.2907e-10 TSX
20130311 20130801 -0.0001058 6.2947e-10 TSX
20130316 20130623 3.4775e-05 7.1575e-10 TSX
20130402 20150122 0.00034477 4.1761e-10 TSX
20130407 20140530 -0.00010236 4.1586e-10 TSX
20130421 20171016 -1.1449e-05 3.8307e-10 TSX
20130424 20130721 -0.00038918 7.1982e-10 TSX
20130429 20130623 -0.0001105 7.9525e-10 TSX
20130505 20131028 -0.0010509 6.896e-10 TSX
20130513 20151112 1.1966e-05 3.9694e-10 TSX
20130516 20131017 -0.00017546 6.3595e-10 TSX
20130521 20130715 0.00029742 7.9528e-10 TSX
20130524 20171129 1.3659e-05 3.4959e-10 TSX
20130527 20140627 -9.8646e-06 4.169e-10 TSX
20130601 20130930 0.00039516 6.8026e-10 TSX
20130604 20141217 3.2347e-05 4.4249e-10 TSX
20130607 20140719 2.5417e-05 4.1208e-10 TSX
20130612 20150105 -1.407e-05 3.5864e-10 TSX
20130615 20160106 4.6828e-06 3.7647e-10 TSX
20130618 20140708 -5.1623e-05 4.2251e-10 TSX
20130623 20130715 0.00074582 8.7991e-10 TSX
20130629 20130914 0.00047221 7.5687e-10 TSX
20130707 20150130 1.5909e-05 4.2632e-10 TSX
20130710 20140901 1.1355e-05 4.0757e-10 TSX
20130715 20130726 -0.0025475 1.0234e-09 TSX
20130721 20131108 0.0010935 7.0451e-10 TSX
20130726 20150517 0.00024195 3.3672e-10 TSX
20130729 20160904 -1.4867e-05 3.7955e-10 TSX
20130801 20151115 3.0971e-05 3.0097e-10 TSX
20130817 20140209 -3.575e-05 6.0454e-10 TSX
20130828 20150312 0.00015287 3.6186e-10 TSX
20130903 20150329 -0.00011729 4.6875e-10 TSX
20130919 20160309 6.1055e-05 2.8176e-10 TSX
20130925 20140708 -0.00017069 5.6315e-10 TSX
20130930 20160411 -5.5912e-06 2.8042e-10 TSX
20131011 20150802 8.7323e-05 3.3892e-10 TSX
20131017 20140719 -2.875e-05 4.9882e-10 TSX
20131028 20160304 -0.00013729 3.0727e-10 TSX
20131102 20140519 -0.00025923 5.7891e-10 TSX
20131108 20140708 -0.00016874 5.8588e-10 TSX
20140209 20160309 8.0387e-05 3.1824e-10 TSX
20140223 20140829 4.3323e-07 5.9784e-10 TSX
20140408 20140705 5.3932e-06 7.3139e-10 TSX
20140419 20170913 -6.5402e-06 3.7048e-10 TSX
20140511 20141228 6.6903e-05 5.5811e-10 TSX
20140519 20150824 0.0001392 3.9876e-10 TSX
20140624 20171005 -5.3144e-06 3.6291e-10 TSX
20140627 20151115 -2.6698e-05 3.7274e-10 TSX
20140705 20180911 -3.1128e-05 3.813e-10 TSX
20140708 20160406 8.1527e-05 3.3899e-10 TSX
20140716 20171005 -2.4095e-05 3.6735e-10 TSX
20140719 20151207 3.1594e-05 3.6409e-10 TSX
20140727 20150326 3.3445e-05 5.4994e-10 TSX
20140810 20150122 -1.2223e-05 6.0173e-10 TSX
20140818 20160301 -1.975e-06 4.1437e-10 TSX
20140829 20160208 -5.1293e-06 4.2799e-10 TSX
20140901 20140912 -0.00030743 9.7886e-10 TSX
20140912 20141209 2.6615e-05 7.1981e-10 TSX
20140920 20170902 -2.2459e-05 3.7229e-10 TSX
20141209 20160211 -1.1378e-05 3.9698e-10 TSX
20141217 20160722 -2.5365e-05 4.141e-10 TSX
20141228 20160106 -1.1085e-05 4.6359e-10 TSX
20141231 20151024 5.5566e-05 4.6889e-10 TSX
20150105 20150824 -6.2783e-05 5.4523e-10 TSX
20150108 20170811 -3.7771e-05 3.7109e-10 TSX
20150119 20160117 -1.2075e-05 4.6904e-10 TSX
20150127 20160411 0.0001316 4.0502e-10 TSX
20150130 20151112 -2.7824e-05 5.1102e-10 TSX
20150210 20170114 -4.2674e-06 4.3339e-10 TSX
20150213 20160326 0.00047226 4.6322e-10 TSX
20150218 20160216 5.1784e-05 4.4424e-10 TSX
20150221 20180112 -3.1394e-05 5.7909e-10 TSX
20150304 20180911 -1.1933e-05 3.95e-10 TSX
20150307 20160211 3.3516e-05 4.4022e-10 TSX
20150312 20160320 -0.0001876 4.3804e-10 TSX
20150326 20150827 -4.8223e-05 6.3282e-10 TSX
20150329 20151207 -2.4149e-05 5.048e-10 TSX
20150428 20160425 1.6252e-06 4.8189e-10 TSX
20150509 20150827 -4.7546e-05 6.951e-10 TSX
20150517 20150824 -9.2016e-05 7.1591e-10 TSX
20150520 20180911 -4.2849e-05 4.0566e-10 TSX
20150714 20170822 -3.3667e-05 4.1275e-10 TSX
20150725 20170924 -2.7078e-05 3.9394e-10 TSX
20150802 20160309 -0.00023739 5.559e-10 TSX
20150805 20160403 -9.972e-06 5.4874e-10 TSX
20150816 20171107 -2.4372e-05 3.7665e-10 TSX
20150824 20150915 0.00075676 8.798e-10 TSX
20150827 20170902 -2.7464e-05 3.9343e-10 TSX
20150915 20160216 -0.00016237 6.3381e-10 TSX
20151021 20160904 -7.7618e-05 5.0795e-10 TSX
20151101 20171016 -2.5571e-05 4.0586e-10 TSX
20151112 20160425 -2.023e-05 6.2049e-10 TSX
20151115 20151229 0.00020133 8.072e-10 TSX
20151123 20171221 -3.3847e-05 4.0747e-10 TSX
20151204 20151215 0.00015208 9.9055e-10 TSX
20151207 20160406 -0.00011153 6.6291e-10 TSX
20151215 20170822 -1.78e-05 4.3089e-10 TSX
20151226 20161223 -2.4015e-05 4.8144e-10 TSX
20151229 20160211 -1.3867e-05 8.072e-10 TSX
20160106 20161223 1.1664e-05 4.8604e-10 TSX
20160117 20160926 -1.6004e-05 5.5227e-10 TSX
20160128 20160301 -0.00014034 8.3682e-10 TSX
20160208 20160312 -0.00011932 8.3682e-10 TSX
20160216 20160309 -0.00042315 8.798e-10 TSX
20160219 20180319 -3.2463e-05 3.7805e-10 TSX
20160301 20161201 1.8279e-05 5.2702e-10 TSX
20160304 20160326 5.1093e-05 8.6604e-10 TSX
20160312 20180319 -2.1366e-05 3.7907e-10 TSX
20160320 20160411 0.00041732 8.7981e-10 TSX
20160323 20171118 -2.744e-05 3.9683e-10 TSX
20160326 20160406 -0.00056026 9.7879e-10 TSX
20160403 20171027 -2.3341e-05 4.0542e-10 TSX
20160425 20170811 -2.2318e-05 4.2545e-10 TSX
20160528 20160630 -9.0087e-06 8.3682e-10 TSX
20160630 20171118 9.5688e-06 4.2757e-10 TSX
20160722 20161201 0.0001008 6.6272e-10 TSX
20160904 20180707 1.3926e-05 4.1027e-10 TSX
20160915 20180911 -1.5531e-05 3.8114e-10 TSX
20160926 20170114 8.9245e-05 6.9526e-10 TSX
20161201 20171027 -3.1432e-05 4.9384e-10 TSX
20161223 20171107 -2.2592e-05 4.944e-10 TSX
20170114 20170902 -6.4326e-05 5.6535e-10 TSX
20170811 20171005 -2.0716e-05 7.9147e-10 TSX
20170822 20180707 1.9341e-05 5.0227e-10 TSX
20170913 20180707 -2.0124e-05 5.1334e-10 TSX
20170924 20180319 5.1881e-05 6.086e-10 TSX
20171005 20171107 5.6009e-05 8.3682e-10 TSX
20171016 20180319 6.8799e-05 6.3387e-10 TSX
20171027 20180911 5.9209e-06 5.0226e-10 TSX
20171107 20171118 7.8397e-05 9.9055e-10 TSX
20171118 20171129 5.4772e-05 9.9055e-10 TSX
20171129 20171221 -1.201e-05 8.7094e-10 TSX
20171210 20180820 1.3195e-05 5.4207e-10 TSX
20171221 20180911 -3.0325e-05 5.3392e-10 TSX
20180112 20181003 0.00011257 5.3382e-10 TSX
20180319 20180707 -6.6553e-05 6.9527e-10 TSX
20180707 20180911 0.00017177 7.7074e-10 TSX
20180729 20181003 -8.9568e-06 7.7074e-10 TSX
20180820 20181003 0.00010744 8.1304e-10 TSX
20180911 20181003 -0.00019176 8.7094e-10 TSX
