20030427 20030914 0.00027168 5.6886e-10 ERS2
20030914 20080629 -5.0406e-05 2.7438e-10 ERS2
20050918 20090510 1.0172e-05 2.9967e-10 ERS2
20051127 20081116 -5.1059e-05 2.9922e-10 ERS2
20060903 20090510 -8.4404e-06 3.089e-10 ERS2
20061231 20090105 -3.6097e-06 3.1286e-10 ALOS
20070402 20070703 -0.00010143 6.686e-10 ALOS
20070518 20091008 -3.3481e-05 2.9753e-10 ALOS
20070818 20071003 -0.00047431 7.7936e-10 ALOS
20071217 20100509 -9.1312e-05 3.0031e-10 ALOS
20080103 20100526 -9.7517e-05 2.9683e-10 ALOS
20080404 20080520 3.3037e-05 7.7936e-10 ALOS
20080618 20090921 -5.5791e-05 3.7301e-10 ALOS
20080629 20090510 -0.00022676 4.1224e-10 ERS2
20080705 20091008 -0.00016756 3.6492e-10 ALOS
20080803 20090823 3.0652e-05 3.8411e-10 ERS2
20081116 20090823 -2.6783e-05 4.3214e-10 ERS2
20081219 20090921 2.3254e-05 4.462e-10 ALOS
20090105 20090708 4.4735e-05 5.2889e-10 ALOS
20090510 20091101 0.00064939 5.2176e-10 ERS2
20090708 20091008 6.9804e-05 6.686e-10 ALOS
20090823 20091101 0.00021088 7.0224e-10 ERS2
20091222 20100624 4.0681e-05 5.2591e-10 ALOS
20100108 20100223 -0.00023576 7.7958e-10 ALOS
20100223 20100526 5.3104e-05 6.6869e-10 ALOS
20100410 20100711 -0.00018285 6.6861e-10 ALOS
20100509 20100624 0.00079544 7.7708e-10 ALOS
20100526 20100711 0.00035482 7.7937e-10 ALOS
20100624 20101109 -0.00023868 5.8493e-10 ALOS
20100711 20101011 -0.0003664 6.6863e-10 ALOS
20100809 20101109 -0.00013866 6.6561e-10 ALOS
20101011 20101126 0.00026505 7.7937e-10 ALOS
20110111 20110226 0.0005466 7.7936e-10 ALOS
20110924 20130715 3.6035e-05 3.2275e-10 TSX
20111005 20121229 8.6947e-06 3.6862e-10 TSX
20111121 20171221 -1.7572e-06 2.6714e-10 TSX
20111221 20130131 3.6144e-05 3.854e-10 TSX
20111224 20121027 -8.6109e-06 4.199e-10 TSX
20120126 20140419 1.0881e-05 2.928e-10 TSX
20120203 20160320 -1.4076e-05 2.4246e-10 TSX
20120206 20171107 1.7643e-06 2.6478e-10 TSX
20120617 20171129 -7.7856e-06 2.7528e-10 TSX
20120723 20160120 4.3715e-05 2.605e-10 TSX
20121024 20130109 0.00016759 7.0507e-10 TSX
20121027 20151226 -8.735e-06 2.7019e-10 TSX
20121030 20130311 1.8385e-05 5.8517e-10 TSX
20121107 20171118 2.6943e-06 2.8364e-10 TSX
20121221 20160208 2.2896e-06 2.7081e-10 TSX
20121224 20130516 -9.4416e-05 5.689e-10 TSX
20121229 20130407 3.8814e-05 6.5861e-10 TSX
20130104 20130217 -3.991e-05 7.764e-10 TSX
20130109 20130715 -7.7513e-06 5.2956e-10 TSX
20130112 20140511 6.9779e-06 3.5566e-10 TSX
20130115 20130721 -0.00015869 5.142e-10 TSX
20130126 20130823 -0.00023579 4.9405e-10 TSX
20130131 20130429 -5.1742e-05 6.8094e-10 TSX
20130203 20130729 -3.0899e-05 5.2389e-10 TSX
20130211 20130919 -7.1241e-05 4.9644e-10 TSX
20130228 20141209 1.1666e-05 3.1241e-10 TSX
20130311 20130801 -7.7214e-05 5.6886e-10 TSX
20130316 20130623 5.065e-05 6.5862e-10 TSX
20130402 20150122 8.3513e-05 3.135e-10 TSX
20130407 20140530 -2.4049e-05 3.8092e-10 TSX
20130421 20171016 -5.3123e-07 2.7886e-10 TSX
20130424 20130721 -0.0002774 6.6545e-10 TSX
20130429 20130623 -0.00010205 7.5847e-10 TSX
20130505 20131028 -0.00065355 5.3375e-10 TSX
20130513 20151112 -2.2733e-05 2.8139e-10 TSX
20130516 20131017 -0.00026847 5.5956e-10 TSX
20130521 20130715 0.00014022 7.5849e-10 TSX
20130524 20171129 3.8147e-06 2.7225e-10 TSX
20130527 20140627 -2.1928e-05 3.8337e-10 TSX
20130601 20130930 -4.4331e-06 6.1881e-10 TSX
20130604 20141217 -6.1182e-06 3.4008e-10 TSX
20130607 20140719 -1.3883e-05 3.8011e-10 TSX
20130612 20150105 2.0432e-06 3.3747e-10 TSX
20130615 20160106 3.4653e-06 2.7921e-10 TSX
20130618 20140708 -4.9312e-05 3.8771e-10 TSX
20130623 20130715 0.00057283 8.6639e-10 TSX
20130629 20130914 0.00025673 6.9021e-10 TSX
20130707 20150130 2.1915e-07 3.3923e-10 TSX
20130710 20140901 -1.5761e-05 3.7695e-10 TSX
20130715 20130726 -0.0025341 1.0153e-09 TSX
20130721 20131108 0.00078171 6.2341e-10 TSX
20130726 20150517 0.00020934 3.2116e-10 TSX
20130729 20160904 2.3299e-05 2.7134e-10 TSX
20130801 20151115 2.0914e-05 2.8595e-10 TSX
20130817 20140209 5.4838e-05 5.4182e-10 TSX
20130828 20150312 -1.6182e-05 3.399e-10 TSX
20130903 20150329 -0.00011588 3.2534e-10 TSX
20130919 20160309 3.1424e-05 2.748e-10 TSX
20130925 20140708 1.6251e-05 4.314e-10 TSX
20130930 20160411 1.8795e-05 2.729e-10 TSX
20131011 20150802 -1.086e-05 3.1946e-10 TSX
20131017 20140719 -2.7538e-05 4.3882e-10 TSX
20131028 20160304 3.151e-05 3.6374e-10 TSX
20131102 20140519 -0.00016125 5.1775e-10 TSX
20131108 20140708 4.0247e-06 4.6299e-10 TSX
20140209 20160309 -2.6726e-05 3.0491e-10 TSX
20140223 20140829 -1.6621e-06 5.1174e-10 TSX
20140408 20140705 5.3185e-06 6.6491e-10 TSX
20140419 20170913 2.1528e-05 2.689e-10 TSX
20140511 20141228 -4.2764e-06 4.7052e-10 TSX
20140519 20150824 8.2361e-05 3.6464e-10 TSX
20140624 20171005 -2.3086e-06 2.6717e-10 TSX
20140627 20151115 -5.3385e-06 3.3963e-10 TSX
20140705 20180911 -3.8374e-06 2.6558e-10 TSX
20140708 20160406 3.5243e-05 3.1157e-10 TSX
20140716 20171005 1.6832e-05 2.6792e-10 TSX
20140719 20151207 1.3322e-06 3.3973e-10 TSX
20140727 20150326 6.9393e-06 4.6201e-10 TSX
20140810 20150122 4.4951e-05 5.395e-10 TSX
20140818 20160301 5.2203e-06 3.256e-10 TSX
20140829 20160208 8.1614e-06 3.3178e-10 TSX
20140901 20140912 -0.00031762 9.7108e-10 TSX
20140912 20141209 0.00014667 6.6544e-10 TSX
20140920 20170902 3.1066e-06 2.7096e-10 TSX
20141209 20160211 -2.8339e-05 3.6348e-10 TSX
20141217 20160722 8.6899e-06 3.1989e-10 TSX
20141228 20160106 2.0886e-05 3.8222e-10 TSX
20141231 20151024 -1.248e-05 4.2504e-10 TSX
20150105 20150824 -4.2519e-05 4.8654e-10 TSX
20150108 20170811 3.2774e-07 2.77e-10 TSX
20150119 20160117 1.9959e-05 3.873e-10 TSX
20150127 20160411 5.5238e-05 3.7083e-10 TSX
20150130 20151112 -3.34e-05 4.2875e-10 TSX
20150210 20170114 1.9583e-05 3.0898e-10 TSX
20150213 20160326 -7.5188e-05 3.8986e-10 TSX
20150218 20160216 3.7297e-05 4.0264e-10 TSX
20150221 20180112 1.4645e-05 2.7058e-10 TSX
20150304 20180911 8.6594e-06 2.7284e-10 TSX
20150307 20160211 -3.4268e-06 4.0078e-10 TSX
20150312 20160320 1.7332e-05 3.9768e-10 TSX
20150326 20150827 -4.2154e-05 5.508e-10 TSX
20150329 20151207 -1.335e-05 4.5494e-10 TSX
20150428 20160425 1.4754e-05 3.8746e-10 TSX
20150509 20150827 -0.00010119 6.2032e-10 TSX
20150517 20150824 -0.00023247 6.5862e-10 TSX
20150520 20180911 6.3149e-06 2.879e-10 TSX
20150714 20170822 -1.4759e-05 2.9376e-10 TSX
20150725 20170924 -1.6528e-05 2.9153e-10 TSX
20150802 20160309 4.2937e-05 4.9641e-10 TSX
20150805 20160403 -5.6602e-05 4.6159e-10 TSX
20150816 20171107 -7.5913e-06 2.9125e-10 TSX
20150824 20150915 0.00066519 8.6629e-10 TSX
20150827 20170902 4.0011e-06 2.9646e-10 TSX
20150915 20160216 -2.3493e-05 5.6933e-10 TSX
20151021 20160904 2.5697e-05 4.128e-10 TSX
20151101 20171016 -6.8198e-06 3.0052e-10 TSX
20151112 20160425 6.2089e-05 5.3703e-10 TSX
20151115 20151229 0.0001904 7.764e-10 TSX
20151123 20171221 1.6398e-05 2.9542e-10 TSX
20151204 20151215 0.0001169 9.8321e-10 TSX
20151207 20160406 -1.8527e-05 6.028e-10 TSX
20151215 20170822 2.359e-05 3.142e-10 TSX
20151226 20161223 -2.4084e-06 3.943e-10 TSX
20151229 20160211 -1.0142e-05 7.764e-10 TSX
20160106 20161223 -5.0444e-06 3.9858e-10 TSX
20160117 20160926 -1.2577e-05 4.5342e-10 TSX
20160128 20160301 -0.00015548 8.1267e-10 TSX
20160208 20160312 -9.6225e-05 8.1267e-10 TSX
20160216 20160309 -0.00044033 8.6629e-10 TSX
20160219 20180319 4.7137e-06 2.9863e-10 TSX
20160301 20161201 1.8722e-05 4.3908e-10 TSX
20160304 20160326 7.3814e-05 8.5207e-10 TSX
20160312 20180319 -8.4383e-06 2.9935e-10 TSX
20160320 20160411 0.00041525 8.663e-10 TSX
20160323 20171118 -4.9914e-06 3.1868e-10 TSX
20160326 20160406 -0.00057485 9.71e-10 TSX
20160403 20171027 -1.3e-05 3.2339e-10 TSX
20160425 20170811 -1.4243e-05 3.465e-10 TSX
20160528 20160630 -4.312e-05 8.1267e-10 TSX
20160630 20171118 -2.1685e-06 3.3999e-10 TSX
20160722 20161201 6.0743e-05 5.8293e-10 TSX
20160904 20180707 -5.6689e-06 3.2471e-10 TSX
20160915 20180911 -3.4071e-06 3.0199e-10 TSX
20160926 20170114 8.6126e-05 6.2038e-10 TSX
20161201 20171027 -2.4691e-05 4.0729e-10 TSX
20161223 20171107 -3.5585e-06 4.0897e-10 TSX
20170114 20170902 -5.8621e-05 4.6937e-10 TSX
20170811 20171005 -3.6063e-05 7.4701e-10 TSX
20170822 20180707 2.9417e-05 4.1418e-10 TSX
20170913 20180707 1.2105e-05 4.2551e-10 TSX
20170924 20180319 5.2831e-05 5.2398e-10 TSX
20171005 20171107 3.0359e-05 8.1267e-10 TSX
20171016 20180319 3.8054e-05 5.5121e-10 TSX
20171027 20180911 3.8624e-05 4.1429e-10 TSX
20171107 20171118 6.6338e-05 9.8321e-10 TSX
20171118 20171129 5.2229e-05 9.8321e-10 TSX
20171129 20171221 -2.9184e-05 8.5648e-10 TSX
20171210 20180820 3.5409e-05 4.5384e-10 TSX
20171221 20180911 6.4121e-05 4.4616e-10 TSX
20180112 20181003 4.6714e-05 4.4613e-10 TSX
20180319 20180707 1.9469e-06 6.2039e-10 TSX
20180707 20180911 0.00011999 7.1756e-10 TSX
20180729 20181003 -6.1609e-05 7.1756e-10 TSX
20180820 20181003 9.759e-05 7.7847e-10 TSX
20180911 20181003 -0.00016222 8.5649e-10 TSX
