20030427 20030914 0.00024011 5.6521e-10 ERS2
20030914 20080629 5.9179e-05 2.7911e-10 ERS2
20050918 20090510 3.4186e-05 3.089e-10 ERS2
20051127 20081116 0.00019968 3.037e-10 ERS2
20060903 20090510 2.2347e-05 3.3374e-10 ERS2
20061231 20090105 -4.2594e-06 3.217e-10 ALOS
20070402 20070703 0.00013461 6.666e-10 ALOS
20070518 20091008 -0.00013531 3.0529e-10 ALOS
20070818 20071003 -0.00027555 7.767e-10 ALOS
20071217 20100509 4.0299e-05 3.0312e-10 ALOS
20080103 20100526 -3.4297e-05 3.2083e-10 ALOS
20080404 20080520 7.6967e-05 7.7679e-10 ALOS
20080618 20090921 -0.00024077 3.7264e-10 ALOS
20080629 20090510 -0.00014902 4.199e-10 ERS2
20080705 20091008 -5.8106e-05 3.6498e-10 ALOS
20080803 20090823 -2.3007e-05 3.8344e-10 ERS2
20081116 20090823 5.1458e-05 4.3451e-10 ERS2
20081219 20090921 1.8248e-05 4.4827e-10 ALOS
20090105 20090708 0.0001876 5.2792e-10 ALOS
20090510 20091101 0.00092042 5.2017e-10 ERS2
20090708 20091008 0.00013379 6.6663e-10 ALOS
20090823 20091101 -0.00019026 6.9876e-10 ERS2
20091222 20100624 0.00012758 5.2669e-10 ALOS
20100108 20100223 0.00052237 7.7679e-10 ALOS
20100223 20100526 0.00010506 6.6675e-10 ALOS
20100410 20100711 -0.00017013 6.6658e-10 ALOS
20100509 20100624 0.00057991 7.7461e-10 ALOS
20100526 20100711 0.00025522 7.768e-10 ALOS
20100624 20101109 2.5446e-05 5.841e-10 ALOS
20100711 20101011 0.00030578 6.666e-10 ALOS
20100809 20101109 -4.6063e-05 6.6381e-10 ALOS
20101011 20101126 7.1921e-05 7.7679e-10 ALOS
20110111 20110226 0.00050459 7.7672e-10 ALOS
20110924 20130715 -5.8863e-05 3.7281e-10 TSX
20111005 20121229 -0.00018482 4.0371e-10 TSX
20111121 20171221 1.0362e-05 4.5211e-10 TSX
20111221 20130131 -3.0872e-05 4.2351e-10 TSX
20111224 20121027 2.7272e-05 4.6024e-10 TSX
20120126 20140419 -8.4849e-06 4.9599e-10 TSX
20120203 20160320 -3.9968e-05 3.507e-10 TSX
20120206 20171107 -7.0236e-05 3.9146e-10 TSX
20120617 20171129 8.0516e-07 4.9209e-10 TSX
20120723 20160120 3.0179e-06 3.9612e-10 TSX
20121024 20130109 0.00016189 7.0269e-10 TSX
20121027 20151226 5.9965e-06 5.011e-10 TSX
20121030 20130311 3.9385e-05 5.8876e-10 TSX
20121107 20171118 2.8956e-05 4.1769e-10 TSX
20121221 20160208 5.4791e-05 4.1404e-10 TSX
20121224 20130516 -0.00013896 5.6913e-10 TSX
20121229 20130407 -0.00010031 6.5734e-10 TSX
20130104 20130217 -3.4725e-05 7.7438e-10 TSX
20130109 20130715 5.8166e-05 5.725e-10 TSX
20130112 20140511 4.3144e-05 4.1887e-10 TSX
20130115 20130721 -0.00033402 5.3275e-10 TSX
20130126 20130823 -0.0002923 5.1029e-10 TSX
20130131 20130429 -0.00013195 6.7821e-10 TSX
20130203 20130729 -0.00013033 5.5375e-10 TSX
20130211 20130919 2.977e-07 5.4103e-10 TSX
20130228 20141209 4.2743e-05 4.1988e-10 TSX
20130311 20130801 -0.00016249 5.8246e-10 TSX
20130316 20130623 -0.00013052 6.6244e-10 TSX
20130402 20150122 8.1596e-05 3.8743e-10 TSX
20130407 20140530 -4.0365e-05 4.1444e-10 TSX
20130421 20171016 -6.3453e-05 3.502e-10 TSX
20130424 20130721 -0.00035913 6.7311e-10 TSX
20130429 20130623 -0.00015811 7.5833e-10 TSX
20130505 20131028 -0.00047868 5.5347e-10 TSX
20130513 20151112 0.00016995 4.4341e-10 TSX
20130516 20131017 -0.0005758 5.6783e-10 TSX
20130521 20130715 0.00023519 7.5755e-10 TSX
20130524 20171129 2.4638e-05 4.4355e-10 TSX
20130527 20140627 2.6881e-06 4.4204e-10 TSX
20130601 20130930 0.00029998 6.3368e-10 TSX
20130604 20141217 7.9229e-06 4.8134e-10 TSX
20130607 20140719 -3.1427e-06 4.6306e-10 TSX
20130612 20150105 -0.00010206 3.6925e-10 TSX
20130615 20160106 4.2872e-05 4.8046e-10 TSX
20130618 20140708 -9.6251e-06 4.606e-10 TSX
20130623 20130715 0.00072921 8.6517e-10 TSX
20130629 20130914 0.00014819 7.0501e-10 TSX
20130707 20150130 2.1841e-05 4.2274e-10 TSX
20130710 20140901 -1.3317e-05 4.2627e-10 TSX
20130715 20130726 -0.0025754 1.014e-09 TSX
20130721 20131108 0.00053568 6.2643e-10 TSX
20130726 20150517 0.00010548 4.1013e-10 TSX
20130729 20160904 -0.00013521 4.0393e-10 TSX
20130801 20151115 -4.3083e-05 4.6501e-10 TSX
20130817 20140209 -0.00013866 5.4599e-10 TSX
20130828 20150312 -2.2032e-05 3.6614e-10 TSX
20130903 20150329 6.4779e-05 3.8131e-10 TSX
20130919 20160309 -7.0643e-05 3.426e-10 TSX
20130925 20140708 2.1979e-05 4.4655e-10 TSX
20130930 20160411 -5.3621e-05 3.2366e-10 TSX
20131011 20150802 -3.1211e-06 3.5492e-10 TSX
20131017 20140719 -5.0275e-05 4.4981e-10 TSX
20131028 20160304 -3.5866e-05 2.9659e-10 TSX
20131102 20140519 -0.00012959 5.1968e-10 TSX
20131108 20140708 -9.3797e-05 4.7083e-10 TSX
20140209 20160309 9.2985e-06 4.2214e-10 TSX
20140223 20140829 8.7854e-05 5.2243e-10 TSX
20140408 20140705 -1.6555e-05 6.6148e-10 TSX
20140419 20170913 8.5458e-05 4.2158e-10 TSX
20140511 20141228 8.6639e-05 5.0829e-10 TSX
20140519 20150824 -3.7651e-05 3.9527e-10 TSX
20140624 20171005 6.9167e-05 4.9948e-10 TSX
20140627 20151115 -8.2762e-05 4.0957e-10 TSX
20140705 20180911 1.758e-05 3.7122e-10 TSX
20140708 20160406 0.0001577 3.5091e-10 TSX
20140716 20171005 3.1495e-05 4.6356e-10 TSX
20140719 20151207 -3.6368e-06 3.8649e-10 TSX
20140727 20150326 -1.9921e-06 4.677e-10 TSX
20140810 20150122 -5.7856e-05 5.4135e-10 TSX
20140818 20160301 7.4056e-05 4.1138e-10 TSX
20140829 20160208 8.018e-05 4.4351e-10 TSX
20140901 20140912 -0.00030596 9.699e-10 TSX
20140912 20141209 5.3685e-05 6.647e-10 TSX
20140920 20170902 4.615e-05 3.3822e-10 TSX
20141209 20160211 -3.5568e-05 3.9907e-10 TSX
20141217 20160722 0.00010171 3.779e-10 TSX
20141228 20160106 9.3842e-05 4.2884e-10 TSX
20141231 20151024 -8.2389e-06 4.3634e-10 TSX
20150105 20150824 -0.0001524 4.9677e-10 TSX
20150108 20170811 2.1443e-05 5.2116e-10 TSX
20150119 20160117 0.00011915 4.0824e-10 TSX
20150127 20160411 1.2719e-05 3.8205e-10 TSX
20150130 20151112 7.9506e-05 4.45e-10 TSX
20150210 20170114 0.00012246 3.8912e-10 TSX
20150213 20160326 0.00018342 3.939e-10 TSX
20150218 20160216 -5.5748e-05 4.2107e-10 TSX
20150221 20180112 2.9446e-06 4.7685e-10 TSX
20150304 20180911 7.9139e-05 3.8708e-10 TSX
20150307 20160211 -5.2238e-05 4.1674e-10 TSX
20150312 20160320 -4.4799e-05 4.1875e-10 TSX
20150326 20150827 9.1069e-05 5.6103e-10 TSX
20150329 20151207 -1.6077e-05 4.6e-10 TSX
20150428 20160425 3.0722e-05 4.2057e-10 TSX
20150509 20150827 5.763e-05 6.2581e-10 TSX
20150517 20150824 -3.3092e-06 6.5825e-10 TSX
20150520 20180911 -1.9217e-05 4.4894e-10 TSX
20150714 20170822 -4.8879e-05 4.4416e-10 TSX
20150725 20170924 6.1265e-05 3.9128e-10 TSX
20150802 20160309 -8.3129e-05 5.0157e-10 TSX
20150805 20160403 1.5254e-05 4.7979e-10 TSX
20150816 20171107 0.0001333 3.6182e-10 TSX
20150824 20150915 0.00071712 8.6445e-10 TSX
20150827 20170902 3.7359e-05 3.54e-10 TSX
20150915 20160216 -0.00012271 5.6986e-10 TSX
20151021 20160904 -9.8774e-05 5.1132e-10 TSX
20151101 20171016 1.7957e-05 4.146e-10 TSX
20151112 20160425 -2.7317e-05 5.3866e-10 TSX
20151115 20151229 9.4674e-05 7.7424e-10 TSX
20151123 20171221 -4.2665e-05 4.7806e-10 TSX
20151204 20151215 0.00016365 9.793e-10 TSX
20151207 20160406 -0.00012143 6.0225e-10 TSX
20151215 20170822 0.00012087 3.6448e-10 TSX
20151226 20161223 6.6184e-05 4.0575e-10 TSX
20151229 20160211 6.772e-05 7.7424e-10 TSX
20160106 20161223 7.7713e-05 4.0771e-10 TSX
20160117 20160926 -2.8921e-05 4.7097e-10 TSX
20160128 20160301 -0.00014218 8.0748e-10 TSX
20160208 20160312 -7.9287e-05 8.0748e-10 TSX
20160216 20160309 -0.00039936 8.6445e-10 TSX
20160219 20180319 2.2203e-05 4.7103e-10 TSX
20160301 20161201 7.8473e-05 4.4228e-10 TSX
20160304 20160326 5.0163e-05 8.5047e-10 TSX
20160312 20180319 4.1777e-06 4.9277e-10 TSX
20160320 20160411 0.00036164 8.6446e-10 TSX
20160323 20171118 1.7105e-05 4.52e-10 TSX
20160326 20160406 -0.0005062 9.6983e-10 TSX
20160403 20171027 0.00017398 4.621e-10 TSX
20160425 20170811 -1.9326e-05 4.2822e-10 TSX
20160528 20160630 -6.8628e-06 8.0749e-10 TSX
20160630 20171118 -0.00012333 4.3927e-10 TSX
20160722 20161201 0.00026275 5.8511e-10 TSX
20160904 20180707 -3.0569e-05 4.8889e-10 TSX
20160915 20180911 -4.3851e-05 4.7682e-10 TSX
20160926 20170114 4.3782e-05 6.3358e-10 TSX
20161201 20171027 -4.0113e-05 5.0992e-10 TSX
20161223 20171107 4.68e-05 5.3424e-10 TSX
20170114 20170902 0.00011307 4.9198e-10 TSX
20170811 20171005 -4.7605e-05 7.4173e-10 TSX
20170822 20180707 -0.00011386 4.2555e-10 TSX
20170913 20180707 -0.00014298 4.441e-10 TSX
20170924 20180319 -9.8801e-06 5.3602e-10 TSX
20171005 20171107 2.9773e-05 8.0749e-10 TSX
20171016 20180319 2.7074e-05 5.5102e-10 TSX
20171027 20180911 -0.00011008 4.3715e-10 TSX
20171107 20171118 7.9725e-05 9.793e-10 TSX
20171118 20171129 6.2001e-05 9.793e-10 TSX
20171129 20171221 1.2388e-05 8.5191e-10 TSX
20171210 20180820 -7.2443e-05 4.7147e-10 TSX
20171221 20180911 -0.00012294 4.6678e-10 TSX
20180112 20181003 6.9641e-06 4.6148e-10 TSX
20180319 20180707 -0.00025301 6.2061e-10 TSX
20180707 20180911 0.00021102 7.1275e-10 TSX
20180729 20181003 0.00013963 7.1274e-10 TSX
20180820 20181003 0.00025425 7.7303e-10 TSX
20180911 20181003 -0.00014941 8.5191e-10 TSX
