20030427 20030914 -0.00031634 5.6708e-10 ERS2
20030914 20080629 2.167e-05 2.6939e-10 ERS2
20050918 20090510 6.139e-07 3.0703e-10 ERS2
20051127 20081116 -6.5875e-05 3.091e-10 ERS2
20060903 20090510 4.7542e-05 3.1904e-10 ERS2
20061231 20090105 -0.00010989 3.2722e-10 ALOS
20070402 20070703 5.385e-05 6.6981e-10 ALOS
20070518 20091008 -4.6442e-05 3.1206e-10 ALOS
20070818 20071003 -0.00035459 7.827e-10 ALOS
20071217 20100509 -3.2883e-05 3.0504e-10 ALOS
20080103 20100526 -8.4543e-05 3.1404e-10 ALOS
20080404 20080520 2.4506e-05 7.8267e-10 ALOS
20080618 20090921 -2.204e-05 3.7487e-10 ALOS
20080629 20090510 -6.0037e-05 4.1537e-10 ERS2
20080705 20091008 -3.5621e-06 3.6577e-10 ALOS
20080803 20090823 3.7756e-05 3.8186e-10 ERS2
20081116 20090823 9.1794e-05 4.3272e-10 ERS2
20081219 20090921 9.8729e-05 4.4719e-10 ALOS
20090105 20090708 -5.0592e-05 5.2889e-10 ALOS
20090510 20091101 -6.7593e-05 5.2175e-10 ERS2
20090708 20091008 0.00039602 6.708e-10 ALOS
20090823 20091101 0.001046 7.0005e-10 ERS2
20091222 20100624 7.3667e-05 5.2945e-10 ALOS
20100108 20100223 0.00045599 7.8336e-10 ALOS
20100223 20100526 0.00011121 6.7206e-10 ALOS
20100410 20100711 8.8241e-05 6.7219e-10 ALOS
20100509 20100624 0.00054344 7.8022e-10 ALOS
20100526 20100711 0.00035535 7.8276e-10 ALOS
20100624 20101109 5.6508e-06 5.8524e-10 ALOS
20100711 20101011 -0.00030646 6.6999e-10 ALOS
20100809 20101109 3.2729e-05 6.6678e-10 ALOS
20101011 20101126 0.00041004 7.8279e-10 ALOS
20110111 20110226 0.00063057 7.8273e-10 ALOS
20110924 20130715 3.7956e-05 3.2354e-10 TSX
20111005 20121229 -4.1666e-05 3.7363e-10 TSX
20111121 20171221 1.4639e-06 3.5352e-10 TSX
20111221 20130131 1.2835e-05 3.8538e-10 TSX
20111224 20121027 -2.3626e-05 4.2013e-10 TSX
20120126 20140419 -9.7808e-06 3.0504e-10 TSX
20120203 20160320 2.5586e-05 3.3089e-10 TSX
20120206 20171107 -5.0845e-06 3.4402e-10 TSX
20120617 20171129 3.889e-06 3.8505e-10 TSX
20120723 20160120 2.6986e-05 3.6624e-10 TSX
20121024 20130109 -7.2236e-05 7.0705e-10 TSX
20121027 20151226 4.4843e-06 3.4175e-10 TSX
20121030 20130311 0.00010351 5.8545e-10 TSX
20121107 20171118 6.1944e-06 3.5186e-10 TSX
20121221 20160208 7.4759e-06 3.1588e-10 TSX
20121224 20130516 2.0944e-06 5.6913e-10 TSX
20121229 20130407 3.4109e-06 6.5969e-10 TSX
20130104 20130217 0.00013518 7.7888e-10 TSX
20130109 20130715 0.00020441 5.3289e-10 TSX
20130112 20140511 -1.919e-05 3.6381e-10 TSX
20130115 20130721 1.2735e-05 5.1647e-10 TSX
20130126 20130823 -8.7029e-05 5.5277e-10 TSX
20130131 20130429 0.00014017 6.8259e-10 TSX
20130203 20130729 -8.9614e-06 5.2342e-10 TSX
20130211 20130919 -3.7955e-05 4.9665e-10 TSX
20130228 20141209 8.5415e-06 3.2506e-10 TSX
20130311 20130801 -9.56e-05 5.6908e-10 TSX
20130316 20130623 4.4118e-05 6.5985e-10 TSX
20130402 20150122 1.1056e-05 3.9807e-10 TSX
20130407 20140530 6.7542e-05 3.808e-10 TSX
20130421 20171016 -3.365e-06 3.5256e-10 TSX
20130424 20130721 -7.9255e-05 6.663e-10 TSX
20130429 20130623 -0.00010821 7.6169e-10 TSX
20130505 20131028 -9.0416e-05 5.4445e-10 TSX
20130513 20151112 7.1339e-06 3.464e-10 TSX
20130516 20131017 -0.00021463 6.0621e-10 TSX
20130521 20130715 0.00012198 7.6167e-10 TSX
20130524 20171129 6.4204e-07 3.4549e-10 TSX
20130527 20140627 -1.0751e-05 3.8312e-10 TSX
20130601 20130930 -7.3503e-05 6.1946e-10 TSX
20130604 20141217 1.7102e-05 3.4386e-10 TSX
20130607 20140719 -6.2756e-06 3.7941e-10 TSX
20130612 20150105 2.0484e-05 3.3757e-10 TSX
20130615 20160106 1.0595e-05 3.4557e-10 TSX
20130618 20140708 -1.2055e-05 3.8749e-10 TSX
20130623 20130715 0.00062318 8.7027e-10 TSX
20130629 20130914 1.2009e-05 7.1675e-10 TSX
20130707 20150130 -1.1813e-05 3.3475e-10 TSX
20130710 20140901 -1.318e-05 3.7591e-10 TSX
20130715 20130726 -0.0024145 1.019e-09 TSX
20130721 20131108 -0.00032641 6.6416e-10 TSX
20130726 20150517 3.9536e-05 3.2605e-10 TSX
20130729 20160904 -6.5122e-06 3.1942e-10 TSX
20130801 20151115 -3.5092e-05 3.2162e-10 TSX
20130817 20140209 1.3362e-05 5.4204e-10 TSX
20130828 20150312 -2.896e-05 3.4107e-10 TSX
20130903 20150329 -4.1632e-05 3.7537e-10 TSX
20130919 20160309 -1.9589e-05 2.9666e-10 TSX
20130925 20140708 -3.6183e-05 4.8482e-10 TSX
20130930 20160411 6.3251e-05 3.8516e-10 TSX
20131011 20150802 8.2078e-06 3.4368e-10 TSX
20131017 20140719 0.00010924 4.9011e-10 TSX
20131028 20160304 0.00018395 3.257e-10 TSX
20131102 20140519 0.00018182 5.1794e-10 TSX
20131108 20140708 -0.00013761 4.8138e-10 TSX
20140209 20160309 -4.3559e-05 3.3869e-10 TSX
20140223 20140829 1.3931e-05 5.1135e-10 TSX
20140408 20140705 3.0907e-06 6.6239e-10 TSX
20140419 20170913 1.6323e-05 3.5459e-10 TSX
20140511 20141228 2.0927e-05 4.7017e-10 TSX
20140519 20150824 -2.7906e-05 3.733e-10 TSX
20140624 20171005 5.2869e-06 3.5385e-10 TSX
20140627 20151115 -5.6449e-05 3.8669e-10 TSX
20140705 20180911 -3.9994e-07 3.5809e-10 TSX
20140708 20160406 -2.8248e-05 3.3578e-10 TSX
20140716 20171005 1.2133e-05 3.2349e-10 TSX
20140719 20151207 -6.4026e-05 3.6138e-10 TSX
20140727 20150326 6.6607e-06 4.6153e-10 TSX
20140810 20150122 2.7258e-05 5.5151e-10 TSX
20140818 20160301 2.4445e-05 3.2738e-10 TSX
20140829 20160208 2.8481e-06 3.7295e-10 TSX
20140901 20140912 -0.00025801 9.7408e-10 TSX
20140912 20141209 -4.6615e-05 6.663e-10 TSX
20140920 20170902 -4.0572e-06 3.878e-10 TSX
20141209 20160211 -2.2945e-05 3.7518e-10 TSX
20141217 20160722 2.2219e-05 3.6532e-10 TSX
20141228 20160106 6.899e-06 3.897e-10 TSX
20141231 20151024 -5.9456e-05 4.2845e-10 TSX
20150105 20150824 3.0504e-05 4.8966e-10 TSX
20150108 20170811 5.9705e-06 3.3712e-10 TSX
20150119 20160117 -1.436e-06 3.8669e-10 TSX
20150127 20160411 -2.1773e-05 3.8927e-10 TSX
20150130 20151112 4.0208e-05 4.306e-10 TSX
20150210 20170114 7.29e-06 3.5296e-10 TSX
20150213 20160326 1.4857e-05 4.4303e-10 TSX
20150218 20160216 -2.3586e-05 4.0345e-10 TSX
20150221 20180112 2.6461e-05 3.6582e-10 TSX
20150304 20180911 5.8367e-06 3.3526e-10 TSX
20150307 20160211 -4.6705e-05 4.077e-10 TSX
20150312 20160320 3.4399e-05 3.9893e-10 TSX
20150326 20150827 4.9503e-05 5.5055e-10 TSX
20150329 20151207 -0.00013221 4.5612e-10 TSX
20150428 20160425 2.9382e-05 3.9812e-10 TSX
20150509 20150827 2.9396e-05 6.2268e-10 TSX
20150517 20150824 -0.00021769 6.6095e-10 TSX
20150520 20180911 -2.332e-06 3.3434e-10 TSX
20150714 20170822 4.0768e-06 3.1928e-10 TSX
20150725 20170924 -7.4941e-06 3.2679e-10 TSX
20150802 20160309 -4.2358e-05 4.9669e-10 TSX
20150805 20160403 -5.467e-06 4.6276e-10 TSX
20150816 20171107 6.4201e-06 3.0597e-10 TSX
20150824 20150915 0.0005157 8.7018e-10 TSX
20150827 20170902 1.0938e-05 3.0903e-10 TSX
20150915 20160216 1.9609e-05 5.6968e-10 TSX
20151021 20160904 -2.4776e-05 4.1441e-10 TSX
20151101 20171016 4.8976e-06 3.2479e-10 TSX
20151112 20160425 2.0072e-05 5.3662e-10 TSX
20151115 20151229 0.00013351 7.7888e-10 TSX
20151123 20171221 3.9137e-07 3.2046e-10 TSX
20151204 20151215 0.0001517 9.8336e-10 TSX
20151207 20160406 2.515e-05 6.0315e-10 TSX
20151215 20170822 3.4502e-05 3.2778e-10 TSX
20151226 20161223 3.2213e-05 3.94e-10 TSX
20151229 20160211 2.211e-05 7.7888e-10 TSX
20160106 20161223 2.7765e-05 3.9895e-10 TSX
20160117 20160926 2.1629e-05 4.5523e-10 TSX
20160128 20160301 -0.00012559 8.1131e-10 TSX
20160208 20160312 -7.19e-05 8.1131e-10 TSX
20160216 20160309 -0.0003049 8.7018e-10 TSX
20160219 20180319 6.0869e-06 2.9995e-10 TSX
20160301 20161201 -9.9436e-07 4.3887e-10 TSX
20160304 20160326 1.1379e-05 8.551e-10 TSX
20160312 20180319 8.0889e-06 3.0465e-10 TSX
20160320 20160411 0.00038492 8.7019e-10 TSX
20160323 20171118 1.6871e-05 3.2214e-10 TSX
20160326 20160406 -0.00048882 9.7399e-10 TSX
20160403 20171027 1.7306e-05 3.5382e-10 TSX
20160425 20170811 2.9172e-05 3.5528e-10 TSX
20160528 20160630 5.3701e-06 8.1131e-10 TSX
20160630 20171118 7.9328e-06 3.4085e-10 TSX
20160722 20161201 2.1823e-05 5.8161e-10 TSX
20160904 20180707 7.9996e-06 3.1811e-10 TSX
20160915 20180911 5.9186e-06 3.0402e-10 TSX
20160926 20170114 1.8602e-05 6.1856e-10 TSX
20161201 20171027 2.7292e-05 4.0767e-10 TSX
20161223 20171107 -1.5572e-05 4.1113e-10 TSX
20170114 20170902 1.6528e-05 4.7262e-10 TSX
20170811 20171005 -4.3703e-05 7.444e-10 TSX
20170822 20180707 -3.3869e-05 4.1451e-10 TSX
20170913 20180707 -2.4776e-05 4.2596e-10 TSX
20170924 20180319 -6.8292e-05 5.2346e-10 TSX
20171005 20171107 7.3932e-05 8.1131e-10 TSX
20171016 20180319 -3.2829e-05 5.5033e-10 TSX
20171027 20180911 -1.1614e-05 4.144e-10 TSX
20171107 20171118 7.7392e-05 9.8336e-10 TSX
20171118 20171129 4.5049e-05 9.8336e-10 TSX
20171129 20171221 -3.1136e-05 8.5597e-10 TSX
20171210 20180820 -2.6731e-05 4.5346e-10 TSX
20171221 20180911 5.5438e-07 4.4578e-10 TSX
20180112 20181003 -3.3919e-05 4.4579e-10 TSX
20180319 20180707 -4.9817e-05 6.185e-10 TSX
20180707 20180911 0.00012284 7.1476e-10 TSX
20180729 20181003 -3.0138e-05 7.1476e-10 TSX
20180820 20181003 3.1031e-05 7.7635e-10 TSX
20180911 20181003 -0.00016765 8.5597e-10 TSX
