20030427 20030914 -0.00078539 5.7331e-10 ERS2
20030914 20080629 -2.6435e-05 2.9333e-10 ERS2
20050918 20090510 2.8047e-05 3.0652e-10 ERS2
20051127 20081116 9.7736e-06 3.2001e-10 ERS2
20060903 20090510 -0.00012323 3.2585e-10 ERS2
20061231 20090105 0.00010056 3.1484e-10 ALOS
20070402 20070703 -0.00014394 6.8089e-10 ALOS
20070518 20091008 -3.26e-05 3.0096e-10 ALOS
20070818 20071003 -0.00036218 7.8925e-10 ALOS
20071217 20100509 -3.7918e-05 3.0312e-10 ALOS
20080103 20100526 2.7471e-05 3.0128e-10 ALOS
20080404 20080520 4.4636e-05 7.8926e-10 ALOS
20080618 20090921 -5.2444e-05 3.7559e-10 ALOS
20080629 20090510 -0.00024679 4.1445e-10 ERS2
20080705 20091008 -1.0899e-05 3.6705e-10 ALOS
20080803 20090823 -7.0536e-05 3.8462e-10 ERS2
20081116 20090823 2.5691e-05 4.3419e-10 ERS2
20081219 20090921 0.00026813 4.4929e-10 ALOS
20090105 20090708 -0.00011102 5.3523e-10 ALOS
20090510 20091101 -0.00018757 5.2589e-10 ERS2
20090708 20091008 0.00062021 6.8069e-10 ALOS
20090823 20091101 -0.00028898 7.1275e-10 ERS2
20091222 20100624 0.00037332 5.3222e-10 ALOS
20100108 20100223 0.00041669 7.8932e-10 ALOS
20100223 20100526 0.00012834 6.8193e-10 ALOS
20100410 20100711 -0.00013183 6.8089e-10 ALOS
20100509 20100624 0.00055552 7.8712e-10 ALOS
20100526 20100711 0.00037818 7.8927e-10 ALOS
20100624 20101109 -7.5996e-05 5.9472e-10 ALOS
20100711 20101011 8.2719e-05 6.8093e-10 ALOS
20100809 20101109 -0.00016028 6.7791e-10 ALOS
20101011 20101126 0.00021156 7.8927e-10 ALOS
20110111 20110226 0.00060388 7.8925e-10 ALOS
20110924 20130715 7.0013e-05 3.2597e-10 TSX
20111005 20121229 -4.0012e-05 3.7055e-10 TSX
20111121 20171221 4.6632e-05 2.4624e-10 TSX
20111221 20130131 -8.312e-06 3.8776e-10 TSX
20111224 20121027 6.3964e-05 4.2081e-10 TSX
20120126 20140419 2.2505e-05 2.8988e-10 TSX
20120203 20160320 2.4204e-05 2.4627e-10 TSX
20120206 20171107 6.1061e-05 2.5639e-10 TSX
20120617 20171129 4.9266e-05 2.4992e-10 TSX
20120723 20160120 6.6991e-05 2.6243e-10 TSX
20121024 20130109 2.2324e-05 7.1743e-10 TSX
20121027 20151226 4.0587e-05 2.7314e-10 TSX
20121030 20130311 -1.267e-05 5.9477e-10 TSX
20121107 20171118 7.0417e-05 2.5527e-10 TSX
20121221 20160208 4.9655e-05 2.6979e-10 TSX
20121224 20130516 -6.0664e-05 5.7775e-10 TSX
20121229 20130407 6.4765e-05 6.7062e-10 TSX
20130104 20130217 7.2038e-05 7.8638e-10 TSX
20130109 20130715 0.00017987 5.3573e-10 TSX
20130112 20140511 4.843e-05 3.5553e-10 TSX
20130115 20130721 -9.9614e-05 5.1977e-10 TSX
20130126 20130823 -0.00013405 4.9581e-10 TSX
20130131 20130429 -2.6094e-05 6.9331e-10 TSX
20130203 20130729 -2.8386e-05 5.292e-10 TSX
20130211 20130919 6.1651e-05 5.0131e-10 TSX
20130228 20141209 2.7049e-05 3.1523e-10 TSX
20130311 20130801 -4.6586e-06 5.7756e-10 TSX
20130316 20130623 2.0846e-05 6.7063e-10 TSX
20130402 20150122 4.2229e-05 2.9218e-10 TSX
20130407 20140530 -2.1966e-05 3.8324e-10 TSX
20130421 20171016 4.3103e-05 2.5925e-10 TSX
20130424 20130721 -0.00011177 6.7774e-10 TSX
20130429 20130623 -2.8306e-05 7.6944e-10 TSX
20130505 20131028 -0.00044367 5.3262e-10 TSX
20130513 20151112 5.8004e-05 2.7957e-10 TSX
20130516 20131017 -0.00012825 5.6164e-10 TSX
20130521 20130715 0.00038094 7.6947e-10 TSX
20130524 20171129 4.5276e-05 2.5378e-10 TSX
20130527 20140627 8.8908e-06 3.8547e-10 TSX
20130601 20130930 0.00038393 6.295e-10 TSX
20130604 20141217 7.0142e-05 3.4031e-10 TSX
20130607 20140719 1.2697e-05 3.8302e-10 TSX
20130612 20150105 -5.6464e-06 3.3996e-10 TSX
20130615 20160106 5.7037e-05 2.7443e-10 TSX
20130618 20140708 4.2405e-05 3.8967e-10 TSX
20130623 20130715 0.00069801 8.7118e-10 TSX
20130629 20130914 0.00032131 7.0265e-10 TSX
20130707 20150130 5.8064e-05 3.4049e-10 TSX
20130710 20140901 3.7735e-05 3.7895e-10 TSX
20130715 20130726 -0.0024595 1.0181e-09 TSX
20130721 20131108 0.00065061 6.3284e-10 TSX
20130726 20150517 -4.2535e-06 3.2403e-10 TSX
20130729 20160904 4.0177e-05 2.69e-10 TSX
20130801 20151115 4.4636e-05 2.8845e-10 TSX
20130817 20140209 -0.00011568 5.4903e-10 TSX
20130828 20150312 2.1333e-05 3.419e-10 TSX
20130903 20150329 -8.0815e-05 3.1246e-10 TSX
20130919 20160309 3.719e-05 2.7568e-10 TSX
20130925 20140708 -4.9225e-05 4.3387e-10 TSX
20130930 20160411 -2.6446e-05 2.7262e-10 TSX
20131011 20150802 2.7242e-06 3.2118e-10 TSX
20131017 20140719 -3.3071e-05 4.415e-10 TSX
20131028 20160304 5.1524e-05 2.6773e-10 TSX
20131102 20140519 -5.136e-05 5.2368e-10 TSX
20131108 20140708 -5.6344e-05 4.6623e-10 TSX
20140209 20160309 5.4904e-05 3.0894e-10 TSX
20140223 20140829 6.8306e-05 5.1659e-10 TSX
20140408 20140705 -3.6189e-05 6.7523e-10 TSX
20140419 20170913 6.3881e-05 2.6547e-10 TSX
20140511 20141228 2.3512e-05 4.7363e-10 TSX
20140519 20150824 6.2606e-06 3.6637e-10 TSX
20140624 20171005 6.7193e-05 2.6322e-10 TSX
20140627 20151115 -3.7991e-07 3.4168e-10 TSX
20140705 20180911 2.4891e-05 2.5685e-10 TSX
20140708 20160406 3.8422e-05 3.1531e-10 TSX
20140716 20171005 5.241e-05 2.6723e-10 TSX
20140719 20151207 4.5482e-05 3.4052e-10 TSX
20140727 20150326 -1.8093e-05 4.6471e-10 TSX
20140810 20150122 2.9926e-05 5.4625e-10 TSX
20140818 20160301 3.0161e-05 3.2538e-10 TSX
20140829 20160208 3.3387e-05 3.3139e-10 TSX
20140901 20140912 -0.0002865 9.7429e-10 TSX
20140912 20141209 -2.5558e-05 6.7773e-10 TSX
20140920 20170902 4.6835e-05 2.6987e-10 TSX
20141209 20160211 -1.4783e-05 3.6509e-10 TSX
20141217 20160722 3.26e-05 3.1988e-10 TSX
20141228 20160106 2.6218e-05 3.8318e-10 TSX
20141231 20151024 6.5527e-05 4.2737e-10 TSX
20150105 20150824 -1.2041e-05 4.9103e-10 TSX
20150108 20170811 4.7435e-05 2.7472e-10 TSX
20150119 20160117 7.5727e-05 3.8834e-10 TSX
20150127 20160411 6.4236e-06 3.7279e-10 TSX
20150130 20151112 3.7048e-05 4.3028e-10 TSX
20150210 20170114 5.4526e-05 2.9802e-10 TSX
20150213 20160326 3.8269e-05 3.698e-10 TSX
20150218 20160216 1.7357e-05 4.0448e-10 TSX
20150221 20180112 7.6687e-05 2.628e-10 TSX
20150304 20180911 3.0445e-05 2.6187e-10 TSX
20150307 20160211 3.4018e-05 4.025e-10 TSX
20150312 20160320 -1.2529e-05 3.9985e-10 TSX
20150326 20150827 9.4682e-05 5.5723e-10 TSX
20150329 20151207 6.0361e-05 4.5815e-10 TSX
20150428 20160425 2.4159e-05 3.8788e-10 TSX
20150509 20150827 7.8789e-05 6.2972e-10 TSX
20150517 20150824 5.1055e-05 6.7062e-10 TSX
20150520 20180911 3.4096e-05 2.5919e-10 TSX
20150714 20170822 3.8153e-05 2.898e-10 TSX
20150725 20170924 5.6602e-05 2.8986e-10 TSX
20150802 20160309 -4.643e-05 5.0113e-10 TSX
20150805 20160403 -9.0707e-05 4.6439e-10 TSX
20150816 20171107 4.8606e-05 2.8919e-10 TSX
20150824 20150915 0.00067041 8.7106e-10 TSX
20150827 20170902 4.0986e-05 2.9808e-10 TSX
20150915 20160216 -8.2564e-05 5.7766e-10 TSX
20151021 20160904 -5.9419e-05 4.1404e-10 TSX
20151101 20171016 4.2545e-05 2.9901e-10 TSX
20151112 20160425 -5.2562e-05 5.4301e-10 TSX
20151115 20151229 0.00017686 7.8637e-10 TSX
20151123 20171221 3.3845e-05 2.9739e-10 TSX
20151204 20151215 0.00016928 9.8438e-10 TSX
20151207 20160406 -0.0001276 6.1309e-10 TSX
20151215 20170822 2.5811e-05 3.1771e-10 TSX
20151226 20161223 3.6431e-05 3.9509e-10 TSX
20151229 20160211 2.0185e-06 7.8637e-10 TSX
20160106 20161223 3.4872e-05 3.9956e-10 TSX
20160117 20160926 1.1482e-05 4.5601e-10 TSX
20160128 20160301 -0.00017524 8.1801e-10 TSX
20160208 20160312 -6.8295e-05 8.1801e-10 TSX
20160216 20160309 -0.00038503 8.7106e-10 TSX
20160219 20180319 2.9323e-05 2.9679e-10 TSX
20160301 20161201 5.3085e-05 4.411e-10 TSX
20160304 20160326 2.151e-05 8.5738e-10 TSX
20160312 20180319 4.7406e-05 3.0115e-10 TSX
20160320 20160411 0.00041179 8.7106e-10 TSX
20160323 20171118 3.5288e-05 3.1859e-10 TSX
20160326 20160406 -0.00049891 9.7422e-10 TSX
20160403 20171027 6.0374e-05 3.2381e-10 TSX
20160425 20170811 6.6753e-05 3.4946e-10 TSX
20160528 20160630 7.5336e-05 8.1801e-10 TSX
20160630 20171118 3.4799e-05 3.4127e-10 TSX
20160722 20161201 8.4504e-05 5.9106e-10 TSX
20160904 20180707 3.231e-05 3.2866e-10 TSX
20160915 20180911 4.2616e-06 2.9948e-10 TSX
20160926 20170114 -4.1516e-05 6.298e-10 TSX
20161201 20171027 -2.4714e-06 4.0853e-10 TSX
20161223 20171107 1.305e-05 4.1032e-10 TSX
20170114 20170902 3.2269e-05 4.7184e-10 TSX
20170811 20171005 -6.4579e-05 7.56e-10 TSX
20170822 20180707 -5.6491e-05 4.1535e-10 TSX
20170913 20180707 -0.00010878 4.2656e-10 TSX
20170924 20180319 -6.5692e-05 5.2943e-10 TSX
20171005 20171107 2.7821e-05 8.1801e-10 TSX
20171016 20180319 -5.6276e-05 5.5793e-10 TSX
20171027 20180911 -7.8878e-05 4.1554e-10 TSX
20171107 20171118 7.9195e-05 9.8438e-10 TSX
20171118 20171129 5.4649e-05 9.8438e-10 TSX
20171129 20171221 2.3331e-06 8.5953e-10 TSX
20171210 20180820 -8.6541e-05 4.5641e-10 TSX
20171221 20180911 -0.00012652 4.4835e-10 TSX
20180112 20181003 -7.9079e-06 4.4834e-10 TSX
20180319 20180707 -6.6728e-05 6.2982e-10 TSX
20180707 20180911 0.0001173 7.2751e-10 TSX
20180729 20181003 9.3655e-05 7.2751e-10 TSX
20180820 20181003 0.00019928 7.859e-10 TSX
20180911 20181003 -0.00014258 8.5953e-10 TSX
