20030427 20030914 2.8999e-05 5.7576e-10 ERS2
20030914 20080629 8.187e-06 2.7322e-10 ERS2
20050918 20090510 -1.5617e-05 2.9988e-10 ERS2
20051127 20081116 -6.3797e-05 2.9835e-10 ERS2
20060903 20090510 9.9559e-05 3.0813e-10 ERS2
20061231 20090105 -1.8755e-05 3.1446e-10 ALOS
20070402 20070703 5.6649e-05 6.7918e-10 ALOS
20070518 20091008 -3.0097e-05 3.2218e-10 ALOS
20070818 20071003 -0.0004607 7.8859e-10 ALOS
20071217 20100509 -0.00013654 2.9978e-10 ALOS
20080103 20100526 -0.00014612 3.0827e-10 ALOS
20080404 20080520 3.4679e-05 7.8885e-10 ALOS
20080618 20090921 -0.0001415 3.7116e-10 ALOS
20080629 20090510 -0.00053293 4.1458e-10 ERS2
20080705 20091008 -5.6564e-06 3.6708e-10 ALOS
20080803 20090823 4.6451e-05 3.8494e-10 ERS2
20081116 20090823 6.9994e-05 4.3394e-10 ERS2
20081219 20090921 0.00013819 4.4822e-10 ALOS
20090105 20090708 -0.00012496 5.3345e-10 ALOS
20090510 20091101 -7.322e-05 5.2604e-10 ERS2
20090708 20091008 0.00043508 6.7927e-10 ALOS
20090823 20091101 0.00076784 7.1169e-10 ERS2
20091222 20100624 0.00029911 5.299e-10 ALOS
20100108 20100223 0.00050473 7.8957e-10 ALOS
20100223 20100526 4.3977e-05 6.8047e-10 ALOS
20100410 20100711 -7.032e-05 6.7885e-10 ALOS
20100509 20100624 0.00056632 7.8636e-10 ALOS
20100526 20100711 0.00037873 7.886e-10 ALOS
20100624 20101109 -7.1556e-05 5.9148e-10 ALOS
20100711 20101011 -0.0002236 6.7842e-10 ALOS
20100809 20101109 7.7445e-05 6.7544e-10 ALOS
20101011 20101126 0.00035703 7.886e-10 ALOS
20110111 20110226 0.00070326 7.8859e-10 ALOS
20110924 20130715 1.551e-05 3.2724e-10 TSX
20111005 20121229 -5.5874e-05 3.7258e-10 TSX
20111121 20171221 -1.0594e-05 2.7791e-10 TSX
20111221 20130131 2.0078e-05 3.8592e-10 TSX
20111224 20121027 1.5678e-05 4.199e-10 TSX
20120126 20140419 -5.8249e-07 2.8594e-10 TSX
20120203 20160320 -5.5989e-06 2.7645e-10 TSX
20120206 20171107 3.3721e-06 2.5875e-10 TSX
20120617 20171129 1.0449e-06 2.7654e-10 TSX
20120723 20160120 5.5032e-05 2.8899e-10 TSX
20121024 20130109 -9.077e-06 7.1513e-10 TSX
20121027 20151226 -4.8461e-06 2.7699e-10 TSX
20121030 20130311 0.00010566 5.9207e-10 TSX
20121107 20171118 -1.0646e-06 2.6669e-10 TSX
20121221 20160208 1.1098e-05 2.7719e-10 TSX
20121224 20130516 -1.1576e-05 5.75e-10 TSX
20121229 20130407 -4.8143e-05 6.6808e-10 TSX
20130104 20130217 0.00011623 7.8559e-10 TSX
20130109 20130715 0.00016669 5.4604e-10 TSX
20130112 20140511 -2.3053e-06 3.553e-10 TSX
20130115 20130721 7.4663e-06 5.1764e-10 TSX
20130126 20130823 -0.00025821 5.2969e-10 TSX
20130131 20130429 0.00012604 6.91e-10 TSX
20130203 20130729 -2.5086e-05 5.2801e-10 TSX
20130211 20130919 -4.7182e-05 4.9928e-10 TSX
20130228 20141209 1.1953e-05 3.2536e-10 TSX
20130311 20130801 -8.528e-05 5.7496e-10 TSX
20130316 20130623 8.5269e-05 6.6809e-10 TSX
20130402 20150122 -0.00019407 4.1445e-10 TSX
20130407 20140530 7.6187e-05 3.8112e-10 TSX
20130421 20171016 2.2536e-06 2.6017e-10 TSX
20130424 20130721 -9.3088e-05 6.7551e-10 TSX
20130429 20130623 -9.1225e-05 7.6839e-10 TSX
20130505 20131028 -6.6887e-05 5.678e-10 TSX
20130513 20151112 -5.7058e-06 2.8569e-10 TSX
20130516 20131017 -0.00038195 6.1988e-10 TSX
20130521 20130715 9.7181e-05 7.684e-10 TSX
20130524 20171129 1.3332e-05 2.5736e-10 TSX
20130527 20140627 3.4768e-05 3.8474e-10 TSX
20130601 20130930 -7.0478e-05 6.2676e-10 TSX
20130604 20141217 5.6248e-06 3.3989e-10 TSX
20130607 20140719 -4.0733e-05 3.8111e-10 TSX
20130612 20150105 7.3941e-07 3.4105e-10 TSX
20130615 20160106 -1.095e-06 2.8042e-10 TSX
20130618 20140708 -3.0586e-05 3.8942e-10 TSX
20130623 20130715 0.0006154 8.7196e-10 TSX
20130629 20130914 3.3093e-05 7.1926e-10 TSX
20130707 20150130 -6.0618e-06 3.3971e-10 TSX
20130710 20140901 -1.7267e-05 3.7823e-10 TSX
20130715 20130726 -0.0024194 1.0194e-09 TSX
20130721 20131108 -0.00029818 6.7441e-10 TSX
20130726 20150517 3.3027e-05 3.2138e-10 TSX
20130729 20160904 -2.0633e-05 2.725e-10 TSX
20130801 20151115 -2.143e-05 2.9468e-10 TSX
20130817 20140209 -3.8535e-05 5.4603e-10 TSX
20130828 20150312 -5.7118e-05 3.4276e-10 TSX
20130903 20150329 -3.4398e-05 3.892e-10 TSX
20130919 20160309 2.8457e-05 3.3144e-10 TSX
20130925 20140708 -0.00015676 5.3181e-10 TSX
20130930 20160411 -3.6984e-07 3.0984e-10 TSX
20131011 20150802 2.5055e-05 3.4171e-10 TSX
20131017 20140719 -1.2294e-05 5.0773e-10 TSX
20131028 20160304 -2.4054e-05 3.3109e-10 TSX
20131102 20140519 0.00014923 5.2089e-10 TSX
20131108 20140708 -0.00012769 5.4094e-10 TSX
20140209 20160309 1.2895e-05 3.2506e-10 TSX
20140223 20140829 2.8698e-06 5.1534e-10 TSX
20140408 20140705 2.1312e-05 6.7411e-10 TSX
20140419 20170913 -1.6403e-05 2.8166e-10 TSX
20140511 20141228 2.5498e-05 4.7266e-10 TSX
20140519 20150824 -4.2925e-06 3.7714e-10 TSX
20140624 20171005 -6.4536e-06 2.6102e-10 TSX
20140627 20151115 -7.2746e-05 3.4723e-10 TSX
20140705 20180911 -3.6713e-06 2.6918e-10 TSX
20140708 20160406 5.2148e-06 3.5048e-10 TSX
20140716 20171005 -2.0075e-06 2.6146e-10 TSX
20140719 20151207 -3.518e-05 3.5085e-10 TSX
20140727 20150326 -9.273e-06 4.6385e-10 TSX
20140810 20150122 -1.6618e-06 5.8065e-10 TSX
20140818 20160301 1.8694e-05 3.3058e-10 TSX
20140829 20160208 1.1595e-05 3.3554e-10 TSX
20140901 20140912 -0.00026345 9.7522e-10 TSX
20140912 20141209 5.0449e-06 6.7551e-10 TSX
20140920 20170902 -2.8433e-06 2.8778e-10 TSX
20141209 20160211 -5.8342e-05 3.6946e-10 TSX
20141217 20160722 1.4817e-05 3.2017e-10 TSX
20141228 20160106 -1.4055e-05 3.8307e-10 TSX
20141231 20151024 -4.3694e-05 4.2745e-10 TSX
20150105 20150824 -4.2331e-06 4.9116e-10 TSX
20150108 20170811 -1.2729e-06 2.9248e-10 TSX
20150119 20160117 1.4329e-05 3.8772e-10 TSX
20150127 20160411 -2.5607e-05 3.8231e-10 TSX
20150130 20151112 2.6745e-05 4.2971e-10 TSX
20150210 20170114 7.2701e-06 2.9814e-10 TSX
20150213 20160326 -0.00019204 4.2272e-10 TSX
20150218 20160216 -2.8553e-05 4.0565e-10 TSX
20150221 20180112 1.4546e-05 2.9788e-10 TSX
20150304 20180911 -6.3914e-06 2.6945e-10 TSX
20150307 20160211 -5.096e-05 4.0309e-10 TSX
20150312 20160320 8.0455e-06 4.0292e-10 TSX
20150326 20150827 5.6604e-05 5.563e-10 TSX
20150329 20151207 -0.00010428 4.5746e-10 TSX
20150428 20160425 1.3547e-05 3.8836e-10 TSX
20150509 20150827 6.6676e-05 6.2865e-10 TSX
20150517 20150824 -0.00021222 6.6823e-10 TSX
20150520 20180911 -2.496e-06 2.773e-10 TSX
20150714 20170822 -6.8567e-06 2.9743e-10 TSX
20150725 20170924 -6.2928e-06 2.9419e-10 TSX
20150802 20160309 -4.495e-05 4.9937e-10 TSX
20150805 20160403 -1.5739e-05 4.6345e-10 TSX
20150816 20171107 -1.1775e-05 2.9371e-10 TSX
20150824 20150915 0.00051691 8.7187e-10 TSX
20150827 20170902 -1.2155e-05 3.0179e-10 TSX
20150915 20160216 3.6902e-05 5.7493e-10 TSX
20151021 20160904 -4.9107e-05 4.1362e-10 TSX
20151101 20171016 -1.3886e-05 2.9609e-10 TSX
20151112 20160425 -3.1779e-07 5.4174e-10 TSX
20151115 20151229 0.00014065 7.8559e-10 TSX
20151123 20171221 -2.3094e-06 2.9251e-10 TSX
20151204 20151215 0.00014969 9.8532e-10 TSX
20151207 20160406 -1.3896e-05 6.1055e-10 TSX
20151215 20170822 4.6006e-06 3.138e-10 TSX
20151226 20161223 -9.0521e-06 3.9362e-10 TSX
20151229 20160211 1.349e-05 7.8559e-10 TSX
20160106 20161223 6.6992e-06 3.9862e-10 TSX
20160117 20160926 -2.2176e-05 4.5497e-10 TSX
20160128 20160301 -0.0001118 8.1807e-10 TSX
20160208 20160312 -7.4453e-05 8.1807e-10 TSX
20160216 20160309 -0.00030412 8.7187e-10 TSX
20160219 20180319 2.6037e-07 2.9318e-10 TSX
20160301 20161201 -5.6257e-06 4.4011e-10 TSX
20160304 20160326 1.0592e-05 8.5784e-10 TSX
20160312 20180319 -2.1267e-06 2.962e-10 TSX
20160320 20160411 0.00037744 8.7188e-10 TSX
20160323 20171118 -1.0384e-05 3.1499e-10 TSX
20160326 20160406 -0.00048711 9.7513e-10 TSX
20160403 20171027 1.3024e-05 3.2067e-10 TSX
20160425 20170811 1.2266e-05 3.4633e-10 TSX
20160528 20160630 -1.374e-05 8.1807e-10 TSX
20160630 20171118 6.7971e-06 3.379e-10 TSX
20160722 20161201 5.4242e-05 5.8977e-10 TSX
20160904 20180707 2.5863e-05 3.2399e-10 TSX
20160915 20180911 5.6666e-06 2.972e-10 TSX
20160926 20170114 3.6984e-05 6.2864e-10 TSX
20161201 20171027 2.2839e-06 4.071e-10 TSX
20161223 20171107 -1.3046e-05 4.0983e-10 TSX
20170114 20170902 1.426e-05 4.7115e-10 TSX
20170811 20171005 -3.9933e-05 7.5531e-10 TSX
20170822 20180707 -4.7517e-06 4.1412e-10 TSX
20170913 20180707 -2.8736e-06 4.2526e-10 TSX
20170924 20180319 -4.9837e-05 5.2809e-10 TSX
20171005 20171107 6.7109e-05 8.1807e-10 TSX
20171016 20180319 -4.8692e-06 5.5658e-10 TSX
20171027 20180911 -3.7535e-06 4.1413e-10 TSX
20171107 20171118 7.5855e-05 9.8532e-10 TSX
20171118 20171129 4.9847e-05 9.8532e-10 TSX
20171129 20171221 -3.1632e-05 8.6007e-10 TSX
20171210 20180820 -2.6123e-05 4.5545e-10 TSX
20171221 20180911 7.2913e-06 4.475e-10 TSX
20180112 20181003 1.6866e-05 4.4741e-10 TSX
20180319 20180707 -3.5907e-05 6.2864e-10 TSX
20180707 20180911 0.00011458 7.266e-10 TSX
20180729 20181003 2.5353e-05 7.266e-10 TSX
20180820 20181003 9.868e-05 7.8553e-10 TSX
20180911 20181003 -0.00014064 8.6007e-10 TSX
