20030427 20030914 -7.9266e-05 5.661e-10 ERS2
20030914 20080629 3.7125e-05 2.6379e-10 ERS2
20050918 20090510 2.3436e-06 2.9892e-10 ERS2
20051127 20081116 -0.00018562 2.9758e-10 ERS2
20060903 20090510 3.1919e-05 3.0961e-10 ERS2
20061231 20090105 -2.5873e-06 3.1991e-10 ALOS
20070402 20070703 -9.7425e-05 6.6984e-10 ALOS
20070518 20091008 4.1978e-05 3.1579e-10 ALOS
20070818 20071003 -0.00037807 7.8176e-10 ALOS
20071217 20100509 -1.5679e-05 2.9833e-10 ALOS
20080103 20100526 0.00010867 3.0261e-10 ALOS
20080404 20080520 2.0215e-05 7.8182e-10 ALOS
20080618 20090921 -6.3535e-05 3.7229e-10 ALOS
20080629 20090510 -0.00019733 4.1653e-10 ERS2
20080705 20091008 -3.3207e-05 3.6771e-10 ALOS
20080803 20090823 8.5175e-06 3.8442e-10 ERS2
20081116 20090823 0.00010466 4.3282e-10 ERS2
20081219 20090921 4.1726e-05 4.471e-10 ALOS
20090105 20090708 -9.9011e-05 5.3046e-10 ALOS
20090510 20091101 3.0076e-05 5.2163e-10 ERS2
20090708 20091008 0.00046746 6.704e-10 ALOS
20090823 20091101 0.00089803 6.9952e-10 ERS2
20091222 20100624 -1.4016e-05 5.2936e-10 ALOS
20100108 20100223 0.0004339 7.8384e-10 ALOS
20100223 20100526 -6.7448e-05 6.7224e-10 ALOS
20100410 20100711 2.5805e-05 6.7215e-10 ALOS
20100509 20100624 0.00056193 7.7926e-10 ALOS
20100526 20100711 0.00039385 7.8179e-10 ALOS
20100624 20101109 -4.0808e-05 5.8519e-10 ALOS
20100711 20101011 -0.00030642 6.6953e-10 ALOS
20100809 20101109 -4.3775e-05 6.6648e-10 ALOS
20101011 20101126 0.00038267 7.8179e-10 ALOS
20110111 20110226 0.00063508 7.8175e-10 ALOS
20110924 20130715 4.8287e-05 3.2432e-10 TSX
20111005 20121229 -2.8337e-05 3.7708e-10 TSX
20111121 20171221 -6.076e-06 3.7309e-10 TSX
20111221 20130131 1.051e-05 3.8536e-10 TSX
20111224 20121027 -2.9237e-05 4.1923e-10 TSX
20120126 20140419 -2.7927e-05 3.2861e-10 TSX
20120203 20160320 1.6271e-05 2.9476e-10 TSX
20120206 20171107 -8.8954e-07 3.5322e-10 TSX
20120617 20171129 3.2918e-06 4.0859e-10 TSX
20120723 20160120 3.4077e-05 3.867e-10 TSX
20121024 20130109 -6.4383e-05 7.0756e-10 TSX
20121027 20151226 9.4973e-06 3.9622e-10 TSX
20121030 20130311 9.6317e-05 5.8541e-10 TSX
20121107 20171118 4.4962e-06 3.3411e-10 TSX
20121221 20160208 5.6015e-06 3.4013e-10 TSX
20121224 20130516 1.2626e-05 5.6909e-10 TSX
20121229 20130407 3.0575e-05 6.5949e-10 TSX
20130104 20130217 0.00012708 7.7799e-10 TSX
20130109 20130715 0.00019996 5.379e-10 TSX
20130112 20140511 -1.3263e-05 3.8416e-10 TSX
20130115 20130721 2.6307e-05 5.1411e-10 TSX
20130126 20130823 -0.0001599 5.5634e-10 TSX
20130131 20130429 0.00014004 6.8208e-10 TSX
20130203 20130729 -5.1799e-06 5.2336e-10 TSX
20130211 20130919 -3.1523e-05 4.9661e-10 TSX
20130228 20141209 1.9012e-05 3.272e-10 TSX
20130311 20130801 -8.7222e-05 5.6904e-10 TSX
20130316 20130623 4.2267e-05 6.5952e-10 TSX
20130402 20150122 -3.864e-06 3.9117e-10 TSX
20130407 20140530 4.5606e-05 3.8083e-10 TSX
20130421 20171016 -5.6979e-06 3.5402e-10 TSX
20130424 20130721 -6.6256e-05 6.6595e-10 TSX
20130429 20130623 -0.00010745 7.6073e-10 TSX
20130505 20131028 -0.00013112 5.4473e-10 TSX
20130513 20151112 1.5885e-05 3.6184e-10 TSX
20130516 20131017 -8.3697e-05 6.0474e-10 TSX
20130521 20130715 0.00012141 7.6072e-10 TSX
20130524 20171129 4.7242e-06 3.9444e-10 TSX
20130527 20140627 -6.1148e-06 3.8437e-10 TSX
20130601 20130930 -6.3596e-05 6.1935e-10 TSX
20130604 20141217 2.6981e-06 3.4149e-10 TSX
20130607 20140719 2.4625e-05 3.8065e-10 TSX
20130612 20150105 2.0477e-05 3.3933e-10 TSX
20130615 20160106 2.3409e-05 4.2955e-10 TSX
20130618 20140708 -2.4018e-05 3.8866e-10 TSX
20130623 20130715 0.00062084 8.6945e-10 TSX
20130629 20130914 1.8839e-05 7.1021e-10 TSX
20130707 20150130 -1.4576e-05 3.4086e-10 TSX
20130710 20140901 -1.2358e-05 3.7709e-10 TSX
20130715 20130726 -0.0024136 1.0183e-09 TSX
20130721 20131108 -0.00032149 6.5857e-10 TSX
20130726 20150517 5.6309e-05 3.5061e-10 TSX
20130729 20160904 -1.2507e-05 3.1443e-10 TSX
20130801 20151115 -1.7501e-05 3.9441e-10 TSX
20130817 20140209 2.6105e-05 5.421e-10 TSX
20130828 20150312 -4.2637e-05 3.466e-10 TSX
20130903 20150329 -6.3583e-05 4.2404e-10 TSX
20130919 20160309 3.0473e-05 3.4337e-10 TSX
20130925 20140708 -9.3649e-05 4.7527e-10 TSX
20130930 20160411 5.7361e-05 3.8105e-10 TSX
20131011 20150802 1.2073e-05 3.3804e-10 TSX
20131017 20140719 7.4325e-05 4.6086e-10 TSX
20131028 20160304 6.8829e-05 3.7633e-10 TSX
20131102 20140519 0.00016622 5.1791e-10 TSX
20131108 20140708 -0.0001794 4.9798e-10 TSX
20140209 20160309 1.6215e-06 3.6534e-10 TSX
20140223 20140829 1.298e-05 5.113e-10 TSX
20140408 20140705 6.0406e-07 6.6207e-10 TSX
20140419 20170913 1.5027e-05 3.7245e-10 TSX
20140511 20141228 3.2731e-05 4.7031e-10 TSX
20140519 20150824 -3.8167e-05 3.7022e-10 TSX
20140624 20171005 -5.8824e-06 3.3932e-10 TSX
20140627 20151115 -3.9243e-05 3.6785e-10 TSX
20140705 20180911 -1.0903e-06 3.6332e-10 TSX
20140708 20160406 -1.3303e-05 3.76e-10 TSX
20140716 20171005 -7.0971e-06 3.907e-10 TSX
20140719 20151207 -6.5918e-05 3.57e-10 TSX
20140727 20150326 9.7307e-06 4.6184e-10 TSX
20140810 20150122 2.4859e-05 5.6166e-10 TSX
20140818 20160301 3.1382e-05 3.4447e-10 TSX
20140829 20160208 1.3011e-05 4.0397e-10 TSX
20140901 20140912 -0.00025843 9.7344e-10 TSX
20140912 20141209 -3.9749e-05 6.6597e-10 TSX
20140920 20170902 2.0824e-06 3.4601e-10 TSX
20141209 20160211 -4.1866e-05 3.7575e-10 TSX
20141217 20160722 3.1697e-05 3.87e-10 TSX
20141228 20160106 9.4957e-06 3.8852e-10 TSX
20141231 20151024 -5.9484e-05 4.3078e-10 TSX
20150105 20150824 1.7196e-05 4.9178e-10 TSX
20150108 20170811 1.2481e-05 3.713e-10 TSX
20150119 20160117 -9.3841e-07 3.9653e-10 TSX
20150127 20160411 3.1241e-06 3.9739e-10 TSX
20150130 20151112 4.9843e-05 4.3762e-10 TSX
20150210 20170114 1.9018e-05 3.5004e-10 TSX
20150213 20160326 8.1035e-05 4.0372e-10 TSX
20150218 20160216 -1.1497e-05 4.0293e-10 TSX
20150221 20180112 2.0218e-05 3.7205e-10 TSX
20150304 20180911 5.4488e-06 3.6539e-10 TSX
20150307 20160211 -5.7514e-05 4.1837e-10 TSX
20150312 20160320 2.696e-05 4.0047e-10 TSX
20150326 20150827 4.8151e-05 5.5136e-10 TSX
20150329 20151207 -0.00011492 4.5567e-10 TSX
20150428 20160425 2.6149e-05 3.9596e-10 TSX
20150509 20150827 3.6927e-05 6.2356e-10 TSX
20150517 20150824 -0.00024811 6.5951e-10 TSX
20150520 20180911 -8.3204e-07 4.0987e-10 TSX
20150714 20170822 -3.802e-06 3.3196e-10 TSX
20150725 20170924 -1.1439e-05 3.1937e-10 TSX
20150802 20160309 -4.3711e-05 4.9653e-10 TSX
20150805 20160403 1.7348e-05 4.6128e-10 TSX
20150816 20171107 1.8993e-05 2.9845e-10 TSX
20150824 20150915 0.00051126 8.6937e-10 TSX
20150827 20170902 8.2265e-06 3.0988e-10 TSX
20150915 20160216 1.8639e-05 5.696e-10 TSX
20151021 20160904 -1.7384e-05 4.1355e-10 TSX
20151101 20171016 -1.2038e-05 3.1411e-10 TSX
20151112 20160425 1.3022e-05 5.3653e-10 TSX
20151115 20151229 0.00012931 7.7798e-10 TSX
20151123 20171221 -8.0364e-06 3.0261e-10 TSX
20151204 20151215 0.0001548 9.8268e-10 TSX
20151207 20160406 2.8555e-05 6.0308e-10 TSX
20151215 20170822 -4.4027e-06 3.3515e-10 TSX
20151226 20161223 2.258e-05 3.9336e-10 TSX
20151229 20160211 2.5174e-05 7.7798e-10 TSX
20160106 20161223 3.0348e-05 3.9781e-10 TSX
20160117 20160926 1.0988e-05 4.5431e-10 TSX
20160128 20160301 -0.00012659 8.1035e-10 TSX
20160208 20160312 -7.5627e-05 8.1035e-10 TSX
20160216 20160309 -0.00030253 8.6937e-10 TSX
20160219 20180319 1.8427e-06 3.0466e-10 TSX
20160301 20161201 -1.1116e-05 4.3887e-10 TSX
20160304 20160326 1.5461e-05 8.5431e-10 TSX
20160312 20180319 -1.2335e-05 3.058e-10 TSX
20160320 20160411 0.00038582 8.6938e-10 TSX
20160323 20171118 9.7635e-06 3.1749e-10 TSX
20160326 20160406 -0.00048611 9.7334e-10 TSX
20160403 20171027 1.5403e-05 3.4562e-10 TSX
20160425 20170811 2.1557e-05 3.5217e-10 TSX
20160528 20160630 2.641e-06 8.1035e-10 TSX
20160630 20171118 3.2241e-06 3.3956e-10 TSX
20160722 20161201 2.8214e-05 5.8163e-10 TSX
20160904 20180707 -1.8792e-06 3.2606e-10 TSX
20160915 20180911 8.8754e-06 3.0676e-10 TSX
20160926 20170114 3.5734e-05 6.1842e-10 TSX
20161201 20171027 1.4147e-05 4.0692e-10 TSX
20161223 20171107 -3.5606e-05 4.1048e-10 TSX
20170114 20170902 1.5762e-05 4.6998e-10 TSX
20170811 20171005 -4.3506e-05 7.4357e-10 TSX
20170822 20180707 -2.7584e-05 4.1352e-10 TSX
20170913 20180707 -2.3261e-05 4.2507e-10 TSX
20170924 20180319 -5.4896e-05 5.2343e-10 TSX
20171005 20171107 7.5377e-05 8.1035e-10 TSX
20171016 20180319 -2.2993e-05 5.5036e-10 TSX
20171027 20180911 -1.6444e-05 4.1361e-10 TSX
20171107 20171118 7.6504e-05 9.8268e-10 TSX
20171118 20171129 4.6834e-05 9.8268e-10 TSX
20171129 20171221 -2.6263e-05 8.5513e-10 TSX
20171210 20180820 -3.3686e-05 4.5368e-10 TSX
20171221 20180911 -1.3799e-05 4.4603e-10 TSX
20180112 20181003 -4.381e-05 4.4595e-10 TSX
20180319 20180707 -5.9358e-05 6.1839e-10 TSX
20180707 20180911 0.0001191 7.141e-10 TSX
20180729 20181003 -3.3046e-05 7.141e-10 TSX
20180820 20181003 3.4621e-05 7.7541e-10 TSX
20180911 20181003 -0.00016722 8.5513e-10 TSX
