20030427 20030914 0.00041035 5.6648e-10 ERS2
20030914 20080629 -0.00019311 2.7196e-10 ERS2
20050918 20090510 -6.9054e-05 2.9939e-10 ERS2
20051127 20081116 0.00023504 3.0719e-10 ERS2
20060903 20090510 -2.7836e-05 3.0629e-10 ERS2
20061231 20090105 3.6664e-05 3.1304e-10 ALOS
20070402 20070703 -0.0001507 6.6622e-10 ALOS
20070518 20091008 8.1281e-05 2.9831e-10 ALOS
20070818 20071003 -0.00026111 7.7499e-10 ALOS
20071217 20100509 -6.8828e-05 3.0069e-10 ALOS
20080103 20100526 -7.2981e-05 2.964e-10 ALOS
20080404 20080520 3.9004e-07 7.7501e-10 ALOS
20080618 20090921 -2.4801e-05 3.728e-10 ALOS
20080629 20090510 -0.00019494 4.1198e-10 ERS2
20080705 20091008 0.00010122 3.6534e-10 ALOS
20080803 20090823 -1.3237e-05 3.8294e-10 ERS2
20081116 20090823 3.5777e-05 4.3206e-10 ERS2
20081219 20090921 0.00051052 4.4615e-10 ALOS
20090105 20090708 2.0197e-05 5.2804e-10 ALOS
20090510 20091101 0.00020319 5.2236e-10 ERS2
20090708 20091008 0.00086124 6.6612e-10 ALOS
20090823 20091101 -5.7861e-05 6.9852e-10 ERS2
20091222 20100624 0.00079104 5.2526e-10 ALOS
20100108 20100223 0.00082664 7.7503e-10 ALOS
20100223 20100526 -0.00014336 6.6633e-10 ALOS
20100410 20100711 -0.00011199 6.6624e-10 ALOS
20100509 20100624 0.00061388 7.7303e-10 ALOS
20100526 20100711 0.00052402 7.75e-10 ALOS
20100624 20101109 6.7303e-05 5.8397e-10 ALOS
20100711 20101011 0.00025091 6.6623e-10 ALOS
20100809 20101109 -1.0867e-05 6.6352e-10 ALOS
20101011 20101126 0.00021153 7.75e-10 ALOS
20110111 20110226 0.00075945 7.7499e-10 ALOS
20110924 20130715 4.7768e-05 3.247e-10 TSX
20111005 20121229 -6.5628e-05 3.6877e-10 TSX
20111121 20171221 -2.231e-05 3.1363e-10 TSX
20111221 20130131 4.2365e-05 3.8518e-10 TSX
20111224 20121027 -1.4985e-05 4.1919e-10 TSX
20120126 20140419 -7.9471e-05 2.9416e-10 TSX
20120203 20160320 1.3441e-05 2.6048e-10 TSX
20120206 20171107 -4.832e-05 2.8096e-10 TSX
20120617 20171129 -5.3717e-05 2.7909e-10 TSX
20120723 20160120 6.5224e-05 2.8261e-10 TSX
20121024 20130109 6.8539e-06 7.0152e-10 TSX
20121027 20151226 -8.0636e-05 3.0498e-10 TSX
20121030 20130311 2.4125e-05 5.8464e-10 TSX
20121107 20171118 -3.8898e-05 2.8951e-10 TSX
20121221 20160208 -7.6269e-05 2.8749e-10 TSX
20121224 20130516 -3.6818e-05 5.6849e-10 TSX
20121229 20130407 0.00027967 6.5605e-10 TSX
20130104 20130217 0.0002413 7.7302e-10 TSX
20130109 20130715 9.5601e-05 5.2846e-10 TSX
20130112 20140511 -0.0001034 3.5462e-10 TSX
20130115 20130721 -0.00011664 5.141e-10 TSX
20130126 20130823 1.8054e-05 5.0128e-10 TSX
20130131 20130429 -6.9658e-05 6.7793e-10 TSX
20130203 20130729 -1.6373e-05 5.2313e-10 TSX
20130211 20130919 3.8969e-05 4.9593e-10 TSX
20130228 20141209 4.5556e-05 3.1372e-10 TSX
20130311 20130801 -5.8503e-06 5.686e-10 TSX
20130316 20130623 0.00011223 6.5606e-10 TSX
20130402 20150122 9.6653e-05 3.7124e-10 TSX
20130407 20140530 -1.0128e-05 3.8082e-10 TSX
20130421 20171016 -9.7635e-06 2.943e-10 TSX
20130424 20130721 -0.00021891 6.6401e-10 TSX
20130429 20130623 3.1858e-05 7.5398e-10 TSX
20130505 20131028 -0.00037258 5.3508e-10 TSX
20130513 20151112 -6.5163e-05 3.2874e-10 TSX
20130516 20131017 -0.0002241 5.7008e-10 TSX
20130521 20130715 0.00012982 7.54e-10 TSX
20130524 20171129 2.3267e-07 3.0604e-10 TSX
20130527 20140627 -3.2589e-06 3.8367e-10 TSX
20130601 20130930 2.1837e-05 6.1696e-10 TSX
20130604 20141217 -5.5463e-05 3.3948e-10 TSX
20130607 20140719 1.977e-05 3.8013e-10 TSX
20130612 20150105 3.194e-05 3.3847e-10 TSX
20130615 20160106 -5.3075e-05 2.9736e-10 TSX
20130618 20140708 3.5028e-07 3.8818e-10 TSX
20130623 20130715 0.00055504 8.6111e-10 TSX
20130629 20130914 0.00018481 6.8869e-10 TSX
20130707 20150130 -6.77e-05 3.383e-10 TSX
20130710 20140901 3.1914e-05 3.7659e-10 TSX
20130715 20130726 -0.002472 1.01e-09 TSX
20130721 20131108 0.00072309 6.3089e-10 TSX
20130726 20150517 0.00016082 3.2293e-10 TSX
20130729 20160904 -5.6403e-05 2.9402e-10 TSX
20130801 20151115 4.2739e-05 3.0065e-10 TSX
20130817 20140209 7.9606e-05 5.4095e-10 TSX
20130828 20150312 8.7583e-05 3.4034e-10 TSX
20130903 20150329 -4.8879e-05 3.6787e-10 TSX
20130919 20160309 7.1752e-05 2.804e-10 TSX
20130925 20140708 6.0368e-05 4.3153e-10 TSX
20130930 20160411 0.0001052 2.8321e-10 TSX
20131011 20150802 1.9161e-05 3.2926e-10 TSX
20131017 20140719 2.7977e-05 4.3875e-10 TSX
20131028 20160304 -4.9408e-05 3.214e-10 TSX
20131102 20140519 -0.00018429 5.1711e-10 TSX
20131108 20140708 -6.1584e-06 4.6393e-10 TSX
20140209 20160309 1.2387e-05 3.0885e-10 TSX
20140223 20140829 -4.2074e-05 5.1107e-10 TSX
20140408 20140705 -2.2417e-05 6.6127e-10 TSX
20140419 20170913 1.0661e-05 3.3326e-10 TSX
20140511 20141228 4.1165e-05 4.7008e-10 TSX
20140519 20150824 0.00016823 3.6646e-10 TSX
20140624 20171005 -1.572e-05 3.0907e-10 TSX
20140627 20151115 7.3143e-05 3.504e-10 TSX
20140705 20180911 1.7283e-06 2.9656e-10 TSX
20140708 20160406 7.385e-05 3.3899e-10 TSX
20140716 20171005 -6.932e-06 3.0186e-10 TSX
20140719 20151207 5.5466e-05 3.4936e-10 TSX
20140727 20150326 -7.8569e-05 4.6156e-10 TSX
20140810 20150122 -1.6574e-05 5.3918e-10 TSX
20140818 20160301 -6.4361e-05 3.3668e-10 TSX
20140829 20160208 -2.7051e-05 3.3878e-10 TSX
20140901 20140912 -0.00031623 9.67e-10 TSX
20140912 20141209 0.0001128 6.64e-10 TSX
20140920 20170902 -3.3484e-05 3.1055e-10 TSX
20141209 20160211 4.1452e-05 3.7203e-10 TSX
20141217 20160722 -4.5904e-05 3.37e-10 TSX
20141228 20160106 -3.5838e-05 3.8293e-10 TSX
20141231 20151024 2.3629e-05 4.2597e-10 TSX
20150105 20150824 7.9172e-06 4.8741e-10 TSX
20150108 20170811 -3.0315e-05 3.1328e-10 TSX
20150119 20160117 -5.425e-06 3.8861e-10 TSX
20150127 20160411 0.00014105 3.7391e-10 TSX
20150130 20151112 -9.0393e-06 4.2966e-10 TSX
20150210 20170114 -5.1779e-05 3.1621e-10 TSX
20150213 20160326 -2.8314e-05 4.2981e-10 TSX
20150218 20160216 3.6663e-05 4.0411e-10 TSX
20150221 20180112 -2.7343e-05 3.0091e-10 TSX
20150304 20180911 -9.7875e-05 3.1385e-10 TSX
20150307 20160211 0.00010427 4.0503e-10 TSX
20150312 20160320 -1.8902e-05 3.9994e-10 TSX
20150326 20150827 4.4358e-05 5.4989e-10 TSX
20150329 20151207 5.576e-05 4.5659e-10 TSX
20150428 20160425 1.0521e-05 3.9209e-10 TSX
20150509 20150827 1.4019e-05 6.182e-10 TSX
20150517 20150824 -0.00012226 6.5685e-10 TSX
20150520 20180911 -2.8485e-05 3.1449e-10 TSX
20150714 20170822 -2.2732e-05 2.989e-10 TSX
20150725 20170924 -4.7039e-05 3.1471e-10 TSX
20150802 20160309 7.0018e-06 4.9592e-10 TSX
20150805 20160403 -2.5389e-05 4.6115e-10 TSX
20150816 20171107 -3.3907e-05 3.0205e-10 TSX
20150824 20150915 0.00068966 8.61e-10 TSX
20150827 20170902 -3.8724e-05 3.0598e-10 TSX
20150915 20160216 -0.00013216 5.6817e-10 TSX
20151021 20160904 -7.005e-05 4.1249e-10 TSX
20151101 20171016 -2.7139e-05 3.1259e-10 TSX
20151112 20160425 -4.3872e-05 5.3609e-10 TSX
20151115 20151229 0.00013646 7.7302e-10 TSX
20151123 20171221 -4.0418e-05 3.0536e-10 TSX
20151204 20151215 0.00017444 9.772e-10 TSX
20151207 20160406 -0.00014512 6.0214e-10 TSX
20151215 20170822 -3.1199e-05 3.2186e-10 TSX
20151226 20161223 -1.9445e-05 3.9398e-10 TSX
20151229 20160211 8.078e-05 7.7302e-10 TSX
20160106 20161223 6.7148e-06 3.9814e-10 TSX
20160117 20160926 -3.5261e-06 4.53e-10 TSX
20160128 20160301 -0.00023383 8.0611e-10 TSX
20160208 20160312 -7.0004e-05 8.0611e-10 TSX
20160216 20160309 -0.00039927 8.61e-10 TSX
20160219 20180319 -7.4622e-05 3.1362e-10 TSX
20160301 20161201 3.3679e-05 4.387e-10 TSX
20160304 20160326 7.092e-05 8.4807e-10 TSX
20160312 20180319 -9.7362e-05 3.0838e-10 TSX
20160320 20160411 0.00047588 8.6101e-10 TSX
20160323 20171118 -2.6809e-05 3.3154e-10 TSX
20160326 20160406 -0.00048409 9.6693e-10 TSX
20160403 20171027 -2.0394e-05 3.3369e-10 TSX
20160425 20170811 -1.9106e-05 3.5225e-10 TSX
20160528 20160630 -2.88e-06 8.0611e-10 TSX
20160630 20171118 -2.6272e-05 3.4141e-10 TSX
20160722 20161201 4.0737e-05 5.8132e-10 TSX
20160904 20180707 -0.0001133 3.2955e-10 TSX
20160915 20180911 -9.946e-05 3.0977e-10 TSX
20160926 20170114 -7.8447e-05 6.1797e-10 TSX
20161201 20171027 -4.0853e-05 4.0795e-10 TSX
20161223 20171107 -5.3582e-05 4.1109e-10 TSX
20170114 20170902 5.0223e-06 4.6921e-10 TSX
20170811 20171005 -9.6328e-05 7.4114e-10 TSX
20170822 20180707 -0.00013841 4.1361e-10 TSX
20170913 20180707 -0.00020582 4.2537e-10 TSX
20170924 20180319 -0.00020283 5.2321e-10 TSX
20171005 20171107 3.7999e-05 8.0611e-10 TSX
20171016 20180319 -0.00020973 5.5008e-10 TSX
20171027 20180911 -0.00010884 4.1382e-10 TSX
20171107 20171118 6.3899e-05 9.772e-10 TSX
20171118 20171129 4.8278e-05 9.772e-10 TSX
20171129 20171221 -2.862e-05 8.5011e-10 TSX
20171210 20180820 -0.00012714 4.5356e-10 TSX
20171221 20180911 -0.00012681 4.4592e-10 TSX
20180112 20181003 -0.00014746 4.4623e-10 TSX
20180319 20180707 -9.2853e-05 6.1797e-10 TSX
20180707 20180911 0.00025053 7.124e-10 TSX
20180729 20181003 4.7938e-05 7.124e-10 TSX
20180820 20181003 0.00018414 7.7209e-10 TSX
20180911 20181003 -0.00014247 8.5011e-10 TSX
