20030427 20030914 0.00036805 8.4218e-10 ERS2
20030914 20080629 -8.7004e-05 7.6164e-10 ERS2
20050918 20090510 7.7712e-06 8.197e-10 ERS2
20051127 20081116 8.1108e-05 7.924e-10 ERS2
20060903 20090510 -3.8044e-05 8.3828e-10 ERS2
20061231 20090105 2.1258e-05 6.0882e-10 ALOS
20070402 20070703 -7.3939e-05 8.1552e-10 ALOS
20070518 20091008 -6.2924e-05 5.9617e-10 ALOS
20070818 20071003 -0.00034609 8.4989e-10 ALOS
20071217 20100509 -9.7352e-05 6.0596e-10 ALOS
20080103 20100526 -4.7831e-05 5.9457e-10 ALOS
20080404 20080520 1.1518e-05 8.4986e-10 ALOS
20080618 20090921 -2.2311e-05 6.7105e-10 ALOS
20080629 20090510 -0.00033552 8.3162e-10 ERS2
20080705 20091008 -0.00021577 6.4414e-10 ALOS
20080803 20090823 -1.5484e-07 7.9076e-10 ERS2
20081116 20090823 4.635e-05 8.3498e-10 ERS2
20081219 20090921 0.0010495 7.147e-10 ALOS
20090105 20090708 6.9528e-05 7.4908e-10 ALOS
20090510 20091101 -0.00019291 8.2026e-10 ERS2
20090708 20091008 0.0004336 8.1807e-10 ALOS
20090823 20091101 0.00033709 8.4696e-10 ERS2
20091222 20100624 0.00055868 7.5014e-10 ALOS
20100108 20100223 0.00037558 8.4992e-10 ALOS
20100223 20100526 -7.9192e-05 8.1549e-10 ALOS
20100410 20100711 -6.6044e-05 8.1822e-10 ALOS
20100509 20100624 0.00071778 8.4916e-10 ALOS
20100526 20100711 0.00050859 8.4991e-10 ALOS
20100624 20101109 5.8017e-05 7.8456e-10 ALOS
20100711 20101011 -6.6864e-05 8.1874e-10 ALOS
20100809 20101109 -4.0981e-05 8.1562e-10 ALOS
20101011 20101126 0.00022577 8.4991e-10 ALOS
20110111 20110226 0.00071194 8.4989e-10 ALOS
20110924 20130715 3.6896e-05 6.0848e-10 TSX
20111005 20121229 -4.4663e-05 6.3688e-10 TSX
20111121 20171221 -1.175e-05 7.5403e-10 TSX
20111221 20130131 -1.227e-05 6.527e-10 TSX
20111224 20121027 1.4868e-05 8.1192e-10 TSX
20120126 20140419 -2.8346e-06 7.7869e-10 TSX
20120203 20160320 -1.4002e-05 5.2352e-10 TSX
20120206 20171107 2.2617e-06 7.5172e-10 TSX
20120617 20171129 1.7806e-06 7.5525e-10 TSX
20120723 20160120 -3.9765e-05 5.8156e-10 TSX
20121024 20130109 2.1508e-05 8.2736e-10 TSX
20121027 20151226 -2.8077e-07 7.7118e-10 TSX
20121030 20130311 7.0127e-06 7.8851e-10 TSX
20121107 20171118 1.54e-05 7.6362e-10 TSX
20121221 20160208 2.1862e-05 7.6798e-10 TSX
20121224 20130516 1.8334e-05 7.8216e-10 TSX
20121229 20130407 1.852e-05 8.1137e-10 TSX
20130104 20130217 4.7089e-05 8.4922e-10 TSX
20130109 20130715 0.00021958 7.4658e-10 TSX
20130112 20140511 6.9157e-07 8.0113e-10 TSX
20130115 20130721 -0.00011211 7.4844e-10 TSX
20130126 20130823 -0.00016613 7.2571e-10 TSX
20130131 20130429 1.1966e-05 8.1941e-10 TSX
20130203 20130729 1.2305e-05 8.2629e-10 TSX
20130211 20130919 8.9572e-05 7.2866e-10 TSX
20130228 20141209 1.0085e-06 6.1884e-10 TSX
20130311 20130801 -1.0181e-05 7.8113e-10 TSX
20130316 20130623 -3.8018e-05 8.1136e-10 TSX
20130402 20150122 0.00011546 5.5472e-10 TSX
20130407 20140530 0.00010328 6.4778e-10 TSX
20130421 20171016 7.108e-06 7.6004e-10 TSX
20130424 20130721 -0.00022916 8.1756e-10 TSX
20130429 20130623 -0.00011012 8.4354e-10 TSX
20130505 20131028 -0.00059601 7.4958e-10 TSX
20130513 20151112 3.7759e-05 7.7271e-10 TSX
20130516 20131017 -0.00018343 7.6632e-10 TSX
20130521 20130715 0.00025614 8.4359e-10 TSX
20130524 20171129 2.1216e-05 7.5865e-10 TSX
20130527 20140627 -7.1034e-05 6.8399e-10 TSX
20130601 20130930 0.00017524 7.9507e-10 TSX
20130604 20141217 2.2961e-05 7.9859e-10 TSX
20130607 20140719 8.0541e-05 6.8219e-10 TSX
20130612 20150105 -3.8358e-05 6.1638e-10 TSX
20130615 20160106 2.313e-05 7.7209e-10 TSX
20130618 20140708 1.3919e-05 6.8717e-10 TSX
20130623 20130715 0.00068396 8.9423e-10 TSX
20130629 20130914 0.0002257 8.2483e-10 TSX
20130707 20150130 8.9225e-06 7.9982e-10 TSX
20130710 20140901 5.244e-05 6.8075e-10 TSX
20130715 20130726 -0.0024524 1.0311e-09 TSX
20130721 20131108 0.00077959 8.0049e-10 TSX
20130726 20150517 2.0403e-05 6.0486e-10 TSX
20130729 20160904 -5.5856e-06 7.7218e-10 TSX
20130801 20151115 4.0596e-05 5.9641e-10 TSX
20130817 20140209 -4.5331e-05 7.5591e-10 TSX
20130828 20150312 5.3519e-05 6.1759e-10 TSX
20130903 20150329 -0.00011413 5.7626e-10 TSX
20130919 20160309 1.9467e-06 5.4096e-10 TSX
20130925 20140708 7.2515e-07 6.9412e-10 TSX
20130930 20160411 -1.7294e-05 5.4539e-10 TSX
20131011 20150802 -1.6631e-05 5.9944e-10 TSX
20131017 20140719 -0.00011239 7.0059e-10 TSX
20131028 20160304 7.4735e-06 5.5087e-10 TSX
20131102 20140519 7.6659e-05 7.426e-10 TSX
20131108 20140708 -5.0221e-05 7.1287e-10 TSX
20140209 20160309 1.6861e-05 6.0021e-10 TSX
20140223 20140829 3.9857e-05 8.2475e-10 TSX
20140408 20140705 -8.774e-07 8.452e-10 TSX
20140419 20170913 3.0093e-05 7.5482e-10 TSX
20140511 20141228 4.6103e-05 8.1885e-10 TSX
20140519 20150824 -6.2143e-05 6.3157e-10 TSX
20140624 20171005 7.6517e-06 7.6465e-10 TSX
20140627 20151115 7.4129e-05 6.3313e-10 TSX
20140705 20180911 -3.5341e-06 7.7587e-10 TSX
20140708 20160406 -1.1188e-06 6.1509e-10 TSX
20140716 20171005 1.5695e-05 7.6326e-10 TSX
20140719 20151207 1.3671e-05 6.3411e-10 TSX
20140727 20150326 -1.6453e-05 8.1815e-10 TSX
20140810 20150122 -2.3417e-06 7.6147e-10 TSX
20140818 20160301 1.6942e-05 7.8238e-10 TSX
20140829 20160208 1.9252e-05 7.8249e-10 TSX
20140901 20140912 -0.00028524 9.8776e-10 TSX
20140912 20141209 -2.0925e-05 8.1763e-10 TSX
20140920 20170902 3.072e-05 7.7141e-10 TSX
20141209 20160211 2.911e-05 6.4943e-10 TSX
20141217 20160722 1.7151e-05 7.7958e-10 TSX
20141228 20160106 1.6398e-05 7.9403e-10 TSX
20141231 20151024 8.6613e-05 6.9313e-10 TSX
20150105 20150824 -1.4369e-05 7.205e-10 TSX
20150108 20170811 5.8046e-06 7.6494e-10 TSX
20150119 20160117 5.2993e-05 7.9571e-10 TSX
20150127 20160411 2.188e-05 6.3553e-10 TSX
20150130 20151112 4.472e-05 8.0344e-10 TSX
20150210 20170114 2.8031e-05 7.7237e-10 TSX
20150213 20160326 0.00026689 6.1085e-10 TSX
20150218 20160216 3.9269e-05 6.6239e-10 TSX
20150221 20180112 2.8399e-05 7.5604e-10 TSX
20150304 20180911 1.7399e-05 7.7096e-10 TSX
20150307 20160211 3.8519e-06 6.764e-10 TSX
20150312 20160320 -1.0412e-05 6.5808e-10 TSX
20150326 20150827 5.6355e-05 8.2911e-10 TSX
20150329 20151207 3.2533e-05 7.1414e-10 TSX
20150428 20160425 2.9804e-05 7.9378e-10 TSX
20150509 20150827 3.942e-05 8.3924e-10 TSX
20150517 20150824 3.1961e-05 8.113e-10 TSX
20150520 20180911 1.0061e-05 7.6758e-10 TSX
20150714 20170822 2.0086e-05 7.74e-10 TSX
20150725 20170924 1.3177e-05 7.7127e-10 TSX
20150802 20160309 -7.2341e-05 7.3086e-10 TSX
20150805 20160403 4.9662e-06 8.1702e-10 TSX
20150816 20171107 1.7633e-05 7.7315e-10 TSX
20150824 20150915 0.00069244 8.9411e-10 TSX
20150827 20170902 7.1485e-06 7.7613e-10 TSX
20150915 20160216 -0.00012607 7.708e-10 TSX
20151021 20160904 -3.4893e-05 8.0863e-10 TSX
20151101 20171016 9.3857e-06 7.8112e-10 TSX
20151112 20160425 -2.1284e-05 8.2833e-10 TSX
20151115 20151229 0.00012505 8.4922e-10 TSX
20151123 20171221 3.4775e-06 7.7462e-10 TSX
20151204 20151215 0.00015961 1.0002e-09 TSX
20151207 20160406 -2.923e-05 7.954e-10 TSX
20151215 20170822 2.4166e-05 7.7674e-10 TSX
20151226 20161223 2.909e-05 8.0804e-10 TSX
20151229 20160211 1.5217e-05 8.4922e-10 TSX
20160106 20161223 3.8542e-05 8.0853e-10 TSX
20160117 20160926 1.2323e-05 8.1562e-10 TSX
20160128 20160301 -0.00017953 8.6784e-10 TSX
20160208 20160312 -9.2345e-05 8.6784e-10 TSX
20160216 20160309 -0.00040008 8.9411e-10 TSX
20160219 20180319 8.6736e-06 7.8007e-10 TSX
20160301 20161201 5.9294e-05 8.1479e-10 TSX
20160304 20160326 4.5602e-05 8.8287e-10 TSX
20160312 20180319 7.9902e-06 7.7903e-10 TSX
20160320 20160411 0.00037161 8.9412e-10 TSX
20160323 20171118 1.6336e-05 7.8289e-10 TSX
20160326 20160406 -0.00049013 9.8769e-10 TSX
20160403 20171027 2.9753e-05 7.8166e-10 TSX
20160425 20170811 2.9522e-05 7.8782e-10 TSX
20160528 20160630 4.7307e-06 8.6784e-10 TSX
20160630 20171118 2.5191e-05 7.8714e-10 TSX
20160722 20161201 0.00010639 8.3513e-10 TSX
20160904 20180707 6.8021e-06 7.9447e-10 TSX
20160915 20180911 -6.8315e-06 7.8513e-10 TSX
20160926 20170114 3.9809e-05 8.3999e-10 TSX
20161201 20171027 6.4675e-06 8.0759e-10 TSX
20161223 20171107 -2.9906e-06 7.9951e-10 TSX
20170114 20170902 1.2939e-05 8.1172e-10 TSX
20170811 20171005 -4.3888e-05 8.545e-10 TSX
20170822 20180707 -2.867e-05 8.1109e-10 TSX
20170913 20180707 -6.3319e-05 8.1214e-10 TSX
20170924 20180319 -1.0008e-05 8.2678e-10 TSX
20171005 20171107 4.8251e-05 8.6784e-10 TSX
20171016 20180319 -8.5118e-06 8.3062e-10 TSX
20171027 20180911 -2.2221e-05 8.1124e-10 TSX
20171107 20171118 7.5726e-05 1.0002e-09 TSX
20171118 20171129 5.1184e-05 1.0002e-09 TSX
20171129 20171221 -1.9111e-05 8.892e-10 TSX
20171210 20180820 -3.8698e-05 8.1672e-10 TSX
20171221 20180911 -1.2914e-05 8.158e-10 TSX
20180112 20181003 2.3357e-05 8.1538e-10 TSX
20180319 20180707 -0.00010489 8.4004e-10 TSX
20180707 20180911 0.00019714 8.5089e-10 TSX
20180729 20181003 4.7234e-05 8.5089e-10 TSX
20180820 20181003 0.00016476 8.594e-10 TSX
20180911 20181003 -0.00015473 8.8922e-10 TSX
