20030427 20030914 0.00036404 5.6527e-10 ERS2
20030914 20080629 -9.8772e-05 2.7127e-10 ERS2
20050918 20090510 -2.6969e-05 3.0061e-10 ERS2
20051127 20081116 7.3735e-05 3.0455e-10 ERS2
20060903 20090510 -0.00016597 3.1341e-10 ERS2
20061231 20090105 -4.8028e-05 3.134e-10 ALOS
20070402 20070703 1.3907e-05 6.662e-10 ALOS
20070518 20091008 1.6103e-05 3.0052e-10 ALOS
20070818 20071003 -0.00028932 7.75e-10 ALOS
20071217 20100509 4.6778e-05 3.006e-10 ALOS
20080103 20100526 3.6014e-05 2.9802e-10 ALOS
20080404 20080520 6.8998e-05 7.7501e-10 ALOS
20080618 20090921 0.00026576 3.7231e-10 ALOS
20080629 20090510 -0.00028445 4.1219e-10 ERS2
20080705 20091008 0.00026117 3.6488e-10 ALOS
20080803 20090823 3.221e-05 3.8333e-10 ERS2
20081116 20090823 9.0982e-05 4.3207e-10 ERS2
20081219 20090921 0.00060114 4.4599e-10 ALOS
20090105 20090708 0.00016365 5.2796e-10 ALOS
20090510 20091101 5.4472e-05 5.206e-10 ERS2
20090708 20091008 0.00069837 6.6612e-10 ALOS
20090823 20091101 -0.00021211 6.9851e-10 ERS2
20091222 20100624 0.00051821 5.2535e-10 ALOS
20100108 20100223 0.00069054 7.7501e-10 ALOS
20100223 20100526 -2.3163e-05 6.6613e-10 ALOS
20100410 20100711 9.6411e-05 6.6617e-10 ALOS
20100509 20100624 0.00066234 7.7304e-10 ALOS
20100526 20100711 0.00063106 7.7501e-10 ALOS
20100624 20101109 0.00017578 5.8397e-10 ALOS
20100711 20101011 0.00023849 6.6624e-10 ALOS
20100809 20101109 0.00018019 6.6352e-10 ALOS
20101011 20101126 0.0001426 7.7501e-10 ALOS
20110111 20110226 0.00070765 7.75e-10 ALOS
20110924 20130715 0.00011061 3.2574e-10 TSX
20111005 20121229 1.7085e-06 3.7096e-10 TSX
20111121 20171221 1.5429e-05 3.5445e-10 TSX
20111221 20130131 9.9765e-05 3.8676e-10 TSX
20111224 20121027 7.8058e-05 4.194e-10 TSX
20120126 20140419 4.4411e-05 3.1813e-10 TSX
20120203 20160320 -2.1058e-06 2.5569e-10 TSX
20120206 20171107 4.1931e-05 3.5964e-10 TSX
20120617 20171129 6.4804e-05 3.2974e-10 TSX
20120723 20160120 0.00010428 2.9583e-10 TSX
20121024 20130109 5.2463e-05 7.0153e-10 TSX
20121027 20151226 0.00017433 3.2272e-10 TSX
20121030 20130311 7.1632e-05 5.8468e-10 TSX
20121107 20171118 -1.0202e-05 3.0531e-10 TSX
20121221 20160208 3.4524e-05 3.3582e-10 TSX
20121224 20130516 4.2451e-05 5.6853e-10 TSX
20121229 20130407 0.00025686 6.5604e-10 TSX
20130104 20130217 0.00020231 7.7304e-10 TSX
20130109 20130715 0.00023485 5.2861e-10 TSX
20130112 20140511 4.9139e-05 3.548e-10 TSX
20130115 20130721 -5.2931e-05 5.1489e-10 TSX
20130126 20130823 0.00013828 4.9704e-10 TSX
20130131 20130429 -1.9379e-05 6.7796e-10 TSX
20130203 20130729 0.0001326 5.2311e-10 TSX
20130211 20130919 0.00016587 4.9597e-10 TSX
20130228 20141209 1.1108e-05 3.1864e-10 TSX
20130311 20130801 0.00010153 5.6843e-10 TSX
20130316 20130623 0.00019592 6.5606e-10 TSX
20130402 20150122 9.662e-05 3.1823e-10 TSX
20130407 20140530 3.9384e-05 3.8197e-10 TSX
20130421 20171016 1.3682e-05 3.3524e-10 TSX
20130424 20130721 -6.9635e-05 6.6401e-10 TSX
20130429 20130623 9.7137e-05 7.5399e-10 TSX
20130505 20131028 -0.0001957 5.4075e-10 TSX
20130513 20151112 -9.3533e-05 2.9264e-10 TSX
20130516 20131017 -2.0775e-06 5.5747e-10 TSX
20130521 20130715 0.00034282 7.5402e-10 TSX
20130524 20171129 3.8026e-05 3.1264e-10 TSX
20130527 20140627 6.0428e-05 3.8394e-10 TSX
20130601 20130930 0.00026035 6.1697e-10 TSX
20130604 20141217 5.3293e-05 3.3896e-10 TSX
20130607 20140719 7.6577e-05 3.808e-10 TSX
20130612 20150105 0.00011904 3.3911e-10 TSX
20130615 20160106 0.00013847 2.9766e-10 TSX
20130618 20140708 3.7057e-05 3.8819e-10 TSX
20130623 20130715 0.00065132 8.6118e-10 TSX
20130629 20130914 0.00033078 6.8852e-10 TSX
20130707 20150130 2.7951e-05 3.3863e-10 TSX
20130710 20140901 6.5874e-05 3.775e-10 TSX
20130715 20130726 -0.0024663 1.0101e-09 TSX
20130721 20131108 0.00079615 6.3221e-10 TSX
20130726 20150517 9.292e-05 3.2203e-10 TSX
20130729 20160904 9.8455e-06 2.9723e-10 TSX
20130801 20151115 0.00018811 3.028e-10 TSX
20130817 20140209 4.5786e-05 5.4096e-10 TSX
20130828 20150312 0.00014952 3.4127e-10 TSX
20130903 20150329 -0.00025201 3.3923e-10 TSX
20130919 20160309 4.9209e-05 2.8553e-10 TSX
20130925 20140708 5.8176e-05 4.3154e-10 TSX
20130930 20160411 0.00014111 2.785e-10 TSX
20131011 20150802 2.4697e-05 3.2309e-10 TSX
20131017 20140719 1.2468e-05 4.3961e-10 TSX
20131028 20160304 -3.8311e-05 2.9355e-10 TSX
20131102 20140519 -0.00017428 5.1711e-10 TSX
20131108 20140708 6.6092e-06 4.6468e-10 TSX
20140209 20160309 0.00010027 3.1165e-10 TSX
20140223 20140829 3.7987e-05 5.111e-10 TSX
20140408 20140705 5.2918e-05 6.6125e-10 TSX
20140419 20170913 9.3877e-05 3.1955e-10 TSX
20140511 20141228 7.5323e-05 4.7012e-10 TSX
20140519 20150824 0.00023336 3.6804e-10 TSX
20140624 20171005 0.00012059 2.8599e-10 TSX
20140627 20151115 7.7029e-05 3.4408e-10 TSX
20140705 20180911 3.6352e-05 3.8364e-10 TSX
20140708 20160406 0.00011439 3.2656e-10 TSX
20140716 20171005 6.3127e-05 2.8892e-10 TSX
20140719 20151207 8.8404e-05 3.4549e-10 TSX
20140727 20150326 -5.1351e-05 4.6158e-10 TSX
20140810 20150122 0.00012225 5.3945e-10 TSX
20140818 20160301 4.2691e-05 3.3004e-10 TSX
20140829 20160208 8.8248e-05 3.4254e-10 TSX
20140901 20140912 -0.00030989 9.6705e-10 TSX
20140912 20141209 0.00014564 6.6405e-10 TSX
20140920 20170902 8.3204e-05 2.9741e-10 TSX
20141209 20160211 0.00010958 3.6849e-10 TSX
20141217 20160722 7.2109e-05 3.2805e-10 TSX
20141228 20160106 8.2503e-05 3.858e-10 TSX
20141231 20151024 0.0001131 4.2728e-10 TSX
20150105 20150824 8.1241e-05 4.8715e-10 TSX
20150108 20170811 0.00017367 3.0803e-10 TSX
20150119 20160117 6.1137e-05 3.9498e-10 TSX
20150127 20160411 0.00010941 3.7552e-10 TSX
20150130 20151112 0.00012836 4.3455e-10 TSX
20150210 20170114 6.53e-05 3.0103e-10 TSX
20150213 20160326 -3.3272e-05 3.9214e-10 TSX
20150218 20160216 0.0001388 4.0617e-10 TSX
20150221 20180112 5.6689e-05 3.3346e-10 TSX
20150304 20180911 1.4918e-05 3.3656e-10 TSX
20150307 20160211 8.0977e-05 4.0235e-10 TSX
20150312 20160320 3.3508e-05 3.9943e-10 TSX
20150326 20150827 0.00017323 5.5513e-10 TSX
20150329 20151207 0.0001606 4.5612e-10 TSX
20150428 20160425 4.547e-05 3.9657e-10 TSX
20150509 20150827 0.00016636 6.2176e-10 TSX
20150517 20150824 8.3106e-05 6.563e-10 TSX
20150520 20180911 -5.4327e-05 3.992e-10 TSX
20150714 20170822 4.7003e-05 2.9796e-10 TSX
20150725 20170924 8.9989e-05 2.975e-10 TSX
20150802 20160309 0.00010829 4.9587e-10 TSX
20150805 20160403 -5.7575e-05 4.6121e-10 TSX
20150816 20171107 4.563e-05 3.0527e-10 TSX
20150824 20150915 0.00070476 8.6106e-10 TSX
20150827 20170902 6.1114e-05 3.0792e-10 TSX
20150915 20160216 4.4431e-05 5.6817e-10 TSX
20151021 20160904 -3.8846e-06 4.1297e-10 TSX
20151101 20171016 4.3474e-05 3.1537e-10 TSX
20151112 20160425 -5.0718e-05 5.3612e-10 TSX
20151115 20151229 0.00017923 7.7303e-10 TSX
20151123 20171221 2.9131e-05 3.0853e-10 TSX
20151204 20151215 0.00018087 9.7711e-10 TSX
20151207 20160406 -6.4526e-05 6.0213e-10 TSX
20151215 20170822 3.4041e-05 3.151e-10 TSX
20151226 20161223 3.0564e-05 3.9373e-10 TSX
20151229 20160211 8.7895e-05 7.7303e-10 TSX
20160106 20161223 4.0301e-05 3.9833e-10 TSX
20160117 20160926 2.7907e-05 4.5297e-10 TSX
20160128 20160301 -0.00026868 8.0606e-10 TSX
20160208 20160312 -5.9791e-05 8.0606e-10 TSX
20160216 20160309 -0.00042174 8.6106e-10 TSX
20160219 20180319 8.1654e-06 3.264e-10 TSX
20160301 20161201 8.993e-05 4.3881e-10 TSX
20160304 20160326 5.9848e-05 8.481e-10 TSX
20160312 20180319 -4.9776e-06 3.2355e-10 TSX
20160320 20160411 0.00045347 8.6106e-10 TSX
20160323 20171118 6.5831e-05 3.2046e-10 TSX
20160326 20160406 -0.00049035 9.6698e-10 TSX
20160403 20171027 7.3143e-05 3.2938e-10 TSX
20160425 20170811 5.7534e-05 3.5027e-10 TSX
20160528 20160630 4.5215e-05 8.0606e-10 TSX
20160630 20171118 1.6664e-05 3.4068e-10 TSX
20160722 20161201 0.000103 5.8132e-10 TSX
20160904 20180707 -2.0436e-05 3.6244e-10 TSX
20160915 20180911 -2.4043e-05 3.4638e-10 TSX
20160926 20170114 -7.9048e-05 6.1795e-10 TSX
20161201 20171027 1.1579e-05 4.0874e-10 TSX
20161223 20171107 2.4688e-05 4.104e-10 TSX
20170114 20170902 4.9881e-05 4.7087e-10 TSX
20170811 20171005 -6.4299e-05 7.4112e-10 TSX
20170822 20180707 -7.9968e-05 4.1521e-10 TSX
20170913 20180707 -0.00013878 4.278e-10 TSX
20170924 20180319 -0.00026828 5.2328e-10 TSX
20171005 20171107 3.0704e-05 8.0606e-10 TSX
20171016 20180319 -0.00028436 5.498e-10 TSX
20171027 20180911 -4.4908e-05 4.1482e-10 TSX
20171107 20171118 6.5559e-05 9.7711e-10 TSX
20171118 20171129 5.0778e-05 9.7711e-10 TSX
20171129 20171221 -1.0084e-05 8.5004e-10 TSX
20171210 20180820 -4.2408e-05 4.5325e-10 TSX
20171221 20180911 2.0809e-05 4.4637e-10 TSX
20180112 20181003 1.6621e-05 4.4692e-10 TSX
20180319 20180707 3.3694e-05 6.1785e-10 TSX
20180707 20180911 0.00033438 7.1237e-10 TSX
20180729 20181003 0.00013085 7.1244e-10 TSX
20180820 20181003 0.00025313 7.7205e-10 TSX
20180911 20181003 -0.00013902 8.5005e-10 TSX
