20030427 20030914 -0.00019907 5.6683e-10 ERS2
20030914 20080629 0.00011594 2.7466e-10 ERS2
20050918 20090510 2.012e-06 2.9656e-10 ERS2
20051127 20081116 1.7763e-05 3.0995e-10 ERS2
20060903 20090510 -0.00027103 3.0694e-10 ERS2
20061231 20090105 1.2864e-06 3.141e-10 ALOS
20070402 20070703 -7.9258e-05 6.6719e-10 ALOS
20070518 20091008 -3.5368e-05 3.0009e-10 ALOS
20070818 20071003 -0.00046619 7.7734e-10 ALOS
20071217 20100509 -2.5234e-05 3.009e-10 ALOS
20080103 20100526 -9.607e-06 2.9942e-10 ALOS
20080404 20080520 1.8927e-05 7.7735e-10 ALOS
20080618 20090921 -6.8639e-05 3.7271e-10 ALOS
20080629 20090510 -0.00024665 4.12e-10 ERS2
20080705 20091008 -9.4803e-05 3.6495e-10 ALOS
20080803 20090823 2.0013e-05 3.8304e-10 ERS2
20081116 20090823 -3.4979e-06 4.3207e-10 ERS2
20081219 20090921 3.1693e-05 4.4607e-10 ALOS
20090105 20090708 -1.4055e-05 5.2832e-10 ALOS
20090510 20091101 0.00034118 5.2342e-10 ERS2
20090708 20091008 5.6806e-05 6.6719e-10 ALOS
20090823 20091101 0.00023025 7.0009e-10 ERS2
20091222 20100624 8.5039e-05 5.2547e-10 ALOS
20100108 20100223 -0.00022457 7.7739e-10 ALOS
20100223 20100526 5.1263e-05 6.6722e-10 ALOS
20100410 20100711 -0.00021153 6.6719e-10 ALOS
20100509 20100624 0.00076308 7.7515e-10 ALOS
20100526 20100711 0.00032609 7.7736e-10 ALOS
20100624 20101109 -0.00016019 5.8432e-10 ALOS
20100711 20101011 -0.00033067 6.6721e-10 ALOS
20100809 20101109 -7.3657e-05 6.6434e-10 ALOS
20101011 20101126 0.00026276 7.7735e-10 ALOS
20110111 20110226 0.00049858 7.7734e-10 ALOS
20110924 20130715 2.3321e-05 3.2404e-10 TSX
20111005 20121229 2.6871e-06 3.6864e-10 TSX
20111121 20171221 7.9562e-06 2.7291e-10 TSX
20111221 20130131 4.4152e-05 3.8534e-10 TSX
20111224 20121027 -9.8048e-06 4.1943e-10 TSX
20120126 20140419 2.2688e-06 2.9013e-10 TSX
20120203 20160320 2.1291e-05 2.4378e-10 TSX
20120206 20171107 -2.4918e-06 2.7114e-10 TSX
20120617 20171129 -1.1687e-06 2.7733e-10 TSX
20120723 20160120 1.6838e-05 2.6224e-10 TSX
20121024 20130109 0.00016336 7.0312e-10 TSX
20121027 20151226 -8.8657e-06 2.6541e-10 TSX
20121030 20130311 2.5073e-05 5.8482e-10 TSX
20121107 20171118 -1.9265e-06 2.7311e-10 TSX
20121221 20160208 6.7265e-06 2.6352e-10 TSX
20121224 20130516 -0.00011082 5.6864e-10 TSX
20121229 20130407 6.1104e-05 6.5712e-10 TSX
20130104 20130217 -3.3538e-05 7.7465e-10 TSX
20130109 20130715 -9.7739e-06 5.2868e-10 TSX
20130112 20140511 4.8481e-06 3.5425e-10 TSX
20130115 20130721 -0.0001688 5.1406e-10 TSX
20130126 20130823 -0.0001961 4.9239e-10 TSX
20130131 20130429 -4.377e-05 6.7924e-10 TSX
20130203 20130729 -2.5517e-05 5.2345e-10 TSX
20130211 20130919 -6.6816e-05 4.9609e-10 TSX
20130228 20141209 1.8937e-05 3.1313e-10 TSX
20130311 20130801 -6.6773e-05 5.6859e-10 TSX
20130316 20130623 5.1054e-05 6.5713e-10 TSX
20130402 20150122 5.9399e-05 2.9823e-10 TSX
20130407 20140530 -7.612e-06 3.8083e-10 TSX
20130421 20171016 1.7456e-05 2.6795e-10 TSX
20130424 20130721 -0.00027046 6.6445e-10 TSX
20130429 20130623 -9.3008e-05 7.5632e-10 TSX
20130505 20131028 -0.00057558 5.3055e-10 TSX
20130513 20151112 1.1576e-05 2.758e-10 TSX
20130516 20131017 -0.00024443 5.5534e-10 TSX
20130521 20130715 0.00012346 7.5634e-10 TSX
20130524 20171129 1.5892e-05 2.7143e-10 TSX
20130527 20140627 2.4371e-06 3.8385e-10 TSX
20130601 20130930 -1.1766e-05 6.1769e-10 TSX
20130604 20141217 -3.4877e-07 3.3839e-10 TSX
20130607 20140719 -1.898e-05 3.8015e-10 TSX
20130612 20150105 3.4275e-05 3.38e-10 TSX
20130615 20160106 -2.3345e-06 2.7457e-10 TSX
20130618 20140708 -4.7878e-05 3.8822e-10 TSX
20130623 20130715 0.00055017 8.6473e-10 TSX
20130629 20130914 0.00019609 6.8888e-10 TSX
20130707 20150130 1.2082e-05 3.3745e-10 TSX
20130710 20140901 -1.0307e-05 3.769e-10 TSX
20130715 20130726 -0.0024912 1.0139e-09 TSX
20130721 20131108 0.00075631 6.2114e-10 TSX
20130726 20150517 0.00017094 3.2237e-10 TSX
20130729 20160904 -1.0501e-05 2.6887e-10 TSX
20130801 20151115 2.7948e-05 2.8741e-10 TSX
20130817 20140209 9.4488e-05 5.4126e-10 TSX
20130828 20150312 1.8183e-06 3.4069e-10 TSX
20130903 20150329 -0.00012745 3.2075e-10 TSX
20130919 20160309 4.105e-05 2.7386e-10 TSX
20130925 20140708 1.3742e-05 4.3134e-10 TSX
20130930 20160411 3.8364e-05 2.7085e-10 TSX
20131011 20150802 -1.5473e-05 3.2e-10 TSX
20131017 20140719 -2.7908e-05 4.3878e-10 TSX
20131028 20160304 1.3177e-05 3.2773e-10 TSX
20131102 20140519 -0.00010716 5.1731e-10 TSX
20131108 20140708 -2.2789e-05 4.6287e-10 TSX
20140209 20160309 -1.7929e-05 3.0563e-10 TSX
20140223 20140829 5.0898e-06 5.1141e-10 TSX
20140408 20140705 5.8159e-06 6.627e-10 TSX
20140419 20170913 1.6517e-05 2.6666e-10 TSX
20140511 20141228 5.5585e-06 4.7036e-10 TSX
20140519 20150824 7.217e-05 3.6452e-10 TSX
20140624 20171005 1.5133e-06 2.7218e-10 TSX
20140627 20151115 -1.5962e-05 3.3972e-10 TSX
20140705 20180911 1.5711e-05 2.6251e-10 TSX
20140708 20160406 4.8985e-05 3.1178e-10 TSX
20140716 20171005 3.9973e-06 2.7138e-10 TSX
20140719 20151207 2.325e-05 3.4024e-10 TSX
20140727 20150326 7.3688e-06 4.6168e-10 TSX
20140810 20150122 4.3592e-05 5.3931e-10 TSX
20140818 20160301 3.0029e-05 3.2502e-10 TSX
20140829 20160208 1.9024e-05 3.3188e-10 TSX
20140901 20140912 -0.00031555 9.6992e-10 TSX
20140912 20141209 0.00013975 6.6445e-10 TSX
20140920 20170902 6.4782e-06 2.8034e-10 TSX
20141209 20160211 -1.6316e-05 3.6379e-10 TSX
20141217 20160722 1.1592e-05 3.1946e-10 TSX
20141228 20160106 2.0996e-05 3.8226e-10 TSX
20141231 20151024 7.4221e-06 4.2502e-10 TSX
20150105 20150824 -1.2005e-05 4.8621e-10 TSX
20150108 20170811 -1.1979e-05 2.9048e-10 TSX
20150119 20160117 1.1424e-05 3.8764e-10 TSX
20150127 20160411 6.6762e-05 3.7094e-10 TSX
20150130 20151112 -1.2933e-05 4.2863e-10 TSX
20150210 20170114 1.0642e-05 3.0541e-10 TSX
20150213 20160326 -4.9693e-05 3.8348e-10 TSX
20150218 20160216 3.0335e-05 4.0278e-10 TSX
20150221 20180112 -1.068e-05 2.8066e-10 TSX
20150304 20180911 9.7619e-06 2.7446e-10 TSX
20150307 20160211 1.509e-05 4.0072e-10 TSX
20150312 20160320 3.4042e-05 3.977e-10 TSX
20150326 20150827 -3.5252e-05 5.5021e-10 TSX
20150329 20151207 -6.5885e-06 4.5483e-10 TSX
20150428 20160425 2.8532e-05 3.8688e-10 TSX
20150509 20150827 -8.7239e-05 6.1875e-10 TSX
20150517 20150824 -0.00018333 6.5713e-10 TSX
20150520 20180911 1.2683e-05 2.7642e-10 TSX
20150714 20170822 2.3008e-06 2.9534e-10 TSX
20150725 20170924 -1.5715e-06 2.9228e-10 TSX
20150802 20160309 3.5466e-05 4.9609e-10 TSX
20150805 20160403 -3.9159e-05 4.6147e-10 TSX
20150816 20171107 4.2577e-06 2.9039e-10 TSX
20150824 20150915 0.00064844 8.6462e-10 TSX
20150827 20170902 2.9225e-06 2.9717e-10 TSX
20150915 20160216 -3.2309e-05 5.6859e-10 TSX
20151021 20160904 9.1767e-06 4.1253e-10 TSX
20151101 20171016 5.2473e-06 3.0233e-10 TSX
20151112 20160425 5.2343e-05 5.3646e-10 TSX
20151115 20151229 0.00018164 7.7465e-10 TSX
20151123 20171221 -3.5394e-06 2.9551e-10 TSX
20151204 20151215 0.00011604 9.8179e-10 TSX
20151207 20160406 -1.7648e-05 6.0235e-10 TSX
20151215 20170822 2.6117e-05 3.1553e-10 TSX
20151226 20161223 -9.6412e-06 3.934e-10 TSX
20151229 20160211 -4.5973e-06 7.7465e-10 TSX
20160106 20161223 -9.6986e-06 3.9827e-10 TSX
20160117 20160926 -1.6941e-05 4.5316e-10 TSX
20160128 20160301 -0.00015313 8.1017e-10 TSX
20160208 20160312 -0.00010036 8.1017e-10 TSX
20160216 20160309 -0.00042715 8.6462e-10 TSX
20160219 20180319 -1.3449e-06 2.9629e-10 TSX
20160301 20161201 4.044e-06 4.3876e-10 TSX
20160304 20160326 7.5703e-05 8.5064e-10 TSX
20160312 20180319 4.9408e-06 2.9752e-10 TSX
20160320 20160411 0.00041864 8.6463e-10 TSX
20160323 20171118 1.5948e-06 3.1699e-10 TSX
20160326 20160406 -0.00057848 9.6985e-10 TSX
20160403 20171027 6.8541e-07 3.23e-10 TSX
20160425 20170811 -2.1668e-05 3.4697e-10 TSX
20160528 20160630 -3.8002e-05 8.1017e-10 TSX
20160630 20171118 1.4523e-05 3.3879e-10 TSX
20160722 20161201 5.539e-05 5.8191e-10 TSX
20160904 20180707 2.2203e-05 3.2159e-10 TSX
20160915 20180911 1.0349e-05 3.0121e-10 TSX
20160926 20170114 8.0382e-05 6.1884e-10 TSX
20161201 20171027 -1.3659e-05 4.069e-10 TSX
20161223 20171107 1.6063e-05 4.0925e-10 TSX
20170114 20170902 -4.5512e-05 4.691e-10 TSX
20170811 20171005 -3.2538e-05 7.4408e-10 TSX
20170822 20180707 3.7582e-05 4.1396e-10 TSX
20170913 20180707 2.1718e-05 4.2501e-10 TSX
20170924 20180319 5.9277e-05 5.2353e-10 TSX
20171005 20171107 2.3864e-05 8.1017e-10 TSX
20171016 20180319 4.1102e-05 5.5052e-10 TSX
20171027 20180911 4.3306e-05 4.1393e-10 TSX
20171107 20171118 6.6584e-05 9.8179e-10 TSX
20171118 20171129 5.0538e-05 9.8179e-10 TSX
20171129 20171221 -2.7536e-05 8.5453e-10 TSX
20171210 20180820 3.492e-05 4.537e-10 TSX
20171221 20180911 7.7088e-05 4.4583e-10 TSX
20180112 20181003 6.5004e-05 4.4579e-10 TSX
20180319 20180707 1.378e-06 6.1886e-10 TSX
20180707 20180911 0.00010357 7.1476e-10 TSX
20180729 20181003 -7.1075e-05 7.1476e-10 TSX
20180820 20181003 8.9217e-05 7.7563e-10 TSX
20180911 20181003 -0.00015471 8.5453e-10 TSX
