20030427 20030914 0.00016553 5.6589e-10 ERS2
20030914 20080629 0.00011042 2.654e-10 ERS2
20050918 20090510 5.6817e-06 3.0113e-10 ERS2
20051127 20081116 5.7811e-05 3.0782e-10 ERS2
20060903 20090510 -0.00017281 3.1006e-10 ERS2
20061231 20090105 9.9939e-05 3.3813e-10 ALOS
20070402 20070703 -0.00019286 6.6706e-10 ALOS
20070518 20091008 -1.8794e-05 3.2585e-10 ALOS
20070818 20071003 -0.00018316 7.7552e-10 ALOS
20071217 20100509 3.9165e-05 3.0573e-10 ALOS
20080103 20100526 -0.00026118 3.0676e-10 ALOS
20080404 20080520 2.5021e-05 7.7562e-10 ALOS
20080618 20090921 -0.0001099 3.7232e-10 ALOS
20080629 20090510 -9.198e-05 4.1272e-10 ERS2
20080705 20091008 -3.1735e-05 3.6758e-10 ALOS
20080803 20090823 -2.1705e-05 3.8297e-10 ERS2
20081116 20090823 2.1003e-06 4.323e-10 ERS2
20081219 20090921 -2.7027e-05 4.4731e-10 ALOS
20090105 20090708 -0.00012197 5.3642e-10 ALOS
20090510 20091101 4.2078e-05 5.2007e-10 ERS2
20090708 20091008 0.00016997 6.6761e-10 ALOS
20090823 20091101 -0.00043711 6.9854e-10 ERS2
20091222 20100624 9.0596e-05 5.2659e-10 ALOS
20100108 20100223 -0.00029934 7.7694e-10 ALOS
20100223 20100526 -0.00049359 6.6633e-10 ALOS
20100410 20100711 2.4527e-05 6.6704e-10 ALOS
20100509 20100624 0.00068613 7.7349e-10 ALOS
20100526 20100711 0.00043992 7.7532e-10 ALOS
20100624 20101109 -0.00011551 5.8406e-10 ALOS
20100711 20101011 -8.893e-05 6.6635e-10 ALOS
20100809 20101109 -3.7958e-05 6.6368e-10 ALOS
20101011 20101126 0.00025415 7.7552e-10 ALOS
20110111 20110226 0.00044481 7.7554e-10 ALOS
20110924 20130715 -3.7949e-06 3.3128e-10 TSX
20111005 20121229 -1.5672e-05 3.7487e-10 TSX
20111121 20171221 4.5049e-06 3.8549e-10 TSX
20111221 20130131 -7.8978e-06 3.8573e-10 TSX
20111224 20121027 1.206e-06 4.1937e-10 TSX
20120126 20140419 -3.6339e-05 3.1515e-10 TSX
20120203 20160320 7.1108e-06 3.8284e-10 TSX
20120206 20171107 1.2522e-05 3.1026e-10 TSX
20120617 20171129 1.2987e-05 3.7614e-10 TSX
20120723 20160120 8.3763e-05 3.5278e-10 TSX
20121024 20130109 7.8462e-05 7.0189e-10 TSX
20121027 20151226 1.9955e-05 3.4951e-10 TSX
20121030 20130311 -1.6371e-05 5.8469e-10 TSX
20121107 20171118 2.9743e-06 3.4438e-10 TSX
20121221 20160208 2.0842e-05 3.8267e-10 TSX
20121224 20130516 1.3711e-05 5.6855e-10 TSX
20121229 20130407 2.5796e-05 6.5627e-10 TSX
20130104 20130217 -5.7801e-05 7.7334e-10 TSX
20130109 20130715 0.00011685 5.5611e-10 TSX
20130112 20140511 -3.0717e-07 3.6391e-10 TSX
20130115 20130721 -0.00010831 5.2321e-10 TSX
20130126 20130823 -2.1765e-05 5.1506e-10 TSX
20130131 20130429 -7.7106e-05 6.7818e-10 TSX
20130203 20130729 -2.1879e-05 5.2348e-10 TSX
20130211 20130919 -1.8635e-05 4.9749e-10 TSX
20130228 20141209 4.5533e-05 3.6943e-10 TSX
20130311 20130801 -5.4208e-05 5.7496e-10 TSX
20130316 20130623 -5.0022e-05 6.5687e-10 TSX
20130402 20150122 -0.00017808 4.3135e-10 TSX
20130407 20140530 -1.0093e-05 3.8307e-10 TSX
20130421 20171016 2.5396e-05 3.7663e-10 TSX
20130424 20130721 -0.0002422 6.6512e-10 TSX
20130429 20130623 -6.5095e-05 7.5451e-10 TSX
20130505 20131028 -0.00014069 5.5866e-10 TSX
20130513 20151112 -2.1253e-05 3.3588e-10 TSX
20130516 20131017 -0.00016872 5.7164e-10 TSX
20130521 20130715 6.8647e-05 7.5474e-10 TSX
20130524 20171129 -1.2924e-05 3.5075e-10 TSX
20130527 20140627 -4.3219e-05 3.8618e-10 TSX
20130601 20130930 -1.3486e-05 6.178e-10 TSX
20130604 20141217 -1.5108e-05 3.4725e-10 TSX
20130607 20140719 3.0915e-07 3.89e-10 TSX
20130612 20150105 -4.1484e-05 3.5398e-10 TSX
20130615 20160106 4.3043e-05 3.364e-10 TSX
20130618 20140708 -8.6594e-06 3.9093e-10 TSX
20130623 20130715 0.00059922 8.6223e-10 TSX
20130629 20130914 0.00011907 6.9548e-10 TSX
20130707 20150130 6.2745e-07 3.4012e-10 TSX
20130710 20140901 2.7454e-05 3.7745e-10 TSX
20130715 20130726 -0.0023488 1.0114e-09 TSX
20130721 20131108 0.00044912 6.4768e-10 TSX
20130726 20150517 2.426e-05 3.5991e-10 TSX
20130729 20160904 -3.0653e-05 3.5904e-10 TSX
20130801 20151115 6.1655e-05 3.73e-10 TSX
20130817 20140209 1.8334e-05 5.416e-10 TSX
20130828 20150312 6.5318e-05 3.4565e-10 TSX
20130903 20150329 -0.00023469 4.5387e-10 TSX
20130919 20160309 1.8657e-05 3.3313e-10 TSX
20130925 20140708 2.8968e-05 4.5361e-10 TSX
20130930 20160411 3.4268e-05 3.6339e-10 TSX
20131011 20150802 -9.2773e-06 4.0866e-10 TSX
20131017 20140719 -7.076e-05 4.495e-10 TSX
20131028 20160304 -6.4444e-05 3.8554e-10 TSX
20131102 20140519 -5.6904e-05 5.1729e-10 TSX
20131108 20140708 3.5069e-05 4.8822e-10 TSX
20140209 20160309 3.6348e-05 3.7641e-10 TSX
20140223 20140829 -3.6152e-07 5.1132e-10 TSX
20140408 20140705 -4.4885e-05 6.6129e-10 TSX
20140419 20170913 8.1406e-05 4.0371e-10 TSX
20140511 20141228 4.3653e-05 4.7071e-10 TSX
20140519 20150824 3.6026e-05 4.3287e-10 TSX
20140624 20171005 -3.1879e-05 4.0978e-10 TSX
20140627 20151115 9.3779e-05 4.0174e-10 TSX
20140705 20180911 -5.5142e-06 3.4505e-10 TSX
20140708 20160406 -6.1385e-06 3.7108e-10 TSX
20140716 20171005 5.07e-05 3.3796e-10 TSX
20140719 20151207 0.00010476 3.8334e-10 TSX
20140727 20150326 -1.2744e-05 4.6251e-10 TSX
20140810 20150122 2.1827e-05 5.4234e-10 TSX
20140818 20160301 2.9218e-05 3.5153e-10 TSX
20140829 20160208 3.4239e-05 3.6897e-10 TSX
20140901 20140912 -0.00028594 9.6791e-10 TSX
20140912 20141209 4.2984e-05 6.643e-10 TSX
20140920 20170902 5.0199e-05 3.7614e-10 TSX
20141209 20160211 1.7752e-05 4.0522e-10 TSX
20141217 20160722 4.2608e-05 3.9175e-10 TSX
20141228 20160106 5.9187e-06 4.1201e-10 TSX
20141231 20151024 4.4246e-05 4.5125e-10 TSX
20150105 20150824 -0.00011442 5.0529e-10 TSX
20150108 20170811 -0.00019201 3.741e-10 TSX
20150119 20160117 8.6875e-05 4.1766e-10 TSX
20150127 20160411 -8.8594e-05 3.8606e-10 TSX
20150130 20151112 7.3478e-05 4.4424e-10 TSX
20150210 20170114 3.0981e-05 3.6502e-10 TSX
20150213 20160326 0.00033797 4.609e-10 TSX
20150218 20160216 -2.8725e-05 4.2027e-10 TSX
20150221 20180112 2.5192e-05 3.7589e-10 TSX
20150304 20180911 -1.1383e-05 3.2809e-10 TSX
20150307 20160211 -1.7925e-05 4.2629e-10 TSX
20150312 20160320 -6.4187e-05 4.1117e-10 TSX
20150326 20150827 4.2629e-05 5.5731e-10 TSX
20150329 20151207 -2.7354e-05 4.8088e-10 TSX
20150428 20160425 7.492e-05 4.1826e-10 TSX
20150509 20150827 2.2431e-05 6.2975e-10 TSX
20150517 20150824 -0.00026689 6.6561e-10 TSX
20150520 20180911 6.8793e-06 3.7827e-10 TSX
20150714 20170822 7.2361e-05 3.1517e-10 TSX
20150725 20170924 2.0145e-05 3.2032e-10 TSX
20150802 20160309 3.4213e-06 4.9984e-10 TSX
20150805 20160403 6.7072e-05 4.6303e-10 TSX
20150816 20171107 5.9023e-05 3.0105e-10 TSX
20150824 20150915 0.00068538 8.6213e-10 TSX
20150827 20170902 8.9488e-05 3.3161e-10 TSX
20150915 20160216 -7.7399e-05 5.6867e-10 TSX
20151021 20160904 -4.6397e-05 4.1657e-10 TSX
20151101 20171016 4.271e-05 3.1921e-10 TSX
20151112 20160425 1.2901e-05 5.3632e-10 TSX
20151115 20151229 0.00010215 7.7334e-10 TSX
20151123 20171221 4.1565e-05 3.1292e-10 TSX
20151204 20151215 0.00017667 9.7762e-10 TSX
20151207 20160406 -7.3124e-06 6.0219e-10 TSX
20151215 20170822 4.7815e-05 3.2878e-10 TSX
20151226 20161223 6.2915e-05 3.9354e-10 TSX
20151229 20160211 -7.3666e-06 7.7334e-10 TSX
20160106 20161223 7.6947e-05 3.9824e-10 TSX
20160117 20160926 6.0374e-05 4.5315e-10 TSX
20160128 20160301 -0.00020441 8.0629e-10 TSX
20160208 20160312 -4.5099e-05 8.0629e-10 TSX
20160216 20160309 -0.00039346 8.6213e-10 TSX
20160219 20180319 6.7846e-06 3.0912e-10 TSX
20160301 20161201 8.76e-05 4.3879e-10 TSX
20160304 20160326 9.3261e-05 8.4877e-10 TSX
20160312 20180319 3.9866e-05 3.1597e-10 TSX
20160320 20160411 0.00034552 8.6214e-10 TSX
20160323 20171118 3.6567e-05 3.2873e-10 TSX
20160326 20160406 -0.00054087 9.6784e-10 TSX
20160403 20171027 6.5904e-05 3.3792e-10 TSX
20160425 20170811 4.776e-05 3.7909e-10 TSX
20160528 20160630 2.1684e-05 8.0629e-10 TSX
20160630 20171118 5.3707e-05 3.5555e-10 TSX
20160722 20161201 0.00015932 5.8136e-10 TSX
20160904 20180707 5.3655e-05 3.3512e-10 TSX
20160915 20180911 3.6948e-05 3.1555e-10 TSX
20160926 20170114 3.2164e-05 6.1907e-10 TSX
20161201 20171027 2.5217e-05 4.1564e-10 TSX
20161223 20171107 1.5761e-05 4.1215e-10 TSX
20170114 20170902 5.0793e-05 4.7279e-10 TSX
20170811 20171005 8.4617e-06 7.412e-10 TSX
20170822 20180707 -6.5773e-05 4.1371e-10 TSX
20170913 20180707 -0.00012015 4.2505e-10 TSX
20170924 20180319 -3.4648e-05 5.2324e-10 TSX
20171005 20171107 5.2962e-05 8.0629e-10 TSX
20171016 20180319 -1.9815e-05 5.5008e-10 TSX
20171027 20180911 -1.8621e-05 4.1362e-10 TSX
20171107 20171118 7.8202e-05 9.7762e-10 TSX
20171118 20171129 5.5206e-05 9.7762e-10 TSX
20171129 20171221 -3.8158e-06 8.504e-10 TSX
20171210 20180820 -5.813e-05 4.5348e-10 TSX
20171221 20180911 -2.3877e-05 4.4596e-10 TSX
20180112 20181003 4.2034e-06 4.4579e-10 TSX
20180319 20180707 -0.00015229 6.1803e-10 TSX
20180707 20180911 0.00027676 7.1244e-10 TSX
20180729 20181003 5.1511e-05 7.1244e-10 TSX
20180820 20181003 0.00014647 7.7219e-10 TSX
20180911 20181003 -0.00018316 8.5041e-10 TSX
