20030427 20030914 0.00082892 5.6759e-10 ERS2
20030914 20080629 5.0095e-05 2.7637e-10 ERS2
20050918 20090510 -2.3137e-05 2.976e-10 ERS2
20051127 20081116 -0.00012357 3.215e-10 ERS2
20060903 20090510 -0.0001737 3.1629e-10 ERS2
20061231 20090105 4.1116e-06 3.1381e-10 ALOS
20070402 20070703 -0.00016381 6.6713e-10 ALOS
20070518 20091008 -3.7111e-06 2.9854e-10 ALOS
20070818 20071003 -0.00040791 7.7731e-10 ALOS
20071217 20100509 -4.3888e-05 3.0064e-10 ALOS
20080103 20100526 6.0697e-06 2.9859e-10 ALOS
20080404 20080520 0.00016669 7.7733e-10 ALOS
20080618 20090921 -4.7293e-05 3.7293e-10 ALOS
20080629 20090510 -0.00028615 4.1313e-10 ERS2
20080705 20091008 -5.99e-05 3.6515e-10 ALOS
20080803 20090823 -5.7834e-05 3.8299e-10 ERS2
20081116 20090823 -2.0417e-05 4.3213e-10 ERS2
20081219 20090921 8.9842e-05 4.4611e-10 ALOS
20090105 20090708 5.1732e-05 5.2837e-10 ALOS
20090510 20091101 0.00040223 5.2083e-10 ERS2
20090708 20091008 0.00025344 6.6707e-10 ALOS
20090823 20091101 -2.887e-05 6.9978e-10 ERS2
20091222 20100624 0.00010901 5.257e-10 ALOS
20100108 20100223 0.00014126 7.7736e-10 ALOS
20100223 20100526 -6.9612e-05 6.6724e-10 ALOS
20100410 20100711 -0.00015991 6.6708e-10 ALOS
20100509 20100624 0.00066622 7.7513e-10 ALOS
20100526 20100711 0.00037112 7.7732e-10 ALOS
20100624 20101109 -0.00014865 5.8429e-10 ALOS
20100711 20101011 -0.00018433 6.6715e-10 ALOS
20100809 20101109 -0.0001772 6.6429e-10 ALOS
20101011 20101126 0.0002836 7.7732e-10 ALOS
20110111 20110226 0.00068578 7.7731e-10 ALOS
20110924 20130715 4.7165e-05 3.2368e-10 TSX
20111005 20121229 -2.3163e-05 3.6879e-10 TSX
20111121 20171221 -5.8216e-06 2.4581e-10 TSX
20111221 20130131 5.081e-05 3.8544e-10 TSX
20111224 20121027 -1.8254e-05 4.1961e-10 TSX
20120126 20140419 1.3448e-05 2.9121e-10 TSX
20120203 20160320 -5.3307e-07 2.4284e-10 TSX
20120206 20171107 -9.9509e-06 2.4376e-10 TSX
20120617 20171129 -9.1642e-06 2.5058e-10 TSX
20120723 20160120 5.0162e-05 2.6292e-10 TSX
20121024 20130109 0.00019372 7.0306e-10 TSX
20121027 20151226 -3.9007e-06 2.6624e-10 TSX
20121030 20130311 3.6125e-05 5.848e-10 TSX
20121107 20171118 -6.8921e-06 2.4894e-10 TSX
20121221 20160208 7.7993e-06 2.6761e-10 TSX
20121224 20130516 -0.00013703 5.6861e-10 TSX
20121229 20130407 9.6728e-05 6.5704e-10 TSX
20130104 20130217 8.3087e-06 7.7465e-10 TSX
20130109 20130715 4.4196e-05 5.2919e-10 TSX
20130112 20140511 -2.9601e-05 3.5461e-10 TSX
20130115 20130721 -0.00017421 5.1404e-10 TSX
20130126 20130823 -0.00021817 5.0429e-10 TSX
20130131 20130429 -9.2798e-05 6.7916e-10 TSX
20130203 20130729 -7.2752e-05 5.2342e-10 TSX
20130211 20130919 -2.8752e-05 4.9607e-10 TSX
20130228 20141209 3.6651e-05 3.1196e-10 TSX
20130311 20130801 -6.5347e-05 5.6856e-10 TSX
20130316 20130623 1.3868e-05 6.5705e-10 TSX
20130402 20150122 9.5854e-05 3.8753e-10 TSX
20130407 20140530 -1.739e-05 3.8083e-10 TSX
20130421 20171016 -6.2212e-06 2.6028e-10 TSX
20130424 20130721 -0.00030512 6.6443e-10 TSX
20130429 20130623 -8.6989e-05 7.5625e-10 TSX
20130505 20131028 -0.0007347 5.7879e-10 TSX
20130513 20151112 1.6853e-05 2.8418e-10 TSX
20130516 20131017 -0.00035632 5.718e-10 TSX
20130521 20130715 0.00018089 7.5627e-10 TSX
20130524 20171129 3.3812e-06 2.5323e-10 TSX
20130527 20140627 -2.0773e-05 3.8397e-10 TSX
20130601 20130930 8.9913e-05 6.1762e-10 TSX
20130604 20141217 6.3429e-06 3.3825e-10 TSX
20130607 20140719 2.3785e-05 3.7996e-10 TSX
20130612 20150105 -5.1061e-06 3.377e-10 TSX
20130615 20160106 2.9061e-05 2.7687e-10 TSX
20130618 20140708 -5.1437e-05 3.8805e-10 TSX
20130623 20130715 0.00062666 8.6472e-10 TSX
20130629 20130914 0.00023567 6.9231e-10 TSX
20130707 20150130 -1.2679e-06 3.3795e-10 TSX
20130710 20140901 1.4205e-05 3.7685e-10 TSX
20130715 20130726 -0.0025804 1.0139e-09 TSX
20130721 20131108 0.00081843 6.3678e-10 TSX
20130726 20150517 0.0001603 3.2175e-10 TSX
20130729 20160904 -1.3556e-05 2.6959e-10 TSX
20130801 20151115 9.5617e-06 2.8477e-10 TSX
20130817 20140209 -2.8117e-06 5.4122e-10 TSX
20130828 20150312 2.0156e-05 3.4038e-10 TSX
20130903 20150329 -4.4191e-05 3.7429e-10 TSX
20130919 20160309 3.0331e-05 2.7381e-10 TSX
20130925 20140708 8.3928e-06 4.3173e-10 TSX
20130930 20160411 4.5763e-05 2.7075e-10 TSX
20131011 20150802 1.4229e-05 3.2039e-10 TSX
20131017 20140719 -3.9317e-05 4.3872e-10 TSX
20131028 20160304 3.0106e-06 3.7736e-10 TSX
20131102 20140519 -0.00017859 5.1729e-10 TSX
20131108 20140708 2.1796e-05 4.6288e-10 TSX
20140209 20160309 2.2874e-05 3.043e-10 TSX
20140223 20140829 2.3649e-07 5.1136e-10 TSX
20140408 20140705 -2.3427e-05 6.6249e-10 TSX
20140419 20170913 4.9375e-06 2.66e-10 TSX
20140511 20141228 5.2885e-05 4.7033e-10 TSX
20140519 20150824 0.00012303 3.6431e-10 TSX
20140624 20171005 6.9932e-06 2.6092e-10 TSX
20140627 20151115 1.543e-06 3.3883e-10 TSX
20140705 20180911 5.8426e-06 2.5844e-10 TSX
20140708 20160406 4.1542e-05 3.1259e-10 TSX
20140716 20171005 -1.3056e-05 2.6139e-10 TSX
20140719 20151207 1.2403e-05 3.4047e-10 TSX
20140727 20150326 2.804e-05 4.6172e-10 TSX
20140810 20150122 -3.4707e-06 5.3929e-10 TSX
20140818 20160301 1.6327e-05 3.2571e-10 TSX
20140829 20160208 -4.7231e-06 3.3147e-10 TSX
20140901 20140912 -0.00030806 9.6991e-10 TSX
20140912 20141209 7.6633e-05 6.6443e-10 TSX
20140920 20170902 7.8613e-06 2.7556e-10 TSX
20141209 20160211 -9.0062e-06 3.6346e-10 TSX
20141217 20160722 -3.0404e-06 3.1941e-10 TSX
20141228 20160106 -7.5583e-06 3.8222e-10 TSX
20141231 20151024 2.751e-05 4.25e-10 TSX
20150105 20150824 -6.4971e-06 4.8623e-10 TSX
20150108 20170811 -9.9507e-07 2.8679e-10 TSX
20150119 20160117 2.483e-05 3.8733e-10 TSX
20150127 20160411 6.1922e-05 3.7122e-10 TSX
20150130 20151112 -9.2266e-06 4.2853e-10 TSX
20150210 20170114 6.317e-06 3.031e-10 TSX
20150213 20160326 1.4264e-05 4.1329e-10 TSX
20150218 20160216 3.7647e-05 4.0275e-10 TSX
20150221 20180112 -1.8643e-05 2.8979e-10 TSX
20150304 20180911 1.5726e-05 2.7058e-10 TSX
20150307 20160211 2.7592e-05 4.0084e-10 TSX
20150312 20160320 2.5839e-05 3.978e-10 TSX
20150326 20150827 -4.1785e-05 5.5011e-10 TSX
20150329 20151207 -2.0042e-05 4.548e-10 TSX
20150428 20160425 -5.4789e-06 3.8689e-10 TSX
20150509 20150827 -0.00013388 6.1865e-10 TSX
20150517 20150824 -0.00015032 6.5706e-10 TSX
20150520 20180911 -5.2016e-06 2.7875e-10 TSX
20150714 20170822 -5.5894e-06 2.9578e-10 TSX
20150725 20170924 -9.23e-06 2.8995e-10 TSX
20150802 20160309 -1.6759e-05 4.96e-10 TSX
20150805 20160403 5.1014e-05 4.6142e-10 TSX
20150816 20171107 1.4355e-05 2.8798e-10 TSX
20150824 20150915 0.00071278 8.6462e-10 TSX
20150827 20170902 5.4926e-06 2.9849e-10 TSX
20150915 20160216 -9.9685e-05 5.6856e-10 TSX
20151021 20160904 -4.6025e-06 4.1234e-10 TSX
20151101 20171016 -5.136e-06 3.0432e-10 TSX
20151112 20160425 2.6097e-05 5.3642e-10 TSX
20151115 20151229 0.00021059 7.7465e-10 TSX
20151123 20171221 2.2666e-07 2.9678e-10 TSX
20151204 20151215 0.00013945 9.8121e-10 TSX
20151207 20160406 3.2976e-06 6.0232e-10 TSX
20151215 20170822 2.237e-05 3.1684e-10 TSX
20151226 20161223 -8.5152e-07 3.9363e-10 TSX
20151229 20160211 1.7696e-05 7.7465e-10 TSX
20160106 20161223 1.5499e-05 3.9848e-10 TSX
20160117 20160926 -3.8045e-05 4.5312e-10 TSX
20160128 20160301 -0.00010279 8.0969e-10 TSX
20160208 20160312 -9.2906e-05 8.0969e-10 TSX
20160216 20160309 -0.00042258 8.6462e-10 TSX
20160219 20180319 2.1107e-05 2.9713e-10 TSX
20160301 20161201 -3.2455e-05 4.3882e-10 TSX
20160304 20160326 9.1083e-05 8.5065e-10 TSX
20160312 20180319 1.4065e-05 2.9887e-10 TSX
20160320 20160411 0.00041981 8.6463e-10 TSX
20160323 20171118 -1.1855e-05 3.1788e-10 TSX
20160326 20160406 -0.00056702 9.6984e-10 TSX
20160403 20171027 -1.7999e-05 3.2241e-10 TSX
20160425 20170811 -1.3499e-05 3.4669e-10 TSX
20160528 20160630 -6.8356e-05 8.0969e-10 TSX
20160630 20171118 1.894e-06 3.3946e-10 TSX
20160722 20161201 7.0067e-06 5.8181e-10 TSX
20160904 20180707 6.487e-06 3.2249e-10 TSX
20160915 20180911 2.3263e-05 3.0115e-10 TSX
20160926 20170114 3.6124e-05 6.1871e-10 TSX
20161201 20171027 7.8728e-07 4.0706e-10 TSX
20161223 20171107 -1.3204e-05 4.0906e-10 TSX
20170114 20170902 -1.8372e-05 4.6945e-10 TSX
20170811 20171005 -2.7295e-05 7.437e-10 TSX
20170822 20180707 1.5555e-05 4.1381e-10 TSX
20170913 20180707 5.4889e-07 4.2516e-10 TSX
20170924 20180319 6.7405e-05 5.235e-10 TSX
20171005 20171107 4.4634e-05 8.0969e-10 TSX
20171016 20180319 6.0647e-05 5.5043e-10 TSX
20171027 20180911 3.2368e-05 4.1394e-10 TSX
20171107 20171118 6.7214e-05 9.8121e-10 TSX
20171118 20171129 5.099e-05 9.8121e-10 TSX
20171129 20171221 -2.8025e-05 8.5399e-10 TSX
20171210 20180820 8.5692e-06 4.5356e-10 TSX
20171221 20180911 7.0942e-05 4.4591e-10 TSX
20180112 20181003 4.7882e-05 4.4587e-10 TSX
20180319 20180707 -4.9165e-05 6.1872e-10 TSX
20180707 20180911 0.00015709 7.1444e-10 TSX
20180729 20181003 -7.8158e-05 7.1444e-10 TSX
20180820 20181003 9.7762e-05 7.7519e-10 TSX
20180911 20181003 -0.00019316 8.54e-10 TSX
