20030427 20030914 4.3399e-05 6.4075e-10 ERS2
20030914 20080629 -2.3136e-06 3.3006e-10 ERS2
20050918 20090510 6.1981e-06 3.518e-10 ERS2
20051127 20081116 2.9038e-05 3.5365e-10 ERS2
20060903 20090510 -3.6219e-05 3.6885e-10 ERS2
20061231 20090105 -0.00016735 3.6318e-10 ALOS
20070402 20070703 -8.9831e-06 7.3113e-10 ALOS
20070518 20091008 9.6761e-05 3.5739e-10 ALOS
20070818 20071003 -0.00053324 8.1232e-10 ALOS
20071217 20100509 3.7078e-05 3.4655e-10 ALOS
20080103 20100526 -3.5763e-05 3.4231e-10 ALOS
20080404 20080520 5.0086e-05 8.1233e-10 ALOS
20080618 20090921 -0.00011504 4.3191e-10 ALOS
20080629 20090510 -0.00058116 4.7881e-10 ERS2
20080705 20091008 -6.051e-05 4.2103e-10 ALOS
20080803 20090823 2.879e-05 4.4754e-10 ERS2
20081116 20090823 9.8465e-05 5.0216e-10 ERS2
20081219 20090921 0.00038896 5.133e-10 ALOS
20090105 20090708 -7.032e-05 6.1301e-10 ALOS
20090510 20091101 7.4813e-05 5.9787e-10 ERS2
20090708 20091008 0.00044606 7.2954e-10 ALOS
20090823 20091101 0.00040067 7.5564e-10 ERS2
20091222 20100624 0.00049255 5.9769e-10 ALOS
20100108 20100223 0.000315 8.1281e-10 ALOS
20100223 20100526 8.427e-05 7.3011e-10 ALOS
20100410 20100711 -0.00013739 7.2945e-10 ALOS
20100509 20100624 0.00063267 8.1057e-10 ALOS
20100526 20100711 0.00044211 8.1233e-10 ALOS
20100624 20101109 -0.00017441 6.5609e-10 ALOS
20100711 20101011 -0.00017955 7.2941e-10 ALOS
20100809 20101109 -7.0141e-05 7.268e-10 ALOS
20101011 20101126 0.00036683 8.1233e-10 ALOS
20110111 20110226 0.00069993 8.1232e-10 ALOS
20110924 20130715 5.6781e-05 3.7286e-10 TSX
20111005 20121229 -3.7706e-05 4.2518e-10 TSX
20111121 20171221 -2.8175e-05 2.8197e-10 TSX
20111221 20130131 8.3928e-06 4.4526e-10 TSX
20111224 20121027 2.1488e-05 4.9e-10 TSX
20120126 20140419 1.2073e-05 3.336e-10 TSX
20120203 20160320 4.1372e-05 2.7821e-10 TSX
20120206 20171107 -1.2889e-05 2.7538e-10 TSX
20120617 20171129 -1.9873e-05 2.7577e-10 TSX
20120723 20160120 8.2598e-06 3.0708e-10 TSX
20121024 20130109 6.676e-05 7.5829e-10 TSX
20121027 20151226 -2.3771e-05 3.0725e-10 TSX
20121030 20130311 9.4264e-05 6.5592e-10 TSX
20121107 20171118 -6.4614e-06 2.8708e-10 TSX
20121221 20160208 6.3799e-06 3.0607e-10 TSX
20121224 20130516 -4.2341e-05 6.4051e-10 TSX
20121229 20130407 -6.1647e-05 7.2145e-10 TSX
20130104 20130217 7.7392e-05 8.098e-10 TSX
20130109 20130715 0.00013799 6.0246e-10 TSX
20130112 20140511 -2.5599e-05 4.1509e-10 TSX
20130115 20130721 -6.1691e-05 5.8516e-10 TSX
20130126 20130823 -0.00022819 5.9642e-10 TSX
20130131 20130429 8.4145e-05 7.3957e-10 TSX
20130203 20130729 -4.3038e-05 6.0045e-10 TSX
20130211 20130919 -5.0875e-05 5.6801e-10 TSX
20130228 20141209 2.984e-05 3.5982e-10 TSX
20130311 20130801 -8.1962e-05 6.4038e-10 TSX
20130316 20130623 6.3706e-05 7.2146e-10 TSX
20130402 20150122 -0.00024665 3.5921e-10 TSX
20130407 20140530 0.00010482 4.3978e-10 TSX
20130421 20171016 -8.5248e-06 2.8221e-10 TSX
20130424 20130721 -0.00015021 7.2642e-10 TSX
20130429 20130623 -8.9962e-05 7.9769e-10 TSX
20130505 20131028 -4.5138e-05 6.2667e-10 TSX
20130513 20151112 8.6789e-06 3.2348e-10 TSX
20130516 20131017 -0.00014531 6.4785e-10 TSX
20130521 20130715 0.00013877 7.9772e-10 TSX
20130524 20171129 -8.0892e-06 2.7767e-10 TSX
20130527 20140627 7.5519e-05 4.4384e-10 TSX
20130601 20130930 -3.0413e-05 6.8736e-10 TSX
20130604 20141217 -1.3209e-05 3.9648e-10 TSX
20130607 20140719 -8.2055e-05 4.3967e-10 TSX
20130612 20150105 -4.1837e-06 3.8963e-10 TSX
20130615 20160106 -8.789e-06 3.1615e-10 TSX
20130618 20140708 -2.8198e-05 4.4891e-10 TSX
20130623 20130715 0.0006342 8.7991e-10 TSX
20130629 20130914 0.00026731 7.5707e-10 TSX
20130707 20150130 -1.1398e-05 3.9605e-10 TSX
20130710 20140901 -4.9308e-05 4.3618e-10 TSX
20130715 20130726 -0.0024303 1.0229e-09 TSX
20130721 20131108 -1.7486e-07 7.2377e-10 TSX
20130726 20150517 4.631e-05 3.6842e-10 TSX
20130729 20160904 -2.688e-05 3.1251e-10 TSX
20130801 20151115 -1.4187e-05 3.2768e-10 TSX
20130817 20140209 -7.2969e-05 6.1474e-10 TSX
20130828 20150312 -2.4355e-05 3.9147e-10 TSX
20130903 20150329 -0.00012496 4.4412e-10 TSX
20130919 20160309 3.3859e-05 3.1298e-10 TSX
20130925 20140708 -7.7e-05 5.1224e-10 TSX
20130930 20160411 -2.9085e-06 3.0711e-10 TSX
20131011 20150802 6.0274e-05 3.6368e-10 TSX
20131017 20140719 0.00023857 5.1848e-10 TSX
20131028 20160304 0.00039337 3.9241e-10 TSX
20131102 20140519 0.00010359 5.9038e-10 TSX
20131108 20140708 4.594e-06 5.5473e-10 TSX
20140209 20160309 6.8193e-05 3.4538e-10 TSX
20140223 20140829 6.7763e-06 5.8827e-10 TSX
20140408 20140705 1.0824e-06 7.2741e-10 TSX
20140419 20170913 -2.6234e-05 2.8841e-10 TSX
20140511 20141228 3.006e-05 5.4543e-10 TSX
20140519 20150824 -2.1611e-05 4.1959e-10 TSX
20140624 20171005 5.8022e-06 2.9594e-10 TSX
20140627 20151115 -9.1471e-05 3.8997e-10 TSX
20140705 20180911 5.0539e-06 2.8992e-10 TSX
20140708 20160406 1.6087e-05 3.5626e-10 TSX
20140716 20171005 1.1256e-05 2.9958e-10 TSX
20140719 20151207 -2.6002e-05 3.9181e-10 TSX
20140727 20150326 -1.3061e-05 5.3627e-10 TSX
20140810 20150122 -0.00010861 6.2966e-10 TSX
20140818 20160301 -1.0276e-06 3.8107e-10 TSX
20140829 20160208 1.45e-05 3.8699e-10 TSX
20140901 20140912 -0.00027275 9.792e-10 TSX
20140912 20141209 4.3731e-05 7.2642e-10 TSX
20140920 20170902 2.1149e-05 3.0626e-10 TSX
20141209 20160211 -8.5172e-05 4.1778e-10 TSX
20141217 20160722 2.4087e-06 3.7235e-10 TSX
20141228 20160106 -1.8986e-05 4.4421e-10 TSX
20141231 20151024 -5.567e-05 4.8833e-10 TSX
20150105 20150824 -2.9995e-05 5.5719e-10 TSX
20150108 20170811 6.2588e-06 3.1192e-10 TSX
20150119 20160117 3.7216e-05 4.5067e-10 TSX
20150127 20160411 -2.0919e-05 4.273e-10 TSX
20150130 20151112 1.9135e-05 4.9741e-10 TSX
20150210 20170114 5.2689e-06 3.4517e-10 TSX
20150213 20160326 -2.3596e-06 6.1713e-10 TSX
20150218 20160216 -2.4913e-05 4.6494e-10 TSX
20150221 20180112 3.6584e-05 3.2462e-10 TSX
20150304 20180911 1.7793e-06 2.9079e-10 TSX
20150307 20160211 -7.683e-05 4.6034e-10 TSX
20150312 20160320 -1.2912e-05 4.5879e-10 TSX
20150326 20150827 5.6059e-05 6.264e-10 TSX
20150329 20151207 -7.7339e-05 5.2154e-10 TSX
20150428 20160425 4.2067e-05 4.5079e-10 TSX
20150509 20150827 4.4789e-05 6.9036e-10 TSX
20150517 20150824 -0.00021558 7.2152e-10 TSX
20150520 20180911 8.825e-07 2.9487e-10 TSX
20150714 20170822 -6.8335e-06 3.3768e-10 TSX
20150725 20170924 7.4633e-06 3.3493e-10 TSX
20150802 20160309 -3.6932e-05 5.681e-10 TSX
20150805 20160403 1.0165e-05 5.357e-10 TSX
20150816 20171107 4.9122e-06 3.3455e-10 TSX
20150824 20150915 0.00056225 8.798e-10 TSX
20150827 20170902 1.2729e-05 3.4108e-10 TSX
20150915 20160216 3.9029e-05 6.417e-10 TSX
20151021 20160904 -8.6428e-05 4.8191e-10 TSX
20151101 20171016 2.4518e-05 3.4684e-10 TSX
20151112 20160425 3.1208e-05 6.1353e-10 TSX
20151115 20151229 0.00014854 8.098e-10 TSX
20151123 20171221 -1.3302e-05 3.4028e-10 TSX
20151204 20151215 0.00015144 9.8956e-10 TSX
20151207 20160406 -4.2674e-05 6.7221e-10 TSX
20151215 20170822 3.0228e-05 3.6371e-10 TSX
20151226 20161223 -8.8039e-06 4.6045e-10 TSX
20151229 20160211 5.9566e-06 8.098e-10 TSX
20160106 20161223 8.791e-06 4.6605e-10 TSX
20160117 20160926 -2.392e-05 5.2637e-10 TSX
20160128 20160301 -0.00012916 8.3506e-10 TSX
20160208 20160312 -8.4012e-05 8.3506e-10 TSX
20160216 20160309 -0.00032404 8.798e-10 TSX
20160219 20180319 -4.7125e-06 3.4228e-10 TSX
20160301 20161201 2.8949e-05 5.1128e-10 TSX
20160304 20160326 2.3839e-05 8.6691e-10 TSX
20160312 20180319 -2.7671e-07 3.4624e-10 TSX
20160320 20160411 0.0003734 8.7981e-10 TSX
20160323 20171118 1.1615e-07 3.7047e-10 TSX
20160326 20160406 -0.00049427 9.7912e-10 TSX
20160403 20171027 2.8729e-05 3.7541e-10 TSX
20160425 20170811 1.9625e-05 4.039e-10 TSX
20160528 20160630 -3.1227e-05 8.3506e-10 TSX
20160630 20171118 4.2988e-05 3.9594e-10 TSX
20160722 20161201 8.6214e-05 6.5713e-10 TSX
20160904 20180707 4.423e-05 3.7868e-10 TSX
20160915 20180911 2.0118e-06 3.4966e-10 TSX
20160926 20170114 5.6532e-05 6.9047e-10 TSX
20161201 20171027 -1.7636e-06 4.7561e-10 TSX
20161223 20171107 1.816e-05 4.7583e-10 TSX
20170114 20170902 2.0537e-05 5.4182e-10 TSX
20170811 20171005 -4.2319e-05 7.8878e-10 TSX
20170822 20180707 -1.5182e-05 4.8397e-10 TSX
20170913 20180707 -1.5704e-05 4.9615e-10 TSX
20170924 20180319 -4.7395e-05 6.0065e-10 TSX
20171005 20171107 6.1944e-05 8.3506e-10 TSX
20171016 20180319 -3.7131e-06 6.2727e-10 TSX
20171027 20180911 1.0263e-06 4.8411e-10 TSX
20171107 20171118 7.656e-05 9.8956e-10 TSX
20171118 20171129 5.2448e-05 9.8956e-10 TSX
20171129 20171221 -2.3494e-05 8.6962e-10 TSX
20171210 20180820 -4.6069e-05 5.2755e-10 TSX
20171221 20180911 -1.8422e-05 5.1921e-10 TSX
20180112 20181003 -9.3313e-06 5.1898e-10 TSX
20180319 20180707 -4.7288e-05 6.9049e-10 TSX
20180707 20180911 0.00013968 7.6761e-10 TSX
20180729 20181003 1.7909e-05 7.6761e-10 TSX
20180820 20181003 0.00011808 8.1081e-10 TSX
20180911 20181003 -0.00014984 8.6962e-10 TSX
