20030427 20030914 0.00020773 5.6703e-10 ERS2
20030914 20080629 -0.00012704 2.6788e-10 ERS2
20050918 20090510 2.2036e-05 3.053e-10 ERS2
20051127 20081116 0.0001091 3.102e-10 ERS2
20060903 20090510 2.3089e-05 3.0565e-10 ERS2
20061231 20090105 -0.00012819 3.4149e-10 ALOS
20070402 20070703 -0.00015338 6.6664e-10 ALOS
20070518 20091008 -5.0467e-05 3.4659e-10 ALOS
20070818 20071003 -0.0001933 7.7576e-10 ALOS
20071217 20100509 -0.00022064 3.3478e-10 ALOS
20080103 20100526 0.00013374 3.0949e-10 ALOS
20080404 20080520 -2.5446e-06 7.7599e-10 ALOS
20080618 20090921 -0.00011547 3.7246e-10 ALOS
20080629 20090510 -0.00011936 4.1241e-10 ERS2
20080705 20091008 -1.7179e-05 3.6672e-10 ALOS
20080803 20090823 -1.2911e-05 3.8317e-10 ERS2
20081116 20090823 4.8477e-05 4.3194e-10 ERS2
20081219 20090921 -8.0261e-05 4.5035e-10 ALOS
20090105 20090708 0.0001214 5.3823e-10 ALOS
20090510 20091101 7.1312e-05 5.2061e-10 ERS2
20090708 20091008 3.6246e-05 6.6703e-10 ALOS
20090823 20091101 -0.0002008 6.9853e-10 ERS2
20091222 20100624 0.00011971 5.2861e-10 ALOS
20100108 20100223 7.6579e-05 7.7671e-10 ALOS
20100223 20100526 -0.00044657 6.6746e-10 ALOS
20100410 20100711 6.8507e-05 6.6819e-10 ALOS
20100509 20100624 0.00065743 7.737e-10 ALOS
20100526 20100711 0.00043282 7.7576e-10 ALOS
20100624 20101109 -2.8648e-05 5.8406e-10 ALOS
20100711 20101011 -0.00019105 6.665e-10 ALOS
20100809 20101109 -1.5787e-05 6.6375e-10 ALOS
20101011 20101126 0.00024232 7.7574e-10 ALOS
20110111 20110226 0.00044965 7.7574e-10 ALOS
20110924 20130715 1.5305e-05 3.3679e-10 TSX
20111005 20121229 1.8812e-05 3.9879e-10 TSX
20111121 20171221 6.9962e-07 3.4572e-10 TSX
20111221 20130131 1.4298e-05 3.8648e-10 TSX
20111224 20121027 -4.4971e-06 4.1959e-10 TSX
20120126 20140419 -1.6102e-05 3.3325e-10 TSX
20120203 20160320 -9.2655e-05 3.2401e-10 TSX
20120206 20171107 1.929e-05 3.3927e-10 TSX
20120617 20171129 1.3456e-05 4.3851e-10 TSX
20120723 20160120 2.9695e-05 4.148e-10 TSX
20121024 20130109 6.6767e-05 7.0208e-10 TSX
20121027 20151226 3.0383e-05 4.0733e-10 TSX
20121030 20130311 1.3675e-06 5.8471e-10 TSX
20121107 20171118 6.6434e-06 4.5655e-10 TSX
20121221 20160208 2.0969e-05 5.2022e-10 TSX
20121224 20130516 7.8408e-05 5.6855e-10 TSX
20121229 20130407 2.1442e-05 6.5635e-10 TSX
20130104 20130217 -5.2525e-05 7.7349e-10 TSX
20130109 20130715 0.00022902 5.3784e-10 TSX
20130112 20140511 -1.7547e-05 3.7233e-10 TSX
20130115 20130721 -0.00010693 5.2626e-10 TSX
20130126 20130823 -0.0001787 5.1502e-10 TSX
20130131 20130429 -5.3038e-05 6.7828e-10 TSX
20130203 20130729 -1.3211e-05 5.2386e-10 TSX
20130211 20130919 -4.2495e-05 5.0623e-10 TSX
20130228 20141209 3.6387e-05 4.2569e-10 TSX
20130311 20130801 -8.0658e-05 5.7074e-10 TSX
20130316 20130623 -4.0971e-06 6.5684e-10 TSX
20130402 20150122 -2.6346e-06 4.1581e-10 TSX
20130407 20140530 2.282e-05 3.9164e-10 TSX
20130421 20171016 1.4703e-05 4.5985e-10 TSX
20130424 20130721 -0.0001837 6.6528e-10 TSX
20130429 20130623 -4.3343e-05 7.5474e-10 TSX
20130505 20131028 -0.00050906 5.5904e-10 TSX
20130513 20151112 3.7107e-05 4.0451e-10 TSX
20130516 20131017 -0.00029945 6.0069e-10 TSX
20130521 20130715 7.6323e-05 7.5491e-10 TSX
20130524 20171129 2.7787e-05 4.8639e-10 TSX
20130527 20140627 -6.2516e-05 3.9275e-10 TSX
20130601 20130930 -9.7356e-06 6.1746e-10 TSX
20130604 20141217 5.1578e-06 3.73e-10 TSX
20130607 20140719 1.4703e-06 3.8449e-10 TSX
20130612 20150105 7.0328e-06 3.8404e-10 TSX
20130615 20160106 5.4411e-05 4.5658e-10 TSX
20130618 20140708 -2.0248e-05 3.9203e-10 TSX
20130623 20130715 0.00059551 8.6268e-10 TSX
20130629 20130914 6.2156e-05 6.9288e-10 TSX
20130707 20150130 -4.0424e-06 3.4577e-10 TSX
20130710 20140901 3.6115e-05 3.8627e-10 TSX
20130715 20130726 -0.0023528 1.0119e-09 TSX
20130721 20131108 0.00039538 6.6115e-10 TSX
20130726 20150517 4.5121e-05 3.8241e-10 TSX
20130729 20160904 2.3564e-06 3.8863e-10 TSX
20130801 20151115 2.4204e-05 4.5754e-10 TSX
20130817 20140209 3.1499e-05 5.4118e-10 TSX
20130828 20150312 7.7885e-05 3.6132e-10 TSX
20130903 20150329 -0.00015534 4.0825e-10 TSX
20130919 20160309 2.3381e-05 3.2022e-10 TSX
20130925 20140708 3.6865e-05 4.5306e-10 TSX
20130930 20160411 3.152e-06 3.3026e-10 TSX
20131011 20150802 7.2081e-06 3.6597e-10 TSX
20131017 20140719 -6.1262e-05 4.5242e-10 TSX
20131028 20160304 -9.0858e-05 3.5321e-10 TSX
20131102 20140519 1.5156e-05 5.1727e-10 TSX
20131108 20140708 7.8887e-05 4.9193e-10 TSX
20140209 20160309 -4.6417e-06 4.053e-10 TSX
20140223 20140829 2.199e-05 5.1192e-10 TSX
20140408 20140705 -3.3384e-05 6.6136e-10 TSX
20140419 20170913 4.7415e-06 4.5489e-10 TSX
20140511 20141228 4.8909e-05 4.7189e-10 TSX
20140519 20150824 -7.7797e-06 3.9118e-10 TSX
20140624 20171005 -7.3453e-06 4.4156e-10 TSX
20140627 20151115 -4.6426e-05 3.6903e-10 TSX
20140705 20180911 1.0408e-05 3.5456e-10 TSX
20140708 20160406 -5.3558e-06 4.3048e-10 TSX
20140716 20171005 2.8846e-05 4.3254e-10 TSX
20140719 20151207 5.5838e-05 4.2214e-10 TSX
20140727 20150326 -2.3865e-05 4.6312e-10 TSX
20140810 20150122 2.5658e-06 5.4239e-10 TSX
20140818 20160301 -2.9986e-05 4.2239e-10 TSX
20140829 20160208 3.8622e-05 4.7239e-10 TSX
20140901 20140912 -0.00027883 9.6827e-10 TSX
20140912 20141209 3.5826e-05 6.6423e-10 TSX
20140920 20170902 5.3282e-05 4.2686e-10 TSX
20141209 20160211 7.3531e-05 4.3668e-10 TSX
20141217 20160722 2.746e-05 5.1706e-10 TSX
20141228 20160106 3.8997e-05 4.2902e-10 TSX
20141231 20151024 2.4901e-05 4.4718e-10 TSX
20150105 20150824 -8.2839e-05 5.4521e-10 TSX
20150108 20170811 -3.1433e-05 4.4437e-10 TSX
20150119 20160117 7.3893e-05 4.8206e-10 TSX
20150127 20160411 1.5822e-05 3.8985e-10 TSX
20150130 20151112 0.00010865 4.48e-10 TSX
20150210 20170114 3.1671e-05 4.2674e-10 TSX
20150213 20160326 0.00020657 4.94e-10 TSX
20150218 20160216 -8.1573e-06 4.2845e-10 TSX
20150221 20180112 1.2536e-05 3.6994e-10 TSX
20150304 20180911 4.9071e-05 3.9198e-10 TSX
20150307 20160211 -5.2715e-06 4.2036e-10 TSX
20150312 20160320 -6.9165e-05 4.4503e-10 TSX
20150326 20150827 8.4403e-05 5.6828e-10 TSX
20150329 20151207 -8.6042e-05 4.8954e-10 TSX
20150428 20160425 3.9365e-05 4.7804e-10 TSX
20150509 20150827 -4.4412e-05 6.375e-10 TSX
20150517 20150824 -0.00027007 6.6076e-10 TSX
20150520 20180911 3.5292e-05 4.342e-10 TSX
20150714 20170822 7.9838e-05 3.9347e-10 TSX
20150725 20170924 2.9852e-05 4.1334e-10 TSX
20150802 20160309 -1.3327e-05 4.9883e-10 TSX
20150805 20160403 6.092e-05 4.6687e-10 TSX
20150816 20171107 2.011e-05 3.2883e-10 TSX
20150824 20150915 0.00066098 8.6259e-10 TSX
20150827 20170902 2.5792e-05 3.7267e-10 TSX
20150915 20160216 -7.02e-05 5.7107e-10 TSX
20151021 20160904 -5.2385e-05 4.2496e-10 TSX
20151101 20171016 2.9991e-05 3.7416e-10 TSX
20151112 20160425 -3.0775e-06 5.3654e-10 TSX
20151115 20151229 9.9481e-05 7.7349e-10 TSX
20151123 20171221 4.4242e-05 3.6327e-10 TSX
20151204 20151215 0.00017421 9.7792e-10 TSX
20151207 20160406 -2.222e-05 6.0221e-10 TSX
20151215 20170822 6.0352e-05 4.0584e-10 TSX
20151226 20161223 2.3152e-05 3.953e-10 TSX
20151229 20160211 -1.3573e-05 7.7349e-10 TSX
20160106 20161223 4.8142e-05 4.0019e-10 TSX
20160117 20160926 3.0592e-05 4.5803e-10 TSX
20160128 20160301 -0.00020101 8.0645e-10 TSX
20160208 20160312 -6.114e-05 8.0645e-10 TSX
20160216 20160309 -0.00037899 8.6259e-10 TSX
20160219 20180319 3.7944e-05 3.5766e-10 TSX
20160301 20161201 7.7367e-05 4.391e-10 TSX
20160304 20160326 7.8005e-05 8.4906e-10 TSX
20160312 20180319 3.0496e-05 3.4387e-10 TSX
20160320 20160411 0.00034284 8.626e-10 TSX
20160323 20171118 5.2217e-05 3.6134e-10 TSX
20160326 20160406 -0.00053297 9.682e-10 TSX
20160403 20171027 5.7964e-05 3.8403e-10 TSX
20160425 20170811 6.5184e-05 4.5259e-10 TSX
20160528 20160630 1.848e-05 8.0645e-10 TSX
20160630 20171118 6.0497e-05 3.9208e-10 TSX
20160722 20161201 0.00014203 5.8155e-10 TSX
20160904 20180707 3.3517e-06 3.5918e-10 TSX
20160915 20180911 2.2598e-05 3.4591e-10 TSX
20160926 20170114 6.4083e-05 6.2139e-10 TSX
20161201 20171027 2.9573e-05 4.2875e-10 TSX
20161223 20171107 -7.2093e-06 4.2607e-10 TSX
20170114 20170902 1.7825e-05 4.726e-10 TSX
20170811 20171005 -5.87e-06 7.4126e-10 TSX
20170822 20180707 -9.4551e-05 4.1381e-10 TSX
20170913 20180707 -0.00014359 4.2597e-10 TSX
20170924 20180319 -4.3666e-05 5.2327e-10 TSX
20171005 20171107 6.1584e-05 8.0645e-10 TSX
20171016 20180319 -3.9877e-05 5.5015e-10 TSX
20171027 20180911 -3.5589e-05 4.1405e-10 TSX
20171107 20171118 7.4185e-05 9.7793e-10 TSX
20171118 20171129 5.6003e-05 9.7792e-10 TSX
20171129 20171221 -6.5423e-06 8.5064e-10 TSX
20171210 20180820 -8.6831e-05 4.5366e-10 TSX
20171221 20180911 -2.6962e-05 4.4672e-10 TSX
20180112 20181003 -3.9719e-05 4.4652e-10 TSX
20180319 20180707 -0.00017114 6.1809e-10 TSX
20180707 20180911 0.00025844 7.1248e-10 TSX
20180729 20181003 -2.0532e-05 7.1248e-10 TSX
20180820 20181003 0.00010953 7.7229e-10 TSX
20180911 20181003 -0.00020695 8.5064e-10 TSX
