20030427 20030914 -0.00066419 5.66e-10 ERS2
20030914 20080629 4.9799e-05 2.914e-10 ERS2
20050918 20090510 -2.4012e-06 3.0303e-10 ERS2
20051127 20081116 0.00023587 3.052e-10 ERS2
20060903 20090510 -7.6684e-05 3.1208e-10 ERS2
20061231 20090105 3.0572e-05 3.321e-10 ALOS
20070402 20070703 -0.00014555 6.6722e-10 ALOS
20070518 20091008 -0.00029989 3.1996e-10 ALOS
20070818 20071003 -0.00046677 7.7709e-10 ALOS
20071217 20100509 -0.00013934 3.0442e-10 ALOS
20080103 20100526 -2.727e-06 3.2687e-10 ALOS
20080404 20080520 -0.00017257 7.7742e-10 ALOS
20080618 20090921 -1.044e-05 3.7229e-10 ALOS
20080629 20090510 -0.00028375 4.125e-10 ERS2
20080705 20091008 0.0001195 3.6588e-10 ALOS
20080803 20090823 -5.6635e-05 3.8287e-10 ERS2
20081116 20090823 1.6472e-05 4.3204e-10 ERS2
20081219 20090921 0.00010857 4.5509e-10 ALOS
20090105 20090708 0.00019272 5.4148e-10 ALOS
20090510 20091101 0.00010962 5.2036e-10 ERS2
20090708 20091008 0.00033069 6.6656e-10 ALOS
20090823 20091101 9.5197e-05 6.9931e-10 ERS2
20091222 20100624 0.0002798 5.2754e-10 ALOS
20100108 20100223 6.8346e-05 7.7879e-10 ALOS
20100223 20100526 1.5968e-05 6.6855e-10 ALOS
20100410 20100711 -6.758e-05 6.7086e-10 ALOS
20100509 20100624 0.00056892 7.7501e-10 ALOS
20100526 20100711 0.00029311 7.771e-10 ALOS
20100624 20101109 -6.6937e-05 5.839e-10 ALOS
20100711 20101011 5.1418e-06 6.6652e-10 ALOS
20100809 20101109 6.0117e-05 6.6379e-10 ALOS
20101011 20101126 0.000214 7.771e-10 ALOS
20110111 20110226 0.000569 7.7716e-10 ALOS
20110924 20130715 1.2139e-05 3.3097e-10 TSX
20111005 20121229 1.721e-05 3.7245e-10 TSX
20111121 20171221 -6.0552e-06 3.922e-10 TSX
20111221 20130131 -1.7409e-06 3.8545e-10 TSX
20111224 20121027 1.4275e-06 4.1925e-10 TSX
20120126 20140419 -2.6983e-05 3.1259e-10 TSX
20120203 20160320 5.3049e-05 2.9063e-10 TSX
20120206 20171107 3.5266e-06 3.3588e-10 TSX
20120617 20171129 -1.0789e-06 3.3818e-10 TSX
20120723 20160120 6.0947e-05 3.0522e-10 TSX
20121024 20130109 0.00012547 7.0232e-10 TSX
20121027 20151226 -2.007e-05 3.1023e-10 TSX
20121030 20130311 -8.1595e-06 5.8463e-10 TSX
20121107 20171118 -6.0594e-07 3.2602e-10 TSX
20121221 20160208 9.4174e-06 3.637e-10 TSX
20121224 20130516 -3.1191e-05 5.6846e-10 TSX
20121229 20130407 -4.4556e-05 6.5621e-10 TSX
20130104 20130217 -3.4924e-05 7.7482e-10 TSX
20130109 20130715 -4.4478e-05 5.3394e-10 TSX
20130112 20140511 1.0669e-06 3.621e-10 TSX
20130115 20130721 -0.00010561 5.1501e-10 TSX
20130126 20130823 5.9569e-05 5.0624e-10 TSX
20130131 20130429 -5.6196e-05 6.7834e-10 TSX
20130203 20130729 -3.3484e-05 5.2314e-10 TSX
20130211 20130919 -7.1558e-06 4.9762e-10 TSX
20130228 20141209 -6.3352e-06 3.2889e-10 TSX
20130311 20130801 -9.598e-06 5.6847e-10 TSX
20130316 20130623 -6.5679e-08 6.5623e-10 TSX
20130402 20150122 3.5407e-06 3.9043e-10 TSX
20130407 20140530 -4.5919e-05 3.8124e-10 TSX
20130421 20171016 1.8781e-05 3.5439e-10 TSX
20130424 20130721 -0.00015575 6.6429e-10 TSX
20130429 20130623 -6.259e-05 7.5574e-10 TSX
20130505 20131028 -0.0002469 5.5395e-10 TSX
20130513 20151112 2.3941e-05 3.5084e-10 TSX
20130516 20131017 0.00010977 6.0831e-10 TSX
20130521 20130715 0.00016049 7.557e-10 TSX
20130524 20171129 2.1294e-05 3.6882e-10 TSX
20130527 20140627 2.4748e-05 3.8591e-10 TSX
20130601 20130930 7.8177e-05 6.1691e-10 TSX
20130604 20141217 -1.014e-05 3.5238e-10 TSX
20130607 20140719 2.3025e-05 3.8042e-10 TSX
20130612 20150105 5.3773e-06 3.5364e-10 TSX
20130615 20160106 8.462e-07 3.5018e-10 TSX
20130618 20140708 1.6182e-07 3.8836e-10 TSX
20130623 20130715 0.00064957 8.6447e-10 TSX
20130629 20130914 0.00034003 7.0402e-10 TSX
20130707 20150130 -1.9633e-05 3.4694e-10 TSX
20130710 20140901 -1.5244e-06 3.7743e-10 TSX
20130715 20130726 -0.0023557 1.0136e-09 TSX
20130721 20131108 0.0007223 6.3964e-10 TSX
20130726 20150517 -4.5626e-05 3.4499e-10 TSX
20130729 20160904 -8.7281e-07 3.3127e-10 TSX
20130801 20151115 1.153e-05 3.1634e-10 TSX
20130817 20140209 -5.4085e-05 5.4078e-10 TSX
20130828 20150312 4.2721e-05 3.5247e-10 TSX
20130903 20150329 -0.00025618 4.1721e-10 TSX
20130919 20160309 1.9656e-06 3.0698e-10 TSX
20130925 20140708 -4.5438e-05 4.9808e-10 TSX
20130930 20160411 1.6869e-05 3.1138e-10 TSX
20131011 20150802 5.5801e-06 3.3101e-10 TSX
20131017 20140719 -6.819e-05 4.6481e-10 TSX
20131028 20160304 -1.3043e-05 3.3115e-10 TSX
20131102 20140519 -4.3335e-05 5.1704e-10 TSX
20131108 20140708 -9.2504e-05 5.5627e-10 TSX
20140209 20160309 -4.0375e-06 3.2729e-10 TSX
20140223 20140829 2.9136e-05 5.1108e-10 TSX
20140408 20140705 -3.4564e-05 6.6165e-10 TSX
20140419 20170913 4.9591e-05 3.2048e-10 TSX
20140511 20141228 1.8831e-05 4.7107e-10 TSX
20140519 20150824 -1.6766e-05 3.7135e-10 TSX
20140624 20171005 9.8067e-06 3.7568e-10 TSX
20140627 20151115 -2.7766e-05 3.6627e-10 TSX
20140705 20180911 -1.6344e-05 3.1553e-10 TSX
20140708 20160406 3.5432e-06 3.3341e-10 TSX
20140716 20171005 2.8176e-05 3.1546e-10 TSX
20140719 20151207 1.8415e-05 3.535e-10 TSX
20140727 20150326 -2.6032e-05 4.6377e-10 TSX
20140810 20150122 -8.1819e-05 5.48e-10 TSX
20140818 20160301 1.7136e-05 3.5777e-10 TSX
20140829 20160208 2.8078e-05 3.8362e-10 TSX
20140901 20140912 -0.00029354 9.7e-10 TSX
20140912 20141209 -1.3382e-05 6.6431e-10 TSX
20140920 20170902 -6.214e-06 3.3374e-10 TSX
20141209 20160211 -1.7417e-05 3.772e-10 TSX
20141217 20160722 5.5662e-06 3.585e-10 TSX
20141228 20160106 -1.8581e-07 3.9025e-10 TSX
20141231 20151024 -1.5096e-05 4.3194e-10 TSX
20150105 20150824 -3.5833e-05 4.8992e-10 TSX
20150108 20170811 3.2941e-05 3.3931e-10 TSX
20150119 20160117 3.471e-05 3.9124e-10 TSX
20150127 20160411 1.7192e-05 3.8953e-10 TSX
20150130 20151112 2.1014e-05 4.3473e-10 TSX
20150210 20170114 3.0835e-05 3.5441e-10 TSX
20150213 20160326 -0.00024778 4.2748e-10 TSX
20150218 20160216 -6.6646e-06 4.0941e-10 TSX
20150221 20180112 0.00011651 3.875e-10 TSX
20150304 20180911 1.4003e-05 2.8411e-10 TSX
20150307 20160211 2.9692e-05 4.1202e-10 TSX
20150312 20160320 -2.642e-05 4.071e-10 TSX
20150326 20150827 6.911e-05 5.5281e-10 TSX
20150329 20151207 1.4073e-05 4.5643e-10 TSX
20150428 20160425 6.1056e-05 4.055e-10 TSX
20150509 20150827 6.4857e-05 6.2414e-10 TSX
20150517 20150824 -4.8473e-05 6.5863e-10 TSX
20150520 20180911 -1.6148e-06 3.0374e-10 TSX
20150714 20170822 2.6577e-05 3.3982e-10 TSX
20150725 20170924 5.0886e-06 3.2747e-10 TSX
20150802 20160309 -4.9475e-05 5.0159e-10 TSX
20150805 20160403 -1.6191e-05 4.7564e-10 TSX
20150816 20171107 2.4002e-05 3.2026e-10 TSX
20150824 20150915 0.00065822 8.6437e-10 TSX
20150827 20170902 3.9555e-05 3.3178e-10 TSX
20150915 20160216 -5.2988e-05 5.6954e-10 TSX
20151021 20160904 -3.5661e-05 4.2402e-10 TSX
20151101 20171016 2.6358e-05 3.3255e-10 TSX
20151112 20160425 -1.0866e-05 5.3687e-10 TSX
20151115 20151229 0.00019816 7.7482e-10 TSX
20151123 20171221 2.4671e-05 3.3087e-10 TSX
20151204 20151215 0.00016855 9.802e-10 TSX
20151207 20160406 -0.00010793 6.0217e-10 TSX
20151215 20170822 6.3787e-05 3.4827e-10 TSX
20151226 20161223 2.5801e-05 4.0099e-10 TSX
20151229 20160211 -1.9324e-05 7.7482e-10 TSX
20160106 20161223 3.835e-05 4.1108e-10 TSX
20160117 20160926 4.1954e-05 4.5715e-10 TSX
20160128 20160301 -0.00016645 8.0868e-10 TSX
20160208 20160312 -9.4278e-05 8.0868e-10 TSX
20160216 20160309 -0.00036583 8.6437e-10 TSX
20160219 20180319 8.2748e-06 3.3189e-10 TSX
20160301 20161201 8.4688e-05 4.4035e-10 TSX
20160304 20160326 2.172e-05 8.5081e-10 TSX
20160312 20180319 1.8459e-05 3.3895e-10 TSX
20160320 20160411 0.00037128 8.6438e-10 TSX
20160323 20171118 3.5418e-05 3.4162e-10 TSX
20160326 20160406 -0.00051127 9.6992e-10 TSX
20160403 20171027 5.4256e-05 3.6733e-10 TSX
20160425 20170811 6.2761e-05 3.6968e-10 TSX
20160528 20160630 -2.9226e-05 8.0868e-10 TSX
20160630 20171118 7.1871e-05 3.5824e-10 TSX
20160722 20161201 0.00018882 5.8129e-10 TSX
20160904 20180707 8.2699e-06 3.241e-10 TSX
20160915 20180911 -1.5571e-05 3.1645e-10 TSX
20160926 20170114 2.7697e-05 6.1815e-10 TSX
20161201 20171027 -3.306e-06 4.1744e-10 TSX
20161223 20171107 1.5717e-05 4.1836e-10 TSX
20170114 20170902 3.6923e-05 4.8311e-10 TSX
20170811 20171005 -8.6142e-05 7.427e-10 TSX
20170822 20180707 -7.5781e-05 4.138e-10 TSX
20170913 20180707 -0.00012904 4.2857e-10 TSX
20170924 20180319 -8.0443e-05 5.2318e-10 TSX
20171005 20171107 4.4071e-05 8.0868e-10 TSX
20171016 20180319 -5.821e-05 5.5004e-10 TSX
20171027 20180911 -5.5065e-05 4.1383e-10 TSX
20171107 20171118 8.7816e-05 9.802e-10 TSX
20171118 20171129 5.4984e-05 9.802e-10 TSX
20171129 20171221 -3.4323e-05 8.5299e-10 TSX
20171210 20180820 -7.7719e-05 4.535e-10 TSX
20171221 20180911 -7.8336e-05 4.4581e-10 TSX
20180112 20181003 -8.1264e-06 4.4592e-10 TSX
20180319 20180707 -8.7508e-05 6.1804e-10 TSX
20180707 20180911 0.0002503 7.1347e-10 TSX
20180729 20181003 -1.3818e-05 7.1347e-10 TSX
20180820 20181003 0.00011054 7.7419e-10 TSX
20180911 20181003 -0.00020016 8.5299e-10 TSX
