20030427 20030914 -0.00023959 6.4595e-10 ERS2
20030914 20080629 -2.7025e-05 4.1174e-10 ERS2
20050918 20090510 -5.6215e-06 4.0924e-10 ERS2
20051127 20081116 -0.00018145 4.1391e-10 ERS2
20060903 20090510 -0.00042725 4.0897e-10 ERS2
20061231 20090105 8.9779e-06 5.8444e-10 ALOS
20070402 20070703 -0.00010482 7.7936e-10 ALOS
20070518 20091008 -9.6449e-05 5.7168e-10 ALOS
20070818 20071003 -0.00034272 8.324e-10 ALOS
20071217 20100509 -5.2785e-05 5.6974e-10 ALOS
20080103 20100526 0.00011748 5.9483e-10 ALOS
20080404 20080520 1.4757e-05 8.3205e-10 ALOS
20080618 20090921 -6.4658e-05 6.0369e-10 ALOS
20080629 20090510 -0.00056291 5.1853e-10 ERS2
20080705 20091008 -6.8539e-05 5.9748e-10 ALOS
20080803 20090823 -0.00012407 4.8526e-10 ERS2
20081116 20090823 1.438e-05 5.2857e-10 ERS2
20081219 20090921 0.00015921 6.4677e-10 ALOS
20090105 20090708 -0.00010494 7.0652e-10 ALOS
20090510 20091101 -0.00031815 6.1325e-10 ERS2
20090708 20091008 0.00030655 7.7765e-10 ALOS
20090823 20091101 0.00079689 7.573e-10 ERS2
20091222 20100624 -1.4265e-05 7.1041e-10 ALOS
20100108 20100223 0.00032302 8.3408e-10 ALOS
20100223 20100526 -0.00013448 7.8426e-10 ALOS
20100410 20100711 6.9703e-05 7.814e-10 ALOS
20100509 20100624 0.00063002 8.2969e-10 ALOS
20100526 20100711 0.00046396 8.324e-10 ALOS
20100624 20101109 -8.6003e-05 7.3013e-10 ALOS
20100711 20101011 -0.00019031 7.7995e-10 ALOS
20100809 20101109 -0.00011607 7.7587e-10 ALOS
20101011 20101126 0.00027236 8.3222e-10 ALOS
20110111 20110226 0.00058778 8.3234e-10 ALOS
20110924 20130715 2.4119e-05 6.1425e-10 TSX
20111005 20121229 -1.5752e-05 6.2521e-10 TSX
20111121 20171221 -1.776e-05 4.6283e-10 TSX
20111221 20130131 -4.4186e-06 6.2059e-10 TSX
20111224 20121027 -9.73e-05 5.1022e-10 TSX
20120126 20140419 -2.6246e-05 5.3888e-10 TSX
20120203 20160320 -1.3408e-05 6.6357e-10 TSX
20120206 20171107 3.9759e-05 4.5732e-10 TSX
20120617 20171129 1.5964e-05 6.5564e-10 TSX
20120723 20160120 7.8179e-06 5.3004e-10 TSX
20121024 20130109 4.2058e-05 7.9883e-10 TSX
20121027 20151226 4.7483e-05 5.6968e-10 TSX
20121030 20130311 5.8732e-05 7.1883e-10 TSX
20121107 20171118 3.3144e-07 4.6948e-10 TSX
20121221 20160208 -4.8637e-05 5.6175e-10 TSX
20121224 20130516 -9.9027e-06 7.0824e-10 TSX
20121229 20130407 2.8902e-05 7.7779e-10 TSX
20130104 20130217 5.6565e-05 8.2559e-10 TSX
20130109 20130715 0.0001142 7.2997e-10 TSX
20130112 20140511 -7.0155e-05 5.244e-10 TSX
20130115 20130721 -7.2275e-05 6.7529e-10 TSX
20130126 20130823 -0.00013894 6.6837e-10 TSX
20130131 20130429 6.1543e-05 7.8638e-10 TSX
20130203 20130729 -9.9181e-06 6.1906e-10 TSX
20130211 20130919 4.9823e-06 6.917e-10 TSX
20130228 20141209 1.7719e-05 5.9463e-10 TSX
20130311 20130801 -8.2887e-05 7.0647e-10 TSX
20130316 20130623 -8.3775e-06 7.7814e-10 TSX
20130402 20150122 0.00012883 6.3873e-10 TSX
20130407 20140530 4.5145e-05 6.3585e-10 TSX
20130421 20171016 -1.4114e-07 5.3462e-10 TSX
20130424 20130721 -0.00014744 7.6741e-10 TSX
20130429 20130623 -0.00010817 8.236e-10 TSX
20130505 20131028 -0.00022254 7.2326e-10 TSX
20130513 20151112 2.5273e-05 5.2963e-10 TSX
20130516 20131017 -0.00015212 7.1502e-10 TSX
20130521 20130715 0.00020262 8.2358e-10 TSX
20130524 20171129 4.2363e-05 6.0143e-10 TSX
20130527 20140627 5.0977e-06 5.9235e-10 TSX
20130601 20130930 4.1315e-05 7.5757e-10 TSX
20130604 20141217 5.3368e-05 4.6707e-10 TSX
20130607 20140719 8.3161e-06 5.8532e-10 TSX
20130612 20150105 2.3755e-05 6.2218e-10 TSX
20130615 20160106 6.6797e-06 5.6734e-10 TSX
20130618 20140708 -2.833e-05 5.8792e-10 TSX
20130623 20130715 0.00065253 8.8859e-10 TSX
20130629 20130914 -6.3942e-06 7.9101e-10 TSX
20130707 20150130 2.7938e-05 4.9623e-10 TSX
20130710 20140901 7.8995e-06 5.8629e-10 TSX
20130715 20130726 -0.0024371 1.0283e-09 TSX
20130721 20131108 0.00015751 7.6393e-10 TSX
20130726 20150517 5.5094e-05 6.1451e-10 TSX
20130729 20160904 1.6076e-05 5.7513e-10 TSX
20130801 20151115 -5.8318e-06 6.6897e-10 TSX
20130817 20140209 2.3962e-05 7.1673e-10 TSX
20130828 20150312 7.6721e-06 6.1483e-10 TSX
20130903 20150329 1.3296e-05 6.0124e-10 TSX
20130919 20160309 -3.2274e-05 6.5058e-10 TSX
20130925 20140708 -1.2036e-05 6.7063e-10 TSX
20130930 20160411 0.00014359 6.1839e-10 TSX
20131011 20150802 2.8502e-05 6.4016e-10 TSX
20131017 20140719 4.6565e-05 6.6271e-10 TSX
20131028 20160304 -2.3231e-05 5.6889e-10 TSX
20131102 20140519 7.4852e-05 6.9788e-10 TSX
20131108 20140708 -0.00023863 7.0678e-10 TSX
20140209 20160309 -7.6113e-07 7.1749e-10 TSX
20140223 20140829 2.643e-05 6.0939e-10 TSX
20140408 20140705 -2.7751e-05 7.2728e-10 TSX
20140419 20170913 0.00015103 5.6942e-10 TSX
20140511 20141228 6.6986e-05 5.9122e-10 TSX
20140519 20150824 1.6133e-05 6.4719e-10 TSX
20140624 20171005 7.207e-06 6.6087e-10 TSX
20140627 20151115 3.2963e-05 5.8903e-10 TSX
20140705 20180911 9.5559e-06 4.3794e-10 TSX
20140708 20160406 1.9146e-05 6.613e-10 TSX
20140716 20171005 -1.2083e-05 5.0573e-10 TSX
20140719 20151207 1.968e-05 6.1368e-10 TSX
20140727 20150326 -3.0579e-05 5.5099e-10 TSX
20140810 20150122 3.7522e-06 7.0693e-10 TSX
20140818 20160301 -1.5974e-06 4.7334e-10 TSX
20140829 20160208 -2.0973e-05 5.7653e-10 TSX
20140901 20140912 -0.00027534 9.827e-10 TSX
20140912 20141209 -1.0273e-05 7.6784e-10 TSX
20140920 20170902 3.2757e-06 5.1937e-10 TSX
20141209 20160211 -3.9634e-05 6.3963e-10 TSX
20141217 20160722 4.3164e-06 5.6379e-10 TSX
20141228 20160106 4.6633e-06 6.0104e-10 TSX
20141231 20151024 -1.5883e-05 6.4287e-10 TSX
20150105 20150824 6.5133e-06 7.0203e-10 TSX
20150108 20170811 -1.5473e-05 6.1611e-10 TSX
20150119 20160117 4.6825e-05 6.3448e-10 TSX
20150127 20160411 -5.0187e-05 6.714e-10 TSX
20150130 20151112 8.1042e-05 5.679e-10 TSX
20150210 20170114 3.8739e-06 5.7954e-10 TSX
20150213 20160326 0.00015877 6.6926e-10 TSX
20150218 20160216 -2.8957e-05 6.5251e-10 TSX
20150221 20180112 0.00013733 4.3976e-10 TSX
20150304 20180911 -6.57e-07 5.9259e-10 TSX
20150307 20160211 -4.82e-05 6.3487e-10 TSX
20150312 20160320 -4.0467e-05 6.7013e-10 TSX
20150326 20150827 7.526e-05 6.5093e-10 TSX
20150329 20151207 -9.5058e-05 6.5644e-10 TSX
20150428 20160425 3.416e-05 5.2035e-10 TSX
20150509 20150827 6.6918e-05 7.095e-10 TSX
20150517 20150824 -0.00014716 7.8324e-10 TSX
20150520 20180911 -2.0324e-05 4.8794e-10 TSX
20150714 20170822 9.3981e-05 5.737e-10 TSX
20150725 20170924 -2.6186e-05 4.9432e-10 TSX
20150802 20160309 -7.9853e-05 6.8194e-10 TSX
20150805 20160403 0.00015302 5.5813e-10 TSX
20150816 20171107 2.3433e-05 4.6069e-10 TSX
20150824 20150915 0.00061515 8.885e-10 TSX
20150827 20170902 1.4035e-05 4.8292e-10 TSX
20150915 20160216 -2.4887e-05 7.273e-10 TSX
20151021 20160904 -4.1356e-05 5.9533e-10 TSX
20151101 20171016 -3.0623e-06 5.5554e-10 TSX
20151112 20160425 3.066e-06 6.3297e-10 TSX
20151115 20151229 0.00012775 8.2559e-10 TSX
20151123 20171221 -3.0758e-05 5.4991e-10 TSX
20151204 20151215 0.00016025 9.8998e-10 TSX
20151207 20160406 -7.4247e-06 7.3001e-10 TSX
20151215 20170822 -8.1386e-05 4.681e-10 TSX
20151226 20161223 6.1688e-05 4.9223e-10 TSX
20151229 20160211 1.8707e-05 8.2559e-10 TSX
20160106 20161223 7.6438e-05 5.0014e-10 TSX
20160117 20160926 2.0506e-05 5.4364e-10 TSX
20160128 20160301 -0.00018173 8.3491e-10 TSX
20160208 20160312 -0.00010331 8.3491e-10 TSX
20160216 20160309 -0.00036044 8.885e-10 TSX
20160219 20180319 -1.9768e-05 5.2217e-10 TSX
20160301 20161201 6.5275e-05 5.2914e-10 TSX
20160304 20160326 4.3772e-05 8.7331e-10 TSX
20160312 20180319 8.2147e-06 5.0414e-10 TSX
20160320 20160411 0.0003914 8.8852e-10 TSX
20160323 20171118 3.3807e-05 4.9606e-10 TSX
20160326 20160406 -0.0005053 9.8259e-10 TSX
20160403 20171027 -8.2783e-06 4.7514e-10 TSX
20160425 20170811 4.1676e-05 5.1118e-10 TSX
20160528 20160630 1.8568e-08 8.3491e-10 TSX
20160630 20171118 4.5035e-05 4.7738e-10 TSX
20160722 20161201 0.00010168 6.5946e-10 TSX
20160904 20180707 -2.0381e-05 4.591e-10 TSX
20160915 20180911 -3.8473e-05 4.7673e-10 TSX
20160926 20170114 0.00010403 6.9614e-10 TSX
20161201 20171027 -8.293e-06 5.6906e-10 TSX
20161223 20171107 -3.1646e-05 5.327e-10 TSX
20170114 20170902 -3.0667e-05 5.6834e-10 TSX
20170811 20171005 -6.876e-05 7.8824e-10 TSX
20170822 20180707 -8.2254e-05 5.052e-10 TSX
20170913 20180707 -8.2229e-05 5.2428e-10 TSX
20170924 20180319 -8.3148e-05 6.0779e-10 TSX
20171005 20171107 7.8648e-05 8.3491e-10 TSX
20171016 20180319 -5.0624e-05 6.3175e-10 TSX
20171027 20180911 -5.825e-05 5.0649e-10 TSX
20171107 20171118 7.3812e-05 9.8998e-10 TSX
20171118 20171129 4.6788e-05 9.8998e-10 TSX
20171129 20171221 -1.7103e-05 8.6978e-10 TSX
20171210 20180820 -0.00012121 5.4427e-10 TSX
20171221 20180911 -6.8013e-05 5.4717e-10 TSX
20180112 20181003 3.7364e-05 5.4514e-10 TSX
20180319 20180707 -0.00014828 6.9266e-10 TSX
20180707 20180911 0.0001609 7.6708e-10 TSX
20180729 20181003 -2.3311e-05 7.6708e-10 TSX
20180820 20181003 8.3948e-05 8.1041e-10 TSX
20180911 20181003 -0.00016955 8.6978e-10 TSX
