20030427 20030914 -0.00027437 5.6683e-10 ERS2
20030914 20080629 -2.0834e-06 2.6763e-10 ERS2
20050918 20090510 -8.9033e-06 3.0136e-10 ERS2
20051127 20081116 0.00013601 3.0052e-10 ERS2
20060903 20090510 -1.418e-05 3.1222e-10 ERS2
20061231 20090105 -0.00010008 3.2612e-10 ALOS
20070402 20070703 -0.00027042 6.6739e-10 ALOS
20070518 20091008 -0.00011118 3.5593e-10 ALOS
20070818 20071003 -0.00019857 7.7563e-10 ALOS
20071217 20100509 1.3271e-05 3.1383e-10 ALOS
20080103 20100526 0.00011481 3.1601e-10 ALOS
20080404 20080520 -3.2241e-05 7.7595e-10 ALOS
20080618 20090921 1.5649e-05 3.7208e-10 ALOS
20080629 20090510 -2.734e-05 4.1371e-10 ERS2
20080705 20091008 -0.00023858 3.6788e-10 ALOS
20080803 20090823 6.7491e-06 3.8285e-10 ERS2
20081116 20090823 -9.4745e-06 4.3207e-10 ERS2
20081219 20090921 -0.00021597 4.4662e-10 ALOS
20090105 20090708 -0.00014761 5.3086e-10 ALOS
20090510 20091101 -0.00015328 5.2079e-10 ERS2
20090708 20091008 0.00023487 6.662e-10 ALOS
20090823 20091101 -0.00042393 6.9851e-10 ERS2
20091222 20100624 -0.00030292 5.2835e-10 ALOS
20100108 20100223 -0.00041814 7.7741e-10 ALOS
20100223 20100526 0.0001204 6.6729e-10 ALOS
20100410 20100711 -0.00024194 6.6676e-10 ALOS
20100509 20100624 0.00058123 7.7333e-10 ALOS
20100526 20100711 0.00036262 7.7538e-10 ALOS
20100624 20101109 -0.00019535 5.8397e-10 ALOS
20100711 20101011 -0.00025324 6.662e-10 ALOS
20100809 20101109 2.3195e-05 6.6352e-10 ALOS
20101011 20101126 0.00012759 7.7536e-10 ALOS
20110111 20110226 0.00052423 7.7536e-10 ALOS
20110924 20130715 1.2009e-05 3.2314e-10 TSX
20111005 20121229 -4.3595e-08 3.7051e-10 TSX
20111121 20171221 1.252e-06 4.551e-10 TSX
20111221 20130131 -4.2891e-05 3.8548e-10 TSX
20111224 20121027 3.1206e-05 4.1939e-10 TSX
20120126 20140419 -5.1077e-05 3.3647e-10 TSX
20120203 20160320 -1.6191e-05 3.2007e-10 TSX
20120206 20171107 1.6167e-05 4.6814e-10 TSX
20120617 20171129 -4.1297e-06 4.2677e-10 TSX
20120723 20160120 -7.3204e-05 3.3892e-10 TSX
20121024 20130109 7.5349e-05 7.0155e-10 TSX
20121027 20151226 1.5132e-05 3.8712e-10 TSX
20121030 20130311 -7.6278e-05 5.8464e-10 TSX
20121107 20171118 3.1202e-05 5.1326e-10 TSX
20121221 20160208 4.2814e-05 4.1744e-10 TSX
20121224 20130516 -0.00013848 5.6849e-10 TSX
20121229 20130407 -7.6295e-05 6.5604e-10 TSX
20130104 20130217 -8.524e-05 7.7326e-10 TSX
20130109 20130715 -1.1458e-05 5.3432e-10 TSX
20130112 20140511 -6.5382e-05 3.6385e-10 TSX
20130115 20130721 2.1483e-05 5.1419e-10 TSX
20130126 20130823 0.00013919 5.4077e-10 TSX
20130131 20130429 -8.3817e-05 6.7794e-10 TSX
20130203 20130729 4.4237e-05 5.231e-10 TSX
20130211 20130919 7.5871e-05 4.9598e-10 TSX
20130228 20141209 3.1534e-06 3.2845e-10 TSX
20130311 20130801 5.2984e-05 5.6844e-10 TSX
20130316 20130623 -7.2686e-05 6.5605e-10 TSX
20130402 20150122 -8.2627e-05 4.545e-10 TSX
20130407 20140530 -3.4441e-05 3.8075e-10 TSX
20130421 20171016 3.0086e-05 4.4656e-10 TSX
20130424 20130721 -2.1126e-05 6.64e-10 TSX
20130429 20130623 -7.4852e-05 7.542e-10 TSX
20130505 20131028 -0.00037022 5.6485e-10 TSX
20130513 20151112 4.1914e-05 3.7185e-10 TSX
20130516 20131017 7.1568e-05 5.7766e-10 TSX
20130521 20130715 0.00021064 7.5422e-10 TSX
20130524 20171129 3.9809e-05 4.7275e-10 TSX
20130527 20140627 2.0784e-05 3.8332e-10 TSX
20130601 20130930 0.00017638 6.1695e-10 TSX
20130604 20141217 4.288e-06 3.5209e-10 TSX
20130607 20140719 2.9701e-05 3.796e-10 TSX
20130612 20150105 1.2915e-05 3.3949e-10 TSX
20130615 20160106 3.4126e-05 4.1343e-10 TSX
20130618 20140708 4.4801e-05 3.8774e-10 TSX
20130623 20130715 0.00066699 8.6222e-10 TSX
20130629 20130914 0.00019252 7.287e-10 TSX
20130707 20150130 -3.9487e-05 3.4578e-10 TSX
20130710 20140901 1.3118e-05 3.7755e-10 TSX
20130715 20130726 -0.0023149 1.0114e-09 TSX
20130721 20131108 0.00080158 6.4817e-10 TSX
20130726 20150517 -5.6031e-05 3.4559e-10 TSX
20130729 20160904 2.2905e-05 3.509e-10 TSX
20130801 20151115 6.007e-05 3.8631e-10 TSX
20130817 20140209 -4.6875e-05 5.4095e-10 TSX
20130828 20150312 -1.6003e-05 3.4474e-10 TSX
20130903 20150329 -2.0126e-05 3.81e-10 TSX
20130919 20160309 3.4182e-05 3.4288e-10 TSX
20130925 20140708 -5.3319e-05 4.864e-10 TSX
20130930 20160411 1.0518e-05 3.4316e-10 TSX
20131011 20150802 -5.7009e-05 3.842e-10 TSX
20131017 20140719 -9.152e-05 4.8447e-10 TSX
20131028 20160304 1.9261e-05 3.4901e-10 TSX
20131102 20140519 -0.00011439 5.1709e-10 TSX
20131108 20140708 5.2204e-05 5.4671e-10 TSX
20140209 20160309 6.5874e-06 3.9445e-10 TSX
20140223 20140829 3.2741e-05 5.1106e-10 TSX
20140408 20140705 -1.503e-05 6.6123e-10 TSX
20140419 20170913 9.0376e-05 3.8477e-10 TSX
20140511 20141228 6.8477e-05 4.7015e-10 TSX
20140519 20150824 1.9508e-05 3.8387e-10 TSX
20140624 20171005 3.8881e-05 3.3629e-10 TSX
20140627 20151115 3.7307e-05 4.0876e-10 TSX
20140705 20180911 5.1515e-05 3.7545e-10 TSX
20140708 20160406 -1.4183e-05 3.7552e-10 TSX
20140716 20171005 6.5218e-05 3.284e-10 TSX
20140719 20151207 5.492e-05 3.7172e-10 TSX
20140727 20150326 -2.0292e-05 4.6127e-10 TSX
20140810 20150122 -3.2068e-05 5.5394e-10 TSX
20140818 20160301 4.3972e-05 3.6245e-10 TSX
20140829 20160208 4.3275e-05 3.8555e-10 TSX
20140901 20140912 -0.00030217 9.6805e-10 TSX
20140912 20141209 -3.0949e-05 6.64e-10 TSX
20140920 20170902 0.00012454 4.1921e-10 TSX
20141209 20160211 3.141e-05 4.0902e-10 TSX
20141217 20160722 8.0523e-05 4.0631e-10 TSX
20141228 20160106 6.5936e-05 4.0153e-10 TSX
20141231 20151024 7.7968e-05 4.3318e-10 TSX
20150105 20150824 2.2898e-05 5.01e-10 TSX
20150108 20170811 6.816e-05 3.6463e-10 TSX
20150119 20160117 9.2106e-05 4.2081e-10 TSX
20150127 20160411 2.932e-05 4.2284e-10 TSX
20150130 20151112 5.132e-05 4.684e-10 TSX
20150210 20170114 0.00010514 4.9871e-10 TSX
20150213 20160326 7.8944e-05 4.0474e-10 TSX
20150218 20160216 4.1416e-05 4.209e-10 TSX
20150221 20180112 5.7329e-05 3.6675e-10 TSX
20150304 20180911 -1.2372e-06 4.594e-10 TSX
20150307 20160211 8.2966e-05 4.3194e-10 TSX
20150312 20160320 -2.1163e-05 4.2117e-10 TSX
20150326 20150827 0.0001805 5.5449e-10 TSX
20150329 20151207 8.9429e-05 4.5484e-10 TSX
20150428 20160425 7.6709e-05 4.2707e-10 TSX
20150509 20150827 0.0002468 6.474e-10 TSX
20150517 20150824 8.9292e-05 6.5781e-10 TSX
20150520 20180911 3.8306e-05 3.3622e-10 TSX
20150714 20170822 5.6348e-05 4.4817e-10 TSX
20150725 20170924 4.4267e-05 4.7971e-10 TSX
20150802 20160309 1.7567e-06 4.9857e-10 TSX
20150805 20160403 9.7271e-07 4.9865e-10 TSX
20150816 20171107 7.2402e-05 3.8221e-10 TSX
20150824 20150915 0.00072072 8.6213e-10 TSX
20150827 20170902 7.9301e-05 4.4557e-10 TSX
20150915 20160216 -8.7209e-05 5.6823e-10 TSX
20151021 20160904 1.6062e-06 4.4176e-10 TSX
20151101 20171016 6.0198e-05 3.751e-10 TSX
20151112 20160425 -3.3459e-05 5.4296e-10 TSX
20151115 20151229 0.00015535 7.7326e-10 TSX
20151123 20171221 4.6039e-05 3.538e-10 TSX
20151204 20151215 0.00017265 9.7812e-10 TSX
20151207 20160406 -8.8761e-05 6.0216e-10 TSX
20151215 20170822 0.0001032 4.6024e-10 TSX
20151226 20161223 0.00010774 3.9728e-10 TSX
20151229 20160211 4.7649e-06 7.7326e-10 TSX
20160106 20161223 0.00011884 4.0148e-10 TSX
20160117 20160926 0.00010859 4.5825e-10 TSX
20160128 20160301 -0.00016777 8.0655e-10 TSX
20160208 20160312 -9.6308e-05 8.0655e-10 TSX
20160216 20160309 -0.00039943 8.6213e-10 TSX
20160219 20180319 -2.4342e-05 3.3981e-10 TSX
20160301 20161201 0.00017948 4.3927e-10 TSX
20160304 20160326 -1.2195e-05 8.4884e-10 TSX
20160312 20180319 -4.7226e-06 3.3337e-10 TSX
20160320 20160411 0.00038074 8.6214e-10 TSX
20160323 20171118 4.6304e-05 3.4919e-10 TSX
20160326 20160406 -0.00051841 9.6798e-10 TSX
20160403 20171027 9.3539e-05 3.6061e-10 TSX
20160425 20170811 8.9317e-05 4.1222e-10 TSX
20160528 20160630 5.402e-05 8.0655e-10 TSX
20160630 20171118 7.3416e-05 3.667e-10 TSX
20160722 20161201 0.00028196 5.8131e-10 TSX
20160904 20180707 -4.7201e-05 3.2992e-10 TSX
20160915 20180911 -7.9242e-05 3.1825e-10 TSX
20160926 20170114 4.1717e-05 6.1795e-10 TSX
20161201 20171027 -1.2463e-05 4.1118e-10 TSX
20161223 20171107 -3.9081e-05 4.2628e-10 TSX
20170114 20170902 -1.0867e-05 4.8571e-10 TSX
20170811 20171005 -5.6175e-05 7.4121e-10 TSX
20170822 20180707 -0.00016888 4.1359e-10 TSX
20170913 20180707 -0.00022368 4.2535e-10 TSX
20170924 20180319 -0.00020871 5.2318e-10 TSX
20171005 20171107 4.5512e-05 8.0655e-10 TSX
20171016 20180319 -0.00019987 5.5005e-10 TSX
20171027 20180911 -0.00012117 4.136e-10 TSX
20171107 20171118 8.5364e-05 9.7813e-10 TSX
20171118 20171129 5.0104e-05 9.7812e-10 TSX
20171129 20171221 -2.1653e-05 8.5081e-10 TSX
20171210 20180820 -0.00011077 4.5345e-10 TSX
20171221 20180911 -9.3526e-05 4.4563e-10 TSX
20180112 20181003 -5.0939e-05 4.4564e-10 TSX
20180319 20180707 -0.00010838 6.1795e-10 TSX
20180707 20180911 0.00026405 7.124e-10 TSX
20180729 20181003 3.358e-05 7.124e-10 TSX
20180820 20181003 0.00010265 7.7231e-10 TSX
20180911 20181003 -0.00019064 8.5081e-10 TSX
