20030427 20030914 -0.00018084 5.7969e-10 ERS2
20030914 20080629 -5.6365e-05 2.9765e-10 ERS2
20050918 20090510 0.00010314 3.1189e-10 ERS2
20051127 20081116 0.00027278 3.1794e-10 ERS2
20060903 20090510 -3.81e-05 3.3453e-10 ERS2
20061231 20090105 -2.9515e-05 3.3652e-10 ALOS
20070402 20070703 -1.5943e-05 7.0589e-10 ALOS
20070518 20091008 -6.6379e-05 3.661e-10 ALOS
20070818 20071003 -0.00026804 8.0282e-10 ALOS
20071217 20100509 6.3751e-05 3.2195e-10 ALOS
20080103 20100526 -0.0001141 3.7583e-10 ALOS
20080404 20080520 -8.6906e-05 8.0315e-10 ALOS
20080618 20090921 3.3108e-05 3.9253e-10 ALOS
20080629 20090510 -0.00070555 4.2499e-10 ERS2
20080705 20091008 -7.0703e-05 3.8369e-10 ALOS
20080803 20090823 -6.5231e-05 3.8944e-10 ERS2
20081116 20090823 7.5869e-05 4.3967e-10 ERS2
20081219 20090921 4.2756e-05 4.7007e-10 ALOS
20090105 20090708 -1.1551e-06 5.735e-10 ALOS
20090510 20091101 -0.00012792 5.3343e-10 ERS2
20090708 20091008 0.00024809 7.0411e-10 ALOS
20090823 20091101 0.00043121 7.19e-10 ERS2
20091222 20100624 6.0162e-05 5.6646e-10 ALOS
20100108 20100223 0.00020194 8.0348e-10 ALOS
20100223 20100526 7.8429e-05 7.042e-10 ALOS
20100410 20100711 -2.1468e-05 7.0419e-10 ALOS
20100509 20100624 0.00063214 8.0011e-10 ALOS
20100526 20100711 0.00038464 8.028e-10 ALOS
20100624 20101109 -2.9023e-05 6.2271e-10 ALOS
20100711 20101011 -5.8535e-05 7.0453e-10 ALOS
20100809 20101109 -4.8536e-05 7.004e-10 ALOS
20101011 20101126 0.00024244 8.0282e-10 ALOS
20110111 20110226 0.00046844 8.0279e-10 ALOS
20110924 20130715 3.4666e-05 4.4712e-10 TSX
20111005 20121229 2.3737e-05 4.117e-10 TSX
20111121 20171221 -9.3018e-06 4.17e-10 TSX
20111221 20130131 3.2509e-05 4.0748e-10 TSX
20111224 20121027 -4.1135e-05 4.2882e-10 TSX
20120126 20140419 -2.0522e-05 5.5488e-10 TSX
20120203 20160320 0.00010473 3.2663e-10 TSX
20120206 20171107 5.7072e-05 4.6969e-10 TSX
20120617 20171129 -7.7361e-06 4.8608e-10 TSX
20120723 20160120 3.9846e-05 4.8013e-10 TSX
20121024 20130109 3.3376e-05 7.4216e-10 TSX
20121027 20151226 -2.0335e-05 4.3409e-10 TSX
20121030 20130311 3.3589e-05 6.1704e-10 TSX
20121107 20171118 -6.3614e-05 3.2954e-10 TSX
20121221 20160208 1.1254e-05 4.341e-10 TSX
20121224 20130516 2.7891e-05 5.9965e-10 TSX
20121229 20130407 -4.6636e-06 6.984e-10 TSX
20130104 20130217 -7.8571e-07 7.9719e-10 TSX
20130109 20130715 0.00022232 6.0042e-10 TSX
20130112 20140511 4.3252e-05 5.0067e-10 TSX
20130115 20130721 -0.00012002 5.822e-10 TSX
20130126 20130823 -0.00046946 5.6124e-10 TSX
20130131 20130429 3.2853e-05 7.178e-10 TSX
20130203 20130729 -1.1473e-05 5.454e-10 TSX
20130211 20130919 9.7828e-05 5.6625e-10 TSX
20130228 20141209 5.559e-05 5.1476e-10 TSX
20130311 20130801 -1.9684e-05 6.0306e-10 TSX
20130316 20130623 -5.5881e-05 7.135e-10 TSX
20130402 20150122 0.00018932 3.5942e-10 TSX
20130407 20140530 0.00013535 4.226e-10 TSX
20130421 20171016 -8.5971e-05 4.5437e-10 TSX
20130424 20130721 -0.00020914 7.0035e-10 TSX
20130429 20130623 -0.0001103 7.8759e-10 TSX
20130505 20131028 -0.00034452 6.2924e-10 TSX
20130513 20151112 5.4977e-05 4.6219e-10 TSX
20130516 20131017 0.00010416 6.6088e-10 TSX
20130521 20130715 0.00015893 7.889e-10 TSX
20130524 20171129 9.7531e-05 3.6727e-10 TSX
20130527 20140627 5.65e-05 4.7155e-10 TSX
20130601 20130930 7.7615e-05 6.7193e-10 TSX
20130604 20141217 -1.1108e-05 4.7993e-10 TSX
20130607 20140719 4.3937e-05 4.5183e-10 TSX
20130612 20150105 1.0118e-05 5.2421e-10 TSX
20130615 20160106 5.1515e-05 3.7302e-10 TSX
20130618 20140708 -2.0835e-05 4.0297e-10 TSX
20130623 20130715 0.00063164 8.7846e-10 TSX
20130629 20130914 0.00010402 7.2776e-10 TSX
20130707 20150130 2.1511e-05 3.9543e-10 TSX
20130710 20140901 0.00013652 4.0153e-10 TSX
20130715 20130726 -0.0024044 1.0233e-09 TSX
20130721 20131108 0.00048552 6.6297e-10 TSX
20130726 20150517 -0.00010499 5.2921e-10 TSX
20130729 20160904 -5.4857e-05 5.1787e-10 TSX
20130801 20151115 7.6335e-05 4.6414e-10 TSX
20130817 20140209 -4.8433e-05 5.8116e-10 TSX
20130828 20150312 2.2751e-05 4.4503e-10 TSX
20130903 20150329 3.5357e-06 4.0029e-10 TSX
20130919 20160309 7.9595e-05 4.5859e-10 TSX
20130925 20140708 -7.2084e-05 4.8239e-10 TSX
20130930 20160411 1.8493e-05 3.8866e-10 TSX
20131011 20150802 -0.00014604 3.7596e-10 TSX
20131017 20140719 -2.6158e-05 4.7223e-10 TSX
20131028 20160304 0.00012621 4.4865e-10 TSX
20131102 20140519 5.43e-05 5.5529e-10 TSX
20131108 20140708 0.00010842 5.92e-10 TSX
20140209 20160309 -9.8747e-05 4.033e-10 TSX
20140223 20140829 3.4704e-05 5.2669e-10 TSX
20140408 20140705 -2.4455e-05 6.8316e-10 TSX
20140419 20170913 0.00010701 3.8947e-10 TSX
20140511 20141228 6.0846e-05 5.1284e-10 TSX
20140519 20150824 1.6794e-05 4.8949e-10 TSX
20140624 20171005 9.6473e-05 5.5225e-10 TSX
20140627 20151115 -6.2076e-05 3.9191e-10 TSX
20140705 20180911 -7.6562e-05 4.7065e-10 TSX
20140708 20160406 -0.00012848 4.5225e-10 TSX
20140716 20171005 -5.1361e-05 4.4983e-10 TSX
20140719 20151207 6.7074e-05 3.796e-10 TSX
20140727 20150326 -5.1498e-05 4.8003e-10 TSX
20140810 20150122 0.00010768 5.7647e-10 TSX
20140818 20160301 6.3764e-06 4.3971e-10 TSX
20140829 20160208 -0.00012853 4.6226e-10 TSX
20140901 20140912 -0.00027763 9.7765e-10 TSX
20140912 20141209 2.7056e-05 6.9597e-10 TSX
20140920 20170902 -7.4599e-05 3.2919e-10 TSX
20141209 20160211 -1.741e-06 5.2003e-10 TSX
20141217 20160722 -1.1403e-05 3.7953e-10 TSX
20141228 20160106 -9.7456e-05 5.2645e-10 TSX
20141231 20151024 -0.00011085 4.852e-10 TSX
20150105 20150824 -0.00017086 5.6794e-10 TSX
20150108 20170811 -0.00012705 4.6668e-10 TSX
20150119 20160117 0.00013349 5.7949e-10 TSX
20150127 20160411 0.00020354 4.4696e-10 TSX
20150130 20151112 0.0002172 5.1282e-10 TSX
20150210 20170114 0.00015171 3.5199e-10 TSX
20150213 20160326 -8.2763e-05 5.4699e-10 TSX
20150218 20160216 -6.0574e-06 4.8697e-10 TSX
20150221 20180112 0.00011674 4.2024e-10 TSX
20150304 20180911 8.9689e-05 3.7698e-10 TSX
20150307 20160211 2.1512e-06 4.4415e-10 TSX
20150312 20160320 -4.0576e-05 4.9158e-10 TSX
20150326 20150827 -3.5568e-05 5.9216e-10 TSX
20150329 20151207 -6.3357e-05 4.8118e-10 TSX
20150428 20160425 0.00011423 4.3977e-10 TSX
20150509 20150827 -3.0661e-05 6.6916e-10 TSX
20150517 20150824 -0.00018625 7.052e-10 TSX
20150520 20180911 -0.00010728 4.4771e-10 TSX
20150714 20170822 -2.8395e-05 4.6337e-10 TSX
20150725 20170924 2.8586e-05 4.6601e-10 TSX
20150802 20160309 -1.2922e-05 5.5149e-10 TSX
20150805 20160403 0.00015694 5.002e-10 TSX
20150816 20171107 2.5114e-07 3.4914e-10 TSX
20150824 20150915 0.00063679 8.7835e-10 TSX
20150827 20170902 4.54e-05 3.5298e-10 TSX
20150915 20160216 -1.0084e-05 6.2273e-10 TSX
20151021 20160904 -8.4259e-05 4.4957e-10 TSX
20151101 20171016 0.00013058 3.6261e-10 TSX
20151112 20160425 -2.3061e-05 5.5967e-10 TSX
20151115 20151229 0.00010056 7.9719e-10 TSX
20151123 20171221 2.81e-05 4.0229e-10 TSX
20151204 20151215 0.00016069 9.8587e-10 TSX
20151207 20160406 -2.9056e-05 6.3506e-10 TSX
20151215 20170822 1.594e-05 4.1928e-10 TSX
20151226 20161223 6.6146e-05 4.0672e-10 TSX
20151229 20160211 3.9576e-06 7.9719e-10 TSX
20160106 20161223 0.00010502 4.1105e-10 TSX
20160117 20160926 5.7163e-05 4.8092e-10 TSX
20160128 20160301 -0.00025825 8.2122e-10 TSX
20160208 20160312 -0.00015112 8.2122e-10 TSX
20160216 20160309 -0.00036615 8.7835e-10 TSX
20160219 20180319 4.5064e-05 4.4271e-10 TSX
20160301 20161201 0.00011392 4.4972e-10 TSX
20160304 20160326 5.276e-05 8.627e-10 TSX
20160312 20180319 1.0672e-07 3.7576e-10 TSX
20160320 20160411 0.0003542 8.7837e-10 TSX
20160323 20171118 -1.9215e-05 3.8181e-10 TSX
20160326 20160406 -0.00051695 9.7756e-10 TSX
20160403 20171027 -1.1774e-05 4.4494e-10 TSX
20160425 20170811 2.2992e-05 4.4461e-10 TSX
20160528 20160630 2.0649e-05 8.2122e-10 TSX
20160630 20171118 3.7691e-05 4.4394e-10 TSX
20160722 20161201 0.0001403 6.0334e-10 TSX
20160904 20180707 -7.4127e-05 3.8072e-10 TSX
20160915 20180911 -4.8994e-05 5.4725e-10 TSX
20160926 20170114 0.00017253 6.5535e-10 TSX
20161201 20171027 8.023e-05 5.6521e-10 TSX
20161223 20171107 0.00035398 4.7229e-10 TSX
20170114 20170902 0.00010795 5.5642e-10 TSX
20170811 20171005 -7.0802e-05 7.6143e-10 TSX
20170822 20180707 -0.00011939 4.2315e-10 TSX
20170913 20180707 -0.00021037 4.401e-10 TSX
20170924 20180319 -4.4626e-05 5.3731e-10 TSX
20171005 20171107 0.00010223 8.2123e-10 TSX
20171016 20180319 -2.5889e-05 5.6609e-10 TSX
20171027 20180911 -5.3411e-05 4.2431e-10 TSX
20171107 20171118 6.5149e-05 9.8587e-10 TSX
20171118 20171129 5.7003e-05 9.8587e-10 TSX
20171129 20171221 -7.1732e-06 8.6173e-10 TSX
20171210 20180820 -0.00018568 4.645e-10 TSX
20171221 20180911 -7.0555e-05 4.6112e-10 TSX
20180112 20181003 6.3634e-05 4.5843e-10 TSX
20180319 20180707 -0.00025996 6.3918e-10 TSX
20180707 20180911 0.00032542 7.3388e-10 TSX
20180729 20181003 0.00010098 7.3388e-10 TSX
20180820 20181003 0.00023087 7.9025e-10 TSX
20180911 20181003 -0.00017525 8.6173e-10 TSX
