20030427 20030914 0.00044503 5.6562e-10 ERS2
20030914 20080629 0.00013994 2.8295e-10 ERS2
20050918 20090510 0.00010925 3.035e-10 ERS2
20051127 20081116 -0.00013336 3.0041e-10 ERS2
20060903 20090510 -6.3633e-05 3.0997e-10 ERS2
20061231 20090105 3.8172e-05 3.1929e-10 ALOS
20070402 20070703 0.00011679 6.6788e-10 ALOS
20070518 20091008 -0.00030547 3.0592e-10 ALOS
20070818 20071003 -0.00026339 7.7914e-10 ALOS
20071217 20100509 0.00012033 3.0373e-10 ALOS
20080103 20100526 1.8855e-05 3.0626e-10 ALOS
20080404 20080520 7.6163e-05 7.7936e-10 ALOS
20080618 20090921 -0.00027363 3.7274e-10 ALOS
20080629 20090510 -0.00040713 4.1675e-10 ERS2
20080705 20091008 -0.00014747 3.6521e-10 ALOS
20080803 20090823 -7.9813e-05 3.8303e-10 ERS2
20081116 20090823 2.8023e-05 4.3263e-10 ERS2
20081219 20090921 3.9225e-05 4.4698e-10 ALOS
20090105 20090708 0.00010219 5.2849e-10 ALOS
20090510 20091101 0.00085786 5.2072e-10 ERS2
20090708 20091008 0.00010452 6.6798e-10 ALOS
20090823 20091101 -0.00016402 6.9961e-10 ERS2
20091222 20100624 0.00022929 5.2643e-10 ALOS
20100108 20100223 0.00045045 7.7932e-10 ALOS
20100223 20100526 0.00017971 6.6797e-10 ALOS
20100410 20100711 -0.00018955 6.6785e-10 ALOS
20100509 20100624 0.00060443 7.7704e-10 ALOS
20100526 20100711 0.00022559 7.7947e-10 ALOS
20100624 20101109 -1.7793e-05 5.8453e-10 ALOS
20100711 20101011 0.00027274 6.6794e-10 ALOS
20100809 20101109 -6.8693e-05 6.6495e-10 ALOS
20101011 20101126 0.00011682 7.7948e-10 ALOS
20110111 20110226 0.00051507 7.7922e-10 ALOS
20110924 20130715 -5.0078e-06 4.2527e-10 TSX
20111005 20121229 -0.00021466 4.4902e-10 TSX
20111121 20171221 3.0091e-05 3.6713e-10 TSX
20111221 20130131 -1.965e-05 3.9975e-10 TSX
20111224 20121027 4.6401e-05 4.251e-10 TSX
20120126 20140419 2.0002e-06 4.1726e-10 TSX
20120203 20160320 -6.4362e-06 2.685e-10 TSX
20120206 20171107 -5.1864e-05 4.9922e-10 TSX
20120617 20171129 -9.0981e-06 3.2502e-10 TSX
20120723 20160120 7.0214e-05 3.6789e-10 TSX
20121024 20130109 0.00011166 7.0454e-10 TSX
20121027 20151226 1.0145e-06 3.8449e-10 TSX
20121030 20130311 7.3121e-05 5.8714e-10 TSX
20121107 20171118 5.0749e-05 4.7335e-10 TSX
20121221 20160208 2.3298e-05 3.4471e-10 TSX
20121224 20130516 -0.0001721 5.6971e-10 TSX
20121229 20130407 -7.1895e-05 6.5825e-10 TSX
20130104 20130217 -3.9872e-05 7.7628e-10 TSX
20130109 20130715 0.00016014 5.4719e-10 TSX
20130112 20140511 -3.0071e-05 3.8573e-10 TSX
20130115 20130721 -0.00034032 5.2886e-10 TSX
20130126 20130823 -0.0001648 5.2457e-10 TSX
20130131 20130429 -8.8482e-05 6.797e-10 TSX
20130203 20130729 -4.1728e-05 5.2971e-10 TSX
20130211 20130919 -2.5223e-05 5.1372e-10 TSX
20130228 20141209 -2.8477e-05 3.6163e-10 TSX
20130311 20130801 -0.00014425 5.7894e-10 TSX
20130316 20130623 -0.00011818 6.607e-10 TSX
20130402 20150122 1.0636e-05 3.5938e-10 TSX
20130407 20140530 -3.9243e-05 4.1276e-10 TSX
20130421 20171016 -2.4653e-05 3.5385e-10 TSX
20130424 20130721 -0.00036949 6.7104e-10 TSX
20130429 20130623 -0.00019155 7.5911e-10 TSX
20130505 20131028 -0.00038535 5.4873e-10 TSX
20130513 20151112 0.00015599 3.5566e-10 TSX
20130516 20131017 -0.00032975 5.6257e-10 TSX
20130521 20130715 0.00025367 7.608e-10 TSX
20130524 20171129 3.5183e-05 5.5573e-10 TSX
20130527 20140627 -1.4777e-05 4.0994e-10 TSX
20130601 20130930 0.00032011 6.2552e-10 TSX
20130604 20141217 4.5344e-05 3.6538e-10 TSX
20130607 20140719 -1.1012e-05 4.128e-10 TSX
20130612 20150105 -7.768e-05 3.7729e-10 TSX
20130615 20160106 0.00012634 3.3888e-10 TSX
20130618 20140708 -1.3937e-05 4.2159e-10 TSX
20130623 20130715 0.00073412 8.6735e-10 TSX
20130629 20130914 0.00020799 6.9889e-10 TSX
20130707 20150130 1.4656e-05 3.6618e-10 TSX
20130710 20140901 1.3857e-05 4.0995e-10 TSX
20130715 20130726 -0.0025825 1.0162e-09 TSX
20130721 20131108 0.00047724 6.2296e-10 TSX
20130726 20150517 8.8255e-05 3.7319e-10 TSX
20130729 20160904 1.7521e-05 2.9973e-10 TSX
20130801 20151115 -1.0785e-05 3.4323e-10 TSX
20130817 20140209 -7.9002e-05 5.4962e-10 TSX
20130828 20150312 -3.3849e-05 3.8299e-10 TSX
20130903 20150329 -0.00018236 3.3593e-10 TSX
20130919 20160309 -1.9612e-05 3.626e-10 TSX
20130925 20140708 -9.1829e-06 4.5034e-10 TSX
20130930 20160411 -3.0416e-05 3.5581e-10 TSX
20131011 20150802 4.2837e-05 3.6743e-10 TSX
20131017 20140719 1.042e-05 4.5033e-10 TSX
20131028 20160304 4.2735e-06 3.6671e-10 TSX
20131102 20140519 -2.5031e-05 5.2178e-10 TSX
20131108 20140708 2.6103e-05 4.775e-10 TSX
20140209 20160309 -1.7983e-05 3.7152e-10 TSX
20140223 20140829 0.00010048 5.1276e-10 TSX
20140408 20140705 -9.9128e-06 6.6199e-10 TSX
20140419 20170913 -1.5021e-05 3.1943e-10 TSX
20140511 20141228 4.5976e-05 4.73e-10 TSX
20140519 20150824 -6.0574e-05 4.0062e-10 TSX
20140624 20171005 7.186e-06 4.6065e-10 TSX
20140627 20151115 -5.892e-05 3.8373e-10 TSX
20140705 20180911 6.7909e-06 3.9744e-10 TSX
20140708 20160406 3.9823e-05 3.6412e-10 TSX
20140716 20171005 0.00013554 3.4175e-10 TSX
20140719 20151207 2.8411e-05 3.8627e-10 TSX
20140727 20150326 -3.9468e-05 4.6241e-10 TSX
20140810 20150122 -7.0121e-05 5.412e-10 TSX
20140818 20160301 8.7264e-06 3.4115e-10 TSX
20140829 20160208 6.3918e-06 3.6861e-10 TSX
20140901 20140912 -0.00030246 9.7172e-10 TSX
20140912 20141209 2.2836e-05 6.6497e-10 TSX
20140920 20170902 9.8014e-07 3.1482e-10 TSX
20141209 20160211 -4.2587e-05 3.9121e-10 TSX
20141217 20160722 -1.1556e-05 3.5179e-10 TSX
20141228 20160106 -2.2088e-05 3.8838e-10 TSX
20141231 20151024 -1.3108e-05 4.2608e-10 TSX
20150105 20150824 -9.7828e-05 4.9723e-10 TSX
20150108 20170811 1.0401e-05 3.9474e-10 TSX
20150119 20160117 5.0798e-05 3.9767e-10 TSX
20150127 20160411 -5.6911e-05 4.0042e-10 TSX
20150130 20151112 3.037e-05 4.3506e-10 TSX
20150210 20170114 1.1804e-05 3.4906e-10 TSX
20150213 20160326 -4.473e-05 3.8883e-10 TSX
20150218 20160216 -6.2742e-05 4.1219e-10 TSX
20150221 20180112 7.757e-05 3.5549e-10 TSX
20150304 20180911 -3.4222e-05 3.6689e-10 TSX
20150307 20160211 -5.0127e-05 4.0207e-10 TSX
20150312 20160320 -7.1917e-05 4.0519e-10 TSX
20150326 20150827 5.1336e-05 5.5157e-10 TSX
20150329 20151207 -2.5542e-05 4.559e-10 TSX
20150428 20160425 1.1e-05 3.9969e-10 TSX
20150509 20150827 -1.1936e-06 6.1997e-10 TSX
20150517 20150824 -4.3386e-05 6.5892e-10 TSX
20150520 20180911 -5.1922e-05 4.0401e-10 TSX
20150714 20170822 5.9675e-05 3.3403e-10 TSX
20150725 20170924 1.1295e-05 3.5485e-10 TSX
20150802 20160309 -1.4881e-05 4.974e-10 TSX
20150805 20160403 -6.2481e-05 4.6459e-10 TSX
20150816 20171107 -8.9761e-06 3.6709e-10 TSX
20150824 20150915 0.00070331 8.6689e-10 TSX
20150827 20170902 3.3026e-05 3.7863e-10 TSX
20150915 20160216 -9.2209e-05 5.6955e-10 TSX
20151021 20160904 -0.00010816 4.2311e-10 TSX
20151101 20171016 -1.3326e-05 3.5303e-10 TSX
20151112 20160425 -4.0602e-05 5.3667e-10 TSX
20151115 20151229 0.00011863 7.7625e-10 TSX
20151123 20171221 2.1268e-05 3.7142e-10 TSX
20151204 20151215 0.0001611 9.8093e-10 TSX
20151207 20160406 -0.0001142 6.0262e-10 TSX
20151215 20170822 6.6797e-05 3.5614e-10 TSX
20151226 20161223 6.4373e-06 3.9422e-10 TSX
20151229 20160211 5.853e-05 7.7625e-10 TSX
20160106 20161223 8.0888e-06 4.0176e-10 TSX
20160117 20160926 -1.1615e-05 4.5985e-10 TSX
20160128 20160301 -0.00012791 8.0944e-10 TSX
20160208 20160312 -0.00011781 8.0944e-10 TSX
20160216 20160309 -0.00038109 8.6689e-10 TSX
20160219 20180319 -2.3073e-05 3.286e-10 TSX
20160301 20161201 2.8564e-05 4.3918e-10 TSX
20160304 20160326 4.4125e-05 8.5248e-10 TSX
20160312 20180319 -4.0341e-06 3.364e-10 TSX
20160320 20160411 0.00036734 8.6689e-10 TSX
20160323 20171118 -1.1599e-05 4.1624e-10 TSX
20160326 20160406 -0.00050241 9.7164e-10 TSX
20160403 20171027 6.5405e-05 3.6645e-10 TSX
20160425 20170811 3.8844e-06 4.3135e-10 TSX
20160528 20160630 -2.132e-05 8.0944e-10 TSX
20160630 20171118 -2.8404e-05 3.7367e-10 TSX
20160722 20161201 0.00013545 5.8187e-10 TSX
20160904 20180707 -3.3649e-05 4.2007e-10 TSX
20160915 20180911 -3.7621e-05 4.003e-10 TSX
20160926 20170114 3.0547e-05 6.2189e-10 TSX
20161201 20171027 -5.3438e-05 4.4985e-10 TSX
20161223 20171107 2.3151e-05 4.387e-10 TSX
20170114 20170902 5.1813e-05 4.7772e-10 TSX
20170811 20171005 -8.649e-05 7.4333e-10 TSX
20170822 20180707 -0.0001021 4.1641e-10 TSX
20170913 20180707 -0.00010326 4.3779e-10 TSX
20170924 20180319 9.6166e-06 5.2447e-10 TSX
20171005 20171107 4.157e-05 8.0944e-10 TSX
20171016 20180319 4.0432e-05 5.5032e-10 TSX
20171027 20180911 -9.1387e-05 4.1852e-10 TSX
20171107 20171118 7.5246e-05 9.8093e-10 TSX
20171118 20171129 6.479e-05 9.8093e-10 TSX
20171129 20171221 6.1047e-06 8.5375e-10 TSX
20171210 20180820 -9.9574e-05 4.6088e-10 TSX
20171221 20180911 -0.00015092 4.532e-10 TSX
20180112 20181003 5.6409e-05 4.5125e-10 TSX
20180319 20180707 -0.00023902 6.1899e-10 TSX
20180707 20180911 0.00017491 7.1404e-10 TSX
20180729 20181003 0.00011589 7.1402e-10 TSX
20180820 20181003 0.00023907 7.749e-10 TSX
20180911 20181003 -0.00015874 8.5375e-10 TSX
