20030427 20030914 0.00029012 5.7808e-10 ERS2
20030914 20080629 9.9022e-05 2.9074e-10 ERS2
20050918 20090510 -3.1884e-05 2.996e-10 ERS2
20051127 20081116 -7.192e-05 3.1533e-10 ERS2
20060903 20090510 -0.00020263 3.0907e-10 ERS2
20061231 20090105 3.6673e-05 3.1331e-10 ALOS
20070402 20070703 -9.8569e-05 6.6629e-10 ALOS
20070518 20091008 3.5716e-05 3.1318e-10 ALOS
20070818 20071003 -0.00043934 7.755e-10 ALOS
20071217 20100509 -3.9138e-06 2.9958e-10 ALOS
20080103 20100526 5.6475e-05 3.0104e-10 ALOS
20080404 20080520 0.00014737 7.7565e-10 ALOS
20080618 20090921 -3.5407e-06 3.7223e-10 ALOS
20080629 20090510 -0.00027719 4.1349e-10 ERS2
20080705 20091008 -1.2181e-05 3.6528e-10 ALOS
20080803 20090823 -6.9619e-05 3.8296e-10 ERS2
20081116 20090823 4.9515e-05 4.321e-10 ERS2
20081219 20090921 8.3301e-05 4.4649e-10 ALOS
20090105 20090708 -7.4671e-05 5.2937e-10 ALOS
20090510 20091101 0.00046895 5.2198e-10 ERS2
20090708 20091008 0.00027611 6.6638e-10 ALOS
20090823 20091101 4.5313e-05 6.9872e-10 ERS2
20091222 20100624 0.00019798 5.2499e-10 ALOS
20100108 20100223 7.9861e-05 7.761e-10 ALOS
20100223 20100526 1.0346e-05 6.6651e-10 ALOS
20100410 20100711 -0.00011439 6.6669e-10 ALOS
20100509 20100624 0.00061616 7.7347e-10 ALOS
20100526 20100711 0.0003375 7.7551e-10 ALOS
20100624 20101109 -0.00015236 5.8402e-10 ALOS
20100711 20101011 -0.0001984 6.6638e-10 ALOS
20100809 20101109 -7.2077e-05 6.6365e-10 ALOS
20101011 20101126 0.00027113 7.7551e-10 ALOS
20110111 20110226 0.00066893 7.755e-10 ALOS
20110924 20130715 1.3012e-05 3.2357e-10 TSX
20111005 20121229 -2.9073e-05 3.6868e-10 TSX
20111121 20171221 -3.7175e-06 2.705e-10 TSX
20111221 20130131 4.1239e-05 3.8548e-10 TSX
20111224 20121027 -2.7124e-05 4.1947e-10 TSX
20120126 20140419 -4.7559e-05 2.8984e-10 TSX
20120203 20160320 5.9776e-06 2.4617e-10 TSX
20120206 20171107 -1.5048e-05 2.7879e-10 TSX
20120617 20171129 -2.6537e-06 2.6485e-10 TSX
20120723 20160120 6.7665e-07 2.7333e-10 TSX
20121024 20130109 0.00025519 7.018e-10 TSX
20121027 20151226 -1.5111e-05 2.7236e-10 TSX
20121030 20130311 3.9812e-05 5.8467e-10 TSX
20121107 20171118 -2.2462e-05 2.5951e-10 TSX
20121221 20160208 6.6415e-07 2.7017e-10 TSX
20121224 20130516 -4.8946e-05 5.685e-10 TSX
20121229 20130407 0.00015 6.5621e-10 TSX
20130104 20130217 1.2225e-05 7.7331e-10 TSX
20130109 20130715 -6.5306e-05 5.2868e-10 TSX
20130112 20140511 -4.7591e-05 3.5477e-10 TSX
20130115 20130721 -0.00016004 5.1396e-10 TSX
20130126 20130823 -0.00012097 5.0005e-10 TSX
20130131 20130429 -5.1662e-05 6.7814e-10 TSX
20130203 20130729 -3.7778e-05 5.2321e-10 TSX
20130211 20130919 -8.918e-05 4.9597e-10 TSX
20130228 20141209 4.5039e-05 3.1244e-10 TSX
20130311 20130801 -5.9613e-05 5.6846e-10 TSX
20130316 20130623 3.7356e-05 6.5622e-10 TSX
20130402 20150122 0.0001075 3.351e-10 TSX
20130407 20140530 -3.3639e-05 3.8099e-10 TSX
20130421 20171016 -1.3799e-05 2.6894e-10 TSX
20130424 20130721 -0.00029072 6.6407e-10 TSX
20130429 20130623 -7.0421e-05 7.5445e-10 TSX
20130505 20131028 -0.00046962 5.4818e-10 TSX
20130513 20151112 -1.882e-05 2.843e-10 TSX
20130516 20131017 -0.00027116 5.7016e-10 TSX
20130521 20130715 7.3514e-05 7.5447e-10 TSX
20130524 20171129 -1.8219e-05 2.6355e-10 TSX
20130527 20140627 1.8027e-05 3.8383e-10 TSX
20130601 20130930 -3.4604e-05 6.1706e-10 TSX
20130604 20141217 -1.4372e-05 3.3859e-10 TSX
20130607 20140719 5.1169e-05 3.7981e-10 TSX
20130612 20150105 3.4971e-05 3.3822e-10 TSX
20130615 20160106 3.5452e-06 2.7797e-10 TSX
20130618 20140708 -1.6344e-05 3.8818e-10 TSX
20130623 20130715 0.00053312 8.6226e-10 TSX
20130629 20130914 0.00018734 6.9153e-10 TSX
20130707 20150130 -2.2244e-05 3.3819e-10 TSX
20130710 20140901 4.8872e-05 3.766e-10 TSX
20130715 20130726 -0.0025339 1.0114e-09 TSX
20130721 20131108 0.0007553 6.2568e-10 TSX
20130726 20150517 0.00018782 3.2173e-10 TSX
20130729 20160904 -1.536e-05 2.7391e-10 TSX
20130801 20151115 2.7108e-05 2.896e-10 TSX
20130817 20140209 6.9588e-05 5.41e-10 TSX
20130828 20150312 3.0206e-05 3.4087e-10 TSX
20130903 20150329 -7.0762e-05 3.5709e-10 TSX
20130919 20160309 5.6126e-05 2.7617e-10 TSX
20130925 20140708 2.3536e-05 4.3141e-10 TSX
20130930 20160411 5.778e-05 2.7779e-10 TSX
20131011 20150802 1.2143e-05 3.2028e-10 TSX
20131017 20140719 2.2007e-05 4.3881e-10 TSX
20131028 20160304 1.9167e-05 3.2292e-10 TSX
20131102 20140519 -0.00015178 5.1714e-10 TSX
20131108 20140708 -2.1136e-06 4.6391e-10 TSX
20140209 20160309 9.2355e-07 3.0784e-10 TSX
20140223 20140829 -2.6585e-06 5.1118e-10 TSX
20140408 20140705 -6.3663e-06 6.6148e-10 TSX
20140419 20170913 -2.0478e-05 2.8568e-10 TSX
20140511 20141228 3.7459e-05 4.7018e-10 TSX
20140519 20150824 0.00013799 3.6481e-10 TSX
20140624 20171005 -4.8155e-06 2.8464e-10 TSX
20140627 20151115 4.1608e-05 3.3931e-10 TSX
20140705 20180911 -1.1549e-05 2.7576e-10 TSX
20140708 20160406 3.4636e-05 3.1863e-10 TSX
20140716 20171005 -2.2416e-05 2.7862e-10 TSX
20140719 20151207 1.7277e-05 3.4058e-10 TSX
20140727 20150326 2.5607e-06 4.6159e-10 TSX
20140810 20150122 -3.1552e-05 5.3919e-10 TSX
20140818 20160301 4.4245e-06 3.2701e-10 TSX
20140829 20160208 -1.494e-05 3.3259e-10 TSX
20140901 20140912 -0.00031739 9.6799e-10 TSX
20140912 20141209 0.0001101 6.6407e-10 TSX
20140920 20170902 -1.8757e-05 2.9012e-10 TSX
20141209 20160211 -1.4821e-05 3.6416e-10 TSX
20141217 20160722 -2.2033e-05 3.2676e-10 TSX
20141228 20160106 -1.7711e-05 3.8193e-10 TSX
20141231 20151024 2.5556e-05 4.2542e-10 TSX
20150105 20150824 5.8709e-05 4.861e-10 TSX
20150108 20170811 6.8719e-06 2.9224e-10 TSX
20150119 20160117 -8.3749e-06 3.8712e-10 TSX
20150127 20160411 6.3346e-05 3.7205e-10 TSX
20150130 20151112 1.1065e-05 4.2915e-10 TSX
20150210 20170114 -2.0935e-05 3.173e-10 TSX
20150213 20160326 -0.00018958 4.1748e-10 TSX
20150218 20160216 2.8263e-06 4.0346e-10 TSX
20150221 20180112 -1.4671e-05 2.8652e-10 TSX
20150304 20180911 1.4706e-05 3.1918e-10 TSX
20150307 20160211 1.5734e-05 4.0155e-10 TSX
20150312 20160320 1.0784e-05 3.9882e-10 TSX
20150326 20150827 -2.867e-05 5.4984e-10 TSX
20150329 20151207 -4.0971e-06 4.548e-10 TSX
20150428 20160425 -6.2886e-06 3.8655e-10 TSX
20150509 20150827 -0.00010103 6.1803e-10 TSX
20150517 20150824 -0.00015743 6.5638e-10 TSX
20150520 20180911 -1.0122e-05 2.9761e-10 TSX
20150714 20170822 -5.6109e-05 2.9485e-10 TSX
20150725 20170924 -5.0416e-05 2.9297e-10 TSX
20150802 20160309 2.49e-05 4.9595e-10 TSX
20150805 20160403 3.1479e-05 4.6129e-10 TSX
20150816 20171107 -4.3444e-05 2.9015e-10 TSX
20150824 20150915 0.0006657 8.6216e-10 TSX
20150827 20170902 -6.2443e-05 2.9741e-10 TSX
20150915 20160216 -0.00010699 5.6824e-10 TSX
20151021 20160904 -1.2743e-05 4.1242e-10 TSX
20151101 20171016 -7.0825e-05 3.0258e-10 TSX
20151112 20160425 1.096e-05 5.3618e-10 TSX
20151115 20151229 0.00019094 7.7331e-10 TSX
20151123 20171221 -4.7387e-05 2.9617e-10 TSX
20151204 20151215 0.00014337 9.7878e-10 TSX
20151207 20160406 -1.3487e-05 6.0217e-10 TSX
20151215 20170822 -1.1328e-05 3.1437e-10 TSX
20151226 20161223 -5.3536e-05 3.9335e-10 TSX
20151229 20160211 5.9294e-06 7.7331e-10 TSX
20160106 20161223 -3.7623e-05 3.9801e-10 TSX
20160117 20160926 -2.6856e-05 4.531e-10 TSX
20160128 20160301 -0.00010031 8.0709e-10 TSX
20160208 20160312 -7.8844e-05 8.0709e-10 TSX
20160216 20160309 -0.00037919 8.6216e-10 TSX
20160219 20180319 -3.5193e-05 2.963e-10 TSX
20160301 20161201 -5.9824e-05 4.3867e-10 TSX
20160304 20160326 0.00011398 8.488e-10 TSX
20160312 20180319 -4.5918e-05 2.9895e-10 TSX
20160320 20160411 0.00044575 8.6217e-10 TSX
20160323 20171118 -4.2645e-05 3.1757e-10 TSX
20160326 20160406 -0.00056431 9.6792e-10 TSX
20160403 20171027 -4.8386e-05 3.2281e-10 TSX
20160425 20170811 -2.9549e-05 3.4651e-10 TSX
20160528 20160630 -6.2533e-05 8.0709e-10 TSX
20160630 20171118 -1.5833e-05 3.3907e-10 TSX
20160722 20161201 5.4674e-06 5.8144e-10 TSX
20160904 20180707 -3.4508e-05 3.2326e-10 TSX
20160915 20180911 -7.8831e-06 3.0146e-10 TSX
20160926 20170114 3.6209e-06 6.1812e-10 TSX
20161201 20171027 -3.1835e-05 4.0676e-10 TSX
20161223 20171107 -9.4257e-06 4.091e-10 TSX
20170114 20170902 -6.7517e-06 4.686e-10 TSX
20170811 20171005 -7.1336e-05 7.4164e-10 TSX
20170822 20180707 -1.7381e-05 4.1376e-10 TSX
20170913 20180707 -2.3465e-05 4.2513e-10 TSX
20170924 20180319 3.3425e-05 5.2325e-10 TSX
20171005 20171107 4.6137e-05 8.0709e-10 TSX
20171016 20180319 1.7226e-05 5.5017e-10 TSX
20171027 20180911 6.8729e-07 4.1376e-10 TSX
20171107 20171118 6.4634e-05 9.7878e-10 TSX
20171118 20171129 4.9393e-05 9.7878e-10 TSX
20171129 20171221 -4.0367e-05 8.5141e-10 TSX
20171210 20180820 -1.5701e-06 4.5348e-10 TSX
20171221 20180911 3.6217e-05 4.4578e-10 TSX
20180112 20181003 -7.8944e-06 4.4579e-10 TSX
20180319 20180707 -3.4923e-05 6.1813e-10 TSX
20180707 20180911 0.00013134 7.1277e-10 TSX
20180729 20181003 -6.3806e-05 7.1277e-10 TSX
20180820 20181003 0.00010406 7.728e-10 TSX
20180911 20181003 -0.00016537 8.5142e-10 TSX
