20030427 20030914 0.00038403 5.9256e-10 ERS2
20030914 20080629 -0.00021705 2.8807e-10 ERS2
20050918 20090510 -6.7092e-06 2.9969e-10 ERS2
20051127 20081116 9.8788e-05 3.1207e-10 ERS2
20060903 20090510 -0.00017599 3.128e-10 ERS2
20061231 20090105 0.0001645 3.2354e-10 ALOS
20070402 20070703 -4.3601e-05 6.9552e-10 ALOS
20070518 20091008 -0.00012311 3.0184e-10 ALOS
20070818 20071003 -0.00052218 7.9699e-10 ALOS
20071217 20100509 -3.9646e-05 3.0043e-10 ALOS
20080103 20100526 -2.4231e-05 3.0183e-10 ALOS
20080404 20080520 -3.6986e-05 7.97e-10 ALOS
20080618 20090921 -0.00017373 3.7409e-10 ALOS
20080629 20090510 -0.00049281 4.2894e-10 ERS2
20080705 20091008 -5.045e-05 3.6739e-10 ALOS
20080803 20090823 -0.00013414 3.8994e-10 ERS2
20081116 20090823 8.6363e-05 4.4399e-10 ERS2
20081219 20090921 0.00022871 4.5742e-10 ALOS
20090105 20090708 0.00012572 5.505e-10 ALOS
20090510 20091101 4.188e-05 5.4293e-10 ERS2
20090708 20091008 0.00040745 6.9546e-10 ALOS
20090823 20091101 0.00045307 7.275e-10 ERS2
20091222 20100624 0.00034934 5.4961e-10 ALOS
20100108 20100223 0.00040196 7.9764e-10 ALOS
20100223 20100526 0.00017691 6.9869e-10 ALOS
20100410 20100711 -1.2406e-05 6.9673e-10 ALOS
20100509 20100624 0.000672 7.9499e-10 ALOS
20100526 20100711 0.00042781 7.9701e-10 ALOS
20100624 20101109 -0.00017835 6.0924e-10 ALOS
20100711 20101011 -4.47e-05 6.952e-10 ALOS
20100809 20101109 -4.2329e-05 6.9218e-10 ALOS
20101011 20101126 0.0002217 7.9699e-10 ALOS
20110111 20110226 0.00066724 7.9702e-10 ALOS
20110924 20130715 2.7905e-05 3.2319e-10 TSX
20111005 20121229 4.026e-05 3.7188e-10 TSX
20111121 20171221 -3.0642e-05 2.7418e-10 TSX
20111221 20130131 1.1707e-05 3.8918e-10 TSX
20111224 20121027 1.6856e-05 4.3061e-10 TSX
20120126 20140419 4.0868e-07 3.108e-10 TSX
20120203 20160320 8.0163e-06 2.5023e-10 TSX
20120206 20171107 -1.4374e-05 2.7462e-10 TSX
20120617 20171129 -2.3049e-05 2.8348e-10 TSX
20120723 20160120 -1.2682e-06 2.9348e-10 TSX
20121024 20130109 0.00015704 7.3044e-10 TSX
20121027 20151226 -1.1782e-05 2.9495e-10 TSX
20121030 20130311 5.7122e-05 6.0958e-10 TSX
20121107 20171118 -1.0101e-05 2.7935e-10 TSX
20121221 20160208 -8.8683e-06 3.1193e-10 TSX
20121224 20130516 -2.3292e-05 5.9213e-10 TSX
20121229 20130407 -3.4813e-05 6.8538e-10 TSX
20130104 20130217 2.6661e-05 7.9436e-10 TSX
20130109 20130715 3.9533e-05 5.5373e-10 TSX
20130112 20140511 4.3244e-06 3.5959e-10 TSX
20130115 20130721 -0.00013603 5.3226e-10 TSX
20130126 20130823 0.00017376 5.4013e-10 TSX
20130131 20130429 -1.2494e-05 7.0725e-10 TSX
20130203 20130729 -8.2666e-05 5.465e-10 TSX
20130211 20130919 -6.8702e-05 5.1249e-10 TSX
20130228 20141209 2.6983e-05 3.1685e-10 TSX
20130311 20130801 -5.8574e-05 5.9208e-10 TSX
20130316 20130623 2.2845e-05 6.8539e-10 TSX
20130402 20150122 3.8571e-06 3.4668e-10 TSX
20130407 20140530 -1.0817e-05 3.8419e-10 TSX
20130421 20171016 -9.5734e-06 2.8868e-10 TSX
20130424 20130721 -0.00021695 6.9213e-10 TSX
20130429 20130623 -8.3938e-05 7.7877e-10 TSX
20130505 20131028 -0.0003675 5.6083e-10 TSX
20130513 20151112 1.1879e-05 3.1347e-10 TSX
20130516 20131017 5.1746e-05 6.1556e-10 TSX
20130521 20130715 0.00016521 7.788e-10 TSX
20130524 20171129 8.9698e-07 2.8981e-10 TSX
20130527 20140627 4.9564e-05 3.8728e-10 TSX
20130601 20130930 3.3881e-05 6.4503e-10 TSX
20130604 20141217 -2.5067e-05 3.4282e-10 TSX
20130607 20140719 1.3101e-05 3.8317e-10 TSX
20130612 20150105 -5.0934e-05 3.3916e-10 TSX
20130615 20160106 6.2628e-06 3.153e-10 TSX
20130618 20140708 -1.3326e-05 3.9203e-10 TSX
20130623 20130715 0.00065119 8.741e-10 TSX
20130629 20130914 0.00013823 7.3067e-10 TSX
20130707 20150130 -5.841e-06 3.4348e-10 TSX
20130710 20140901 -3.3161e-05 3.7983e-10 TSX
20130715 20130726 -0.0024098 1.0196e-09 TSX
20130721 20131108 0.00061277 6.7569e-10 TSX
20130726 20150517 2.1016e-05 3.2353e-10 TSX
20130729 20160904 -3.8905e-05 2.8587e-10 TSX
20130801 20151115 -3.2923e-07 3.0429e-10 TSX
20130817 20140209 -5.1736e-05 5.6271e-10 TSX
20130828 20150312 8.1545e-05 3.4217e-10 TSX
20130903 20150329 -0.00017808 3.9566e-10 TSX
20130919 20160309 1.2079e-05 2.8478e-10 TSX
20130925 20140708 -6.8552e-05 4.7142e-10 TSX
20130930 20160411 4.3568e-06 2.9473e-10 TSX
20131011 20150802 7.0682e-05 3.2361e-10 TSX
20131017 20140719 4.1617e-05 5.2126e-10 TSX
20131028 20160304 -2.2506e-05 3.2145e-10 TSX
20131102 20140519 1.0621e-05 5.3616e-10 TSX
20131108 20140708 -0.00047468 5.427e-10 TSX
20140209 20160309 3.6008e-05 3.2396e-10 TSX
20140223 20140829 1.8376e-05 5.3317e-10 TSX
20140408 20140705 -3.5882e-05 6.9267e-10 TSX
20140419 20170913 -1.826e-05 2.9545e-10 TSX
20140511 20141228 -1.5296e-06 4.8744e-10 TSX
20140519 20150824 -2.5961e-05 3.7115e-10 TSX
20140624 20171005 -8.0387e-06 2.9017e-10 TSX
20140627 20151115 -0.00010466 3.4443e-10 TSX
20140705 20180911 -8.6715e-06 2.8652e-10 TSX
20140708 20160406 1.8367e-05 3.2043e-10 TSX
20140716 20171005 -2.0193e-05 2.8987e-10 TSX
20140719 20151207 -3.113e-05 3.4259e-10 TSX
20140727 20150326 -2.9843e-05 4.7799e-10 TSX
20140810 20150122 -1.6835e-05 5.8516e-10 TSX
20140818 20160301 4.0231e-06 3.3408e-10 TSX
20140829 20160208 1.2991e-06 3.5131e-10 TSX
20140901 20140912 -0.00028903 9.7597e-10 TSX
20140912 20141209 5.797e-06 6.9212e-10 TSX
20140920 20170902 6.6858e-06 3.0588e-10 TSX
20141209 20160211 -4.5669e-05 3.7011e-10 TSX
20141217 20160722 1.0498e-05 3.3194e-10 TSX
20141228 20160106 -5.4774e-06 3.9137e-10 TSX
20141231 20151024 -2.2802e-05 4.3403e-10 TSX
20150105 20150824 -5.0853e-05 5.0225e-10 TSX
20150108 20170811 -6.1541e-06 2.9767e-10 TSX
20150119 20160117 3.8576e-05 3.9641e-10 TSX
20150127 20160411 1.4613e-05 3.8215e-10 TSX
20150130 20151112 3.575e-05 4.4206e-10 TSX
20150210 20170114 5.4813e-06 3.1911e-10 TSX
20150213 20160326 0.00031456 4.4776e-10 TSX
20150218 20160216 -1.3452e-06 4.084e-10 TSX
20150221 20180112 -9.527e-06 3.5006e-10 TSX
20150304 20180911 -1.302e-05 3.0331e-10 TSX
20150307 20160211 -1.0168e-05 4.0791e-10 TSX
20150312 20160320 -9.0057e-05 4.0666e-10 TSX
20150326 20150827 3.506e-05 5.7642e-10 TSX
20150329 20151207 -4.853e-05 4.6654e-10 TSX
20150428 20160425 2.2144e-05 4.0811e-10 TSX
20150509 20150827 5.5118e-07 6.5009e-10 TSX
20150517 20150824 -0.00011895 6.8531e-10 TSX
20150520 20180911 -1.9768e-05 2.8771e-10 TSX
20150714 20170822 1.1728e-06 3.2165e-10 TSX
20150725 20170924 1.8952e-05 3.0892e-10 TSX
20150802 20160309 -4.1527e-05 5.1672e-10 TSX
20150805 20160403 -4.4267e-05 4.8164e-10 TSX
20150816 20171107 -1.3295e-07 3.0805e-10 TSX
20150824 20150915 0.0006529 8.7399e-10 TSX
20150827 20170902 4.0281e-06 3.1099e-10 TSX
20150915 20160216 -2.1196e-05 5.9335e-10 TSX
20151021 20160904 -0.00010507 4.2985e-10 TSX
20151101 20171016 1.1703e-06 3.1728e-10 TSX
20151112 20160425 -4.5457e-06 5.6334e-10 TSX
20151115 20151229 0.00020668 7.9436e-10 TSX
20151123 20171221 -8.8458e-06 3.2095e-10 TSX
20151204 20151215 0.00016205 9.8636e-10 TSX
20151207 20160406 -6.2342e-05 6.2826e-10 TSX
20151215 20170822 1.5396e-05 3.3439e-10 TSX
20151226 20161223 2.521e-05 4.0321e-10 TSX
20151229 20160211 1.2138e-05 7.9436e-10 TSX
20160106 20161223 3.987e-05 4.0857e-10 TSX
20160117 20160926 -6.784e-06 4.7143e-10 TSX
20160128 20160301 -0.00016556 8.246e-10 TSX
20160208 20160312 -9.7823e-05 8.246e-10 TSX
20160216 20160309 -0.00035973 8.7399e-10 TSX
20160219 20180319 -1.781e-05 3.1164e-10 TSX
20160301 20161201 6.0477e-05 4.5262e-10 TSX
20160304 20160326 4.5465e-05 8.6072e-10 TSX
20160312 20180319 -9.0309e-06 3.1063e-10 TSX
20160320 20160411 0.00038472 8.74e-10 TSX
20160323 20171118 -6.8623e-06 3.3232e-10 TSX
20160326 20160406 -0.000511 9.7589e-10 TSX
20160403 20171027 1.8192e-05 3.5039e-10 TSX
20160425 20170811 2.2549e-05 3.5722e-10 TSX
20160528 20160630 -4.6761e-05 8.246e-10 TSX
20160630 20171118 1.997e-05 3.4453e-10 TSX
20160722 20161201 0.0001497 6.0991e-10 TSX
20160904 20180707 3.8721e-05 3.3086e-10 TSX
20160915 20180911 -1.661e-05 3.1349e-10 TSX
20160926 20170114 4.9192e-05 6.4865e-10 TSX
20161201 20171027 -1.4601e-05 4.1794e-10 TSX
20161223 20171107 -4.4425e-05 4.214e-10 TSX
20170114 20170902 3.8736e-06 4.8793e-10 TSX
20170811 20171005 -8.4278e-05 7.6808e-10 TSX
20170822 20180707 -4.3687e-05 4.2446e-10 TSX
20170913 20180707 -7.1774e-05 4.369e-10 TSX
20170924 20180319 -2.5622e-05 5.4665e-10 TSX
20171005 20171107 4.6645e-05 8.246e-10 TSX
20171016 20180319 -1.1227e-06 5.7618e-10 TSX
20171027 20180911 -2.22e-05 4.2439e-10 TSX
20171107 20171118 8.5744e-05 9.8636e-10 TSX
20171118 20171129 5.5911e-05 9.8636e-10 TSX
20171129 20171221 -3.6869e-05 8.6346e-10 TSX
20171210 20180820 -2.7883e-05 4.6869e-10 TSX
20171221 20180911 -3.6938e-05 4.6002e-10 TSX
20180112 20181003 2.8084e-05 4.6035e-10 TSX
20180319 20180707 -9.2069e-05 6.4864e-10 TSX
20180707 20180911 0.00020303 7.4185e-10 TSX
20180729 20181003 -3.0155e-05 7.4185e-10 TSX
20180820 20181003 0.00010758 7.9533e-10 TSX
20180911 20181003 -0.00018381 8.6346e-10 TSX
