20030427 20030914 0.00090808 6.3152e-10 ERS2
20030914 20080629 -6.2551e-05 2.9196e-10 ERS2
20050918 20090510 -5.0445e-05 3.2339e-10 ERS2
20051127 20081116 2.2175e-05 3.2602e-10 ERS2
20060903 20090510 -1.9513e-05 3.5601e-10 ERS2
20061231 20090105 -4.4954e-05 4.2244e-10 ALOS
20070402 20070703 -4.7908e-05 7.3857e-10 ALOS
20070518 20091008 3.5674e-05 4.1531e-10 ALOS
20070818 20071003 -0.00032048 8.1706e-10 ALOS
20071217 20100509 -2.0855e-05 4.072e-10 ALOS
20080103 20100526 7.1597e-05 4.1257e-10 ALOS
20080404 20080520 8.8419e-05 8.1714e-10 ALOS
20080618 20090921 -0.00012342 4.8238e-10 ALOS
20080629 20090510 -0.00090624 4.7604e-10 ERS2
20080705 20091008 -2.575e-05 4.7e-10 ALOS
20080803 20090823 -3.8319e-05 4.3063e-10 ERS2
20081116 20090823 -9.3287e-05 4.8223e-10 ERS2
20081219 20090921 0.00032743 5.3994e-10 ALOS
20090105 20090708 0.00016697 6.1865e-10 ALOS
20090510 20091101 0.00070588 5.8359e-10 ERS2
20090708 20091008 0.00023001 7.4556e-10 ALOS
20090823 20091101 5.9189e-05 7.5031e-10 ERS2
20091222 20100624 2.3109e-05 6.1346e-10 ALOS
20100108 20100223 0.00019638 8.1721e-10 ALOS
20100223 20100526 0.00012103 7.3854e-10 ALOS
20100410 20100711 -0.0001883 7.3855e-10 ALOS
20100509 20100624 0.00064282 8.149e-10 ALOS
20100526 20100711 0.00033342 8.1785e-10 ALOS
20100624 20101109 -2.7223e-05 6.6863e-10 ALOS
20100711 20101011 -0.00014463 7.3875e-10 ALOS
20100809 20101109 -0.00015372 7.3521e-10 ALOS
20101011 20101126 0.00033466 8.1784e-10 ALOS
20110111 20110226 0.00063446 8.1707e-10 ALOS
20110924 20130715 -5.8057e-06 5.5628e-10 TSX
20111005 20121229 -0.00016455 6.1635e-10 TSX
20111121 20171221 -3.2473e-06 3.9542e-10 TSX
20111221 20130131 2.5597e-05 5.4958e-10 TSX
20111224 20121027 5.6217e-05 5.0147e-10 TSX
20120126 20140419 -0.00010233 3.929e-10 TSX
20120203 20160320 1.6972e-05 4.6105e-10 TSX
20120206 20171107 -7.0114e-05 4.7811e-10 TSX
20120617 20171129 8.9205e-06 3.9591e-10 TSX
20120723 20160120 0.00010257 4.4562e-10 TSX
20121024 20130109 6.8717e-06 7.6855e-10 TSX
20121027 20151226 1.2546e-05 4.8952e-10 TSX
20121030 20130311 7.6918e-05 6.6858e-10 TSX
20121107 20171118 4.5252e-06 5.2331e-10 TSX
20121221 20160208 4.1731e-05 4.4695e-10 TSX
20121224 20130516 -0.00010046 6.4902e-10 TSX
20121229 20130407 3.3589e-05 7.3237e-10 TSX
20130104 20130217 5.6219e-06 8.1273e-10 TSX
20130109 20130715 0.00018273 6.8169e-10 TSX
20130112 20140511 -5.2459e-05 4.7826e-10 TSX
20130115 20130721 -0.00039187 6.4246e-10 TSX
20130126 20130823 -0.00011751 6.3464e-10 TSX
20130131 20130429 2.6289e-05 7.4962e-10 TSX
20130203 20130729 -7.006e-05 6.035e-10 TSX
20130211 20130919 5.7811e-05 6.3455e-10 TSX
20130228 20141209 1.3091e-05 5.6489e-10 TSX
20130311 20130801 -3.2447e-05 6.9033e-10 TSX
20130316 20130623 -4.2215e-05 7.5052e-10 TSX
20130402 20150122 -9.1337e-06 5.8544e-10 TSX
20130407 20140530 3.586e-05 5.4897e-10 TSX
20130421 20171016 8.408e-05 4.4199e-10 TSX
20130424 20130721 -0.00022038 7.384e-10 TSX
20130429 20130623 -0.00012814 8.1075e-10 TSX
20130505 20131028 -0.00047662 6.7317e-10 TSX
20130513 20151112 5.0699e-05 4.6438e-10 TSX
20130516 20131017 -0.00021889 7.0086e-10 TSX
20130521 20130715 0.00025871 8.0787e-10 TSX
20130524 20171129 5.1499e-06 4.4047e-10 TSX
20130527 20140627 -1.221e-05 5.4096e-10 TSX
20130601 20130930 0.00026606 7.2831e-10 TSX
20130604 20141217 1.9052e-05 5.1027e-10 TSX
20130607 20140719 -4.0556e-05 5.7709e-10 TSX
20130612 20150105 -2.8906e-05 4.8789e-10 TSX
20130615 20160106 0.00019958 4.3397e-10 TSX
20130618 20140708 -3.4252e-05 5.0435e-10 TSX
20130623 20130715 0.00072348 8.8324e-10 TSX
20130629 20130914 0.0002063 7.5301e-10 TSX
20130707 20150130 -1.4322e-05 4.1052e-10 TSX
20130710 20140901 -3.4637e-05 4.8108e-10 TSX
20130715 20130726 -0.0025149 1.0255e-09 TSX
20130721 20131108 0.00051036 7.0913e-10 TSX
20130726 20150517 7.2594e-05 5.0614e-10 TSX
20130729 20160904 -3.3488e-05 3.9422e-10 TSX
20130801 20151115 3.6144e-05 5.4513e-10 TSX
20130817 20140209 -4.6115e-05 6.7765e-10 TSX
20130828 20150312 1.5428e-05 5.086e-10 TSX
20130903 20150329 -2.3527e-05 4.5021e-10 TSX
20130919 20160309 -4.8824e-05 5.0272e-10 TSX
20130925 20140708 1.1096e-05 5.1568e-10 TSX
20130930 20160411 -5.3094e-05 4.2297e-10 TSX
20131011 20150802 -3.2488e-05 4.9905e-10 TSX
20131017 20140719 6.9614e-05 5.2127e-10 TSX
20131028 20160304 3.448e-05 4.3767e-10 TSX
20131102 20140519 2.0223e-05 6.2809e-10 TSX
20131108 20140708 8.6457e-05 5.6107e-10 TSX
20140209 20160309 -1.6313e-05 5.2807e-10 TSX
20140223 20140829 0.00019211 5.8106e-10 TSX
20140408 20140705 1.3015e-05 7.2167e-10 TSX
20140419 20170913 0.00013813 4.7438e-10 TSX
20140511 20141228 0.00010138 5.4813e-10 TSX
20140519 20150824 -7.2224e-06 5.3785e-10 TSX
20140624 20171005 1.9672e-05 3.7586e-10 TSX
20140627 20151115 9.4523e-05 5.4948e-10 TSX
20140705 20180911 9.5294e-05 4.3434e-10 TSX
20140708 20160406 4.1767e-05 5.1702e-10 TSX
20140716 20171005 3.1462e-05 4.5039e-10 TSX
20140719 20151207 0.00010539 5.087e-10 TSX
20140727 20150326 -8.6033e-05 5.2347e-10 TSX
20140810 20150122 1.6933e-05 6.2088e-10 TSX
20140818 20160301 -4.176e-05 4.6181e-10 TSX
20140829 20160208 -1.0229e-05 4.6251e-10 TSX
20140901 20140912 -0.00029022 9.8042e-10 TSX
20140912 20141209 -1.0406e-05 7.3326e-10 TSX
20140920 20170902 6.7454e-05 4.1921e-10 TSX
20141209 20160211 -2.5393e-05 4.7207e-10 TSX
20141217 20160722 -1.757e-05 4.5431e-10 TSX
20141228 20160106 -4.5835e-05 4.6824e-10 TSX
20141231 20151024 1.714e-05 5.107e-10 TSX
20150105 20150824 -4.605e-05 5.9105e-10 TSX
20150108 20170811 1.9134e-06 3.9564e-10 TSX
20150119 20160117 3.1656e-05 4.6233e-10 TSX
20150127 20160411 1.9801e-05 5.1268e-10 TSX
20150130 20151112 1.7868e-05 4.9935e-10 TSX
20150210 20170114 -2.357e-05 4.5519e-10 TSX
20150213 20160326 0.00037758 5.8141e-10 TSX
20150218 20160216 -3.2326e-06 5.2366e-10 TSX
20150221 20180112 9.5302e-06 4.4611e-10 TSX
20150304 20180911 -6.0362e-05 4.833e-10 TSX
20150307 20160211 -5.6482e-05 5.0466e-10 TSX
20150312 20160320 -6.1661e-05 5.1174e-10 TSX
20150326 20150827 4.5832e-05 6.1895e-10 TSX
20150329 20151207 -4.201e-05 5.716e-10 TSX
20150428 20160425 5.0422e-05 4.582e-10 TSX
20150509 20150827 -2.7468e-05 6.8406e-10 TSX
20150517 20150824 -9.7967e-07 7.3407e-10 TSX
20150520 20180911 -8.6676e-05 4.7762e-10 TSX
20150714 20170822 1.0652e-05 4.2721e-10 TSX
20150725 20170924 -6.0398e-05 4.5324e-10 TSX
20150802 20160309 -8.0593e-05 5.9468e-10 TSX
20150805 20160403 -4.2609e-05 5.2287e-10 TSX
20150816 20171107 -6.3629e-06 5.112e-10 TSX
20150824 20150915 0.00070086 8.8301e-10 TSX
20150827 20170902 1.7339e-05 4.7535e-10 TSX
20150915 20160216 -0.00012187 6.5986e-10 TSX
20151021 20160904 -0.00020275 5.1227e-10 TSX
20151101 20171016 -6.1964e-05 3.8137e-10 TSX
20151112 20160425 -3.2288e-06 6.0308e-10 TSX
20151115 20151229 0.00013154 8.1258e-10 TSX
20151123 20171221 -6.8491e-05 4.6927e-10 TSX
20151204 20151215 0.00015458 9.8929e-10 TSX
20151207 20160406 -7.0672e-05 6.7991e-10 TSX
20151215 20170822 0.00019853 3.7592e-10 TSX
20151226 20161223 1.1422e-05 4.5073e-10 TSX
20151229 20160211 5.8427e-05 8.1259e-10 TSX
20160106 20161223 -5.8399e-05 4.5987e-10 TSX
20160117 20160926 -1.75e-05 5.31e-10 TSX
20160128 20160301 -0.00012214 8.3346e-10 TSX
20160208 20160312 -0.00013535 8.3346e-10 TSX
20160216 20160309 -0.00039019 8.83e-10 TSX
20160219 20180319 7.5561e-05 4.2097e-10 TSX
20160301 20161201 4.4351e-06 5.0346e-10 TSX
20160304 20160326 5.6259e-05 8.6853e-10 TSX
20160312 20180319 8.5749e-05 4.7417e-10 TSX
20160320 20160411 0.00038106 8.8301e-10 TSX
20160323 20171118 -3.6645e-05 5.1332e-10 TSX
20160326 20160406 -0.00050481 9.8034e-10 TSX
20160403 20171027 3.3022e-05 4.0944e-10 TSX
20160425 20170811 -8.7834e-05 4.5127e-10 TSX
20160528 20160630 -5.4027e-05 8.3351e-10 TSX
20160630 20171118 4.7826e-06 4.6378e-10 TSX
20160722 20161201 0.00013223 6.4975e-10 TSX
20160904 20180707 2.3303e-05 5.435e-10 TSX
20160915 20180911 -3.4553e-05 5.1529e-10 TSX
20160926 20170114 3.9345e-05 6.9554e-10 TSX
20161201 20171027 -3.1261e-05 5.416e-10 TSX
20161223 20171107 4.8513e-05 5.2043e-10 TSX
20170114 20170902 -9.6959e-05 5.3129e-10 TSX
20170811 20171005 -0.00013068 7.8514e-10 TSX
20170822 20180707 -0.00012724 4.7742e-10 TSX
20170913 20180707 -0.00025443 4.9993e-10 TSX
20170924 20180319 6.7099e-05 5.9254e-10 TSX
20171005 20171107 7.3872e-05 8.3352e-10 TSX
20171016 20180319 0.00012638 6.1698e-10 TSX
20171027 20180911 -0.00014801 4.9394e-10 TSX
20171107 20171118 6.9737e-05 9.8929e-10 TSX
20171118 20171129 6.3929e-05 9.8929e-10 TSX
20171129 20171221 -2.6995e-05 8.6884e-10 TSX
20171210 20180820 -0.0001463 5.3754e-10 TSX
20171221 20180911 -0.00015372 5.4049e-10 TSX
20180112 20181003 1.8149e-05 5.3641e-10 TSX
20180319 20180707 -0.00033469 6.8503e-10 TSX
20180707 20180911 0.00014064 7.6301e-10 TSX
20180729 20181003 -7.3331e-05 7.63e-10 TSX
20180820 20181003 0.00013221 8.0823e-10 TSX
20180911 20181003 -0.00022727 8.6882e-10 TSX
