20030427 20030914 0.00030926 5.6564e-10 ERS2
20030914 20080629 -3.5971e-05 2.7595e-10 ERS2
20050918 20090510 6.5754e-05 3.0049e-10 ERS2
20051127 20081116 0.00012762 3.1144e-10 ERS2
20060903 20090510 -0.00014152 3.1963e-10 ERS2
20061231 20090105 4.6399e-05 3.5243e-10 ALOS
20070402 20070703 -0.00023059 6.6751e-10 ALOS
20070518 20091008 -9.8341e-05 3.0295e-10 ALOS
20070818 20071003 -0.00017279 7.7508e-10 ALOS
20071217 20100509 0.00017128 3.0299e-10 ALOS
20080103 20100526 6.2602e-05 3.2254e-10 ALOS
20080404 20080520 8.6259e-05 7.7555e-10 ALOS
20080618 20090921 -1.869e-05 3.7253e-10 ALOS
20080629 20090510 5.3913e-06 4.1233e-10 ERS2
20080705 20091008 -1.2163e-05 3.6607e-10 ALOS
20080803 20090823 1.3263e-05 3.8347e-10 ERS2
20081116 20090823 8.6639e-06 4.3207e-10 ERS2
20081219 20090921 0.000293 4.4649e-10 ALOS
20090105 20090708 0.00020755 5.3244e-10 ALOS
20090510 20091101 0.00059672 5.2095e-10 ERS2
20090708 20091008 0.00019991 6.6697e-10 ALOS
20090823 20091101 -0.00065407 6.9853e-10 ERS2
20091222 20100624 -0.00017227 5.2492e-10 ALOS
20100108 20100223 -0.00084022 7.7568e-10 ALOS
20100223 20100526 -7.151e-05 6.6773e-10 ALOS
20100410 20100711 -8.8049e-05 6.6821e-10 ALOS
20100509 20100624 0.00054506 7.7313e-10 ALOS
20100526 20100711 0.00047323 7.7514e-10 ALOS
20100624 20101109 -3.1373e-06 5.8399e-10 ALOS
20100711 20101011 -0.00014633 6.6628e-10 ALOS
20100809 20101109 -1.9385e-05 6.6356e-10 ALOS
20101011 20101126 0.00017703 7.7511e-10 ALOS
20110111 20110226 0.00051289 7.751e-10 ALOS
20110924 20130715 2.4287e-05 3.2373e-10 TSX
20111005 20121229 -1.6211e-05 3.6995e-10 TSX
20111121 20171221 4.1808e-05 3.0986e-10 TSX
20111221 20130131 2.2654e-05 3.8524e-10 TSX
20111224 20121027 6.11e-05 4.1938e-10 TSX
20120126 20140419 2.1142e-05 3.1152e-10 TSX
20120203 20160320 -6.5806e-06 2.6825e-10 TSX
20120206 20171107 2.0056e-05 3.1212e-10 TSX
20120617 20171129 5.2246e-05 3.2849e-10 TSX
20120723 20160120 6.5101e-05 3.227e-10 TSX
20121024 20130109 0.0001292 7.016e-10 TSX
20121027 20151226 9.3023e-05 2.9459e-10 TSX
20121030 20130311 2.8323e-05 5.8465e-10 TSX
20121107 20171118 7.2357e-05 3.0025e-10 TSX
20121221 20160208 0.00010572 3.1024e-10 TSX
20121224 20130516 -1.9501e-05 5.6849e-10 TSX
20121229 20130407 -6.9853e-06 6.561e-10 TSX
20130104 20130217 -7.8685e-05 7.7309e-10 TSX
20130109 20130715 -7.5317e-05 5.3037e-10 TSX
20130112 20140511 4.9162e-06 3.661e-10 TSX
20130115 20130721 -0.00018721 5.1491e-10 TSX
20130126 20130823 -2.2251e-05 5.048e-10 TSX
20130131 20130429 -0.00013967 6.7799e-10 TSX
20130203 20130729 8.0536e-05 5.2318e-10 TSX
20130211 20130919 2.1725e-05 4.9642e-10 TSX
20130228 20141209 3.9742e-05 3.2036e-10 TSX
20130311 20130801 -2.9998e-05 5.6862e-10 TSX
20130316 20130623 -2.0109e-05 6.5614e-10 TSX
20130402 20150122 8.1441e-05 3.8641e-10 TSX
20130407 20140530 -2.9375e-06 3.815e-10 TSX
20130421 20171016 6.4488e-05 3.1769e-10 TSX
20130424 20130721 -0.00030252 6.643e-10 TSX
20130429 20130623 -8.8207e-06 7.5413e-10 TSX
20130505 20131028 -0.00057376 5.6331e-10 TSX
20130513 20151112 6.9898e-05 3.2067e-10 TSX
20130516 20131017 -8.2877e-05 5.6819e-10 TSX
20130521 20130715 0.0001488 7.5414e-10 TSX
20130524 20171129 9.3271e-05 2.9538e-10 TSX
20130527 20140627 -1.9084e-05 3.8511e-10 TSX
20130601 20130930 5.8365e-05 6.1706e-10 TSX
20130604 20141217 7.5436e-05 3.4749e-10 TSX
20130607 20140719 2.3965e-05 3.8018e-10 TSX
20130612 20150105 2.7179e-05 3.4182e-10 TSX
20130615 20160106 9.764e-05 3.1187e-10 TSX
20130618 20140708 3.5954e-05 3.8856e-10 TSX
20130623 20130715 0.00063411 8.6135e-10 TSX
20130629 20130914 0.00011523 6.9385e-10 TSX
20130707 20150130 3.0897e-05 3.4027e-10 TSX
20130710 20140901 3.0478e-05 3.7726e-10 TSX
20130715 20130726 -0.002384 1.0103e-09 TSX
20130721 20131108 0.0006568 6.4043e-10 TSX
20130726 20150517 9.3048e-05 3.2558e-10 TSX
20130729 20160904 6.441e-05 3.1594e-10 TSX
20130801 20151115 5.5546e-05 3.0193e-10 TSX
20130817 20140209 2.0976e-05 5.4098e-10 TSX
20130828 20150312 6.892e-05 3.4146e-10 TSX
20130903 20150329 -6.7559e-05 3.6529e-10 TSX
20130919 20160309 3.0728e-05 2.916e-10 TSX
20130925 20140708 0.00011071 4.3173e-10 TSX
20130930 20160411 0.0001237 2.8718e-10 TSX
20131011 20150802 3.7727e-05 3.2938e-10 TSX
20131017 20140719 -1.1181e-05 4.3948e-10 TSX
20131028 20160304 -3.9236e-05 3.4477e-10 TSX
20131102 20140519 -0.0001462 5.1713e-10 TSX
20131108 20140708 0.00012918 4.657e-10 TSX
20140209 20160309 7.5612e-05 3.2611e-10 TSX
20140223 20140829 5.5799e-05 5.1108e-10 TSX
20140408 20140705 1.3888e-06 6.6125e-10 TSX
20140419 20170913 6.4503e-05 3.2919e-10 TSX
20140511 20141228 0.00010274 4.701e-10 TSX
20140519 20150824 9.0213e-05 3.7016e-10 TSX
20140624 20171005 7.5645e-05 3.3952e-10 TSX
20140627 20151115 9.0204e-05 3.4221e-10 TSX
20140705 20180911 5.7234e-05 3.1606e-10 TSX
20140708 20160406 4.4237e-05 3.2794e-10 TSX
20140716 20171005 7.9826e-05 3.1498e-10 TSX
20140719 20151207 4.8771e-05 3.5234e-10 TSX
20140727 20150326 4.1338e-06 4.6161e-10 TSX
20140810 20150122 9.8089e-05 5.3915e-10 TSX
20140818 20160301 3.5292e-05 3.6596e-10 TSX
20140829 20160208 7.1357e-05 3.7141e-10 TSX
20140901 20140912 -0.00030919 9.6718e-10 TSX
20140912 20141209 6.8515e-05 6.6403e-10 TSX
20140920 20170902 7.739e-05 3.0569e-10 TSX
20141209 20160211 4.6311e-05 3.6978e-10 TSX
20141217 20160722 6.969e-05 3.5242e-10 TSX
20141228 20160106 4.0153e-05 4.0037e-10 TSX
20141231 20151024 2.7731e-05 4.31e-10 TSX
20150105 20150824 -1.6691e-05 4.9048e-10 TSX
20150108 20170811 8.3803e-06 3.1375e-10 TSX
20150119 20160117 0.00010043 3.9931e-10 TSX
20150127 20160411 6.9443e-05 3.8197e-10 TSX
20150130 20151112 0.00012507 4.3628e-10 TSX
20150210 20170114 7.3328e-05 3.5831e-10 TSX
20150213 20160326 1.501e-05 4.1171e-10 TSX
20150218 20160216 6.2361e-05 4.0561e-10 TSX
20150221 20180112 4.4651e-05 2.9528e-10 TSX
20150304 20180911 0.00013363 3.2747e-10 TSX
20150307 20160211 6.765e-05 4.0285e-10 TSX
20150312 20160320 -2.5589e-05 4.0006e-10 TSX
20150326 20150827 0.00012301 5.545e-10 TSX
20150329 20151207 1.7573e-05 4.5587e-10 TSX
20150428 20160425 0.00010802 3.9993e-10 TSX
20150509 20150827 8.8234e-05 6.2534e-10 TSX
20150517 20150824 -8.5559e-05 6.5805e-10 TSX
20150520 20180911 0.00010549 3.3607e-10 TSX
20150714 20170822 0.00010332 3.3061e-10 TSX
20150725 20170924 9.5399e-05 3.2511e-10 TSX
20150802 20160309 6.7379e-05 4.9592e-10 TSX
20150805 20160403 5.7709e-05 4.6127e-10 TSX
20150816 20171107 5.3636e-05 3.0761e-10 TSX
20150824 20150915 0.00073165 8.6123e-10 TSX
20150827 20170902 7.5554e-05 3.2541e-10 TSX
20150915 20160216 -6.103e-05 5.6824e-10 TSX
20151021 20160904 2.5498e-05 4.1491e-10 TSX
20151101 20171016 5.9456e-05 3.3674e-10 TSX
20151112 20160425 1.262e-05 5.361e-10 TSX
20151115 20151229 0.00015476 7.7309e-10 TSX
20151123 20171221 5.0811e-05 3.1153e-10 TSX
20151204 20151215 0.00018423 9.7704e-10 TSX
20151207 20160406 -2.6493e-05 6.0215e-10 TSX
20151215 20170822 9.7602e-05 3.3768e-10 TSX
20151226 20161223 9.5445e-05 3.9363e-10 TSX
20151229 20160211 9.0286e-06 7.7309e-10 TSX
20160106 20161223 0.00013197 3.9819e-10 TSX
20160117 20160926 0.00011525 4.5287e-10 TSX
20160128 20160301 -0.00024121 8.0602e-10 TSX
20160208 20160312 -3.3398e-05 8.0602e-10 TSX
20160216 20160309 -0.00040853 8.6123e-10 TSX
20160219 20180319 4.8944e-05 3.0419e-10 TSX
20160301 20161201 0.00014526 4.3858e-10 TSX
20160304 20160326 0.00011375 8.4821e-10 TSX
20160312 20180319 4.674e-05 3.0854e-10 TSX
20160320 20160411 0.00039255 8.6124e-10 TSX
20160323 20171118 7.6256e-05 3.201e-10 TSX
20160326 20160406 -0.00055283 9.6711e-10 TSX
20160403 20171027 0.00010046 3.388e-10 TSX
20160425 20170811 9.8362e-05 3.5389e-10 TSX
20160528 20160630 6.7609e-05 8.0602e-10 TSX
20160630 20171118 8.64e-05 3.4186e-10 TSX
20160722 20161201 0.00021337 5.8132e-10 TSX
20160904 20180707 5.5299e-05 3.2458e-10 TSX
20160915 20180911 5.8718e-05 3.017e-10 TSX
20160926 20170114 6.739e-05 6.1815e-10 TSX
20161201 20171027 5.4105e-05 4.0897e-10 TSX
20161223 20171107 2.2407e-05 4.0924e-10 TSX
20170114 20170902 6.6209e-05 4.7064e-10 TSX
20170811 20171005 -1.0987e-06 7.411e-10 TSX
20170822 20180707 -5.0493e-05 4.136e-10 TSX
20170913 20180707 -0.00010634 4.2525e-10 TSX
20170924 20180319 -6.5576e-05 5.2321e-10 TSX
20171005 20171107 3.9291e-05 8.0602e-10 TSX
20171016 20180319 -4.6107e-05 5.5008e-10 TSX
20171027 20180911 4.8591e-06 4.1365e-10 TSX
20171107 20171118 8.6612e-05 9.7704e-10 TSX
20171118 20171129 4.7361e-05 9.7704e-10 TSX
20171129 20171221 6.906e-06 8.4999e-10 TSX
20171210 20180820 -8.3912e-06 4.5353e-10 TSX
20171221 20180911 -1.9848e-05 4.4571e-10 TSX
20180112 20181003 7.3513e-05 4.4567e-10 TSX
20180319 20180707 -5.5632e-05 6.1797e-10 TSX
20180707 20180911 0.00031782 7.1237e-10 TSX
20180729 20181003 0.00013974 7.1237e-10 TSX
20180820 20181003 0.0002224 7.7203e-10 TSX
20180911 20181003 -0.00015456 8.4999e-10 TSX
