20030427 20030914 0.00042461 5.6658e-10 ERS2
20030914 20080629 -0.0002136 2.6807e-10 ERS2
20050918 20090510 9.9064e-05 3.0005e-10 ERS2
20051127 20081116 9.1273e-05 3.1609e-10 ERS2
20060903 20090510 -0.00024444 3.1123e-10 ERS2
20061231 20090105 0.00019133 3.2395e-10 ALOS
20070402 20070703 -0.00013571 6.6698e-10 ALOS
20070518 20091008 5.9443e-05 3.293e-10 ALOS
20070818 20071003 -0.00019308 7.7507e-10 ALOS
20071217 20100509 0.00021437 3.0199e-10 ALOS
20080103 20100526 7.9409e-06 3.2202e-10 ALOS
20080404 20080520 8.2816e-05 7.7521e-10 ALOS
20080618 20090921 -0.00024614 3.7252e-10 ALOS
20080629 20090510 -6.004e-05 4.1228e-10 ERS2
20080705 20091008 3.7778e-05 3.6484e-10 ALOS
20080803 20090823 1.0842e-05 3.8306e-10 ERS2
20081116 20090823 2.2536e-05 4.3199e-10 ERS2
20081219 20090921 0.0004249 4.4621e-10 ALOS
20090105 20090708 -0.00021078 5.2857e-10 ALOS
20090510 20091101 0.00043447 5.2066e-10 ERS2
20090708 20091008 0.00030104 6.6666e-10 ALOS
20090823 20091101 -0.00057611 6.9851e-10 ERS2
20091222 20100624 -0.00019785 5.2583e-10 ALOS
20100108 20100223 -0.00058363 7.7565e-10 ALOS
20100223 20100526 -0.00017474 6.6689e-10 ALOS
20100410 20100711 -3.6549e-05 6.6743e-10 ALOS
20100509 20100624 0.00048938 7.7309e-10 ALOS
20100526 20100711 0.00047642 7.7507e-10 ALOS
20100624 20101109 -3.3619e-05 5.8398e-10 ALOS
20100711 20101011 -0.00013875 6.6626e-10 ALOS
20100809 20101109 -5.0804e-05 6.6355e-10 ALOS
20101011 20101126 0.00016321 7.7507e-10 ALOS
20110111 20110226 0.00051533 7.7506e-10 ALOS
20110924 20130715 3.8218e-05 3.2434e-10 TSX
20111005 20121229 2.0294e-05 3.6937e-10 TSX
20111121 20171221 5.7098e-05 2.6337e-10 TSX
20111221 20130131 2.5615e-05 3.8572e-10 TSX
20111224 20121027 7.3621e-05 4.1957e-10 TSX
20120126 20140419 2.1484e-05 2.9537e-10 TSX
20120203 20160320 3.0871e-05 2.75e-10 TSX
20120206 20171107 8.5497e-07 2.4649e-10 TSX
20120617 20171129 1.8911e-05 2.6382e-10 TSX
20120723 20160120 7.2404e-05 3.1139e-10 TSX
20121024 20130109 0.0001295 7.0156e-10 TSX
20121027 20151226 7.6454e-05 2.7851e-10 TSX
20121030 20130311 1.5284e-05 5.8465e-10 TSX
20121107 20171118 4.6647e-05 2.7537e-10 TSX
20121221 20160208 7.1483e-05 2.9036e-10 TSX
20121224 20130516 -8.8548e-06 5.6849e-10 TSX
20121229 20130407 -3.445e-05 6.5609e-10 TSX
20130104 20130217 -7.7791e-05 7.7306e-10 TSX
20130109 20130715 -2.5031e-05 5.3277e-10 TSX
20130112 20140511 -2.0124e-06 3.5557e-10 TSX
20130115 20130721 -0.00014444 5.1502e-10 TSX
20130126 20130823 -7.5123e-05 5.1193e-10 TSX
20130131 20130429 -0.00014405 6.7797e-10 TSX
20130203 20130729 9.8584e-05 5.2318e-10 TSX
20130211 20130919 5.1891e-05 4.9688e-10 TSX
20130228 20141209 4.8428e-05 3.2202e-10 TSX
20130311 20130801 6.4422e-08 5.6843e-10 TSX
20130316 20130623 8.67e-07 6.5614e-10 TSX
20130402 20150122 0.00011232 4.1446e-10 TSX
20130407 20140530 2.1781e-05 3.8182e-10 TSX
20130421 20171016 0.00010373 2.6784e-10 TSX
20130424 20130721 -0.00028178 6.6414e-10 TSX
20130429 20130623 8.2829e-06 7.5407e-10 TSX
20130505 20131028 -0.00043198 5.5668e-10 TSX
20130513 20151112 9.4632e-05 2.9091e-10 TSX
20130516 20131017 -2.9886e-05 5.8017e-10 TSX
20130521 20130715 0.00018349 7.5411e-10 TSX
20130524 20171129 5.7709e-05 2.5277e-10 TSX
20130527 20140627 -2.1691e-05 3.8456e-10 TSX
20130601 20130930 8.7857e-05 6.1719e-10 TSX
20130604 20141217 6.1969e-05 3.4063e-10 TSX
20130607 20140719 4.4016e-05 3.8079e-10 TSX
20130612 20150105 2.3445e-05 3.4118e-10 TSX
20130615 20160106 7.9639e-05 2.9404e-10 TSX
20130618 20140708 4.9206e-05 3.8792e-10 TSX
20130623 20130715 0.00064196 8.6125e-10 TSX
20130629 20130914 0.00014285 6.9124e-10 TSX
20130707 20150130 4.0388e-05 3.3883e-10 TSX
20130710 20140901 2.9444e-05 3.7649e-10 TSX
20130715 20130726 -0.0023839 1.0102e-09 TSX
20130721 20131108 0.00066006 6.383e-10 TSX
20130726 20150517 8.8463e-05 3.2722e-10 TSX
20130729 20160904 1.9227e-05 2.8305e-10 TSX
20130801 20151115 6.5125e-05 3.1375e-10 TSX
20130817 20140209 2.6233e-05 5.4091e-10 TSX
20130828 20150312 5.7761e-05 3.4353e-10 TSX
20130903 20150329 -5.7538e-05 3.9274e-10 TSX
20130919 20160309 4.8978e-05 2.9171e-10 TSX
20130925 20140708 0.00012926 4.319e-10 TSX
20130930 20160411 0.00017274 3.0244e-10 TSX
20131011 20150802 3.404e-05 3.3309e-10 TSX
20131017 20140719 -2.7709e-05 4.3929e-10 TSX
20131028 20160304 -4.0833e-05 3.1145e-10 TSX
20131102 20140519 -0.00020769 5.171e-10 TSX
20131108 20140708 0.00013235 4.6852e-10 TSX
20140209 20160309 6.2654e-05 3.2554e-10 TSX
20140223 20140829 5.4837e-05 5.1109e-10 TSX
20140408 20140705 -1.6771e-06 6.6125e-10 TSX
20140419 20170913 9.5468e-05 2.7783e-10 TSX
20140511 20141228 0.00011838 4.7009e-10 TSX
20140519 20150824 0.00013107 3.6982e-10 TSX
20140624 20171005 7.4039e-05 2.6765e-10 TSX
20140627 20151115 5.7738e-05 3.4327e-10 TSX
20140705 20180911 3.3814e-05 2.5892e-10 TSX
20140708 20160406 5.1023e-05 3.2846e-10 TSX
20140716 20171005 8.4485e-05 2.7622e-10 TSX
20140719 20151207 8.8324e-05 3.5237e-10 TSX
20140727 20150326 1.8237e-05 4.6155e-10 TSX
20140810 20150122 8.5993e-05 5.3918e-10 TSX
20140818 20160301 6.2698e-05 3.2856e-10 TSX
20140829 20160208 8.2229e-05 3.3511e-10 TSX
20140901 20140912 -0.00031209 9.671e-10 TSX
20140912 20141209 7.5909e-05 6.6402e-10 TSX
20140920 20170902 6.9433e-05 2.7345e-10 TSX
20141209 20160211 4.3914e-05 3.8039e-10 TSX
20141217 20160722 4.9543e-05 3.2145e-10 TSX
20141228 20160106 0.00010644 3.8405e-10 TSX
20141231 20151024 5.7399e-05 4.3423e-10 TSX
20150105 20150824 -6.2711e-06 4.9091e-10 TSX
20150108 20170811 -1.8799e-05 2.7895e-10 TSX
20150119 20160117 0.00011166 3.8742e-10 TSX
20150127 20160411 0.00010232 3.7953e-10 TSX
20150130 20151112 0.00014142 4.2996e-10 TSX
20150210 20170114 7.6951e-05 3.0744e-10 TSX
20150213 20160326 8.783e-05 4.1404e-10 TSX
20150218 20160216 6.2581e-05 4.0632e-10 TSX
20150221 20180112 0.00012935 2.8351e-10 TSX
20150304 20180911 9.5593e-05 2.6074e-10 TSX
20150307 20160211 6.9189e-05 4.0571e-10 TSX
20150312 20160320 1.2545e-06 4.0233e-10 TSX
20150326 20150827 0.00016477 5.516e-10 TSX
20150329 20151207 2.9666e-05 4.5523e-10 TSX
20150428 20160425 0.00013183 3.8663e-10 TSX
20150509 20150827 0.00012398 6.2113e-10 TSX
20150517 20150824 -4.151e-05 6.5705e-10 TSX
20150520 20180911 7.6294e-05 2.7833e-10 TSX
20150714 20170822 0.00010148 2.9537e-10 TSX
20150725 20170924 9.5525e-05 2.915e-10 TSX
20150802 20160309 5.5423e-05 4.9594e-10 TSX
20150805 20160403 6.5177e-05 4.6134e-10 TSX
20150816 20171107 0.00011457 2.8914e-10 TSX
20150824 20150915 0.00073814 8.6113e-10 TSX
20150827 20170902 0.00013013 2.9801e-10 TSX
20150915 20160216 -6.5611e-05 5.6822e-10 TSX
20151021 20160904 1.8341e-05 4.1284e-10 TSX
20151101 20171016 9.6455e-05 3.0154e-10 TSX
20151112 20160425 3.3192e-06 5.3603e-10 TSX
20151115 20151229 0.00016136 7.7306e-10 TSX
20151123 20171221 8.0337e-05 2.9639e-10 TSX
20151204 20151215 0.00018604 9.7699e-10 TSX
20151207 20160406 -3.574e-05 6.0215e-10 TSX
20151215 20170822 0.00011858 3.1399e-10 TSX
20151226 20161223 8.9138e-05 3.9374e-10 TSX
20151229 20160211 1.5242e-05 7.7306e-10 TSX
20160106 20161223 0.00011661 3.9787e-10 TSX
20160117 20160926 0.00011407 4.5272e-10 TSX
20160128 20160301 -0.0002487 8.06e-10 TSX
20160208 20160312 -3.657e-05 8.06e-10 TSX
20160216 20160309 -0.00040951 8.6113e-10 TSX
20160219 20180319 6.4649e-05 2.9848e-10 TSX
20160301 20161201 0.00015872 4.3857e-10 TSX
20160304 20160326 9.9117e-05 8.4815e-10 TSX
20160312 20180319 5.7527e-05 2.9905e-10 TSX
20160320 20160411 0.00040528 8.6114e-10 TSX
20160323 20171118 8.7049e-05 3.1717e-10 TSX
20160326 20160406 -0.00054792 9.6702e-10 TSX
20160403 20171027 0.00012096 3.217e-10 TSX
20160425 20170811 0.0001453 3.5019e-10 TSX
20160528 20160630 7.8568e-05 8.06e-10 TSX
20160630 20171118 0.00010377 3.4054e-10 TSX
20160722 20161201 0.00025886 5.8131e-10 TSX
20160904 20180707 4.6658e-05 3.2141e-10 TSX
20160915 20180911 3.9942e-05 3.0159e-10 TSX
20160926 20170114 5.8703e-05 6.1794e-10 TSX
20161201 20171027 6.8339e-05 4.0786e-10 TSX
20161223 20171107 3.3973e-05 4.0952e-10 TSX
20170114 20170902 8.676e-05 4.6933e-10 TSX
20170811 20171005 -6.1913e-06 7.4109e-10 TSX
20170822 20180707 -8.3542e-05 4.1382e-10 TSX
20170913 20180707 -0.00013697 4.2538e-10 TSX
20170924 20180319 -0.00010089 5.2319e-10 TSX
20171005 20171107 3.8938e-05 8.06e-10 TSX
20171016 20180319 -7.9224e-05 5.5008e-10 TSX
20171027 20180911 -1.5036e-05 4.1381e-10 TSX
20171107 20171118 8.5229e-05 9.7699e-10 TSX
20171118 20171129 4.5927e-05 9.7699e-10 TSX
20171129 20171221 6.2042e-06 8.4995e-10 TSX
20171210 20180820 -2.1967e-05 4.5335e-10 TSX
20171221 20180911 -1.915e-05 4.4578e-10 TSX
20180112 20181003 5.6293e-05 4.4572e-10 TSX
20180319 20180707 -4.8605e-05 6.1796e-10 TSX
20180707 20180911 0.00035857 7.1236e-10 TSX
20180729 20181003 0.0001478 7.1236e-10 TSX
20180820 20181003 0.00022489 7.7202e-10 TSX
20180911 20181003 -0.00016675 8.4995e-10 TSX
