20030427 20030914 0.00030906 5.6726e-10 ERS2
20030914 20080629 -0.00014173 3.0584e-10 ERS2
20050918 20090510 0.00015298 3.0259e-10 ERS2
20051127 20081116 -0.00028034 3.0986e-10 ERS2
20060903 20090510 7.2494e-05 3.194e-10 ERS2
20061231 20090105 0.0002936 3.2229e-10 ALOS
20070402 20070703 3.5234e-05 6.6608e-10 ALOS
20070518 20091008 0.00012008 3.0316e-10 ALOS
20070818 20071003 -0.00017043 7.7592e-10 ALOS
20071217 20100509 1.0396e-05 3.1909e-10 ALOS
20080103 20100526 4.4826e-05 3.051e-10 ALOS
20080404 20080520 5.6656e-05 7.7597e-10 ALOS
20080618 20090921 5.0222e-05 3.7315e-10 ALOS
20080629 20090510 -0.00022351 4.1565e-10 ERS2
20080705 20091008 0.00039255 3.6502e-10 ALOS
20080803 20090823 -3.2506e-05 3.8298e-10 ERS2
20081116 20090823 4.7146e-05 4.3218e-10 ERS2
20081219 20090921 0.00061771 4.4868e-10 ALOS
20090105 20090708 0.00021612 5.2994e-10 ALOS
20090510 20091101 -0.0001088 5.227e-10 ERS2
20090708 20091008 0.0010039 6.6604e-10 ALOS
20090823 20091101 0.00013059 6.9861e-10 ERS2
20091222 20100624 0.0003509 5.2949e-10 ALOS
20100108 20100223 0.00042832 7.7651e-10 ALOS
20100223 20100526 9.216e-05 6.6636e-10 ALOS
20100410 20100711 -0.00030726 6.662e-10 ALOS
20100509 20100624 0.00072366 7.7387e-10 ALOS
20100526 20100711 0.00055045 7.7593e-10 ALOS
20100624 20101109 0.00018634 5.8397e-10 ALOS
20100711 20101011 0.00065662 6.6629e-10 ALOS
20100809 20101109 4.5405e-05 6.6355e-10 ALOS
20101011 20101126 4.8428e-05 7.7593e-10 ALOS
20110111 20110226 0.00088263 7.7591e-10 ALOS
20110924 20130715 0.00010298 3.2391e-10 TSX
20111005 20121229 5.1641e-07 3.7029e-10 TSX
20111121 20171221 7.6135e-05 2.5763e-10 TSX
20111221 20130131 2.5832e-05 3.8534e-10 TSX
20111224 20121027 2.1324e-05 4.1929e-10 TSX
20120126 20140419 2.7254e-05 2.9141e-10 TSX
20120203 20160320 3.6572e-05 2.7995e-10 TSX
20120206 20171107 1.9252e-06 2.6181e-10 TSX
20120617 20171129 7.8476e-05 2.738e-10 TSX
20120723 20160120 9.49e-05 3.2794e-10 TSX
20121024 20130109 9.3536e-05 7.0172e-10 TSX
20121027 20151226 7.2463e-05 2.6963e-10 TSX
20121030 20130311 -4.5294e-05 5.8465e-10 TSX
20121107 20171118 8.4263e-05 2.6079e-10 TSX
20121221 20160208 0.00010786 2.6769e-10 TSX
20121224 20130516 1.154e-05 5.685e-10 TSX
20121229 20130407 7.2699e-05 6.5605e-10 TSX
20130104 20130217 2.0776e-05 7.737e-10 TSX
20130109 20130715 0.00012351 5.3057e-10 TSX
20130112 20140511 5.7775e-05 3.5469e-10 TSX
20130115 20130721 2.6229e-05 5.1395e-10 TSX
20130126 20130823 -0.00029586 5.1209e-10 TSX
20130131 20130429 -4.5977e-05 6.7799e-10 TSX
20130203 20130729 6.1418e-05 5.2314e-10 TSX
20130211 20130919 0.00022749 4.9595e-10 TSX
20130228 20141209 6.3183e-05 3.1751e-10 TSX
20130311 20130801 0.0001439 5.6845e-10 TSX
20130316 20130623 0.00012768 6.5606e-10 TSX
20130402 20150122 4.3618e-05 3.6446e-10 TSX
20130407 20140530 -2.0292e-05 3.8074e-10 TSX
20130421 20171016 5.474e-06 2.8087e-10 TSX
20130424 20130721 -5.205e-05 6.6403e-10 TSX
20130429 20130623 -6.8107e-06 7.5466e-10 TSX
20130505 20131028 -0.00087703 5.7455e-10 TSX
20130513 20151112 0.00015804 2.9607e-10 TSX
20130516 20131017 -0.00017881 5.7257e-10 TSX
20130521 20130715 0.00039658 7.5468e-10 TSX
20130524 20171129 0.00013061 2.7237e-10 TSX
20130527 20140627 5.4892e-05 3.839e-10 TSX
20130601 20130930 0.00042231 6.1693e-10 TSX
20130604 20141217 6.92e-05 3.3956e-10 TSX
20130607 20140719 9.6756e-05 3.8023e-10 TSX
20130612 20150105 4.619e-05 3.3934e-10 TSX
20130615 20160106 8.9044e-05 2.9724e-10 TSX
20130618 20140708 6.5808e-05 3.8832e-10 TSX
20130623 20130715 0.00075289 8.6339e-10 TSX
20130629 20130914 0.00056512 6.9648e-10 TSX
20130707 20150130 2.8619e-05 3.3849e-10 TSX
20130710 20140901 6.4653e-05 3.7735e-10 TSX
20130715 20130726 -0.0024216 1.0128e-09 TSX
20130721 20131108 0.00087818 6.4445e-10 TSX
20130726 20150517 -2.3987e-05 3.4728e-10 TSX
20130729 20160904 4.8918e-05 2.7703e-10 TSX
20130801 20151115 6.6515e-05 3.1775e-10 TSX
20130817 20140209 3.2775e-06 5.4097e-10 TSX
20130828 20150312 3.3213e-05 3.548e-10 TSX
20130903 20150329 0.00017219 3.4395e-10 TSX
20130919 20160309 2.8054e-06 3.2571e-10 TSX
20130925 20140708 -3.8843e-05 4.764e-10 TSX
20130930 20160411 2.1253e-05 3.2209e-10 TSX
20131011 20150802 8.709e-06 3.3401e-10 TSX
20131017 20140719 -5.791e-06 4.5428e-10 TSX
20131028 20160304 -5.3327e-05 4.0428e-10 TSX
20131102 20140519 -0.00020395 5.1711e-10 TSX
20131108 20140708 -0.00014358 5.0849e-10 TSX
20140209 20160309 7.1389e-05 3.403e-10 TSX
20140223 20140829 0.0001637 5.1108e-10 TSX
20140408 20140705 1.2019e-05 6.6134e-10 TSX
20140419 20170913 0.00014393 2.7337e-10 TSX
20140511 20141228 0.00011647 4.7021e-10 TSX
20140519 20150824 0.00011045 3.7897e-10 TSX
20140624 20171005 5.3594e-05 2.6745e-10 TSX
20140627 20151115 9.8737e-05 3.4474e-10 TSX
20140705 20180911 -5.7485e-05 2.5858e-10 TSX
20140708 20160406 8.3508e-05 3.2066e-10 TSX
20140716 20171005 0.00011269 2.6736e-10 TSX
20140719 20151207 6.6175e-05 3.4262e-10 TSX
20140727 20150326 -4.9322e-05 4.6164e-10 TSX
20140810 20150122 -2.235e-05 5.5066e-10 TSX
20140818 20160301 3.4136e-05 3.2665e-10 TSX
20140829 20160208 5.0404e-05 3.3345e-10 TSX
20140901 20140912 -0.00030184 9.6907e-10 TSX
20140912 20141209 -0.00010192 6.6409e-10 TSX
20140920 20170902 6.9922e-05 2.7536e-10 TSX
20141209 20160211 5.542e-05 3.6557e-10 TSX
20141217 20160722 2.8682e-05 3.2372e-10 TSX
20141228 20160106 6.0326e-05 3.8373e-10 TSX
20141231 20151024 0.00017165 4.2827e-10 TSX
20150105 20150824 5.2024e-05 4.886e-10 TSX
20150108 20170811 0.00014679 2.7881e-10 TSX
20150119 20160117 8.6651e-05 3.8787e-10 TSX
20150127 20160411 0.00011042 3.8234e-10 TSX
20150130 20151112 0.00017448 4.2872e-10 TSX
20150210 20170114 7.5298e-05 3.0331e-10 TSX
20150213 20160326 5.9061e-05 4.7531e-10 TSX
20150218 20160216 0.00010654 4.0361e-10 TSX
20150221 20180112 8.6504e-05 3.1153e-10 TSX
20150304 20180911 -2.6611e-05 2.648e-10 TSX
20150307 20160211 0.00010342 4.0382e-10 TSX
20150312 20160320 5.9297e-05 4.0116e-10 TSX
20150326 20150827 0.00011904 5.4991e-10 TSX
20150329 20151207 0.00014754 4.5486e-10 TSX
20150428 20160425 0.0001275 3.8708e-10 TSX
20150509 20150827 0.00024963 6.183e-10 TSX
20150517 20150824 0.0002881 6.5712e-10 TSX
20150520 20180911 -0.00012869 2.6188e-10 TSX
20150714 20170822 9.9521e-05 2.9281e-10 TSX
20150725 20170924 0.00014596 2.95e-10 TSX
20150802 20160309 -6.6389e-05 4.9971e-10 TSX
20150805 20160403 3.7674e-05 4.6304e-10 TSX
20150816 20171107 0.00013237 2.9249e-10 TSX
20150824 20150915 0.00083645 8.633e-10 TSX
20150827 20170902 9.453e-05 2.9811e-10 TSX
20150915 20160216 -0.00019466 5.6887e-10 TSX
20151021 20160904 -8.0303e-05 4.1338e-10 TSX
20151101 20171016 8.1345e-05 3.0263e-10 TSX
20151112 20160425 -0.00017295 5.3624e-10 TSX
20151115 20151229 0.00011211 7.737e-10 TSX
20151123 20171221 0.00010185 2.9395e-10 TSX
20151204 20151215 0.00015739 9.7919e-10 TSX
20151207 20160406 -0.0001169 6.0214e-10 TSX
20151215 20170822 0.00010248 3.1512e-10 TSX
20151226 20161223 6.6459e-05 3.934e-10 TSX
20151229 20160211 -4.2863e-05 7.737e-10 TSX
20160106 20161223 8.2294e-05 3.9829e-10 TSX
20160117 20160926 3.9806e-05 4.534e-10 TSX
20160128 20160301 -0.00014813 8.0739e-10 TSX
20160208 20160312 -0.00016855 8.0739e-10 TSX
20160216 20160309 -0.00041017 8.633e-10 TSX
20160219 20180319 0.00017228 2.993e-10 TSX
20160301 20161201 0.00013886 4.3875e-10 TSX
20160304 20160326 4.2129e-05 8.497e-10 TSX
20160312 20180319 0.00019366 3.0083e-10 TSX
20160320 20160411 0.0003767 8.633e-10 TSX
20160323 20171118 0.00010806 3.1935e-10 TSX
20160326 20160406 -0.00049124 9.69e-10 TSX
20160403 20171027 0.00012231 3.2509e-10 TSX
20160425 20170811 0.00012898 3.4827e-10 TSX
20160528 20160630 2.5043e-05 8.0739e-10 TSX
20160630 20171118 0.0001558 3.3781e-10 TSX
20160722 20161201 0.00028732 5.8135e-10 TSX
20160904 20180707 2.8144e-05 3.2261e-10 TSX
20160915 20180911 2.0452e-06 3.0282e-10 TSX
20160926 20170114 5.1608e-05 6.1801e-10 TSX
20161201 20171027 7.0469e-05 4.065e-10 TSX
20161223 20171107 0.00010039 4.0915e-10 TSX
20170114 20170902 9.3292e-05 4.6929e-10 TSX
20170811 20171005 -4.5244e-05 7.4167e-10 TSX
20170822 20180707 -0.00013798 4.1371e-10 TSX
20170913 20180707 -0.00017841 4.2556e-10 TSX
20170924 20180319 0.00026634 5.2324e-10 TSX
20171005 20171107 9.648e-05 8.0739e-10 TSX
20171016 20180319 0.00029642 5.5011e-10 TSX
20171027 20180911 -0.00017685 4.1371e-10 TSX
20171107 20171118 9.7045e-05 9.7919e-10 TSX
20171118 20171129 3.7836e-05 9.7919e-10 TSX
20171129 20171221 -5.0917e-05 8.518e-10 TSX
20171210 20180820 -0.00022584 4.5349e-10 TSX
20171221 20180911 -0.00016363 4.4576e-10 TSX
20180112 20181003 5.4795e-05 4.4585e-10 TSX
20180319 20180707 -0.00069693 6.18e-10 TSX
20180707 20180911 0.00016055 7.127e-10 TSX
20180729 20181003 0.00021219 7.127e-10 TSX
20180820 20181003 0.00035658 7.7296e-10 TSX
20180911 20181003 -6.7623e-05 8.5181e-10 TSX
