20030427 20030914 0.00061371 6.7741e-10 ERS2
20030914 20080629 -0.00011868 4.724e-10 ERS2
20050918 20090510 -0.00027893 4.4958e-10 ERS2
20051127 20081116 0.00020036 4.6447e-10 ERS2
20060903 20090510 0.00019927 4.7681e-10 ERS2
20061231 20090105 -6.6895e-05 5.4097e-10 ALOS
20070402 20070703 -0.00012908 7.7642e-10 ALOS
20070518 20091008 -4.7669e-05 5.5587e-10 ALOS
20070818 20071003 -0.00030595 8.2853e-10 ALOS
20071217 20100509 -6.2597e-05 5.1122e-10 ALOS
20080103 20100526 1.9211e-05 5.3314e-10 ALOS
20080404 20080520 7.2597e-05 8.3226e-10 ALOS
20080618 20090921 -0.00018278 6.0402e-10 ALOS
20080629 20090510 -0.00054109 5.4792e-10 ERS2
20080705 20091008 2.4845e-05 5.7692e-10 ALOS
20080803 20090823 -1.3323e-05 5.2203e-10 ERS2
20081116 20090823 1.3096e-05 5.692e-10 ERS2
20081219 20090921 0.00015793 6.2876e-10 ALOS
20090105 20090708 2.0869e-05 6.7988e-10 ALOS
20090510 20091101 0.0010178 6.6099e-10 ERS2
20090708 20091008 0.00034272 7.8272e-10 ALOS
20090823 20091101 1.5271e-05 7.7662e-10 ERS2
20091222 20100624 0.00029624 6.7586e-10 ALOS
20100108 20100223 0.00029868 8.3094e-10 ALOS
20100223 20100526 3.0936e-05 7.6967e-10 ALOS
20100410 20100711 -9.0466e-05 7.6971e-10 ALOS
20100509 20100624 0.00071179 8.3005e-10 ALOS
20100526 20100711 0.00037763 8.3424e-10 ALOS
20100624 20101109 -4.2878e-05 7.4112e-10 ALOS
20100711 20101011 5.006e-05 7.8442e-10 ALOS
20100809 20101109 -0.00014943 7.7289e-10 ALOS
20101011 20101126 0.00018991 8.3457e-10 ALOS
20110111 20110226 0.00058899 8.3077e-10 ALOS
20110924 20130715 4.5011e-05 6.5859e-10 TSX
20111005 20121229 -0.0001292 6.5568e-10 TSX
20111121 20171221 -3.5816e-05 5.5772e-10 TSX
20111221 20130131 -2.1551e-05 6.0512e-10 TSX
20111224 20121027 7.4831e-05 5.7262e-10 TSX
20120126 20140419 -6.5204e-05 5.6414e-10 TSX
20120203 20160320 1.389e-05 5.6548e-10 TSX
20120206 20171107 -4.3285e-05 5.1077e-10 TSX
20120617 20171129 -1.7232e-05 5.9283e-10 TSX
20120723 20160120 3.1562e-05 5.9214e-10 TSX
20121024 20130109 6.9573e-05 7.892e-10 TSX
20121027 20151226 -2.9784e-05 5.6439e-10 TSX
20121030 20130311 6.9925e-06 7.129e-10 TSX
20121107 20171118 -7.7647e-06 5.8532e-10 TSX
20121221 20160208 3.9438e-06 5.5296e-10 TSX
20121224 20130516 -0.00031873 6.9674e-10 TSX
20121229 20130407 -6.3732e-05 7.6276e-10 TSX
20130104 20130217 -3.415e-05 8.2435e-10 TSX
20130109 20130715 0.0001719 7.0672e-10 TSX
20130112 20140511 -4.3515e-05 5.6954e-10 TSX
20130115 20130721 -7.7521e-05 6.7497e-10 TSX
20130126 20130823 -0.00018569 6.7102e-10 TSX
20130131 20130429 -4.0852e-05 7.7556e-10 TSX
20130203 20130729 -5.5543e-05 6.6064e-10 TSX
20130211 20130919 7.3248e-05 6.9171e-10 TSX
20130228 20141209 3.7746e-05 6.6095e-10 TSX
20130311 20130801 6.4775e-05 6.9733e-10 TSX
20130316 20130623 -6.7695e-05 7.6329e-10 TSX
20130402 20150122 -0.00010656 5.3113e-10 TSX
20130407 20140530 8.7824e-06 6.4025e-10 TSX
20130421 20171016 -1.0594e-05 4.9517e-10 TSX
20130424 20130721 -0.00022444 7.6566e-10 TSX
20130429 20130623 -0.00014938 8.182e-10 TSX
20130505 20131028 -0.00055661 7.2834e-10 TSX
20130513 20151112 5.1855e-05 5.4254e-10 TSX
20130516 20131017 -0.00012847 6.8928e-10 TSX
20130521 20130715 0.00026651 8.1904e-10 TSX
20130524 20171129 1.2074e-05 5.5e-10 TSX
20130527 20140627 4.0532e-06 5.9301e-10 TSX
20130601 20130930 0.00036354 7.4428e-10 TSX
20130604 20141217 7.5714e-05 5.3734e-10 TSX
20130607 20140719 1.5378e-05 6.3284e-10 TSX
20130612 20150105 -1.859e-05 6.5206e-10 TSX
20130615 20160106 3.5372e-05 4.9956e-10 TSX
20130618 20140708 1.4044e-05 6.0897e-10 TSX
20130623 20130715 0.0006999 8.8707e-10 TSX
20130629 20130914 0.00024379 7.8498e-10 TSX
20130707 20150130 5.6862e-05 5.0791e-10 TSX
20130710 20140901 1.772e-05 5.9999e-10 TSX
20130715 20130726 -0.0025122 1.0274e-09 TSX
20130721 20131108 0.00049572 7.4602e-10 TSX
20130726 20150517 0.00010918 5.4371e-10 TSX
20130729 20160904 -1.4391e-05 5.2514e-10 TSX
20130801 20151115 -9.8202e-06 5.1871e-10 TSX
20130817 20140209 4.3297e-05 7.0167e-10 TSX
20130828 20150312 -1.8833e-05 5.4822e-10 TSX
20130903 20150329 -7.5368e-05 6.4116e-10 TSX
20130919 20160309 -4.943e-05 5.5727e-10 TSX
20130925 20140708 -1.87e-05 5.8695e-10 TSX
20130930 20160411 -9.5245e-05 5.7931e-10 TSX
20131011 20150802 -4.6505e-06 5.4079e-10 TSX
20131017 20140719 -3.0666e-05 5.9514e-10 TSX
20131028 20160304 -2.1212e-05 5.4266e-10 TSX
20131102 20140519 -5.452e-05 6.7879e-10 TSX
20131108 20140708 6.8126e-05 6.1293e-10 TSX
20140209 20160309 -4.1994e-05 5.1766e-10 TSX
20140223 20140829 0.00020497 6.3565e-10 TSX
20140408 20140705 1.1219e-05 7.5124e-10 TSX
20140419 20170913 7.4354e-05 4.4428e-10 TSX
20140511 20141228 0.00014255 6.0062e-10 TSX
20140519 20150824 4.0229e-05 5.6174e-10 TSX
20140624 20171005 4.597e-05 5.2399e-10 TSX
20140627 20151115 5.9605e-05 5.5985e-10 TSX
20140705 20180911 5.4948e-05 5.1084e-10 TSX
20140708 20160406 -8.4962e-06 5.9507e-10 TSX
20140716 20171005 4.9684e-05 5.3751e-10 TSX
20140719 20151207 5.8617e-05 5.4697e-10 TSX
20140727 20150326 -8.522e-05 5.9321e-10 TSX
20140810 20150122 -0.00011678 6.726e-10 TSX
20140818 20160301 -3.2655e-05 4.8095e-10 TSX
20140829 20160208 -6.5027e-05 5.1812e-10 TSX
20140901 20140912 -0.00029396 9.8274e-10 TSX
20140912 20141209 -2.0426e-05 7.6086e-10 TSX
20140920 20170902 4.8149e-05 5.4591e-10 TSX
20141209 20160211 -3.4925e-05 5.5915e-10 TSX
20141217 20160722 -4.7877e-05 4.6914e-10 TSX
20141228 20160106 -3.9055e-05 5.4949e-10 TSX
20141231 20151024 1.093e-05 5.8203e-10 TSX
20150105 20150824 -6.4211e-05 6.4636e-10 TSX
20150108 20170811 2.3752e-05 4.8586e-10 TSX
20150119 20160117 1.9759e-05 5.3285e-10 TSX
20150127 20160411 -2.8291e-05 5.9178e-10 TSX
20150130 20151112 3.2894e-05 5.7254e-10 TSX
20150210 20170114 1.7137e-05 4.8103e-10 TSX
20150213 20160326 -2.1625e-05 6.162e-10 TSX
20150218 20160216 -2.3655e-05 5.9233e-10 TSX
20150221 20180112 3.5115e-05 5.6497e-10 TSX
20150304 20180911 -1.1802e-05 5.9654e-10 TSX
20150307 20160211 -2.2045e-05 5.6442e-10 TSX
20150312 20160320 -7.4287e-06 5.8196e-10 TSX
20150326 20150827 0.00010527 6.6641e-10 TSX
20150329 20151207 -1.9848e-05 6.0733e-10 TSX
20150428 20160425 3.0088e-05 5.2249e-10 TSX
20150509 20150827 3.9859e-05 7.1945e-10 TSX
20150517 20150824 -4.9804e-05 7.6296e-10 TSX
20150520 20180911 -7.3984e-05 5.2448e-10 TSX
20150714 20170822 1.8029e-06 5.3785e-10 TSX
20150725 20170924 -2.948e-05 5.4859e-10 TSX
20150802 20160309 -2.6886e-05 6.5319e-10 TSX
20150805 20160403 -5.5303e-05 5.9172e-10 TSX
20150816 20171107 -5.1153e-07 4.9013e-10 TSX
20150824 20150915 0.00068175 8.8689e-10 TSX
20150827 20170902 1.8774e-05 5.214e-10 TSX
20150915 20160216 -8.2798e-05 7.0574e-10 TSX
20151021 20160904 -0.0001155 5.6453e-10 TSX
20151101 20171016 -7.2014e-05 5.299e-10 TSX
20151112 20160425 -5.2782e-05 6.5691e-10 TSX
20151115 20151229 0.00015408 8.2434e-10 TSX
20151123 20171221 -5.3733e-05 5.1043e-10 TSX
20151204 20151215 0.00016027 9.9161e-10 TSX
20151207 20160406 -0.00010163 7.2029e-10 TSX
20151215 20170822 0.00020078 5.5848e-10 TSX
20151226 20161223 3.4927e-05 5.3161e-10 TSX
20151229 20160211 3.8261e-05 8.2435e-10 TSX
20160106 20161223 -1.9556e-05 5.3651e-10 TSX
20160117 20160926 -2.3269e-06 5.8548e-10 TSX
20160128 20160301 -0.00013065 8.4195e-10 TSX
20160208 20160312 -0.000146 8.4195e-10 TSX
20160216 20160309 -0.00037612 8.8689e-10 TSX
20160219 20180319 2.7073e-05 5.3764e-10 TSX
20160301 20161201 4.6566e-05 5.7314e-10 TSX
20160304 20160326 4.2326e-05 8.7311e-10 TSX
20160312 20180319 7.764e-05 5.1365e-10 TSX
20160320 20160411 0.00038333 8.8689e-10 TSX
20160323 20171118 -1.5304e-05 5.5166e-10 TSX
20160326 20160406 -0.00050588 9.8263e-10 TSX
20160403 20171027 4.7957e-05 5.4107e-10 TSX
20160425 20170811 9.6874e-06 5.253e-10 TSX
20160528 20160630 -1.6601e-05 8.4195e-10 TSX
20160630 20171118 3.9394e-05 4.9127e-10 TSX
20160722 20161201 7.1307e-05 6.9327e-10 TSX
20160904 20180707 -7.472e-06 5.0148e-10 TSX
20160915 20180911 -6.0382e-05 5.1115e-10 TSX
20160926 20170114 -2.7531e-05 7.2114e-10 TSX
20161201 20171027 -1.0703e-05 6.178e-10 TSX
20161223 20171107 -6.9484e-06 5.506e-10 TSX
20170114 20170902 -5.6284e-05 6.3663e-10 TSX
20170811 20171005 -0.00012775 8.0238e-10 TSX
20170822 20180707 -0.00011738 5.5142e-10 TSX
20170913 20180707 -0.00017311 5.6763e-10 TSX
20170924 20180319 1.386e-05 6.4789e-10 TSX
20171005 20171107 6.1176e-05 8.4195e-10 TSX
20171016 20180319 4.6674e-05 6.6856e-10 TSX
20171027 20180911 -9.888e-05 5.5196e-10 TSX
20171107 20171118 7.227e-05 9.9161e-10 TSX
20171118 20171129 6.1084e-05 9.9161e-10 TSX
20171129 20171221 -3.8345e-06 8.7366e-10 TSX
20171210 20180820 -0.00012837 5.8889e-10 TSX
20171221 20180911 -0.00017044 5.8146e-10 TSX
20180112 20181003 0.00011148 5.9268e-10 TSX
20180319 20180707 -0.00023791 7.2105e-10 TSX
20180707 20180911 0.0001845 7.8464e-10 TSX
20180729 20181003 5.6718e-05 7.8462e-10 TSX
20180820 20181003 0.00020395 8.2098e-10 TSX
20180911 20181003 -0.00017856 8.7367e-10 TSX
