20030427 20030914 0.00084232 5.6726e-10 ERS2
20030914 20080629 -5.9861e-05 2.735e-10 ERS2
20050918 20090510 0.00012939 3.0248e-10 ERS2
20051127 20081116 -8.3946e-05 3.1788e-10 ERS2
20060903 20090510 0.00016382 3.0616e-10 ERS2
20061231 20090105 -6.9712e-05 3.2164e-10 ALOS
20070402 20070703 0.00013005 6.6708e-10 ALOS
20070518 20091008 -4.7094e-05 3.0925e-10 ALOS
20070818 20071003 -0.00028651 7.7569e-10 ALOS
20071217 20100509 4.6378e-05 3.1321e-10 ALOS
20080103 20100526 -8.8545e-05 3.0546e-10 ALOS
20080404 20080520 0.00014065 7.7572e-10 ALOS
20080618 20090921 -6.3612e-05 3.7381e-10 ALOS
20080629 20090510 -0.00021278 4.1663e-10 ERS2
20080705 20091008 1.5775e-05 3.6526e-10 ALOS
20080803 20090823 -6.6269e-05 3.8268e-10 ERS2
20081116 20090823 0.0001521 4.3237e-10 ERS2
20081219 20090921 0.00035624 4.4641e-10 ALOS
20090105 20090708 9.8036e-05 5.2802e-10 ALOS
20090510 20091101 0.0001253 5.2054e-10 ERS2
20090708 20091008 0.00035063 6.6633e-10 ALOS
20090823 20091101 -0.00025524 6.9863e-10 ERS2
20091222 20100624 0.00063306 5.2543e-10 ALOS
20100108 20100223 0.00060832 7.7573e-10 ALOS
20100223 20100526 -2.1945e-05 6.6645e-10 ALOS
20100410 20100711 -1.5266e-05 6.6638e-10 ALOS
20100509 20100624 0.00063808 7.7365e-10 ALOS
20100526 20100711 0.00039001 7.7567e-10 ALOS
20100624 20101109 8.616e-05 5.8402e-10 ALOS
20100711 20101011 0.00021965 6.6628e-10 ALOS
20100809 20101109 1.8792e-05 6.6355e-10 ALOS
20101011 20101126 8.9337e-05 7.7571e-10 ALOS
20110111 20110226 0.00051125 7.7569e-10 ALOS
20110924 20130715 3.8333e-06 4.025e-10 TSX
20111005 20121229 -0.00023425 4.3274e-10 TSX
20111121 20171221 5.0448e-05 4.5757e-10 TSX
20111221 20130131 -4.9242e-05 4.2993e-10 TSX
20111224 20121027 0.00022426 4.3326e-10 TSX
20120126 20140419 7.0393e-05 3.9209e-10 TSX
20120203 20160320 8.1423e-05 3.7228e-10 TSX
20120206 20171107 1.6938e-05 3.8811e-10 TSX
20120617 20171129 5.3962e-05 4.2846e-10 TSX
20120723 20160120 4.337e-05 3.4959e-10 TSX
20121024 20130109 0.00014783 7.0505e-10 TSX
20121027 20151226 9.0018e-05 3.4979e-10 TSX
20121030 20130311 9.2058e-05 5.887e-10 TSX
20121107 20171118 2.3994e-05 4.1145e-10 TSX
20121221 20160208 0.00017346 3.9138e-10 TSX
20121224 20130516 -8.5162e-06 5.6832e-10 TSX
20121229 20130407 -1.7085e-05 6.5799e-10 TSX
20130104 20130217 3.0392e-05 7.739e-10 TSX
20130109 20130715 0.00017746 5.4145e-10 TSX
20130112 20140511 7.4111e-05 4.0648e-10 TSX
20130115 20130721 2.4074e-05 5.4146e-10 TSX
20130126 20130823 -0.00042096 5.0864e-10 TSX
20130131 20130429 -0.00012413 6.7818e-10 TSX
20130203 20130729 0.00017908 5.4236e-10 TSX
20130211 20130919 3.7893e-05 5.2094e-10 TSX
20130228 20141209 5.0482e-05 3.6853e-10 TSX
20130311 20130801 -7.7553e-05 5.9435e-10 TSX
20130316 20130623 -3.0363e-05 6.6406e-10 TSX
20130402 20150122 0.00016411 4.8787e-10 TSX
20130407 20140530 -7.989e-05 4.2247e-10 TSX
20130421 20171016 9.6168e-05 3.9306e-10 TSX
20130424 20130721 -0.00021138 6.6796e-10 TSX
20130429 20130623 -9.125e-05 7.5506e-10 TSX
20130505 20131028 -0.00057583 5.5095e-10 TSX
20130513 20151112 8.8976e-05 4.1574e-10 TSX
20130516 20131017 -0.00010462 5.8903e-10 TSX
20130521 20130715 0.00032246 7.5698e-10 TSX
20130524 20171129 7.717e-05 3.769e-10 TSX
20130527 20140627 0.00010521 4.4393e-10 TSX
20130601 20130930 0.00030968 6.2318e-10 TSX
20130604 20141217 0.00017964 3.9261e-10 TSX
20130607 20140719 0.00017215 4.184e-10 TSX
20130612 20150105 -9.1001e-06 3.8281e-10 TSX
20130615 20160106 -1.0642e-05 3.6588e-10 TSX
20130618 20140708 -9.185e-06 4.7165e-10 TSX
20130623 20130715 0.00073755 8.6343e-10 TSX
20130629 20130914 0.00023156 7.0468e-10 TSX
20130707 20150130 0.00012268 3.9125e-10 TSX
20130710 20140901 -4.9884e-05 4.5823e-10 TSX
20130715 20130726 -0.0025449 1.0123e-09 TSX
20130721 20131108 0.00059407 6.3545e-10 TSX
20130726 20150517 9.358e-05 3.7209e-10 TSX
20130729 20160904 9.6919e-05 3.7206e-10 TSX
20130801 20151115 7.7432e-05 3.856e-10 TSX
20130817 20140209 -0.0001082 5.5789e-10 TSX
20130828 20150312 9.964e-05 3.9111e-10 TSX
20130903 20150329 -6.4973e-05 3.2795e-10 TSX
20130919 20160309 -4.4957e-05 3.549e-10 TSX
20130925 20140708 5.297e-05 4.5182e-10 TSX
20130930 20160411 -2.0648e-05 3.8243e-10 TSX
20131011 20150802 -4.9212e-05 4.0064e-10 TSX
20131017 20140719 4.9056e-05 4.9778e-10 TSX
20131028 20160304 8.1455e-05 3.5059e-10 TSX
20131102 20140519 -0.00018313 5.2425e-10 TSX
20131108 20140708 -9.6962e-05 5.0083e-10 TSX
20140209 20160309 6.557e-05 3.5203e-10 TSX
20140223 20140829 0.00018275 5.1648e-10 TSX
20140408 20140705 8.3712e-05 6.6141e-10 TSX
20140419 20170913 0.00015481 3.4999e-10 TSX
20140511 20141228 0.00020379 4.7566e-10 TSX
20140519 20150824 6.9391e-05 3.9473e-10 TSX
20140624 20171005 0.00016562 3.2882e-10 TSX
20140627 20151115 0.0001321 3.9812e-10 TSX
20140705 20180911 5.3076e-05 3.8684e-10 TSX
20140708 20160406 5.3749e-05 4.1189e-10 TSX
20140716 20171005 9.2181e-05 4.0166e-10 TSX
20140719 20151207 0.00014692 4.194e-10 TSX
20140727 20150326 0.0001711 4.6311e-10 TSX
20140810 20150122 7.1748e-05 5.4591e-10 TSX
20140818 20160301 0.0001625 3.7633e-10 TSX
20140829 20160208 0.00017777 3.7388e-10 TSX
20140901 20140912 -0.0003063 9.6861e-10 TSX
20140912 20141209 0.00012134 6.6433e-10 TSX
20140920 20170902 0.00010274 3.6077e-10 TSX
20141209 20160211 -2.2666e-05 4.2163e-10 TSX
20141217 20160722 0.00016919 3.9446e-10 TSX
20141228 20160106 0.0002348 4.0485e-10 TSX
20141231 20151024 6.3958e-05 4.5625e-10 TSX
20150105 20150824 -9.3681e-06 4.9805e-10 TSX
20150108 20170811 9.1855e-05 3.7777e-10 TSX
20150119 20160117 0.00032878 4.0603e-10 TSX
20150127 20160411 1.1031e-05 4.2146e-10 TSX
20150130 20151112 0.00033462 4.4159e-10 TSX
20150210 20170114 0.00022555 3.9037e-10 TSX
20150213 20160326 -5.7351e-06 4.2016e-10 TSX
20150218 20160216 1.7853e-05 4.1494e-10 TSX
20150221 20180112 -5.2284e-05 3.7184e-10 TSX
20150304 20180911 3.263e-05 3.425e-10 TSX
20150307 20160211 9.3524e-05 4.1808e-10 TSX
20150312 20160320 -8.7123e-05 4.0945e-10 TSX
20150326 20150827 0.00028385 5.5542e-10 TSX
20150329 20151207 9.7007e-05 4.6989e-10 TSX
20150428 20160425 0.0002581 4.0033e-10 TSX
20150509 20150827 0.00014381 6.2338e-10 TSX
20150517 20150824 7.2405e-05 6.5892e-10 TSX
20150520 20180911 0.00017774 4.3081e-10 TSX
20150714 20170822 0.0002094 3.9897e-10 TSX
20150725 20170924 7.9083e-05 3.4562e-10 TSX
20150802 20160309 -1.0493e-05 5.0013e-10 TSX
20150805 20160403 0.00021134 4.6406e-10 TSX
20150816 20171107 0.00014884 4.1082e-10 TSX
20150824 20150915 0.00072373 8.6285e-10 TSX
20150827 20170902 0.00014109 3.5579e-10 TSX
20150915 20160216 8.7962e-06 5.7108e-10 TSX
20151021 20160904 0.00015353 4.2685e-10 TSX
20151101 20171016 0.00016974 4.0948e-10 TSX
20151112 20160425 0.00012743 5.3637e-10 TSX
20151115 20151229 0.00010285 7.7349e-10 TSX
20151123 20171221 0.00015599 4.0576e-10 TSX
20151204 20151215 0.0001723 9.7825e-10 TSX
20151207 20160406 -5.596e-05 6.0206e-10 TSX
20151215 20170822 0.00014545 4.0934e-10 TSX
20151226 20161223 0.00025192 3.9748e-10 TSX
20151229 20160211 0.00011327 7.7349e-10 TSX
20160106 20161223 0.00026259 4.0161e-10 TSX
20160117 20160926 0.00022911 4.5743e-10 TSX
20160128 20160301 -0.00015966 8.0666e-10 TSX
20160208 20160312 -2.4827e-05 8.0666e-10 TSX
20160216 20160309 -0.00041651 8.6285e-10 TSX
20160219 20180319 0.00013968 3.9686e-10 TSX
20160301 20161201 0.00029158 4.4159e-10 TSX
20160304 20160326 5.9683e-05 8.4929e-10 TSX
20160312 20180319 0.00017533 4.395e-10 TSX
20160320 20160411 0.00036183 8.6285e-10 TSX
20160323 20171118 0.0001459 3.5127e-10 TSX
20160326 20160406 -0.0005088 9.6853e-10 TSX
20160403 20171027 0.00028939 3.8598e-10 TSX
20160425 20170811 0.00031327 4.105e-10 TSX
20160528 20160630 9.0486e-05 8.066e-10 TSX
20160630 20171118 0.00025955 4.0192e-10 TSX
20160722 20161201 0.00035639 5.8202e-10 TSX
20160904 20180707 0.00016521 3.9094e-10 TSX
20160915 20180911 0.00015322 3.9876e-10 TSX
20160926 20170114 0.00024206 6.1953e-10 TSX
20161201 20171027 0.00021236 4.5532e-10 TSX
20161223 20171107 0.00014734 4.324e-10 TSX
20170114 20170902 0.00021964 4.8779e-10 TSX
20170811 20171005 5.8442e-05 7.4138e-10 TSX
20170822 20180707 5.4442e-05 4.1887e-10 TSX
20170913 20180707 1.1213e-05 4.2642e-10 TSX
20170924 20180319 8.8159e-05 5.2371e-10 TSX
20171005 20171107 6.2793e-05 8.0664e-10 TSX
20171016 20180319 8.3224e-05 5.5037e-10 TSX
20171027 20180911 1.7089e-05 4.1571e-10 TSX
20171107 20171118 8.5626e-05 9.7826e-10 TSX
20171118 20171129 6.5221e-05 9.7826e-10 TSX
20171129 20171221 3.4421e-05 8.5093e-10 TSX
20171210 20180820 2.3521e-05 4.583e-10 TSX
20171221 20180911 -3.0546e-05 4.5289e-10 TSX
20180112 20181003 9.5116e-05 4.5444e-10 TSX
20180319 20180707 -0.00010425 6.192e-10 TSX
20180707 20180911 0.00038033 7.1245e-10 TSX
20180729 20181003 0.00023691 7.1248e-10 TSX
20180820 20181003 0.00032739 7.7241e-10 TSX
20180911 20181003 -0.00014738 8.5093e-10 TSX
