20030427 20030914 -0.00018111 5.6533e-10 ERS2
20030914 20080629 -3.8089e-05 2.988e-10 ERS2
20050918 20090510 0.00020229 3.2415e-10 ERS2
20051127 20081116 9.6672e-05 3.111e-10 ERS2
20060903 20090510 -7.779e-05 3.1523e-10 ERS2
20061231 20090105 0.000158 3.1447e-10 ALOS
20070402 20070703 0.00011852 6.6664e-10 ALOS
20070518 20091008 0.00024745 3.0492e-10 ALOS
20070818 20071003 -0.00013889 7.7505e-10 ALOS
20071217 20100509 0.00019527 3.1462e-10 ALOS
20080103 20100526 0.00022641 3.0757e-10 ALOS
20080404 20080520 0.0001425 7.7506e-10 ALOS
20080618 20090921 0.00028526 3.7258e-10 ALOS
20080629 20090510 -0.00036123 4.1263e-10 ERS2
20080705 20091008 0.00027296 3.6622e-10 ALOS
20080803 20090823 -7.0843e-06 3.8293e-10 ERS2
20081116 20090823 0.0001297 4.3199e-10 ERS2
20081219 20090921 0.0004148 4.468e-10 ALOS
20090105 20090708 3.1906e-08 5.3025e-10 ALOS
20090510 20091101 0.00062745 5.2316e-10 ERS2
20090708 20091008 0.00064832 6.6634e-10 ALOS
20090823 20091101 -6.476e-05 6.9852e-10 ERS2
20091222 20100624 -0.00018718 5.3237e-10 ALOS
20100108 20100223 -0.00031892 7.7615e-10 ALOS
20100223 20100526 0.00033528 6.6931e-10 ALOS
20100410 20100711 5.8607e-05 6.6768e-10 ALOS
20100509 20100624 0.0005523 7.7308e-10 ALOS
20100526 20100711 0.00039536 7.7505e-10 ALOS
20100624 20101109 0.00025446 5.8397e-10 ALOS
20100711 20101011 0.00030427 6.6639e-10 ALOS
20100809 20101109 0.00016084 6.6353e-10 ALOS
20101011 20101126 -1.6303e-07 7.7504e-10 ALOS
20110111 20110226 0.00061145 7.7506e-10 ALOS
20110924 20130715 0.00016649 3.2505e-10 TSX
20111005 20121229 5.7764e-05 3.7426e-10 TSX
20111121 20171221 1.1332e-05 2.9066e-10 TSX
20111221 20130131 0.00011773 3.8521e-10 TSX
20111224 20121027 0.00026771 4.1915e-10 TSX
20120126 20140419 0.00018818 3.1727e-10 TSX
20120203 20160320 5.4685e-05 3.2199e-10 TSX
20120206 20171107 8.0824e-05 2.6807e-10 TSX
20120617 20171129 3.8348e-05 3.0515e-10 TSX
20120723 20160120 6.0886e-05 3.3318e-10 TSX
20121024 20130109 4.1391e-05 7.0153e-10 TSX
20121027 20151226 7.9993e-05 3.2158e-10 TSX
20121030 20130311 -7.4964e-06 5.8464e-10 TSX
20121107 20171118 0.00010028 3.263e-10 TSX
20121221 20160208 0.00011965 3.3383e-10 TSX
20121224 20130516 -0.00010311 5.6848e-10 TSX
20121229 20130407 8.3171e-05 6.5606e-10 TSX
20130104 20130217 -2.0452e-05 7.7305e-10 TSX
20130109 20130715 0.00014429 5.3259e-10 TSX
20130112 20140511 0.00018596 3.6213e-10 TSX
20130115 20130721 3.3876e-05 5.1531e-10 TSX
20130126 20130823 0.00014807 5.2127e-10 TSX
20130131 20130429 -4.2732e-05 6.7794e-10 TSX
20130203 20130729 0.0002695 5.2312e-10 TSX
20130211 20130919 0.00021278 4.9606e-10 TSX
20130228 20141209 0.00014457 3.3483e-10 TSX
20130311 20130801 0.00019375 5.6843e-10 TSX
20130316 20130623 6.1965e-05 6.5606e-10 TSX
20130402 20150122 0.0002027 3.443e-10 TSX
20130407 20140530 8.5776e-05 3.8202e-10 TSX
20130421 20171016 0.00010371 3.0073e-10 TSX
20130424 20130721 -3.4704e-05 6.6401e-10 TSX
20130429 20130623 1.8745e-05 7.5401e-10 TSX
20130505 20131028 -0.00056292 5.9295e-10 TSX
20130513 20151112 0.00026301 3.483e-10 TSX
20130516 20131017 0.00026981 5.9779e-10 TSX
20130521 20130715 0.0002608 7.5403e-10 TSX
20130524 20171129 0.00014674 3.2564e-10 TSX
20130527 20140627 8.1774e-05 3.8564e-10 TSX
20130601 20130930 0.00036515 6.1696e-10 TSX
20130604 20141217 0.00028411 3.4361e-10 TSX
20130607 20140719 0.00017877 3.811e-10 TSX
20130612 20150105 0.00014136 3.728e-10 TSX
20130615 20160106 0.00015689 3.5077e-10 TSX
20130618 20140708 9.5747e-05 3.882e-10 TSX
20130623 20130715 0.00066374 8.613e-10 TSX
20130629 20130914 0.00034647 6.9672e-10 TSX
20130707 20150130 0.00023848 3.494e-10 TSX
20130710 20140901 0.0001098 3.7716e-10 TSX
20130715 20130726 -0.0023313 1.0103e-09 TSX
20130721 20131108 0.0007878 6.9425e-10 TSX
20130726 20150517 4.3683e-05 3.5364e-10 TSX
20130729 20160904 0.00024439 3.258e-10 TSX
20130801 20151115 0.0001772 3.5878e-10 TSX
20130817 20140209 0.00017952 5.4095e-10 TSX
20130828 20150312 4.208e-05 3.6924e-10 TSX
20130903 20150329 9.5744e-06 3.812e-10 TSX
20130919 20160309 6.3564e-05 4.2663e-10 TSX
20130925 20140708 0.00019523 4.7392e-10 TSX
20130930 20160411 0.00011553 3.1849e-10 TSX
20131011 20150802 8.9879e-05 3.9147e-10 TSX
20131017 20140719 -1.2842e-05 4.6529e-10 TSX
20131028 20160304 5.6086e-05 3.9342e-10 TSX
20131102 20140519 -0.00021917 5.1709e-10 TSX
20131108 20140708 -6.2307e-05 4.9247e-10 TSX
20140209 20160309 0.00014352 3.9144e-10 TSX
20140223 20140829 0.00021512 5.1117e-10 TSX
20140408 20140705 5.0506e-05 6.6125e-10 TSX
20140419 20170913 0.00016237 3.9535e-10 TSX
20140511 20141228 0.00029861 4.7016e-10 TSX
20140519 20150824 0.0002295 4.3463e-10 TSX
20140624 20171005 0.00020313 3.2598e-10 TSX
20140627 20151115 0.0002259 3.9494e-10 TSX
20140705 20180911 4.418e-05 3.0882e-10 TSX
20140708 20160406 0.00016782 3.9654e-10 TSX
20140716 20171005 0.00010258 3.112e-10 TSX
20140719 20151207 0.00014377 3.8362e-10 TSX
20140727 20150326 0.00019435 4.6178e-10 TSX
20140810 20150122 0.00011264 5.4185e-10 TSX
20140818 20160301 0.000225 3.6868e-10 TSX
20140829 20160208 0.00022924 3.8131e-10 TSX
20140901 20140912 -0.00031448 9.6716e-10 TSX
20140912 20141209 0.00010801 6.6401e-10 TSX
20140920 20170902 0.0001097 3.1158e-10 TSX
20141209 20160211 0.00018659 4.073e-10 TSX
20141217 20160722 0.00022822 3.4752e-10 TSX
20141228 20160106 0.00025549 4.0558e-10 TSX
20141231 20151024 0.00025189 4.6808e-10 TSX
20150105 20150824 0.00020401 5.0099e-10 TSX
20150108 20170811 9.328e-05 3.465e-10 TSX
20150119 20160117 0.0003051 4.0329e-10 TSX
20150127 20160411 0.00017294 3.9676e-10 TSX
20150130 20151112 0.00028408 4.3511e-10 TSX
20150210 20170114 0.00027305 3.6763e-10 TSX
20150213 20160326 5.8083e-05 3.9679e-10 TSX
20150218 20160216 0.00017328 4.2051e-10 TSX
20150221 20180112 0.00016805 3.5413e-10 TSX
20150304 20180911 -1.7244e-05 3.135e-10 TSX
20150307 20160211 0.00023597 4.6406e-10 TSX
20150312 20160320 0.0001759 4.1531e-10 TSX
20150326 20150827 0.00029855 5.5171e-10 TSX
20150329 20151207 0.00023079 4.5859e-10 TSX
20150428 20160425 0.00028827 4.0243e-10 TSX
20150509 20150827 0.00028058 6.2115e-10 TSX
20150517 20150824 0.00035124 6.6114e-10 TSX
20150520 20180911 7.4042e-05 3.4119e-10 TSX
20150714 20170822 0.00026336 3.7047e-10 TSX
20150725 20170924 0.0001323 3.8594e-10 TSX
20150802 20160309 0.00015092 4.9736e-10 TSX
20150805 20160403 0.00023385 4.6913e-10 TSX
20150816 20171107 0.00025799 3.8595e-10 TSX
20150824 20150915 0.00079566 8.6121e-10 TSX
20150827 20170902 0.00022909 3.6482e-10 TSX
20150915 20160216 -6.0072e-05 5.7033e-10 TSX
20151021 20160904 0.00019035 4.239e-10 TSX
20151101 20171016 0.00026432 3.236e-10 TSX
20151112 20160425 7.4848e-05 5.3712e-10 TSX
20151115 20151229 0.00021106 7.7305e-10 TSX
20151123 20171221 0.00013155 3.4241e-10 TSX
20151204 20151215 0.00017829 9.7721e-10 TSX
20151207 20160406 2.5392e-05 6.0225e-10 TSX
20151215 20170822 0.0002614 3.6032e-10 TSX
20151226 20161223 0.00027809 4.0279e-10 TSX
20151229 20160211 1.0299e-05 7.7305e-10 TSX
20160106 20161223 0.00029644 4.058e-10 TSX
20160117 20160926 0.00023522 4.5873e-10 TSX
20160128 20160301 -0.00020446 8.061e-10 TSX
20160208 20160312 -7.6015e-05 8.061e-10 TSX
20160216 20160309 -0.00040029 8.6121e-10 TSX
20160219 20180319 0.00017703 3.3408e-10 TSX
20160301 20161201 0.00030805 4.3959e-10 TSX
20160304 20160326 7.6287e-06 8.4818e-10 TSX
20160312 20180319 0.0001863 3.5178e-10 TSX
20160320 20160411 0.00042952 8.6121e-10 TSX
20160323 20171118 0.00025711 3.4678e-10 TSX
20160326 20160406 -0.0004943 9.6709e-10 TSX
20160403 20171027 0.00025596 3.5051e-10 TSX
20160425 20170811 0.00029314 3.7593e-10 TSX
20160528 20160630 9.096e-05 8.061e-10 TSX
20160630 20171118 0.00028149 3.554e-10 TSX
20160722 20161201 0.0003742 5.8134e-10 TSX
20160904 20180707 0.00022429 3.3452e-10 TSX
20160915 20180911 0.00018915 3.1735e-10 TSX
20160926 20170114 0.00012088 6.1794e-10 TSX
20161201 20171027 0.0001801 4.1023e-10 TSX
20161223 20171107 0.00013174 4.1688e-10 TSX
20170114 20170902 0.00015364 4.758e-10 TSX
20170811 20171005 -1.259e-05 7.4112e-10 TSX
20170822 20180707 7.2459e-05 4.1379e-10 TSX
20170913 20180707 1.5333e-05 4.2619e-10 TSX
20170924 20180319 -4.0693e-05 5.2319e-10 TSX
20171005 20171107 7.1201e-05 8.061e-10 TSX
20171016 20180319 -4.0554e-05 5.5007e-10 TSX
20171027 20180911 0.00012206 4.1367e-10 TSX
20171107 20171118 8.4779e-05 9.7721e-10 TSX
20171118 20171129 4.3718e-05 9.7721e-10 TSX
20171129 20171221 1.6826e-06 8.5011e-10 TSX
20171210 20180820 0.00010363 4.5336e-10 TSX
20171221 20180911 0.00010803 4.4562e-10 TSX
20180112 20181003 0.00019466 4.4561e-10 TSX
20180319 20180707 7.8244e-06 6.1796e-10 TSX
20180707 20180911 0.00042113 7.1238e-10 TSX
20180729 20181003 0.00014993 7.1238e-10 TSX
20180820 20181003 0.00020683 7.7207e-10 TSX
20180911 20181003 -0.00019278 8.5011e-10 TSX
