20030427 20030914 0.00052365 5.6535e-10 ERS2
20030914 20080629 1.256e-05 2.6784e-10 ERS2
20050918 20090510 -5.9613e-05 3.0559e-10 ERS2
20051127 20081116 9.154e-06 2.9768e-10 ERS2
20060903 20090510 -0.00016094 3.0618e-10 ERS2
20061231 20090105 8.2447e-05 3.1617e-10 ALOS
20070402 20070703 -7.4467e-05 6.6726e-10 ALOS
20070518 20091008 0.00025834 3.2661e-10 ALOS
20070818 20071003 -0.00014992 7.7558e-10 ALOS
20071217 20100509 0.00050264 3.1277e-10 ALOS
20080103 20100526 0.00043477 3.0968e-10 ALOS
20080404 20080520 0.00015949 7.7538e-10 ALOS
20080618 20090921 0.00038554 3.7515e-10 ALOS
20080629 20090510 -2.5316e-05 4.1786e-10 ERS2
20080705 20091008 0.00037511 3.8247e-10 ALOS
20080803 20090823 -6.8963e-05 3.8336e-10 ERS2
20081116 20090823 9.4544e-05 4.3262e-10 ERS2
20081219 20090921 0.00054825 4.5389e-10 ALOS
20090105 20090708 0.00020192 5.2838e-10 ALOS
20090510 20091101 0.0002716 5.2091e-10 ERS2
20090708 20091008 0.00098606 6.6679e-10 ALOS
20090823 20091101 -0.0001821 6.9863e-10 ERS2
20091222 20100624 0.00028306 5.2726e-10 ALOS
20100108 20100223 0.00056932 7.7553e-10 ALOS
20100223 20100526 3.2323e-05 6.6817e-10 ALOS
20100410 20100711 0.00038176 6.6813e-10 ALOS
20100509 20100624 0.00062587 7.7334e-10 ALOS
20100526 20100711 0.0005101 7.7546e-10 ALOS
20100624 20101109 0.0004268 5.8394e-10 ALOS
20100711 20101011 0.00063778 6.6628e-10 ALOS
20100809 20101109 -0.00010197 6.6356e-10 ALOS
20101011 20101126 5.3807e-05 7.754e-10 ALOS
20110111 20110226 0.00064245 7.7555e-10 ALOS
20110924 20130715 0.0002574 3.4631e-10 TSX
20111005 20121229 0.0002176 3.9677e-10 TSX
20111121 20171221 -2.1431e-05 3.5631e-10 TSX
20111221 20130131 0.00021466 3.9534e-10 TSX
20111224 20121027 0.00022732 4.2003e-10 TSX
20120126 20140419 -0.00011029 3.753e-10 TSX
20120203 20160320 0.00014472 3.1063e-10 TSX
20120206 20171107 8.4502e-05 3.4752e-10 TSX
20120617 20171129 0.00010822 4.3851e-10 TSX
20120723 20160120 0.00013317 3.5462e-10 TSX
20121024 20130109 0.0002679 7.0219e-10 TSX
20121027 20151226 -3.3745e-05 5.0121e-10 TSX
20121030 20130311 0.00015579 5.8467e-10 TSX
20121107 20171118 5.3784e-05 4.7587e-10 TSX
20121221 20160208 9.3281e-05 3.6868e-10 TSX
20121224 20130516 0.00017743 5.7029e-10 TSX
20121229 20130407 0.00011521 6.561e-10 TSX
20130104 20130217 4.7573e-05 7.7328e-10 TSX
20130109 20130715 0.00031526 5.5107e-10 TSX
20130112 20140511 0.00019557 3.9881e-10 TSX
20130115 20130721 0.00021437 5.2974e-10 TSX
20130126 20130823 0.00027235 5.1671e-10 TSX
20130131 20130429 3.8591e-05 6.7797e-10 TSX
20130203 20130729 0.00027693 5.2834e-10 TSX
20130211 20130919 0.00028964 5.1142e-10 TSX
20130228 20141209 0.00024729 3.9341e-10 TSX
20130311 20130801 0.00027631 5.7638e-10 TSX
20130316 20130623 0.00013617 6.5594e-10 TSX
20130402 20150122 9.3719e-05 3.92e-10 TSX
20130407 20140530 0.00021622 4.1289e-10 TSX
20130421 20171016 4.9434e-05 3.3636e-10 TSX
20130424 20130721 0.00013252 6.6442e-10 TSX
20130429 20130623 3.9701e-05 7.5438e-10 TSX
20130505 20131028 -0.00026737 5.7066e-10 TSX
20130513 20151112 -1.859e-06 3.8695e-10 TSX
20130516 20131017 0.00012279 5.7574e-10 TSX
20130521 20130715 0.00050534 7.5471e-10 TSX
20130524 20171129 4.4207e-05 4.2366e-10 TSX
20130527 20140627 0.00032089 3.9452e-10 TSX
20130601 20130930 0.00051949 6.1764e-10 TSX
20130604 20141217 0.00020847 4.0943e-10 TSX
20130607 20140719 0.00030468 4.1082e-10 TSX
20130612 20150105 0.00017194 3.8757e-10 TSX
20130615 20160106 1.981e-05 4.531e-10 TSX
20130618 20140708 0.00026841 4.0937e-10 TSX
20130623 20130715 0.00076825 8.6241e-10 TSX
20130629 20130914 0.00044664 6.891e-10 TSX
20130707 20150130 0.0002323 3.7714e-10 TSX
20130710 20140901 0.00024825 3.9661e-10 TSX
20130715 20130726 -0.0025327 1.0115e-09 TSX
20130721 20131108 0.00074511 6.218e-10 TSX
20130726 20150517 0.0002281 3.3881e-10 TSX
20130729 20160904 -4.3846e-06 3.5703e-10 TSX
20130801 20151115 0.00012413 3.4466e-10 TSX
20130817 20140209 1.4847e-05 5.4146e-10 TSX
20130828 20150312 0.00028125 3.8918e-10 TSX
20130903 20150329 4.3156e-05 3.3925e-10 TSX
20130919 20160309 0.00010366 3.3654e-10 TSX
20130925 20140708 0.00016425 4.3773e-10 TSX
20130930 20160411 0.00012576 3.5994e-10 TSX
20131011 20150802 0.00023217 3.6994e-10 TSX
20131017 20140719 0.00017913 4.4315e-10 TSX
20131028 20160304 -0.00014108 3.4529e-10 TSX
20131102 20140519 -2.8033e-05 5.1702e-10 TSX
20131108 20140708 0.00014231 4.7136e-10 TSX
20140209 20160309 0.00031352 3.606e-10 TSX
20140223 20140829 0.00023327 5.1244e-10 TSX
20140408 20140705 9.9275e-05 6.614e-10 TSX
20140419 20170913 6.4488e-05 3.8308e-10 TSX
20140511 20141228 0.00024557 4.7327e-10 TSX
20140519 20150824 0.00026308 4.0012e-10 TSX
20140624 20171005 0.00016013 3.485e-10 TSX
20140627 20151115 0.00025822 3.935e-10 TSX
20140705 20180911 7.4304e-05 3.7003e-10 TSX
20140708 20160406 0.00031915 4.0223e-10 TSX
20140716 20171005 0.00010796 3.5111e-10 TSX
20140719 20151207 0.0002802 3.834e-10 TSX
20140727 20150326 0.0001195 4.6571e-10 TSX
20140810 20150122 0.00027116 5.3993e-10 TSX
20140818 20160301 0.00019201 4.0425e-10 TSX
20140829 20160208 0.00021413 3.6672e-10 TSX
20140901 20140912 -0.00029698 9.6805e-10 TSX
20140912 20141209 0.00018153 6.6429e-10 TSX
20140920 20170902 0.00017445 3.9845e-10 TSX
20141209 20160211 0.00018856 3.983e-10 TSX
20141217 20160722 0.00013303 4.1501e-10 TSX
20141228 20160106 0.00026697 4.0921e-10 TSX
20141231 20151024 0.00034328 4.3752e-10 TSX
20150105 20150824 0.00022921 4.9916e-10 TSX
20150108 20170811 3.1332e-06 4.4138e-10 TSX
20150119 20160117 0.00027653 4.1143e-10 TSX
20150127 20160411 0.00031102 4.0182e-10 TSX
20150130 20151112 0.0002675 4.4293e-10 TSX
20150210 20170114 0.00013002 4.2447e-10 TSX
20150213 20160326 4.7199e-05 3.928e-10 TSX
20150218 20160216 0.00039899 4.3221e-10 TSX
20150221 20180112 -6.9811e-05 3.3158e-10 TSX
20150304 20180911 5.4876e-05 4.3436e-10 TSX
20150307 20160211 0.00046321 4.1592e-10 TSX
20150312 20160320 0.00029625 4.1622e-10 TSX
20150326 20150827 0.0003568 5.5738e-10 TSX
20150329 20151207 0.00043062 4.6822e-10 TSX
20150428 20160425 0.00024715 4.3155e-10 TSX
20150509 20150827 0.00028073 6.3282e-10 TSX
20150517 20150824 0.0002736 6.5797e-10 TSX
20150520 20180911 -5.5426e-05 4.4887e-10 TSX
20150714 20170822 0.00014976 3.7476e-10 TSX
20150725 20170924 2.1666e-05 3.5532e-10 TSX
20150802 20160309 0.00019521 5.1583e-10 TSX
20150805 20160403 0.00010699 4.7994e-10 TSX
20150816 20171107 0.00015704 4.3192e-10 TSX
20150824 20150915 0.00073287 8.622e-10 TSX
20150827 20170902 0.00022797 3.7168e-10 TSX
20150915 20160216 0.00012621 5.7237e-10 TSX
20151021 20160904 0.000118 4.6208e-10 TSX
20151101 20171016 0.00012416 4.3286e-10 TSX
20151112 20160425 3.0908e-05 5.3682e-10 TSX
20151115 20151229 0.00020241 7.7332e-10 TSX
20151123 20171221 9.3817e-05 3.906e-10 TSX
20151204 20151215 0.00017429 9.779e-10 TSX
20151207 20160406 -1.2849e-05 6.0211e-10 TSX
20151215 20170822 6.4522e-05 3.8504e-10 TSX
20151226 20161223 0.0002581 3.9448e-10 TSX
20151229 20160211 9.7508e-05 7.7328e-10 TSX
20160106 20161223 0.00025504 4.0024e-10 TSX
20160117 20160926 0.00026198 4.5744e-10 TSX
20160128 20160301 -0.00020602 8.0643e-10 TSX
20160208 20160312 -1.5689e-05 8.0643e-10 TSX
20160216 20160309 -0.00042665 8.6218e-10 TSX
20160219 20180319 6.51e-05 4.1583e-10 TSX
20160301 20161201 0.00033531 4.4095e-10 TSX
20160304 20160326 5.3414e-05 8.4884e-10 TSX
20160312 20180319 2.7882e-05 4.2014e-10 TSX
20160320 20160411 0.00038365 8.6219e-10 TSX
20160323 20171118 0.00020079 3.8007e-10 TSX
20160326 20160406 -0.00049327 9.6798e-10 TSX
20160403 20171027 0.00019354 3.9778e-10 TSX
20160425 20170811 0.00033816 4.5535e-10 TSX
20160528 20160630 0.00012258 8.0643e-10 TSX
20160630 20171118 0.00022545 3.9657e-10 TSX
20160722 20161201 0.0003148 5.8149e-10 TSX
20160904 20180707 0.00017564 4.2048e-10 TSX
20160915 20180911 1.491e-05 3.924e-10 TSX
20160926 20170114 8.4545e-05 6.1857e-10 TSX
20161201 20171027 0.0001536 4.4927e-10 TSX
20161223 20171107 0.00020603 4.4676e-10 TSX
20170114 20170902 0.00021348 5.2037e-10 TSX
20170811 20171005 1.5454e-05 7.4123e-10 TSX
20170822 20180707 -8.9553e-05 4.1667e-10 TSX
20170913 20180707 -0.00012688 4.4907e-10 TSX
20170924 20180319 -0.000198 5.2383e-10 TSX
20171005 20171107 4.8434e-05 8.0641e-10 TSX
20171016 20180319 -0.00019937 5.5056e-10 TSX
20171027 20180911 -1.013e-05 4.1774e-10 TSX
20171107 20171118 8.0945e-05 9.779e-10 TSX
20171118 20171129 6.1421e-05 9.779e-10 TSX
20171129 20171221 2.5703e-05 8.5063e-10 TSX
20171210 20180820 -2.4911e-05 4.5373e-10 TSX
20171221 20180911 -4.4793e-05 4.5105e-10 TSX
20180112 20181003 0.00012499 4.5712e-10 TSX
20180319 20180707 5.2006e-05 6.1801e-10 TSX
20180707 20180911 0.0004324 7.1241e-10 TSX
20180729 20181003 0.00025963 7.1247e-10 TSX
20180820 20181003 0.0003399 7.7224e-10 TSX
20180911 20181003 -0.0001592 8.5063e-10 TSX
