20030427 20030914 0.0011917 5.8432e-10 ERS2
20030914 20080629 -6.0581e-05 2.7534e-10 ERS2
20050918 20090510 -3.4597e-05 2.9764e-10 ERS2
20051127 20081116 8.4479e-05 3.0884e-10 ERS2
20060903 20090510 9.7549e-05 3.0752e-10 ERS2
20061231 20090105 1.3321e-05 3.2346e-10 ALOS
20070402 20070703 -0.00025646 6.8703e-10 ALOS
20070518 20091008 -5.0705e-05 3.0941e-10 ALOS
20070818 20071003 -0.00044174 7.9278e-10 ALOS
20071217 20100509 -5.6916e-05 3.1083e-10 ALOS
20080103 20100526 1.349e-05 3.0919e-10 ALOS
20080404 20080520 0.00013728 7.9279e-10 ALOS
20080618 20090921 -0.00010736 3.8027e-10 ALOS
20080629 20090510 -0.00023898 4.1694e-10 ERS2
20080705 20091008 -0.00012985 3.7209e-10 ALOS
20080803 20090823 -3.2622e-05 3.8507e-10 ERS2
20081116 20090823 -1.22e-05 4.3826e-10 ERS2
20081219 20090921 0.00035309 4.5304e-10 ALOS
20090105 20090708 8.0176e-05 5.4093e-10 ALOS
20090510 20091101 0.00023241 5.3578e-10 ERS2
20090708 20091008 0.00035369 6.8711e-10 ALOS
20090823 20091101 1.4141e-05 7.232e-10 ERS2
20091222 20100624 0.00034495 5.3655e-10 ALOS
20100108 20100223 0.00027106 7.9294e-10 ALOS
20100223 20100526 8.9287e-05 6.8714e-10 ALOS
20100410 20100711 -0.00012657 6.8702e-10 ALOS
20100509 20100624 0.00077775 7.905e-10 ALOS
20100526 20100711 0.00046847 7.928e-10 ALOS
20100624 20101109 -0.00015427 6.0028e-10 ALOS
20100711 20101011 -0.00028907 6.8705e-10 ALOS
20100809 20101109 -0.00022097 6.8368e-10 ALOS
20101011 20101126 0.00026019 7.928e-10 ALOS
20110111 20110226 0.00074377 7.9278e-10 ALOS
20110924 20130715 9.8532e-05 3.3239e-10 TSX
20111005 20121229 1.8064e-05 3.7549e-10 TSX
20111121 20171221 -1.838e-05 2.6878e-10 TSX
20111221 20130131 5.7906e-05 3.9277e-10 TSX
20111224 20121027 -1.1306e-05 4.2578e-10 TSX
20120126 20140419 1.7177e-05 2.9128e-10 TSX
20120203 20160320 -9.5474e-06 2.5807e-10 TSX
20120206 20171107 -1.2776e-05 2.6699e-10 TSX
20120617 20171129 -8.9918e-06 2.5957e-10 TSX
20120723 20160120 0.00011086 2.7401e-10 TSX
20121024 20130109 0.0001184 7.2333e-10 TSX
20121027 20151226 7.8453e-06 2.6681e-10 TSX
20121030 20130311 3.569e-05 5.9951e-10 TSX
20121107 20171118 -1.1402e-05 2.6243e-10 TSX
20121221 20160208 6.0616e-06 2.6637e-10 TSX
20121224 20130516 -0.0002246 5.8222e-10 TSX
20121229 20130407 4.4598e-05 6.7756e-10 TSX
20130104 20130217 2.7336e-05 7.8947e-10 TSX
20130109 20130715 0.00013734 5.4226e-10 TSX
20130112 20140511 -1.3332e-05 3.5452e-10 TSX
20130115 20130721 -0.00024467 5.2362e-10 TSX
20130126 20130823 -0.00025022 5.3009e-10 TSX
20130131 20130429 -0.0001509 6.9984e-10 TSX
20130203 20130729 -4.4211e-05 5.4135e-10 TSX
20130211 20130919 -1.0012e-05 5.073e-10 TSX
20130228 20141209 3.3247e-05 3.2141e-10 TSX
20130311 20130801 -9.051e-05 5.8216e-10 TSX
20130316 20130623 1.2191e-05 6.7757e-10 TSX
20130402 20150122 9.6098e-05 3.3419e-10 TSX
20130407 20140530 -4.6082e-05 3.879e-10 TSX
20130421 20171016 -2.9057e-06 2.9591e-10 TSX
20130424 20130721 -0.00035212 6.8286e-10 TSX
20130429 20130623 -8.8703e-05 7.7394e-10 TSX
20130505 20131028 -0.00099313 6.0841e-10 TSX
20130513 20151112 3.0588e-07 2.823e-10 TSX
20130516 20131017 -0.00023048 5.9818e-10 TSX
20130521 20130715 0.00024427 7.7397e-10 TSX
20130524 20171129 6.53e-06 2.6857e-10 TSX
20130527 20140627 5.1785e-06 3.8906e-10 TSX
20130601 20130930 0.00020385 6.369e-10 TSX
20130604 20141217 -5.8586e-07 3.3754e-10 TSX
20130607 20140719 2.2637e-05 3.8531e-10 TSX
20130612 20150105 1.8747e-05 3.4605e-10 TSX
20130615 20160106 8.4417e-06 2.772e-10 TSX
20130618 20140708 -4.2715e-05 3.9371e-10 TSX
20130623 20130715 0.00067704 8.7333e-10 TSX
20130629 20130914 0.00042546 7.0817e-10 TSX
20130707 20150130 -1.1737e-05 3.3784e-10 TSX
20130710 20140901 1.9352e-05 3.827e-10 TSX
20130715 20130726 -0.0025988 1.0199e-09 TSX
20130721 20131108 0.001026 6.4415e-10 TSX
20130726 20150517 0.00023518 3.3068e-10 TSX
20130729 20160904 -5.1967e-06 2.6953e-10 TSX
20130801 20151115 2.4795e-06 2.9688e-10 TSX
20130817 20140209 -7.2483e-05 5.5574e-10 TSX
20130828 20150312 2.4175e-05 3.4868e-10 TSX
20130903 20150329 -0.00016691 3.5445e-10 TSX
20130919 20160309 -1.6441e-05 2.8365e-10 TSX
20130925 20140708 -2.3581e-05 4.3645e-10 TSX
20130930 20160411 2.0671e-05 2.798e-10 TSX
20131011 20150802 -3.0688e-06 3.2884e-10 TSX
20131017 20140719 -8.4974e-05 4.4405e-10 TSX
20131028 20160304 1.8626e-07 3.2902e-10 TSX
20131102 20140519 -0.00031396 5.3005e-10 TSX
20131108 20140708 -2.7993e-05 4.719e-10 TSX
20140209 20160309 1.2341e-06 3.144e-10 TSX
20140223 20140829 -5.7026e-06 5.2801e-10 TSX
20140408 20140705 -7.4047e-06 6.886e-10 TSX
20140419 20170913 -7.4937e-06 2.9145e-10 TSX
20140511 20141228 4.7128e-05 4.8234e-10 TSX
20140519 20150824 0.00016931 3.7167e-10 TSX
20140624 20171005 1.5968e-06 2.9274e-10 TSX
20140627 20151115 -4.4125e-05 3.462e-10 TSX
20140705 20180911 8.3224e-06 2.8154e-10 TSX
20140708 20160406 6.279e-05 3.2033e-10 TSX
20140716 20171005 -7.1303e-06 2.9108e-10 TSX
20140719 20151207 1.4848e-05 3.4629e-10 TSX
20140727 20150326 2.0344e-05 4.7267e-10 TSX
20140810 20150122 2.4598e-07 5.507e-10 TSX
20140818 20160301 -3.7718e-06 3.2688e-10 TSX
20140829 20160208 -9.9601e-07 3.3304e-10 TSX
20140901 20140912 -0.00030658 9.7528e-10 TSX
20140912 20141209 7.7539e-05 6.8286e-10 TSX
20140920 20170902 1.2051e-06 3.0056e-10 TSX
20141209 20160211 -3.6457e-05 3.6906e-10 TSX
20141217 20160722 -4.986e-06 3.2048e-10 TSX
20141228 20160106 6.5139e-06 3.8682e-10 TSX
20141231 20151024 3.6665e-05 4.2988e-10 TSX
20150105 20150824 -6.8446e-05 4.967e-10 TSX
20150108 20170811 -1.9549e-05 3.0313e-10 TSX
20150119 20160117 2.5259e-05 3.9198e-10 TSX
20150127 20160411 7.2532e-05 3.7696e-10 TSX
20150130 20151112 -1.6875e-05 4.3677e-10 TSX
20150210 20170114 -3.225e-06 3.1331e-10 TSX
20150213 20160326 0.00014717 4.0796e-10 TSX
20150218 20160216 4.8143e-05 4.0978e-10 TSX
20150221 20180112 2.1288e-05 3.3015e-10 TSX
20150304 20180911 1.0685e-05 3.063e-10 TSX
20150307 20160211 9.4142e-06 4.0544e-10 TSX
20150312 20160320 -6.6993e-06 4.0438e-10 TSX
20150326 20150827 -3.1758e-05 5.6996e-10 TSX
20150329 20151207 -3.2461e-05 4.6083e-10 TSX
20150428 20160425 1.2402e-05 3.917e-10 TSX
20150509 20150827 -0.000113 6.4358e-10 TSX
20150517 20150824 -0.00028381 6.7758e-10 TSX
20150520 20180911 5.5657e-06 3.1065e-10 TSX
20150714 20170822 -1.984e-05 3.0757e-10 TSX
20150725 20170924 -1.3007e-05 3.0022e-10 TSX
20150802 20160309 -0.00011172 5.073e-10 TSX
20150805 20160403 2.9147e-05 4.7241e-10 TSX
20150816 20171107 6.3496e-06 2.9516e-10 TSX
20150824 20150915 0.00071555 8.7322e-10 TSX
20150827 20170902 7.3038e-07 3.023e-10 TSX
20150915 20160216 -9.3259e-05 5.8501e-10 TSX
20151021 20160904 -6.1416e-06 4.1846e-10 TSX
20151101 20171016 7.0392e-06 3.113e-10 TSX
20151112 20160425 4.2415e-05 5.5509e-10 TSX
20151115 20151229 0.00021589 7.8946e-10 TSX
20151123 20171221 3.6548e-06 3.0028e-10 TSX
20151204 20151215 0.00014048 9.8746e-10 TSX
20151207 20160406 -2.0267e-05 6.1815e-10 TSX
20151215 20170822 2.0421e-05 3.2343e-10 TSX
20151226 20161223 1.123e-05 3.971e-10 TSX
20151229 20160211 2.4167e-05 7.8946e-10 TSX
20160106 20161223 2.1449e-05 4.0244e-10 TSX
20160117 20160926 -2.1571e-05 4.632e-10 TSX
20160128 20160301 -0.00014788 8.2441e-10 TSX
20160208 20160312 -8.4896e-05 8.2441e-10 TSX
20160216 20160309 -0.00045095 8.7322e-10 TSX
20160219 20180319 3.0797e-06 2.9652e-10 TSX
20160301 20161201 -1.4821e-05 4.4713e-10 TSX
20160304 20160326 7.6989e-05 8.5891e-10 TSX
20160312 20180319 7.9376e-06 2.9958e-10 TSX
20160320 20160411 0.00040863 8.7323e-10 TSX
20160323 20171118 -8.2339e-06 3.192e-10 TSX
20160326 20160406 -0.00056023 9.7521e-10 TSX
20160403 20171027 -1.2176e-05 3.2472e-10 TSX
20160425 20170811 -1.9576e-05 3.4915e-10 TSX
20160528 20160630 -5.7578e-05 8.2441e-10 TSX
20160630 20171118 2.3858e-05 3.4091e-10 TSX
20160722 20161201 1.8571e-05 6.0441e-10 TSX
20160904 20180707 1.588e-05 3.2152e-10 TSX
20160915 20180911 2.5181e-05 3.0183e-10 TSX
20160926 20170114 6.6341e-05 6.4365e-10 TSX
20161201 20171027 1.5702e-05 4.1235e-10 TSX
20161223 20171107 -1.2693e-05 4.1558e-10 TSX
20170114 20170902 -3.0604e-05 4.8159e-10 TSX
20170811 20171005 -2.138e-05 7.6617e-10 TSX
20170822 20180707 3.6572e-05 4.1957e-10 TSX
20170913 20180707 1.6156e-05 4.321e-10 TSX
20170924 20180319 5.9932e-05 5.415e-10 TSX
20171005 20171107 4.2608e-05 8.2441e-10 TSX
20171016 20180319 5.9653e-05 5.7044e-10 TSX
20171027 20180911 4.4884e-05 4.1958e-10 TSX
20171107 20171118 6.9551e-05 9.8746e-10 TSX
20171118 20171129 5.3062e-05 9.8746e-10 TSX
20171129 20171221 -2.3006e-05 8.6403e-10 TSX
20171210 20180820 1.4813e-05 4.6371e-10 TSX
20171221 20180911 6.0316e-05 4.5515e-10 TSX
20180112 20181003 0.00010613 4.5513e-10 TSX
20180319 20180707 -2.5697e-05 6.4366e-10 TSX
20180707 20180911 0.00017349 7.3912e-10 TSX
20180729 20181003 -1.899e-05 7.3912e-10 TSX
20180820 20181003 0.00014381 7.9428e-10 TSX
20180911 20181003 -0.00018088 8.6403e-10 TSX
