20030427 20030914 0.00028737 5.6788e-10 ERS2
20030914 20080629 -0.00011452 2.8778e-10 ERS2
20050918 20090510 -0.0001342 3.0145e-10 ERS2
20051127 20081116 -0.00010149 2.9718e-10 ERS2
20060903 20090510 -0.00015507 3.0803e-10 ERS2
20061231 20090105 0.00013968 3.146e-10 ALOS
20070402 20070703 -9.6143e-05 6.6626e-10 ALOS
20070518 20091008 -3.51e-05 3.0174e-10 ALOS
20070818 20071003 -0.00017395 7.7549e-10 ALOS
20071217 20100509 2.8817e-05 3.026e-10 ALOS
20080103 20100526 0.0001681 3.1343e-10 ALOS
20080404 20080520 -3.3537e-05 7.7542e-10 ALOS
20080618 20090921 -3.8349e-05 3.7311e-10 ALOS
20080629 20090510 -0.00045588 4.1263e-10 ERS2
20080705 20091008 6.1995e-05 3.6533e-10 ALOS
20080803 20090823 1.6322e-05 3.8286e-10 ERS2
20081116 20090823 6.6915e-05 4.352e-10 ERS2
20081219 20090921 0.00022738 4.4632e-10 ALOS
20090105 20090708 2.7245e-05 5.3003e-10 ALOS
20090510 20091101 0.00031857 5.2189e-10 ERS2
20090708 20091008 0.0006534 6.6625e-10 ALOS
20090823 20091101 3.3896e-05 6.9862e-10 ERS2
20091222 20100624 0.00062946 5.3307e-10 ALOS
20100108 20100223 0.00057205 7.756e-10 ALOS
20100223 20100526 -6.5496e-05 6.6678e-10 ALOS
20100410 20100711 -6.8882e-05 6.6716e-10 ALOS
20100509 20100624 0.00068853 7.7344e-10 ALOS
20100526 20100711 0.00061153 7.7549e-10 ALOS
20100624 20101109 0.00012264 5.8401e-10 ALOS
20100711 20101011 0.00037803 6.6619e-10 ALOS
20100809 20101109 5.8852e-05 6.636e-10 ALOS
20101011 20101126 4.3476e-05 7.7549e-10 ALOS
20110111 20110226 0.00083121 7.7547e-10 ALOS
20110924 20130715 9.9623e-05 3.2457e-10 TSX
20111005 20121229 -0.00013354 3.7528e-10 TSX
20111121 20171221 1.2004e-05 3.999e-10 TSX
20111221 20130131 4.6606e-05 3.8544e-10 TSX
20111224 20121027 -3.96e-05 4.1942e-10 TSX
20120126 20140419 -8.4895e-05 3.0371e-10 TSX
20120203 20160320 -3.4368e-05 3.2647e-10 TSX
20120206 20171107 2.0708e-05 4.1789e-10 TSX
20120617 20171129 3.0374e-05 4.1549e-10 TSX
20120723 20160120 6.937e-06 4.6658e-10 TSX
20121024 20130109 2.4584e-05 7.0169e-10 TSX
20121027 20151226 -4.3205e-05 3.5534e-10 TSX
20121030 20130311 3.0706e-05 5.8466e-10 TSX
20121107 20171118 -1.6962e-05 3.714e-10 TSX
20121221 20160208 -1.6526e-05 3.7936e-10 TSX
20121224 20130516 -4.8486e-05 5.685e-10 TSX
20121229 20130407 0.00022864 6.5615e-10 TSX
20130104 20130217 0.00015935 7.733e-10 TSX
20130109 20130715 0.00027515 5.3029e-10 TSX
20130112 20140511 -8.5042e-05 3.5756e-10 TSX
20130115 20130721 -5.7177e-05 5.138e-10 TSX
20130126 20130823 2.6792e-05 5.3874e-10 TSX
20130131 20130429 -5.2344e-05 6.7806e-10 TSX
20130203 20130729 -5.3966e-05 5.2316e-10 TSX
20130211 20130919 0.00013093 4.961e-10 TSX
20130228 20141209 2.6671e-05 3.3298e-10 TSX
20130311 20130801 5.6702e-05 5.6843e-10 TSX
20130316 20130623 0.0001782 6.5615e-10 TSX
20130402 20150122 0.00020037 3.5604e-10 TSX
20130407 20140530 5.1687e-05 3.825e-10 TSX
20130421 20171016 -3.6814e-06 4.145e-10 TSX
20130424 20130721 -0.00015876 6.64e-10 TSX
20130429 20130623 3.8707e-05 7.5437e-10 TSX
20130505 20131028 -0.00046331 5.864e-10 TSX
20130513 20151112 -5.3488e-05 3.9023e-10 TSX
20130516 20131017 -0.00030639 5.8262e-10 TSX
20130521 20130715 0.00033235 7.5439e-10 TSX
20130524 20171129 -1.22e-05 3.8976e-10 TSX
20130527 20140627 7.3668e-05 3.8371e-10 TSX
20130601 20130930 0.00021669 6.1701e-10 TSX
20130604 20141217 -2.4328e-05 3.5113e-10 TSX
20130607 20140719 8.3434e-05 3.8121e-10 TSX
20130612 20150105 1.6197e-05 3.7083e-10 TSX
20130615 20160106 -4.6211e-05 3.4588e-10 TSX
20130618 20140708 3.4032e-05 3.8816e-10 TSX
20130623 20130715 0.00069977 8.6245e-10 TSX
20130629 20130914 0.00034593 7.0609e-10 TSX
20130707 20150130 -3.6637e-05 3.4975e-10 TSX
20130710 20140901 5.8161e-05 3.7808e-10 TSX
20130715 20130726 -0.0024437 1.0117e-09 TSX
20130721 20131108 0.00080955 6.4347e-10 TSX
20130726 20150517 4.4773e-05 3.6209e-10 TSX
20130729 20160904 -5.3058e-05 3.8192e-10 TSX
20130801 20151115 8.37e-05 3.1163e-10 TSX
20130817 20140209 4.3805e-05 5.4098e-10 TSX
20130828 20150312 5.314e-06 3.5813e-10 TSX
20130903 20150329 5.6602e-05 3.7534e-10 TSX
20130919 20160309 7.8865e-05 3.2737e-10 TSX
20130925 20140708 7.6014e-05 4.6276e-10 TSX
20130930 20160411 7.5351e-05 3.6834e-10 TSX
20131011 20150802 8.9545e-06 3.6405e-10 TSX
20131017 20140719 4.3518e-05 4.4718e-10 TSX
20131028 20160304 -7.2685e-05 3.2159e-10 TSX
20131102 20140519 -0.00013849 5.1713e-10 TSX
20131108 20140708 0.00011738 5.4191e-10 TSX
20140209 20160309 4.8085e-05 3.4787e-10 TSX
20140223 20140829 3.4031e-05 5.1112e-10 TSX
20140408 20140705 -5.5787e-05 6.6138e-10 TSX
20140419 20170913 1.3275e-06 3.9411e-10 TSX
20140511 20141228 3.2729e-05 4.7044e-10 TSX
20140519 20150824 0.00014872 3.7534e-10 TSX
20140624 20171005 5.5113e-05 3.2879e-10 TSX
20140627 20151115 -4.6985e-05 3.6182e-10 TSX
20140705 20180911 -2.1369e-05 3.9165e-10 TSX
20140708 20160406 5.9068e-06 3.5705e-10 TSX
20140716 20171005 -4.5875e-05 3.4409e-10 TSX
20140719 20151207 -7.4739e-05 3.8931e-10 TSX
20140727 20150326 -5.9725e-05 4.6231e-10 TSX
20140810 20150122 -0.00012793 5.7631e-10 TSX
20140818 20160301 -1.5364e-05 3.723e-10 TSX
20140829 20160208 -3.9521e-05 4.1609e-10 TSX
20140901 20140912 -0.00031734 9.6817e-10 TSX
20140912 20141209 -0.00010738 6.6414e-10 TSX
20140920 20170902 -3.6596e-05 3.5571e-10 TSX
20141209 20160211 -3.2979e-05 4.4364e-10 TSX
20141217 20160722 -4.8219e-05 3.482e-10 TSX
20141228 20160106 -5.6922e-05 4.163e-10 TSX
20141231 20151024 9.6734e-05 4.4478e-10 TSX
20150105 20150824 4.6542e-05 4.9739e-10 TSX
20150108 20170811 2.145e-05 3.6145e-10 TSX
20150119 20160117 -1.8824e-05 3.9855e-10 TSX
20150127 20160411 6.0312e-05 4.1248e-10 TSX
20150130 20151112 -8.2154e-05 4.5062e-10 TSX
20150210 20170114 -3.2768e-05 3.8164e-10 TSX
20150213 20160326 0.00030743 4.7821e-10 TSX
20150218 20160216 2.7912e-05 4.3817e-10 TSX
20150221 20180112 6.8856e-05 4.3684e-10 TSX
20150304 20180911 -1.8188e-05 4.1378e-10 TSX
20150307 20160211 5.1023e-06 4.2589e-10 TSX
20150312 20160320 6.0175e-05 4.4897e-10 TSX
20150326 20150827 1.7992e-05 5.5101e-10 TSX
20150329 20151207 -1.166e-06 4.63e-10 TSX
20150428 20160425 -7.4818e-05 4.1109e-10 TSX
20150509 20150827 6.2816e-05 6.1961e-10 TSX
20150517 20150824 0.00015029 6.568e-10 TSX
20150520 20180911 -3.7955e-05 3.6845e-10 TSX
20150714 20170822 7.6352e-06 3.8556e-10 TSX
20150725 20170924 -9.3633e-06 3.7372e-10 TSX
20150802 20160309 -0.00012154 5.0973e-10 TSX
20150805 20160403 -6.0869e-05 4.9598e-10 TSX
20150816 20171107 -5.7758e-05 3.5144e-10 TSX
20150824 20150915 0.00083224 8.6236e-10 TSX
20150827 20170902 -5.4414e-05 3.6591e-10 TSX
20150915 20160216 -0.00030423 5.7069e-10 TSX
20151021 20160904 -0.00012199 4.4621e-10 TSX
20151101 20171016 -6.1293e-05 3.8229e-10 TSX
20151112 20160425 -6.8927e-05 5.3894e-10 TSX
20151115 20151229 0.00010423 7.733e-10 TSX
20151123 20171221 4.0046e-05 3.8329e-10 TSX
20151204 20151215 0.00015282 9.7841e-10 TSX
20151207 20160406 -7.7584e-05 6.034e-10 TSX
20151215 20170822 -1.0029e-05 3.7459e-10 TSX
20151226 20161223 -2.834e-05 4.2229e-10 TSX
20151229 20160211 -4.2281e-05 7.733e-10 TSX
20160106 20161223 -2.238e-06 4.1047e-10 TSX
20160117 20160926 -3.4997e-05 4.8113e-10 TSX
20160128 20160301 -0.00011824 8.0679e-10 TSX
20160208 20160312 -0.00015118 8.0679e-10 TSX
20160216 20160309 -0.00040321 8.6236e-10 TSX
20160219 20180319 -6.1826e-05 3.6841e-10 TSX
20160301 20161201 -4.6027e-05 4.438e-10 TSX
20160304 20160326 8.4813e-05 8.4891e-10 TSX
20160312 20180319 -4.7082e-05 3.7244e-10 TSX
20160320 20160411 0.00036594 8.6238e-10 TSX
20160323 20171118 -3.6561e-05 3.4449e-10 TSX
20160326 20160406 -0.00053195 9.681e-10 TSX
20160403 20171027 -1.908e-05 4.1328e-10 TSX
20160425 20170811 2.2322e-07 3.6538e-10 TSX
20160528 20160630 1.5459e-05 8.0679e-10 TSX
20160630 20171118 -2.8625e-05 3.5134e-10 TSX
20160722 20161201 5.8927e-05 5.8139e-10 TSX
20160904 20180707 -9.9955e-05 3.3861e-10 TSX
20160915 20180911 -0.00011319 3.2669e-10 TSX
20160926 20170114 -1.6364e-05 6.1806e-10 TSX
20161201 20171027 -2.1719e-05 4.2331e-10 TSX
20161223 20171107 -6.2043e-05 4.2792e-10 TSX
20170114 20170902 -1.0403e-05 4.7956e-10 TSX
20170811 20171005 -6.0274e-05 7.4144e-10 TSX
20170822 20180707 -0.00020481 4.1364e-10 TSX
20170913 20180707 -0.00025165 4.3014e-10 TSX
20170924 20180319 3.7908e-05 5.2335e-10 TSX
20171005 20171107 7.071e-05 8.0679e-10 TSX
20171016 20180319 6.2047e-05 5.5014e-10 TSX
20171027 20180911 -0.00019473 4.1354e-10 TSX
20171107 20171118 8.4872e-05 9.7841e-10 TSX
20171118 20171129 3.3813e-05 9.7841e-10 TSX
20171129 20171221 -5.4226e-05 8.5107e-10 TSX
20171210 20180820 -0.00025979 4.5348e-10 TSX
20171221 20180911 -0.00018026 4.4577e-10 TSX
20180112 20181003 -6.5991e-05 4.4645e-10 TSX
20180319 20180707 -0.00054555 6.1806e-10 TSX
20180707 20180911 0.00016358 7.1261e-10 TSX
20180729 20181003 0.00017532 7.1261e-10 TSX
20180820 20181003 0.00031427 7.7254e-10 TSX
20180911 20181003 -6.8108e-05 8.5107e-10 TSX
