20030427 20030914 -0.00018683 5.6805e-10 ERS2
20030914 20080629 -0.00013204 2.9205e-10 ERS2
20050918 20090510 -1.8262e-05 2.9923e-10 ERS2
20051127 20081116 0.00013443 3.1072e-10 ERS2
20060903 20090510 -2.0219e-05 3.1677e-10 ERS2
20061231 20090105 -1.4338e-05 3.1285e-10 ALOS
20070402 20070703 -6.3956e-05 6.6866e-10 ALOS
20070518 20091008 -2.6622e-05 2.9853e-10 ALOS
20070818 20071003 -0.00049818 7.7941e-10 ALOS
20071217 20100509 -4.1382e-05 3.0081e-10 ALOS
20080103 20100526 -3.6251e-05 2.9766e-10 ALOS
20080404 20080520 5.0773e-06 7.7942e-10 ALOS
20080618 20090921 -3.7728e-05 3.728e-10 ALOS
20080629 20090510 -8.5036e-05 4.1256e-10 ERS2
20080705 20091008 -0.00013572 3.647e-10 ALOS
20080803 20090823 -1.0758e-05 3.8361e-10 ERS2
20081116 20090823 -2.1852e-05 4.3239e-10 ERS2
20081219 20090921 -0.00012736 4.4618e-10 ALOS
20090105 20090708 1.5568e-05 5.2874e-10 ALOS
20090510 20091101 0.00051851 5.2105e-10 ERS2
20090708 20091008 -6.0067e-05 6.6866e-10 ALOS
20090823 20091101 0.00056941 7.0261e-10 ERS2
20091222 20100624 -1.1845e-05 5.2586e-10 ALOS
20100108 20100223 -2.332e-05 7.7944e-10 ALOS
20100223 20100526 -0.00014563 6.6863e-10 ALOS
20100410 20100711 -0.00015837 6.6866e-10 ALOS
20100509 20100624 0.00078481 7.7713e-10 ALOS
20100526 20100711 0.00037889 7.7942e-10 ALOS
20100624 20101109 -0.00010107 5.8498e-10 ALOS
20100711 20101011 -0.00028607 6.6868e-10 ALOS
20100809 20101109 -6.4874e-06 6.6565e-10 ALOS
20101011 20101126 0.00023556 7.7942e-10 ALOS
20110111 20110226 0.00055126 7.794e-10 ALOS
20110924 20130715 1.383e-05 3.2288e-10 TSX
20111005 20121229 1.3732e-05 3.6849e-10 TSX
20111121 20171221 -1.4263e-05 2.7135e-10 TSX
20111221 20130131 3.0228e-05 3.8535e-10 TSX
20111224 20121027 -1.6654e-05 4.1989e-10 TSX
20120126 20140419 6.683e-06 2.9327e-10 TSX
20120203 20160320 -3.36e-06 2.4345e-10 TSX
20120206 20171107 4.3273e-06 2.632e-10 TSX
20120617 20171129 -1.1788e-05 2.7066e-10 TSX
20120723 20160120 -1.8577e-05 2.5994e-10 TSX
20121024 20130109 0.00012037 7.0508e-10 TSX
20121027 20151226 -1.5586e-05 2.6945e-10 TSX
20121030 20130311 2.5068e-05 5.8519e-10 TSX
20121107 20171118 -1.228e-05 2.6269e-10 TSX
20121221 20160208 2.5468e-06 2.7326e-10 TSX
20121224 20130516 -4.3724e-05 5.6893e-10 TSX
20121229 20130407 4.1057e-05 6.5869e-10 TSX
20130104 20130217 -1.991e-05 7.7643e-10 TSX
20130109 20130715 2.3866e-05 5.2933e-10 TSX
20130112 20140511 1.202e-05 3.5582e-10 TSX
20130115 20130721 -0.00011949 5.1423e-10 TSX
20130126 20130823 -0.00019411 4.9263e-10 TSX
20130131 20130429 -3.5279e-06 6.8101e-10 TSX
20130203 20130729 -4.4049e-06 5.2404e-10 TSX
20130211 20130919 -4.4243e-05 4.9645e-10 TSX
20130228 20141209 1.6238e-05 3.1218e-10 TSX
20130311 20130801 -3.7111e-05 5.6889e-10 TSX
20130316 20130623 2.8781e-05 6.587e-10 TSX
20130402 20150122 4.9681e-05 3.1284e-10 TSX
20130407 20140530 1.3816e-05 3.8077e-10 TSX
20130421 20171016 3.7089e-06 2.7074e-10 TSX
20130424 20130721 -0.00022096 6.6547e-10 TSX
20130429 20130623 -0.00013424 7.5853e-10 TSX
20130505 20131028 -0.00053478 5.287e-10 TSX
20130513 20151112 1.7937e-05 2.8132e-10 TSX
20130516 20131017 -0.00026212 5.5575e-10 TSX
20130521 20130715 0.00015089 7.5856e-10 TSX
20130524 20171129 -2.6024e-06 2.6789e-10 TSX
20130527 20140627 2.278e-05 3.839e-10 TSX
20130601 20130930 2.5166e-05 6.1889e-10 TSX
20130604 20141217 -3.0485e-06 3.4009e-10 TSX
20130607 20140719 -9.0595e-07 3.7986e-10 TSX
20130612 20150105 4.2604e-05 3.3738e-10 TSX
20130615 20160106 1.3709e-05 2.7902e-10 TSX
20130618 20140708 -2.9561e-05 3.8824e-10 TSX
20130623 20130715 0.00058254 8.6652e-10 TSX
20130629 20130914 0.00025882 6.9014e-10 TSX
20130707 20150130 -4.1672e-06 3.3916e-10 TSX
20130710 20140901 -1.1295e-05 3.7675e-10 TSX
20130715 20130726 -0.0023866 1.0155e-09 TSX
20130721 20131108 0.00076676 6.2197e-10 TSX
20130726 20150517 0.000106 3.217e-10 TSX
20130729 20160904 -1.7869e-05 2.7395e-10 TSX
20130801 20151115 2.0398e-05 2.8503e-10 TSX
20130817 20140209 3.4925e-05 5.4188e-10 TSX
20130828 20150312 6.6604e-07 3.3968e-10 TSX
20130903 20150329 -0.00011523 3.1349e-10 TSX
20130919 20160309 4.3483e-05 2.7371e-10 TSX
20130925 20140708 1.5484e-05 4.3141e-10 TSX
20130930 20160411 3.863e-05 2.7077e-10 TSX
20131011 20150802 2.1092e-05 3.1928e-10 TSX
20131017 20140719 -4.9572e-05 4.3888e-10 TSX
20131028 20160304 1.1505e-05 2.9202e-10 TSX
20131102 20140519 -3.3307e-05 5.178e-10 TSX
20131108 20140708 -2.3738e-05 4.6302e-10 TSX
20140209 20160309 2.1548e-05 3.0478e-10 TSX
20140223 20140829 -8.6664e-06 5.1187e-10 TSX
20140408 20140705 -5.6929e-06 6.6539e-10 TSX
20140419 20170913 -1.5901e-05 2.6465e-10 TSX
20140511 20141228 5.403e-07 4.7059e-10 TSX
20140519 20150824 3.6239e-05 3.6423e-10 TSX
20140624 20171005 -2.9827e-05 2.7633e-10 TSX
20140627 20151115 -2.9283e-05 3.3949e-10 TSX
20140705 20180911 3.8364e-06 2.6777e-10 TSX
20140708 20160406 3.2939e-05 3.1113e-10 TSX
20140716 20171005 -6.2937e-06 2.7463e-10 TSX
20140719 20151207 2.3896e-05 3.3984e-10 TSX
20140727 20150326 -1.3187e-06 4.6204e-10 TSX
20140810 20150122 -1.8e-05 5.3953e-10 TSX
20140818 20160301 8.466e-06 3.2631e-10 TSX
20140829 20160208 1.9457e-05 3.3149e-10 TSX
20140901 20140912 -0.00030374 9.7123e-10 TSX
20140912 20141209 0.00013056 6.6547e-10 TSX
20140920 20170902 5.5706e-06 2.7607e-10 TSX
20141209 20160211 -6.3741e-06 3.6359e-10 TSX
20141217 20160722 1.3634e-06 3.222e-10 TSX
20141228 20160106 2.3491e-05 3.8227e-10 TSX
20141231 20151024 -2.5262e-05 4.2504e-10 TSX
20150105 20150824 1.4838e-05 4.8657e-10 TSX
20150108 20170811 -2.3151e-05 2.8428e-10 TSX
20150119 20160117 3.668e-05 3.8734e-10 TSX
20150127 20160411 6.5918e-05 3.7085e-10 TSX
20150130 20151112 1.2625e-05 4.2883e-10 TSX
20150210 20170114 8.6735e-06 3.0413e-10 TSX
20150213 20160326 -7.7608e-05 3.7378e-10 TSX
20150218 20160216 1.6679e-05 4.0278e-10 TSX
20150221 20180112 -1.7206e-05 2.745e-10 TSX
20150304 20180911 6.895e-07 2.7837e-10 TSX
20150307 20160211 2.9401e-05 4.0083e-10 TSX
20150312 20160320 3.1299e-05 3.9773e-10 TSX
20150326 20150827 -1.4792e-05 5.5094e-10 TSX
20150329 20151207 5.3625e-06 4.5493e-10 TSX
20150428 20160425 2.5112e-05 3.8729e-10 TSX
20150509 20150827 -4.3251e-05 6.2065e-10 TSX
20150517 20150824 -0.00013097 6.587e-10 TSX
20150520 20180911 1.1233e-06 2.791e-10 TSX
20150714 20170822 -1.2073e-05 2.9281e-10 TSX
20150725 20170924 -6.715e-06 2.9081e-10 TSX
20150802 20160309 2.6923e-05 4.9644e-10 TSX
20150805 20160403 3.1287e-05 4.6162e-10 TSX
20150816 20171107 -1.2555e-05 2.9056e-10 TSX
20150824 20150915 0.00065597 8.6642e-10 TSX
20150827 20170902 8.3351e-06 2.9828e-10 TSX
20150915 20160216 -6.339e-05 5.694e-10 TSX
20151021 20160904 1.0187e-05 4.128e-10 TSX
20151101 20171016 5.1216e-07 3.0229e-10 TSX
20151112 20160425 2.2264e-05 5.3719e-10 TSX
20151115 20151229 0.0001638 7.7643e-10 TSX
20151123 20171221 -1.2383e-05 2.9454e-10 TSX
20151204 20151215 0.00012057 9.8372e-10 TSX
20151207 20160406 -4.794e-05 6.0283e-10 TSX
20151215 20170822 5.9162e-06 3.1502e-10 TSX
20151226 20161223 -2.909e-05 3.9413e-10 TSX
20151229 20160211 2.0307e-05 7.7643e-10 TSX
20160106 20161223 -2.5874e-05 3.9884e-10 TSX
20160117 20160926 -2.0848e-05 4.5347e-10 TSX
20160128 20160301 -0.00015222 8.1323e-10 TSX
20160208 20160312 -8.6143e-05 8.1323e-10 TSX
20160216 20160309 -0.0004149 8.6642e-10 TSX
20160219 20180319 -2.7179e-06 2.9751e-10 TSX
20160301 20161201 7.9769e-06 4.3906e-10 TSX
20160304 20160326 4.2741e-05 8.5218e-10 TSX
20160312 20180319 -3.6692e-06 2.9863e-10 TSX
20160320 20160411 0.00040207 8.6642e-10 TSX
20160323 20171118 3.5979e-06 3.1909e-10 TSX
20160326 20160406 -0.0005566 9.7116e-10 TSX
20160403 20171027 -4.4798e-06 3.2461e-10 TSX
20160425 20170811 -1.4321e-05 3.4741e-10 TSX
20160528 20160630 -1.4153e-05 8.1323e-10 TSX
20160630 20171118 -4.779e-06 3.422e-10 TSX
20160722 20161201 3.4794e-05 5.833e-10 TSX
20160904 20180707 2.8751e-05 3.2575e-10 TSX
20160915 20180911 2.6033e-05 3.0297e-10 TSX
20160926 20170114 6.8754e-05 6.2077e-10 TSX
20161201 20171027 -1.8184e-05 4.0779e-10 TSX
20161223 20171107 1.2629e-05 4.0928e-10 TSX
20170114 20170902 -1.181e-05 4.7023e-10 TSX
20170811 20171005 -3.5736e-05 7.4758e-10 TSX
20170822 20180707 6.791e-05 4.1444e-10 TSX
20170913 20180707 3.9427e-05 4.2559e-10 TSX
20170924 20180319 6.3433e-05 5.2415e-10 TSX
20171005 20171107 2.06e-05 8.1323e-10 TSX
20171016 20180319 5.5506e-05 5.5142e-10 TSX
20171027 20180911 5.9406e-05 4.1442e-10 TSX
20171107 20171118 7.0588e-05 9.8372e-10 TSX
20171118 20171129 5.5475e-05 9.8372e-10 TSX
20171129 20171221 -2.0991e-05 8.5702e-10 TSX
20171210 20180820 5.0388e-05 4.5394e-10 TSX
20171221 20180911 7.1812e-05 4.4616e-10 TSX
20180112 20181003 7.8893e-05 4.4618e-10 TSX
20180319 20180707 1.9699e-05 6.2078e-10 TSX
20180707 20180911 0.0001197 7.1812e-10 TSX
20180729 20181003 -3.9153e-05 7.1812e-10 TSX
20180820 20181003 0.00012072 7.7904e-10 TSX
20180911 20181003 -0.0001658 8.5702e-10 TSX
