20030427 20030914 0.00075596 5.7983e-10 ERS2
20030914 20080629 -4.4898e-05 2.9003e-10 ERS2
20050918 20090510 -6.9916e-06 3.0802e-10 ERS2
20051127 20081116 -3.3499e-05 3.1143e-10 ERS2
20060903 20090510 0.00021342 3.2254e-10 ERS2
20061231 20090105 -5.7975e-06 3.1065e-10 ALOS
20070402 20070703 1.1624e-05 6.7332e-10 ALOS
20070518 20091008 -1.3174e-05 2.9469e-10 ALOS
20070818 20071003 -0.0004133 7.8414e-10 ALOS
20071217 20100509 -3.869e-05 2.9777e-10 ALOS
20080103 20100526 -4.7594e-05 2.9384e-10 ALOS
20080404 20080520 -3.1617e-05 7.8413e-10 ALOS
20080618 20090921 -7.5628e-05 3.7302e-10 ALOS
20080629 20090510 -0.00047815 4.1612e-10 ERS2
20080705 20091008 -2.3346e-05 3.645e-10 ALOS
20080803 20090823 2.8177e-05 3.8734e-10 ERS2
20081116 20090823 2.5423e-05 4.3525e-10 ERS2
20081219 20090921 0.00034083 4.4739e-10 ALOS
20090105 20090708 0.00012327 5.3094e-10 ALOS
20090510 20091101 0.00015263 5.2632e-10 ERS2
20090708 20091008 0.00065467 6.7332e-10 ALOS
20090823 20091101 0.0012285 7.1163e-10 ERS2
20091222 20100624 0.00070452 5.2785e-10 ALOS
20100108 20100223 0.00065979 7.8419e-10 ALOS
20100223 20100526 -0.00011294 6.7332e-10 ALOS
20100410 20100711 -0.000108 6.7334e-10 ALOS
20100509 20100624 0.00080886 7.8178e-10 ALOS
20100526 20100711 0.00054673 7.8416e-10 ALOS
20100624 20101109 0.00013625 5.8789e-10 ALOS
20100711 20101011 0.00024498 6.7335e-10 ALOS
20100809 20101109 -4.4877e-05 6.7008e-10 ALOS
20101011 20101126 0.00025458 7.8416e-10 ALOS
20110111 20110226 0.00098512 7.8415e-10 ALOS
20110924 20130715 1.1946e-05 3.215e-10 TSX
20111005 20121229 -3.1197e-05 3.6829e-10 TSX
20111121 20171221 -1.8173e-05 2.7858e-10 TSX
20111221 20130131 -5.6426e-06 3.8542e-10 TSX
20111224 20121027 -2.1839e-05 4.2308e-10 TSX
20120126 20140419 -1.5081e-05 2.9666e-10 TSX
20120203 20160320 -4.6483e-06 2.4072e-10 TSX
20120206 20171107 -6.128e-06 2.8848e-10 TSX
20120617 20171129 -2.3557e-05 2.738e-10 TSX
20120723 20160120 3.8193e-06 2.6629e-10 TSX
20121024 20130109 -4.4447e-05 7.1034e-10 TSX
20121027 20151226 -8.2399e-06 2.7498e-10 TSX
20121030 20130311 -8.972e-06 5.8771e-10 TSX
20121107 20171118 -1.5733e-05 2.8307e-10 TSX
20121221 20160208 -2.6003e-06 2.8661e-10 TSX
20121224 20130516 5.3012e-05 5.711e-10 TSX
20121229 20130407 7.6341e-05 6.6353e-10 TSX
20130104 20130217 7.602e-05 7.8092e-10 TSX
20130109 20130715 0.00013521 5.3195e-10 TSX
20130112 20140511 2.9608e-05 3.5841e-10 TSX
20130115 20130721 -1.3065e-05 5.1554e-10 TSX
20130126 20130823 -0.00019668 4.927e-10 TSX
20130131 20130429 3.598e-05 6.861e-10 TSX
20130203 20130729 3.3893e-05 5.3004e-10 TSX
20130211 20130919 4.2825e-05 4.985e-10 TSX
20130228 20141209 8.8387e-06 3.1152e-10 TSX
20130311 20130801 -4.54e-05 5.7107e-10 TSX
20130316 20130623 -1.7698e-05 6.6353e-10 TSX
20130402 20150122 2.3518e-05 2.911e-10 TSX
20130407 20140530 1.4327e-05 3.8062e-10 TSX
20130421 20171016 -5.2116e-06 2.8644e-10 TSX
20130424 20130721 -0.00012866 6.6961e-10 TSX
20130429 20130623 -0.00016104 7.637e-10 TSX
20130505 20131028 -0.00051787 5.2761e-10 TSX
20130513 20151112 -6.1821e-06 2.847e-10 TSX
20130516 20131017 -0.00024437 5.5542e-10 TSX
20130521 20130715 0.0002086 7.6373e-10 TSX
20130524 20171129 4.5566e-06 2.8956e-10 TSX
20130527 20140627 -3.0046e-05 3.8465e-10 TSX
20130601 20130930 7.5636e-05 6.231e-10 TSX
20130604 20141217 -6.3925e-06 3.4301e-10 TSX
20130607 20140719 5.7142e-06 3.8075e-10 TSX
20130612 20150105 3.1282e-05 3.3692e-10 TSX
20130615 20160106 1.2386e-06 2.8184e-10 TSX
20130618 20140708 -6.7278e-06 3.8909e-10 TSX
20130623 20130715 0.00068054 8.6994e-10 TSX
20130629 20130914 0.00013132 6.9462e-10 TSX
20130707 20150130 -1.7355e-05 3.4321e-10 TSX
20130710 20140901 2.5155e-05 3.7753e-10 TSX
20130715 20130726 -0.0023415 1.0182e-09 TSX
20130721 20131108 0.00072147 6.2523e-10 TSX
20130726 20150517 -3.4305e-05 3.1941e-10 TSX
20130729 20160904 -9.9683e-07 2.8309e-10 TSX
20130801 20151115 2.4436e-05 2.8402e-10 TSX
20130817 20140209 -4.6801e-05 5.4468e-10 TSX
20130828 20150312 6.5503e-06 3.3905e-10 TSX
20130903 20150329 -8.8574e-05 3.1137e-10 TSX
20130919 20160309 1.5175e-05 2.7307e-10 TSX
20130925 20140708 -1.1824e-05 4.3215e-10 TSX
20130930 20160411 -6.095e-06 2.6985e-10 TSX
20131011 20150802 2.9011e-05 3.1798e-10 TSX
20131017 20140719 -6.0157e-05 4.396e-10 TSX
20131028 20160304 -1.654e-06 2.6538e-10 TSX
20131102 20140519 3.7743e-05 5.2018e-10 TSX
20131108 20140708 -3.9287e-06 4.6393e-10 TSX
20140209 20160309 2.6229e-06 3.0236e-10 TSX
20140223 20140829 1.2712e-05 5.1736e-10 TSX
20140408 20140705 -1.3692e-05 6.7599e-10 TSX
20140419 20170913 -5.8968e-06 2.9024e-10 TSX
20140511 20141228 -8.6097e-06 4.7465e-10 TSX
20140519 20150824 1.9469e-05 3.6365e-10 TSX
20140624 20171005 -2.0403e-05 2.9033e-10 TSX
20140627 20151115 3.2265e-05 3.3925e-10 TSX
20140705 20180911 -9.1489e-07 2.9432e-10 TSX
20140708 20160406 2.3823e-05 3.178e-10 TSX
20140716 20171005 -1.3213e-05 2.8834e-10 TSX
20140719 20151207 3.3428e-05 3.3963e-10 TSX
20140727 20150326 -2.9766e-05 4.6589e-10 TSX
20140810 20150122 -3.502e-05 5.412e-10 TSX
20140818 20160301 -7.903e-06 3.2987e-10 TSX
20140829 20160208 -1.2018e-05 3.3665e-10 TSX
20140901 20140912 -0.00027721 9.7382e-10 TSX
20140912 20141209 -3.0596e-06 6.6961e-10 TSX
20140920 20170902 1.2701e-05 2.8061e-10 TSX
20141209 20160211 -1.0581e-05 3.6724e-10 TSX
20141217 20160722 4.6363e-06 3.2626e-10 TSX
20141228 20160106 -1.887e-06 3.8479e-10 TSX
20141231 20151024 8.3571e-06 4.2559e-10 TSX
20150105 20150824 4.1679e-06 4.885e-10 TSX
20150108 20170811 -6.4865e-06 3.0539e-10 TSX
20150119 20160117 1.8706e-05 3.8977e-10 TSX
20150127 20160411 2.4742e-05 3.7086e-10 TSX
20150130 20151112 1.5543e-05 4.3121e-10 TSX
20150210 20170114 7.0164e-06 3.1486e-10 TSX
20150213 20160326 -4.3553e-05 3.7205e-10 TSX
20150218 20160216 5.4888e-06 4.032e-10 TSX
20150221 20180112 -6.4392e-06 2.9303e-10 TSX
20150304 20180911 -4.4881e-06 2.937e-10 TSX
20150307 20160211 1.3619e-05 4.0185e-10 TSX
20150312 20160320 3.1621e-05 3.9802e-10 TSX
20150326 20150827 2.4053e-05 5.578e-10 TSX
20150329 20151207 2.3202e-05 4.5572e-10 TSX
20150428 20160425 6.271e-07 3.913e-10 TSX
20150509 20150827 1.3713e-05 6.3018e-10 TSX
20150517 20150824 3.1924e-06 6.6353e-10 TSX
20150520 20180911 1.7231e-05 3.0558e-10 TSX
20150714 20170822 -1.6399e-05 3.0602e-10 TSX
20150725 20170924 1.4748e-05 3.0051e-10 TSX
20150802 20160309 -3.1692e-05 4.985e-10 TSX
20150805 20160403 -6.2114e-05 4.6535e-10 TSX
20150816 20171107 -1.3057e-05 3.0445e-10 TSX
20150824 20150915 0.00066121 8.6983e-10 TSX
20150827 20170902 -9.0568e-06 3.112e-10 TSX
20150915 20160216 -0.00011665 5.7268e-10 TSX
20151021 20160904 -1.0715e-05 4.1607e-10 TSX
20151101 20171016 -4.4805e-06 3.1575e-10 TSX
20151112 20160425 -3.0452e-05 5.4379e-10 TSX
20151115 20151229 0.00013016 7.8092e-10 TSX
20151123 20171221 -4.9579e-06 3.1283e-10 TSX
20151204 20151215 0.00014065 9.8735e-10 TSX
20151207 20160406 -0.00013615 6.0573e-10 TSX
20151215 20170822 -1.1058e-05 3.2285e-10 TSX
20151226 20161223 -1.7035e-05 3.9739e-10 TSX
20151229 20160211 5.1435e-05 7.8092e-10 TSX
20160106 20161223 4.306e-07 4.0201e-10 TSX
20160117 20160926 6.3062e-07 4.5699e-10 TSX
20160128 20160301 -0.00016137 8.2025e-10 TSX
20160208 20160312 -7.8398e-05 8.2025e-10 TSX
20160216 20160309 -0.00040231 8.6983e-10 TSX
20160219 20180319 -1.0503e-06 3.0562e-10 TSX
20160301 20161201 6.3452e-06 4.4251e-10 TSX
20160304 20160326 -9.2242e-07 8.5545e-10 TSX
20160312 20180319 -6.6725e-06 3.1142e-10 TSX
20160320 20160411 0.00034455 8.6984e-10 TSX
20160323 20171118 -1.8316e-05 3.2217e-10 TSX
20160326 20160406 -0.00049329 9.7378e-10 TSX
20160403 20171027 -1.0889e-06 3.2856e-10 TSX
20160425 20170811 -7.3391e-06 3.5448e-10 TSX
20160528 20160630 -6.3761e-06 8.2025e-10 TSX
20160630 20171118 -1.3498e-05 3.4369e-10 TSX
20160722 20161201 -7.8798e-06 5.9203e-10 TSX
20160904 20180707 5.5992e-06 3.2959e-10 TSX
20160915 20180911 1.6016e-05 3.0506e-10 TSX
20160926 20170114 1.3175e-05 6.3103e-10 TSX
20161201 20171027 -1.1989e-05 4.1212e-10 TSX
20161223 20171107 -1.688e-05 4.1328e-10 TSX
20170114 20170902 1.7834e-06 4.7341e-10 TSX
20170811 20171005 -2.042e-05 7.5739e-10 TSX
20170822 20180707 6.5016e-05 4.1736e-10 TSX
20170913 20180707 3.2217e-05 4.2872e-10 TSX
20170924 20180319 3.129e-05 5.3015e-10 TSX
20171005 20171107 2.4698e-05 8.2025e-10 TSX
20171016 20180319 3.358e-05 5.5871e-10 TSX
20171027 20180911 2.8018e-05 4.1735e-10 TSX
20171107 20171118 7.2484e-05 9.8735e-10 TSX
20171118 20171129 5.6265e-05 9.8735e-10 TSX
20171129 20171221 -5.4404e-06 8.622e-10 TSX
20171210 20180820 3.1801e-05 4.5756e-10 TSX
20171221 20180911 -2.3329e-05 4.4931e-10 TSX
20180112 20181003 2.5726e-05 4.4961e-10 TSX
20180319 20180707 9.1743e-06 6.3106e-10 TSX
20180707 20180911 0.00017839 7.286e-10 TSX
20180729 20181003 -3.6502e-06 7.286e-10 TSX
20180820 20181003 0.00012557 7.8769e-10 TSX
20180911 20181003 -0.00020587 8.622e-10 TSX
