20030427 20030914 0.00069669 5.6497e-10 ERS2
20030914 20080629 -6.968e-05 2.9321e-10 ERS2
20050918 20090510 1.1468e-05 3.0148e-10 ERS2
20051127 20081116 0.0002313 3.2206e-10 ERS2
20060903 20090510 -0.00010814 3.1662e-10 ERS2
20061231 20090105 -4.3825e-05 3.1492e-10 ALOS
20070402 20070703 -8.3637e-05 6.6781e-10 ALOS
20070518 20091008 -0.00017162 3.0684e-10 ALOS
20070818 20071003 -0.00032989 7.7883e-10 ALOS
20071217 20100509 -4.5262e-05 3.0445e-10 ALOS
20080103 20100526 -3.1763e-06 3.1958e-10 ALOS
20080404 20080520 7.2128e-05 7.7892e-10 ALOS
20080618 20090921 -9.3217e-05 3.7266e-10 ALOS
20080629 20090510 -0.00055767 4.2646e-10 ERS2
20080705 20091008 4.6885e-05 3.6519e-10 ALOS
20080803 20090823 -1.8581e-05 3.8653e-10 ERS2
20081116 20090823 -4.4332e-05 4.337e-10 ERS2
20081219 20090921 0.00026575 4.4634e-10 ALOS
20090105 20090708 0.00022305 5.2851e-10 ALOS
20090510 20091101 0.00045367 5.2142e-10 ERS2
20090708 20091008 0.00022526 6.6821e-10 ALOS
20090823 20091101 -3.7187e-05 6.9912e-10 ERS2
20091222 20100624 0.00019329 5.273e-10 ALOS
20100108 20100223 0.00042418 7.7893e-10 ALOS
20100223 20100526 0.00015327 6.6792e-10 ALOS
20100410 20100711 -0.00010977 6.6787e-10 ALOS
20100509 20100624 0.00059298 7.7657e-10 ALOS
20100526 20100711 0.00027681 7.792e-10 ALOS
20100624 20101109 -4.2712e-05 5.8468e-10 ALOS
20100711 20101011 -0.00021613 6.6795e-10 ALOS
20100809 20101109 -0.00025179 6.6497e-10 ALOS
20101011 20101126 0.00027974 7.7922e-10 ALOS
20110111 20110226 0.00057229 7.7885e-10 ALOS
20110924 20130715 3.4292e-05 4.028e-10 TSX
20111005 20121229 -0.00012473 4.1012e-10 TSX
20111121 20171221 2.31e-06 4.2464e-10 TSX
20111221 20130131 8.2477e-06 3.8894e-10 TSX
20111224 20121027 -3.4583e-05 4.3819e-10 TSX
20120126 20140419 -4.0312e-06 4.1203e-10 TSX
20120203 20160320 4.3261e-05 3.2873e-10 TSX
20120206 20171107 -1.4197e-05 4.0653e-10 TSX
20120617 20171129 5.0925e-05 4.6898e-10 TSX
20120723 20160120 -8.2869e-06 3.7655e-10 TSX
20121024 20130109 3.2886e-05 7.0512e-10 TSX
20121027 20151226 -6.5989e-05 3.6831e-10 TSX
20121030 20130311 7.2104e-05 5.8447e-10 TSX
20121107 20171118 -8.8813e-07 4.3361e-10 TSX
20121221 20160208 -3.1926e-05 3.7036e-10 TSX
20121224 20130516 -7.8312e-05 5.6949e-10 TSX
20121229 20130407 8.5169e-05 6.593e-10 TSX
20130104 20130217 2.3421e-05 7.7602e-10 TSX
20130109 20130715 0.00016744 5.5993e-10 TSX
20130112 20140511 6.9501e-06 4.2537e-10 TSX
20130115 20130721 -0.00024992 5.3011e-10 TSX
20130126 20130823 -0.00012956 5.6051e-10 TSX
20130131 20130429 8.5422e-06 6.801e-10 TSX
20130203 20130729 -0.00011094 5.3552e-10 TSX
20130211 20130919 8.1081e-05 5.0443e-10 TSX
20130228 20141209 2.1238e-05 3.6933e-10 TSX
20130311 20130801 -6.8554e-05 5.7542e-10 TSX
20130316 20130623 -0.00013124 6.6079e-10 TSX
20130402 20150122 2.3807e-05 3.3528e-10 TSX
20130407 20140530 -2.4369e-06 3.8972e-10 TSX
20130421 20171016 1.0144e-05 3.6073e-10 TSX
20130424 20130721 -0.00038242 6.7027e-10 TSX
20130429 20130623 -0.00016596 7.5963e-10 TSX
20130505 20131028 -0.00047394 5.5123e-10 TSX
20130513 20151112 1.9448e-05 3.9159e-10 TSX
20130516 20131017 -0.00030334 5.9539e-10 TSX
20130521 20130715 0.0002181 7.5896e-10 TSX
20130524 20171129 -1.0246e-05 4.0354e-10 TSX
20130527 20140627 -5.9452e-05 4.0764e-10 TSX
20130601 20130930 0.00027908 6.2215e-10 TSX
20130604 20141217 -5.868e-06 4.3036e-10 TSX
20130607 20140719 -1.1935e-05 4.1811e-10 TSX
20130612 20150105 -1.818e-05 3.6602e-10 TSX
20130615 20160106 7.8778e-05 3.9652e-10 TSX
20130618 20140708 -4.4647e-05 4.0542e-10 TSX
20130623 20130715 0.00074864 8.6695e-10 TSX
20130629 20130914 0.00024542 6.9222e-10 TSX
20130707 20150130 5.8513e-05 3.8779e-10 TSX
20130710 20140901 2.6404e-05 3.8509e-10 TSX
20130715 20130726 -0.0025728 1.016e-09 TSX
20130721 20131108 0.00062118 6.215e-10 TSX
20130726 20150517 0.00012078 3.5268e-10 TSX
20130729 20160904 -1.3257e-07 3.9217e-10 TSX
20130801 20151115 -1.8265e-05 3.5793e-10 TSX
20130817 20140209 -8.6283e-05 5.419e-10 TSX
20130828 20150312 -1.9417e-05 3.5402e-10 TSX
20130903 20150329 -0.00014766 3.8257e-10 TSX
20130919 20160309 -5.257e-05 3.2181e-10 TSX
20130925 20140708 -6.2313e-06 4.4535e-10 TSX
20130930 20160411 -0.00013476 3.2559e-10 TSX
20131011 20150802 4.8632e-05 3.5519e-10 TSX
20131017 20140719 4.7347e-05 4.4447e-10 TSX
20131028 20160304 -2.8774e-05 3.704e-10 TSX
20131102 20140519 -9.972e-06 5.2142e-10 TSX
20131108 20140708 -4.7584e-05 4.6683e-10 TSX
20140209 20160309 2.7814e-05 3.5718e-10 TSX
20140223 20140829 -1.2035e-05 5.1257e-10 TSX
20140408 20140705 -8.4715e-05 6.6206e-10 TSX
20140419 20170913 -1.2647e-05 3.7539e-10 TSX
20140511 20141228 8.0233e-06 4.8161e-10 TSX
20140519 20150824 3.2001e-05 3.7961e-10 TSX
20140624 20171005 5.5512e-05 4.0017e-10 TSX
20140627 20151115 -9.7995e-06 3.7349e-10 TSX
20140705 20180911 3.066e-05 3.8271e-10 TSX
20140708 20160406 5.8645e-05 3.8082e-10 TSX
20140716 20171005 -5.0292e-05 4.0837e-10 TSX
20140719 20151207 4.3863e-05 3.6727e-10 TSX
20140727 20150326 6.4363e-05 4.648e-10 TSX
20140810 20150122 -2.5474e-05 5.3959e-10 TSX
20140818 20160301 4.3782e-05 3.5946e-10 TSX
20140829 20160208 4.9407e-05 3.9714e-10 TSX
20140901 20140912 -0.00029482 9.7134e-10 TSX
20140912 20141209 5.4701e-06 6.6511e-10 TSX
20140920 20170902 -7.9958e-06 3.4727e-10 TSX
20141209 20160211 -4.3952e-05 3.8302e-10 TSX
20141217 20160722 -8.1832e-05 4.0248e-10 TSX
20141228 20160106 -7.0773e-06 4.1307e-10 TSX
20141231 20151024 -5.1648e-06 4.3035e-10 TSX
20150105 20150824 -1.8928e-05 4.8798e-10 TSX
20150108 20170811 3.7881e-05 3.7907e-10 TSX
20150119 20160117 0.00013156 3.9987e-10 TSX
20150127 20160411 -4.4484e-05 3.8776e-10 TSX
20150130 20151112 1.5727e-05 4.3885e-10 TSX
20150210 20170114 -1.4843e-05 3.6645e-10 TSX
20150213 20160326 -9.2655e-05 4.3974e-10 TSX
20150218 20160216 -2.3371e-05 4.0939e-10 TSX
20150221 20180112 -5.0342e-05 3.8405e-10 TSX
20150304 20180911 3.3466e-05 4.0111e-10 TSX
20150307 20160211 -7.4163e-05 4.1394e-10 TSX
20150312 20160320 -6.7756e-05 4.0183e-10 TSX
20150326 20150827 -3.252e-05 5.5394e-10 TSX
20150329 20151207 -8.952e-05 4.6178e-10 TSX
20150428 20160425 6.1487e-05 3.9791e-10 TSX
20150509 20150827 -0.00016074 6.2129e-10 TSX
20150517 20150824 -2.1304e-05 6.5932e-10 TSX
20150520 20180911 -1.425e-05 3.7699e-10 TSX
20150714 20170822 1.9034e-05 3.9385e-10 TSX
20150725 20170924 3.4477e-05 3.7629e-10 TSX
20150802 20160309 -0.00010741 4.9629e-10 TSX
20150805 20160403 -1.1129e-06 4.6308e-10 TSX
20150816 20171107 0.00010468 3.6403e-10 TSX
20150824 20150915 0.00072312 8.6663e-10 TSX
20150827 20170902 4.5292e-05 3.7826e-10 TSX
20150915 20160216 -0.00016322 5.697e-10 TSX
20151021 20160904 -8.0697e-05 4.6239e-10 TSX
20151101 20171016 -2.4383e-06 3.5068e-10 TSX
20151112 20160425 7.1825e-06 5.3737e-10 TSX
20151115 20151229 0.00012202 7.7577e-10 TSX
20151123 20171221 1.2495e-05 3.6694e-10 TSX
20151204 20151215 0.00015539 9.8044e-10 TSX
20151207 20160406 -7.1313e-05 6.0269e-10 TSX
20151215 20170822 0.00011279 3.7066e-10 TSX
20151226 20161223 1.108e-05 4.0242e-10 TSX
20151229 20160211 6.758e-05 7.7578e-10 TSX
20160106 20161223 -1.085e-05 4.0191e-10 TSX
20160117 20160926 -8.6998e-05 4.7632e-10 TSX
20160128 20160301 -0.00014258 8.0871e-10 TSX
20160208 20160312 -0.00012953 8.0871e-10 TSX
20160216 20160309 -0.00039713 8.666e-10 TSX
20160219 20180319 1.0447e-05 3.7704e-10 TSX
20160301 20161201 5.8109e-05 4.3937e-10 TSX
20160304 20160326 7.0215e-05 8.5203e-10 TSX
20160312 20180319 6.0307e-05 3.7627e-10 TSX
20160320 20160411 0.00036243 8.6661e-10 TSX
20160323 20171118 1.522e-05 3.8347e-10 TSX
20160326 20160406 -0.00050498 9.7127e-10 TSX
20160403 20171027 2.4818e-05 4.1964e-10 TSX
20160425 20170811 -1.6053e-05 4.1766e-10 TSX
20160528 20160630 -8.3757e-05 8.0871e-10 TSX
20160630 20171118 4.5745e-06 4.2567e-10 TSX
20160722 20161201 0.00011074 5.8527e-10 TSX
20160904 20180707 6.7254e-05 3.9536e-10 TSX
20160915 20180911 -1.23e-05 3.7231e-10 TSX
20160926 20170114 1.8898e-05 6.2505e-10 TSX
20161201 20171027 -3.0881e-05 4.701e-10 TSX
20161223 20171107 -6.6992e-05 4.4087e-10 TSX
20170114 20170902 -0.00010065 4.9047e-10 TSX
20170811 20171005 -9.5526e-05 7.4281e-10 TSX
20170822 20180707 -4.7055e-05 4.2941e-10 TSX
20170913 20180707 -9.4241e-05 4.4702e-10 TSX
20170924 20180319 0.00011512 5.2407e-10 TSX
20171005 20171107 5.5606e-05 8.0871e-10 TSX
20171016 20180319 0.0001543 5.5067e-10 TSX
20171027 20180911 -5.7488e-05 4.2071e-10 TSX
20171107 20171118 7.439e-05 9.8044e-10 TSX
20171118 20171129 6.5698e-05 9.8044e-10 TSX
20171129 20171221 -4.6267e-06 8.5312e-10 TSX
20171210 20180820 -8.2278e-05 4.624e-10 TSX
20171221 20180911 -0.00012235 4.5836e-10 TSX
20180112 20181003 3.1141e-05 4.6142e-10 TSX
20180319 20180707 -0.00032684 6.2093e-10 TSX
20180707 20180911 0.00011521 7.1369e-10 TSX
20180729 20181003 -3.5747e-05 7.1358e-10 TSX
20180820 20181003 0.00011593 7.7418e-10 TSX
20180911 20181003 -0.00019747 8.5312e-10 TSX
