20030427 20030914 0.00041475 5.6494e-10 ERS2
20030914 20080629 -1.1455e-06 2.6358e-10 ERS2
20050918 20090510 -5.6226e-05 3.0027e-10 ERS2
20051127 20081116 0.00010989 3.1959e-10 ERS2
20060903 20090510 -0.0001305 3.1419e-10 ERS2
20061231 20090105 -8.0614e-05 3.1354e-10 ALOS
20070402 20070703 -0.00011565 6.6634e-10 ALOS
20070518 20091008 -0.00010849 2.9983e-10 ALOS
20070818 20071003 -0.00024951 7.7503e-10 ALOS
20071217 20100509 -0.00014531 3.0017e-10 ALOS
20080103 20100526 -7.2519e-05 3.0658e-10 ALOS
20080404 20080520 8.27e-05 7.7504e-10 ALOS
20080618 20090921 1.1388e-05 3.7269e-10 ALOS
20080629 20090510 -0.00048548 4.1192e-10 ERS2
20080705 20091008 -1.3316e-05 3.6521e-10 ALOS
20080803 20090823 1.1933e-05 3.8303e-10 ERS2
20081116 20090823 4.709e-05 4.3208e-10 ERS2
20081219 20090921 0.00045244 4.4611e-10 ALOS
20090105 20090708 0.00015732 5.2835e-10 ALOS
20090510 20091101 0.00095414 5.2036e-10 ERS2
20090708 20091008 0.0007757 6.6625e-10 ALOS
20090823 20091101 -7.932e-06 6.9854e-10 ERS2
20091222 20100624 0.00064485 5.2528e-10 ALOS
20100108 20100223 0.00064218 7.7502e-10 ALOS
20100223 20100526 9.5938e-05 6.6593e-10 ALOS
20100410 20100711 -4.0942e-05 6.6634e-10 ALOS
20100509 20100624 0.00055727 7.7306e-10 ALOS
20100526 20100711 0.00045696 7.7504e-10 ALOS
20100624 20101109 0.00012388 5.8398e-10 ALOS
20100711 20101011 0.00016601 6.6626e-10 ALOS
20100809 20101109 6.3445e-05 6.6354e-10 ALOS
20101011 20101126 0.00027925 7.7503e-10 ALOS
20110111 20110226 0.0007726 7.7503e-10 ALOS
20110924 20130715 3.7143e-05 3.3016e-10 TSX
20111005 20121229 -7.1368e-05 3.6946e-10 TSX
20111121 20171221 2.8385e-05 4.0143e-10 TSX
20111221 20130131 7.8707e-05 3.858e-10 TSX
20111224 20121027 -0.00021107 4.1946e-10 TSX
20120126 20140419 -0.000177 2.958e-10 TSX
20120203 20160320 2.7529e-05 2.8788e-10 TSX
20120206 20171107 5.8523e-06 3.6175e-10 TSX
20120617 20171129 2.7408e-06 3.4552e-10 TSX
20120723 20160120 9.9963e-05 3.6374e-10 TSX
20121024 20130109 7.0193e-05 7.0154e-10 TSX
20121027 20151226 -3.0347e-05 3.0323e-10 TSX
20121030 20130311 0.00013635 5.8464e-10 TSX
20121107 20171118 -1.8226e-05 3.5898e-10 TSX
20121221 20160208 3.3635e-05 2.9497e-10 TSX
20121224 20130516 7.5533e-05 5.6848e-10 TSX
20121229 20130407 0.00034399 6.5606e-10 TSX
20130104 20130217 0.00020722 7.7304e-10 TSX
20130109 20130715 0.00017826 5.2793e-10 TSX
20130112 20140511 -0.00022817 3.5499e-10 TSX
20130115 20130721 -0.0001134 5.1396e-10 TSX
20130126 20130823 -8.3328e-05 5.2261e-10 TSX
20130131 20130429 -4.9824e-05 6.7795e-10 TSX
20130203 20130729 -0.00014851 5.2313e-10 TSX
20130211 20130919 4.2227e-05 4.9592e-10 TSX
20130228 20141209 4.2171e-05 3.3233e-10 TSX
20130311 20130801 8.8732e-05 5.6843e-10 TSX
20130316 20130623 0.00011055 6.5607e-10 TSX
20130402 20150122 -0.00011804 3.153e-10 TSX
20130407 20140530 -6.3601e-06 3.8163e-10 TSX
20130421 20171016 5.0724e-05 3.7409e-10 TSX
20130424 20130721 -0.00025703 6.6401e-10 TSX
20130429 20130623 3.0823e-05 7.5401e-10 TSX
20130505 20131028 -0.00021235 5.6884e-10 TSX
20130513 20151112 -7.0295e-05 3.1712e-10 TSX
20130516 20131017 -0.00020151 6.0223e-10 TSX
20130521 20130715 7.7982e-05 7.5403e-10 TSX
20130524 20171129 2.8359e-05 3.5799e-10 TSX
20130527 20140627 1.1758e-05 3.8624e-10 TSX
20130601 20130930 9.3518e-05 6.1697e-10 TSX
20130604 20141217 -0.00018131 3.3867e-10 TSX
20130607 20140719 9.0394e-05 3.82e-10 TSX
20130612 20150105 -2.0588e-05 3.4425e-10 TSX
20130615 20160106 -5.4136e-05 3.2187e-10 TSX
20130618 20140708 9.1725e-05 3.9062e-10 TSX
20130623 20130715 0.00055496 8.6119e-10 TSX
20130629 20130914 0.00020266 6.8971e-10 TSX
20130707 20150130 -0.00019819 3.3802e-10 TSX
20130710 20140901 0.00011854 3.7871e-10 TSX
20130715 20130726 -0.0024557 1.0101e-09 TSX
20130721 20131108 0.00083471 6.5549e-10 TSX
20130726 20150517 0.00014542 3.4037e-10 TSX
20130729 20160904 -5.7306e-05 3.0244e-10 TSX
20130801 20151115 5.5629e-05 3.3411e-10 TSX
20130817 20140209 0.00023787 5.4096e-10 TSX
20130828 20150312 2.9438e-05 3.4496e-10 TSX
20130903 20150329 1.2764e-05 3.6201e-10 TSX
20130919 20160309 7.6858e-05 3.1362e-10 TSX
20130925 20140708 0.00015926 4.3834e-10 TSX
20130930 20160411 0.00015805 3.074e-10 TSX
20131011 20150802 9.0134e-06 3.5598e-10 TSX
20131017 20140719 0.00013186 4.4025e-10 TSX
20131028 20160304 -0.00015935 2.9941e-10 TSX
20131102 20140519 -8.7748e-05 5.1711e-10 TSX
20131108 20140708 0.00017814 4.6824e-10 TSX
20140209 20160309 -2.868e-05 3.358e-10 TSX
20140223 20140829 -0.00014149 5.1109e-10 TSX
20140408 20140705 -5.9258e-05 6.6129e-10 TSX
20140419 20170913 2.5401e-05 3.9216e-10 TSX
20140511 20141228 -8.4455e-05 4.7017e-10 TSX
20140519 20150824 0.0001234 3.7837e-10 TSX
20140624 20171005 9.2857e-05 3.4075e-10 TSX
20140627 20151115 8.4134e-05 3.5052e-10 TSX
20140705 20180911 1.2967e-05 3.367e-10 TSX
20140708 20160406 6.2065e-05 3.5628e-10 TSX
20140716 20171005 4.3721e-06 3.6625e-10 TSX
20140719 20151207 5.2576e-05 3.5934e-10 TSX
20140727 20150326 -0.00020549 4.6149e-10 TSX
20140810 20150122 0.00013847 5.3924e-10 TSX
20140818 20160301 -0.00011859 3.3386e-10 TSX
20140829 20160208 -8.1099e-05 3.359e-10 TSX
20140901 20140912 -0.00031882 9.6707e-10 TSX
20140912 20141209 0.00017186 6.6401e-10 TSX
20140920 20170902 -5.8524e-05 3.8192e-10 TSX
20141209 20160211 -2.9192e-05 3.6846e-10 TSX
20141217 20160722 -6.8644e-05 3.3164e-10 TSX
20141228 20160106 -9.4172e-05 3.8399e-10 TSX
20141231 20151024 0.00011241 4.2627e-10 TSX
20150105 20150824 0.00010488 4.9002e-10 TSX
20150108 20170811 7.6933e-06 3.2213e-10 TSX
20150119 20160117 -3.7868e-05 3.8791e-10 TSX
20150127 20160411 4.887e-05 3.9113e-10 TSX
20150130 20151112 -0.0001692 4.3e-10 TSX
20150210 20170114 -1.1856e-05 3.2685e-10 TSX
20150213 20160326 8.0857e-05 4.6871e-10 TSX
20150218 20160216 9.5089e-05 4.0475e-10 TSX
20150221 20180112 -2.651e-05 3.4094e-10 TSX
20150304 20180911 -3.902e-05 3.6535e-10 TSX
20150307 20160211 0.00013157 4.0623e-10 TSX
20150312 20160320 7.0713e-05 4.0228e-10 TSX
20150326 20150827 -5.4139e-05 5.502e-10 TSX
20150329 20151207 0.00010551 4.5545e-10 TSX
20150428 20160425 -6.4442e-05 4.063e-10 TSX
20150509 20150827 -8.5556e-05 6.2021e-10 TSX
20150517 20150824 -6.6569e-05 6.567e-10 TSX
20150520 20180911 -4.6109e-05 3.2939e-10 TSX
20150714 20170822 -0.00010335 3.0518e-10 TSX
20150725 20170924 -2.9124e-05 2.9791e-10 TSX
20150802 20160309 0.00010726 4.9595e-10 TSX
20150805 20160403 -0.00012725 4.612e-10 TSX
20150816 20171107 -0.00010579 2.9598e-10 TSX
20150824 20150915 0.00073054 8.6109e-10 TSX
20150827 20170902 -0.00010038 3.0797e-10 TSX
20150915 20160216 -2.7459e-05 5.6817e-10 TSX
20151021 20160904 -0.00024044 4.1277e-10 TSX
20151101 20171016 -0.00014274 3.1064e-10 TSX
20151112 20160425 -3.5921e-05 5.3611e-10 TSX
20151115 20151229 0.0001541 7.7304e-10 TSX
20151123 20171221 -9.8524e-05 2.9958e-10 TSX
20151204 20151215 0.00017364 9.773e-10 TSX
20151207 20160406 2.0883e-05 6.0214e-10 TSX
20151215 20170822 -6.0219e-05 3.1672e-10 TSX
20151226 20161223 -0.00022923 3.9365e-10 TSX
20151229 20160211 7.849e-05 7.7304e-10 TSX
20160106 20161223 -0.0002181 3.9811e-10 TSX
20160117 20160926 -0.00011473 4.53e-10 TSX
20160128 20160301 -0.00019327 8.0617e-10 TSX
20160208 20160312 -8.6329e-05 8.0617e-10 TSX
20160216 20160309 -0.00039311 8.6109e-10 TSX
20160219 20180319 -0.00012287 2.9965e-10 TSX
20160301 20161201 -0.00016115 4.3852e-10 TSX
20160304 20160326 6.7495e-05 8.4812e-10 TSX
20160312 20180319 -0.00015326 3.0251e-10 TSX
20160320 20160411 0.00046528 8.611e-10 TSX
20160323 20171118 -0.00011866 3.1859e-10 TSX
20160326 20160406 -0.00048429 9.67e-10 TSX
20160403 20171027 -7.7792e-05 3.2304e-10 TSX
20160425 20170811 -7.5651e-05 3.4713e-10 TSX
20160528 20160630 -1.0805e-05 8.0617e-10 TSX
20160630 20171118 -9.0685e-05 3.3959e-10 TSX
20160722 20161201 -4.1715e-05 5.8133e-10 TSX
20160904 20180707 -0.00011677 3.2442e-10 TSX
20160915 20180911 -0.00010875 3.0384e-10 TSX
20160926 20170114 -2.9196e-05 6.1798e-10 TSX
20161201 20171027 -0.00017908 4.0689e-10 TSX
20161223 20171107 -0.00015532 4.091e-10 TSX
20170114 20170902 -0.00017756 4.6866e-10 TSX
20170811 20171005 -8.3419e-05 7.4118e-10 TSX
20170822 20180707 -0.00026669 4.1372e-10 TSX
20170913 20180707 -0.00031225 4.2509e-10 TSX
20170924 20180319 -0.0002093 5.2322e-10 TSX
20171005 20171107 3.947e-05 8.0617e-10 TSX
20171016 20180319 -0.00022173 5.501e-10 TSX
20171027 20180911 -0.00027165 4.1364e-10 TSX
20171107 20171118 6.5226e-05 9.773e-10 TSX
20171118 20171129 3.8523e-05 9.773e-10 TSX
20171129 20171221 -2.8229e-05 8.5019e-10 TSX
20171210 20180820 -0.00024229 4.5344e-10 TSX
20171221 20180911 -0.00018364 4.4573e-10 TSX
20180112 20181003 -0.00017972 4.4578e-10 TSX
20180319 20180707 -0.00017075 6.18e-10 TSX
20180707 20180911 0.00018345 7.1243e-10 TSX
20180729 20181003 4.7825e-05 7.1243e-10 TSX
20180820 20181003 0.00015322 7.7214e-10 TSX
20180911 20181003 -0.00012582 8.5019e-10 TSX
