20030427 20030914 0.0004227 5.6575e-10 ERS2
20030914 20080629 1.6484e-05 2.6318e-10 ERS2
20050918 20090510 6.181e-05 2.9866e-10 ERS2
20051127 20081116 -3.597e-05 3.0333e-10 ERS2
20060903 20090510 -0.00013311 3.2672e-10 ERS2
20061231 20090105 0.00011636 3.1356e-10 ALOS
20070402 20070703 -5.9019e-05 6.6642e-10 ALOS
20070518 20091008 0.00016356 3.1317e-10 ALOS
20070818 20071003 -0.00020703 7.7658e-10 ALOS
20071217 20100509 -5.2149e-05 3.4427e-10 ALOS
20080103 20100526 -2.456e-05 3.2892e-10 ALOS
20080404 20080520 1.0863e-05 7.7658e-10 ALOS
20080618 20090921 0.00015346 3.7445e-10 ALOS
20080629 20090510 -0.00021963 4.1234e-10 ERS2
20080705 20091008 0.00013693 3.6776e-10 ALOS
20080803 20090823 -3.2356e-05 3.8288e-10 ERS2
20081116 20090823 -5.6218e-06 4.3214e-10 ERS2
20081219 20090921 0.00017753 4.5181e-10 ALOS
20090105 20090708 -0.00011638 5.3168e-10 ALOS
20090510 20091101 0.00014749 5.224e-10 ERS2
20090708 20091008 0.00078927 6.6654e-10 ALOS
20090823 20091101 4.0389e-05 6.9899e-10 ERS2
20091222 20100624 0.00030219 5.2697e-10 ALOS
20100108 20100223 0.00036339 7.779e-10 ALOS
20100223 20100526 1.5833e-05 6.6863e-10 ALOS
20100410 20100711 -0.00030957 6.6626e-10 ALOS
20100509 20100624 0.00087264 7.7448e-10 ALOS
20100526 20100711 0.00063347 7.7673e-10 ALOS
20100624 20101109 0.00025607 5.8398e-10 ALOS
20100711 20101011 0.00063866 6.663e-10 ALOS
20100809 20101109 8.2916e-05 6.6366e-10 ALOS
20101011 20101126 3.7331e-05 7.7659e-10 ALOS
20110111 20110226 0.00089186 7.7656e-10 ALOS
20110924 20130715 4.7484e-05 3.2405e-10 TSX
20111005 20121229 -0.0001873 3.7424e-10 TSX
20111121 20171221 -1.05e-05 2.6499e-10 TSX
20111221 20130131 -2.1312e-05 3.8562e-10 TSX
20111224 20121027 -6.0712e-05 4.1934e-10 TSX
20120126 20140419 -1.6619e-05 2.9243e-10 TSX
20120203 20160320 5.1594e-05 2.5523e-10 TSX
20120206 20171107 1.8155e-05 2.6361e-10 TSX
20120617 20171129 2.4248e-05 2.7355e-10 TSX
20120723 20160120 0.00010239 2.7902e-10 TSX
20121024 20130109 7.1739e-05 7.0197e-10 TSX
20121027 20151226 -3.4093e-06 2.8022e-10 TSX
20121030 20130311 -4.2763e-06 5.8467e-10 TSX
20121107 20171118 1.7432e-05 2.9249e-10 TSX
20121221 20160208 4.5552e-05 3.3405e-10 TSX
20121224 20130516 2.2829e-05 5.685e-10 TSX
20121229 20130407 8.9888e-05 6.5614e-10 TSX
20130104 20130217 8.1815e-05 7.7422e-10 TSX
20130109 20130715 0.00029091 5.2973e-10 TSX
20130112 20140511 2.67e-05 3.55e-10 TSX
20130115 20130721 -1.8639e-05 5.1398e-10 TSX
20130126 20130823 -0.00025088 5.1215e-10 TSX
20130131 20130429 -7.7988e-05 6.7816e-10 TSX
20130203 20130729 0.00010892 5.2312e-10 TSX
20130211 20130919 0.00029242 4.9596e-10 TSX
20130228 20141209 0.00013546 3.1244e-10 TSX
20130311 20130801 0.00013941 5.6846e-10 TSX
20130316 20130623 0.00018884 6.5615e-10 TSX
20130402 20150122 0.00018929 3.5272e-10 TSX
20130407 20140530 5.6641e-05 3.8079e-10 TSX
20130421 20171016 5.1732e-05 2.8446e-10 TSX
20130424 20130721 -0.00012226 6.6411e-10 TSX
20130429 20130623 2.2334e-05 7.5525e-10 TSX
20130505 20131028 -0.00070088 5.7961e-10 TSX
20130513 20151112 7.9093e-05 3.0556e-10 TSX
20130516 20131017 -0.00015504 6.2313e-10 TSX
20130521 20130715 0.00047199 7.5527e-10 TSX
20130524 20171129 3.0196e-05 2.8735e-10 TSX
20130527 20140627 0.00012365 3.8357e-10 TSX
20130601 20130930 0.0003933 6.1694e-10 TSX
20130604 20141217 4.0051e-05 3.4185e-10 TSX
20130607 20140719 0.00015577 3.7998e-10 TSX
20130612 20150105 9.2669e-05 3.3908e-10 TSX
20130615 20160106 7.2888e-06 2.974e-10 TSX
20130618 20140708 0.00012572 3.8793e-10 TSX
20130623 20130715 0.00077355 8.6432e-10 TSX
20130629 20130914 0.00067919 7.0083e-10 TSX
20130707 20150130 -7.2466e-06 3.4062e-10 TSX
20130710 20140901 0.00017306 3.767e-10 TSX
20130715 20130726 -0.0024538 1.0137e-09 TSX
20130721 20131108 0.0011028 6.8425e-10 TSX
20130726 20150517 -7.3331e-06 3.2509e-10 TSX
20130729 20160904 -5.0842e-05 2.802e-10 TSX
20130801 20151115 0.00014702 2.8802e-10 TSX
20130817 20140209 -3.9666e-05 5.4097e-10 TSX
20130828 20150312 5.9515e-05 3.4204e-10 TSX
20130903 20150329 -2.3768e-05 3.6482e-10 TSX
20130919 20160309 3.9439e-05 2.8126e-10 TSX
20130925 20140708 -0.00010996 4.6091e-10 TSX
20130930 20160411 -3.6189e-06 2.9865e-10 TSX
20131011 20150802 6.4013e-05 3.2045e-10 TSX
20131017 20140719 8.3833e-05 4.5573e-10 TSX
20131028 20160304 -9.0247e-05 2.9937e-10 TSX
20131102 20140519 -0.00020276 5.1715e-10 TSX
20131108 20140708 -0.00037212 4.9539e-10 TSX
20140209 20160309 5.8583e-05 3.0555e-10 TSX
20140223 20140829 0.00028342 5.1114e-10 TSX
20140408 20140705 3.2515e-05 6.6155e-10 TSX
20140419 20170913 1.0614e-05 3.3162e-10 TSX
20140511 20141228 9.7566e-05 4.7014e-10 TSX
20140519 20150824 0.00017674 3.6506e-10 TSX
20140624 20171005 4.6053e-05 2.8177e-10 TSX
20140627 20151115 0.00012852 3.4095e-10 TSX
20140705 20180911 1.4318e-05 2.7247e-10 TSX
20140708 20160406 3.0411e-05 3.1064e-10 TSX
20140716 20171005 -6.6783e-05 2.793e-10 TSX
20140719 20151207 2.4675e-05 3.4259e-10 TSX
20140727 20150326 -0.0001325 4.6159e-10 TSX
20140810 20150122 -0.00017281 5.465e-10 TSX
20140818 20160301 -0.00015776 3.2653e-10 TSX
20140829 20160208 -0.00015745 3.3574e-10 TSX
20140901 20140912 -0.00031005 9.6984e-10 TSX
20140912 20141209 -0.00014456 6.6411e-10 TSX
20140920 20170902 -9.0246e-05 2.7386e-10 TSX
20141209 20160211 -3.3341e-06 3.6359e-10 TSX
20141217 20160722 -7.2983e-05 3.2695e-10 TSX
20141228 20160106 -3.9505e-05 3.8271e-10 TSX
20141231 20151024 0.00021718 4.2508e-10 TSX
20150105 20150824 6.2584e-05 4.8618e-10 TSX
20150108 20170811 -2.5401e-05 3.0083e-10 TSX
20150119 20160117 -4.4014e-05 3.8804e-10 TSX
20150127 20160411 5.7387e-05 3.7191e-10 TSX
20150130 20151112 0.00011201 4.2844e-10 TSX
20150210 20170114 -6.4524e-05 3.085e-10 TSX
20150213 20160326 1.5606e-05 4.3198e-10 TSX
20150218 20160216 6.89e-05 4.0285e-10 TSX
20150221 20180112 -5.7024e-05 3.5567e-10 TSX
20150304 20180911 -4.5744e-05 3.0581e-10 TSX
20150307 20160211 9.9759e-05 4.0085e-10 TSX
20150312 20160320 0.00010112 3.9789e-10 TSX
20150326 20150827 0.00011834 5.4978e-10 TSX
20150329 20151207 0.00015362 4.5495e-10 TSX
20150428 20160425 5.2567e-05 3.8674e-10 TSX
20150509 20150827 0.00028198 6.1825e-10 TSX
20150517 20150824 0.00032791 6.5639e-10 TSX
20150520 20180911 -8.6906e-06 2.8718e-10 TSX
20150714 20170822 -5.0248e-05 3.0103e-10 TSX
20150725 20170924 -4.8807e-05 2.9879e-10 TSX
20150802 20160309 -0.00019631 4.9617e-10 TSX
20150805 20160403 -0.00011413 4.6225e-10 TSX
20150816 20171107 -3.6826e-05 2.9778e-10 TSX
20150824 20150915 0.00084487 8.6422e-10 TSX
20150827 20170902 -6.3776e-05 3.075e-10 TSX
20150915 20160216 -0.00033849 5.6819e-10 TSX
20151021 20160904 -0.0002585 4.1312e-10 TSX
20151101 20171016 -7.2315e-05 3.1714e-10 TSX
20151112 20160425 -0.00024109 5.3621e-10 TSX
20151115 20151229 3.0844e-05 7.7422e-10 TSX
20151123 20171221 -3.067e-05 2.9938e-10 TSX
20151204 20151215 0.00015404 9.8002e-10 TSX
20151207 20160406 -0.0001412 6.0216e-10 TSX
20151215 20170822 2.6297e-05 3.1771e-10 TSX
20151226 20161223 -3.6543e-05 3.9343e-10 TSX
20151229 20160211 -6.0745e-05 7.7422e-10 TSX
20160106 20161223 -5.6576e-06 3.982e-10 TSX
20160117 20160926 5.4596e-06 4.531e-10 TSX
20160128 20160301 -0.00014974 8.0824e-10 TSX
20160208 20160312 -0.0001795 8.0824e-10 TSX
20160216 20160309 -0.00042537 8.6422e-10 TSX
20160219 20180319 0.00013487 3.0221e-10 TSX
20160301 20161201 6.7835e-05 4.3862e-10 TSX
20160304 20160326 8.0044e-05 8.5043e-10 TSX
20160312 20180319 0.00016436 3.0601e-10 TSX
20160320 20160411 0.00033053 8.6423e-10 TSX
20160323 20171118 4.3678e-05 3.1893e-10 TSX
20160326 20160406 -0.00052886 9.6976e-10 TSX
20160403 20171027 8.1989e-05 3.2703e-10 TSX
20160425 20170811 6.913e-05 3.4693e-10 TSX
20160528 20160630 1.8094e-05 8.0824e-10 TSX
20160630 20171118 0.00012142 3.4079e-10 TSX
20160722 20161201 0.00017368 5.814e-10 TSX
20160904 20180707 -1.4818e-05 3.2371e-10 TSX
20160915 20180911 -8.3897e-05 3.0076e-10 TSX
20160926 20170114 -2.9371e-06 6.1831e-10 TSX
20161201 20171027 0.00010012 4.0706e-10 TSX
20161223 20171107 0.00012788 4.0933e-10 TSX
20170114 20170902 0.00013694 4.6984e-10 TSX
20170811 20171005 -5.2095e-05 7.4227e-10 TSX
20170822 20180707 -0.00010326 4.1387e-10 TSX
20170913 20180707 -0.00014045 4.2518e-10 TSX
20170924 20180319 0.00041696 5.2325e-10 TSX
20171005 20171107 9.9112e-05 8.0824e-10 TSX
20171016 20180319 0.00043515 5.5015e-10 TSX
20171027 20180911 -0.00019811 4.138e-10 TSX
20171107 20171118 9.5125e-05 9.8002e-10 TSX
20171118 20171129 3.3951e-05 9.8002e-10 TSX
20171129 20171221 -7.0693e-05 8.5267e-10 TSX
20171210 20180820 -0.00022969 4.5351e-10 TSX
20171221 20180911 -0.00013179 4.4574e-10 TSX
20180112 20181003 0.00018842 4.4577e-10 TSX
20180319 20180707 -0.00077233 6.1809e-10 TSX
20180707 20180911 9.8866e-05 7.1315e-10 TSX
20180729 20181003 0.00028978 7.1315e-10 TSX
20180820 20181003 0.00041958 7.7371e-10 TSX
20180911 20181003 -1.4703e-05 8.5267e-10 TSX
