20030427 20030914 0.00013857 6.4054e-10 ERS2
20030914 20080629 -1.8501e-05 3.0932e-10 ERS2
20050918 20090510 9.4207e-06 3.6253e-10 ERS2
20051127 20081116 -0.00014795 3.6722e-10 ERS2
20060903 20090510 -1.8915e-05 3.8172e-10 ERS2
20061231 20090105 -6.479e-05 3.7815e-10 ALOS
20070402 20070703 5.6042e-05 7.2987e-10 ALOS
20070518 20091008 -0.00021553 4.1838e-10 ALOS
20070818 20071003 -0.00048928 8.1223e-10 ALOS
20071217 20100509 -3.9405e-05 3.7206e-10 ALOS
20080103 20100526 0.00011895 3.8356e-10 ALOS
20080404 20080520 1.5016e-05 8.1304e-10 ALOS
20080618 20090921 -0.00015355 4.3911e-10 ALOS
20080629 20090510 -0.00051692 4.9638e-10 ERS2
20080705 20091008 -5.1799e-06 4.2804e-10 ALOS
20080803 20090823 -9.0013e-05 4.5404e-10 ERS2
20081116 20090823 0.00010957 5.0683e-10 ERS2
20081219 20090921 0.00021024 5.1513e-10 ALOS
20090105 20090708 0.00012682 6.0688e-10 ALOS
20090510 20091101 0.00055399 6.0173e-10 ERS2
20090708 20091008 0.00050265 7.2947e-10 ALOS
20090823 20091101 0.00028302 7.5614e-10 ERS2
20091222 20100624 0.00052155 6.0436e-10 ALOS
20100108 20100223 0.00049263 8.1243e-10 ALOS
20100223 20100526 0.00017385 7.3128e-10 ALOS
20100410 20100711 -0.00022636 7.3022e-10 ALOS
20100509 20100624 0.00061854 8.1049e-10 ALOS
20100526 20100711 0.00039316 8.1222e-10 ALOS
20100624 20101109 -0.00016237 6.5716e-10 ALOS
20100711 20101011 -9.9368e-05 7.2979e-10 ALOS
20100809 20101109 -0.00010647 7.2721e-10 ALOS
20101011 20101126 0.00027551 8.1224e-10 ALOS
20110111 20110226 0.00065952 8.1221e-10 ALOS
20110924 20130715 5.5672e-05 3.8251e-10 TSX
20111005 20121229 2.6856e-05 4.3483e-10 TSX
20111121 20171221 -2.5586e-05 4.6057e-10 TSX
20111221 20130131 2.4699e-05 4.5095e-10 TSX
20111224 20121027 2.5742e-05 4.9527e-10 TSX
20120126 20140419 -4.6012e-06 3.9649e-10 TSX
20120203 20160320 3.425e-06 3.4105e-10 TSX
20120206 20171107 -1.1295e-05 4.2879e-10 TSX
20120617 20171129 -1.4426e-05 3.3324e-10 TSX
20120723 20160120 -9.3656e-05 3.2214e-10 TSX
20121024 20130109 0.00010761 7.5854e-10 TSX
20121027 20151226 -3.723e-05 3.9843e-10 TSX
20121030 20130311 8.3149e-05 6.5696e-10 TSX
20121107 20171118 -7.359e-06 3.9141e-10 TSX
20121221 20160208 -1.4564e-05 3.9363e-10 TSX
20121224 20130516 -5.0852e-05 6.4174e-10 TSX
20121229 20130407 -4.1719e-05 7.2186e-10 TSX
20130104 20130217 5.3182e-05 8.0979e-10 TSX
20130109 20130715 4.8091e-05 6.2648e-10 TSX
20130112 20140511 -2.3171e-05 4.2966e-10 TSX
20130115 20130721 -7.935e-05 5.8681e-10 TSX
20130126 20130823 2.9603e-05 6.5147e-10 TSX
20130131 20130429 1.3626e-05 7.3986e-10 TSX
20130203 20130729 -5.1082e-05 6.0271e-10 TSX
20130211 20130919 -7.9923e-05 5.7033e-10 TSX
20130228 20141209 2.8143e-05 3.7238e-10 TSX
20130311 20130801 -2.8246e-05 6.4158e-10 TSX
20130316 20130623 5.3129e-05 7.2186e-10 TSX
20130402 20150122 -0.00015101 3.6847e-10 TSX
20130407 20140530 4.8436e-05 4.4596e-10 TSX
20130421 20171016 -2.6794e-06 3.9838e-10 TSX
20130424 20130721 -0.00015638 7.2686e-10 TSX
20130429 20130623 -5.9497e-05 7.9764e-10 TSX
20130505 20131028 -5.7841e-05 6.2234e-10 TSX
20130513 20151112 4.7451e-06 4.2244e-10 TSX
20130516 20131017 7.6131e-05 7.0343e-10 TSX
20130521 20130715 0.00011197 7.9768e-10 TSX
20130524 20171129 7.5279e-06 3.6751e-10 TSX
20130527 20140627 6.0733e-05 4.5011e-10 TSX
20130601 20130930 -5.1157e-06 6.8799e-10 TSX
20130604 20141217 -2.734e-05 4.1572e-10 TSX
20130607 20140719 -5.2808e-05 4.4639e-10 TSX
20130612 20150105 -3.3871e-05 3.9735e-10 TSX
20130615 20160106 -2.7889e-06 3.952e-10 TSX
20130618 20140708 -6.0001e-05 4.5523e-10 TSX
20130623 20130715 0.00062788 8.7951e-10 TSX
20130629 20130914 0.00021392 7.5172e-10 TSX
20130707 20150130 -1.8234e-05 4.0722e-10 TSX
20130710 20140901 -5.9914e-05 4.4326e-10 TSX
20130715 20130726 -0.0024292 1.0224e-09 TSX
20130721 20131108 0.00019161 7.2644e-10 TSX
20130726 20150517 2.7607e-05 3.7985e-10 TSX
20130729 20160904 -2.6118e-05 3.2736e-10 TSX
20130801 20151115 -2.8121e-05 3.7978e-10 TSX
20130817 20140209 -7.2239e-05 6.1615e-10 TSX
20130828 20150312 1.523e-05 4.0102e-10 TSX
20130903 20150329 -4.0942e-05 4.0372e-10 TSX
20130919 20160309 5.2157e-05 3.4969e-10 TSX
20130925 20140708 0.00024295 5.4449e-10 TSX
20130930 20160411 1.1488e-05 3.2538e-10 TSX
20131011 20150802 2.8128e-05 3.8754e-10 TSX
20131017 20140719 -5.6709e-07 5.2436e-10 TSX
20131028 20160304 0.00027256 3.843e-10 TSX
20131102 20140519 9.371e-05 5.9217e-10 TSX
20131108 20140708 -4.9867e-06 5.6378e-10 TSX
20140209 20160309 4.7274e-05 3.6483e-10 TSX
20140223 20140829 7.3592e-06 5.9094e-10 TSX
20140408 20140705 -2.8364e-05 7.2813e-10 TSX
20140419 20170913 8.3649e-06 5.3748e-10 TSX
20140511 20141228 1.1152e-05 5.4906e-10 TSX
20140519 20150824 -5.9903e-05 4.2678e-10 TSX
20140624 20171005 3.533e-06 3.8545e-10 TSX
20140627 20151115 -0.00011412 4.0882e-10 TSX
20140705 20180911 -6.0533e-06 3.8872e-10 TSX
20140708 20160406 2.9917e-05 3.7341e-10 TSX
20140716 20171005 2.817e-05 3.7695e-10 TSX
20140719 20151207 -3.5173e-05 4.1016e-10 TSX
20140727 20150326 -3.7939e-05 5.4018e-10 TSX
20140810 20150122 -7.099e-06 6.5991e-10 TSX
20140818 20160301 4.119e-06 4.0392e-10 TSX
20140829 20160208 3.2585e-07 4.1612e-10 TSX
20140901 20140912 -0.00028168 9.7884e-10 TSX
20140912 20141209 5.5403e-05 7.2686e-10 TSX
20140920 20170902 1.9396e-05 3.9059e-10 TSX
20141209 20160211 -6.521e-05 4.2516e-10 TSX
20141217 20160722 5.4971e-06 4.4292e-10 TSX
20141228 20160106 -2.7788e-05 4.511e-10 TSX
20141231 20151024 -5.0613e-05 4.924e-10 TSX
20150105 20150824 -6.0139e-05 5.6121e-10 TSX
20150108 20170811 1.3195e-05 4.1461e-10 TSX
20150119 20160117 5.4023e-05 4.553e-10 TSX
20150127 20160411 -3.3232e-06 4.3983e-10 TSX
20150130 20151112 5.0552e-06 5.0143e-10 TSX
20150210 20170114 -2.2788e-06 4.0155e-10 TSX
20150213 20160326 0.00016436 4.5543e-10 TSX
20150218 20160216 -1.5142e-05 4.696e-10 TSX
20150221 20180112 2.6455e-05 5.4712e-10 TSX
20150304 20180911 1.0519e-05 4.457e-10 TSX
20150307 20160211 -3.9243e-05 4.6647e-10 TSX
20150312 20160320 -5.6403e-05 4.6425e-10 TSX
20150326 20150827 5.6196e-05 6.2781e-10 TSX
20150329 20151207 -5.7663e-05 5.2466e-10 TSX
20150428 20160425 5.4986e-05 4.7173e-10 TSX
20150509 20150827 3.1468e-05 6.9573e-10 TSX
20150517 20150824 -0.00022164 7.2322e-10 TSX
20150520 20180911 -8.4665e-06 4.2779e-10 TSX
20150714 20170822 1.0777e-05 4.1839e-10 TSX
20150725 20170924 2.8057e-05 4.1202e-10 TSX
20150802 20160309 -5.4371e-05 5.7011e-10 TSX
20150805 20160403 -3.2717e-05 5.4475e-10 TSX
20150816 20171107 1.0809e-05 4.1256e-10 TSX
20150824 20150915 0.00058928 8.794e-10 TSX
20150827 20170902 1.3403e-05 4.149e-10 TSX
20150915 20160216 3.2324e-05 6.4273e-10 TSX
20151021 20160904 -9.7524e-05 5.0797e-10 TSX
20151101 20171016 5.2947e-07 4.1366e-10 TSX
20151112 20160425 4.1422e-05 6.1573e-10 TSX
20151115 20151229 0.00015348 8.0978e-10 TSX
20151123 20171221 5.0213e-06 3.849e-10 TSX
20151204 20151215 0.00015206 9.8926e-10 TSX
20151207 20160406 -5.6952e-05 6.7308e-10 TSX
20151215 20170822 4.5387e-05 4.2197e-10 TSX
20151226 20161223 2.0144e-05 4.6756e-10 TSX
20151229 20160211 2.8224e-05 8.0978e-10 TSX
20160106 20161223 4.682e-05 4.7225e-10 TSX
20160117 20160926 -2.5756e-05 5.3393e-10 TSX
20160128 20160301 -0.0001494 8.3504e-10 TSX
20160208 20160312 -8.9834e-05 8.3504e-10 TSX
20160216 20160309 -0.00034251 8.794e-10 TSX
20160219 20180319 -2.1451e-05 3.7341e-10 TSX
20160301 20161201 6.3807e-05 5.1749e-10 TSX
20160304 20160326 3.8e-05 8.6664e-10 TSX
20160312 20180319 -2.1196e-05 3.7082e-10 TSX
20160320 20160411 0.00037413 8.7941e-10 TSX
20160323 20171118 9.9919e-07 3.7912e-10 TSX
20160326 20160406 -0.00049585 9.7876e-10 TSX
20160403 20171027 3.0117e-05 4.4435e-10 TSX
20160425 20170811 3.7117e-05 4.1941e-10 TSX
20160528 20160630 -6.623e-05 8.3504e-10 TSX
20160630 20171118 6.8204e-05 4.0554e-10 TSX
20160722 20161201 0.00010588 6.5846e-10 TSX
20160904 20180707 3.5462e-05 3.9235e-10 TSX
20160915 20180911 -3.0324e-05 3.6107e-10 TSX
20160926 20170114 6.349e-05 6.9149e-10 TSX
20161201 20171027 -9.083e-06 4.8417e-10 TSX
20161223 20171107 -1.8313e-05 4.8425e-10 TSX
20170114 20170902 -7.4048e-06 5.4596e-10 TSX
20170811 20171005 -7.0649e-05 7.8908e-10 TSX
20170822 20180707 -3.384e-05 4.891e-10 TSX
20170913 20180707 -5.5273e-05 5.0315e-10 TSX
20170924 20180319 -4.2192e-05 6.0314e-10 TSX
20171005 20171107 5.2966e-05 8.3504e-10 TSX
20171016 20180319 -7.6093e-06 6.2912e-10 TSX
20171027 20180911 -1.2836e-05 4.8917e-10 TSX
20171107 20171118 8.0468e-05 9.8926e-10 TSX
20171118 20171129 5.3046e-05 9.8926e-10 TSX
20171129 20171221 -2.1091e-05 8.6944e-10 TSX
20171210 20180820 -4.7821e-05 5.3169e-10 TSX
20171221 20180911 -6.2187e-05 5.2335e-10 TSX
20180112 20181003 5.3208e-05 5.2346e-10 TSX
20180319 20180707 -5.7965e-05 6.9149e-10 TSX
20180707 20180911 0.00016241 7.6805e-10 TSX
20180729 20181003 4.9272e-05 7.6805e-10 TSX
20180820 20181003 0.00014595 8.1095e-10 TSX
20180911 20181003 -0.0001443 8.6945e-10 TSX
