20030427 20030914 3.593e-06 5.6543e-10 ERS2
20030914 20080629 -0.00010717 2.8076e-10 ERS2
20050918 20090510 7.7501e-05 3.0215e-10 ERS2
20051127 20081116 -0.00011837 3.0824e-10 ERS2
20060903 20090510 -0.00010607 3.2182e-10 ERS2
20061231 20090105 0.00014476 3.2514e-10 ALOS
20070402 20070703 -0.00011748 6.6727e-10 ALOS
20070518 20091008 5.8011e-05 3.2759e-10 ALOS
20070818 20071003 -0.00028055 7.7615e-10 ALOS
20071217 20100509 1.9628e-05 3.1036e-10 ALOS
20080103 20100526 0.00011256 2.9807e-10 ALOS
20080404 20080520 0.00014774 7.7674e-10 ALOS
20080618 20090921 5.3535e-05 3.7295e-10 ALOS
20080629 20090510 -0.0002591 4.1429e-10 ERS2
20080705 20091008 0.00021376 3.6563e-10 ALOS
20080803 20090823 -0.00012919 3.8369e-10 ERS2
20081116 20090823 0.00012418 4.3203e-10 ERS2
20081219 20090921 0.00024482 4.4939e-10 ALOS
20090105 20090708 3.2544e-05 5.2857e-10 ALOS
20090510 20091101 0.00036408 5.2056e-10 ERS2
20090708 20091008 0.00058551 6.6651e-10 ALOS
20090823 20091101 -0.00026122 6.9866e-10 ERS2
20091222 20100624 -0.00022814 5.319e-10 ALOS
20100108 20100223 0.00042593 7.7699e-10 ALOS
20100223 20100526 8.8341e-05 6.6872e-10 ALOS
20100410 20100711 0.00014771 6.6891e-10 ALOS
20100509 20100624 0.0005953 7.7407e-10 ALOS
20100526 20100711 0.00037068 7.7632e-10 ALOS
20100624 20101109 0.00021675 5.8401e-10 ALOS
20100711 20101011 0.00045144 6.6634e-10 ALOS
20100809 20101109 -0.00011136 6.6363e-10 ALOS
20101011 20101126 5.2017e-07 7.7616e-10 ALOS
20110111 20110226 0.00055945 7.7615e-10 ALOS
20110924 20130715 0.00013455 3.2975e-10 TSX
20111005 20121229 1.3388e-05 3.7804e-10 TSX
20111121 20171221 7.4871e-05 4.4864e-10 TSX
20111221 20130131 4.3609e-05 3.8849e-10 TSX
20111224 20121027 0.00013549 4.1975e-10 TSX
20120126 20140419 0.00012921 3.2551e-10 TSX
20120203 20160320 3.0953e-05 3.1266e-10 TSX
20120206 20171107 3.3338e-05 4.0565e-10 TSX
20120617 20171129 7.6386e-05 3.6122e-10 TSX
20120723 20160120 -1.8898e-05 3.7388e-10 TSX
20121024 20130109 0.00027439 7.0197e-10 TSX
20121027 20151226 0.00013135 3.2635e-10 TSX
20121030 20130311 4.5732e-05 5.8466e-10 TSX
20121107 20171118 3.5416e-05 4.1431e-10 TSX
20121221 20160208 0.00014249 3.8689e-10 TSX
20121224 20130516 -2.686e-05 5.6857e-10 TSX
20121229 20130407 -3.4198e-05 6.5613e-10 TSX
20130104 20130217 -4.442e-05 7.7389e-10 TSX
20130109 20130715 0.00010809 5.3857e-10 TSX
20130112 20140511 6.7057e-05 3.6966e-10 TSX
20130115 20130721 -8.5823e-05 5.2156e-10 TSX
20130126 20130823 -3.3619e-05 5.0053e-10 TSX
20130131 20130429 -4.9165e-05 6.7809e-10 TSX
20130203 20130729 8.1499e-05 5.2626e-10 TSX
20130211 20130919 7.4117e-05 4.9967e-10 TSX
20130228 20141209 7.8824e-05 3.4185e-10 TSX
20130311 20130801 6.0128e-05 5.6948e-10 TSX
20130316 20130623 -9.4218e-06 6.5621e-10 TSX
20130402 20150122 7.4473e-05 3.5545e-10 TSX
20130407 20140530 4.2864e-05 3.867e-10 TSX
20130421 20171016 1.5237e-05 3.3661e-10 TSX
20130424 20130721 -5.4442e-05 6.6394e-10 TSX
20130429 20130623 -5.0016e-05 7.5507e-10 TSX
20130505 20131028 -0.00038763 5.4109e-10 TSX
20130513 20151112 0.0001483 3.5683e-10 TSX
20130516 20131017 -9.0852e-05 5.7024e-10 TSX
20130521 20130715 0.00043882 7.5523e-10 TSX
20130524 20171129 9.5411e-05 3.538e-10 TSX
20130527 20140627 0.00010138 3.9121e-10 TSX
20130601 20130930 0.00044712 6.1754e-10 TSX
20130604 20141217 0.00011729 3.4555e-10 TSX
20130607 20140719 9.3625e-05 3.8861e-10 TSX
20130612 20150105 5.662e-05 3.4696e-10 TSX
20130615 20160106 0.00016618 3.7163e-10 TSX
20130618 20140708 7.7475e-05 3.9566e-10 TSX
20130623 20130715 0.00075806 8.6379e-10 TSX
20130629 20130914 0.00039567 6.9103e-10 TSX
20130707 20150130 0.00011447 3.4108e-10 TSX
20130710 20140901 8.4243e-05 3.8131e-10 TSX
20130715 20130726 -0.0025504 1.013e-09 TSX
20130721 20131108 0.00069523 6.215e-10 TSX
20130726 20150517 0.00014002 3.3515e-10 TSX
20130729 20160904 5.5069e-05 3.042e-10 TSX
20130801 20151115 9.7589e-05 3.2204e-10 TSX
20130817 20140209 -0.00012468 5.41e-10 TSX
20130828 20150312 5.6567e-05 3.4469e-10 TSX
20130903 20150329 -6.0918e-05 3.3329e-10 TSX
20130919 20160309 4.0304e-05 3.1379e-10 TSX
20130925 20140708 -3.3384e-05 4.3195e-10 TSX
20130930 20160411 6.9803e-05 2.9928e-10 TSX
20131011 20150802 8.1902e-05 3.3495e-10 TSX
20131017 20140719 3.9645e-05 4.3924e-10 TSX
20131028 20160304 -5.9529e-05 3.2421e-10 TSX
20131102 20140519 -9.8444e-05 5.1714e-10 TSX
20131108 20140708 -5.2732e-05 4.6384e-10 TSX
20140209 20160309 0.00015818 3.2241e-10 TSX
20140223 20140829 0.00011191 5.112e-10 TSX
20140408 20140705 7.3805e-06 6.6131e-10 TSX
20140419 20170913 0.00022586 3.1411e-10 TSX
20140511 20141228 9.6727e-05 4.7142e-10 TSX
20140519 20150824 0.00010618 3.6828e-10 TSX
20140624 20171005 0.00017304 3.1606e-10 TSX
20140627 20151115 8.5199e-05 3.5187e-10 TSX
20140705 20180911 9.0449e-05 3.2575e-10 TSX
20140708 20160406 0.00015487 3.3581e-10 TSX
20140716 20171005 6.3828e-05 3.1519e-10 TSX
20140719 20151207 0.00011075 3.5483e-10 TSX
20140727 20150326 4.5674e-05 4.6156e-10 TSX
20140810 20150122 8.4587e-05 5.3918e-10 TSX
20140818 20160301 0.00015333 3.2956e-10 TSX
20140829 20160208 0.00014987 3.3521e-10 TSX
20140901 20140912 -0.00029285 9.6924e-10 TSX
20140912 20141209 9.0472e-05 6.6409e-10 TSX
20140920 20170902 0.00013907 3.6539e-10 TSX
20141209 20160211 0.00010963 3.6847e-10 TSX
20141217 20160722 0.00017356 3.3446e-10 TSX
20141228 20160106 0.00012252 3.8702e-10 TSX
20141231 20151024 0.00011561 4.287e-10 TSX
20150105 20150824 1.9642e-05 4.8797e-10 TSX
20150108 20170811 0.00021342 3.08e-10 TSX
20150119 20160117 0.00013976 3.8974e-10 TSX
20150127 20160411 4.2507e-05 3.7194e-10 TSX
20150130 20151112 0.00011148 4.3011e-10 TSX
20150210 20170114 0.0002344 3.3568e-10 TSX
20150213 20160326 0.00014362 4.2123e-10 TSX
20150218 20160216 0.00011027 4.0255e-10 TSX
20150221 20180112 9.3177e-05 3.0305e-10 TSX
20150304 20180911 4.3491e-05 3.316e-10 TSX
20150307 20160211 0.00014309 4.0324e-10 TSX
20150312 20160320 5.0032e-05 3.9906e-10 TSX
20150326 20150827 0.00020342 5.5068e-10 TSX
20150329 20151207 0.0001861 4.5522e-10 TSX
20150428 20160425 0.00012642 3.884e-10 TSX
20150509 20150827 0.00013866 6.2075e-10 TSX
20150517 20150824 0.00012723 6.5623e-10 TSX
20150520 20180911 9.9482e-05 3.6259e-10 TSX
20150714 20170822 0.0002147 3.2692e-10 TSX
20150725 20170924 0.00012646 3.1723e-10 TSX
20150802 20160309 2.5817e-05 4.9626e-10 TSX
20150805 20160403 4.5268e-05 4.6382e-10 TSX
20150816 20171107 0.00020969 3.3036e-10 TSX
20150824 20150915 0.00073506 8.6354e-10 TSX
20150827 20170902 0.00023402 3.1508e-10 TSX
20150915 20160216 1.1907e-05 5.6852e-10 TSX
20151021 20160904 2.9336e-05 4.1615e-10 TSX
20151101 20171016 0.00021673 3.3996e-10 TSX
20151112 20160425 2.1895e-05 5.3694e-10 TSX
20151115 20151229 0.00016968 7.7389e-10 TSX
20151123 20171221 0.00013215 3.2987e-10 TSX
20151204 20151215 0.00017092 9.7898e-10 TSX
20151207 20160406 -0.00010217 6.0216e-10 TSX
20151215 20170822 0.00015504 3.7924e-10 TSX
20151226 20161223 0.00019953 3.9527e-10 TSX
20151229 20160211 7.2174e-05 7.7388e-10 TSX
20160106 20161223 0.00018546 4.003e-10 TSX
20160117 20160926 0.00015026 4.5449e-10 TSX
20160128 20160301 -0.00015843 8.0725e-10 TSX
20160208 20160312 -3.3705e-05 8.0725e-10 TSX
20160216 20160309 -0.00041725 8.6354e-10 TSX
20160219 20180319 0.00016786 3.224e-10 TSX
20160301 20161201 0.00019051 4.4052e-10 TSX
20160304 20160326 4.5036e-05 8.499e-10 TSX
20160312 20180319 8.1651e-05 3.1513e-10 TSX
20160320 20160411 0.0003756 8.6355e-10 TSX
20160323 20171118 0.00015549 3.2761e-10 TSX
20160326 20160406 -0.00049969 9.6917e-10 TSX
20160403 20171027 0.00017627 3.4348e-10 TSX
20160425 20170811 0.00019728 3.6229e-10 TSX
20160528 20160630 0.00010103 8.0725e-10 TSX
20160630 20171118 0.0001324 3.4396e-10 TSX
20160722 20161201 0.00021311 5.8137e-10 TSX
20160904 20180707 7.702e-05 3.4281e-10 TSX
20160915 20180911 3.4276e-05 3.603e-10 TSX
20160926 20170114 4.8663e-05 6.1854e-10 TSX
20161201 20171027 5.7152e-05 4.1262e-10 TSX
20161223 20171107 6.8399e-05 4.1681e-10 TSX
20170114 20170902 7.3926e-05 4.7504e-10 TSX
20170811 20171005 3.1505e-07 7.416e-10 TSX
20170822 20180707 -0.00015149 4.1485e-10 TSX
20170913 20180707 -0.0001631 4.2713e-10 TSX
20170924 20180319 -0.00011158 5.2318e-10 TSX
20171005 20171107 5.3927e-05 8.0725e-10 TSX
20171016 20180319 -0.00011273 5.5015e-10 TSX
20171027 20180911 -8.8029e-05 4.1532e-10 TSX
20171107 20171118 8.2795e-05 9.7898e-10 TSX
20171118 20171129 6.5046e-05 9.7898e-10 TSX
20171129 20171221 2.2894e-05 8.5163e-10 TSX
20171210 20180820 -0.0001099 4.538e-10 TSX
20171221 20180911 -0.00012064 4.466e-10 TSX
20180112 20181003 1.1344e-05 4.4646e-10 TSX
20180319 20180707 -0.00010108 6.1804e-10 TSX
20180707 20180911 0.00033999 7.126e-10 TSX
20180729 20181003 0.00020824 7.1263e-10 TSX
20180820 20181003 0.00029931 7.7283e-10 TSX
20180911 20181003 -0.00016114 8.5163e-10 TSX
