20030427 20030914 0.00054374 6.6178e-10 ERS2
20030914 20080629 -0.00010535 3.874e-10 ERS2
20050918 20090510 -2.7498e-05 4.2304e-10 ERS2
20051127 20081116 0.00010236 4.3427e-10 ERS2
20060903 20090510 -9.7135e-05 4.2817e-10 ERS2
20061231 20090105 -2.1591e-05 3.3734e-10 ALOS
20070402 20070703 -0.00018133 7.2258e-10 ALOS
20070518 20091008 -0.00011732 3.1992e-10 ALOS
20070818 20071003 -0.00047843 8.0973e-10 ALOS
20071217 20100509 -8.6147e-05 3.2223e-10 ALOS
20080103 20100526 -2.9337e-05 3.1807e-10 ALOS
20080404 20080520 6.5462e-05 8.0973e-10 ALOS
20080618 20090921 -0.00016947 4.1159e-10 ALOS
20080629 20090510 -0.00022281 5.1811e-10 ERS2
20080705 20091008 -0.00021267 4.0039e-10 ALOS
20080803 20090823 -2.6407e-05 4.9412e-10 ERS2
20081116 20090823 3.1675e-05 5.3806e-10 ERS2
20081219 20090921 0.00025088 4.9597e-10 ALOS
20090105 20090708 0.00012518 5.8793e-10 ALOS
20090510 20091101 0.00032249 6.1839e-10 ERS2
20090708 20091008 0.00018923 7.2258e-10 ALOS
20090823 20091101 0.00019223 7.6261e-10 ERS2
20091222 20100624 0.00012591 5.8437e-10 ALOS
20100108 20100223 -0.00014016 8.0979e-10 ALOS
20100223 20100526 4.523e-05 7.2259e-10 ALOS
20100410 20100711 -0.00024278 7.226e-10 ALOS
20100509 20100624 0.00082009 8.0777e-10 ALOS
20100526 20100711 0.00042453 8.0974e-10 ALOS
20100624 20101109 -0.00020235 6.4543e-10 ALOS
20100711 20101011 -0.00035926 7.2264e-10 ALOS
20100809 20101109 -0.0002085 7.1971e-10 ALOS
20101011 20101126 0.00027827 8.0974e-10 ALOS
20110111 20110226 0.00065186 8.0973e-10 ALOS
20110924 20130715 0.00011864 3.4934e-10 TSX
20111005 20121229 7.2535e-05 4.0432e-10 TSX
20111121 20171221 -4.8303e-06 4.4293e-10 TSX
20111221 20130131 8.3488e-05 4.2481e-10 TSX
20111224 20121027 -1.0035e-05 5.4005e-10 TSX
20120126 20140419 2.2235e-05 4.1916e-10 TSX
20120203 20160320 -4.8277e-05 2.5345e-10 TSX
20120206 20171107 -1.0923e-05 3.9578e-10 TSX
20120617 20171129 -5.7917e-06 4.1592e-10 TSX
20120723 20160120 4.4393e-05 2.8196e-10 TSX
20121024 20130109 0.00014691 7.5337e-10 TSX
20121027 20151226 -1.7935e-05 3.9699e-10 TSX
20121030 20130311 4.9774e-06 6.4573e-10 TSX
20121107 20171118 -4.7287e-06 4.1674e-10 TSX
20121221 20160208 -1.2218e-05 4.0152e-10 TSX
20121224 20130516 -0.00012176 6.2964e-10 TSX
20121229 20130407 -3.2462e-05 7.1464e-10 TSX
20130104 20130217 -2.6705e-05 8.0689e-10 TSX
20130109 20130715 9.1278e-05 5.8928e-10 TSX
20130112 20140511 -1.0233e-05 4.8337e-10 TSX
20130115 20130721 -0.00021551 5.723e-10 TSX
20130126 20130823 -0.00031448 5.9779e-10 TSX
20130131 20130429 -0.00010968 7.3365e-10 TSX
20130203 20130729 -3.9471e-05 6.3197e-10 TSX
20130211 20130919 -5.8387e-05 5.5393e-10 TSX
20130228 20141209 3.3777e-05 3.4395e-10 TSX
20130311 20130801 -7.7445e-05 6.2953e-10 TSX
20130316 20130623 3.9768e-05 7.1466e-10 TSX
20130402 20150122 0.00010539 4.0991e-10 TSX
20130407 20140530 -7.5506e-06 4.1918e-10 TSX
20130421 20171016 -1.5609e-05 4.1296e-10 TSX
20130424 20130721 -0.0003059 7.1947e-10 TSX
20130429 20130623 -9.0446e-05 7.9468e-10 TSX
20130505 20131028 -0.00097712 6.0501e-10 TSX
20130513 20151112 -7.1221e-06 4.0481e-10 TSX
20130516 20131017 -0.00033471 6.4756e-10 TSX
20130521 20130715 0.00021979 7.9472e-10 TSX
20130524 20171129 -3.5553e-06 4.2107e-10 TSX
20130527 20140627 -4.9018e-05 4.2843e-10 TSX
20130601 20130930 0.00011811 6.7892e-10 TSX
20130604 20141217 -1.9998e-05 4.7019e-10 TSX
20130607 20140719 -4.2847e-06 4.2402e-10 TSX
20130612 20150105 5.101e-06 3.6726e-10 TSX
20130615 20160106 6.0883e-06 4.0448e-10 TSX
20130618 20140708 -9.9345e-05 4.334e-10 TSX
20130623 20130715 0.00064729 8.7958e-10 TSX
20130629 20130914 0.00040604 7.4184e-10 TSX
20130707 20150130 -1.4002e-05 4.7025e-10 TSX
20130710 20140901 -7.4146e-06 4.2052e-10 TSX
20130715 20130726 -0.0025542 1.0231e-09 TSX
20130721 20131108 0.00090956 6.9286e-10 TSX
20130726 20150517 0.00030818 3.4704e-10 TSX
20130729 20160904 -1.9571e-05 4.0198e-10 TSX
20130801 20151115 3.5636e-05 3.1304e-10 TSX
20130817 20140209 -6.1444e-05 6.0286e-10 TSX
20130828 20150312 2.3302e-05 3.6995e-10 TSX
20130903 20150329 -0.00024188 4.0832e-10 TSX
20130919 20160309 3.7211e-05 2.896e-10 TSX
20130925 20140708 -1.8836e-05 4.7897e-10 TSX
20130930 20160411 2.1295e-05 2.8523e-10 TSX
20131011 20150802 -7.6432e-05 3.4451e-10 TSX
20131017 20140719 -6.2e-05 4.8775e-10 TSX
20131028 20160304 9.4777e-05 3.1398e-10 TSX
20131102 20140519 -0.00025393 5.7727e-10 TSX
20131108 20140708 -8.5084e-06 5.1703e-10 TSX
20140209 20160309 -9.7412e-06 3.2591e-10 TSX
20140223 20140829 -3.1066e-06 6.2128e-10 TSX
20140408 20140705 4.2311e-06 7.3941e-10 TSX
20140419 20170913 -1.0452e-05 4.4066e-10 TSX
20140511 20141228 1.3197e-05 5.8462e-10 TSX
20140519 20150824 0.00013083 3.9946e-10 TSX
20140624 20171005 -8.9667e-06 4.1721e-10 TSX
20140627 20151115 -1.871e-06 3.7447e-10 TSX
20140705 20180911 -4.6864e-06 4.1953e-10 TSX
20140708 20160406 8.9222e-05 3.4503e-10 TSX
20140716 20171005 -1.3662e-05 4.079e-10 TSX
20140719 20151207 3.5114e-05 3.7511e-10 TSX
20140727 20150326 1.0403e-05 5.7714e-10 TSX
20140810 20150122 -6.2926e-06 5.9918e-10 TSX
20140818 20160301 1.1423e-05 4.4753e-10 TSX
20140829 20160208 1.8404e-05 4.518e-10 TSX
20140901 20140912 -0.00030919 9.786e-10 TSX
20140912 20141209 0.0001077 7.1946e-10 TSX
20140920 20170902 -1.0268e-05 4.2779e-10 TSX
20141209 20160211 -1.6153e-05 4.0216e-10 TSX
20141217 20160722 -7.7976e-06 4.4067e-10 TSX
20141228 20160106 -2.7715e-05 4.9846e-10 TSX
20141231 20151024 1.7231e-05 4.7241e-10 TSX
20150105 20150824 -8.2939e-05 5.4284e-10 TSX
20150108 20170811 -1.8176e-05 4.2313e-10 TSX
20150119 20160117 1.7698e-05 5.0351e-10 TSX
20150127 20160411 0.00012323 4.0817e-10 TSX
20150130 20151112 -2.2153e-05 5.4245e-10 TSX
20150210 20170114 -4.0905e-06 4.5432e-10 TSX
20150213 20160326 0.00032032 5.0701e-10 TSX
20150218 20160216 6.2079e-05 4.4553e-10 TSX
20150221 20180112 -2.3539e-06 4.1811e-10 TSX
20150304 20180911 2.4283e-06 4.45e-10 TSX
20150307 20160211 1.6733e-05 4.4481e-10 TSX
20150312 20160320 1.5101e-05 4.3951e-10 TSX
20150326 20150827 -2.613e-05 6.4673e-10 TSX
20150329 20151207 -7.6773e-06 5.066e-10 TSX
20150428 20160425 -1.329e-05 5.0269e-10 TSX
20150509 20150827 -7.0764e-05 7.051e-10 TSX
20150517 20150824 -0.00028641 7.1467e-10 TSX
20150520 20180911 -7.8836e-06 4.1456e-10 TSX
20150714 20170822 -2.3087e-05 4.4311e-10 TSX
20150725 20170924 -1.4008e-05 4.2396e-10 TSX
20150802 20160309 1.974e-05 5.539e-10 TSX
20150805 20160403 1.3663e-05 5.7621e-10 TSX
20150816 20171107 -1.0962e-05 4.248e-10 TSX
20150824 20150915 0.00069554 8.7947e-10 TSX
20150827 20170902 -2.0152e-05 4.2884e-10 TSX
20150915 20160216 -5.2141e-05 6.3107e-10 TSX
20151021 20160904 1.9833e-06 5.3166e-10 TSX
20151101 20171016 -1.3721e-05 4.2675e-10 TSX
20151112 20160425 8.3804e-06 6.434e-10 TSX
20151115 20151229 0.00019458 8.0689e-10 TSX
20151123 20171221 -1.0069e-05 4.338e-10 TSX
20151204 20151215 0.00013748 9.9149e-10 TSX
20151207 20160406 -5.8936e-05 6.6275e-10 TSX
20151215 20170822 4.5901e-06 4.3983e-10 TSX
20151226 20161223 2.3391e-06 5.1756e-10 TSX
20151229 20160211 -4.6409e-06 8.0689e-10 TSX
20160106 20161223 2.4128e-05 5.2186e-10 TSX
20160117 20160926 -2.8073e-05 5.6864e-10 TSX
20160128 20160301 -0.00017065 8.392e-10 TSX
20160208 20160312 -9.3941e-05 8.392e-10 TSX
20160216 20160309 -0.00044989 8.7947e-10 TSX
20160219 20180319 1.4143e-05 4.2464e-10 TSX
20160301 20161201 1.6458e-05 5.5729e-10 TSX
20160304 20160326 6.6659e-05 8.6577e-10 TSX
20160312 20180319 2.0202e-05 4.2781e-10 TSX
20160320 20160411 0.00040133 8.7948e-10 TSX
20160323 20171118 -8.388e-06 4.4181e-10 TSX
20160326 20160406 -0.0005567 9.7853e-10 TSX
20160403 20171027 -1.9919e-05 4.4959e-10 TSX
20160425 20170811 -2.7319e-05 4.6876e-10 TSX
20160528 20160630 -2.8344e-05 8.392e-10 TSX
20160630 20171118 -1.2769e-06 4.6091e-10 TSX
20160722 20161201 6.6601e-05 6.7604e-10 TSX
20160904 20180707 -1.4946e-05 4.5703e-10 TSX
20160915 20180911 2.2209e-05 4.2864e-10 TSX
20160926 20170114 7.4565e-05 7.0562e-10 TSX
20161201 20171027 -2.7071e-05 5.2762e-10 TSX
20161223 20171107 -3.2472e-05 5.2392e-10 TSX
20170114 20170902 -6.5603e-05 5.7921e-10 TSX
20170811 20171005 -3.808e-05 7.9603e-10 TSX
20170822 20180707 4.2902e-05 5.3559e-10 TSX
20170913 20180707 9.6814e-06 5.4469e-10 TSX
20170924 20180319 4.586e-05 6.3213e-10 TSX
20171005 20171107 4.2831e-05 8.392e-10 TSX
20171016 20180319 4.904e-05 6.5498e-10 TSX
20171027 20180911 5.0806e-05 5.3561e-10 TSX
20171107 20171118 6.9883e-05 9.9149e-10 TSX
20171118 20171129 5.3889e-05 9.9149e-10 TSX
20171129 20171221 -2.3791e-05 8.7245e-10 TSX
20171210 20180820 2.1263e-05 5.7024e-10 TSX
20171221 20180911 3.8119e-05 5.6311e-10 TSX
20180112 20181003 7.6567e-05 5.63e-10 TSX
20180319 20180707 -3.3034e-05 7.0569e-10 TSX
20180707 20180911 0.0001673 7.7647e-10 TSX
20180729 20181003 -4.6857e-06 7.7647e-10 TSX
20180820 20181003 0.00013829 8.1647e-10 TSX
20180911 20181003 -0.00016721 8.7246e-10 TSX
