20030427 20030914 -0.0001459 5.9907e-10 ERS2
20030914 20080629 -8.9426e-05 2.7599e-10 ERS2
20050918 20090510 2.2319e-05 3.0697e-10 ERS2
20051127 20081116 -1.171e-05 3.134e-10 ERS2
20060903 20090510 -7.554e-05 3.1803e-10 ERS2
20061231 20090105 -0.00011784 3.2226e-10 ALOS
20070402 20070703 -0.00011669 6.9706e-10 ALOS
20070518 20091008 -0.00010056 3.066e-10 ALOS
20070818 20071003 -0.00035291 7.9829e-10 ALOS
20071217 20100509 -0.00014975 3.1237e-10 ALOS
20080103 20100526 3.3953e-05 3.0444e-10 ALOS
20080404 20080520 -4.3052e-05 7.9827e-10 ALOS
20080618 20090921 -4.8353e-05 3.7763e-10 ALOS
20080629 20090510 -0.00078564 4.2924e-10 ERS2
20080705 20091008 7.8523e-05 3.694e-10 ALOS
20080803 20090823 -5.5801e-05 3.9528e-10 ERS2
20081116 20090823 5.2329e-06 4.4976e-10 ERS2
20081219 20090921 0.00052638 4.6017e-10 ALOS
20090105 20090708 0.00027675 5.5329e-10 ALOS
20090510 20091101 -0.00035625 5.5091e-10 ERS2
20090708 20091008 0.00080955 6.9721e-10 ALOS
20090823 20091101 -2.4667e-05 7.3076e-10 ERS2
20091222 20100624 0.00028462 5.4723e-10 ALOS
20100108 20100223 0.00048572 8.0043e-10 ALOS
20100223 20100526 -0.00018077 6.9879e-10 ALOS
20100410 20100711 -0.00010303 6.9742e-10 ALOS
20100509 20100624 0.00092742 7.9625e-10 ALOS
20100526 20100711 0.00063116 7.9831e-10 ALOS
20100624 20101109 0.00015495 6.1206e-10 ALOS
20100711 20101011 0.00025588 6.9725e-10 ALOS
20100809 20101109 -2.7245e-05 6.9428e-10 ALOS
20101011 20101126 0.0001769 7.9831e-10 ALOS
20110111 20110226 0.000809 7.9827e-10 ALOS
20110924 20130715 5.0828e-05 3.2422e-10 TSX
20111005 20121229 -0.00011323 3.7244e-10 TSX
20111121 20171221 -4.819e-06 3.234e-10 TSX
20111221 20130131 -6.3946e-05 3.9155e-10 TSX
20111224 20121027 -6.5973e-05 4.3701e-10 TSX
20120126 20140419 -6.4955e-06 2.9592e-10 TSX
20120203 20160320 -1.8444e-05 2.9427e-10 TSX
20120206 20171107 -1.7311e-05 3.1064e-10 TSX
20120617 20171129 1.9677e-05 2.919e-10 TSX
20120723 20160120 -4.2546e-05 3.3257e-10 TSX
20121024 20130109 0.00017808 7.3202e-10 TSX
20121027 20151226 1.9799e-05 2.8656e-10 TSX
20121030 20130311 3.8446e-05 6.125e-10 TSX
20121107 20171118 -1.3473e-06 3.1473e-10 TSX
20121221 20160208 3.8712e-05 2.9035e-10 TSX
20121224 20130516 -0.0001994 5.9525e-10 TSX
20121229 20130407 -2.7358e-05 6.8752e-10 TSX
20130104 20130217 4.2621e-05 7.9557e-10 TSX
20130109 20130715 0.00013031 5.5174e-10 TSX
20130112 20140511 4.8112e-05 3.672e-10 TSX
20130115 20130721 -0.00023666 5.3515e-10 TSX
20130126 20130823 -0.00012018 5.8154e-10 TSX
20130131 20130429 -0.00010445 7.0923e-10 TSX
20130203 20130729 -4.3639e-06 5.5265e-10 TSX
20130211 20130919 0.00010805 5.1517e-10 TSX
20130228 20141209 5.1906e-05 3.2027e-10 TSX
20130311 20130801 -9.1938e-05 5.9507e-10 TSX
20130316 20130623 5.2282e-05 6.8752e-10 TSX
20130402 20150122 2.4944e-05 4.0391e-10 TSX
20130407 20140530 -3.8796e-05 3.8693e-10 TSX
20130421 20171016 -5.3781e-06 3.3567e-10 TSX
20130424 20130721 -0.00032062 6.9432e-10 TSX
20130429 20130623 -6.1737e-05 7.8022e-10 TSX
20130505 20131028 -0.0010118 5.6512e-10 TSX
20130513 20151112 5.0594e-05 3.0604e-10 TSX
20130516 20131017 -1.6904e-05 6.2659e-10 TSX
20130521 20130715 0.00038797 7.8025e-10 TSX
20130524 20171129 3.6515e-05 3.4027e-10 TSX
20130527 20140627 -9.0824e-06 3.9215e-10 TSX
20130601 20130930 0.00030613 6.4738e-10 TSX
20130604 20141217 3.4223e-05 3.523e-10 TSX
20130607 20140719 -2.5612e-06 3.8993e-10 TSX
20130612 20150105 1.1794e-05 3.3914e-10 TSX
20130615 20160106 4.3497e-05 3.0847e-10 TSX
20130618 20140708 -5.8766e-06 3.9514e-10 TSX
20130623 20130715 0.00077026 8.7515e-10 TSX
20130629 20130914 0.00045554 7.2722e-10 TSX
20130707 20150130 4.4425e-05 3.4751e-10 TSX
20130710 20140901 3.7043e-05 3.879e-10 TSX
20130715 20130726 -0.0024827 1.0206e-09 TSX
20130721 20131108 0.0013882 7.0264e-10 TSX
20130726 20150517 -2.1236e-05 3.3005e-10 TSX
20130729 20160904 -3.3366e-05 2.8871e-10 TSX
20130801 20151115 5.025e-05 3.1685e-10 TSX
20130817 20140209 -0.0001034 5.654e-10 TSX
20130828 20150312 0.00010655 3.4361e-10 TSX
20130903 20150329 -0.00012541 4.317e-10 TSX
20130919 20160309 -4.1669e-05 3.4701e-10 TSX
20130925 20140708 -0.0003009 5.4242e-10 TSX
20130930 20160411 -2.0672e-05 3.5776e-10 TSX
20131011 20150802 5.3194e-05 3.5119e-10 TSX
20131017 20140719 5.1085e-05 5.0667e-10 TSX
20131028 20160304 -8.2085e-05 3.3373e-10 TSX
20131102 20140519 -0.00018248 5.3892e-10 TSX
20131108 20140708 -0.0002182 5.8993e-10 TSX
20140209 20160309 5.9713e-05 3.781e-10 TSX
20140223 20140829 5.9763e-05 5.3906e-10 TSX
20140408 20140705 3.2577e-05 6.9673e-10 TSX
20140419 20170913 -1.5314e-05 3.3652e-10 TSX
20140511 20141228 8.1453e-05 4.9323e-10 TSX
20140519 20150824 7.7224e-05 3.6667e-10 TSX
20140624 20171005 2.7035e-05 3.0311e-10 TSX
20140627 20151115 2.6791e-05 3.484e-10 TSX
20140705 20180911 -3.1071e-06 3.3513e-10 TSX
20140708 20160406 3.1523e-05 3.3499e-10 TSX
20140716 20171005 -1.0199e-05 2.9587e-10 TSX
20140719 20151207 2.6084e-05 3.4655e-10 TSX
20140727 20150326 1.6022e-05 4.8417e-10 TSX
20140810 20150122 -7.6994e-05 5.9388e-10 TSX
20140818 20160301 -1.7869e-05 3.3502e-10 TSX
20140829 20160208 -1.1496e-05 3.4198e-10 TSX
20140901 20140912 -0.00030527 9.7666e-10 TSX
20140912 20141209 3.4969e-06 6.9432e-10 TSX
20140920 20170902 -3.8493e-05 3.2062e-10 TSX
20141209 20160211 -7.3631e-05 3.7288e-10 TSX
20141217 20160722 -4.9611e-05 3.2734e-10 TSX
20141228 20160106 -4.3549e-05 3.9533e-10 TSX
20141231 20151024 1.7552e-05 4.3818e-10 TSX
20150105 20150824 -7.4337e-05 5.0396e-10 TSX
20150108 20170811 -5.1556e-05 2.9056e-10 TSX
20150119 20160117 -3.2176e-05 3.9997e-10 TSX
20150127 20160411 9.2967e-06 3.8139e-10 TSX
20150130 20151112 5.1055e-06 4.4605e-10 TSX
20150210 20170114 -2.1445e-05 3.3678e-10 TSX
20150213 20160326 2.3487e-05 4.1492e-10 TSX
20150218 20160216 5.5104e-06 4.1016e-10 TSX
20150221 20180112 -4.6995e-05 4.0665e-10 TSX
20150304 20180911 -6.8826e-05 3.5331e-10 TSX
20150307 20160211 -2.4846e-05 4.0987e-10 TSX
20150312 20160320 -0.00018576 4.0392e-10 TSX
20150326 20150827 -3.0573e-05 5.8087e-10 TSX
20150329 20151207 1.61e-05 4.6925e-10 TSX
20150428 20160425 -6.1334e-06 3.997e-10 TSX
20150509 20150827 4.6246e-05 6.5309e-10 TSX
20150517 20150824 5.5817e-05 6.8751e-10 TSX
20150520 20180911 -3.8671e-05 3.2391e-10 TSX
20150714 20170822 -4.4795e-05 3.2089e-10 TSX
20150725 20170924 -1.8003e-05 3.0842e-10 TSX
20150802 20160309 -0.00012801 5.1573e-10 TSX
20150805 20160403 -2.206e-05 4.8345e-10 TSX
20150816 20171107 -3.3082e-05 3.1104e-10 TSX
20150824 20150915 0.00078473 8.7504e-10 TSX
20150827 20170902 -3.2405e-05 3.0121e-10 TSX
20150915 20160216 -0.00015633 5.9532e-10 TSX
20151021 20160904 -0.00017513 4.2882e-10 TSX
20151101 20171016 -4.4539e-05 3.0857e-10 TSX
20151112 20160425 -0.00012707 5.669e-10 TSX
20151115 20151229 9.2452e-05 7.9557e-10 TSX
20151123 20171221 -4.1485e-05 3.2361e-10 TSX
20151204 20151215 0.00015953 9.8714e-10 TSX
20151207 20160406 -0.00019032 6.3104e-10 TSX
20151215 20170822 -2.0176e-05 3.3027e-10 TSX
20151226 20161223 -4.6243e-05 4.0687e-10 TSX
20151229 20160211 -4.1998e-05 7.9557e-10 TSX
20160106 20161223 -1.0773e-05 4.1298e-10 TSX
20160117 20160926 -5.9665e-05 4.7382e-10 TSX
20160128 20160301 -0.00017787 8.2619e-10 TSX
20160208 20160312 -0.00017228 8.2619e-10 TSX
20160216 20160309 -0.00042616 8.7504e-10 TSX
20160219 20180319 3.8206e-06 3.065e-10 TSX
20160301 20161201 3.6166e-05 4.5815e-10 TSX
20160304 20160326 5.6925e-05 8.6152e-10 TSX
20160312 20180319 2.57e-05 2.9984e-10 TSX
20160320 20160411 0.00037057 8.7505e-10 TSX
20160323 20171118 -1.4368e-05 3.2404e-10 TSX
20160326 20160406 -0.00053086 9.7659e-10 TSX
20160403 20171027 -2.4529e-06 3.3166e-10 TSX
20160425 20170811 -1.4501e-05 3.5574e-10 TSX
20160528 20160630 2.4553e-05 8.2619e-10 TSX
20160630 20171118 4.1688e-06 3.4851e-10 TSX
20160722 20161201 0.00016161 6.1563e-10 TSX
20160904 20180707 2.8964e-05 3.323e-10 TSX
20160915 20180911 -2.666e-05 3.0946e-10 TSX
20160926 20170114 9.3515e-05 6.5349e-10 TSX
20161201 20171027 -1.6969e-05 4.2379e-10 TSX
20161223 20171107 -3.0476e-05 4.2397e-10 TSX
20170114 20170902 -5.2174e-05 4.9133e-10 TSX
20170811 20171005 -2.2968e-06 7.7077e-10 TSX
20170822 20180707 -1.064e-05 4.3045e-10 TSX
20170913 20180707 -7.8126e-05 4.4316e-10 TSX
20170924 20180319 0.00010792 5.5278e-10 TSX
20171005 20171107 6.5838e-05 8.2619e-10 TSX
20171016 20180319 0.00013834 5.8217e-10 TSX
20171027 20180911 -7.3019e-05 4.3066e-10 TSX
20171107 20171118 9.4321e-05 9.8714e-10 TSX
20171118 20171129 5.1896e-05 9.8714e-10 TSX
20171129 20171221 -4.8551e-05 8.6457e-10 TSX
20171210 20180820 -0.00010924 4.7504e-10 TSX
20171221 20180911 -0.00013127 4.6608e-10 TSX
20180112 20181003 4.8324e-05 4.6612e-10 TSX
20180319 20180707 -0.00027244 6.5346e-10 TSX
20180707 20180911 9.8045e-05 7.4505e-10 TSX
20180729 20181003 -2.2456e-06 7.4505e-10 TSX
20180820 20181003 0.00017843 7.9747e-10 TSX
20180911 20181003 -0.00013839 8.6458e-10 TSX
