20030427 20030914 -0.00017807 5.6642e-10 ERS2
20030914 20080629 3.2661e-05 2.7008e-10 ERS2
20050918 20090510 0.00014992 3.0425e-10 ERS2
20051127 20081116 1.514e-05 3.0919e-10 ERS2
20060903 20090510 -0.00023402 3.1031e-10 ERS2
20061231 20090105 2.5044e-05 3.4177e-10 ALOS
20070402 20070703 -7.2896e-05 6.6675e-10 ALOS
20070518 20091008 0.00017201 3.0955e-10 ALOS
20070818 20071003 -0.00026747 7.7569e-10 ALOS
20071217 20100509 6.1284e-05 3.2653e-10 ALOS
20080103 20100526 0.00020983 3.0123e-10 ALOS
20080404 20080520 0.00015343 7.7575e-10 ALOS
20080618 20090921 0.00012676 3.7698e-10 ALOS
20080629 20090510 -0.00012882 4.1837e-10 ERS2
20080705 20091008 0.00026599 3.6911e-10 ALOS
20080803 20090823 -7.6926e-05 3.8299e-10 ERS2
20081116 20090823 0.00015253 4.3205e-10 ERS2
20081219 20090921 0.00050882 4.4638e-10 ALOS
20090105 20090708 0.00015369 5.3156e-10 ALOS
20090510 20091101 -8.0926e-05 5.2108e-10 ERS2
20090708 20091008 0.00081791 6.6624e-10 ALOS
20090823 20091101 -0.00017781 6.9854e-10 ERS2
20091222 20100624 0.00014919 5.2764e-10 ALOS
20100108 20100223 0.00049623 7.7627e-10 ALOS
20100223 20100526 9.1549e-05 6.6797e-10 ALOS
20100410 20100711 0.00016071 6.6633e-10 ALOS
20100509 20100624 0.00058671 7.7365e-10 ALOS
20100526 20100711 0.00045565 7.7574e-10 ALOS
20100624 20101109 0.00026049 5.84e-10 ALOS
20100711 20101011 0.00060017 6.6622e-10 ALOS
20100809 20101109 -0.00016501 6.6353e-10 ALOS
20101011 20101126 -2.3625e-06 7.7576e-10 ALOS
20110111 20110226 0.00066237 7.7568e-10 ALOS
20110924 20130715 0.00026954 3.4249e-10 TSX
20111005 20121229 8.7733e-05 3.7158e-10 TSX
20111121 20171221 6.4301e-05 3.3601e-10 TSX
20111221 20130131 0.00014007 3.859e-10 TSX
20111224 20121027 0.00011098 4.194e-10 TSX
20120126 20140419 -0.00011753 3.1579e-10 TSX
20120203 20160320 7.9681e-05 3.7075e-10 TSX
20120206 20171107 -5.4612e-05 2.9791e-10 TSX
20120617 20171129 0.00013272 3.0814e-10 TSX
20120723 20160120 7.1527e-05 3.7487e-10 TSX
20121024 20130109 0.00026109 7.012e-10 TSX
20121027 20151226 2.5057e-05 3.6298e-10 TSX
20121030 20130311 9.2597e-05 5.8465e-10 TSX
20121107 20171118 -1.8308e-05 3.2563e-10 TSX
20121221 20160208 0.00016224 3.3202e-10 TSX
20121224 20130516 6.5835e-05 5.6954e-10 TSX
20121229 20130407 3.532e-06 6.5608e-10 TSX
20130104 20130217 -2.1176e-05 7.7352e-10 TSX
20130109 20130715 0.00021695 5.3151e-10 TSX
20130112 20140511 6.6326e-05 3.6711e-10 TSX
20130115 20130721 5.0801e-05 5.1614e-10 TSX
20130126 20130823 3.7334e-05 5.0398e-10 TSX
20130131 20130429 1.7636e-05 6.7799e-10 TSX
20130203 20130729 0.00012905 5.2366e-10 TSX
20130211 20130919 0.00014033 4.9876e-10 TSX
20130228 20141209 0.00020969 3.3717e-10 TSX
20130311 20130801 0.00010966 5.7038e-10 TSX
20130316 20130623 7.1857e-05 6.5669e-10 TSX
20130402 20150122 0.00010463 3.8889e-10 TSX
20130407 20140530 9.4625e-05 3.8879e-10 TSX
20130421 20171016 0.00010595 2.9599e-10 TSX
20130424 20130721 4.2422e-05 6.6466e-10 TSX
20130429 20130623 -1.4191e-06 7.5473e-10 TSX
20130505 20131028 -0.00037368 5.3748e-10 TSX
20130513 20151112 0.00022548 3.3856e-10 TSX
20130516 20131017 -3.6e-05 5.5898e-10 TSX
20130521 20130715 0.00048279 7.5474e-10 TSX
20130524 20171129 4.7133e-05 3.3454e-10 TSX
20130527 20140627 0.00019202 3.8727e-10 TSX
20130601 20130930 0.00044503 6.1719e-10 TSX
20130604 20141217 0.00011394 3.5625e-10 TSX
20130607 20140719 0.00018771 3.8462e-10 TSX
20130612 20150105 0.00016726 3.4547e-10 TSX
20130615 20160106 0.00012795 3.1329e-10 TSX
20130618 20140708 0.0001077 3.944e-10 TSX
20130623 20130715 0.00075986 8.6302e-10 TSX
20130629 20130914 0.00040789 6.8899e-10 TSX
20130707 20150130 7.1182e-05 3.4429e-10 TSX
20130710 20140901 0.00013967 3.8227e-10 TSX
20130715 20130726 -0.002538 1.0122e-09 TSX
20130721 20131108 0.00063168 6.2171e-10 TSX
20130726 20150517 0.00023731 3.3223e-10 TSX
20130729 20160904 0.00010354 2.9802e-10 TSX
20130801 20151115 0.00026908 3.5587e-10 TSX
20130817 20140209 -6.8932e-05 5.4138e-10 TSX
20130828 20150312 0.00018904 3.5658e-10 TSX
20130903 20150329 0.00020736 3.6561e-10 TSX
20130919 20160309 0.00019332 3.5105e-10 TSX
20130925 20140708 5.8132e-05 4.3218e-10 TSX
20130930 20160411 0.00014825 3.3128e-10 TSX
20131011 20150802 0.00014578 3.3749e-10 TSX
20131017 20140719 0.00014636 4.4065e-10 TSX
20131028 20160304 5.9386e-05 3.4423e-10 TSX
20131102 20140519 -6.8387e-05 5.1709e-10 TSX
20131108 20140708 4.5892e-06 4.6381e-10 TSX
20140209 20160309 0.00025209 3.5175e-10 TSX
20140223 20140829 0.00015492 5.1121e-10 TSX
20140408 20140705 1.7486e-05 6.6125e-10 TSX
20140419 20170913 0.00018809 2.9355e-10 TSX
20140511 20141228 0.00010947 4.709e-10 TSX
20140519 20150824 0.00022432 3.7649e-10 TSX
20140624 20171005 0.00016091 3.3286e-10 TSX
20140627 20151115 0.00020339 3.6137e-10 TSX
20140705 20180911 4.1937e-05 2.989e-10 TSX
20140708 20160406 0.00027747 3.3912e-10 TSX
20140716 20171005 0.00016227 3.2652e-10 TSX
20140719 20151207 0.00023003 3.7118e-10 TSX
20140727 20150326 2.5125e-05 4.6158e-10 TSX
20140810 20150122 0.00018109 5.3928e-10 TSX
20140818 20160301 0.00014628 3.4759e-10 TSX
20140829 20160208 0.00017194 3.4581e-10 TSX
20140901 20140912 -0.00029221 9.6865e-10 TSX
20140912 20141209 0.00010107 6.6409e-10 TSX
20140920 20170902 0.00015289 3.3359e-10 TSX
20141209 20160211 0.00018017 3.6777e-10 TSX
20141217 20160722 0.00016274 3.5465e-10 TSX
20141228 20160106 0.00014533 3.9254e-10 TSX
20141231 20151024 0.00020634 4.3007e-10 TSX
20150105 20150824 7.3286e-05 4.9067e-10 TSX
20150108 20170811 0.0002719 3.1959e-10 TSX
20150119 20160117 0.00015045 3.9616e-10 TSX
20150127 20160411 0.0001469 3.8451e-10 TSX
20150130 20151112 0.00015779 4.3715e-10 TSX
20150210 20170114 0.00019064 3.4348e-10 TSX
20150213 20160326 0.00022214 4.4716e-10 TSX
20150218 20160216 0.00017552 4.06e-10 TSX
20150221 20180112 0.00014393 3.1289e-10 TSX
20150304 20180911 1.7835e-05 3.0881e-10 TSX
20150307 20160211 0.00024532 4.0355e-10 TSX
20150312 20160320 0.0001063 3.9977e-10 TSX
20150326 20150827 0.00027053 5.502e-10 TSX
20150329 20151207 0.00027869 4.57e-10 TSX
20150428 20160425 0.0001482 4.0827e-10 TSX
20150509 20150827 0.00028962 6.2214e-10 TSX
20150517 20150824 0.000197 6.5779e-10 TSX
20150520 20180911 8.1448e-05 3.3357e-10 TSX
20150714 20170822 0.00020718 3.2424e-10 TSX
20150725 20170924 0.00028402 3.2669e-10 TSX
20150802 20160309 6.0716e-05 4.969e-10 TSX
20150805 20160403 1.0134e-05 4.6536e-10 TSX
20150816 20171107 0.00014958 3.3402e-10 TSX
20150824 20150915 0.00072303 8.6285e-10 TSX
20150827 20170902 0.00017474 3.247e-10 TSX
20150915 20160216 6.7855e-05 5.6823e-10 TSX
20151021 20160904 2.6494e-05 4.2019e-10 TSX
20151101 20171016 0.00015704 3.2382e-10 TSX
20151112 20160425 -1.4254e-06 5.3819e-10 TSX
20151115 20151229 0.00020456 7.7354e-10 TSX
20151123 20171221 0.00011481 3.2936e-10 TSX
20151204 20151215 0.00017184 9.7851e-10 TSX
20151207 20160406 -7.3609e-05 6.0216e-10 TSX
20151215 20170822 0.00016963 3.5866e-10 TSX
20151226 20161223 0.00017447 3.9551e-10 TSX
20151229 20160211 6.0792e-05 7.7353e-10 TSX
20160106 20161223 0.00016759 4.0111e-10 TSX
20160117 20160926 0.00016294 4.5511e-10 TSX
20160128 20160301 -0.00019109 8.0684e-10 TSX
20160208 20160312 -2.8773e-05 8.0684e-10 TSX
20160216 20160309 -0.00042519 8.6284e-10 TSX
20160219 20180319 -0.00010693 3.2475e-10 TSX
20160301 20161201 0.000214 4.3989e-10 TSX
20160304 20160326 3.9981e-05 8.4935e-10 TSX
20160312 20180319 0.0001365 3.4321e-10 TSX
20160320 20160411 0.00039115 8.6284e-10 TSX
20160323 20171118 0.00022476 3.3752e-10 TSX
20160326 20160406 -0.00048957 9.6858e-10 TSX
20160403 20171027 0.00023066 3.547e-10 TSX
20160425 20170811 0.00019261 3.889e-10 TSX
20160528 20160630 9.9e-05 8.0684e-10 TSX
20160630 20171118 0.00014469 3.6623e-10 TSX
20160722 20161201 0.00016512 5.8137e-10 TSX
20160904 20180707 5.6478e-05 3.5919e-10 TSX
20160915 20180911 0.00015362 3.2855e-10 TSX
20160926 20170114 -3.1434e-05 6.1816e-10 TSX
20161201 20171027 6.0779e-05 4.3082e-10 TSX
20161223 20171107 8.3243e-05 4.1749e-10 TSX
20170114 20170902 0.00012559 4.8956e-10 TSX
20170811 20171005 -3.8216e-05 7.4139e-10 TSX
20170822 20180707 -0.00012126 4.1482e-10 TSX
20170913 20180707 -0.00013213 4.3171e-10 TSX
20170924 20180319 -0.00019848 5.2316e-10 TSX
20171005 20171107 3.3213e-05 8.0684e-10 TSX
20171016 20180319 -0.00019992 5.5007e-10 TSX
20171027 20180911 -2.0558e-05 4.1479e-10 TSX
20171107 20171118 7.8141e-05 9.7851e-10 TSX
20171118 20171129 5.922e-05 9.7851e-10 TSX
20171129 20171221 1.1638e-05 8.5117e-10 TSX
20171210 20180820 -5.2138e-05 4.535e-10 TSX
20171221 20180911 -5.3042e-05 4.4639e-10 TSX
20180112 20181003 7.5841e-05 4.5006e-10 TSX
20180319 20180707 -1.1723e-05 6.1787e-10 TSX
20180707 20180911 0.00032331 7.1248e-10 TSX
20180729 20181003 0.00018979 7.1248e-10 TSX
20180820 20181003 0.0002808 7.7251e-10 TSX
20180911 20181003 -0.00015739 8.5117e-10 TSX
