20030427 20030914 0.0001274 5.6579e-10 ERS2
20030914 20080629 -4.6238e-05 2.6851e-10 ERS2
20050918 20090510 9.7149e-05 2.9824e-10 ERS2
20051127 20081116 0.00012751 3.2236e-10 ERS2
20060903 20090510 0.00011064 3.1291e-10 ERS2
20061231 20090105 0.00021486 3.1587e-10 ALOS
20070402 20070703 -0.00013025 6.6646e-10 ALOS
20070518 20091008 7.6661e-05 3.0604e-10 ALOS
20070818 20071003 -0.0001555 7.759e-10 ALOS
20071217 20100509 -2.3335e-06 3.1653e-10 ALOS
20080103 20100526 0.00010062 3.0885e-10 ALOS
20080404 20080520 2.4778e-05 7.7589e-10 ALOS
20080618 20090921 0.00021175 3.7256e-10 ALOS
20080629 20090510 -0.00032696 4.1499e-10 ERS2
20080705 20091008 0.00030931 3.6499e-10 ALOS
20080803 20090823 -1.7162e-05 3.8272e-10 ERS2
20081116 20090823 5.0939e-05 4.3205e-10 ERS2
20081219 20090921 0.00018802 4.4632e-10 ALOS
20090105 20090708 0.00016559 5.3532e-10 ALOS
20090510 20091101 0.00018409 5.2124e-10 ERS2
20090708 20091008 0.0007618 6.6619e-10 ALOS
20090823 20091101 -2.8917e-05 6.9872e-10 ERS2
20091222 20100624 0.00047574 5.2639e-10 ALOS
20100108 20100223 0.00047391 7.7648e-10 ALOS
20100223 20100526 -0.0002176 6.6683e-10 ALOS
20100410 20100711 -0.00022413 6.6711e-10 ALOS
20100509 20100624 0.00081886 7.7381e-10 ALOS
20100526 20100711 0.00069388 7.7591e-10 ALOS
20100624 20101109 0.00034168 5.8402e-10 ALOS
20100711 20101011 0.00068011 6.6634e-10 ALOS
20100809 20101109 7.5123e-05 6.6362e-10 ALOS
20101011 20101126 -3.5208e-05 7.759e-10 ALOS
20110111 20110226 0.00091782 7.7587e-10 ALOS
20110924 20130715 8.0445e-05 3.2404e-10 TSX
20111005 20121229 -0.00025707 3.6845e-10 TSX
20111121 20171221 -5.2904e-06 3.5833e-10 TSX
20111221 20130131 4.5896e-05 3.8545e-10 TSX
20111224 20121027 5.5137e-06 4.1929e-10 TSX
20120126 20140419 1.725e-06 3.0546e-10 TSX
20120203 20160320 0.00010663 2.6658e-10 TSX
20120206 20171107 3.488e-05 3.1207e-10 TSX
20120617 20171129 3.6526e-05 3.2204e-10 TSX
20120723 20160120 0.00012122 3.0116e-10 TSX
20121024 20130109 6.3006e-05 7.0178e-10 TSX
20121027 20151226 -3.6142e-05 3.2982e-10 TSX
20121030 20130311 -1.988e-05 5.8467e-10 TSX
20121107 20171118 2.8585e-05 3.4303e-10 TSX
20121221 20160208 -1.3656e-05 3.1172e-10 TSX
20121224 20130516 0.00011568 5.6851e-10 TSX
20121229 20130407 0.00015159 6.5616e-10 TSX
20130104 20130217 0.00011219 7.7359e-10 TSX
20130109 20130715 0.00034623 5.2832e-10 TSX
20130112 20140511 1.2825e-05 3.5663e-10 TSX
20130115 20130721 0.00010946 5.1397e-10 TSX
20130126 20130823 -0.00010806 5.2408e-10 TSX
20130131 20130429 -6.3376e-05 6.781e-10 TSX
20130203 20130729 6.8991e-05 5.2317e-10 TSX
20130211 20130919 0.00045398 4.961e-10 TSX
20130228 20141209 0.00015324 3.1995e-10 TSX
20130311 20130801 0.00026618 5.6846e-10 TSX
20130316 20130623 0.00032847 6.5616e-10 TSX
20130402 20150122 0.00011124 3.8733e-10 TSX
20130407 20140530 0.00019747 3.8087e-10 TSX
20130421 20171016 1.4216e-05 3.1536e-10 TSX
20130424 20130721 -5.1108e-05 6.6405e-10 TSX
20130429 20130623 9.4589e-05 7.5468e-10 TSX
20130505 20131028 -0.00042255 5.9834e-10 TSX
20130513 20151112 4.0645e-06 3.3299e-10 TSX
20130516 20131017 -0.00042635 5.7995e-10 TSX
20130521 20130715 0.00048452 7.547e-10 TSX
20130524 20171129 3.339e-05 3.6989e-10 TSX
20130527 20140627 0.00021522 3.8385e-10 TSX
20130601 20130930 0.00038469 6.1702e-10 TSX
20130604 20141217 -1.994e-05 3.5428e-10 TSX
20130607 20140719 0.00021916 3.7986e-10 TSX
20130612 20150105 3.883e-05 3.3883e-10 TSX
20130615 20160106 -4.7577e-05 3.0802e-10 TSX
20130618 20140708 0.00016405 3.8795e-10 TSX
20130623 20130715 0.00075321 8.6338e-10 TSX
20130629 20130914 0.00054616 6.9888e-10 TSX
20130707 20150130 -5.5073e-05 3.4229e-10 TSX
20130710 20140901 0.00020416 3.772e-10 TSX
20130715 20130726 -0.0024536 1.0128e-09 TSX
20130721 20131108 0.0010829 6.7096e-10 TSX
20130726 20150517 -7.7001e-05 3.274e-10 TSX
20130729 20160904 -4.3242e-05 3.221e-10 TSX
20130801 20151115 3.6341e-05 3.0274e-10 TSX
20130817 20140209 -8.187e-05 5.4098e-10 TSX
20130828 20150312 -0.00011072 3.4624e-10 TSX
20130903 20150329 -2.3057e-05 4.0062e-10 TSX
20130919 20160309 -0.00012653 2.9573e-10 TSX
20130925 20140708 -5.5105e-05 5.2489e-10 TSX
20130930 20160411 4.1982e-05 3.5842e-10 TSX
20131011 20150802 3.2886e-05 3.3074e-10 TSX
20131017 20140719 0.00012203 4.463e-10 TSX
20131028 20160304 6.544e-05 3.8277e-10 TSX
20131102 20140519 -0.00022305 5.1713e-10 TSX
20131108 20140708 -0.00023508 5.7679e-10 TSX
20140209 20160309 1.5418e-05 3.2608e-10 TSX
20140223 20140829 0.0002363 5.1114e-10 TSX
20140408 20140705 -3.8435e-05 6.6144e-10 TSX
20140419 20170913 6.3544e-05 3.7289e-10 TSX
20140511 20141228 4.1624e-05 4.7032e-10 TSX
20140519 20150824 0.00021039 3.7766e-10 TSX
20140624 20171005 1.6176e-05 3.4889e-10 TSX
20140627 20151115 -6.3558e-05 3.4809e-10 TSX
20140705 20180911 3.107e-05 3.112e-10 TSX
20140708 20160406 -5.1774e-05 3.2659e-10 TSX
20140716 20171005 -1.3851e-05 3.331e-10 TSX
20140719 20151207 -0.00010893 3.476e-10 TSX
20140727 20150326 -0.00010181 4.6214e-10 TSX
20140810 20150122 -0.00035654 5.4935e-10 TSX
20140818 20160301 -0.00012389 3.3709e-10 TSX
20140829 20160208 -0.00012752 3.6783e-10 TSX
20140901 20140912 -0.00031767 9.6901e-10 TSX
20140912 20141209 -0.0002444 6.6405e-10 TSX
20140920 20170902 1.0014e-05 3.304e-10 TSX
20141209 20160211 -7.7453e-05 3.681e-10 TSX
20141217 20160722 -3.7119e-05 3.7746e-10 TSX
20141228 20160106 -6.3854e-05 3.9461e-10 TSX
20141231 20151024 0.00032442 4.267e-10 TSX
20150105 20150824 0.00019482 4.8743e-10 TSX
20150108 20170811 4.9858e-05 3.7457e-10 TSX
20150119 20160117 -5.7734e-05 3.9687e-10 TSX
20150127 20160411 6.9984e-06 3.8849e-10 TSX
20150130 20151112 3.1774e-05 4.3665e-10 TSX
20150210 20170114 -1.8946e-06 3.541e-10 TSX
20150213 20160326 0.00010954 4.3596e-10 TSX
20150218 20160216 4.983e-05 4.051e-10 TSX
20150221 20180112 0.00014614 3.8196e-10 TSX
20150304 20180911 5.5454e-06 3.1113e-10 TSX
20150307 20160211 0.00011938 4.0395e-10 TSX
20150312 20160320 0.00026569 4.0069e-10 TSX
20150326 20150827 9.8327e-05 5.5425e-10 TSX
20150329 20151207 0.00012296 4.554e-10 TSX
20150428 20160425 6.1662e-05 4.0201e-10 TSX
20150509 20150827 0.00023853 6.2042e-10 TSX
20150517 20150824 0.00035975 6.5627e-10 TSX
20150520 20180911 -3.2082e-05 3.1701e-10 TSX
20150714 20170822 -2.6063e-05 3.6261e-10 TSX
20150725 20170924 -4.3676e-06 3.2911e-10 TSX
20150802 20160309 -0.00030652 4.9937e-10 TSX
20150805 20160403 -0.00012781 4.7535e-10 TSX
20150816 20171107 4.0142e-05 3.5339e-10 TSX
20150824 20150915 0.00085534 8.6328e-10 TSX
20150827 20170902 -9.888e-06 3.3027e-10 TSX
20150915 20160216 -0.00057084 5.6853e-10 TSX
20151021 20160904 -0.0002274 4.231e-10 TSX
20151101 20171016 -2.9857e-06 3.2841e-10 TSX
20151112 20160425 -0.00015966 5.3933e-10 TSX
20151115 20151229 1.8628e-05 7.7359e-10 TSX
20151123 20171221 3.0082e-05 3.2504e-10 TSX
20151204 20151215 0.00015394 9.7923e-10 TSX
20151207 20160406 -0.00016206 6.0218e-10 TSX
20151215 20170822 7.834e-05 3.3888e-10 TSX
20151226 20161223 5.4616e-06 3.9954e-10 TSX
20151229 20160211 -6.7563e-05 7.7359e-10 TSX
20160106 20161223 1.8347e-05 4.0044e-10 TSX
20160117 20160926 4.7671e-05 4.5925e-10 TSX
20160128 20160301 -0.0001277 8.0738e-10 TSX
20160208 20160312 -0.00016574 8.0738e-10 TSX
20160216 20160309 -0.00041568 8.6328e-10 TSX
20160219 20180319 0.00014648 3.4671e-10 TSX
20160301 20161201 4.6283e-05 4.4266e-10 TSX
20160304 20160326 0.00011389 8.496e-10 TSX
20160312 20180319 0.00014347 3.3433e-10 TSX
20160320 20160411 0.00030881 8.6329e-10 TSX
20160323 20171118 5.6993e-05 3.2989e-10 TSX
20160326 20160406 -0.00053973 9.6894e-10 TSX
20160403 20171027 8.4635e-05 3.4595e-10 TSX
20160425 20170811 0.00012303 3.6192e-10 TSX
20160528 20160630 2.3818e-05 8.0738e-10 TSX
20160630 20171118 7.1337e-05 3.5638e-10 TSX
20160722 20161201 9.5015e-05 5.8141e-10 TSX
20160904 20180707 -1.0022e-05 3.4161e-10 TSX
20160915 20180911 -4.6592e-05 3.2163e-10 TSX
20160926 20170114 -4.2337e-05 6.1829e-10 TSX
20161201 20171027 0.00013016 4.1174e-10 TSX
20161223 20171107 0.00013254 4.2065e-10 TSX
20170114 20170902 0.0001482 4.7548e-10 TSX
20170811 20171005 -7.6e-05 7.417e-10 TSX
20170822 20180707 -0.00016261 4.1393e-10 TSX
20170913 20180707 -0.00021609 4.2816e-10 TSX
20170924 20180319 0.00030737 5.2325e-10 TSX
20171005 20171107 8.9682e-05 8.0738e-10 TSX
20171016 20180319 0.00031938 5.5014e-10 TSX
20171027 20180911 -0.00021705 4.1383e-10 TSX
20171107 20171118 8.9581e-05 9.7923e-10 TSX
20171118 20171129 3.0204e-05 9.7923e-10 TSX
20171129 20171221 -7.2413e-05 8.5181e-10 TSX
20171210 20180820 -0.00026261 4.5349e-10 TSX
20171221 20180911 -0.00011754 4.4576e-10 TSX
20180112 20181003 0.00025876 4.4726e-10 TSX
20180319 20180707 -0.00077268 6.1809e-10 TSX
20180707 20180911 0.00013978 7.1276e-10 TSX
20180729 20181003 0.00039068 7.1276e-10 TSX
20180820 20181003 0.00047793 7.7296e-10 TSX
20180911 20181003 1.0259e-05 8.5181e-10 TSX
