20030427 20030914 -8.1253e-05 5.7301e-10 ERS2
20030914 20080629 -6.3133e-05 2.7167e-10 ERS2
20050918 20090510 -1.1063e-05 2.9378e-10 ERS2
20051127 20081116 -0.00023802 2.9823e-10 ERS2
20060903 20090510 7.9366e-05 3.0101e-10 ERS2
20061231 20090105 -2.3607e-05 3.1824e-10 ALOS
20070402 20070703 -1.6309e-05 6.7864e-10 ALOS
20070518 20091008 2.6631e-05 3.167e-10 ALOS
20070818 20071003 -0.00055079 7.8789e-10 ALOS
20071217 20100509 -1.9356e-05 3.0968e-10 ALOS
20080103 20100526 -2.9386e-05 3.0547e-10 ALOS
20080404 20080520 5.5014e-05 7.8789e-10 ALOS
20080618 20090921 -7.5827e-05 3.7435e-10 ALOS
20080629 20090510 -0.00027196 4.1333e-10 ERS2
20080705 20091008 -3.073e-05 3.6417e-10 ALOS
20080803 20090823 3.671e-05 3.8294e-10 ERS2
20081116 20090823 5.7139e-05 4.3332e-10 ERS2
20081219 20090921 0.00020134 4.4745e-10 ALOS
20090105 20090708 2.8054e-05 5.3366e-10 ALOS
20090510 20091101 0.00018838 5.262e-10 ERS2
20090708 20091008 0.00038655 6.7866e-10 ALOS
20090823 20091101 0.00021517 7.1158e-10 ERS2
20091222 20100624 0.00055127 5.2943e-10 ALOS
20100108 20100223 0.00035672 7.8871e-10 ALOS
20100223 20100526 0.00024273 6.7976e-10 ALOS
20100410 20100711 -0.00016149 6.7849e-10 ALOS
20100509 20100624 0.00060451 7.8574e-10 ALOS
20100526 20100711 0.00046828 7.8791e-10 ALOS
20100624 20101109 -0.00017622 5.9138e-10 ALOS
20100711 20101011 -0.00020006 6.7823e-10 ALOS
20100809 20101109 -2.5054e-05 6.7521e-10 ALOS
20101011 20101126 0.00038881 7.879e-10 ALOS
20110111 20110226 0.00070867 7.879e-10 ALOS
20110924 20130715 3.5911e-05 3.2277e-10 TSX
20111005 20121229 5.0126e-06 3.6952e-10 TSX
20111121 20171221 -9.608e-06 2.3944e-10 TSX
20111221 20130131 6.4915e-06 3.8587e-10 TSX
20111224 20121027 1.5938e-05 4.2047e-10 TSX
20120126 20140419 -1.5763e-06 2.9277e-10 TSX
20120203 20160320 2.5242e-05 2.433e-10 TSX
20120206 20171107 -2.5703e-06 2.3397e-10 TSX
20120617 20171129 -1.142e-05 2.4022e-10 TSX
20120723 20160120 4.704e-05 2.9319e-10 TSX
20121024 20130109 3.173e-05 7.1495e-10 TSX
20121027 20151226 -1.6443e-05 2.611e-10 TSX
20121030 20130311 8.9763e-05 5.9203e-10 TSX
20121107 20171118 -7.3922e-06 2.4413e-10 TSX
20121221 20160208 -1.503e-06 2.6217e-10 TSX
20121224 20130516 -1.8842e-05 5.7498e-10 TSX
20121229 20130407 -6.8425e-05 6.6779e-10 TSX
20130104 20130217 9.1719e-05 7.8514e-10 TSX
20130109 20130715 9.722e-05 5.3465e-10 TSX
20130112 20140511 -2.2585e-05 3.5429e-10 TSX
20130115 20130721 -1.7469e-05 5.1765e-10 TSX
20130126 20130823 -0.00012133 5.483e-10 TSX
20130131 20130429 0.00010912 6.9063e-10 TSX
20130203 20130729 -2.7797e-05 5.28e-10 TSX
20130211 20130919 -4.3886e-05 4.9866e-10 TSX
20130228 20141209 3.1979e-05 3.1287e-10 TSX
20130311 20130801 -8.486e-05 5.7492e-10 TSX
20130316 20130623 8.8652e-05 6.6779e-10 TSX
20130402 20150122 8.157e-07 3.4343e-10 TSX
20130407 20140530 8.4908e-05 3.8153e-10 TSX
20130421 20171016 -1.0061e-05 2.4646e-10 TSX
20130424 20130721 -0.00010443 6.7539e-10 TSX
20130429 20130623 -8.3428e-05 7.677e-10 TSX
20130505 20131028 5.6061e-05 5.6255e-10 TSX
20130513 20151112 -5.5362e-06 2.8389e-10 TSX
20130516 20131017 -0.00015851 5.8189e-10 TSX
20130521 20130715 9.4206e-05 7.6772e-10 TSX
20130524 20171129 -8.0303e-06 2.4609e-10 TSX
20130527 20140627 5.5504e-05 3.8361e-10 TSX
20130601 20130930 -6.7039e-05 6.2654e-10 TSX
20130604 20141217 -4.9177e-06 3.3921e-10 TSX
20130607 20140719 -6.0459e-05 3.8038e-10 TSX
20130612 20150105 2.1724e-05 3.3719e-10 TSX
20130615 20160106 -6.9763e-06 2.771e-10 TSX
20130618 20140708 -3.5609e-05 3.8841e-10 TSX
20130623 20130715 0.00061221 8.7105e-10 TSX
20130629 20130914 0.00019107 7.1711e-10 TSX
20130707 20150130 -4.8852e-06 3.3693e-10 TSX
20130710 20140901 -3.115e-05 3.7724e-10 TSX
20130715 20130726 -0.0024217 1.0184e-09 TSX
20130721 20131108 -0.00023524 6.632e-10 TSX
20130726 20150517 5.587e-05 3.2472e-10 TSX
20130729 20160904 -1.3907e-05 2.6845e-10 TSX
20130801 20151115 -6.3972e-06 2.953e-10 TSX
20130817 20140209 -4.4315e-05 5.4587e-10 TSX
20130828 20150312 -1.3678e-05 3.404e-10 TSX
20130903 20150329 -4.6642e-06 3.8648e-10 TSX
20130919 20160309 1.9906e-05 2.7374e-10 TSX
20130925 20140708 -7.2776e-05 4.6185e-10 TSX
20130930 20160411 2.2301e-05 2.8747e-10 TSX
20131011 20150802 1.9789e-05 3.2163e-10 TSX
20131017 20140719 0.00012466 4.6274e-10 TSX
20131028 20160304 0.00023568 3.3805e-10 TSX
20131102 20140519 0.00012041 5.2077e-10 TSX
20131108 20140708 -3.2492e-06 5.3491e-10 TSX
20140209 20160309 2.3969e-05 3.0778e-10 TSX
20140223 20140829 3.0337e-06 5.1535e-10 TSX
20140408 20140705 8.7777e-06 6.7405e-10 TSX
20140419 20170913 -6.775e-06 2.5541e-10 TSX
20140511 20141228 1.7541e-05 4.7256e-10 TSX
20140519 20150824 -4.3918e-05 3.6574e-10 TSX
20140624 20171005 -1.1063e-05 2.6127e-10 TSX
20140627 20151115 -5.4994e-05 3.3964e-10 TSX
20140705 20180911 -1.2279e-05 2.5003e-10 TSX
20140708 20160406 2.3982e-05 3.1445e-10 TSX
20140716 20171005 3.3981e-06 2.6201e-10 TSX
20140719 20151207 -2.4255e-05 3.4128e-10 TSX
20140727 20150326 -1.0888e-05 4.636e-10 TSX
20140810 20150122 -6.4617e-05 5.7547e-10 TSX
20140818 20160301 -7.7287e-07 3.2296e-10 TSX
20140829 20160208 -2.5496e-06 3.2899e-10 TSX
20140901 20140912 -0.00026635 9.7453e-10 TSX
20140912 20141209 3.5328e-05 6.7538e-10 TSX
20140920 20170902 7.7899e-06 2.678e-10 TSX
20141209 20160211 -5.8771e-05 3.6394e-10 TSX
20141217 20160722 -8.7573e-06 3.2126e-10 TSX
20141228 20160106 -1.4219e-05 3.8223e-10 TSX
20141231 20151024 -6.556e-05 4.2602e-10 TSX
20150105 20150824 -3.9992e-05 4.8833e-10 TSX
20150108 20170811 1.2001e-05 2.7641e-10 TSX
20150119 20160117 2.1866e-05 3.8742e-10 TSX
20150127 20160411 -2.2793e-05 3.7214e-10 TSX
20150130 20151112 3.4521e-06 4.2949e-10 TSX
20150210 20170114 1.6021e-06 3.0258e-10 TSX
20150213 20160326 9.9077e-05 4.6213e-10 TSX
20150218 20160216 -3.8466e-05 4.0291e-10 TSX
20150221 20180112 1.918e-05 2.7357e-10 TSX
20150304 20180911 -1.1532e-05 2.5548e-10 TSX
20150307 20160211 -5.3025e-05 4.0105e-10 TSX
20150312 20160320 1.1117e-05 3.9865e-10 TSX
20150326 20150827 4.4009e-05 5.5627e-10 TSX
20150329 20151207 -8.9104e-05 4.5637e-10 TSX
20150428 20160425 1.7329e-05 3.8707e-10 TSX
20150509 20150827 5.2384e-05 6.2867e-10 TSX
20150517 20150824 -0.00025962 6.6787e-10 TSX
20150520 20180911 -1.424e-05 2.5968e-10 TSX
20150714 20170822 1.2606e-05 2.9022e-10 TSX
20150725 20170924 6.5232e-06 2.8976e-10 TSX
20150802 20160309 -3.5101e-05 4.9861e-10 TSX
20150805 20160403 -1.5307e-05 4.6339e-10 TSX
20150816 20171107 6.0721e-06 2.8789e-10 TSX
20150824 20150915 0.00051808 8.7095e-10 TSX
20150827 20170902 3.8569e-06 2.9689e-10 TSX
20150915 20160216 6.9115e-05 5.7473e-10 TSX
20151021 20160904 -6.4772e-05 4.1296e-10 TSX
20151101 20171016 2.7073e-06 2.9968e-10 TSX
20151112 20160425 2.873e-05 5.4174e-10 TSX
20151115 20151229 0.00014219 7.8513e-10 TSX
20151123 20171221 -4.0035e-06 2.9228e-10 TSX
20151204 20151215 0.00015075 9.8479e-10 TSX
20151207 20160406 -2.2009e-05 6.1049e-10 TSX
20151215 20170822 1.7819e-05 3.1208e-10 TSX
20151226 20161223 -9.0336e-06 3.9485e-10 TSX
20151229 20160211 9.8214e-06 7.8513e-10 TSX
20160106 20161223 1.6884e-06 3.9873e-10 TSX
20160117 20160926 -2.7957e-05 4.5473e-10 TSX
20160128 20160301 -0.00011643 8.1771e-10 TSX
20160208 20160312 -8.1741e-05 8.1771e-10 TSX
20160216 20160309 -0.00030016 8.7095e-10 TSX
20160219 20180319 4.1495e-06 2.9391e-10 TSX
20160301 20161201 5.8422e-06 4.4009e-10 TSX
20160304 20160326 1.1556e-05 8.5719e-10 TSX
20160312 20180319 9.5868e-06 2.9618e-10 TSX
20160320 20160411 0.00036861 8.7096e-10 TSX
20160323 20171118 9.8037e-06 3.1784e-10 TSX
20160326 20160406 -0.00048353 9.7445e-10 TSX
20160403 20171027 2.1456e-05 3.231e-10 TSX
20160425 20170811 2.0045e-05 3.4775e-10 TSX
20160528 20160630 -3.3201e-05 8.1771e-10 TSX
20160630 20171118 2.5682e-05 3.403e-10 TSX
20160722 20161201 7.0477e-05 5.8974e-10 TSX
20160904 20180707 2.7366e-05 3.204e-10 TSX
20160915 20180911 -5.2779e-06 3.002e-10 TSX
20160926 20170114 4.8799e-05 6.286e-10 TSX
20161201 20171027 8.4774e-06 4.0793e-10 TSX
20161223 20171107 2.5953e-05 4.0981e-10 TSX
20170114 20170902 1.2926e-05 4.7106e-10 TSX
20170811 20171005 -4.082e-05 7.5513e-10 TSX
20170822 20180707 -1.9993e-06 4.1495e-10 TSX
20170913 20180707 -8.5368e-06 4.2683e-10 TSX
20170924 20180319 -4.1369e-05 5.2811e-10 TSX
20171005 20171107 6.6159e-05 8.1771e-10 TSX
20171016 20180319 2.2642e-06 5.5656e-10 TSX
20171027 20180911 -1.1174e-05 4.1496e-10 TSX
20171107 20171118 7.6388e-05 9.8479e-10 TSX
20171118 20171129 5.3556e-05 9.8479e-10 TSX
20171129 20171221 -2.3085e-05 8.5961e-10 TSX
20171210 20180820 -3.6602e-05 4.552e-10 TSX
20171221 20180911 -3.3109e-05 4.4722e-10 TSX
20180112 20181003 -9.2508e-06 4.472e-10 TSX
20180319 20180707 -3.3753e-05 6.286e-10 TSX
20180707 20180911 0.00011555 7.2648e-10 TSX
20180729 20181003 1.7219e-05 7.2648e-10 TSX
20180820 20181003 0.00010524 7.8527e-10 TSX
20180911 20181003 -0.00014241 8.5961e-10 TSX
