20030427 20030914 0.00054068 5.6507e-10 ERS2
20030914 20080629 1.0139e-06 2.8349e-10 ERS2
20050918 20090510 0.00012811 2.9932e-10 ERS2
20051127 20081116 5.6918e-05 3.4924e-10 ERS2
20060903 20090510 1.4375e-05 3.0528e-10 ERS2
20061231 20090105 -5.6353e-05 3.1141e-10 ALOS
20070402 20070703 -0.00014081 6.6621e-10 ALOS
20070518 20091008 -5.9115e-05 3.0114e-10 ALOS
20070818 20071003 -0.0002213 7.7498e-10 ALOS
20071217 20100509 -5.2905e-06 2.9943e-10 ALOS
20080103 20100526 -5.8189e-05 3.076e-10 ALOS
20080404 20080520 4.3134e-05 7.7503e-10 ALOS
20080618 20090921 -2.811e-05 3.7282e-10 ALOS
20080629 20090510 -0.00047621 4.1254e-10 ERS2
20080705 20091008 -6.9196e-05 3.6544e-10 ALOS
20080803 20090823 -3.0891e-06 3.8293e-10 ERS2
20081116 20090823 0.00010231 4.3219e-10 ERS2
20081219 20090921 0.00036035 4.4692e-10 ALOS
20090105 20090708 -2.2567e-05 5.2792e-10 ALOS
20090510 20091101 0.0008629 5.2059e-10 ERS2
20090708 20091008 0.00066071 6.66e-10 ALOS
20090823 20091101 -0.00014032 6.9852e-10 ERS2
20091222 20100624 0.00056254 5.2549e-10 ALOS
20100108 20100223 0.00067683 7.7493e-10 ALOS
20100223 20100526 -0.00017007 6.6722e-10 ALOS
20100410 20100711 -9.9664e-05 6.6639e-10 ALOS
20100509 20100624 0.00055603 7.7302e-10 ALOS
20100526 20100711 0.00049046 7.7498e-10 ALOS
20100624 20101109 0.00017196 5.8396e-10 ALOS
20100711 20101011 0.00025247 6.6623e-10 ALOS
20100809 20101109 0.00011667 6.6352e-10 ALOS
20101011 20101126 0.00019648 7.7498e-10 ALOS
20110111 20110226 0.00072457 7.7497e-10 ALOS
20110924 20130715 3.8276e-05 3.2475e-10 TSX
20111005 20121229 -4.9935e-05 3.6846e-10 TSX
20111121 20171221 -5.1769e-05 3.6324e-10 TSX
20111221 20130131 6.344e-05 3.854e-10 TSX
20111224 20121027 3.1879e-05 4.1944e-10 TSX
20120126 20140419 -0.0001073 3.2431e-10 TSX
20120203 20160320 -3.6887e-05 2.8274e-10 TSX
20120206 20171107 1.2316e-05 3.2853e-10 TSX
20120617 20171129 4.5953e-05 3.3163e-10 TSX
20120723 20160120 5.3852e-05 2.9106e-10 TSX
20121024 20130109 5.4991e-07 7.0153e-10 TSX
20121027 20151226 -9.4567e-05 3.5992e-10 TSX
20121030 20130311 5.4198e-05 5.8464e-10 TSX
20121107 20171118 -2.4893e-05 3.4216e-10 TSX
20121221 20160208 -4.064e-05 3.5717e-10 TSX
20121224 20130516 1.6671e-05 5.6848e-10 TSX
20121229 20130407 0.00025656 6.5605e-10 TSX
20130104 20130217 0.00020894 7.7301e-10 TSX
20130109 20130715 0.00014022 5.2856e-10 TSX
20130112 20140511 -0.00011902 3.5656e-10 TSX
20130115 20130721 -0.00011479 5.1444e-10 TSX
20130126 20130823 -8.0854e-06 5.2279e-10 TSX
20130131 20130429 -9.0581e-05 6.7793e-10 TSX
20130203 20130729 9.9396e-05 5.2305e-10 TSX
20130211 20130919 6.1867e-05 4.9594e-10 TSX
20130228 20141209 2.0388e-05 3.2205e-10 TSX
20130311 20130801 9.1773e-05 5.6848e-10 TSX
20130316 20130623 0.00010463 6.5606e-10 TSX
20130402 20150122 0.00012919 3.3463e-10 TSX
20130407 20140530 -5.8519e-05 3.8096e-10 TSX
20130421 20171016 -7.6094e-05 3.4755e-10 TSX
20130424 20130721 -0.00018742 6.64e-10 TSX
20130429 20130623 7.6134e-05 7.5396e-10 TSX
20130505 20131028 -0.00020853 5.4706e-10 TSX
20130513 20151112 -6.6483e-05 3.3967e-10 TSX
20130516 20131017 -0.00012364 5.8422e-10 TSX
20130521 20130715 0.00020438 7.5399e-10 TSX
20130524 20171129 -2.8945e-05 3.4514e-10 TSX
20130527 20140627 -3.3222e-05 3.8408e-10 TSX
20130601 20130930 0.00017064 6.1696e-10 TSX
20130604 20141217 -3.5913e-05 3.5179e-10 TSX
20130607 20140719 4.0542e-05 3.8074e-10 TSX
20130612 20150105 8.4887e-06 3.4233e-10 TSX
20130615 20160106 3.6805e-06 3.4918e-10 TSX
20130618 20140708 7.7036e-06 3.8816e-10 TSX
20130623 20130715 0.00060181 8.6104e-10 TSX
20130629 20130914 0.0003009 6.8946e-10 TSX
20130707 20150130 -6.6198e-05 3.4651e-10 TSX
20130710 20140901 4.8069e-05 3.7698e-10 TSX
20130715 20130726 -0.0024493 1.0099e-09 TSX
20130721 20131108 0.0008283 6.5291e-10 TSX
20130726 20150517 9.8513e-05 3.2308e-10 TSX
20130729 20160904 1.805e-06 3.5495e-10 TSX
20130801 20151115 -9.6498e-06 3.197e-10 TSX
20130817 20140209 9.9456e-05 5.4096e-10 TSX
20130828 20150312 1.6483e-05 3.4193e-10 TSX
20130903 20150329 -9.5538e-05 4.2253e-10 TSX
20130919 20160309 1.0433e-05 2.9494e-10 TSX
20130925 20140708 0.00012837 4.3361e-10 TSX
20130930 20160411 4.376e-05 2.87e-10 TSX
20131011 20150802 -1.0411e-06 3.3401e-10 TSX
20131017 20140719 3.2753e-05 4.3926e-10 TSX
20131028 20160304 -6.696e-05 3.2522e-10 TSX
20131102 20140519 -0.00020841 5.171e-10 TSX
20131108 20140708 0.00010911 4.669e-10 TSX
20140209 20160309 -5.1886e-05 3.241e-10 TSX
20140223 20140829 4.3944e-05 5.111e-10 TSX
20140408 20140705 5.6524e-05 6.6126e-10 TSX
20140419 20170913 2.7259e-05 3.3521e-10 TSX
20140511 20141228 0.00016017 4.7021e-10 TSX
20140519 20150824 0.00017195 3.7065e-10 TSX
20140624 20171005 -3.8211e-05 3.6108e-10 TSX
20140627 20151115 6.4334e-05 3.5404e-10 TSX
20140705 20180911 5.9251e-06 3.8196e-10 TSX
20140708 20160406 4.6845e-05 3.3234e-10 TSX
20140716 20171005 1.0682e-05 3.5618e-10 TSX
20140719 20151207 3.3843e-05 3.6125e-10 TSX
20140727 20150326 2.1075e-08 4.6155e-10 TSX
20140810 20150122 8.8074e-05 5.391e-10 TSX
20140818 20160301 -5.6637e-06 3.782e-10 TSX
20140829 20160208 7.3303e-06 3.8676e-10 TSX
20140901 20140912 -0.00032212 9.6694e-10 TSX
20140912 20141209 0.00016165 6.64e-10 TSX
20140920 20170902 0.00014713 3.5145e-10 TSX
20141209 20160211 3.2905e-05 3.7194e-10 TSX
20141217 20160722 -3.901e-05 3.95e-10 TSX
20141228 20160106 8.2939e-06 4.1978e-10 TSX
20141231 20151024 9.4383e-05 4.3284e-10 TSX
20150105 20150824 4.9762e-05 4.8871e-10 TSX
20150108 20170811 -1.4909e-05 3.5393e-10 TSX
20150119 20160117 1.5801e-05 4.2032e-10 TSX
20150127 20160411 0.00011223 3.8562e-10 TSX
20150130 20151112 3.2143e-05 4.5323e-10 TSX
20150210 20170114 -5.9479e-05 3.4938e-10 TSX
20150213 20160326 0.00017985 4.6747e-10 TSX
20150218 20160216 6.4728e-05 4.1463e-10 TSX
20150221 20180112 4.6422e-06 3.5853e-10 TSX
20150304 20180911 3.8747e-05 4.0108e-10 TSX
20150307 20160211 9.9781e-05 4.0634e-10 TSX
20150312 20160320 6.8379e-06 4.0127e-10 TSX
20150326 20150827 0.00014948 5.5569e-10 TSX
20150329 20151207 0.00011484 4.5808e-10 TSX
20150428 20160425 9.0592e-05 4.1748e-10 TSX
20150509 20150827 0.00011539 6.2614e-10 TSX
20150517 20150824 2.9793e-05 6.5721e-10 TSX
20150520 20180911 -2.5686e-05 3.6023e-10 TSX
20150714 20170822 3.1633e-05 3.5031e-10 TSX
20150725 20170924 -1.0594e-05 3.3222e-10 TSX
20150802 20160309 9.2396e-05 4.9548e-10 TSX
20150805 20160403 1.9367e-06 4.6225e-10 TSX
20150816 20171107 3.3276e-05 3.3474e-10 TSX
20150824 20150915 0.00074279 8.6094e-10 TSX
20150827 20170902 1.2921e-05 3.6019e-10 TSX
20150915 20160216 -4.049e-05 5.682e-10 TSX
20151021 20160904 2.1327e-05 4.2359e-10 TSX
20151101 20171016 3.0918e-05 3.5277e-10 TSX
20151112 20160425 9.473e-06 5.3662e-10 TSX
20151115 20151229 0.0001624 7.7301e-10 TSX
20151123 20171221 -1.7799e-06 3.1626e-10 TSX
20151204 20151215 0.00018454 9.7704e-10 TSX
20151207 20160406 -4.8551e-05 6.0214e-10 TSX
20151215 20170822 3.3712e-05 3.3689e-10 TSX
20151226 20161223 5.5323e-05 3.9543e-10 TSX
20151229 20160211 6.9845e-05 7.7301e-10 TSX
20160106 20161223 8.1138e-05 3.9939e-10 TSX
20160117 20160926 0.00011024 4.5563e-10 TSX
20160128 20160301 -0.00023934 8.0604e-10 TSX
20160208 20160312 -6.7267e-05 8.0604e-10 TSX
20160216 20160309 -0.00040373 8.6094e-10 TSX
20160219 20180319 -4.7173e-05 3.3281e-10 TSX
20160301 20161201 0.0001191 4.3883e-10 TSX
20160304 20160326 4.2737e-05 8.4803e-10 TSX
20160312 20180319 -9.3111e-05 3.2394e-10 TSX
20160320 20160411 0.00047731 8.6095e-10 TSX
20160323 20171118 5.7664e-05 3.3788e-10 TSX
20160326 20160406 -0.00048545 9.6687e-10 TSX
20160403 20171027 1.8767e-05 3.4435e-10 TSX
20160425 20170811 5.677e-05 3.5858e-10 TSX
20160528 20160630 4.5292e-05 8.0604e-10 TSX
20160630 20171118 2.9434e-05 3.5599e-10 TSX
20160722 20161201 0.00011865 5.8132e-10 TSX
20160904 20180707 -0.00015434 3.5175e-10 TSX
20160915 20180911 -0.00017175 3.4126e-10 TSX
20160926 20170114 -2.4766e-05 6.1796e-10 TSX
20161201 20171027 5.3487e-05 4.0889e-10 TSX
20161223 20171107 4.0643e-05 4.1122e-10 TSX
20170114 20170902 5.081e-05 4.6955e-10 TSX
20170811 20171005 -5.9549e-05 7.4112e-10 TSX
20170822 20180707 -0.0001631 4.139e-10 TSX
20170913 20180707 -0.0002336 4.2515e-10 TSX
20170924 20180319 -0.00026283 5.2323e-10 TSX
20171005 20171107 5.2168e-05 8.0605e-10 TSX
20171016 20180319 -0.00027873 5.5011e-10 TSX
20171027 20180911 -8.2715e-05 4.1517e-10 TSX
20171107 20171118 6.5608e-05 9.7704e-10 TSX
20171118 20171129 4.1691e-05 9.7704e-10 TSX
20171129 20171221 -4.5463e-06 8.5e-10 TSX
20171210 20180820 -9.7175e-05 4.5352e-10 TSX
20171221 20180911 -0.00010068 4.476e-10 TSX
20180112 20181003 -8.071e-05 4.5075e-10 TSX
20180319 20180707 -2.4681e-05 6.1798e-10 TSX
20180707 20180911 0.00035829 7.1237e-10 TSX
20180729 20181003 0.00013243 7.1237e-10 TSX
20180820 20181003 0.00019469 7.7205e-10 TSX
20180911 20181003 -0.00014848 8.5e-10 TSX
