20030427 20030914 0.00092808 5.6623e-10 ERS2
20030914 20080629 2.7905e-05 2.7008e-10 ERS2
20050918 20090510 2.9205e-05 3.0487e-10 ERS2
20051127 20081116 -6.6035e-05 3.1796e-10 ERS2
20060903 20090510 0.00011586 3.0805e-10 ERS2
20061231 20090105 -9.2979e-05 3.1464e-10 ALOS
20070402 20070703 5.0239e-05 6.672e-10 ALOS
20070518 20091008 3.6236e-05 3.1277e-10 ALOS
20070818 20071003 -0.00014853 7.774e-10 ALOS
20071217 20100509 9.4655e-06 3.0011e-10 ALOS
20080103 20100526 -0.00013593 3.0964e-10 ALOS
20080404 20080520 8.1282e-05 7.7741e-10 ALOS
20080618 20090921 -7.5657e-05 3.7246e-10 ALOS
20080629 20090510 -0.00058703 4.1457e-10 ERS2
20080705 20091008 -6.0454e-05 3.6716e-10 ALOS
20080803 20090823 4.7895e-05 3.8617e-10 ERS2
20081116 20090823 0.00018081 4.3247e-10 ERS2
20081219 20090921 0.00025209 4.5032e-10 ALOS
20090105 20090708 0.00028696 5.3224e-10 ALOS
20090510 20091101 0.00019039 5.2155e-10 ERS2
20090708 20091008 0.00011632 6.6719e-10 ALOS
20090823 20091101 0.00020224 6.9868e-10 ERS2
20091222 20100624 0.00015726 5.2737e-10 ALOS
20100108 20100223 0.00023633 7.7743e-10 ALOS
20100223 20100526 -0.00014934 6.6773e-10 ALOS
20100410 20100711 6.9047e-05 6.6818e-10 ALOS
20100509 20100624 0.00073988 7.7519e-10 ALOS
20100526 20100711 0.00049239 7.7739e-10 ALOS
20100624 20101109 -5.4342e-05 5.8431e-10 ALOS
20100711 20101011 -6.9844e-05 6.672e-10 ALOS
20100809 20101109 -2.4004e-05 6.6432e-10 ALOS
20101011 20101126 0.000132 7.7742e-10 ALOS
20110111 20110226 0.00043136 7.7738e-10 ALOS
20110924 20130715 -1.1976e-05 3.8037e-10 TSX
20111005 20121229 -8.8606e-05 4.1277e-10 TSX
20111121 20171221 6.4832e-05 3.0431e-10 TSX
20111221 20130131 9.2215e-06 3.9316e-10 TSX
20111224 20121027 7.4694e-05 4.1996e-10 TSX
20120126 20140419 2.9714e-05 3.3935e-10 TSX
20120203 20160320 0.00012661 3.3058e-10 TSX
20120206 20171107 1.5469e-05 3.0286e-10 TSX
20120617 20171129 1.3576e-05 3.1002e-10 TSX
20120723 20160120 6.7332e-05 3.7322e-10 TSX
20121024 20130109 5.8149e-05 7.043e-10 TSX
20121027 20151226 -7.1514e-05 3.3198e-10 TSX
20121030 20130311 6.6136e-06 5.8491e-10 TSX
20121107 20171118 3.2665e-05 3.033e-10 TSX
20121221 20160208 5.9258e-05 3.0142e-10 TSX
20121224 20130516 -0.00011975 5.6866e-10 TSX
20121229 20130407 -4.3425e-05 6.5728e-10 TSX
20130104 20130217 -5.1605e-05 7.7463e-10 TSX
20130109 20130715 0.0001583 5.5863e-10 TSX
20130112 20140511 5.6692e-05 3.8322e-10 TSX
20130115 20130721 -0.00018831 5.5173e-10 TSX
20130126 20130823 -3.1894e-05 5.5344e-10 TSX
20130131 20130429 -9.5333e-05 6.7914e-10 TSX
20130203 20130729 2.9839e-05 5.326e-10 TSX
20130211 20130919 -7.1448e-06 5.472e-10 TSX
20130228 20141209 8.3633e-05 4.9276e-10 TSX
20130311 20130801 -0.00022976 5.9025e-10 TSX
20130316 20130623 -0.00010563 6.626e-10 TSX
20130402 20150122 1.259e-05 4.5511e-10 TSX
20130407 20140530 -1.8146e-05 4.282e-10 TSX
20130421 20171016 -3.7623e-05 2.7695e-10 TSX
20130424 20130721 -0.00035984 6.6979e-10 TSX
20130429 20130623 -0.00010947 7.5709e-10 TSX
20130505 20131028 -0.00066044 5.8257e-10 TSX
20130513 20151112 2.9769e-05 3.481e-10 TSX
20130516 20131017 -0.00021814 5.8017e-10 TSX
20130521 20130715 0.00028319 7.5822e-10 TSX
20130524 20171129 3.0576e-05 3.3383e-10 TSX
20130527 20140627 -5.141e-05 4.5327e-10 TSX
20130601 20130930 0.0001528 6.3371e-10 TSX
20130604 20141217 -3.6446e-06 3.9226e-10 TSX
20130607 20140719 -3.2373e-05 4.1258e-10 TSX
20130612 20150105 5.2014e-05 3.7472e-10 TSX
20130615 20160106 3.3004e-05 3.3134e-10 TSX
20130618 20140708 -1.9783e-05 4.4033e-10 TSX
20130623 20130715 0.00071546 8.651e-10 TSX
20130629 20130914 3.1484e-05 6.9075e-10 TSX
20130707 20150130 8.3077e-05 3.5897e-10 TSX
20130710 20140901 -1.8216e-05 4.3912e-10 TSX
20130715 20130726 -0.0024872 1.0143e-09 TSX
20130721 20131108 0.00058304 6.2958e-10 TSX
20130726 20150517 0.00014444 3.9691e-10 TSX
20130729 20160904 4.2603e-05 3.2339e-10 TSX
20130801 20151115 0.00021633 3.5689e-10 TSX
20130817 20140209 -4.8363e-05 5.5043e-10 TSX
20130828 20150312 0.00012004 4.0612e-10 TSX
20130903 20150329 -9.8263e-05 3.5318e-10 TSX
20130919 20160309 0.00014492 3.2829e-10 TSX
20130925 20140708 -4.4368e-05 4.4664e-10 TSX
20130930 20160411 5.2902e-05 3.1669e-10 TSX
20131011 20150802 4.2293e-05 4.0814e-10 TSX
20131017 20140719 1.5871e-05 4.5702e-10 TSX
20131028 20160304 0.00012013 3.7316e-10 TSX
20131102 20140519 -5.894e-06 5.2266e-10 TSX
20131108 20140708 1.6169e-05 4.923e-10 TSX
20140209 20160309 9.4682e-05 3.5112e-10 TSX
20140223 20140829 6.6288e-05 5.1459e-10 TSX
20140408 20140705 5.7895e-05 6.6151e-10 TSX
20140419 20170913 -4.8725e-06 3.0404e-10 TSX
20140511 20141228 4.9786e-05 4.7668e-10 TSX
20140519 20150824 -2.4906e-05 4.2682e-10 TSX
20140624 20171005 4.8807e-05 3.3549e-10 TSX
20140627 20151115 -5.9712e-05 4.5563e-10 TSX
20140705 20180911 2.8078e-05 2.9761e-10 TSX
20140708 20160406 0.00014999 3.6217e-10 TSX
20140716 20171005 -3.2051e-05 3.5092e-10 TSX
20140719 20151207 -0.0001462 4.1728e-10 TSX
20140727 20150326 1.4478e-05 4.6184e-10 TSX
20140810 20150122 -7.657e-05 5.4531e-10 TSX
20140818 20160301 6.2444e-05 3.4494e-10 TSX
20140829 20160208 2.3859e-05 3.6745e-10 TSX
20140901 20140912 -0.00028484 9.6997e-10 TSX
20140912 20141209 1.7341e-05 6.6468e-10 TSX
20140920 20170902 0.00014886 3.3297e-10 TSX
20141209 20160211 3.51e-05 4.346e-10 TSX
20141217 20160722 8.968e-05 3.6019e-10 TSX
20141228 20160106 -1.154e-05 4.0315e-10 TSX
20141231 20151024 5.1879e-05 4.3461e-10 TSX
20150105 20150824 -9.3099e-06 4.9698e-10 TSX
20150108 20170811 2.069e-05 3.3872e-10 TSX
20150119 20160117 5.4716e-05 4.0246e-10 TSX
20150127 20160411 -1.5139e-05 4.4103e-10 TSX
20150130 20151112 6.1358e-05 4.4612e-10 TSX
20150210 20170114 -2.3485e-05 3.3287e-10 TSX
20150213 20160326 0.0003427 4.2178e-10 TSX
20150218 20160216 -6.3951e-05 4.2414e-10 TSX
20150221 20180112 0.00012423 3.1771e-10 TSX
20150304 20180911 7.7196e-05 3.0145e-10 TSX
20150307 20160211 -2.8908e-05 4.4361e-10 TSX
20150312 20160320 -6.1087e-05 4.0356e-10 TSX
20150326 20150827 3.8333e-05 5.5602e-10 TSX
20150329 20151207 -5.3215e-05 4.5969e-10 TSX
20150428 20160425 3.7961e-05 4.0308e-10 TSX
20150509 20150827 -2.4524e-05 6.2418e-10 TSX
20150517 20150824 -0.00017941 6.595e-10 TSX
20150520 20180911 -1.8617e-06 3.4297e-10 TSX
20150714 20170822 9.0829e-06 3.5194e-10 TSX
20150725 20170924 -3.7262e-05 3.2286e-10 TSX
20150802 20160309 -2.8869e-05 4.9788e-10 TSX
20150805 20160403 7.3026e-06 4.6554e-10 TSX
20150816 20171107 -0.00023759 3.1918e-10 TSX
20150824 20150915 0.00071327 8.6487e-10 TSX
20150827 20170902 7.93e-05 3.3329e-10 TSX
20150915 20160216 -5.8903e-05 5.7505e-10 TSX
20151021 20160904 -8.3847e-05 4.233e-10 TSX
20151101 20171016 0.00011536 3.6303e-10 TSX
20151112 20160425 -1.8335e-06 5.3631e-10 TSX
20151115 20151229 0.00011617 7.7463e-10 TSX
20151123 20171221 2.861e-05 3.4063e-10 TSX
20151204 20151215 0.00015735 9.7922e-10 TSX
20151207 20160406 -1.9531e-05 6.0239e-10 TSX
20151215 20170822 -1.9299e-05 3.4006e-10 TSX
20151226 20161223 7.0594e-05 3.9533e-10 TSX
20151229 20160211 -5.6896e-07 7.7463e-10 TSX
20160106 20161223 9.3395e-05 3.9781e-10 TSX
20160117 20160926 2.5838e-05 4.5648e-10 TSX
20160128 20160301 -0.00024067 8.075e-10 TSX
20160208 20160312 -9.6799e-05 8.075e-10 TSX
20160216 20160309 -0.00041243 8.6487e-10 TSX
20160219 20180319 -2.7672e-05 3.5361e-10 TSX
20160301 20161201 0.00013336 4.4043e-10 TSX
20160304 20160326 0.00011194 8.5066e-10 TSX
20160312 20180319 5.7347e-05 3.5578e-10 TSX
20160320 20160411 0.0003622 8.6488e-10 TSX
20160323 20171118 4.4862e-05 3.6169e-10 TSX
20160326 20160406 -0.00052542 9.699e-10 TSX
20160403 20171027 -1.1136e-05 3.5236e-10 TSX
20160425 20170811 5.3223e-05 3.8938e-10 TSX
20160528 20160630 -2.4033e-05 8.075e-10 TSX
20160630 20171118 -4.4663e-05 3.8658e-10 TSX
20160722 20161201 0.00014778 5.8222e-10 TSX
20160904 20180707 1.117e-05 3.607e-10 TSX
20160915 20180911 6.5517e-07 3.5159e-10 TSX
20160926 20170114 0.00011268 6.2149e-10 TSX
20161201 20171027 3.2503e-05 4.4501e-10 TSX
20161223 20171107 5.7921e-06 4.2133e-10 TSX
20170114 20170902 -7.6901e-06 4.8754e-10 TSX
20170811 20171005 -2.3789e-05 7.4188e-10 TSX
20170822 20180707 -2.5191e-05 4.1374e-10 TSX
20170913 20180707 -0.0001041 4.2651e-10 TSX
20170924 20180319 2.3303e-05 5.2322e-10 TSX
20171005 20171107 4.6413e-05 8.075e-10 TSX
20171016 20180319 5.0606e-05 5.5004e-10 TSX
20171027 20180911 1.5066e-06 4.1481e-10 TSX
20171107 20171118 7.4233e-05 9.7922e-10 TSX
20171118 20171129 5.8268e-05 9.7922e-10 TSX
20171129 20171221 -3.9475e-05 8.5186e-10 TSX
20171210 20180820 -2.8305e-05 4.5396e-10 TSX
20171221 20180911 -1.0947e-05 4.475e-10 TSX
20180112 20181003 4.5876e-05 4.4916e-10 TSX
20180319 20180707 -0.0002092 6.1781e-10 TSX
20180707 20180911 0.0002438 7.129e-10 TSX
20180729 20181003 3.681e-05 7.129e-10 TSX
20180820 20181003 0.00017357 7.7312e-10 TSX
20180911 20181003 -0.00018818 8.5187e-10 TSX
