20030427 20030914 0.00052108 5.6474e-10 ERS2
20030914 20080629 4.1706e-05 2.9022e-10 ERS2
20050918 20090510 9.5972e-05 3.0222e-10 ERS2
20051127 20081116 -0.00011709 3.2382e-10 ERS2
20060903 20090510 0.0001699 3.094e-10 ERS2
20061231 20090105 1.8703e-06 3.1465e-10 ALOS
20070402 20070703 -0.00017406 6.6643e-10 ALOS
20070518 20091008 -3.1166e-05 3.0324e-10 ALOS
20070818 20071003 -0.00024533 7.7498e-10 ALOS
20071217 20100509 6.2746e-05 2.9904e-10 ALOS
20080103 20100526 3.9313e-05 3.3017e-10 ALOS
20080404 20080520 5.1575e-05 7.7499e-10 ALOS
20080618 20090921 6.4482e-06 3.721e-10 ALOS
20080629 20090510 -0.00048146 4.1196e-10 ERS2
20080705 20091008 5.1933e-05 3.6465e-10 ALOS
20080803 20090823 1.066e-05 3.8317e-10 ERS2
20081116 20090823 9.4545e-05 4.3209e-10 ERS2
20081219 20090921 0.00038179 4.4745e-10 ALOS
20090105 20090708 3.0482e-05 5.3008e-10 ALOS
20090510 20091101 0.00072791 5.2149e-10 ERS2
20090708 20091008 0.00066826 6.6618e-10 ALOS
20090823 20091101 -9.5415e-05 6.9852e-10 ERS2
20091222 20100624 0.00067561 5.2532e-10 ALOS
20100108 20100223 0.00076968 7.7494e-10 ALOS
20100223 20100526 -6.6963e-05 6.6636e-10 ALOS
20100410 20100711 -0.00011029 6.6624e-10 ALOS
20100509 20100624 0.00055268 7.7302e-10 ALOS
20100526 20100711 0.00049483 7.7499e-10 ALOS
20100624 20101109 0.00017888 5.8397e-10 ALOS
20100711 20101011 0.00023972 6.6625e-10 ALOS
20100809 20101109 0.00012731 6.6352e-10 ALOS
20101011 20101126 0.00022195 7.7495e-10 ALOS
20110111 20110226 0.00074351 7.7498e-10 ALOS
20110924 20130715 3.082e-05 3.2527e-10 TSX
20111005 20121229 -1.5062e-05 3.6824e-10 TSX
20111121 20171221 1.8843e-05 3.344e-10 TSX
20111221 20130131 8.4303e-05 3.8553e-10 TSX
20111224 20121027 -3.3337e-05 4.1934e-10 TSX
20120126 20140419 -8.7856e-05 2.984e-10 TSX
20120203 20160320 6.5853e-06 3.3287e-10 TSX
20120206 20171107 3.9536e-05 3.1638e-10 TSX
20120617 20171129 5.734e-05 3.0266e-10 TSX
20120723 20160120 9.4718e-05 3.0561e-10 TSX
20121024 20130109 5.7915e-06 7.0152e-10 TSX
20121027 20151226 -2.1217e-05 3.1852e-10 TSX
20121030 20130311 6.8288e-05 5.8464e-10 TSX
20121107 20171118 -1.6269e-05 3.3182e-10 TSX
20121221 20160208 5.361e-06 3.2331e-10 TSX
20121224 20130516 2.04e-05 5.6848e-10 TSX
20121229 20130407 0.00030192 6.5605e-10 TSX
20130104 20130217 0.00023489 7.7301e-10 TSX
20130109 20130715 0.0001612 5.285e-10 TSX
20130112 20140511 -0.0001292 3.5601e-10 TSX
20130115 20130721 -0.00012283 5.14e-10 TSX
20130126 20130823 -1.1273e-05 5.051e-10 TSX
20130131 20130429 -8.3632e-05 6.7794e-10 TSX
20130203 20130729 -2.8717e-06 5.2313e-10 TSX
20130211 20130919 2.9424e-05 4.9592e-10 TSX
20130228 20141209 4.6498e-05 3.1893e-10 TSX
20130311 20130801 6.4071e-05 5.6844e-10 TSX
20130316 20130623 0.00011 6.5606e-10 TSX
20130402 20150122 0.00010476 3.7902e-10 TSX
20130407 20140530 -2.4111e-06 3.8074e-10 TSX
20130421 20171016 5.2553e-05 3.2408e-10 TSX
20130424 20130721 -0.00021393 6.6401e-10 TSX
20130429 20130623 6.0573e-05 7.5397e-10 TSX
20130505 20131028 -0.00022141 5.4496e-10 TSX
20130513 20151112 1.3196e-05 3.4096e-10 TSX
20130516 20131017 -0.00026809 5.8187e-10 TSX
20130521 20130715 0.00013887 7.54e-10 TSX
20130524 20171129 -4.4766e-06 3.2899e-10 TSX
20130527 20140627 -1.8947e-06 3.8392e-10 TSX
20130601 20130930 0.00011744 6.1696e-10 TSX
20130604 20141217 -6.0014e-05 3.4388e-10 TSX
20130607 20140719 6.4843e-05 3.8007e-10 TSX
20130612 20150105 4.6939e-05 3.4939e-10 TSX
20130615 20160106 -1.5399e-05 3.3457e-10 TSX
20130618 20140708 2.9564e-05 3.8876e-10 TSX
20130623 20130715 0.00057202 8.6107e-10 TSX
20130629 20130914 0.00023307 6.89e-10 TSX
20130707 20150130 -8.3094e-05 3.3969e-10 TSX
20130710 20140901 5.5845e-05 3.7634e-10 TSX
20130715 20130726 -0.002451 1.01e-09 TSX
20130721 20131108 0.00079403 6.5159e-10 TSX
20130726 20150517 0.00015006 3.2647e-10 TSX
20130729 20160904 -3.7268e-05 3.0109e-10 TSX
20130801 20151115 2.9452e-05 3.269e-10 TSX
20130817 20140209 0.00015011 5.4095e-10 TSX
20130828 20150312 4.8154e-05 3.513e-10 TSX
20130903 20150329 -9.1241e-05 4.0204e-10 TSX
20130919 20160309 8.3001e-05 3.1504e-10 TSX
20130925 20140708 0.00015674 4.3226e-10 TSX
20130930 20160411 6.7342e-05 3.0966e-10 TSX
20131011 20150802 -1.486e-05 3.6228e-10 TSX
20131017 20140719 7.5157e-05 4.3874e-10 TSX
20131028 20160304 -3.937e-06 3.1236e-10 TSX
20131102 20140519 -0.00017494 5.1709e-10 TSX
20131108 20140708 0.00012458 4.6448e-10 TSX
20140209 20160309 -4.7186e-06 3.3759e-10 TSX
20140223 20140829 -4.616e-05 5.1109e-10 TSX
20140408 20140705 -4.5796e-06 6.6126e-10 TSX
20140419 20170913 2.3069e-05 3.2316e-10 TSX
20140511 20141228 5.7144e-05 4.7014e-10 TSX
20140519 20150824 0.00016359 3.8783e-10 TSX
20140624 20171005 9.6728e-05 3.4543e-10 TSX
20140627 20151115 8.4227e-05 3.7164e-10 TSX
20140705 20180911 2.9594e-05 3.5693e-10 TSX
20140708 20160406 4.2534e-05 3.5169e-10 TSX
20140716 20171005 3.0944e-05 3.2948e-10 TSX
20140719 20151207 4.1196e-05 3.5447e-10 TSX
20140727 20150326 -9.5499e-05 4.6152e-10 TSX
20140810 20150122 8.6266e-05 5.3919e-10 TSX
20140818 20160301 -2.2191e-05 3.6196e-10 TSX
20140829 20160208 -1.7572e-05 3.6512e-10 TSX
20140901 20140912 -0.00031993 9.6696e-10 TSX
20140912 20141209 0.00016224 6.64e-10 TSX
20140920 20170902 -3.2174e-06 3.4949e-10 TSX
20141209 20160211 -3.08e-06 3.8453e-10 TSX
20141217 20160722 -2.6335e-05 3.557e-10 TSX
20141228 20160106 -5.9421e-05 3.9653e-10 TSX
20141231 20151024 5.1577e-05 4.2914e-10 TSX
20150105 20150824 5.9062e-05 4.9048e-10 TSX
20150108 20170811 1.827e-05 3.235e-10 TSX
20150119 20160117 -2.3061e-05 4.0184e-10 TSX
20150127 20160411 0.00012349 3.8961e-10 TSX
20150130 20151112 -6.9288e-05 4.3515e-10 TSX
20150210 20170114 1.2742e-05 3.4639e-10 TSX
20150213 20160326 0.00021001 4.0998e-10 TSX
20150218 20160216 7.5331e-05 4.1229e-10 TSX
20150221 20180112 -3.6125e-05 3.3491e-10 TSX
20150304 20180911 0.00011033 3.5791e-10 TSX
20150307 20160211 0.00014056 4.0922e-10 TSX
20150312 20160320 2.6163e-05 4.0599e-10 TSX
20150326 20150827 6.3571e-05 5.5514e-10 TSX
20150329 20151207 0.00012436 4.6117e-10 TSX
20150428 20160425 4.2173e-05 4.0639e-10 TSX
20150509 20150827 3.8357e-05 6.2149e-10 TSX
20150517 20150824 -2.6425e-05 6.5694e-10 TSX
20150520 20180911 -5.04e-05 3.5348e-10 TSX
20150714 20170822 -6.6581e-06 3.22e-10 TSX
20150725 20170924 2.1822e-05 3.0454e-10 TSX
20150802 20160309 0.0001374 4.9587e-10 TSX
20150805 20160403 -3.929e-05 4.6164e-10 TSX
20150816 20171107 1.6082e-05 3.1105e-10 TSX
20150824 20150915 0.00072894 8.6096e-10 TSX
20150827 20170902 -4.536e-06 3.2174e-10 TSX
20150915 20160216 -3.6813e-05 5.6817e-10 TSX
20151021 20160904 -6.13e-05 4.1366e-10 TSX
20151101 20171016 1.9386e-06 3.343e-10 TSX
20151112 20160425 3.5653e-06 5.3634e-10 TSX
20151115 20151229 0.00014121 7.7301e-10 TSX
20151123 20171221 -2.6893e-05 3.1598e-10 TSX
20151204 20151215 0.00018073 9.7711e-10 TSX
20151207 20160406 -4.8189e-05 6.0214e-10 TSX
20151215 20170822 4.4806e-06 3.4093e-10 TSX
20151226 20161223 -4.3905e-05 3.9372e-10 TSX
20151229 20160211 9.0043e-05 7.7301e-10 TSX
20160106 20161223 -3.1771e-05 3.9867e-10 TSX
20160117 20160926 2.6775e-05 4.5325e-10 TSX
20160128 20160301 -0.00022647 8.0608e-10 TSX
20160208 20160312 -7.5885e-05 8.0608e-10 TSX
20160216 20160309 -0.00039727 8.6096e-10 TSX
20160219 20180319 -7.3535e-05 3.0963e-10 TSX
20160301 20161201 9.2388e-06 4.3883e-10 TSX
20160304 20160326 5.4165e-05 8.4805e-10 TSX
20160312 20180319 -0.00010004 3.173e-10 TSX
20160320 20160411 0.0004783 8.6097e-10 TSX
20160323 20171118 1.1115e-05 3.2702e-10 TSX
20160326 20160406 -0.00048079 9.6689e-10 TSX
20160403 20171027 1.2063e-05 3.4453e-10 TSX
20160425 20170811 5.3951e-06 3.543e-10 TSX
20160528 20160630 1.6872e-05 8.0608e-10 TSX
20160630 20171118 3.1346e-06 3.4092e-10 TSX
20160722 20161201 3.2694e-05 5.8132e-10 TSX
20160904 20180707 -6.49e-05 3.2891e-10 TSX
20160915 20180911 -4.7974e-05 3.0931e-10 TSX
20160926 20170114 -4.0217e-05 6.1796e-10 TSX
20161201 20171027 9.4016e-06 4.0766e-10 TSX
20161223 20171107 1.259e-05 4.094e-10 TSX
20170114 20170902 -1.5656e-05 4.6892e-10 TSX
20170811 20171005 -7.9083e-05 7.4114e-10 TSX
20170822 20180707 -0.00019664 4.1374e-10 TSX
20170913 20180707 -0.00026262 4.2508e-10 TSX
20170924 20180319 -0.0002671 5.2329e-10 TSX
20171005 20171107 4.3544e-05 8.0608e-10 TSX
20171016 20180319 -0.0002906 5.5016e-10 TSX
20171027 20180911 -0.00016341 4.1344e-10 TSX
20171107 20171118 6.3534e-05 9.7711e-10 TSX
20171118 20171129 4.0971e-05 9.7711e-10 TSX
20171129 20171221 -1.9312e-05 8.5005e-10 TSX
20171210 20180820 -0.00016404 4.5347e-10 TSX
20171221 20180911 -0.0001272 4.4593e-10 TSX
20180112 20181003 -0.00014806 4.4611e-10 TSX
20180319 20180707 -9.4868e-05 6.1803e-10 TSX
20180707 20180911 0.00027365 7.1238e-10 TSX
20180729 20181003 8.7047e-05 7.1242e-10 TSX
20180820 20181003 0.00017625 7.7209e-10 TSX
20180911 20181003 -0.00013313 8.5006e-10 TSX
