20030427 20030914 0.00078879 6.0096e-10 ERS2
20030914 20080629 -6.5201e-05 2.9515e-10 ERS2
20050918 20090510 0.00014144 3.1528e-10 ERS2
20051127 20081116 0.00026579 3.1049e-10 ERS2
20060903 20090510 0.00010377 3.3286e-10 ERS2
20061231 20090105 1.2602e-05 3.4635e-10 ALOS
20070402 20070703 -4.0243e-06 7.073e-10 ALOS
20070518 20091008 1.065e-05 3.1708e-10 ALOS
20070818 20071003 -0.00025684 8.0346e-10 ALOS
20071217 20100509 -6.6033e-05 3.283e-10 ALOS
20080103 20100526 2.0661e-05 3.3351e-10 ALOS
20080404 20080520 6.5575e-05 8.0372e-10 ALOS
20080618 20090921 -0.0001115 3.9535e-10 ALOS
20080629 20090510 -0.00060273 4.3942e-10 ERS2
20080705 20091008 -4.6689e-05 3.8485e-10 ALOS
20080803 20090823 -0.00013798 4.0405e-10 ERS2
20081116 20090823 0.00014817 4.5423e-10 ERS2
20081219 20090921 0.00021643 4.8594e-10 ALOS
20090105 20090708 0.00018864 5.6633e-10 ALOS
20090510 20091101 0.001024 5.5699e-10 ERS2
20090708 20091008 0.00041982 7.0771e-10 ALOS
20090823 20091101 -9.7699e-05 7.3326e-10 ERS2
20091222 20100624 5.7036e-05 5.6645e-10 ALOS
20100108 20100223 0.0002912 8.039e-10 ALOS
20100223 20100526 8.1477e-05 7.11e-10 ALOS
20100410 20100711 -0.00014094 7.0727e-10 ALOS
20100509 20100624 0.0006851 8.0156e-10 ALOS
20100526 20100711 0.00032363 8.0391e-10 ALOS
20100624 20101109 2.8808e-05 6.2577e-10 ALOS
20100711 20101011 0.00019948 7.0808e-10 ALOS
20100809 20101109 -0.00014198 7.0443e-10 ALOS
20101011 20101126 0.00011837 8.0392e-10 ALOS
20110111 20110226 0.0005678 8.0359e-10 ALOS
20110924 20130715 -3.3288e-07 3.8118e-10 TSX
20111005 20121229 -0.00014956 4.4021e-10 TSX
20111121 20171221 -3.4209e-05 4.585e-10 TSX
20111221 20130131 -6.3158e-06 4.0789e-10 TSX
20111224 20121027 0.00014409 4.478e-10 TSX
20120126 20140419 -9.3433e-05 4.9356e-10 TSX
20120203 20160320 1.8783e-05 3.1478e-10 TSX
20120206 20171107 -1.8566e-05 4.323e-10 TSX
20120617 20171129 1.4366e-06 3.8643e-10 TSX
20120723 20160120 9.5286e-05 4.2763e-10 TSX
20121024 20130109 7.2113e-05 7.3979e-10 TSX
20121027 20151226 -1.043e-05 4.3513e-10 TSX
20121030 20130311 -3.0603e-05 6.2418e-10 TSX
20121107 20171118 1.3672e-05 5.0236e-10 TSX
20121221 20160208 -1.4742e-05 4.453e-10 TSX
20121224 20130516 -0.00027697 6.0696e-10 TSX
20121229 20130407 -7.8294e-06 6.9798e-10 TSX
20130104 20130217 -4.8909e-05 7.9989e-10 TSX
20130109 20130715 9.9349e-05 6.0014e-10 TSX
20130112 20140511 1.4244e-05 5.0323e-10 TSX
20130115 20130721 -0.00019786 5.5875e-10 TSX
20130126 20130823 -0.00016034 5.2747e-10 TSX
20130131 20130429 -1.0971e-05 7.1885e-10 TSX
20130203 20130729 -6.0752e-06 5.59e-10 TSX
20130211 20130919 0.00015257 5.3346e-10 TSX
20130228 20141209 3.9814e-05 4.4985e-10 TSX
20130311 20130801 -1.262e-05 6.1806e-10 TSX
20130316 20130623 -6.037e-05 6.9885e-10 TSX
20130402 20150122 4.4172e-05 4.5148e-10 TSX
20130407 20140530 -5.8558e-05 4.154e-10 TSX
20130421 20171016 5.5565e-05 5.6293e-10 TSX
20130424 20130721 -0.00021856 7.0447e-10 TSX
20130429 20130623 -0.00015328 7.8669e-10 TSX
20130505 20131028 -0.00050858 5.896e-10 TSX
20130513 20151112 -5.6245e-06 4.7079e-10 TSX
20130516 20131017 -0.0001797 5.9492e-10 TSX
20130521 20130715 0.00031408 7.8731e-10 TSX
20130524 20171129 5.0068e-05 4.1132e-10 TSX
20130527 20140627 -6.8625e-05 4.3295e-10 TSX
20130601 20130930 0.00050971 6.6405e-10 TSX
20130604 20141217 0.00010743 4.0272e-10 TSX
20130607 20140719 6.0955e-05 4.2491e-10 TSX
20130612 20150105 3.2983e-05 4.3065e-10 TSX
20130615 20160106 7.2375e-06 5.1437e-10 TSX
20130618 20140708 4.725e-05 4.3484e-10 TSX
20130623 20130715 0.00072609 8.7797e-10 TSX
20130629 20130914 0.00033454 7.2847e-10 TSX
20130707 20150130 8.0736e-05 4.0541e-10 TSX
20130710 20140901 9.146e-05 4.1174e-10 TSX
20130715 20130726 -0.0025379 1.0225e-09 TSX
20130721 20131108 0.00051144 6.6027e-10 TSX
20130726 20150517 4.9404e-05 3.8488e-10 TSX
20130729 20160904 6.7676e-06 4.0649e-10 TSX
20130801 20151115 2.3668e-05 3.6263e-10 TSX
20130817 20140209 -1.1076e-05 5.8096e-10 TSX
20130828 20150312 -6.2967e-05 3.9576e-10 TSX
20130903 20150329 -5.7177e-05 3.585e-10 TSX
20130919 20160309 6.4725e-06 3.2017e-10 TSX
20130925 20140708 1.7617e-05 4.5616e-10 TSX
20130930 20160411 -7.2777e-05 3.4767e-10 TSX
20131011 20150802 2.791e-05 3.7512e-10 TSX
20131017 20140719 -6.3848e-06 4.6433e-10 TSX
20131028 20160304 0.00010209 4.6126e-10 TSX
20131102 20140519 -0.00011635 5.5545e-10 TSX
20131108 20140708 6.9674e-05 4.908e-10 TSX
20140209 20160309 3.7896e-05 3.742e-10 TSX
20140223 20140829 0.00018096 5.4352e-10 TSX
20140408 20140705 1.9671e-05 6.995e-10 TSX
20140419 20170913 9.8072e-05 4.1421e-10 TSX
20140511 20141228 0.00012852 5.0292e-10 TSX
20140519 20150824 -8.4287e-06 4.0517e-10 TSX
20140624 20171005 3.0509e-05 5.2811e-10 TSX
20140627 20151115 -1.8457e-06 3.9863e-10 TSX
20140705 20180911 -7.8607e-06 4.9666e-10 TSX
20140708 20160406 3.377e-05 3.5368e-10 TSX
20140716 20171005 -8.0663e-05 3.8409e-10 TSX
20140719 20151207 3.478e-05 4.1116e-10 TSX
20140727 20150326 -1.8231e-05 4.8821e-10 TSX
20140810 20150122 -9.2713e-05 5.7527e-10 TSX
20140818 20160301 1.2911e-05 3.699e-10 TSX
20140829 20160208 2.278e-06 3.8474e-10 TSX
20140901 20140912 -0.00029468 9.7808e-10 TSX
20140912 20141209 -4.7208e-05 7.0267e-10 TSX
20140920 20170902 -4.7492e-05 4.0304e-10 TSX
20141209 20160211 -7.4794e-05 3.9093e-10 TSX
20141217 20160722 9.8115e-05 3.9394e-10 TSX
20141228 20160106 1.9196e-05 4.0716e-10 TSX
20141231 20151024 2.1536e-05 4.5584e-10 TSX
20150105 20150824 -8.6706e-05 5.2196e-10 TSX
20150108 20170811 7.4591e-05 4.5691e-10 TSX
20150119 20160117 6.992e-05 4.2009e-10 TSX
20150127 20160411 -4.3182e-05 4.0671e-10 TSX
20150130 20151112 6.9212e-05 4.9216e-10 TSX
20150210 20170114 1.8931e-05 5.2806e-10 TSX
20150213 20160326 7.9737e-05 3.8766e-10 TSX
20150218 20160216 -3.677e-05 4.2861e-10 TSX
20150221 20180112 5.309e-05 4.5145e-10 TSX
20150304 20180911 8.0142e-07 4.3386e-10 TSX
20150307 20160211 -1.8663e-05 4.2914e-10 TSX
20150312 20160320 -1.6739e-05 4.2472e-10 TSX
20150326 20150827 0.00014198 5.8794e-10 TSX
20150329 20151207 2.7354e-05 4.833e-10 TSX
20150428 20160425 5.6555e-05 4.3202e-10 TSX
20150509 20150827 8.6257e-05 6.6106e-10 TSX
20150517 20150824 -1.878e-05 6.9818e-10 TSX
20150520 20180911 -5.2377e-06 5.5411e-10 TSX
20150714 20170822 -7.8987e-05 4.1399e-10 TSX
20150725 20170924 4.4291e-05 3.9557e-10 TSX
20150802 20160309 -3.5813e-05 5.3164e-10 TSX
20150805 20160403 -5.5171e-05 4.8822e-10 TSX
20150816 20171107 3.3814e-05 4.773e-10 TSX
20150824 20150915 0.00070183 8.7773e-10 TSX
20150827 20170902 7.9313e-05 4.4694e-10 TSX
20150915 20160216 -0.00016221 6.1029e-10 TSX
20151021 20160904 -7.7938e-06 4.8484e-10 TSX
20151101 20171016 -5.0839e-05 4.114e-10 TSX
20151112 20160425 -5.0975e-05 5.7105e-10 TSX
20151115 20151229 0.00014399 7.9991e-10 TSX
20151123 20171221 5.7883e-05 4.7045e-10 TSX
20151204 20151215 0.00016184 9.8728e-10 TSX
20151207 20160406 -0.00014677 6.4232e-10 TSX
20151215 20170822 0.00012533 5.0423e-10 TSX
20151226 20161223 9.1508e-05 4.3113e-10 TSX
20151229 20160211 3.3322e-05 7.9991e-10 TSX
20160106 20161223 6.4207e-05 4.4615e-10 TSX
20160117 20160926 0.00010052 4.9861e-10 TSX
20160128 20160301 -0.00013284 8.2699e-10 TSX
20160208 20160312 -0.00013155 8.2699e-10 TSX
20160216 20160309 -0.00036963 8.7773e-10 TSX
20160219 20180319 3.3285e-05 3.9765e-10 TSX
20160301 20161201 0.00014781 4.7325e-10 TSX
20160304 20160326 3.7205e-05 8.6368e-10 TSX
20160312 20180319 9.852e-05 4.9239e-10 TSX
20160320 20160411 0.00037462 8.7774e-10 TSX
20160323 20171118 6.0911e-05 4.298e-10 TSX
20160326 20160406 -0.00050555 9.7799e-10 TSX
20160403 20171027 -8.9291e-05 3.8372e-10 TSX
20160425 20170811 0.00011763 4.9286e-10 TSX
20160528 20160630 1.6981e-05 8.2699e-10 TSX
20160630 20171118 0.00011641 5.1092e-10 TSX
20160722 20161201 8.9055e-05 6.2144e-10 TSX
20160904 20180707 -3.9874e-05 4.3121e-10 TSX
20160915 20180911 -7.5873e-06 4.7502e-10 TSX
20160926 20170114 5.5037e-05 6.6058e-10 TSX
20161201 20171027 2.4151e-05 5.729e-10 TSX
20161223 20171107 -2.9003e-05 5.4112e-10 TSX
20170114 20170902 1.8178e-05 5.1864e-10 TSX
20170811 20171005 -7.2574e-05 7.7244e-10 TSX
20170822 20180707 -6.4222e-05 4.3602e-10 TSX
20170913 20180707 -7.7897e-05 4.4827e-10 TSX
20170924 20180319 -2.3033e-05 5.566e-10 TSX
20171005 20171107 6.1497e-05 8.2699e-10 TSX
20171016 20180319 -3.1157e-07 5.8574e-10 TSX
20171027 20180911 -9.1155e-06 4.3652e-10 TSX
20171107 20171118 7.5695e-05 9.8728e-10 TSX
20171118 20171129 6.3823e-05 9.8728e-10 TSX
20171129 20171221 9.1637e-06 8.6499e-10 TSX
20171210 20180820 -2.6833e-05 4.8068e-10 TSX
20171221 20180911 -7.7639e-05 4.8017e-10 TSX
20180112 20181003 0.00020773 4.8178e-10 TSX
20180319 20180707 -0.00015938 6.5716e-10 TSX
20180707 20180911 0.00023325 7.4709e-10 TSX
20180729 20181003 0.00016074 7.4709e-10 TSX
20180820 20181003 0.00026493 7.9869e-10 TSX
20180911 20181003 -0.000148 8.6499e-10 TSX
