20030427 20030914 -0.0002058 5.659e-10 ERS2
20030914 20080629 0.00014269 2.7976e-10 ERS2
20050918 20090510 -9.4672e-06 3.0052e-10 ERS2
20051127 20081116 -0.00021483 2.9729e-10 ERS2
20060903 20090510 0.00022134 3.0201e-10 ERS2
20061231 20090105 -0.00010541 3.2669e-10 ALOS
20070402 20070703 -7.5782e-05 6.7015e-10 ALOS
20070518 20091008 -2.7023e-05 3.0873e-10 ALOS
20070818 20071003 -0.00043456 7.809e-10 ALOS
20071217 20100509 -1.7252e-05 2.9959e-10 ALOS
20080103 20100526 -4.8999e-05 3.1243e-10 ALOS
20080404 20080520 4.4483e-05 7.8095e-10 ALOS
20080618 20090921 -1.5585e-05 3.73e-10 ALOS
20080629 20090510 -0.00054854 4.1387e-10 ERS2
20080705 20091008 9.1695e-05 3.6566e-10 ALOS
20080803 20090823 -1.5276e-06 3.8332e-10 ERS2
20081116 20090823 -1.4844e-05 4.3191e-10 ERS2
20081219 20090921 0.00011292 4.4646e-10 ALOS
20090105 20090708 0.00012759 5.3157e-10 ALOS
20090510 20091101 0.00032736 5.2068e-10 ERS2
20090708 20091008 0.00016417 6.6961e-10 ALOS
20090823 20091101 0.00038612 6.9925e-10 ERS2
20091222 20100624 7.3979e-05 5.3252e-10 ALOS
20100108 20100223 0.00032392 7.8139e-10 ALOS
20100223 20100526 -5.5451e-05 6.7116e-10 ALOS
20100410 20100711 7.204e-05 6.7014e-10 ALOS
20100509 20100624 0.00061484 7.784e-10 ALOS
20100526 20100711 0.00047364 7.809e-10 ALOS
20100624 20101109 -4.6556e-05 5.8517e-10 ALOS
20100711 20101011 -0.00027553 6.6936e-10 ALOS
20100809 20101109 -6.1021e-05 6.6625e-10 ALOS
20101011 20101126 0.0003283 7.8088e-10 ALOS
20110111 20110226 0.00062256 7.8087e-10 ALOS
20110924 20130715 2.0964e-05 3.2507e-10 TSX
20111005 20121229 -6.4982e-06 3.8603e-10 TSX
20111121 20171221 -1.0577e-05 3.9907e-10 TSX
20111221 20130131 2.4745e-06 3.8555e-10 TSX
20111224 20121027 -2.0677e-05 4.1959e-10 TSX
20120126 20140419 -4.917e-06 3.0829e-10 TSX
20120203 20160320 -9.4185e-06 3.4611e-10 TSX
20120206 20171107 -9.6469e-06 3.8272e-10 TSX
20120617 20171129 -7.989e-07 4.1682e-10 TSX
20120723 20160120 1.4025e-05 4.661e-10 TSX
20121024 20130109 -4.0204e-05 7.0986e-10 TSX
20121027 20151226 -2.2125e-06 3.6759e-10 TSX
20121030 20130311 7.6019e-05 5.8539e-10 TSX
20121107 20171118 -7.6774e-06 3.9771e-10 TSX
20121221 20160208 3.5675e-05 3.6345e-10 TSX
20121224 20130516 2.4268e-05 5.6915e-10 TSX
20121229 20130407 6.1343e-05 6.5937e-10 TSX
20130104 20130217 9.8048e-05 7.7721e-10 TSX
20130109 20130715 0.00016165 5.3912e-10 TSX
20130112 20140511 -1.1023e-05 3.6285e-10 TSX
20130115 20130721 -6.5406e-06 5.19e-10 TSX
20130126 20130823 -0.00024569 5.146e-10 TSX
20130131 20130429 0.00012837 6.8175e-10 TSX
20130203 20130729 1.014e-05 5.2347e-10 TSX
20130211 20130919 -3.5349e-05 4.973e-10 TSX
20130228 20141209 1.5312e-05 3.3281e-10 TSX
20130311 20130801 -9.0142e-05 5.6917e-10 TSX
20130316 20130623 4.451e-05 6.5933e-10 TSX
20130402 20150122 -0.00015376 3.7669e-10 TSX
20130407 20140530 3.1353e-05 3.8133e-10 TSX
20130421 20171016 -1.8683e-05 4.1172e-10 TSX
20130424 20130721 -6.8425e-05 6.6594e-10 TSX
20130429 20130623 -0.00010888 7.5993e-10 TSX
20130505 20131028 6.0123e-05 5.8894e-10 TSX
20130513 20151112 1.8118e-05 3.8262e-10 TSX
20130516 20131017 0.00015695 5.8477e-10 TSX
20130521 20130715 0.00012191 7.5996e-10 TSX
20130524 20171129 -7.3385e-06 3.2329e-10 TSX
20130527 20140627 -1.1255e-05 3.8408e-10 TSX
20130601 20130930 -3.7859e-05 6.1943e-10 TSX
20130604 20141217 3.6097e-05 3.5433e-10 TSX
20130607 20140719 2.2523e-05 3.8039e-10 TSX
20130612 20150105 1.8804e-05 3.3992e-10 TSX
20130615 20160106 3.1927e-05 3.8563e-10 TSX
20130618 20140708 -3.1678e-05 3.8834e-10 TSX
20130623 20130715 0.00061524 8.6847e-10 TSX
20130629 20130914 3.6342e-05 6.9908e-10 TSX
20130707 20150130 9.3183e-07 3.409e-10 TSX
20130710 20140901 -9.8464e-07 3.7643e-10 TSX
20130715 20130726 -0.0024137 1.0174e-09 TSX
20130721 20131108 -0.00028962 6.435e-10 TSX
20130726 20150517 7.4372e-05 3.5954e-10 TSX
20130729 20160904 -4.8827e-06 3.2923e-10 TSX
20130801 20151115 3.091e-05 3.9763e-10 TSX
20130817 20140209 6.2072e-05 5.4207e-10 TSX
20130828 20150312 -3.2106e-05 3.4671e-10 TSX
20130903 20150329 6.4154e-05 3.693e-10 TSX
20130919 20160309 5.4196e-05 3.5906e-10 TSX
20130925 20140708 1.268e-05 4.5712e-10 TSX
20130930 20160411 -4.1866e-05 4.3033e-10 TSX
20131011 20150802 -6.8842e-07 3.8733e-10 TSX
20131017 20140719 3.7924e-06 4.6452e-10 TSX
20131028 20160304 2.5421e-05 3.3722e-10 TSX
20131102 20140519 0.00015799 5.1789e-10 TSX
20131108 20140708 -4.7365e-05 4.812e-10 TSX
20140209 20160309 -4.3221e-05 3.3377e-10 TSX
20140223 20140829 8.8255e-06 5.1151e-10 TSX
20140408 20140705 -2.2645e-06 6.6199e-10 TSX
20140419 20170913 4.8461e-06 4.6857e-10 TSX
20140511 20141228 3.9358e-05 4.7077e-10 TSX
20140519 20150824 -3.6263e-05 3.852e-10 TSX
20140624 20171005 -6.2167e-06 3.1233e-10 TSX
20140627 20151115 -9.0782e-06 4.6207e-10 TSX
20140705 20180911 -5.4225e-06 3.0593e-10 TSX
20140708 20160406 2.2336e-05 3.7115e-10 TSX
20140716 20171005 1.5186e-06 3.8981e-10 TSX
20140719 20151207 -2.9161e-05 4.4425e-10 TSX
20140727 20150326 -1.5919e-05 4.6169e-10 TSX
20140810 20150122 0.00011275 5.625e-10 TSX
20140818 20160301 1.1002e-05 3.7962e-10 TSX
20140829 20160208 2.4369e-06 4.0169e-10 TSX
20140901 20140912 -0.0002613 9.7258e-10 TSX
20140912 20141209 -8.1224e-06 6.6595e-10 TSX
20140920 20170902 -1.883e-05 3.1221e-10 TSX
20141209 20160211 -4.6302e-05 3.7454e-10 TSX
20141217 20160722 -1.0714e-05 4.2846e-10 TSX
20141228 20160106 2.2054e-06 3.951e-10 TSX
20141231 20151024 -5.1094e-05 4.6031e-10 TSX
20150105 20150824 -3.6045e-05 4.9064e-10 TSX
20150108 20170811 -7.1911e-06 3.7485e-10 TSX
20150119 20160117 -5.3687e-06 4.0122e-10 TSX
20150127 20160411 -1.1103e-05 4.0303e-10 TSX
20150130 20151112 2.3594e-05 4.3903e-10 TSX
20150210 20170114 1.7656e-05 4.0397e-10 TSX
20150213 20160326 -2.7791e-05 4.3528e-10 TSX
20150218 20160216 -4.7522e-05 4.0624e-10 TSX
20150221 20180112 -6.697e-06 3.7259e-10 TSX
20150304 20180911 -3.21e-06 4.5938e-10 TSX
20150307 20160211 -2.0511e-05 4.094e-10 TSX
20150312 20160320 2.2022e-05 4.1259e-10 TSX
20150326 20150827 4.6952e-05 5.5413e-10 TSX
20150329 20151207 -6.8977e-05 4.647e-10 TSX
20150428 20160425 3.4411e-05 4.3543e-10 TSX
20150509 20150827 6.9534e-05 6.4119e-10 TSX
20150517 20150824 -0.00029636 6.6124e-10 TSX
20150520 20180911 -2.3914e-05 3.819e-10 TSX
20150714 20170822 -9.8454e-07 3.9757e-10 TSX
20150725 20170924 -4.6907e-06 2.9645e-10 TSX
20150802 20160309 -3.4998e-06 4.9708e-10 TSX
20150805 20160403 2.1335e-05 4.6146e-10 TSX
20150816 20171107 -8.3873e-06 3.1263e-10 TSX
20150824 20150915 0.00050962 8.6839e-10 TSX
20150827 20170902 1.8815e-05 3.2507e-10 TSX
20150915 20160216 2.3581e-05 5.6976e-10 TSX
20151021 20160904 -3.7313e-05 4.1937e-10 TSX
20151101 20171016 3.6631e-06 3.1507e-10 TSX
20151112 20160425 -4.1076e-06 5.3666e-10 TSX
20151115 20151229 0.00011249 7.7721e-10 TSX
20151123 20171221 -1.6903e-06 3.07e-10 TSX
20151204 20151215 0.00016053 9.8175e-10 TSX
20151207 20160406 8.0363e-07 6.0304e-10 TSX
20151215 20170822 -1.7311e-05 3.4434e-10 TSX
20151226 20161223 2.7458e-05 3.9377e-10 TSX
20151229 20160211 2.5052e-05 7.7721e-10 TSX
20160106 20161223 2.4302e-05 3.9864e-10 TSX
20160117 20160926 2.5367e-05 4.5487e-10 TSX
20160128 20160301 -0.00013823 8.0942e-10 TSX
20160208 20160312 -8.5759e-05 8.0942e-10 TSX
20160216 20160309 -0.00029907 8.6839e-10 TSX
20160219 20180319 5.9508e-07 3.0187e-10 TSX
20160301 20161201 -3.7857e-06 4.3878e-10 TSX
20160304 20160326 2.3593e-05 8.5339e-10 TSX
20160312 20180319 -6.2556e-06 3.0392e-10 TSX
20160320 20160411 0.00038689 8.6841e-10 TSX
20160323 20171118 1.0179e-06 3.197e-10 TSX
20160326 20160406 -0.00048144 9.7249e-10 TSX
20160403 20171027 -1.67e-05 3.3772e-10 TSX
20160425 20170811 4.3793e-06 3.5248e-10 TSX
20160528 20160630 -7.3512e-07 8.0942e-10 TSX
20160630 20171118 1.1173e-05 3.4085e-10 TSX
20160722 20161201 5.1884e-05 5.816e-10 TSX
20160904 20180707 7.4312e-06 3.2478e-10 TSX
20160915 20180911 -5.5759e-06 3.0027e-10 TSX
20160926 20170114 5.2749e-05 6.1855e-10 TSX
20161201 20171027 1.3481e-05 4.0768e-10 TSX
20161223 20171107 -2.4523e-05 4.1263e-10 TSX
20170114 20170902 -1.0828e-05 4.6894e-10 TSX
20170811 20171005 -4.6566e-05 7.43e-10 TSX
20170822 20180707 -4.0793e-05 4.1397e-10 TSX
20170913 20180707 -4.7883e-05 4.2578e-10 TSX
20170924 20180319 -4.0429e-05 5.2341e-10 TSX
20171005 20171107 7.7647e-05 8.0942e-10 TSX
20171016 20180319 -1.66e-05 5.5034e-10 TSX
20171027 20180911 -1.5197e-05 4.1393e-10 TSX
20171107 20171118 7.3631e-05 9.8175e-10 TSX
20171118 20171129 5.0706e-05 9.8175e-10 TSX
20171129 20171221 -1.7207e-05 8.5415e-10 TSX
20171210 20180820 -5.1177e-05 4.5352e-10 TSX
20171221 20180911 -4.1466e-05 4.4594e-10 TSX
20180112 20181003 -5.8735e-05 4.4575e-10 TSX
20180319 20180707 -9.0826e-05 6.185e-10 TSX
20180707 20180911 0.00012013 7.1374e-10 TSX
20180729 20181003 -3.1999e-05 7.1374e-10 TSX
20180820 20181003 5.3742e-05 7.7463e-10 TSX
20180911 20181003 -0.00016275 8.5415e-10 TSX
