20030427 20030914 -0.00053313 5.6681e-10 ERS2
20030914 20080629 -1.9519e-05 2.752e-10 ERS2
20050918 20090510 3.157e-05 3.0743e-10 ERS2
20051127 20081116 8.0752e-05 3.0154e-10 ERS2
20060903 20090510 2.1667e-06 3.0289e-10 ERS2
20061231 20090105 -2.0956e-05 3.3188e-10 ALOS
20070402 20070703 -0.00024334 6.6709e-10 ALOS
20070518 20091008 -5.4767e-05 3.0811e-10 ALOS
20070818 20071003 -0.00038704 7.7621e-10 ALOS
20071217 20100509 -0.00010967 3.0131e-10 ALOS
20080103 20100526 6.6055e-05 3.1277e-10 ALOS
20080404 20080520 -0.00014965 7.7653e-10 ALOS
20080618 20090921 -0.00014443 3.7326e-10 ALOS
20080629 20090510 -0.00017162 4.1192e-10 ERS2
20080705 20091008 -3.9566e-05 3.7357e-10 ALOS
20080803 20090823 -4.4235e-05 3.8299e-10 ERS2
20081116 20090823 3.9954e-05 4.3205e-10 ERS2
20081219 20090921 3.0944e-05 4.5092e-10 ALOS
20090105 20090708 -0.00037808 5.3046e-10 ALOS
20090510 20091101 0.00015411 5.2015e-10 ERS2
20090708 20091008 0.00036265 6.6594e-10 ALOS
20090823 20091101 -3.0013e-05 6.9877e-10 ERS2
20091222 20100624 0.00032322 5.3314e-10 ALOS
20100108 20100223 -1.1309e-05 7.7859e-10 ALOS
20100223 20100526 -0.00014851 6.6831e-10 ALOS
20100410 20100711 -0.00020108 6.6732e-10 ALOS
20100509 20100624 0.00052597 7.7416e-10 ALOS
20100526 20100711 0.00031047 7.7622e-10 ALOS
20100624 20101109 -0.00012593 5.8393e-10 ALOS
20100711 20101011 2.3362e-05 6.6644e-10 ALOS
20100809 20101109 -7.3905e-06 6.6355e-10 ALOS
20101011 20101126 0.0002016 7.7623e-10 ALOS
20110111 20110226 0.00054473 7.762e-10 ALOS
20110924 20130715 -2.2614e-05 3.5031e-10 TSX
20111005 20121229 -3.8353e-05 3.7741e-10 TSX
20111121 20171221 -2.0564e-05 3.2697e-10 TSX
20111221 20130131 -5.4348e-05 3.8535e-10 TSX
20111224 20121027 6.9503e-06 4.1933e-10 TSX
20120126 20140419 -3.4745e-05 3.1279e-10 TSX
20120203 20160320 -3.3603e-05 3.9138e-10 TSX
20120206 20171107 1.8324e-05 3.6661e-10 TSX
20120617 20171129 7.6827e-06 3.2071e-10 TSX
20120723 20160120 -4.8117e-05 3.6522e-10 TSX
20121024 20130109 7.2309e-05 7.0181e-10 TSX
20121027 20151226 7.0726e-06 3.2728e-10 TSX
20121030 20130311 -7.0555e-05 5.8463e-10 TSX
20121107 20171118 2.9671e-05 3.008e-10 TSX
20121221 20160208 2.4644e-05 3.4478e-10 TSX
20121224 20130516 -0.00010999 5.6847e-10 TSX
20121229 20130407 -7.227e-05 6.5601e-10 TSX
20130104 20130217 -6.223e-05 7.7402e-10 TSX
20130109 20130715 -1.2996e-05 5.3392e-10 TSX
20130112 20140511 4.5615e-06 3.6025e-10 TSX
20130115 20130721 -5.7917e-05 5.1538e-10 TSX
20130126 20130823 0.00010565 5.3183e-10 TSX
20130131 20130429 -7.6307e-05 6.78e-10 TSX
20130203 20130729 -1.2621e-05 5.2313e-10 TSX
20130211 20130919 5.7553e-06 4.9704e-10 TSX
20130228 20141209 -2.2898e-05 4.0837e-10 TSX
20130311 20130801 7.187e-06 5.6844e-10 TSX
20130316 20130623 -4.0246e-05 6.5602e-10 TSX
20130402 20150122 0.00016231 3.9344e-10 TSX
20130407 20140530 -9.3068e-05 3.826e-10 TSX
20130421 20171016 1.8866e-05 3.0293e-10 TSX
20130424 20130721 -0.00011119 6.6405e-10 TSX
20130429 20130623 -8.2163e-05 7.5491e-10 TSX
20130505 20131028 -0.00026546 5.4561e-10 TSX
20130513 20151112 5.3633e-05 3.4517e-10 TSX
20130516 20131017 6.1651e-05 6.0127e-10 TSX
20130521 20130715 0.00019237 7.5492e-10 TSX
20130524 20171129 4.3156e-05 3.1091e-10 TSX
20130527 20140627 -3.7129e-05 3.8402e-10 TSX
20130601 20130930 0.00012329 6.1685e-10 TSX
20130604 20141217 3.0431e-05 3.5289e-10 TSX
20130607 20140719 -1.181e-05 3.8009e-10 TSX
20130612 20150105 -7.4745e-05 3.7353e-10 TSX
20130615 20160106 4.8308e-05 3.1221e-10 TSX
20130618 20140708 -2.1295e-05 3.8807e-10 TSX
20130623 20130715 0.00066739 8.6361e-10 TSX
20130629 20130914 0.00012536 7.0853e-10 TSX
20130707 20150130 2.3878e-05 3.491e-10 TSX
20130710 20140901 -5.1469e-05 3.7854e-10 TSX
20130715 20130726 -0.0023459 1.0129e-09 TSX
20130721 20131108 0.00091341 6.4944e-10 TSX
20130726 20150517 -5.0554e-05 3.9976e-10 TSX
20130729 20160904 1.4412e-05 3.202e-10 TSX
20130801 20151115 -5.6979e-05 3.2192e-10 TSX
20130817 20140209 -0.00010179 5.4092e-10 TSX
20130828 20150312 -3.7029e-05 3.725e-10 TSX
20130903 20150329 -8.8917e-05 3.9647e-10 TSX
20130919 20160309 -1.2212e-06 3.5563e-10 TSX
20130925 20140708 -6.8355e-05 4.4897e-10 TSX
20130930 20160411 -5.9289e-05 3.6314e-10 TSX
20131011 20150802 -1.027e-05 3.4506e-10 TSX
20131017 20140719 -9.4266e-05 5.0056e-10 TSX
20131028 20160304 -8.421e-06 3.3288e-10 TSX
20131102 20140519 -0.00012311 5.1712e-10 TSX
20131108 20140708 -0.00022246 5.04e-10 TSX
20140209 20160309 -4.3194e-05 3.6708e-10 TSX
20140223 20140829 3.1675e-05 5.1109e-10 TSX
20140408 20140705 -3.3753e-05 6.6132e-10 TSX
20140419 20170913 5.0403e-05 3.4045e-10 TSX
20140511 20141228 3.9435e-05 4.7059e-10 TSX
20140519 20150824 5.8392e-05 3.7959e-10 TSX
20140624 20171005 2.2132e-05 3.162e-10 TSX
20140627 20151115 6.1585e-06 4.1962e-10 TSX
20140705 20180911 3.2847e-05 3.1264e-10 TSX
20140708 20160406 -1.4481e-05 3.8535e-10 TSX
20140716 20171005 3.5106e-05 3.0885e-10 TSX
20140719 20151207 -3.4008e-05 3.7131e-10 TSX
20140727 20150326 -1.4729e-05 4.6252e-10 TSX
20140810 20150122 1.734e-05 5.6331e-10 TSX
20140818 20160301 3.5447e-05 3.5061e-10 TSX
20140829 20160208 4.0946e-05 3.6444e-10 TSX
20140901 20140912 -0.00029865 9.693e-10 TSX
20140912 20141209 -2.5628e-05 6.6391e-10 TSX
20140920 20170902 3.7489e-05 3.303e-10 TSX
20141209 20160211 -1.1607e-05 4.4011e-10 TSX
20141217 20160722 4.3434e-05 3.7477e-10 TSX
20141228 20160106 4.7345e-05 3.9477e-10 TSX
20141231 20151024 1.0892e-05 4.3794e-10 TSX
20150105 20150824 2.7029e-05 4.9415e-10 TSX
20150108 20170811 4.667e-05 3.4305e-10 TSX
20150119 20160117 6.6016e-05 3.9611e-10 TSX
20150127 20160411 -0.00010327 3.9449e-10 TSX
20150130 20151112 7.2313e-05 4.3752e-10 TSX
20150210 20170114 6.2788e-05 3.512e-10 TSX
20150213 20160326 -0.00023217 4.1145e-10 TSX
20150218 20160216 2.9905e-05 4.1459e-10 TSX
20150221 20180112 3.5588e-05 3.9097e-10 TSX
20150304 20180911 6.7493e-05 3.1633e-10 TSX
20150307 20160211 -1.845e-05 4.2727e-10 TSX
20150312 20160320 -3.701e-05 4.3156e-10 TSX
20150326 20150827 8.1561e-05 5.5363e-10 TSX
20150329 20151207 9.2351e-06 4.5784e-10 TSX
20150428 20160425 7.5893e-05 4.0005e-10 TSX
20150509 20150827 9.593e-05 6.2046e-10 TSX
20150517 20150824 -8.9521e-06 6.5655e-10 TSX
20150520 20180911 5.1099e-05 3.0435e-10 TSX
20150714 20170822 5.2999e-05 3.3732e-10 TSX
20150725 20170924 2.3802e-05 3.3008e-10 TSX
20150802 20160309 -0.00010177 5.0911e-10 TSX
20150805 20160403 1.8073e-05 4.6867e-10 TSX
20150816 20171107 4.6672e-05 3.1765e-10 TSX
20150824 20150915 0.00068539 8.6352e-10 TSX
20150827 20170902 3.9129e-05 3.6059e-10 TSX
20150915 20160216 -0.00012496 5.7447e-10 TSX
20151021 20160904 -1.4333e-05 4.1935e-10 TSX
20151101 20171016 2.765e-05 3.2459e-10 TSX
20151112 20160425 -3.0356e-05 5.3636e-10 TSX
20151115 20151229 0.00018461 7.7402e-10 TSX
20151123 20171221 3.5843e-05 3.1861e-10 TSX
20151204 20151215 0.00017097 9.7945e-10 TSX
20151207 20160406 -0.00012875 6.0211e-10 TSX
20151215 20170822 4.0081e-05 3.285e-10 TSX
20151226 20161223 7.5707e-05 3.9643e-10 TSX
20151229 20160211 -2.5012e-05 7.7402e-10 TSX
20160106 20161223 8.218e-05 4.0295e-10 TSX
20160117 20160926 4.7338e-05 4.5568e-10 TSX
20160128 20160301 -0.00016088 8.0773e-10 TSX
20160208 20160312 -0.00010879 8.0773e-10 TSX
20160216 20160309 -0.00037638 8.6352e-10 TSX
20160219 20180319 3.2342e-05 3.1592e-10 TSX
20160301 20161201 0.00012483 4.3915e-10 TSX
20160304 20160326 4.1014e-06 8.5002e-10 TSX
20160312 20180319 4.5565e-05 3.3209e-10 TSX
20160320 20160411 0.00037669 8.6352e-10 TSX
20160323 20171118 6.3926e-05 3.2817e-10 TSX
20160326 20160406 -0.00051124 9.6923e-10 TSX
20160403 20171027 9.0479e-05 3.514e-10 TSX
20160425 20170811 9.0619e-05 3.6038e-10 TSX
20160528 20160630 2.5391e-06 8.0773e-10 TSX
20160630 20171118 8.4612e-05 3.4836e-10 TSX
20160722 20161201 0.00022159 5.8127e-10 TSX
20160904 20180707 1.8021e-05 3.3556e-10 TSX
20160915 20180911 3.0959e-05 3.1854e-10 TSX
20160926 20170114 2.941e-05 6.18e-10 TSX
20161201 20171027 -8.4331e-06 4.1122e-10 TSX
20161223 20171107 -1.4294e-05 4.1352e-10 TSX
20170114 20170902 3.1724e-05 4.7281e-10 TSX
20170811 20171005 -7.3488e-05 7.4187e-10 TSX
20170822 20180707 -5.5574e-05 4.1364e-10 TSX
20170913 20180707 -9.5518e-05 4.2612e-10 TSX
20170924 20180319 -5.5509e-05 5.2317e-10 TSX
20171005 20171107 4.2677e-05 8.0773e-10 TSX
20171016 20180319 -2.7898e-05 5.5005e-10 TSX
20171027 20180911 -1.0844e-05 4.1365e-10 TSX
20171107 20171118 8.8068e-05 9.7945e-10 TSX
20171118 20171129 5.6108e-05 9.7945e-10 TSX
20171129 20171221 -3.1213e-05 8.5212e-10 TSX
20171210 20180820 -4.7582e-05 4.5344e-10 TSX
20171221 20180911 -5.9054e-05 4.4566e-10 TSX
20180112 20181003 7.1717e-06 4.4569e-10 TSX
20180319 20180707 -9.2436e-05 6.1792e-10 TSX
20180707 20180911 0.00028128 7.1281e-10 TSX
20180729 20181003 7.4801e-06 7.1281e-10 TSX
20180820 20181003 0.00011566 7.7325e-10 TSX
20180911 20181003 -0.0002163 8.5212e-10 TSX
