20030427 20030914 -1.8118e-07 5.6615e-10 ERS2
20030914 20080629 -6.9167e-05 2.7103e-10 ERS2
20050918 20090510 -4.7183e-05 3.0293e-10 ERS2
20051127 20081116 2.8221e-05 3.1744e-10 ERS2
20060903 20090510 5.2762e-05 3.1116e-10 ERS2
20061231 20090105 0.00017352 3.3016e-10 ALOS
20070402 20070703 9.5705e-05 6.6891e-10 ALOS
20070518 20091008 -0.00042816 3.0196e-10 ALOS
20070818 20071003 -0.00021118 7.7942e-10 ALOS
20071217 20100509 -8.1861e-05 3.0289e-10 ALOS
20080103 20100526 -0.00017278 3.1788e-10 ALOS
20080404 20080520 -5.4615e-05 7.7965e-10 ALOS
20080618 20090921 3.1389e-05 3.7235e-10 ALOS
20080629 20090510 -0.00029432 4.2226e-10 ERS2
20080705 20091008 -4.9184e-05 3.6764e-10 ALOS
20080803 20090823 8.8831e-06 3.8333e-10 ERS2
20081116 20090823 5.3844e-05 4.3185e-10 ERS2
20081219 20090921 -3.5447e-05 4.4621e-10 ALOS
20090105 20090708 -3.93e-05 5.3149e-10 ALOS
20090510 20091101 9.5216e-05 5.2184e-10 ERS2
20090708 20091008 0.00014449 6.6848e-10 ALOS
20090823 20091101 0.00021449 6.991e-10 ERS2
20091222 20100624 -0.00011264 5.3181e-10 ALOS
20100108 20100223 -1.4361e-05 7.8006e-10 ALOS
20100223 20100526 -0.00040409 6.7116e-10 ALOS
20100410 20100711 -0.00032795 6.6911e-10 ALOS
20100509 20100624 0.00065838 7.7701e-10 ALOS
20100526 20100711 0.00040521 7.7934e-10 ALOS
20100624 20101109 4.9798e-05 5.8483e-10 ALOS
20100711 20101011 -7.7126e-05 6.6853e-10 ALOS
20100809 20101109 1.9698e-05 6.6538e-10 ALOS
20101011 20101126 0.00026151 7.7933e-10 ALOS
20110111 20110226 0.00049426 7.7927e-10 ALOS
20110924 20130715 -1.1549e-05 3.7475e-10 TSX
20111005 20121229 2.3008e-05 3.9801e-10 TSX
20111121 20171221 -2.3723e-05 3.5928e-10 TSX
20111221 20130131 1.4752e-05 3.8556e-10 TSX
20111224 20121027 -1.4502e-05 4.2029e-10 TSX
20120126 20140419 1.5017e-05 4.2589e-10 TSX
20120203 20160320 8.0563e-05 3.1642e-10 TSX
20120206 20171107 -1.1625e-05 4.6485e-10 TSX
20120617 20171129 -4.4882e-05 3.7301e-10 TSX
20120723 20160120 2.642e-05 3.5415e-10 TSX
20121024 20130109 7.3756e-05 7.0556e-10 TSX
20121027 20151226 -3.9515e-05 4.2852e-10 TSX
20121030 20130311 4.5698e-06 5.8515e-10 TSX
20121107 20171118 -5.0691e-05 3.5188e-10 TSX
20121221 20160208 -0.00010193 4.2453e-10 TSX
20121224 20130516 5.4817e-05 5.689e-10 TSX
20121229 20130407 6.8118e-06 6.5839e-10 TSX
20130104 20130217 -2.7811e-05 7.761e-10 TSX
20130109 20130715 0.00020278 5.6302e-10 TSX
20130112 20140511 -8.4121e-05 4.7262e-10 TSX
20130115 20130721 1.8204e-06 5.5741e-10 TSX
20130126 20130823 -0.00014587 5.4262e-10 TSX
20130131 20130429 6.5673e-06 6.8062e-10 TSX
20130203 20130729 -5.4211e-05 5.3014e-10 TSX
20130211 20130919 -8.1274e-06 5.1655e-10 TSX
20130228 20141209 6.3275e-05 3.5359e-10 TSX
20130311 20130801 -7.8484e-05 5.7506e-10 TSX
20130316 20130623 -9.1461e-05 6.5913e-10 TSX
20130402 20150122 5.0158e-05 3.496e-10 TSX
20130407 20140530 4.4291e-05 4.1088e-10 TSX
20130421 20171016 5.2301e-05 4.6374e-10 TSX
20130424 20130721 -0.0002138 6.6532e-10 TSX
20130429 20130623 -0.00011238 7.585e-10 TSX
20130505 20131028 -0.00039262 5.865e-10 TSX
20130513 20151112 2.7441e-05 3.3879e-10 TSX
20130516 20131017 -0.00036793 5.801e-10 TSX
20130521 20130715 0.00010079 7.5882e-10 TSX
20130524 20171129 5.8956e-05 4.9231e-10 TSX
20130527 20140627 -3.6878e-05 4.1052e-10 TSX
20130601 20130930 1.4487e-05 6.1963e-10 TSX
20130604 20141217 5.7327e-05 4.9601e-10 TSX
20130607 20140719 -9.1634e-06 4.218e-10 TSX
20130612 20150105 -9.0267e-06 3.7788e-10 TSX
20130615 20160106 7.0198e-07 4.2183e-10 TSX
20130618 20140708 -3.2141e-05 3.9072e-10 TSX
20130623 20130715 0.00062763 8.6677e-10 TSX
20130629 20130914 6.1512e-05 7.0386e-10 TSX
20130707 20150130 1.7053e-05 3.9404e-10 TSX
20130710 20140901 4.5821e-05 3.8963e-10 TSX
20130715 20130726 -0.0023955 1.0158e-09 TSX
20130721 20131108 0.00047545 6.4663e-10 TSX
20130726 20150517 8.7204e-05 4.0001e-10 TSX
20130729 20160904 6.4086e-06 4.8896e-10 TSX
20130801 20151115 -8.3438e-05 3.7955e-10 TSX
20130817 20140209 1.4358e-06 5.4444e-10 TSX
20130828 20150312 7.6503e-05 3.9351e-10 TSX
20130903 20150329 -0.0003073 3.4856e-10 TSX
20130919 20160309 9.2127e-06 3.4637e-10 TSX
20130925 20140708 6.0609e-06 4.4803e-10 TSX
20130930 20160411 0.00011956 4.3837e-10 TSX
20131011 20150802 -5.504e-05 3.8334e-10 TSX
20131017 20140719 3.7898e-07 4.5784e-10 TSX
20131028 20160304 -0.00016618 3.0942e-10 TSX
20131102 20140519 3.9775e-05 5.1818e-10 TSX
20131108 20140708 7.3124e-05 5.2626e-10 TSX
20140209 20160309 5.957e-06 3.9078e-10 TSX
20140223 20140829 1.5603e-05 5.2043e-10 TSX
20140408 20140705 -4.2573e-06 6.619e-10 TSX
20140419 20170913 3.1984e-05 3.4852e-10 TSX
20140511 20141228 7.697e-06 5.0073e-10 TSX
20140519 20150824 -6.8367e-05 4.1547e-10 TSX
20140624 20171005 4.7024e-05 4.5073e-10 TSX
20140627 20151115 -1.335e-05 3.9129e-10 TSX
20140705 20180911 4.198e-05 3.6155e-10 TSX
20140708 20160406 -1.7636e-05 4.1326e-10 TSX
20140716 20171005 -3.2231e-05 3.3608e-10 TSX
20140719 20151207 1.3285e-05 4.1798e-10 TSX
20140727 20150326 -3.7177e-05 4.6785e-10 TSX
20140810 20150122 5.5569e-05 5.4983e-10 TSX
20140818 20160301 1.6374e-05 4.5409e-10 TSX
20140829 20160208 2.52e-05 4.277e-10 TSX
20140901 20140912 -0.00027231 9.7114e-10 TSX
20140912 20141209 6.6344e-08 6.6532e-10 TSX
20140920 20170902 2.6053e-05 4.7811e-10 TSX
20141209 20160211 -9.0073e-05 3.9299e-10 TSX
20141217 20160722 -4.469e-05 3.7835e-10 TSX
20141228 20160106 -4.8775e-05 4.7621e-10 TSX
20141231 20151024 -1.4402e-05 4.4625e-10 TSX
20150105 20150824 -4.6408e-05 5.0551e-10 TSX
20150108 20170811 1.3075e-05 3.9656e-10 TSX
20150119 20160117 3.4246e-05 4.4959e-10 TSX
20150127 20160411 -0.00015228 4.0623e-10 TSX
20150130 20151112 6.6571e-05 4.7833e-10 TSX
20150210 20170114 4.3726e-05 4.0095e-10 TSX
20150213 20160326 0.00029771 4.3979e-10 TSX
20150218 20160216 -3.6353e-05 4.3655e-10 TSX
20150221 20180112 -1.2389e-05 3.7801e-10 TSX
20150304 20180911 2.0983e-05 4.4907e-10 TSX
20150307 20160211 -5.8635e-05 4.1742e-10 TSX
20150312 20160320 -7.9924e-05 4.167e-10 TSX
20150326 20150827 -6.7049e-07 5.6716e-10 TSX
20150329 20151207 -7.3703e-05 4.6922e-10 TSX
20150428 20160425 9.0948e-05 4.3065e-10 TSX
20150509 20150827 -0.00014333 6.3568e-10 TSX
20150517 20150824 -0.00019365 6.6713e-10 TSX
20150520 20180911 1.0502e-05 3.7585e-10 TSX
20150714 20170822 -7.8055e-05 4.0572e-10 TSX
20150725 20170924 0.00013671 3.5758e-10 TSX
20150802 20160309 -4.5246e-05 4.9965e-10 TSX
20150805 20160403 9.2906e-05 4.7966e-10 TSX
20150816 20171107 0.00011394 4.3582e-10 TSX
20150824 20150915 0.00066321 8.6667e-10 TSX
20150827 20170902 4.5178e-05 4.5238e-10 TSX
20150915 20160216 -6.618e-05 5.7719e-10 TSX
20151021 20160904 -7.9222e-05 4.2731e-10 TSX
20151101 20171016 -3.0289e-05 4.5536e-10 TSX
20151112 20160425 -2.3832e-05 5.5679e-10 TSX
20151115 20151229 9.2646e-05 7.761e-10 TSX
20151123 20171221 -1.1255e-06 3.9736e-10 TSX
20151204 20151215 0.00016372 9.8024e-10 TSX
20151207 20160406 -6.8977e-06 6.0275e-10 TSX
20151215 20170822 3.3197e-05 3.8723e-10 TSX
20151226 20161223 2.315e-05 4.0842e-10 TSX
20151229 20160211 -1.734e-05 7.761e-10 TSX
20160106 20161223 4.8976e-05 4.0373e-10 TSX
20160117 20160926 -2.3813e-05 4.7872e-10 TSX
20160128 20160301 -0.00025387 8.0856e-10 TSX
20160208 20160312 -0.0001233 8.0856e-10 TSX
20160216 20160309 -0.00037396 8.6667e-10 TSX
20160219 20180319 7.5074e-06 3.4351e-10 TSX
20160301 20161201 5.7956e-05 4.3973e-10 TSX
20160304 20160326 6.4234e-05 8.5201e-10 TSX
20160312 20180319 2.4339e-07 3.5227e-10 TSX
20160320 20160411 0.00033275 8.6668e-10 TSX
20160323 20171118 6.7162e-05 4.2076e-10 TSX
20160326 20160406 -0.0005255 9.7107e-10 TSX
20160403 20171027 -0.000106 5.1154e-10 TSX
20160425 20170811 5.0056e-05 3.9903e-10 TSX
20160528 20160630 1.5533e-05 8.0856e-10 TSX
20160630 20171118 -5.8514e-05 3.7648e-10 TSX
20160722 20161201 0.00014622 5.8391e-10 TSX
20160904 20180707 3.9951e-05 4.8889e-10 TSX
20160915 20180911 -3.0568e-05 4.8092e-10 TSX
20160926 20170114 1.9365e-05 6.3826e-10 TSX
20161201 20171027 -5.8413e-05 4.8097e-10 TSX
20161223 20171107 -0.00015823 4.3803e-10 TSX
20170114 20170902 -1.4846e-05 5.5411e-10 TSX
20170811 20171005 -4.6658e-05 7.427e-10 TSX
20170822 20180707 -8.5589e-05 4.1489e-10 TSX
20170913 20180707 -0.00012217 4.3282e-10 TSX
20170924 20180319 4.9025e-06 5.2326e-10 TSX
20171005 20171107 8.7328e-05 8.0856e-10 TSX
20171016 20180319 1.9819e-05 5.5047e-10 TSX
20171027 20180911 -4.3739e-05 4.1584e-10 TSX
20171107 20171118 7.0396e-05 9.8024e-10 TSX
20171118 20171129 5.8823e-05 9.8024e-10 TSX
20171129 20171221 -6.6807e-06 8.5292e-10 TSX
20171210 20180820 -9.4258e-05 4.551e-10 TSX
20171221 20180911 -6.1597e-05 4.5779e-10 TSX
20180112 20181003 1.4346e-05 4.5411e-10 TSX
20180319 20180707 -0.00023017 6.2052e-10 TSX
20180707 20180911 0.00029842 7.1358e-10 TSX
20180729 20181003 5.4155e-05 7.1358e-10 TSX
20180820 20181003 0.00017612 7.741e-10 TSX
20180911 20181003 -0.00019883 8.5293e-10 TSX
