20030427 20030914 -0.00069754 5.6988e-10 ERS2
20030914 20080629 6.4726e-05 2.6644e-10 ERS2
20050918 20090510 1.4182e-05 2.9794e-10 ERS2
20051127 20081116 0.00017336 3.1155e-10 ERS2
20060903 20090510 -0.00022317 3.1126e-10 ERS2
20061231 20090105 1.7986e-05 3.1497e-10 ALOS
20070402 20070703 -0.00025304 6.6625e-10 ALOS
20070518 20091008 -6.3817e-06 3.0028e-10 ALOS
20070818 20071003 -0.0003969 7.7587e-10 ALOS
20071217 20100509 -6.9065e-05 3.0065e-10 ALOS
20080103 20100526 5.096e-06 2.9952e-10 ALOS
20080404 20080520 -6.6253e-05 7.7588e-10 ALOS
20080618 20090921 3.9738e-05 3.7208e-10 ALOS
20080629 20090510 -0.00040287 4.1216e-10 ERS2
20080705 20091008 -7.1721e-05 3.6508e-10 ALOS
20080803 20090823 -7.9127e-05 3.8335e-10 ERS2
20081116 20090823 -2.8666e-05 4.3276e-10 ERS2
20081219 20090921 4.5409e-05 4.4603e-10 ALOS
20090105 20090708 -1.4124e-05 5.2817e-10 ALOS
20090510 20091101 2.3391e-06 5.2113e-10 ERS2
20090708 20091008 0.00011306 6.6622e-10 ALOS
20090823 20091101 0.0004239 6.986e-10 ERS2
20091222 20100624 -8.2896e-05 5.2547e-10 ALOS
20100108 20100223 -0.00024265 7.7605e-10 ALOS
20100223 20100526 -6.9024e-05 6.6625e-10 ALOS
20100410 20100711 -9.7017e-05 6.6624e-10 ALOS
20100509 20100624 0.00063439 7.7384e-10 ALOS
20100526 20100711 0.00041164 7.7588e-10 ALOS
20100624 20101109 -2.7167e-05 5.8397e-10 ALOS
20100711 20101011 -0.00016304 6.6627e-10 ALOS
20100809 20101109 -7.1285e-05 6.6356e-10 ALOS
20101011 20101126 0.00025825 7.7588e-10 ALOS
20110111 20110226 0.0005671 7.7587e-10 ALOS
20110924 20130715 1.7826e-05 3.2365e-10 TSX
20111005 20121229 1.9147e-05 3.6886e-10 TSX
20111121 20171221 -1.4308e-06 2.5321e-10 TSX
20111221 20130131 1.7718e-06 3.8564e-10 TSX
20111224 20121027 -8.5667e-06 4.191e-10 TSX
20120126 20140419 -4.0847e-06 2.9274e-10 TSX
20120203 20160320 8.4303e-08 2.4629e-10 TSX
20120206 20171107 1.2342e-05 2.5048e-10 TSX
20120617 20171129 1.4686e-08 2.4774e-10 TSX
20120723 20160120 6.1313e-05 2.6325e-10 TSX
20121024 20130109 0.00025654 7.0169e-10 TSX
20121027 20151226 -1.11e-05 2.6575e-10 TSX
20121030 20130311 1.7194e-05 5.8464e-10 TSX
20121107 20171118 9.7194e-07 2.5201e-10 TSX
20121221 20160208 -1.8754e-05 2.6601e-10 TSX
20121224 20130516 -2.611e-05 5.685e-10 TSX
20121229 20130407 -9.9462e-06 6.5605e-10 TSX
20130104 20130217 -3.8033e-05 7.7371e-10 TSX
20130109 20130715 -3.1359e-05 5.2917e-10 TSX
20130112 20140511 -9.129e-07 3.5379e-10 TSX
20130115 20130721 -0.00015303 5.1397e-10 TSX
20130126 20130823 -5.7204e-05 4.914e-10 TSX
20130131 20130429 1.0662e-06 6.7799e-10 TSX
20130203 20130729 -1.9362e-05 5.2315e-10 TSX
20130211 20130919 3.0589e-05 4.959e-10 TSX
20130228 20141209 1.2353e-05 3.1159e-10 TSX
20130311 20130801 -8.7558e-05 5.6843e-10 TSX
20130316 20130623 1.9657e-05 6.5606e-10 TSX
20130402 20150122 5.6251e-05 2.9e-10 TSX
20130407 20140530 1.0551e-06 3.8105e-10 TSX
20130421 20171016 1.2603e-05 2.5298e-10 TSX
20130424 20130721 -0.00023902 6.6404e-10 TSX
20130429 20130623 -3.2748e-05 7.5464e-10 TSX
20130505 20131028 -0.00046543 5.2581e-10 TSX
20130513 20151112 -1.3987e-05 2.8001e-10 TSX
20130516 20131017 -0.00018819 5.5293e-10 TSX
20130521 20130715 0.00023733 7.5466e-10 TSX
20130524 20171129 1.0837e-06 2.5066e-10 TSX
20130527 20140627 2.9604e-05 3.843e-10 TSX
20130601 20130930 9.0008e-05 6.1693e-10 TSX
20130604 20141217 -5.5776e-07 3.365e-10 TSX
20130607 20140719 1.9484e-05 3.8109e-10 TSX
20130612 20150105 3.8359e-05 3.3738e-10 TSX
20130615 20160106 2.1115e-05 2.7946e-10 TSX
20130618 20140708 -7.3111e-06 3.8839e-10 TSX
20130623 20130715 0.00057015 8.6314e-10 TSX
20130629 20130914 0.00016633 6.8835e-10 TSX
20130707 20150130 2.6479e-06 3.383e-10 TSX
20130710 20140901 8.6499e-06 3.7758e-10 TSX
20130715 20130726 -0.0024029 1.0124e-09 TSX
20130721 20131108 0.00065509 6.2103e-10 TSX
20130726 20150517 7.7395e-05 3.2134e-10 TSX
20130729 20160904 -3.2997e-05 2.685e-10 TSX
20130801 20151115 2.5222e-05 2.8619e-10 TSX
20130817 20140209 -6.8628e-05 5.4098e-10 TSX
20130828 20150312 4.3358e-05 3.3971e-10 TSX
20130903 20150329 -7.8858e-05 3.112e-10 TSX
20130919 20160309 -9.8993e-06 2.7477e-10 TSX
20130925 20140708 6.4249e-06 4.3133e-10 TSX
20130930 20160411 -3.1634e-06 2.7222e-10 TSX
20131011 20150802 -2.3263e-06 3.188e-10 TSX
20131017 20140719 -4.4792e-06 4.3879e-10 TSX
20131028 20160304 -1.1071e-06 2.7132e-10 TSX
20131102 20140519 -8.9183e-05 5.1707e-10 TSX
20131108 20140708 -5.7181e-05 4.6281e-10 TSX
20140209 20160309 3.9709e-05 3.055e-10 TSX
20140223 20140829 5.507e-06 5.1115e-10 TSX
20140408 20140705 -1.1172e-05 6.6132e-10 TSX
20140419 20170913 1.5113e-05 2.6274e-10 TSX
20140511 20141228 -8.1174e-06 4.7014e-10 TSX
20140519 20150824 6.1012e-05 3.6406e-10 TSX
20140624 20171005 -1.0701e-05 2.6465e-10 TSX
20140627 20151115 -4.3667e-05 3.4065e-10 TSX
20140705 20180911 8.6725e-06 2.5462e-10 TSX
20140708 20160406 2.2334e-05 3.1113e-10 TSX
20140716 20171005 5.7446e-06 2.6663e-10 TSX
20140719 20151207 -1.6724e-05 3.4005e-10 TSX
20140727 20150326 -1.1863e-05 4.617e-10 TSX
20140810 20150122 6.4432e-05 5.3919e-10 TSX
20140818 20160301 -2.4729e-05 3.2364e-10 TSX
20140829 20160208 -3.3205e-06 3.3112e-10 TSX
20140901 20140912 -0.00027413 9.6892e-10 TSX
20140912 20141209 -3.2742e-05 6.6404e-10 TSX
20140920 20170902 -4.1101e-06 2.7058e-10 TSX
20141209 20160211 -2.1896e-05 3.6348e-10 TSX
20141217 20160722 -2.2371e-05 3.1797e-10 TSX
20141228 20160106 -8.1699e-06 3.819e-10 TSX
20141231 20151024 6.7042e-06 4.2485e-10 TSX
20150105 20150824 -1.2104e-05 4.8607e-10 TSX
20150108 20170811 9.2055e-06 2.7482e-10 TSX
20150119 20160117 1.0361e-06 3.8715e-10 TSX
20150127 20160411 3.242e-06 3.7065e-10 TSX
20150130 20151112 -1.2978e-05 4.2852e-10 TSX
20150210 20170114 1.3141e-05 2.9869e-10 TSX
20150213 20160326 1.0059e-05 3.6756e-10 TSX
20150218 20160216 -1.7683e-05 4.0271e-10 TSX
20150221 20180112 1.5151e-05 2.6747e-10 TSX
20150304 20180911 1.4093e-05 2.6725e-10 TSX
20150307 20160211 1.0075e-05 4.0084e-10 TSX
20150312 20160320 -5.7014e-05 3.9764e-10 TSX
20150326 20150827 -4.2036e-06 5.4979e-10 TSX
20150329 20151207 -3.6901e-05 4.5477e-10 TSX
20150428 20160425 -6.1318e-07 3.8665e-10 TSX
20150509 20150827 3.2729e-05 6.1792e-10 TSX
20150517 20150824 -0.00011871 6.5605e-10 TSX
20150520 20180911 -1.167e-05 2.6788e-10 TSX
20150714 20170822 5.3499e-06 2.9231e-10 TSX
20150725 20170924 -1.3568e-05 2.9116e-10 TSX
20150802 20160309 -2.3843e-05 4.9592e-10 TSX
20150805 20160403 -2.6872e-06 4.6122e-10 TSX
20150816 20171107 2.1418e-06 2.8852e-10 TSX
20150824 20150915 0.00060779 8.6303e-10 TSX
20150827 20170902 -4.4004e-06 2.9714e-10 TSX
20150915 20160216 -0.00010136 5.6816e-10 TSX
20151021 20160904 -8.4056e-05 4.1221e-10 TSX
20151101 20171016 1.5686e-05 2.9982e-10 TSX
20151112 20160425 -2.7527e-05 5.361e-10 TSX
20151115 20151229 0.00014733 7.7371e-10 TSX
20151123 20171221 1.176e-05 2.9528e-10 TSX
20151204 20151215 0.00015287 9.7955e-10 TSX
20151207 20160406 -1.0652e-05 6.0214e-10 TSX
20151215 20170822 1.3777e-05 3.1409e-10 TSX
20151226 20161223 3.3571e-06 3.9411e-10 TSX
20151229 20160211 2.7031e-05 7.7371e-10 TSX
20160106 20161223 1.2706e-05 3.9871e-10 TSX
20160117 20160926 -3.002e-05 4.5316e-10 TSX
20160128 20160301 -0.00023043 8.0749e-10 TSX
20160208 20160312 -8.9407e-05 8.0749e-10 TSX
20160216 20160309 -0.00037301 8.6303e-10 TSX
20160219 20180319 4.986e-06 2.9665e-10 TSX
20160301 20161201 4.6708e-05 4.385e-10 TSX
20160304 20160326 6.2482e-05 8.4961e-10 TSX
20160312 20180319 3.3201e-06 2.9899e-10 TSX
20160320 20160411 0.00043613 8.6304e-10 TSX
20160323 20171118 6.9207e-06 3.1911e-10 TSX
20160326 20160406 -0.00056274 9.6885e-10 TSX
20160403 20171027 3.1222e-05 3.2275e-10 TSX
20160425 20170811 2.5165e-06 3.4711e-10 TSX
20160528 20160630 2.9644e-05 8.0749e-10 TSX
20160630 20171118 6.3745e-06 3.3896e-10 TSX
20160722 20161201 7.8908e-05 5.8133e-10 TSX
20160904 20180707 4.3007e-05 3.2361e-10 TSX
20160915 20180911 1.1766e-05 3.0122e-10 TSX
20160926 20170114 5.626e-05 6.1798e-10 TSX
20161201 20171027 -8.8403e-06 4.0687e-10 TSX
20161223 20171107 -1.9638e-06 4.0948e-10 TSX
20170114 20170902 -1.4746e-05 4.6874e-10 TSX
20170811 20171005 -7.3453e-05 7.4165e-10 TSX
20170822 20180707 5.4991e-06 4.1385e-10 TSX
20170913 20180707 -1.2594e-05 4.248e-10 TSX
20170924 20180319 4.1442e-05 5.2324e-10 TSX
20171005 20171107 8.744e-06 8.0749e-10 TSX
20171016 20180319 2.7188e-05 5.5009e-10 TSX
20171027 20180911 -1.887e-05 4.1386e-10 TSX
20171107 20171118 7.2163e-05 9.7955e-10 TSX
20171118 20171129 4.7135e-05 9.7955e-10 TSX
20171129 20171221 -1.9534e-06 8.5203e-10 TSX
20171210 20180820 9.7922e-06 4.5359e-10 TSX
20171221 20180911 -2.742e-05 4.4578e-10 TSX
20180112 20181003 -6.8392e-06 4.4582e-10 TSX
20180319 20180707 -3.2382e-05 6.1798e-10 TSX
20180707 20180911 3.305e-05 7.1267e-10 TSX
20180729 20181003 -1.583e-05 7.1267e-10 TSX
20180820 20181003 0.00011776 7.7298e-10 TSX
20180911 20181003 -0.00010262 8.5203e-10 TSX
