20030427 20030914 -0.00069237 5.6765e-10 ERS2
20030914 20080629 -1.1184e-05 2.7522e-10 ERS2
20050918 20090510 2.5839e-06 2.9968e-10 ERS2
20051127 20081116 6.7518e-05 3.1028e-10 ERS2
20060903 20090510 8.1073e-05 3.1128e-10 ERS2
20061231 20090105 2.159e-05 3.1313e-10 ALOS
20070402 20070703 -0.00016577 6.6636e-10 ALOS
20070518 20091008 -6.3066e-05 3.0006e-10 ALOS
20070818 20071003 -0.00046357 7.7646e-10 ALOS
20071217 20100509 -4.1519e-05 3.0256e-10 ALOS
20080103 20100526 3.467e-05 2.9855e-10 ALOS
20080404 20080520 -6.4071e-05 7.7646e-10 ALOS
20080618 20090921 -3.8292e-05 3.728e-10 ALOS
20080629 20090510 -0.00010425 4.1407e-10 ERS2
20080705 20091008 -7.6161e-05 3.6515e-10 ALOS
20080803 20090823 4.3033e-05 3.8656e-10 ERS2
20081116 20090823 -3.1407e-05 4.3234e-10 ERS2
20081219 20090921 8.9511e-05 4.4611e-10 ALOS
20090105 20090708 -0.0001428 5.281e-10 ALOS
20090510 20091101 -1.7972e-05 5.2028e-10 ERS2
20090708 20091008 0.00012457 6.6637e-10 ALOS
20090823 20091101 0.00043164 6.9887e-10 ERS2
20091222 20100624 -3.0537e-05 5.2553e-10 ALOS
20100108 20100223 -0.00024603 7.7665e-10 ALOS
20100223 20100526 -3.0447e-05 6.6638e-10 ALOS
20100410 20100711 -9.44e-05 6.6634e-10 ALOS
20100509 20100624 0.00068389 7.744e-10 ALOS
20100526 20100711 0.00031626 7.7647e-10 ALOS
20100624 20101109 -0.00010347 5.8399e-10 ALOS
20100711 20101011 -0.00022732 6.6639e-10 ALOS
20100809 20101109 -1.6358e-05 6.6368e-10 ALOS
20101011 20101126 0.00022122 7.7647e-10 ALOS
20110111 20110226 0.00052903 7.7646e-10 ALOS
20110924 20130715 2.4421e-05 3.229e-10 TSX
20111005 20121229 3.0533e-06 3.6905e-10 TSX
20111121 20171221 -6.6778e-06 2.4627e-10 TSX
20111221 20130131 -9.0329e-06 3.8579e-10 TSX
20111224 20121027 -7.5856e-06 4.1908e-10 TSX
20120126 20140419 1.7016e-05 2.9213e-10 TSX
20120203 20160320 -5.9229e-06 2.465e-10 TSX
20120206 20171107 5.9227e-06 2.4886e-10 TSX
20120617 20171129 7.2638e-08 2.4279e-10 TSX
20120723 20160120 2.4756e-05 2.6071e-10 TSX
20121024 20130109 0.00021601 7.0195e-10 TSX
20121027 20151226 -1.9172e-06 2.683e-10 TSX
20121030 20130311 7.2548e-06 5.8468e-10 TSX
20121107 20171118 2.4477e-06 2.4541e-10 TSX
20121221 20160208 -1.521e-05 2.6629e-10 TSX
20121224 20130516 -5.3009e-05 5.6851e-10 TSX
20121229 20130407 -2.0866e-05 6.5614e-10 TSX
20130104 20130217 -7.1961e-05 7.742e-10 TSX
20130109 20130715 -2.4749e-06 5.289e-10 TSX
20130112 20140511 1.0914e-05 3.545e-10 TSX
20130115 20130721 -0.00011125 5.1397e-10 TSX
20130126 20130823 -8.756e-05 4.9219e-10 TSX
20130131 20130429 3.1538e-05 6.7816e-10 TSX
20130203 20130729 -2.141e-05 5.2321e-10 TSX
20130211 20130919 4.4521e-05 4.9598e-10 TSX
20130228 20141209 2.5901e-05 3.1203e-10 TSX
20130311 20130801 -3.4209e-05 5.6847e-10 TSX
20130316 20130623 2.1524e-05 6.5615e-10 TSX
20130402 20150122 5.6133e-05 2.921e-10 TSX
20130407 20140530 -7.6302e-06 3.8117e-10 TSX
20130421 20171016 9.0815e-06 2.4662e-10 TSX
20130424 20130721 -0.00019323 6.6414e-10 TSX
20130429 20130623 -6.5577e-05 7.5516e-10 TSX
20130505 20131028 -0.00043002 5.2612e-10 TSX
20130513 20151112 1.4894e-06 2.7886e-10 TSX
20130516 20131017 -0.00016385 5.5324e-10 TSX
20130521 20130715 0.00024555 7.5518e-10 TSX
20130524 20171129 1.2568e-05 2.4883e-10 TSX
20130527 20140627 2.1678e-05 3.8416e-10 TSX
20130601 20130930 0.00010568 6.1694e-10 TSX
20130604 20141217 6.8611e-06 3.3732e-10 TSX
20130607 20140719 -9.6723e-06 3.8066e-10 TSX
20130612 20150105 4.5745e-05 3.3741e-10 TSX
20130615 20160106 1.8091e-05 2.747e-10 TSX
20130618 20140708 6.0948e-06 3.8794e-10 TSX
20130623 20130715 0.00057522 8.6392e-10 TSX
20130629 20130914 0.00015231 6.8852e-10 TSX
20130707 20150130 1.3593e-05 3.3693e-10 TSX
20130710 20140901 4.534e-06 3.7704e-10 TSX
20130715 20130726 -0.0023403 1.0132e-09 TSX
20130721 20131108 0.00063121 6.2106e-10 TSX
20130726 20150517 3.8968e-05 3.2133e-10 TSX
20130729 20160904 -2.8303e-07 2.6996e-10 TSX
20130801 20151115 1.4022e-05 2.8644e-10 TSX
20130817 20140209 -5.9262e-05 5.4096e-10 TSX
20130828 20150312 7.105e-05 3.3981e-10 TSX
20130903 20150329 -0.00012606 3.1099e-10 TSX
20130919 20160309 8.9802e-06 2.7394e-10 TSX
20130925 20140708 -1.1699e-07 4.3129e-10 TSX
20130930 20160411 8.2109e-06 2.716e-10 TSX
20131011 20150802 1.773e-05 3.1943e-10 TSX
20131017 20140719 -3.7006e-05 4.3874e-10 TSX
20131028 20160304 1.1432e-07 2.7478e-10 TSX
20131102 20140519 -0.00010309 5.1714e-10 TSX
20131108 20140708 -4.3341e-05 4.6279e-10 TSX
20140209 20160309 5.0855e-05 3.0444e-10 TSX
20140223 20140829 1.1818e-05 5.1112e-10 TSX
20140408 20140705 7.4507e-06 6.6145e-10 TSX
20140419 20170913 7.4902e-06 2.5689e-10 TSX
20140511 20141228 -1.1613e-05 4.7028e-10 TSX
20140519 20150824 5.8043e-05 3.6455e-10 TSX
20140624 20171005 -4.4684e-07 2.6302e-10 TSX
20140627 20151115 -3.3332e-05 3.4041e-10 TSX
20140705 20180911 8.8545e-07 2.5195e-10 TSX
20140708 20160406 1.615e-05 3.1198e-10 TSX
20140716 20171005 4.985e-06 2.6474e-10 TSX
20140719 20151207 3.4488e-06 3.4029e-10 TSX
20140727 20150326 1.1346e-05 4.6181e-10 TSX
20140810 20150122 5.2634e-05 5.3921e-10 TSX
20140818 20160301 -1.0225e-05 3.2392e-10 TSX
20140829 20160208 8.5275e-07 3.3147e-10 TSX
20140901 20140912 -0.0002704 9.6961e-10 TSX
20140912 20141209 -3.2393e-05 6.6414e-10 TSX
20140920 20170902 1.0353e-05 2.7117e-10 TSX
20141209 20160211 -2.2293e-05 3.636e-10 TSX
20141217 20160722 -1.4713e-05 3.1738e-10 TSX
20141228 20160106 -1.8635e-05 3.8195e-10 TSX
20141231 20151024 -7.4496e-07 4.2498e-10 TSX
20150105 20150824 -1.6898e-05 4.8613e-10 TSX
20150108 20170811 1.2114e-06 2.8305e-10 TSX
20150119 20160117 -8.9127e-06 3.8728e-10 TSX
20150127 20160411 1.6167e-05 3.7074e-10 TSX
20150130 20151112 -1.3147e-05 4.2858e-10 TSX
20150210 20170114 5.2028e-06 2.9802e-10 TSX
20150213 20160326 -4.0052e-06 3.7429e-10 TSX
20150218 20160216 -1.2377e-05 4.0266e-10 TSX
20150221 20180112 6.3046e-05 2.6384e-10 TSX
20150304 20180911 8.7891e-06 2.5971e-10 TSX
20150307 20160211 1.2146e-05 4.0082e-10 TSX
20150312 20160320 -8.408e-05 3.9753e-10 TSX
20150326 20150827 -5.9948e-06 5.498e-10 TSX
20150329 20151207 -2.8692e-05 4.5476e-10 TSX
20150428 20160425 3.1351e-06 3.8645e-10 TSX
20150509 20150827 3.7048e-05 6.1796e-10 TSX
20150517 20150824 -8.4682e-05 6.5614e-10 TSX
20150520 20180911 -3.5587e-06 2.6508e-10 TSX
20150714 20170822 1.872e-05 2.9132e-10 TSX
20150725 20170924 2.4531e-05 2.8933e-10 TSX
20150802 20160309 -4.4343e-05 4.9599e-10 TSX
20150805 20160403 4.1169e-05 4.6138e-10 TSX
20150816 20171107 2.531e-05 2.8947e-10 TSX
20150824 20150915 0.00060745 8.6381e-10 TSX
20150827 20170902 8.6515e-06 2.9765e-10 TSX
20150915 20160216 -8.9375e-05 5.6816e-10 TSX
20151021 20160904 -7.2356e-06 4.1211e-10 TSX
20151101 20171016 2.7501e-05 3.0153e-10 TSX
20151112 20160425 1.6859e-06 5.3614e-10 TSX
20151115 20151229 0.00014524 7.742e-10 TSX
20151123 20171221 2.4964e-05 2.9561e-10 TSX
20151204 20151215 0.00014376 9.8052e-10 TSX
20151207 20160406 -2.3598e-05 6.0216e-10 TSX
20151215 20170822 1.2776e-05 3.1409e-10 TSX
20151226 20161223 9.6628e-06 3.9413e-10 TSX
20151229 20160211 2.322e-05 7.742e-10 TSX
20160106 20161223 3.5972e-05 3.9842e-10 TSX
20160117 20160926 -1.5646e-05 4.5316e-10 TSX
20160128 20160301 -0.00020451 8.0832e-10 TSX
20160208 20160312 -9.8967e-05 8.0832e-10 TSX
20160216 20160309 -0.00035672 8.6381e-10 TSX
20160219 20180319 1.545e-05 2.9628e-10 TSX
20160301 20161201 3.0108e-05 4.3852e-10 TSX
20160304 20160326 6.7064e-05 8.5028e-10 TSX
20160312 20180319 3.09e-05 2.9897e-10 TSX
20160320 20160411 0.00042993 8.6382e-10 TSX
20160323 20171118 1.382e-05 3.1839e-10 TSX
20160326 20160406 -0.00057212 9.6954e-10 TSX
20160403 20171027 3.1099e-05 3.2304e-10 TSX
20160425 20170811 -3.7211e-06 3.4654e-10 TSX
20160528 20160630 2.6039e-05 8.0832e-10 TSX
20160630 20171118 1.6041e-06 3.3852e-10 TSX
20160722 20161201 3.1316e-05 5.8136e-10 TSX
20160904 20180707 1.6854e-05 3.2391e-10 TSX
20160915 20180911 1.8027e-05 3.0172e-10 TSX
20160926 20170114 1.6221e-05 6.1801e-10 TSX
20161201 20171027 1.5682e-05 4.0694e-10 TSX
20161223 20171107 1.2678e-05 4.0888e-10 TSX
20170114 20170902 1.3535e-05 4.6871e-10 TSX
20170811 20171005 -6.0871e-05 7.4216e-10 TSX
20170822 20180707 3.2357e-05 4.1362e-10 TSX
20170913 20180707 8.0349e-06 4.2479e-10 TSX
20170924 20180319 7.3921e-05 5.2326e-10 TSX
20171005 20171107 7.4968e-06 8.0832e-10 TSX
20171016 20180319 4.3259e-05 5.501e-10 TSX
20171027 20180911 4.7682e-06 4.1369e-10 TSX
20171107 20171118 7.0375e-05 9.8052e-10 TSX
20171118 20171129 4.7667e-05 9.8052e-10 TSX
20171129 20171221 -8.114e-06 8.5295e-10 TSX
20171210 20180820 1.9036e-05 4.5361e-10 TSX
20171221 20180911 5.0559e-05 4.4578e-10 TSX
20180112 20181003 -4.8337e-06 4.4579e-10 TSX
20180319 20180707 -2.9518e-05 6.1802e-10 TSX
20180707 20180911 1.6954e-05 7.1302e-10 TSX
20180729 20181003 4.0766e-05 7.1302e-10 TSX
20180820 20181003 0.00016217 7.7365e-10 TSX
20180911 20181003 -7.3721e-05 8.5296e-10 TSX
