20030427 20030914 -0.00097447 5.6585e-10 ERS2
20030914 20080629 -4.3198e-05 2.8269e-10 ERS2
20050918 20090510 0.00010381 2.9775e-10 ERS2
20051127 20081116 2.3931e-05 3.0698e-10 ERS2
20060903 20090510 6.4416e-05 3.0493e-10 ERS2
20061231 20090105 0.0001003 3.1376e-10 ALOS
20070402 20070703 -0.00022441 6.6633e-10 ALOS
20070518 20091008 0.00012479 2.9871e-10 ALOS
20070818 20071003 -0.0004445 7.7646e-10 ALOS
20071217 20100509 7.3599e-05 2.9914e-10 ALOS
20080103 20100526 8.807e-05 2.9873e-10 ALOS
20080404 20080520 3.0676e-05 7.7647e-10 ALOS
20080618 20090921 -7.1074e-06 3.7299e-10 ALOS
20080629 20090510 -0.00015599 4.1644e-10 ERS2
20080705 20091008 9.7929e-05 3.6501e-10 ALOS
20080803 20090823 -7.1265e-05 3.8293e-10 ERS2
20081116 20090823 4.4699e-05 4.3332e-10 ERS2
20081219 20090921 0.00026339 4.4612e-10 ALOS
20090105 20090708 -4.5807e-05 5.2812e-10 ALOS
20090510 20091101 9.2028e-05 5.2084e-10 ERS2
20090708 20091008 0.0005556 6.6633e-10 ALOS
20090823 20091101 -0.00013503 6.9881e-10 ERS2
20091222 20100624 0.00029185 5.2527e-10 ALOS
20100108 20100223 0.00058732 7.7652e-10 ALOS
20100223 20100526 0.00014032 6.6641e-10 ALOS
20100410 20100711 -0.00010993 6.6635e-10 ALOS
20100509 20100624 0.00052828 7.744e-10 ALOS
20100526 20100711 0.00041016 7.7648e-10 ALOS
20100624 20101109 -7.5754e-06 5.8397e-10 ALOS
20100711 20101011 6.6998e-05 6.6639e-10 ALOS
20100809 20101109 -5.7819e-05 6.6367e-10 ALOS
20101011 20101126 0.00024199 7.7647e-10 ALOS
20110111 20110226 0.00062638 7.7646e-10 ALOS
20110924 20130715 0.00012698 3.2597e-10 TSX
20111005 20121229 -3.195e-06 3.6829e-10 TSX
20111121 20171221 4.4105e-05 2.6373e-10 TSX
20111221 20130131 3.93e-05 3.8563e-10 TSX
20111224 20121027 3.0767e-05 4.1928e-10 TSX
20120126 20140419 -1.2157e-05 2.922e-10 TSX
20120203 20160320 2.3098e-05 2.4768e-10 TSX
20120206 20171107 5.1593e-05 2.7474e-10 TSX
20120617 20171129 2.872e-05 2.5877e-10 TSX
20120723 20160120 7.6726e-05 2.7736e-10 TSX
20121024 20130109 2.6472e-05 7.0195e-10 TSX
20121027 20151226 -1.0126e-05 2.6917e-10 TSX
20121030 20130311 3.5685e-05 5.8466e-10 TSX
20121107 20171118 2.9327e-05 2.5192e-10 TSX
20121221 20160208 -2.0614e-05 2.6781e-10 TSX
20121224 20130516 -3.764e-05 5.6851e-10 TSX
20121229 20130407 0.0001166 6.5612e-10 TSX
20130104 20130217 0.00012225 7.7422e-10 TSX
20130109 20130715 0.00018933 5.2852e-10 TSX
20130112 20140511 9.4675e-06 3.5497e-10 TSX
20130115 20130721 -0.00012317 5.1397e-10 TSX
20130126 20130823 -5.2772e-05 4.9231e-10 TSX
20130131 20130429 -1.9564e-05 6.7814e-10 TSX
20130203 20130729 -1.4525e-05 5.2311e-10 TSX
20130211 20130919 6.9052e-05 4.9598e-10 TSX
20130228 20141209 7.7764e-05 3.1586e-10 TSX
20130311 20130801 -5.3192e-05 5.6846e-10 TSX
20130316 20130623 3.3433e-05 6.5613e-10 TSX
20130402 20150122 0.00010939 3.2411e-10 TSX
20130407 20140530 8.7523e-06 3.8063e-10 TSX
20130421 20171016 4.1272e-05 2.5864e-10 TSX
20130424 20130721 -0.00013945 6.6415e-10 TSX
20130429 20130623 -5.5725e-06 7.5516e-10 TSX
20130505 20131028 -0.00047272 5.2647e-10 TSX
20130513 20151112 1.1509e-05 2.8063e-10 TSX
20130516 20131017 -0.00013295 5.5341e-10 TSX
20130521 20130715 0.00037642 7.5518e-10 TSX
20130524 20171129 3.0381e-05 2.5822e-10 TSX
20130527 20140627 4.3242e-05 3.84e-10 TSX
20130601 20130930 0.0002653 6.1694e-10 TSX
20130604 20141217 8.0544e-06 3.3857e-10 TSX
20130607 20140719 6.5981e-05 3.8075e-10 TSX
20130612 20150105 1.7394e-05 3.3771e-10 TSX
20130615 20160106 1.4797e-05 2.7886e-10 TSX
20130618 20140708 2.7417e-05 3.8842e-10 TSX
20130623 20130715 0.00067568 8.6387e-10 TSX
20130629 20130914 0.00030512 6.8854e-10 TSX
20130707 20150130 2.756e-05 3.388e-10 TSX
20130710 20140901 1.8301e-05 3.7673e-10 TSX
20130715 20130726 -0.0024797 1.0131e-09 TSX
20130721 20131108 0.00066708 6.2106e-10 TSX
20130726 20150517 0.0001117 3.2106e-10 TSX
20130729 20160904 -1.6957e-05 2.7088e-10 TSX
20130801 20151115 7.7146e-05 3.0278e-10 TSX
20130817 20140209 -0.0001216 5.4095e-10 TSX
20130828 20150312 1.8987e-05 3.3983e-10 TSX
20130903 20150329 -4.7139e-05 3.1471e-10 TSX
20130919 20160309 4.5441e-05 2.7879e-10 TSX
20130925 20140708 -3.4311e-05 4.3139e-10 TSX
20130930 20160411 3.6554e-05 2.9712e-10 TSX
20131011 20150802 3.904e-05 3.2061e-10 TSX
20131017 20140719 1.7677e-05 4.3884e-10 TSX
20131028 20160304 6.5871e-05 3.3289e-10 TSX
20131102 20140519 -9.4625e-05 5.1712e-10 TSX
20131108 20140708 -6.6281e-05 4.6287e-10 TSX
20140209 20160309 7.8104e-05 3.0493e-10 TSX
20140223 20140829 2.144e-05 5.1107e-10 TSX
20140408 20140705 -4.3502e-05 6.6135e-10 TSX
20140419 20170913 6.1307e-05 2.8023e-10 TSX
20140511 20141228 1.1918e-05 4.7011e-10 TSX
20140519 20150824 0.00010138 3.6445e-10 TSX
20140624 20171005 3.8641e-05 2.7502e-10 TSX
20140627 20151115 4.6171e-05 3.4279e-10 TSX
20140705 20180911 1.1849e-05 2.7046e-10 TSX
20140708 20160406 9.5545e-05 3.1813e-10 TSX
20140716 20171005 2.9996e-05 2.7669e-10 TSX
20140719 20151207 6.2402e-05 3.4284e-10 TSX
20140727 20150326 -2.7177e-05 4.6157e-10 TSX
20140810 20150122 2.8264e-05 5.392e-10 TSX
20140818 20160301 -3.3397e-05 3.2614e-10 TSX
20140829 20160208 -1.114e-05 3.3447e-10 TSX
20140901 20140912 -0.00028481 9.6946e-10 TSX
20140912 20141209 5.9306e-06 6.6415e-10 TSX
20140920 20170902 2.6954e-05 2.7595e-10 TSX
20141209 20160211 8.1248e-06 3.6768e-10 TSX
20141217 20160722 -2.3798e-05 3.18e-10 TSX
20141228 20160106 -1.0693e-05 3.8218e-10 TSX
20141231 20151024 7.1686e-05 4.2508e-10 TSX
20150105 20150824 1.7238e-05 4.861e-10 TSX
20150108 20170811 -4.5114e-06 2.825e-10 TSX
20150119 20160117 -3.0749e-07 3.8749e-10 TSX
20150127 20160411 2.7326e-05 3.7799e-10 TSX
20150130 20151112 1.2792e-05 4.2843e-10 TSX
20150210 20170114 2.3934e-06 3.0202e-10 TSX
20150213 20160326 6.788e-05 4.003e-10 TSX
20150218 20160216 3.9325e-05 4.0443e-10 TSX
20150221 20180112 4.5407e-05 2.6641e-10 TSX
20150304 20180911 1.651e-05 2.7613e-10 TSX
20150307 20160211 5.9495e-05 4.0103e-10 TSX
20150312 20160320 -2.4416e-05 3.9746e-10 TSX
20150326 20150827 7.0394e-05 5.4976e-10 TSX
20150329 20151207 5.414e-05 4.5488e-10 TSX
20150428 20160425 4.2998e-07 3.8683e-10 TSX
20150509 20150827 7.8928e-05 6.1791e-10 TSX
20150517 20150824 -1.1617e-05 6.5612e-10 TSX
20150520 20180911 -7.5168e-06 2.7781e-10 TSX
20150714 20170822 3.3178e-05 2.9269e-10 TSX
20150725 20170924 7.3003e-06 2.9196e-10 TSX
20150802 20160309 -8.3157e-05 4.9634e-10 TSX
20150805 20160403 -3.1375e-05 4.6126e-10 TSX
20150816 20171107 1.4455e-05 2.8867e-10 TSX
20150824 20150915 0.00064598 8.6375e-10 TSX
20150827 20170902 -1.4851e-05 2.9602e-10 TSX
20150915 20160216 -6.3744e-05 5.6832e-10 TSX
20151021 20160904 -6.749e-05 4.1252e-10 TSX
20151101 20171016 1.1104e-06 3.0155e-10 TSX
20151112 20160425 -3.1496e-05 5.3609e-10 TSX
20151115 20151229 0.00018931 7.7422e-10 TSX
20151123 20171221 -1.0197e-05 2.9978e-10 TSX
20151204 20151215 0.00017308 9.7963e-10 TSX
20151207 20160406 -8.834e-05 6.0216e-10 TSX
20151215 20170822 1.391e-05 3.1621e-10 TSX
20151226 20161223 2.0538e-05 3.9392e-10 TSX
20151229 20160211 4.0858e-06 7.7422e-10 TSX
20160106 20161223 2.4995e-05 3.9865e-10 TSX
20160117 20160926 1.1427e-05 4.5304e-10 TSX
20160128 20160301 -0.00020583 8.0785e-10 TSX
20160208 20160312 -5.2873e-05 8.0785e-10 TSX
20160216 20160309 -0.00039277 8.6375e-10 TSX
20160219 20180319 -3.3915e-05 2.9588e-10 TSX
20160301 20161201 5.5229e-05 4.3869e-10 TSX
20160304 20160326 3.5647e-05 8.5021e-10 TSX
20160312 20180319 -4.4114e-05 2.9803e-10 TSX
20160320 20160411 0.00043657 8.6375e-10 TSX
20160323 20171118 -1.698e-06 3.1909e-10 TSX
20160326 20160406 -0.00049859 9.6939e-10 TSX
20160403 20171027 3.3462e-05 3.2347e-10 TSX
20160425 20170811 1.4408e-05 3.4852e-10 TSX
20160528 20160630 5.6994e-05 8.0785e-10 TSX
20160630 20171118 1.1578e-05 3.3866e-10 TSX
20160722 20161201 7.3117e-05 5.813e-10 TSX
20160904 20180707 1.7115e-05 3.2457e-10 TSX
20160915 20180911 -5.2126e-05 3.0174e-10 TSX
20160926 20170114 -3.6709e-05 6.1794e-10 TSX
20161201 20171027 1.3393e-06 4.0742e-10 TSX
20161223 20171107 7.8273e-07 4.091e-10 TSX
20170114 20170902 2.3196e-05 4.6896e-10 TSX
20170811 20171005 -7.1562e-05 7.4195e-10 TSX
20170822 20180707 -8.0427e-05 4.1356e-10 TSX
20170913 20180707 -9.2961e-05 4.2499e-10 TSX
20170924 20180319 -6.5016e-05 5.2322e-10 TSX
20171005 20171107 1.4895e-05 8.0785e-10 TSX
20171016 20180319 -7.2249e-05 5.5006e-10 TSX
20171027 20180911 -8.7008e-05 4.1395e-10 TSX
20171107 20171118 7.6741e-05 9.7963e-10 TSX
20171118 20171129 4.8079e-05 9.7963e-10 TSX
20171129 20171221 9.3993e-09 8.5227e-10 TSX
20171210 20180820 -8.3203e-05 4.5345e-10 TSX
20171221 20180911 -7.4507e-05 4.4591e-10 TSX
20180112 20181003 -1.9421e-05 4.4565e-10 TSX
20180319 20180707 -7.4866e-05 6.1795e-10 TSX
20180707 20180911 8.5275e-05 7.1287e-10 TSX
20180729 20181003 8.6321e-05 7.1287e-10 TSX
20180820 20181003 0.00020323 7.7335e-10 TSX
20180911 20181003 -9.8685e-05 8.5228e-10 TSX
