20030427 20030914 -0.00011776 5.6758e-10 ERS2
20030914 20080629 7.5516e-06 2.6872e-10 ERS2
20050918 20090510 1.6322e-05 3.0209e-10 ERS2
20051127 20081116 5.3663e-05 3.176e-10 ERS2
20060903 20090510 -5.9232e-06 3.2067e-10 ERS2
20061231 20090105 6.2846e-05 3.1715e-10 ALOS
20070402 20070703 2.3947e-05 6.6689e-10 ALOS
20070518 20091008 -5.5499e-05 3.3941e-10 ALOS
20070818 20071003 -0.00018237 7.7523e-10 ALOS
20071217 20100509 -7.5959e-06 3.1706e-10 ALOS
20080103 20100526 -0.00016391 3.2684e-10 ALOS
20080404 20080520 8.2426e-05 7.7544e-10 ALOS
20080618 20090921 -4.9553e-05 3.7262e-10 ALOS
20080629 20090510 -8.8819e-06 4.123e-10 ERS2
20080705 20091008 -1.7537e-05 3.6506e-10 ALOS
20080803 20090823 -2.7231e-06 3.839e-10 ERS2
20081116 20090823 -1.3416e-05 4.3204e-10 ERS2
20081219 20090921 0.0001708 4.5022e-10 ALOS
20090105 20090708 0.00037598 5.3124e-10 ALOS
20090510 20091101 1.1424e-06 5.206e-10 ERS2
20090708 20091008 0.0002477 6.6707e-10 ALOS
20090823 20091101 -0.00057463 6.9866e-10 ERS2
20091222 20100624 -0.0002554 5.277e-10 ALOS
20100108 20100223 -0.00082782 7.7627e-10 ALOS
20100223 20100526 1.5479e-05 6.6684e-10 ALOS
20100410 20100711 -0.00015753 6.6644e-10 ALOS
20100509 20100624 0.00062879 7.7324e-10 ALOS
20100526 20100711 0.00049286 7.7521e-10 ALOS
20100624 20101109 3.0165e-05 5.8402e-10 ALOS
20100711 20101011 -8.9739e-05 6.6628e-10 ALOS
20100809 20101109 1.4084e-05 6.636e-10 ALOS
20101011 20101126 0.00016799 7.7524e-10 ALOS
20110111 20110226 0.00047977 7.7523e-10 ALOS
20110924 20130715 1.4082e-06 3.5386e-10 TSX
20111005 20121229 -6.6969e-06 3.895e-10 TSX
20111121 20171221 2.0102e-05 3.1239e-10 TSX
20111221 20130131 1.7553e-05 3.8659e-10 TSX
20111224 20121027 2.9819e-05 4.1951e-10 TSX
20120126 20140419 -1.9161e-05 3.0998e-10 TSX
20120203 20160320 -1.445e-05 2.8963e-10 TSX
20120206 20171107 4.7028e-05 2.9929e-10 TSX
20120617 20171129 2.664e-05 3.1554e-10 TSX
20120723 20160120 0.00012266 4.1547e-10 TSX
20121024 20130109 7.3708e-05 7.0178e-10 TSX
20121027 20151226 2.8603e-05 3.0955e-10 TSX
20121030 20130311 5.1535e-06 5.8467e-10 TSX
20121107 20171118 5.0671e-05 2.9505e-10 TSX
20121221 20160208 4.2443e-05 3.082e-10 TSX
20121224 20130516 -6.5072e-05 5.6851e-10 TSX
20121229 20130407 1.6804e-05 6.5615e-10 TSX
20130104 20130217 -6.6522e-05 7.7317e-10 TSX
20130109 20130715 -0.00011844 5.4546e-10 TSX
20130112 20140511 3.7943e-06 3.6612e-10 TSX
20130115 20130721 -0.00027916 5.2969e-10 TSX
20130126 20130823 6.0945e-05 5.1368e-10 TSX
20130131 20130429 -0.00012932 6.7805e-10 TSX
20130203 20130729 5.1199e-05 5.2417e-10 TSX
20130211 20130919 -5.4357e-05 5.0705e-10 TSX
20130228 20141209 -2.015e-05 3.7248e-10 TSX
20130311 20130801 -4.3303e-05 5.7429e-10 TSX
20130316 20130623 -6.7852e-05 6.5686e-10 TSX
20130402 20150122 1.8204e-05 3.8187e-10 TSX
20130407 20140530 -3.8003e-05 4.0272e-10 TSX
20130421 20171016 8.4767e-05 3.044e-10 TSX
20130424 20130721 -0.00034355 6.6627e-10 TSX
20130429 20130623 -4.7541e-05 7.5486e-10 TSX
20130505 20131028 -0.00041664 5.4499e-10 TSX
20130513 20151112 4.6538e-05 3.2703e-10 TSX
20130516 20131017 -0.00011969 5.7467e-10 TSX
20130521 20130715 0.00010874 7.5453e-10 TSX
20130524 20171129 5.7435e-05 3.0781e-10 TSX
20130527 20140627 -6.8056e-05 3.9561e-10 TSX
20130601 20130930 3.0031e-05 6.1863e-10 TSX
20130604 20141217 3.6137e-05 3.4369e-10 TSX
20130607 20140719 1.878e-06 3.9721e-10 TSX
20130612 20150105 1.0325e-05 3.7424e-10 TSX
20130615 20160106 4.3927e-05 3.1287e-10 TSX
20130618 20140708 -1.1031e-05 4.0387e-10 TSX
20130623 20130715 0.00063679 8.6166e-10 TSX
20130629 20130914 6.887e-05 6.9548e-10 TSX
20130707 20150130 1.4037e-05 3.4411e-10 TSX
20130710 20140901 -2.9766e-05 3.865e-10 TSX
20130715 20130726 -0.0024012 1.0107e-09 TSX
20130721 20131108 0.00064483 6.3432e-10 TSX
20130726 20150517 0.00010258 3.5209e-10 TSX
20130729 20160904 -2.9036e-05 2.9026e-10 TSX
20130801 20151115 8.4579e-05 4.257e-10 TSX
20130817 20140209 -2.4672e-05 5.4105e-10 TSX
20130828 20150312 4.5206e-05 3.6094e-10 TSX
20130903 20150329 -0.00012268 3.6366e-10 TSX
20130919 20160309 1.6974e-06 3.488e-10 TSX
20130925 20140708 1.6323e-05 4.4219e-10 TSX
20130930 20160411 5.3708e-05 4.2702e-10 TSX
20131011 20150802 1.0108e-05 3.8027e-10 TSX
20131017 20140719 -8.2934e-05 4.5256e-10 TSX
20131028 20160304 -4.4556e-05 2.9313e-10 TSX
20131102 20140519 -9.2426e-05 5.1731e-10 TSX
20131108 20140708 6.3211e-06 4.7497e-10 TSX
20140209 20160309 0.00014245 3.5051e-10 TSX
20140223 20140829 2.2743e-05 5.1126e-10 TSX
20140408 20140705 3.0549e-06 6.6126e-10 TSX
20140419 20170913 8.9791e-05 3.357e-10 TSX
20140511 20141228 9.0139e-05 4.7076e-10 TSX
20140519 20150824 1.5195e-05 4.1387e-10 TSX
20140624 20171005 -4.1538e-05 3.1313e-10 TSX
20140627 20151115 6.7256e-05 3.8297e-10 TSX
20140705 20180911 1.1766e-05 3.0386e-10 TSX
20140708 20160406 2.2209e-05 3.7732e-10 TSX
20140716 20171005 7.1574e-05 2.949e-10 TSX
20140719 20151207 -3.9835e-05 3.9439e-10 TSX
20140727 20150326 2.7704e-05 4.6235e-10 TSX
20140810 20150122 8.4272e-05 5.4196e-10 TSX
20140818 20160301 3.1484e-05 3.4847e-10 TSX
20140829 20160208 6.7613e-05 3.6339e-10 TSX
20140901 20140912 -0.00030217 9.6743e-10 TSX
20140912 20141209 4.7926e-05 6.6434e-10 TSX
20140920 20170902 4.8374e-05 3.2323e-10 TSX
20141209 20160211 2.2993e-05 3.8269e-10 TSX
20141217 20160722 4.545e-05 3.4369e-10 TSX
20141228 20160106 3.3164e-05 3.9837e-10 TSX
20141231 20151024 -7.466e-06 4.9837e-10 TSX
20150105 20150824 9.5917e-06 5.0726e-10 TSX
20150108 20170811 -4.7652e-05 3.2457e-10 TSX
20150119 20160117 7.5465e-05 4.0497e-10 TSX
20150127 20160411 6.5743e-05 4.2173e-10 TSX
20150130 20151112 9.1239e-05 4.3675e-10 TSX
20150210 20170114 5.211e-05 3.2893e-10 TSX
20150213 20160326 0.0002 4.416e-10 TSX
20150218 20160216 2.7307e-05 4.5051e-10 TSX
20150221 20180112 6.198e-05 2.848e-10 TSX
20150304 20180911 2.0309e-05 3.0236e-10 TSX
20150307 20160211 -2.3466e-06 4.2867e-10 TSX
20150312 20160320 -4.0637e-05 4.3153e-10 TSX
20150326 20150827 9.8634e-05 5.5238e-10 TSX
20150329 20151207 -3.4211e-05 4.6117e-10 TSX
20150428 20160425 7.2368e-05 4.02e-10 TSX
20150509 20150827 1.6232e-06 6.2235e-10 TSX
20150517 20150824 -0.00017278 6.6095e-10 TSX
20150520 20180911 7.838e-05 3.2616e-10 TSX
20150714 20170822 6.4779e-05 3.1526e-10 TSX
20150725 20170924 4.5757e-05 3.056e-10 TSX
20150802 20160309 3.2169e-05 4.9622e-10 TSX
20150805 20160403 0.00010894 4.6173e-10 TSX
20150816 20171107 9.0477e-05 3.2735e-10 TSX
20150824 20150915 0.00072664 8.6153e-10 TSX
20150827 20170902 7.6312e-05 3.3733e-10 TSX
20150915 20160216 -0.00010409 5.7046e-10 TSX
20151021 20160904 -9.1469e-07 4.1419e-10 TSX
20151101 20171016 0.00010901 3.281e-10 TSX
20151112 20160425 1.4662e-05 5.3612e-10 TSX
20151115 20151229 0.00013647 7.7317e-10 TSX
20151123 20171221 5.5003e-05 3.1238e-10 TSX
20151204 20151215 0.00018004 9.772e-10 TSX
20151207 20160406 -5.0381e-05 6.0216e-10 TSX
20151215 20170822 0.00010215 3.2798e-10 TSX
20151226 20161223 7.3992e-05 3.9372e-10 TSX
20151229 20160211 -8.0152e-06 7.7317e-10 TSX
20160106 20161223 9.8852e-05 3.9795e-10 TSX
20160117 20160926 5.6505e-05 4.5366e-10 TSX
20160128 20160301 -0.0002324 8.061e-10 TSX
20160208 20160312 -3.6677e-05 8.061e-10 TSX
20160216 20160309 -0.00040849 8.6153e-10 TSX
20160219 20180319 5.1916e-05 3.0702e-10 TSX
20160301 20161201 0.00010052 4.3883e-10 TSX
20160304 20160326 0.0001323 8.4839e-10 TSX
20160312 20180319 4.6067e-05 3.0952e-10 TSX
20160320 20160411 0.00037122 8.6154e-10 TSX
20160323 20171118 6.5664e-05 3.3249e-10 TSX
20160326 20160406 -0.00055276 9.6736e-10 TSX
20160403 20171027 6.3701e-05 3.3098e-10 TSX
20160425 20170811 7.5893e-05 3.5727e-10 TSX
20160528 20160630 4.4482e-05 8.061e-10 TSX
20160630 20171118 7.0565e-05 3.5004e-10 TSX
20160722 20161201 0.00015925 5.8132e-10 TSX
20160904 20180707 6.5919e-05 3.3262e-10 TSX
20160915 20180911 4.8622e-05 3.1555e-10 TSX
20160926 20170114 8.7927e-05 6.1825e-10 TSX
20161201 20171027 4.8891e-05 4.1169e-10 TSX
20161223 20171107 1.5023e-05 4.1776e-10 TSX
20170114 20170902 7.3856e-05 4.7227e-10 TSX
20170811 20171005 4.8803e-06 7.4113e-10 TSX
20170822 20180707 -1.6709e-05 4.1387e-10 TSX
20170913 20180707 -7.128e-05 4.2525e-10 TSX
20170924 20180319 -3.6335e-06 5.2319e-10 TSX
20171005 20171107 4.0569e-05 8.061e-10 TSX
20171016 20180319 1.272e-05 5.5009e-10 TSX
20171027 20180911 7.4092e-06 4.1382e-10 TSX
20171107 20171118 8.6493e-05 9.772e-10 TSX
20171118 20171129 5.0289e-05 9.772e-10 TSX
20171129 20171221 6.5367e-07 8.501e-10 TSX
20171210 20180820 -1.9179e-05 4.5343e-10 TSX
20171221 20180911 1.4279e-05 4.4572e-10 TSX
20180112 20181003 7.9001e-05 4.4588e-10 TSX
20180319 20180707 -9.154e-05 6.1798e-10 TSX
20180707 20180911 0.00026181 7.1239e-10 TSX
20180729 20181003 0.00012362 7.1239e-10 TSX
20180820 20181003 0.00022666 7.7207e-10 TSX
20180911 20181003 -0.00014196 8.501e-10 TSX
