20030427 20030914 0.00011065 5.6661e-10 ERS2
20030914 20080629 -0.00016521 2.7419e-10 ERS2
20050918 20090510 1.1293e-05 2.9893e-10 ERS2
20051127 20081116 7.2603e-05 2.9836e-10 ERS2
20060903 20090510 3.7825e-05 3.1631e-10 ERS2
20061231 20090105 4.7376e-05 3.1298e-10 ALOS
20070402 20070703 -1.7818e-05 6.6677e-10 ALOS
20070518 20091008 -4.4917e-05 2.9862e-10 ALOS
20070818 20071003 -0.00042583 7.7712e-10 ALOS
20071217 20100509 -2.8284e-05 2.9881e-10 ALOS
20080103 20100526 -1.574e-05 2.9616e-10 ALOS
20080404 20080520 -8.53e-05 7.7712e-10 ALOS
20080618 20090921 -0.00016314 3.7369e-10 ALOS
20080629 20090510 0.00018749 4.1293e-10 ERS2
20080705 20091008 0.00010427 3.6568e-10 ALOS
20080803 20090823 3.3114e-05 3.8291e-10 ERS2
20081116 20090823 9.7038e-06 4.3212e-10 ERS2
20081219 20090921 0.00082336 4.4637e-10 ALOS
20090105 20090708 0.00014622 5.282e-10 ALOS
20090510 20091101 -0.00047351 5.2031e-10 ERS2
20090708 20091008 0.00085161 6.6674e-10 ALOS
20090823 20091101 0.00095838 6.9933e-10 ERS2
20091222 20100624 0.00057042 5.2498e-10 ALOS
20100108 20100223 0.0004276 7.771e-10 ALOS
20100223 20100526 -7.3261e-07 6.6686e-10 ALOS
20100410 20100711 -8.8873e-05 6.6683e-10 ALOS
20100509 20100624 0.00073666 7.7489e-10 ALOS
20100526 20100711 0.00045263 7.7714e-10 ALOS
20100624 20101109 0.00012849 5.8426e-10 ALOS
20100711 20101011 0.00017434 6.6673e-10 ALOS
20100809 20101109 -8.2307e-05 6.6398e-10 ALOS
20101011 20101126 0.00024673 7.7716e-10 ALOS
20110111 20110226 0.00085079 7.7706e-10 ALOS
20110924 20130715 2.283e-05 3.228e-10 TSX
20111005 20121229 2.3873e-06 3.6945e-10 TSX
20111121 20171221 -5.4913e-06 2.5649e-10 TSX
20111221 20130131 -9.4159e-06 3.8567e-10 TSX
20111224 20121027 8.826e-06 4.1933e-10 TSX
20120126 20140419 3.2052e-05 2.8952e-10 TSX
20120203 20160320 -6.3361e-06 2.4893e-10 TSX
20120206 20171107 -5.5299e-06 2.6431e-10 TSX
20120617 20171129 -7.9005e-06 2.8266e-10 TSX
20120723 20160120 -6.4942e-06 2.5881e-10 TSX
20121024 20130109 5.1626e-05 7.0252e-10 TSX
20121027 20151226 5.5592e-06 2.6539e-10 TSX
20121030 20130311 -1.0872e-06 5.8475e-10 TSX
20121107 20171118 7.7202e-07 2.5102e-10 TSX
20121221 20160208 -4.5673e-06 2.6821e-10 TSX
20121224 20130516 -1.2062e-05 5.6856e-10 TSX
20121229 20130407 2.1683e-05 6.5661e-10 TSX
20130104 20130217 2.0987e-06 7.7449e-10 TSX
20130109 20130715 5.3188e-05 5.2864e-10 TSX
20130112 20140511 3.6345e-05 3.5564e-10 TSX
20130115 20130721 -6.5846e-05 5.1407e-10 TSX
20130126 20130823 -0.00012423 4.9139e-10 TSX
20130131 20130429 1.8399e-05 6.7867e-10 TSX
20130203 20130729 1.335e-05 5.2334e-10 TSX
20130211 20130919 1.281e-05 4.9598e-10 TSX
20130228 20141209 2.8994e-05 3.127e-10 TSX
20130311 20130801 -4.0182e-05 5.6853e-10 TSX
20130316 20130623 -3.8937e-06 6.5662e-10 TSX
20130402 20150122 -1.2141e-05 2.9044e-10 TSX
20130407 20140530 -2.5679e-05 3.8111e-10 TSX
20130421 20171016 1.1886e-05 2.8449e-10 TSX
20130424 20130721 -0.00013698 6.6427e-10 TSX
20130429 20130623 -0.0001327 7.5588e-10 TSX
20130505 20131028 -0.00045549 5.2601e-10 TSX
20130513 20151112 2.5582e-05 2.7634e-10 TSX
20130516 20131017 -0.00015785 5.5323e-10 TSX
20130521 20130715 0.00020645 7.559e-10 TSX
20130524 20171129 2.7897e-06 2.7831e-10 TSX
20130527 20140627 -1.3039e-05 3.8276e-10 TSX
20130601 20130930 7.8985e-05 6.1731e-10 TSX
20130604 20141217 8.8155e-06 3.4079e-10 TSX
20130607 20140719 -1.0083e-05 3.7907e-10 TSX
20130612 20150105 1.3154e-05 3.3837e-10 TSX
20130615 20160106 1.0198e-05 2.7704e-10 TSX
20130618 20140708 1.827e-05 3.8772e-10 TSX
20130623 20130715 0.00064127 8.6511e-10 TSX
20130629 20130914 0.00016028 6.8859e-10 TSX
20130707 20150130 5.242e-07 3.3989e-10 TSX
20130710 20140901 -1.4203e-05 3.7594e-10 TSX
20130715 20130726 -0.0023122 1.0145e-09 TSX
20130721 20131108 0.00061734 6.2119e-10 TSX
20130726 20150517 -4.3548e-05 3.2146e-10 TSX
20130729 20160904 1.1966e-05 2.7544e-10 TSX
20130801 20151115 2.7828e-05 2.8688e-10 TSX
20130817 20140209 -4.4526e-06 5.4112e-10 TSX
20130828 20150312 9.9531e-06 3.4069e-10 TSX
20130903 20150329 -0.00012825 3.1083e-10 TSX
20130919 20160309 2.3056e-05 2.7395e-10 TSX
20130925 20140708 -4.8406e-06 4.3133e-10 TSX
20130930 20160411 4.2955e-06 2.7154e-10 TSX
20131011 20150802 1.3095e-05 3.2036e-10 TSX
20131017 20140719 -5.1469e-05 4.3876e-10 TSX
20131028 20160304 -1.261e-05 2.6158e-10 TSX
20131102 20140519 -2.534e-05 5.1719e-10 TSX
20131108 20140708 4.3463e-05 4.6283e-10 TSX
20140209 20160309 4.0763e-05 3.0539e-10 TSX
20140223 20140829 1.7739e-05 5.1128e-10 TSX
20140408 20140705 -6.6153e-06 6.6208e-10 TSX
20140419 20170913 -2.3303e-05 3.0335e-10 TSX
20140511 20141228 1.0839e-05 4.7032e-10 TSX
20140519 20150824 4.5061e-05 3.6446e-10 TSX
20140624 20171005 -3.5154e-06 2.9368e-10 TSX
20140627 20151115 1.5104e-05 3.4099e-10 TSX
20140705 20180911 1.0952e-06 2.8224e-10 TSX
20140708 20160406 4.5561e-05 3.1357e-10 TSX
20140716 20171005 1.5239e-05 2.8394e-10 TSX
20140719 20151207 2.7415e-05 3.4063e-10 TSX
20140727 20150326 -7.9687e-06 4.6191e-10 TSX
20140810 20150122 -4.1522e-06 5.3926e-10 TSX
20140818 20160301 3.8355e-05 3.246e-10 TSX
20140829 20160208 2.0732e-05 3.3176e-10 TSX
20140901 20140912 -0.00027392 9.706e-10 TSX
20140912 20141209 -8.124e-06 6.6424e-10 TSX
20140920 20170902 1.6957e-05 2.9271e-10 TSX
20141209 20160211 -6.0129e-05 3.6338e-10 TSX
20141217 20160722 4.7145e-05 3.1973e-10 TSX
20141228 20160106 2.917e-05 3.8201e-10 TSX
20141231 20151024 -1.7639e-05 4.2511e-10 TSX
20150105 20150824 -2.6042e-06 4.8613e-10 TSX
20150108 20170811 -4.6636e-06 2.93e-10 TSX
20150119 20160117 5.0279e-05 3.8733e-10 TSX
20150127 20160411 1.1072e-05 3.7089e-10 TSX
20150130 20151112 5.1297e-05 4.2853e-10 TSX
20150210 20170114 1.6633e-05 2.9892e-10 TSX
20150213 20160326 0.00010079 3.7656e-10 TSX
20150218 20160216 -3.9941e-06 4.0256e-10 TSX
20150221 20180112 -2.2048e-05 3.1035e-10 TSX
20150304 20180911 3.6446e-07 3.0956e-10 TSX
20150307 20160211 3.3029e-05 4.0064e-10 TSX
20150312 20160320 -4.3177e-05 3.9747e-10 TSX
20150326 20150827 2.0801e-05 5.5002e-10 TSX
20150329 20151207 -2.5343e-05 4.5491e-10 TSX
20150428 20160425 4.6992e-05 3.8698e-10 TSX
20150509 20150827 3.8139e-05 6.1838e-10 TSX
20150517 20150824 -4.1293e-05 6.5661e-10 TSX
20150520 20180911 1.1585e-05 3.101e-10 TSX
20150714 20170822 1.3615e-05 2.9852e-10 TSX
20150725 20170924 2.8484e-05 2.9804e-10 TSX
20150802 20160309 -2.1819e-05 4.9601e-10 TSX
20150805 20160403 3.7882e-05 4.6141e-10 TSX
20150816 20171107 2.0918e-05 3.0056e-10 TSX
20150824 20150915 0.00062182 8.6501e-10 TSX
20150827 20170902 3.7043e-05 3.0636e-10 TSX
20150915 20160216 -9.3518e-05 5.6839e-10 TSX
20151021 20160904 3.8875e-05 4.1262e-10 TSX
20151101 20171016 3.9271e-05 3.0538e-10 TSX
20151112 20160425 -3.1889e-06 5.3633e-10 TSX
20151115 20151229 0.00014914 7.7449e-10 TSX
20151123 20171221 1.6882e-05 3.0072e-10 TSX
20151204 20151215 0.00013473 9.8264e-10 TSX
20151207 20160406 -0.00016232 6.0227e-10 TSX
20151215 20170822 7.1606e-06 3.1846e-10 TSX
20151226 20161223 2.2651e-05 3.9343e-10 TSX
20151229 20160211 4.9903e-05 7.7449e-10 TSX
20160106 20161223 4.4961e-05 3.9768e-10 TSX
20160117 20160926 3.2467e-05 4.5321e-10 TSX
20160128 20160301 -0.00015626 8.1015e-10 TSX
20160208 20160312 -8.1667e-05 8.1015e-10 TSX
20160216 20160309 -0.00037315 8.6501e-10 TSX
20160219 20180319 3.7861e-05 2.9777e-10 TSX
20160301 20161201 1.5287e-06 4.3881e-10 TSX
20160304 20160326 -2.6993e-06 8.5104e-10 TSX
20160312 20180319 2.4085e-05 2.9959e-10 TSX
20160320 20160411 0.000393 8.6501e-10 TSX
20160323 20171118 3.5931e-05 3.1653e-10 TSX
20160326 20160406 -0.000487 9.7053e-10 TSX
20160403 20171027 5.272e-05 3.2263e-10 TSX
20160425 20170811 2.0736e-05 3.4719e-10 TSX
20160528 20160630 5.3731e-06 8.1015e-10 TSX
20160630 20171118 2.4808e-05 3.3818e-10 TSX
20160722 20161201 -3.1634e-05 5.8165e-10 TSX
20160904 20180707 4.1911e-05 3.2446e-10 TSX
20160915 20180911 4.3699e-05 3.021e-10 TSX
20160926 20170114 2.0765e-05 6.1844e-10 TSX
20161201 20171027 6.5651e-05 4.0706e-10 TSX
20161223 20171107 3.8689e-05 4.0935e-10 TSX
20170114 20170902 3.3562e-05 4.6898e-10 TSX
20170811 20171005 -9.5406e-06 7.434e-10 TSX
20170822 20180707 9.5169e-05 4.1358e-10 TSX
20170913 20180707 8.2213e-05 4.2516e-10 TSX
20170924 20180319 7.3804e-05 5.234e-10 TSX
20171005 20171107 1.5427e-05 8.1015e-10 TSX
20171016 20180319 4.9269e-05 5.5034e-10 TSX
20171027 20180911 4.4573e-05 4.1362e-10 TSX
20171107 20171118 7.2034e-05 9.8264e-10 TSX
20171118 20171129 5.5136e-05 9.8264e-10 TSX
20171129 20171221 -4.0357e-06 8.5499e-10 TSX
20171210 20180820 7.0439e-05 4.5376e-10 TSX
20171221 20180911 0.00012814 4.4598e-10 TSX
20180112 20181003 5.1276e-05 4.4604e-10 TSX
20180319 20180707 4.5392e-06 6.1845e-10 TSX
20180707 20180911 0.0001256 7.1401e-10 TSX
20180729 20181003 2.399e-05 7.1401e-10 TSX
20180820 20181003 0.00013886 7.752e-10 TSX
20180911 20181003 -0.00016303 8.55e-10 TSX
