20030427 20030914 9.3965e-05 6.4077e-10 ERS2
20030914 20080629 -0.0001156 3.2087e-10 ERS2
20050918 20090510 -1.2684e-05 3.5146e-10 ERS2
20051127 20081116 -5.049e-05 3.4752e-10 ERS2
20060903 20090510 0.00017406 3.8508e-10 ERS2
20061231 20090105 -0.00016113 3.6074e-10 ALOS
20070402 20070703 -2.876e-06 7.2987e-10 ALOS
20070518 20091008 -9.8936e-06 3.4334e-10 ALOS
20070818 20071003 -0.00052176 8.1222e-10 ALOS
20071217 20100509 -3.6965e-05 3.4364e-10 ALOS
20080103 20100526 5.6003e-05 3.5432e-10 ALOS
20080404 20080520 5.726e-05 8.1224e-10 ALOS
20080618 20090921 -0.00010199 4.3129e-10 ALOS
20080629 20090510 -0.00051421 4.7968e-10 ERS2
20080705 20091008 -0.00010576 4.2159e-10 ALOS
20080803 20090823 -1.3071e-05 4.4816e-10 ERS2
20081116 20090823 0.00010281 5.0191e-10 ERS2
20081219 20090921 0.00037703 5.1473e-10 ALOS
20090105 20090708 7.0545e-05 6.0215e-10 ALOS
20090510 20091101 0.00017759 6.0118e-10 ERS2
20090708 20091008 0.00050336 7.2947e-10 ALOS
20090823 20091101 0.00027578 7.5565e-10 ERS2
20091222 20100624 0.00070998 5.978e-10 ALOS
20100108 20100223 0.00027302 8.1284e-10 ALOS
20100223 20100526 0.00021266 7.2937e-10 ALOS
20100410 20100711 -0.00018826 7.2963e-10 ALOS
20100509 20100624 0.00064061 8.1049e-10 ALOS
20100526 20100711 0.00044959 8.1224e-10 ALOS
20100624 20101109 -0.00018507 6.5608e-10 ALOS
20100711 20101011 -0.00014522 7.2936e-10 ALOS
20100809 20101109 -0.00010245 7.2679e-10 ALOS
20101011 20101126 0.00037352 8.1224e-10 ALOS
20110111 20110226 0.00070207 8.1222e-10 ALOS
20110924 20130715 6.93e-05 3.7281e-10 TSX
20111005 20121229 -2.2994e-05 4.2509e-10 TSX
20111121 20171221 -2.9128e-05 2.7446e-10 TSX
20111221 20130131 1.0341e-05 4.4527e-10 TSX
20111224 20121027 2.4858e-05 4.9013e-10 TSX
20120126 20140419 1.0647e-05 3.406e-10 TSX
20120203 20160320 1.8593e-05 2.8729e-10 TSX
20120206 20171107 -1.2394e-05 2.7437e-10 TSX
20120617 20171129 -1.6621e-05 2.8097e-10 TSX
20120723 20160120 -3.6436e-05 3.0826e-10 TSX
20121024 20130109 8.008e-05 7.5831e-10 TSX
20121027 20151226 -4.1456e-05 3.0855e-10 TSX
20121030 20130311 8.8076e-05 6.5592e-10 TSX
20121107 20171118 -7.7003e-06 2.8117e-10 TSX
20121221 20160208 -4.2674e-07 3.0896e-10 TSX
20121224 20130516 -4.1885e-05 6.405e-10 TSX
20121229 20130407 -6.6604e-05 7.2143e-10 TSX
20130104 20130217 6.8608e-05 8.0974e-10 TSX
20130109 20130715 0.0001149 6.0238e-10 TSX
20130112 20140511 -2.627e-05 4.1547e-10 TSX
20130115 20130721 -6.7326e-05 5.8514e-10 TSX
20130126 20130823 -9.5066e-05 5.7682e-10 TSX
20130131 20130429 6.7612e-05 7.3954e-10 TSX
20130203 20130729 -4.3367e-05 6.0044e-10 TSX
20130211 20130919 -4.6414e-05 5.6805e-10 TSX
20130228 20141209 3.8363e-05 3.5954e-10 TSX
20130311 20130801 -6.9912e-05 6.404e-10 TSX
20130316 20130623 6.2104e-05 7.2144e-10 TSX
20130402 20150122 -0.00016311 4.6214e-10 TSX
20130407 20140530 0.00010772 4.3973e-10 TSX
20130421 20171016 -1.8158e-05 2.9431e-10 TSX
20130424 20130721 -0.00015453 7.2642e-10 TSX
20130429 20130623 -8.217e-05 7.9761e-10 TSX
20130505 20131028 -0.00010296 6.2041e-10 TSX
20130513 20151112 -2.4429e-06 3.2207e-10 TSX
20130516 20131017 -3.2749e-05 6.6373e-10 TSX
20130521 20130715 0.00013763 7.9763e-10 TSX
20130524 20171129 -4.4831e-06 2.8622e-10 TSX
20130527 20140627 6.9442e-05 4.4393e-10 TSX
20130601 20130930 -2.4351e-05 6.8735e-10 TSX
20130604 20141217 -1.5785e-05 3.9813e-10 TSX
20130607 20140719 -8.3737e-05 4.4006e-10 TSX
20130612 20150105 -1.227e-05 3.8897e-10 TSX
20130615 20160106 -2.0598e-05 3.2009e-10 TSX
20130618 20140708 -4.267e-05 4.4928e-10 TSX
20130623 20130715 0.00063586 8.7974e-10 TSX
20130629 20130914 0.00034748 7.5765e-10 TSX
20130707 20150130 -1.6413e-05 3.9853e-10 TSX
20130710 20140901 -6.655e-05 4.3659e-10 TSX
20130715 20130726 -0.0024323 1.0227e-09 TSX
20130721 20131108 5.6718e-05 7.0221e-10 TSX
20130726 20150517 1.9379e-05 3.7078e-10 TSX
20130729 20160904 -5.0103e-05 3.1155e-10 TSX
20130801 20151115 -2.0642e-05 3.2812e-10 TSX
20130817 20140209 -8.4233e-05 6.1475e-10 TSX
20130828 20150312 -1.613e-05 3.9349e-10 TSX
20130903 20150329 4.4501e-05 4.9305e-10 TSX
20130919 20160309 4.1261e-05 3.1633e-10 TSX
20130925 20140708 -6.8446e-05 5.5847e-10 TSX
20130930 20160411 1.9013e-05 3.1139e-10 TSX
20131011 20150802 6.5099e-05 3.6804e-10 TSX
20131017 20140719 0.00023 5.7989e-10 TSX
20131028 20160304 0.00027663 3.5374e-10 TSX
20131102 20140519 8.365e-05 5.9035e-10 TSX
20131108 20140708 4.9333e-05 5.8165e-10 TSX
20140209 20160309 7.5403e-05 3.4983e-10 TSX
20140223 20140829 9.1085e-06 5.8843e-10 TSX
20140408 20140705 -9.087e-06 7.2744e-10 TSX
20140419 20170913 -2.2021e-05 3.1574e-10 TSX
20140511 20141228 1.7107e-05 5.453e-10 TSX
20140519 20150824 -1.5502e-05 4.2027e-10 TSX
20140624 20171005 3.1012e-06 3.0203e-10 TSX
20140627 20151115 -9.651e-05 3.9059e-10 TSX
20140705 20180911 6.2374e-06 2.888e-10 TSX
20140708 20160406 3.9716e-05 3.6052e-10 TSX
20140716 20171005 7.7895e-06 3.096e-10 TSX
20140719 20151207 -2.4978e-05 3.8979e-10 TSX
20140727 20150326 -1.474e-05 5.3629e-10 TSX
20140810 20150122 -6.2493e-05 6.453e-10 TSX
20140818 20160301 -5.6844e-06 3.7754e-10 TSX
20140829 20160208 -6.1064e-06 3.8556e-10 TSX
20140901 20140912 -0.00027429 9.7906e-10 TSX
20140912 20141209 5.0521e-05 7.2642e-10 TSX
20140920 20170902 9.9025e-06 3.0575e-10 TSX
20141209 20160211 -8.4051e-05 4.1822e-10 TSX
20141217 20160722 -7.29e-06 3.6946e-10 TSX
20141228 20160106 -2.3642e-05 4.4521e-10 TSX
20141231 20151024 -6.2864e-05 4.8814e-10 TSX
20150105 20150824 -4.6118e-05 5.5723e-10 TSX
20150108 20170811 1.1076e-05 3.2586e-10 TSX
20150119 20160117 2.6183e-05 4.5101e-10 TSX
20150127 20160411 -3.0211e-05 4.2706e-10 TSX
20150130 20151112 1.1508e-05 4.9742e-10 TSX
20150210 20170114 1.8775e-08 3.4482e-10 TSX
20150213 20160326 -2.5202e-05 4.938e-10 TSX
20150218 20160216 -1.2875e-05 4.6471e-10 TSX
20150221 20180112 3.1641e-05 3.1989e-10 TSX
20150304 20180911 -3.4318e-06 2.9206e-10 TSX
20150307 20160211 -6.9835e-05 4.6061e-10 TSX
20150312 20160320 -2.0831e-05 4.584e-10 TSX
20150326 20150827 5.3518e-05 6.2643e-10 TSX
20150329 20151207 -7.8893e-05 5.2161e-10 TSX
20150428 20160425 4.7312e-05 4.4957e-10 TSX
20150509 20150827 3.7334e-05 6.904e-10 TSX
20150517 20150824 -0.00023452 7.2151e-10 TSX
20150520 20180911 6.9693e-06 2.9759e-10 TSX
20150714 20170822 2.901e-06 3.3456e-10 TSX
20150725 20170924 -2.8705e-06 3.3739e-10 TSX
20150802 20160309 -5.4204e-05 5.6805e-10 TSX
20150805 20160403 4.3585e-06 5.3565e-10 TSX
20150816 20171107 1.37e-06 3.3257e-10 TSX
20150824 20150915 0.00056648 8.7963e-10 TSX
20150827 20170902 -3.1507e-06 3.4526e-10 TSX
20150915 20160216 4.6032e-05 6.4166e-10 TSX
20151021 20160904 -9.3415e-05 4.8129e-10 TSX
20151101 20171016 1.3259e-05 3.4651e-10 TSX
20151112 20160425 3.3663e-05 6.1343e-10 TSX
20151115 20151229 0.00015092 8.0974e-10 TSX
20151123 20171221 -1.1119e-05 3.4333e-10 TSX
20151204 20151215 0.00015135 9.8945e-10 TSX
20151207 20160406 -4.2512e-05 6.7223e-10 TSX
20151215 20170822 3.3629e-05 3.6422e-10 TSX
20151226 20161223 -8.572e-06 4.6171e-10 TSX
20151229 20160211 9.3068e-06 8.0974e-10 TSX
20160106 20161223 2.4622e-05 4.6618e-10 TSX
20160117 20160926 -2.4233e-05 5.2678e-10 TSX
20160128 20160301 -0.00013678 8.35e-10 TSX
20160208 20160312 -8.5196e-05 8.35e-10 TSX
20160216 20160309 -0.0003267 8.7963e-10 TSX
20160219 20180319 -9.6531e-06 3.4557e-10 TSX
20160301 20161201 4.5489e-05 5.1136e-10 TSX
20160304 20160326 2.4484e-05 8.6679e-10 TSX
20160312 20180319 -7.2112e-06 3.4611e-10 TSX
20160320 20160411 0.00037087 8.7964e-10 TSX
20160323 20171118 3.32e-06 3.6765e-10 TSX
20160326 20160406 -0.0004934 9.7898e-10 TSX
20160403 20171027 3.3936e-05 3.7266e-10 TSX
20160425 20170811 1.6351e-05 4.0164e-10 TSX
20160528 20160630 -4.1302e-05 8.35e-10 TSX
20160630 20171118 3.7752e-05 3.9474e-10 TSX
20160722 20161201 9.7537e-05 6.5715e-10 TSX
20160904 20180707 5.8249e-05 3.7845e-10 TSX
20160915 20180911 -3.0004e-06 3.5055e-10 TSX
20160926 20170114 5.9262e-05 6.905e-10 TSX
20161201 20171027 -1.0568e-05 4.7509e-10 TSX
20161223 20171107 9.9772e-06 4.7563e-10 TSX
20170114 20170902 1.941e-05 5.4186e-10 TSX
20170811 20171005 -4.7673e-05 7.8878e-10 TSX
20170822 20180707 -1.6464e-05 4.8381e-10 TSX
20170913 20180707 -1.319e-05 4.9616e-10 TSX
20170924 20180319 -4.2858e-05 6.0073e-10 TSX
20171005 20171107 6.0208e-05 8.35e-10 TSX
20171016 20180319 -1.5829e-07 6.2728e-10 TSX
20171027 20180911 3.4737e-06 4.8383e-10 TSX
20171107 20171118 7.7413e-05 9.8945e-10 TSX
20171118 20171129 5.2861e-05 9.8945e-10 TSX
20171129 20171221 -2.0639e-05 8.6953e-10 TSX
20171210 20180820 -3.4942e-05 5.2759e-10 TSX
20171221 20180911 -2.7739e-05 5.1903e-10 TSX
20180112 20181003 -3.8755e-06 5.1913e-10 TSX
20180319 20180707 -5.016e-05 6.9052e-10 TSX
20180707 20180911 0.00014479 7.6763e-10 TSX
20180729 20181003 2.3722e-05 7.6763e-10 TSX
20180820 20181003 0.00012172 8.1079e-10 TSX
20180911 20181003 -0.00014898 8.6953e-10 TSX
