20030427 20030914 0.00023447 5.6579e-10 ERS2
20030914 20080629 -0.00014158 2.8738e-10 ERS2
20050918 20090510 4.5129e-05 2.9991e-10 ERS2
20051127 20081116 -6.9371e-05 3.0744e-10 ERS2
20060903 20090510 -0.00010784 3.2395e-10 ERS2
20061231 20090105 0.0010343 3.1438e-10 ALOS
20070402 20070703 0.00041234 6.6635e-10 ALOS
20070518 20091008 0.0010403 3.0293e-10 ALOS
20070818 20071003 -0.00015156 7.751e-10 ALOS
20071217 20100509 0.00075489 3.0245e-10 ALOS
20080103 20100526 0.00087887 3.0528e-10 ALOS
20080404 20080520 0.00018283 7.7508e-10 ALOS
20080618 20090921 0.00069354 3.7257e-10 ALOS
20080629 20090510 -0.0001879 4.1405e-10 ERS2
20080705 20091008 0.00070364 3.6492e-10 ALOS
20080803 20090823 5.5921e-05 3.8317e-10 ERS2
20081116 20090823 0.00017346 4.3201e-10 ERS2
20081219 20090921 0.00083471 4.459e-10 ALOS
20090105 20090708 0.00034501 5.2795e-10 ALOS
20090510 20091101 -0.00019174 5.2272e-10 ERS2
20090708 20091008 0.00094183 6.6613e-10 ALOS
20090823 20091101 -0.00037349 6.985e-10 ERS2
20091222 20100624 0.00055471 5.2522e-10 ALOS
20100108 20100223 0.00036735 7.7561e-10 ALOS
20100223 20100526 4.0358e-05 6.671e-10 ALOS
20100410 20100711 0.00015532 6.6663e-10 ALOS
20100509 20100624 0.00074957 7.7308e-10 ALOS
20100526 20100711 0.00063374 7.7506e-10 ALOS
20100624 20101109 0.00037871 5.8397e-10 ALOS
20100711 20101011 0.0003968 6.6626e-10 ALOS
20100809 20101109 0.00023596 6.6353e-10 ALOS
20101011 20101126 0.00012368 7.7505e-10 ALOS
20110111 20110226 0.00070034 7.7506e-10 ALOS
20110924 20130715 0.00055712 3.2518e-10 TSX
20111005 20121229 0.00037504 3.6931e-10 TSX
20111121 20171221 0.00012532 3.3755e-10 TSX
20111221 20130131 0.00036553 3.8572e-10 TSX
20111224 20121027 0.00026835 4.1939e-10 TSX
20120126 20140419 0.00021644 2.9987e-10 TSX
20120203 20160320 0.00011661 2.7145e-10 TSX
20120206 20171107 4.8003e-05 3.2966e-10 TSX
20120617 20171129 0.00013793 3.3374e-10 TSX
20120723 20160120 0.0001536 2.8695e-10 TSX
20121024 20130109 0.00015765 7.0164e-10 TSX
20121027 20151226 0.00024796 3.4154e-10 TSX
20121030 20130311 0.00012675 5.8465e-10 TSX
20121107 20171118 0.00012346 3.3168e-10 TSX
20121221 20160208 0.00019087 2.9643e-10 TSX
20121224 20130516 0.00017065 5.6852e-10 TSX
20121229 20130407 0.00016941 6.561e-10 TSX
20130104 20130217 7.9256e-05 7.7303e-10 TSX
20130109 20130715 0.00038912 5.2949e-10 TSX
20130112 20140511 0.00015295 3.5419e-10 TSX
20130115 20130721 0.00015706 5.1427e-10 TSX
20130126 20130823 0.0002071 5.0654e-10 TSX
20130131 20130429 -1.4136e-05 6.7795e-10 TSX
20130203 20130729 0.00036529 5.2315e-10 TSX
20130211 20130919 0.00039068 4.9587e-10 TSX
20130228 20141209 0.00036465 3.1569e-10 TSX
20130311 20130801 0.00035057 5.6847e-10 TSX
20130316 20130623 0.00016023 6.5611e-10 TSX
20130402 20150122 0.00015761 3.448e-10 TSX
20130407 20140530 0.00023436 3.8104e-10 TSX
20130421 20171016 8.8057e-05 3.4887e-10 TSX
20130424 20130721 1.7414e-05 6.641e-10 TSX
20130429 20130623 9.3676e-05 7.5405e-10 TSX
20130505 20131028 -4.2226e-05 5.4282e-10 TSX
20130513 20151112 0.00018528 3.33e-10 TSX
20130516 20131017 0.00015608 5.6411e-10 TSX
20130521 20130715 0.00046176 7.5412e-10 TSX
20130524 20171129 8.9497e-05 3.32e-10 TSX
20130527 20140627 0.00029967 3.8311e-10 TSX
20130601 20130930 0.0005322 6.1702e-10 TSX
20130604 20141217 0.00024402 3.3952e-10 TSX
20130607 20140719 0.00033362 3.8055e-10 TSX
20130612 20150105 0.00034494 3.3811e-10 TSX
20130615 20160106 0.00016933 3.0996e-10 TSX
20130618 20140708 0.00027328 3.8746e-10 TSX
20130623 20130715 0.00073215 8.6134e-10 TSX
20130629 20130914 0.00047036 6.8804e-10 TSX
20130707 20150130 0.00019373 3.3818e-10 TSX
20130710 20140901 0.00030135 3.7682e-10 TSX
20130715 20130726 -0.0024752 1.0102e-09 TSX
20130721 20131108 0.0008676 6.2618e-10 TSX
20130726 20150517 0.00034567 3.236e-10 TSX
20130729 20160904 0.00023204 3.2204e-10 TSX
20130801 20151115 0.00016641 3.0749e-10 TSX
20130817 20140209 0.00011522 5.4098e-10 TSX
20130828 20150312 0.00028366 3.4098e-10 TSX
20130903 20150329 -2.1922e-05 3.9784e-10 TSX
20130919 20160309 2.0236e-05 2.9441e-10 TSX
20130925 20140708 0.00014747 4.3153e-10 TSX
20130930 20160411 0.00019973 2.9639e-10 TSX
20131011 20150802 0.00023694 3.2149e-10 TSX
20131017 20140719 0.00010689 4.3887e-10 TSX
20131028 20160304 -5.08e-05 3.9466e-10 TSX
20131102 20140519 -0.00022985 5.1708e-10 TSX
20131108 20140708 9.7173e-05 4.6286e-10 TSX
20140209 20160309 0.00013206 3.1683e-10 TSX
20140223 20140829 0.00022161 5.1108e-10 TSX
20140408 20140705 0.00016813 6.6125e-10 TSX
20140419 20170913 5.8373e-05 3.204e-10 TSX
20140511 20141228 0.00032217 4.7013e-10 TSX
20140519 20150824 0.00045103 3.6484e-10 TSX
20140624 20171005 4.308e-05 3.371e-10 TSX
20140627 20151115 0.00045452 3.4499e-10 TSX
20140705 20180911 4.0502e-05 3.5837e-10 TSX
20140708 20160406 0.00046928 3.2783e-10 TSX
20140716 20171005 -1.0158e-05 3.5096e-10 TSX
20140719 20151207 0.00042826 3.4767e-10 TSX
20140727 20150326 0.000123 4.6153e-10 TSX
20140810 20150122 0.00025067 5.3905e-10 TSX
20140818 20160301 0.00036365 3.3817e-10 TSX
20140829 20160208 0.0003537 3.3981e-10 TSX
20140901 20140912 -0.00030671 9.6713e-10 TSX
20140912 20141209 0.00017394 6.6403e-10 TSX
20140920 20170902 0.00013174 3.3398e-10 TSX
20141209 20160211 0.00034745 3.7357e-10 TSX
20141217 20160722 0.00031774 3.3321e-10 TSX
20141228 20160106 0.00031947 3.8589e-10 TSX
20141231 20151024 0.00040898 4.263e-10 TSX
20150105 20150824 0.00029207 4.8773e-10 TSX
20150108 20170811 0.00019475 3.6664e-10 TSX
20150119 20160117 0.00032743 3.8881e-10 TSX
20150127 20160411 0.00038355 3.7487e-10 TSX
20150130 20151112 0.00035765 4.323e-10 TSX
20150210 20170114 0.00038332 3.1547e-10 TSX
20150213 20160326 0.00028734 4.0601e-10 TSX
20150218 20160216 0.00038545 4.0533e-10 TSX
20150221 20180112 -5.862e-06 3.3133e-10 TSX
20150304 20180911 1.2636e-05 3.4975e-10 TSX
20150307 20160211 0.00046559 4.0206e-10 TSX
20150312 20160320 0.0003074 3.9889e-10 TSX
20150326 20150827 0.00039618 5.5115e-10 TSX
20150329 20151207 0.00047933 4.5548e-10 TSX
20150428 20160425 0.00032552 3.897e-10 TSX
20150509 20150827 0.00034981 6.1878e-10 TSX
20150517 20150824 0.00024023 6.5639e-10 TSX
20150520 20180911 0.0001628 3.1388e-10 TSX
20150714 20170822 0.00034097 3.3144e-10 TSX
20150725 20170924 0.00033222 3.2298e-10 TSX
20150802 20160309 0.00034119 4.9587e-10 TSX
20150805 20160403 0.00020366 4.6145e-10 TSX
20150816 20171107 0.00032208 3.0663e-10 TSX
20150824 20150915 0.00075382 8.6118e-10 TSX
20150827 20170902 0.00034069 3.1593e-10 TSX
20150915 20160216 0.00015607 5.6825e-10 TSX
20151021 20160904 0.00019706 4.1349e-10 TSX
20151101 20171016 0.00032545 3.1557e-10 TSX
20151112 20160425 4.659e-05 5.3618e-10 TSX
20151115 20151229 0.00021973 7.7306e-10 TSX
20151123 20171221 0.00027126 3.0776e-10 TSX
20151204 20151215 0.00018487 9.7706e-10 TSX
20151207 20160406 -1.0611e-05 6.0215e-10 TSX
20151215 20170822 0.00032262 3.2615e-10 TSX
20151226 20161223 0.00030097 3.9317e-10 TSX
20151229 20160211 8.418e-05 7.7306e-10 TSX
20160106 20161223 0.00032894 3.9819e-10 TSX
20160117 20160926 0.00032536 4.5374e-10 TSX
20160128 20160301 -0.0002484 8.0603e-10 TSX
20160208 20160312 -3.6205e-05 8.0603e-10 TSX
20160216 20160309 -0.00043529 8.6117e-10 TSX
20160219 20180319 0.00028589 3.0515e-10 TSX
20160301 20161201 0.00032167 4.3872e-10 TSX
20160304 20160326 6.1869e-05 8.4817e-10 TSX
20160312 20180319 0.00022988 3.124e-10 TSX
20160320 20160411 0.00042034 8.6118e-10 TSX
20160323 20171118 0.00036355 3.2136e-10 TSX
20160326 20160406 -0.00051122 9.6706e-10 TSX
20160403 20171027 0.00035234 3.2934e-10 TSX
20160425 20170811 0.00033674 3.5564e-10 TSX
20160528 20160630 9.8542e-05 8.0603e-10 TSX
20160630 20171118 0.00033698 3.4559e-10 TSX
20160722 20161201 0.00032303 5.813e-10 TSX
20160904 20180707 0.00022232 3.2628e-10 TSX
20160915 20180911 0.00027666 3.0794e-10 TSX
20160926 20170114 6.4955e-05 6.1802e-10 TSX
20161201 20171027 0.0002042 4.0807e-10 TSX
20161223 20171107 0.00019207 4.1104e-10 TSX
20170114 20170902 0.00017382 4.6931e-10 TSX
20170811 20171005 1.6285e-05 7.4115e-10 TSX
20170822 20180707 5.2376e-05 4.1414e-10 TSX
20170913 20180707 -1.8163e-05 4.264e-10 TSX
20170924 20180319 -0.00019199 5.2341e-10 TSX
20171005 20171107 5.7019e-05 8.0604e-10 TSX
20171016 20180319 -0.00018803 5.5025e-10 TSX
20171027 20180911 0.00012849 4.1421e-10 TSX
20171107 20171118 7.6716e-05 9.7706e-10 TSX
20171118 20171129 5.1693e-05 9.7706e-10 TSX
20171129 20171221 2.2946e-05 8.5e-10 TSX
20171210 20180820 8.004e-05 4.5324e-10 TSX
20171221 20180911 8.7107e-05 4.4572e-10 TSX
20180112 20181003 0.00015029 4.4575e-10 TSX
20180319 20180707 0.00015104 6.1796e-10 TSX
20180707 20180911 0.0005228 7.1237e-10 TSX
20180729 20181003 0.00025989 7.1237e-10 TSX
20180820 20181003 0.0003082 7.7203e-10 TSX
20180911 20181003 -0.00017802 8.5001e-10 TSX
