20030427 20030914 0.00034925 5.6616e-10 ERS2
20030914 20080629 -4.6111e-05 2.7683e-10 ERS2
20050918 20090510 0.000158 3.0145e-10 ERS2
20051127 20081116 -4.9623e-05 3.1642e-10 ERS2
20060903 20090510 -9.9174e-05 3.2064e-10 ERS2
20061231 20090105 9.3139e-05 3.1414e-10 ALOS
20070402 20070703 0.00048098 6.6616e-10 ALOS
20070518 20091008 0.00032069 3.0465e-10 ALOS
20070818 20071003 -0.000151 7.751e-10 ALOS
20071217 20100509 0.00014847 2.9908e-10 ALOS
20080103 20100526 0.0002895 2.9812e-10 ALOS
20080404 20080520 0.00019104 7.7511e-10 ALOS
20080618 20090921 0.00040608 3.7222e-10 ALOS
20080629 20090510 -8.0155e-05 4.1529e-10 ERS2
20080705 20091008 0.00039875 3.6526e-10 ALOS
20080803 20090823 4.5055e-05 3.8289e-10 ERS2
20081116 20090823 0.00013842 4.3199e-10 ERS2
20081219 20090921 0.00059988 4.4593e-10 ALOS
20090105 20090708 0.0002468 5.2879e-10 ALOS
20090510 20091101 8.112e-05 5.1987e-10 ERS2
20090708 20091008 0.00067205 6.6644e-10 ALOS
20090823 20091101 -0.00036833 6.9851e-10 ERS2
20091222 20100624 0.00026725 5.2563e-10 ALOS
20100108 20100223 2.6363e-05 7.7528e-10 ALOS
20100223 20100526 0.00010134 6.6669e-10 ALOS
20100410 20100711 0.00016425 6.6625e-10 ALOS
20100509 20100624 0.00076901 7.7311e-10 ALOS
20100526 20100711 0.00061078 7.7509e-10 ALOS
20100624 20101109 0.00020534 5.8398e-10 ALOS
20100711 20101011 0.00024273 6.6641e-10 ALOS
20100809 20101109 0.00012029 6.6354e-10 ALOS
20101011 20101126 0.00014371 7.7506e-10 ALOS
20110111 20110226 0.00059896 7.7508e-10 ALOS
20110924 20130715 0.00022751 3.2506e-10 TSX
20111005 20121229 0.00011465 3.6943e-10 TSX
20111121 20171221 5.2717e-05 2.9021e-10 TSX
20111221 20130131 0.0001301 3.8551e-10 TSX
20111224 20121027 0.0004407 4.1953e-10 TSX
20120126 20140419 0.00028908 2.9899e-10 TSX
20120203 20160320 -0.00010776 2.7721e-10 TSX
20120206 20171107 0.00012056 2.7333e-10 TSX
20120617 20171129 0.00012874 2.7971e-10 TSX
20120723 20160120 8.6694e-05 2.8963e-10 TSX
20121024 20130109 0.00014277 7.0162e-10 TSX
20121027 20151226 0.00022499 3.0104e-10 TSX
20121030 20130311 7.1708e-05 5.8465e-10 TSX
20121107 20171118 9.2902e-05 2.9745e-10 TSX
20121221 20160208 0.00026547 2.7908e-10 TSX
20121224 20130516 8.0784e-05 5.686e-10 TSX
20121229 20130407 9.2307e-05 6.5611e-10 TSX
20130104 20130217 4.1245e-05 7.7305e-10 TSX
20130109 20130715 0.00022929 5.3126e-10 TSX
20130112 20140511 0.00023104 3.5608e-10 TSX
20130115 20130721 -2.2458e-05 5.1445e-10 TSX
20130126 20130823 6.6943e-05 5.0713e-10 TSX
20130131 20130429 -7.0183e-05 6.7796e-10 TSX
20130203 20130729 0.00046028 5.2312e-10 TSX
20130211 20130919 0.00021435 4.9607e-10 TSX
20130228 20141209 0.00010433 3.1337e-10 TSX
20130311 20130801 0.00022435 5.685e-10 TSX
20130316 20130623 7.6996e-05 6.5615e-10 TSX
20130402 20150122 0.00026049 3.8731e-10 TSX
20130407 20140530 5.9482e-05 3.812e-10 TSX
20130421 20171016 0.00011389 3.0735e-10 TSX
20130424 20130721 -8.8457e-05 6.641e-10 TSX
20130429 20130623 5.2107e-05 7.5409e-10 TSX
20130505 20131028 -0.00021262 5.3926e-10 TSX
20130513 20151112 0.00019891 2.9763e-10 TSX
20130516 20131017 4.9077e-05 5.6999e-10 TSX
20130521 20130715 0.00040679 7.5418e-10 TSX
20130524 20171129 5.1523e-05 3.0612e-10 TSX
20130527 20140627 8.9599e-05 3.8343e-10 TSX
20130601 20130930 0.00044136 6.1703e-10 TSX
20130604 20141217 0.00034448 3.4078e-10 TSX
20130607 20140719 9.9276e-05 3.8011e-10 TSX
20130612 20150105 0.00011001 3.3826e-10 TSX
20130615 20160106 0.0002127 2.9899e-10 TSX
20130618 20140708 6.3746e-05 3.8831e-10 TSX
20130623 20130715 0.00072576 8.6142e-10 TSX
20130629 20130914 0.00038592 6.885e-10 TSX
20130707 20150130 0.00028522 3.4109e-10 TSX
20130710 20140901 7.0872e-05 3.7693e-10 TSX
20130715 20130726 -0.0024739 1.0103e-09 TSX
20130721 20131108 0.00081772 6.2462e-10 TSX
20130726 20150517 0.00013962 3.2149e-10 TSX
20130729 20160904 0.00020284 2.8617e-10 TSX
20130801 20151115 0.00015674 3.0526e-10 TSX
20130817 20140209 3.2705e-05 5.4101e-10 TSX
20130828 20150312 9.8491e-05 3.4025e-10 TSX
20130903 20150329 5.6189e-05 3.3758e-10 TSX
20130919 20160309 -6.5353e-05 2.9124e-10 TSX
20130925 20140708 1.7362e-06 4.3129e-10 TSX
20130930 20160411 3.4473e-05 2.8317e-10 TSX
20131011 20150802 2.7133e-05 3.2282e-10 TSX
20131017 20140719 -3.6788e-05 4.3889e-10 TSX
20131028 20160304 -5.705e-05 3.1515e-10 TSX
20131102 20140519 -0.00027243 5.171e-10 TSX
20131108 20140708 -1.8749e-05 4.6266e-10 TSX
20140209 20160309 -2.9933e-06 3.0839e-10 TSX
20140223 20140829 0.00028092 5.1113e-10 TSX
20140408 20140705 0.00014339 6.6125e-10 TSX
20140419 20170913 0.00020215 3.1551e-10 TSX
20140511 20141228 0.00036722 4.7015e-10 TSX
20140519 20150824 0.00024498 3.6701e-10 TSX
20140624 20171005 7.471e-05 2.8112e-10 TSX
20140627 20151115 0.00022802 3.4106e-10 TSX
20140705 20180911 7.5523e-05 3.0337e-10 TSX
20140708 20160406 0.00019217 3.1747e-10 TSX
20140716 20171005 8.0376e-05 2.7599e-10 TSX
20140719 20151207 0.00022079 3.4489e-10 TSX
20140727 20150326 0.00016505 4.6157e-10 TSX
20140810 20150122 0.00015974 5.3916e-10 TSX
20140818 20160301 0.00035281 3.2919e-10 TSX
20140829 20160208 0.00034414 3.3503e-10 TSX
20140901 20140912 -0.00030654 9.6719e-10 TSX
20140912 20141209 0.00013 6.6405e-10 TSX
20140920 20170902 0.00025814 2.8101e-10 TSX
20141209 20160211 0.00017691 3.6281e-10 TSX
20141217 20160722 0.00035725 3.3611e-10 TSX
20141228 20160106 0.00032867 3.8447e-10 TSX
20141231 20151024 0.00021747 4.2536e-10 TSX
20150105 20150824 0.00013759 4.8775e-10 TSX
20150108 20170811 0.00016597 3.1232e-10 TSX
20150119 20160117 0.00032208 3.8817e-10 TSX
20150127 20160411 0.00017057 3.7784e-10 TSX
20150130 20151112 0.00038933 4.2989e-10 TSX
20150210 20170114 0.00041627 3.088e-10 TSX
20150213 20160326 0.0002746 4.1435e-10 TSX
20150218 20160216 0.0002043 4.0354e-10 TSX
20150221 20180112 3.9308e-05 2.7292e-10 TSX
20150304 20180911 7.2384e-05 2.6865e-10 TSX
20150307 20160211 0.00024299 4.0123e-10 TSX
20150312 20160320 0.0001393 3.9842e-10 TSX
20150326 20150827 0.00044629 5.5124e-10 TSX
20150329 20151207 0.00029457 4.5545e-10 TSX
20150428 20160425 0.00038555 3.8921e-10 TSX
20150509 20150827 0.00040235 6.187e-10 TSX
20150517 20150824 0.00017213 6.5673e-10 TSX
20150520 20180911 0.00016169 2.7639e-10 TSX
20150714 20170822 0.00039288 3.0764e-10 TSX
20150725 20170924 0.00040234 3.005e-10 TSX
20150802 20160309 0.00021165 4.9596e-10 TSX
20150805 20160403 0.0002352 4.6147e-10 TSX
20150816 20171107 0.00041558 3.0149e-10 TSX
20150824 20150915 0.00075443 8.6125e-10 TSX
20150827 20170902 0.00039984 3.0529e-10 TSX
20150915 20160216 9.0247e-05 5.6832e-10 TSX
20151021 20160904 0.00026482 4.129e-10 TSX
20151101 20171016 0.00035581 3.0947e-10 TSX
20151112 20160425 9.1084e-05 5.361e-10 TSX
20151115 20151229 0.00020106 7.7307e-10 TSX
20151123 20171221 0.00037041 3.0065e-10 TSX
20151204 20151215 0.00018386 9.7707e-10 TSX
20151207 20160406 -2.4478e-05 6.0214e-10 TSX
20151215 20170822 0.00034775 3.2114e-10 TSX
20151226 20161223 0.00042354 3.9438e-10 TSX
20151229 20160211 6.1824e-05 7.7307e-10 TSX
20160106 20161223 0.00045206 3.9871e-10 TSX
20160117 20160926 0.00041393 4.5374e-10 TSX
20160128 20160301 -0.00022795 8.0604e-10 TSX
20160208 20160312 -3.3297e-05 8.0604e-10 TSX
20160216 20160309 -0.00043553 8.6125e-10 TSX
20160219 20180319 0.00026735 3.0292e-10 TSX
20160301 20161201 0.00044837 4.3854e-10 TSX
20160304 20160326 7.2901e-05 8.4821e-10 TSX
20160312 20180319 0.00028478 3.0578e-10 TSX
20160320 20160411 0.00040605 8.6125e-10 TSX
20160323 20171118 0.0003907 3.2281e-10 TSX
20160326 20160406 -0.0005306 9.6712e-10 TSX
20160403 20171027 0.00045063 3.2706e-10 TSX
20160425 20170811 0.00044925 3.5462e-10 TSX
20160528 20160630 0.00010188 8.0604e-10 TSX
20160630 20171118 0.0003831 3.4285e-10 TSX
20160722 20161201 0.00040993 5.8132e-10 TSX
20160904 20180707 0.00024132 3.242e-10 TSX
20160915 20180911 0.00025391 3.0357e-10 TSX
20160926 20170114 0.00012845 6.1801e-10 TSX
20161201 20171027 0.00026306 4.0769e-10 TSX
20161223 20171107 0.00024811 4.1049e-10 TSX
20170114 20170902 0.00026346 4.6908e-10 TSX
20170811 20171005 3.383e-05 7.4112e-10 TSX
20170822 20180707 1.8914e-05 4.1387e-10 TSX
20170913 20180707 -8.2841e-05 4.2575e-10 TSX
20170924 20180319 -0.00021826 5.2316e-10 TSX
20171005 20171107 5.8308e-05 8.0605e-10 TSX
20171016 20180319 -0.00021326 5.501e-10 TSX
20171027 20180911 0.00011692 4.1374e-10 TSX
20171107 20171118 7.7559e-05 9.7707e-10 TSX
20171118 20171129 5.248e-05 9.7707e-10 TSX
20171129 20171221 2.109e-05 8.5001e-10 TSX
20171210 20180820 7.5534e-05 4.5342e-10 TSX
20171221 20180911 0.0001139 4.459e-10 TSX
20180112 20181003 0.00018475 4.4573e-10 TSX
20180319 20180707 0.00014619 6.1798e-10 TSX
20180707 20180911 0.00054789 7.1238e-10 TSX
20180729 20181003 0.00029233 7.1237e-10 TSX
20180820 20181003 0.00032651 7.7204e-10 TSX
20180911 20181003 -0.000174 8.5001e-10 TSX
