20030427 20030914 -0.00023136 5.6548e-10 ERS2
20030914 20080629 -6.2352e-06 2.7565e-10 ERS2
20050918 20090510 -9.6186e-06 3.0432e-10 ERS2
20051127 20081116 3.3778e-05 3.1859e-10 ERS2
20060903 20090510 9.4824e-05 3.0655e-10 ERS2
20061231 20090105 0.00013541 3.1564e-10 ALOS
20070402 20070703 -1.0336e-05 6.7485e-10 ALOS
20070518 20091008 -0.00011011 3.0373e-10 ALOS
20070818 20071003 -0.00044235 7.8492e-10 ALOS
20071217 20100509 -0.00014049 3.0687e-10 ALOS
20080103 20100526 -0.00011255 3.0265e-10 ALOS
20080404 20080520 2.4229e-05 7.8491e-10 ALOS
20080618 20090921 -0.00010377 3.7246e-10 ALOS
20080629 20090510 -0.00045878 4.1365e-10 ERS2
20080705 20091008 0.00012342 3.655e-10 ALOS
20080803 20090823 -4.2391e-05 3.8413e-10 ERS2
20081116 20090823 -1.8184e-05 4.323e-10 ERS2
20081219 20090921 4.8941e-05 4.5155e-10 ALOS
20090105 20090708 9.7286e-05 5.3331e-10 ALOS
20090510 20091101 -1.7902e-05 5.2554e-10 ERS2
20090708 20091008 7.2195e-05 6.738e-10 ALOS
20090823 20091101 0.00035074 7.0081e-10 ERS2
20091222 20100624 0.00033972 5.3126e-10 ALOS
20100108 20100223 0.00033943 7.8498e-10 ALOS
20100223 20100526 -5.1798e-05 6.7635e-10 ALOS
20100410 20100711 -6.9593e-06 6.7512e-10 ALOS
20100509 20100624 0.00062916 7.8222e-10 ALOS
20100526 20100711 0.00041211 7.8488e-10 ALOS
20100624 20101109 -2.7381e-05 5.8796e-10 ALOS
20100711 20101011 -0.00017971 6.7396e-10 ALOS
20100809 20101109 -3.7743e-05 6.7056e-10 ALOS
20101011 20101126 0.00026271 7.8484e-10 ALOS
20110111 20110226 0.00058434 7.8483e-10 ALOS
20110924 20130715 3.6491e-05 3.276e-10 TSX
20111005 20121229 8.0282e-06 4.115e-10 TSX
20111121 20171221 4.4584e-06 4.6508e-10 TSX
20111221 20130131 5.6369e-07 3.8722e-10 TSX
20111224 20121027 -2.4845e-05 4.219e-10 TSX
20120126 20140419 -1.2979e-05 3.7524e-10 TSX
20120203 20160320 7.4409e-05 3.3515e-10 TSX
20120206 20171107 -1.4725e-05 3.5863e-10 TSX
20120617 20171129 -1.7597e-05 4.1638e-10 TSX
20120723 20160120 -9.3779e-06 2.9681e-10 TSX
20121024 20130109 -5.1419e-05 7.1508e-10 TSX
20121027 20151226 5.6161e-05 3.559e-10 TSX
20121030 20130311 6.5701e-05 5.874e-10 TSX
20121107 20171118 -1.0062e-05 4.1801e-10 TSX
20121221 20160208 1.1301e-06 3.8763e-10 TSX
20121224 20130516 6.4921e-07 5.7148e-10 TSX
20121229 20130407 6.8062e-05 6.6408e-10 TSX
20130104 20130217 7.9547e-05 7.8047e-10 TSX
20130109 20130715 0.00019272 5.4647e-10 TSX
20130112 20140511 -1.2749e-06 3.8543e-10 TSX
20130115 20130721 -7.0569e-05 5.1825e-10 TSX
20130126 20130823 -0.00041065 5.3506e-10 TSX
20130131 20130429 9.9189e-05 6.8666e-10 TSX
20130203 20130729 1.5294e-05 5.2557e-10 TSX
20130211 20130919 -4.0863e-05 5.1199e-10 TSX
20130228 20141209 4.2386e-05 3.7766e-10 TSX
20130311 20130801 -9.6653e-05 5.7234e-10 TSX
20130316 20130623 2.1219e-05 6.6431e-10 TSX
20130402 20150122 -9.2722e-05 3.8708e-10 TSX
20130407 20140530 1.4023e-05 3.8467e-10 TSX
20130421 20171016 -1.6767e-05 4.3925e-10 TSX
20130424 20130721 -0.00010618 6.6978e-10 TSX
20130429 20130623 -0.0001171 7.6467e-10 TSX
20130505 20131028 -7.9926e-05 6.5772e-10 TSX
20130513 20151112 3.1033e-05 4.5915e-10 TSX
20130516 20131017 0.00010377 5.8229e-10 TSX
20130521 20130715 0.00014883 7.6483e-10 TSX
20130524 20171129 1.7243e-05 4.3279e-10 TSX
20130527 20140627 -1.1575e-05 3.8613e-10 TSX
20130601 20130930 -2.5111e-05 6.2435e-10 TSX
20130604 20141217 -5.842e-06 3.7074e-10 TSX
20130607 20140719 -1.0124e-05 3.8204e-10 TSX
20130612 20150105 3.5324e-05 3.6348e-10 TSX
20130615 20160106 -5.5881e-05 4.6837e-10 TSX
20130618 20140708 -5.057e-05 3.9013e-10 TSX
20130623 20130715 0.00062555 8.7069e-10 TSX
20130629 20130914 -4.6058e-05 7.0472e-10 TSX
20130707 20150130 -1.5166e-05 3.6156e-10 TSX
20130710 20140901 6.7994e-06 3.8021e-10 TSX
20130715 20130726 -0.0024199 1.0189e-09 TSX
20130721 20131108 -0.00017058 6.5005e-10 TSX
20130726 20150517 0.00013963 4.2798e-10 TSX
20130729 20160904 1.2455e-05 4.484e-10 TSX
20130801 20151115 2.0428e-05 3.5537e-10 TSX
20130817 20140209 9.0084e-05 5.4509e-10 TSX
20130828 20150312 -2.176e-05 3.9317e-10 TSX
20130903 20150329 -0.00010085 4.0325e-10 TSX
20130919 20160309 3.8008e-05 3.7276e-10 TSX
20130925 20140708 7.2954e-05 4.6713e-10 TSX
20130930 20160411 -2.0859e-05 3.4564e-10 TSX
20131011 20150802 1.4046e-05 3.9273e-10 TSX
20131017 20140719 2.8667e-05 4.8414e-10 TSX
20131028 20160304 0.00012883 3.5322e-10 TSX
20131102 20140519 0.00016474 5.199e-10 TSX
20131108 20140708 -8.983e-05 4.9854e-10 TSX
20140209 20160309 -3.3993e-05 4.2445e-10 TSX
20140223 20140829 -6.8889e-06 5.131e-10 TSX
20140408 20140705 -1.5267e-05 6.6346e-10 TSX
20140419 20170913 -7.7455e-06 3.9191e-10 TSX
20140511 20141228 2.2042e-05 4.748e-10 TSX
20140519 20150824 5.8267e-07 3.9731e-10 TSX
20140624 20171005 6.6421e-07 4.5172e-10 TSX
20140627 20151115 -7.5508e-05 3.6639e-10 TSX
20140705 20180911 -2.6468e-05 4.4285e-10 TSX
20140708 20160406 9.7657e-06 4.3287e-10 TSX
20140716 20171005 2.1978e-05 3.6708e-10 TSX
20140719 20151207 2.3923e-05 3.8541e-10 TSX
20140727 20150326 -4.0038e-05 4.6246e-10 TSX
20140810 20150122 0.00013768 5.6179e-10 TSX
20140818 20160301 -3.4325e-05 3.5796e-10 TSX
20140829 20160208 3.4204e-05 4.4961e-10 TSX
20140901 20140912 -0.00026666 9.7369e-10 TSX
20140912 20141209 1.9467e-05 6.697e-10 TSX
20140920 20170902 -1.0758e-05 4.2711e-10 TSX
20141209 20160211 -6.1467e-05 4.085e-10 TSX
20141217 20160722 -2.072e-05 3.689e-10 TSX
20141228 20160106 1.1834e-07 4.6603e-10 TSX
20141231 20151024 -6.1562e-05 4.9148e-10 TSX
20150105 20150824 -3.1346e-05 5.1352e-10 TSX
20150108 20170811 -4.4003e-05 4.5205e-10 TSX
20150119 20160117 2.7906e-05 4.6829e-10 TSX
20150127 20160411 -2.6112e-05 4.0861e-10 TSX
20150130 20151112 -1.0835e-05 4.6418e-10 TSX
20150210 20170114 7.1071e-06 3.9518e-10 TSX
20150213 20160326 -7.8346e-05 4.0741e-10 TSX
20150218 20160216 -3.34e-05 4.1854e-10 TSX
20150221 20180112 8.0076e-06 3.7749e-10 TSX
20150304 20180911 -1.71e-05 4.4334e-10 TSX
20150307 20160211 -1.6519e-05 4.3789e-10 TSX
20150312 20160320 -4.2368e-07 4.261e-10 TSX
20150326 20150827 5.4099e-05 5.6268e-10 TSX
20150329 20151207 -3.0314e-05 4.6245e-10 TSX
20150428 20160425 5.428e-05 5.2109e-10 TSX
20150509 20150827 5.943e-05 6.3181e-10 TSX
20150517 20150824 -0.00030137 6.7362e-10 TSX
20150520 20180911 3.2196e-06 3.471e-10 TSX
20150714 20170822 1.519e-05 3.8547e-10 TSX
20150725 20170924 7.0024e-06 3.527e-10 TSX
20150802 20160309 1.1367e-06 5.0144e-10 TSX
20150805 20160403 4.0397e-05 4.6656e-10 TSX
20150816 20171107 4.8303e-06 3.4633e-10 TSX
20150824 20150915 0.00053298 8.7061e-10 TSX
20150827 20170902 2.1118e-05 3.6079e-10 TSX
20150915 20160216 1.3969e-05 5.7447e-10 TSX
20151021 20160904 -2.9239e-05 4.4228e-10 TSX
20151101 20171016 -9.4407e-06 4.1507e-10 TSX
20151112 20160425 -1.7655e-05 5.3824e-10 TSX
20151115 20151229 9.6045e-05 7.8047e-10 TSX
20151123 20171221 1.7016e-05 3.6475e-10 TSX
20151204 20151215 0.00016238 9.8244e-10 TSX
20151207 20160406 -1.4032e-05 6.0539e-10 TSX
20151215 20170822 3.3202e-05 3.5244e-10 TSX
20151226 20161223 1.9024e-05 3.979e-10 TSX
20151229 20160211 2.5981e-05 7.8047e-10 TSX
20160106 20161223 2.3184e-05 3.9971e-10 TSX
20160117 20160926 2.9069e-05 4.7919e-10 TSX
20160128 20160301 -0.00016576 8.1098e-10 TSX
20160208 20160312 -0.00010346 8.1098e-10 TSX
20160216 20160309 -0.00031136 8.7061e-10 TSX
20160219 20180319 1.2255e-05 3.2292e-10 TSX
20160301 20161201 5.8648e-06 4.3958e-10 TSX
20160304 20160326 3.374e-05 8.5521e-10 TSX
20160312 20180319 1.0224e-05 3.5934e-10 TSX
20160320 20160411 0.00039024 8.7066e-10 TSX
20160323 20171118 6.6932e-06 3.6064e-10 TSX
20160326 20160406 -0.000486 9.736e-10 TSX
20160403 20171027 2.1465e-05 3.8412e-10 TSX
20160425 20170811 2.0576e-05 3.9316e-10 TSX
20160528 20160630 -4.4755e-06 8.1098e-10 TSX
20160630 20171118 2.2442e-05 3.658e-10 TSX
20160722 20161201 7.0158e-05 5.8242e-10 TSX
20160904 20180707 -3.44e-05 3.5785e-10 TSX
20160915 20180911 -6.5115e-06 3.5077e-10 TSX
20160926 20170114 7.7071e-05 6.2111e-10 TSX
20161201 20171027 2.0656e-05 4.3039e-10 TSX
20161223 20171107 -5.78e-06 4.2189e-10 TSX
20170114 20170902 -3.5061e-05 4.718e-10 TSX
20170811 20171005 -5.9843e-05 7.4495e-10 TSX
20170822 20180707 -7.8918e-05 4.1565e-10 TSX
20170913 20180707 -8.9814e-05 4.3109e-10 TSX
20170924 20180319 -5.7476e-05 5.2437e-10 TSX
20171005 20171107 8.166e-05 8.1098e-10 TSX
20171016 20180319 -3.6404e-05 5.5058e-10 TSX
20171027 20180911 -4.4697e-05 4.1512e-10 TSX
20171107 20171118 7.1114e-05 9.8244e-10 TSX
20171118 20171129 5.11e-05 9.8244e-10 TSX
20171129 20171221 -1.2054e-05 8.5526e-10 TSX
20171210 20180820 -7.8712e-05 4.5416e-10 TSX
20171221 20180911 -5.5858e-05 4.4739e-10 TSX
20180112 20181003 -3.2293e-05 4.4677e-10 TSX
20180319 20180707 -0.00013073 6.2011e-10 TSX
20180707 20180911 0.00013137 7.1561e-10 TSX
20180729 20181003 -2.9358e-05 7.1561e-10 TSX
20180820 20181003 7.5671e-05 7.7648e-10 TSX
20180911 20181003 -0.0001611 8.5526e-10 TSX
