20030427 20030914 0.00022429 5.7092e-10 ERS2
20030914 20080629 -0.00019839 2.7005e-10 ERS2
20050918 20090510 -1.0468e-05 2.9802e-10 ERS2
20051127 20081116 -3.8968e-05 3.0882e-10 ERS2
20060903 20090510 0.00025807 3.1677e-10 ERS2
20061231 20090105 6.1463e-05 3.1321e-10 ALOS
20070402 20070703 -0.00018843 6.6623e-10 ALOS
20070518 20091008 3.9774e-05 2.9916e-10 ALOS
20070818 20071003 -0.00030913 7.7503e-10 ALOS
20071217 20100509 -1.1525e-05 3.0022e-10 ALOS
20080103 20100526 -3.4925e-06 2.9821e-10 ALOS
20080404 20080520 1.1164e-05 7.7504e-10 ALOS
20080618 20090921 -2.7833e-06 3.7282e-10 ALOS
20080629 20090510 -0.00035449 4.1461e-10 ERS2
20080705 20091008 2.1164e-05 3.6529e-10 ALOS
20080803 20090823 -1.1958e-05 3.831e-10 ERS2
20081116 20090823 3.4448e-05 4.3277e-10 ERS2
20081219 20090921 0.00039185 4.4614e-10 ALOS
20090105 20090708 3.095e-05 5.2817e-10 ALOS
20090510 20091101 0.00066822 5.2214e-10 ERS2
20090708 20091008 0.00068671 6.6621e-10 ALOS
20090823 20091101 6.8746e-05 6.9855e-10 ERS2
20091222 20100624 0.00088396 5.2555e-10 ALOS
20100108 20100223 0.00069925 7.7507e-10 ALOS
20100223 20100526 -8.8508e-05 6.6634e-10 ALOS
20100410 20100711 -0.0001171 6.6623e-10 ALOS
20100509 20100624 0.00060535 7.7306e-10 ALOS
20100526 20100711 0.0004467 7.7504e-10 ALOS
20100624 20101109 2.9157e-05 5.8397e-10 ALOS
20100711 20101011 0.00015581 6.6624e-10 ALOS
20100809 20101109 -9.0897e-06 6.6353e-10 ALOS
20101011 20101126 0.00030139 7.7503e-10 ALOS
20110111 20110226 0.00076845 7.7503e-10 ALOS
20110924 20130715 3.8e-05 3.2422e-10 TSX
20111005 20121229 -0.00011048 3.6871e-10 TSX
20111121 20171221 2.8826e-07 2.4671e-10 TSX
20111221 20130131 4.9966e-05 3.8522e-10 TSX
20111224 20121027 -2.0343e-05 4.1937e-10 TSX
20120126 20140419 -4.681e-05 2.926e-10 TSX
20120203 20160320 8.2405e-06 2.532e-10 TSX
20120206 20171107 2.067e-05 2.4411e-10 TSX
20120617 20171129 3.1198e-05 2.4705e-10 TSX
20120723 20160120 0.00010834 2.6817e-10 TSX
20121024 20130109 2.4295e-05 7.0154e-10 TSX
20121027 20151226 1.8402e-05 2.6752e-10 TSX
20121030 20130311 5.4345e-05 5.8465e-10 TSX
20121107 20171118 5.2297e-06 2.4402e-10 TSX
20121221 20160208 -1.1295e-05 2.7175e-10 TSX
20121224 20130516 -7.7435e-05 5.6848e-10 TSX
20121229 20130407 0.00033354 6.5606e-10 TSX
20130104 20130217 0.00022341 7.7304e-10 TSX
20130109 20130715 0.00012597 5.285e-10 TSX
20130112 20140511 -6.6887e-05 3.5418e-10 TSX
20130115 20130721 -0.000152 5.1394e-10 TSX
20130126 20130823 -8.2068e-05 4.9318e-10 TSX
20130131 20130429 -5.1415e-05 6.7795e-10 TSX
20130203 20130729 -2.284e-05 5.2312e-10 TSX
20130211 20130919 2.3223e-05 4.9591e-10 TSX
20130228 20141209 6.0413e-05 3.1284e-10 TSX
20130311 20130801 -5.2439e-05 5.6844e-10 TSX
20130316 20130623 8.7577e-05 6.5607e-10 TSX
20130402 20150122 4.7544e-05 3.2063e-10 TSX
20130407 20140530 -2.8526e-05 3.8083e-10 TSX
20130421 20171016 -5.3736e-06 2.4949e-10 TSX
20130424 20130721 -0.00026863 6.6401e-10 TSX
20130429 20130623 -1.1409e-05 7.5401e-10 TSX
20130505 20131028 -0.00037605 5.6612e-10 TSX
20130513 20151112 1.9043e-05 2.8018e-10 TSX
20130516 20131017 -0.00025739 5.5845e-10 TSX
20130521 20130715 5.6174e-05 7.5403e-10 TSX
20130524 20171129 9.9873e-06 2.5451e-10 TSX
20130527 20140627 -1.2245e-05 3.8396e-10 TSX
20130601 20130930 -4.2903e-05 6.1697e-10 TSX
20130604 20141217 -8.2768e-06 3.3949e-10 TSX
20130607 20140719 6.3295e-06 3.8043e-10 TSX
20130612 20150105 7.5408e-06 3.3778e-10 TSX
20130615 20160106 4.0139e-06 2.7803e-10 TSX
20130618 20140708 -2.0172e-05 3.8825e-10 TSX
20130623 20130715 0.00051844 8.6119e-10 TSX
20130629 20130914 0.00013779 6.8823e-10 TSX
20130707 20150130 -2.8994e-05 3.3796e-10 TSX
20130710 20140901 4.1811e-05 3.7656e-10 TSX
20130715 20130726 -0.002484 1.0101e-09 TSX
20130721 20131108 0.00069048 6.239e-10 TSX
20130726 20150517 0.0001573 3.2184e-10 TSX
20130729 20160904 -2.3137e-05 2.7022e-10 TSX
20130801 20151115 5.4707e-06 2.9064e-10 TSX
20130817 20140209 0.00010154 5.4096e-10 TSX
20130828 20150312 9.1827e-05 3.4074e-10 TSX
20130903 20150329 -6.9185e-05 3.372e-10 TSX
20130919 20160309 1.8532e-05 2.7666e-10 TSX
20130925 20140708 7.5554e-05 4.3128e-10 TSX
20130930 20160411 6.0246e-05 2.7454e-10 TSX
20131011 20150802 -1.7348e-05 3.2206e-10 TSX
20131017 20140719 3.2399e-05 4.3872e-10 TSX
20131028 20160304 -4.3754e-05 3.0342e-10 TSX
20131102 20140519 -0.00013864 5.1709e-10 TSX
20131108 20140708 -2.3938e-06 4.6297e-10 TSX
20140209 20160309 -4.3714e-05 3.0729e-10 TSX
20140223 20140829 -2.6989e-05 5.1111e-10 TSX
20140408 20140705 -9.3484e-06 6.6129e-10 TSX
20140419 20170913 5.3055e-06 2.571e-10 TSX
20140511 20141228 3.4971e-05 4.701e-10 TSX
20140519 20150824 0.00010736 3.6477e-10 TSX
20140624 20171005 2.768e-05 2.6507e-10 TSX
20140627 20151115 3.2957e-05 3.4231e-10 TSX
20140705 20180911 8.2911e-06 2.5283e-10 TSX
20140708 20160406 2.8149e-05 3.1442e-10 TSX
20140716 20171005 -5.5806e-06 2.6513e-10 TSX
20140719 20151207 2.5554e-08 3.4079e-10 TSX
20140727 20150326 -4.4356e-05 4.6157e-10 TSX
20140810 20150122 -1.8475e-05 5.3918e-10 TSX
20140818 20160301 -8.6446e-06 3.2675e-10 TSX
20140829 20160208 -4.9709e-06 3.3276e-10 TSX
20140901 20140912 -0.00031855 9.6708e-10 TSX
20140912 20141209 0.00010081 6.6401e-10 TSX
20140920 20170902 9.1848e-06 2.6797e-10 TSX
20141209 20160211 -5.8817e-05 3.6391e-10 TSX
20141217 20160722 -1.074e-05 3.2128e-10 TSX
20141228 20160106 -1.8129e-05 3.8193e-10 TSX
20141231 20151024 1.6333e-05 4.2533e-10 TSX
20150105 20150824 2.4725e-05 4.8606e-10 TSX
20150108 20170811 1.3632e-05 2.7247e-10 TSX
20150119 20160117 -5.8716e-06 3.8759e-10 TSX
20150127 20160411 5.1969e-05 3.7175e-10 TSX
20150130 20151112 1.5369e-05 4.2869e-10 TSX
20150210 20170114 -6.6297e-06 2.9687e-10 TSX
20150213 20160326 -4.5696e-05 4.1681e-10 TSX
20150218 20160216 -1.1475e-05 4.0536e-10 TSX
20150221 20180112 8.0506e-05 2.6581e-10 TSX
20150304 20180911 2.435e-05 2.5805e-10 TSX
20150307 20160211 -2.0469e-05 4.011e-10 TSX
20150312 20160320 -5.3273e-05 3.9847e-10 TSX
20150326 20150827 4.9301e-06 5.4971e-10 TSX
20150329 20151207 -2.4851e-05 4.5493e-10 TSX
20150428 20160425 7.6827e-06 3.8689e-10 TSX
20150509 20150827 -3.1941e-05 6.1809e-10 TSX
20150517 20150824 -0.00018162 6.5613e-10 TSX
20150520 20180911 -3.2725e-05 2.5598e-10 TSX
20150714 20170822 -1.7675e-05 2.8962e-10 TSX
20150725 20170924 7.0714e-06 2.8893e-10 TSX
20150802 20160309 -2.1472e-07 4.9591e-10 TSX
20150805 20160403 3.1137e-05 4.6121e-10 TSX
20150816 20171107 -1.5857e-05 2.885e-10 TSX
20150824 20150915 0.00067442 8.6109e-10 TSX
20150827 20170902 -1.9191e-05 2.9579e-10 TSX
20150915 20160216 -0.00016183 5.6818e-10 TSX
20151021 20160904 -6.6142e-05 4.1233e-10 TSX
20151101 20171016 -1.4833e-05 3.0018e-10 TSX
20151112 20160425 -2.3661e-05 5.3612e-10 TSX
20151115 20151229 0.00014913 7.7304e-10 TSX
20151123 20171221 -2.3826e-05 2.9396e-10 TSX
20151204 20151215 0.00016683 9.7739e-10 TSX
20151207 20160406 -7.7743e-05 6.0214e-10 TSX
20151215 20170822 -1.4882e-05 3.1321e-10 TSX
20151226 20161223 -1.5311e-05 3.935e-10 TSX
20151229 20160211 3.9481e-05 7.7304e-10 TSX
20160106 20161223 7.4788e-06 3.9787e-10 TSX
20160117 20160926 -1.7963e-06 4.5302e-10 TSX
20160128 20160301 -0.00019276 8.0621e-10 TSX
20160208 20160312 -7.3173e-05 8.0621e-10 TSX
20160216 20160309 -0.00038588 8.6109e-10 TSX
20160219 20180319 -4.9461e-05 2.9676e-10 TSX
20160301 20161201 1.8601e-05 4.3859e-10 TSX
20160304 20160326 9.2894e-05 8.4812e-10 TSX
20160312 20180319 -5.35e-05 2.9709e-10 TSX
20160320 20160411 0.00047045 8.611e-10 TSX
20160323 20171118 -1.6753e-05 3.1652e-10 TSX
20160326 20160406 -0.00050769 9.6701e-10 TSX
20160403 20171027 -1.8858e-05 3.2161e-10 TSX
20160425 20170811 6.2147e-06 3.4583e-10 TSX
20160528 20160630 -1.7066e-05 8.0621e-10 TSX
20160630 20171118 -6.4294e-06 3.3911e-10 TSX
20160722 20161201 3.4597e-05 5.8134e-10 TSX
20160904 20180707 -3.4756e-05 3.2233e-10 TSX
20160915 20180911 -3.2031e-05 3.0086e-10 TSX
20160926 20170114 -1.8748e-05 6.1799e-10 TSX
20161201 20171027 -3.95e-05 4.0701e-10 TSX
20161223 20171107 -4.369e-05 4.0902e-10 TSX
20170114 20170902 -7.2687e-06 4.6868e-10 TSX
20170811 20171005 -9.8854e-05 7.4119e-10 TSX
20170822 20180707 -7.7142e-05 4.1391e-10 TSX
20170913 20180707 -0.00013887 4.2507e-10 TSX
20170924 20180319 -8.7625e-05 5.2321e-10 TSX
20171005 20171107 4.4995e-05 8.0621e-10 TSX
20171016 20180319 -5.7247e-05 5.501e-10 TSX
20171027 20180911 -5.857e-05 4.1388e-10 TSX
20171107 20171118 6.8587e-05 9.7739e-10 TSX
20171118 20171129 5.2172e-05 9.7739e-10 TSX
20171129 20171221 -3.2696e-05 8.5025e-10 TSX
20171210 20180820 -8.2918e-05 4.5345e-10 TSX
20171221 20180911 -0.00019932 4.458e-10 TSX
20180112 20181003 -5.6283e-05 4.4572e-10 TSX
20180319 20180707 -6.7297e-05 6.18e-10 TSX
20180707 20180911 0.00022355 7.1244e-10 TSX
20180729 20181003 4.6258e-05 7.1244e-10 TSX
20180820 20181003 0.00018827 7.7216e-10 TSX
20180911 20181003 -0.000159 8.5026e-10 TSX
