20030427 20030914 0.00017091 5.6714e-10 ERS2
20030914 20080629 -3.8604e-05 3.0085e-10 ERS2
20050918 20090510 7.9872e-05 3.086e-10 ERS2
20051127 20081116 0.00013999 3.0259e-10 ERS2
20060903 20090510 -3.7446e-05 3.3352e-10 ERS2
20061231 20090105 -9.116e-05 3.24e-10 ALOS
20070402 20070703 0.00011716 6.6701e-10 ALOS
20070518 20091008 -3.4115e-05 3.1648e-10 ALOS
20070818 20071003 -0.00026781 7.7728e-10 ALOS
20071217 20100509 4.5582e-05 3.0252e-10 ALOS
20080103 20100526 5.263e-05 3.0992e-10 ALOS
20080404 20080520 7.8376e-05 7.7741e-10 ALOS
20080618 20090921 -0.00017027 3.729e-10 ALOS
20080629 20090510 -0.00018272 4.1482e-10 ERS2
20080705 20091008 4.6339e-05 3.6535e-10 ALOS
20080803 20090823 1.7998e-05 3.8364e-10 ERS2
20081116 20090823 0.00020801 4.3702e-10 ERS2
20081219 20090921 4.1266e-05 4.4735e-10 ALOS
20090105 20090708 0.00024934 5.299e-10 ALOS
20090510 20091101 0.001047 5.2092e-10 ERS2
20090708 20091008 0.00027708 6.6676e-10 ALOS
20090823 20091101 -0.00022761 6.9902e-10 ERS2
20091222 20100624 0.00017616 5.3067e-10 ALOS
20100108 20100223 0.00045833 7.774e-10 ALOS
20100223 20100526 7.0953e-05 6.6773e-10 ALOS
20100410 20100711 -0.00012946 6.6724e-10 ALOS
20100509 20100624 0.00057695 7.7517e-10 ALOS
20100526 20100711 0.00028545 7.7737e-10 ALOS
20100624 20101109 5.1125e-05 5.8413e-10 ALOS
20100711 20101011 0.00027487 6.6676e-10 ALOS
20100809 20101109 -4.2548e-05 6.6399e-10 ALOS
20101011 20101126 7.0856e-05 7.7737e-10 ALOS
20110111 20110226 0.00051733 7.7729e-10 ALOS
20110924 20130715 -3.704e-05 3.5749e-10 TSX
20111005 20121229 -0.00012248 3.9577e-10 TSX
20111121 20171221 1.7733e-05 3.999e-10 TSX
20111221 20130131 -4.0101e-05 3.9877e-10 TSX
20111224 20121027 5.259e-05 4.9218e-10 TSX
20120126 20140419 -5.0166e-05 4.9649e-10 TSX
20120203 20160320 -2.0051e-05 3.1639e-10 TSX
20120206 20171107 -7.2393e-05 4.5144e-10 TSX
20120617 20171129 2.4005e-05 4.2113e-10 TSX
20120723 20160120 2.0675e-06 4.1523e-10 TSX
20121024 20130109 0.00016001 7.0271e-10 TSX
20121027 20151226 8.2061e-05 4.4629e-10 TSX
20121030 20130311 1.5237e-05 5.8578e-10 TSX
20121107 20171118 2.6221e-05 3.9626e-10 TSX
20121221 20160208 1.301e-05 4.4192e-10 TSX
20121224 20130516 -0.00015099 5.6842e-10 TSX
20121229 20130407 -7.7234e-05 6.5648e-10 TSX
20130104 20130217 -4.5531e-05 7.7479e-10 TSX
20130109 20130715 0.0001216 5.5081e-10 TSX
20130112 20140511 -2.4013e-06 4.9154e-10 TSX
20130115 20130721 -0.00020645 5.4829e-10 TSX
20130126 20130823 -0.00025367 5.1247e-10 TSX
20130131 20130429 -0.00012159 6.7847e-10 TSX
20130203 20130729 -0.00010436 5.8075e-10 TSX
20130211 20130919 8.044e-05 5.1175e-10 TSX
20130228 20141209 8.3305e-05 3.7463e-10 TSX
20130311 20130801 -0.00010371 5.8205e-10 TSX
20130316 20130623 -7.4731e-05 6.5915e-10 TSX
20130402 20150122 4.1127e-05 3.6712e-10 TSX
20130407 20140530 -1.9925e-05 4.0147e-10 TSX
20130421 20171016 -2.5344e-05 3.9077e-10 TSX
20130424 20130721 -0.00029518 6.7131e-10 TSX
20130429 20130623 -0.0001347 7.5706e-10 TSX
20130505 20131028 -0.00052952 5.6679e-10 TSX
20130513 20151112 0.00012192 4.5202e-10 TSX
20130516 20131017 -0.0004752 5.6767e-10 TSX
20130521 20130715 0.00028713 7.5705e-10 TSX
20130524 20171129 9.647e-06 4.3246e-10 TSX
20130527 20140627 4.6803e-05 4.1972e-10 TSX
20130601 20130930 0.00036937 6.2089e-10 TSX
20130604 20141217 6.754e-06 4.786e-10 TSX
20130607 20140719 1.4527e-05 4.1199e-10 TSX
20130612 20150105 -4.842e-05 3.7901e-10 TSX
20130615 20160106 8.0093e-05 3.7599e-10 TSX
20130618 20140708 -4.9262e-06 4.3122e-10 TSX
20130623 20130715 0.00073611 8.6555e-10 TSX
20130629 20130914 0.00022224 6.9507e-10 TSX
20130707 20150130 2.698e-05 4.5156e-10 TSX
20130710 20140901 1.9323e-05 4.1834e-10 TSX
20130715 20130726 -0.0025739 1.0145e-09 TSX
20130721 20131108 0.00052328 6.2395e-10 TSX
20130726 20150517 9.6678e-05 3.708e-10 TSX
20130729 20160904 -0.00012551 3.6163e-10 TSX
20130801 20151115 -5.8079e-05 4.954e-10 TSX
20130817 20140209 -0.00012722 5.4227e-10 TSX
20130828 20150312 -6.5622e-06 3.6735e-10 TSX
20130903 20150329 3.4501e-05 4.3241e-10 TSX
20130919 20160309 -8.2808e-05 3.0583e-10 TSX
20130925 20140708 1.9425e-05 4.4097e-10 TSX
20130930 20160411 -0.00018016 3.5559e-10 TSX
20131011 20150802 -5.7527e-05 3.7639e-10 TSX
20131017 20140719 -2.4209e-05 4.427e-10 TSX
20131028 20160304 -5.5662e-05 3.0774e-10 TSX
20131102 20140519 -0.00015372 5.17e-10 TSX
20131108 20140708 -2.5239e-05 4.6994e-10 TSX
20140209 20160309 3.4177e-05 3.7818e-10 TSX
20140223 20140829 7.3401e-05 5.1974e-10 TSX
20140408 20140705 -9.4321e-06 6.6153e-10 TSX
20140419 20170913 0.00011299 3.3786e-10 TSX
20140511 20141228 8.8924e-05 4.9054e-10 TSX
20140519 20150824 5.8064e-06 4.032e-10 TSX
20140624 20171005 7.3582e-05 4.9609e-10 TSX
20140627 20151115 -7.3561e-05 3.6199e-10 TSX
20140705 20180911 -2.1142e-05 4.2706e-10 TSX
20140708 20160406 0.00010953 3.6239e-10 TSX
20140716 20171005 -5.7017e-06 4.5104e-10 TSX
20140719 20151207 1.5031e-05 3.8887e-10 TSX
20140727 20150326 3.3664e-05 4.7529e-10 TSX
20140810 20150122 -7.0765e-05 5.3966e-10 TSX
20140818 20160301 -4.4861e-05 3.9564e-10 TSX
20140829 20160208 0.00011268 4.1905e-10 TSX
20140901 20140912 -0.00030264 9.7041e-10 TSX
20140912 20141209 3.4002e-05 6.6456e-10 TSX
20140920 20170902 -3.3567e-06 4.1245e-10 TSX
20141209 20160211 -8.041e-05 3.9248e-10 TSX
20141217 20160722 0.00012421 3.8595e-10 TSX
20141228 20160106 7.3039e-05 4.116e-10 TSX
20141231 20151024 -6.9969e-07 4.4099e-10 TSX
20150105 20150824 -0.0001173 4.9328e-10 TSX
20150108 20170811 4.6996e-05 4.9764e-10 TSX
20150119 20160117 0.00014414 4.4706e-10 TSX
20150127 20160411 3.1842e-05 3.9364e-10 TSX
20150130 20151112 0.00013021 4.5121e-10 TSX
20150210 20170114 0.00011155 3.679e-10 TSX
20150213 20160326 0.00018924 4.0695e-10 TSX
20150218 20160216 -2.8618e-05 4.1389e-10 TSX
20150221 20180112 2.4278e-05 4.7291e-10 TSX
20150304 20180911 0.00011972 3.8112e-10 TSX
20150307 20160211 -1.0856e-06 4.0519e-10 TSX
20150312 20160320 -3.6236e-05 4.0605e-10 TSX
20150326 20150827 9.6927e-05 5.6144e-10 TSX
20150329 20151207 2.5226e-05 4.594e-10 TSX
20150428 20160425 0.00012542 4.4244e-10 TSX
20150509 20150827 4.2485e-05 6.275e-10 TSX
20150517 20150824 1.4595e-05 6.572e-10 TSX
20150520 20180911 3.813e-05 4.2114e-10 TSX
20150714 20170822 -3.6725e-05 3.9768e-10 TSX
20150725 20170924 7.9305e-05 3.9939e-10 TSX
20150802 20160309 -8.1742e-05 5.0089e-10 TSX
20150805 20160403 1.7482e-05 4.8989e-10 TSX
20150816 20171107 0.0001796 3.6846e-10 TSX
20150824 20150915 0.00071736 8.6506e-10 TSX
20150827 20170902 5.7373e-05 4.6621e-10 TSX
20150915 20160216 -0.00012932 5.6981e-10 TSX
20151021 20160904 -4.0791e-05 5.2058e-10 TSX
20151101 20171016 4.7653e-06 3.8629e-10 TSX
20151112 20160425 -2.4025e-05 5.4081e-10 TSX
20151115 20151229 0.00010649 7.7476e-10 TSX
20151123 20171221 -5.6831e-05 3.8124e-10 TSX
20151204 20151215 0.00016438 9.7982e-10 TSX
20151207 20160406 -0.00012641 6.0225e-10 TSX
20151215 20170822 4.8655e-05 4.2873e-10 TSX
20151226 20161223 8.7471e-05 4.075e-10 TSX
20151229 20160211 6.3138e-05 7.7476e-10 TSX
20160106 20161223 9.3788e-05 4.1127e-10 TSX
20160117 20160926 -1.0542e-05 4.8659e-10 TSX
20160128 20160301 -0.00013375 8.0808e-10 TSX
20160208 20160312 -7.7944e-05 8.0808e-10 TSX
20160216 20160309 -0.00039388 8.6506e-10 TSX
20160219 20180319 2.2575e-05 4.3689e-10 TSX
20160301 20161201 9.5962e-05 4.4835e-10 TSX
20160304 20160326 4.2258e-05 8.5102e-10 TSX
20160312 20180319 -1.6271e-05 4.7628e-10 TSX
20160320 20160411 0.00036583 8.6507e-10 TSX
20160323 20171118 2.275e-05 4.4035e-10 TSX
20160326 20160406 -0.0005058 9.7033e-10 TSX
20160403 20171027 0.00014158 5.0456e-10 TSX
20160425 20170811 0.00013864 4.1996e-10 TSX
20160528 20160630 9.922e-06 8.0807e-10 TSX
20160630 20171118 -7.3845e-05 4.9048e-10 TSX
20160722 20161201 0.00023556 5.8474e-10 TSX
20160904 20180707 -1.0403e-06 4.5803e-10 TSX
20160915 20180911 -3.21e-05 4.1371e-10 TSX
20160926 20170114 0.00014278 6.3761e-10 TSX
20161201 20171027 3.4902e-05 4.6398e-10 TSX
20161223 20171107 8.6e-05 4.8636e-10 TSX
20170114 20170902 0.00014145 5.0675e-10 TSX
20170811 20171005 -3.5751e-05 7.4226e-10 TSX
20170822 20180707 -9.7203e-05 4.4379e-10 TSX
20170913 20180707 -0.00011479 4.6172e-10 TSX
20170924 20180319 -8.5581e-06 5.2854e-10 TSX
20171005 20171107 3.6468e-05 8.0808e-10 TSX
20171016 20180319 2.7332e-05 5.5059e-10 TSX
20171027 20180911 -9.5321e-05 4.7014e-10 TSX
20171107 20171118 8.0055e-05 9.7982e-10 TSX
20171118 20171129 6.2151e-05 9.7982e-10 TSX
20171129 20171221 1.4501e-05 8.5249e-10 TSX
20171210 20180820 -6.7025e-05 4.9215e-10 TSX
20171221 20180911 -0.00010692 4.8309e-10 TSX
20180112 20181003 1.6699e-05 4.7245e-10 TSX
20180319 20180707 -0.00023787 6.2559e-10 TSX
20180707 20180911 0.00022521 7.1305e-10 TSX
20180729 20181003 0.00015963 7.1304e-10 TSX
20180820 20181003 0.00027404 7.7356e-10 TSX
20180911 20181003 -0.00014632 8.5249e-10 TSX
