20030427 20030914 0.00076939 5.6496e-10 ERS2
20030914 20080629 -8.8656e-05 2.9165e-10 ERS2
20050918 20090510 3.6074e-05 2.9931e-10 ERS2
20051127 20081116 0.00023694 3.0886e-10 ERS2
20060903 20090510 0.00012881 3.1052e-10 ERS2
20061231 20090105 0.0006928 3.153e-10 ALOS
20070402 20070703 0.0001163 6.6636e-10 ALOS
20070518 20091008 0.00074912 3.0439e-10 ALOS
20070818 20071003 -0.00015517 7.7515e-10 ALOS
20071217 20100509 0.00088422 3.0129e-10 ALOS
20080103 20100526 0.00089839 3.0237e-10 ALOS
20080404 20080520 0.0001983 7.7514e-10 ALOS
20080618 20090921 0.00066707 3.7249e-10 ALOS
20080629 20090510 -0.00038507 4.1691e-10 ERS2
20080705 20091008 0.00055192 3.6542e-10 ALOS
20080803 20090823 4.0768e-06 3.83e-10 ERS2
20081116 20090823 0.00013037 4.3326e-10 ERS2
20081219 20090921 0.0010051 4.4652e-10 ALOS
20090105 20090708 0.00046449 5.2855e-10 ALOS
20090510 20091101 0.00016755 5.2057e-10 ERS2
20090708 20091008 0.0012657 6.6611e-10 ALOS
20090823 20091101 -0.00013632 6.9855e-10 ERS2
20091222 20100624 0.0010389 5.284e-10 ALOS
20100108 20100223 0.000658 7.7522e-10 ALOS
20100223 20100526 0.00010434 6.6637e-10 ALOS
20100410 20100711 0.0002598 6.6632e-10 ALOS
20100509 20100624 0.00066879 7.7315e-10 ALOS
20100526 20100711 0.00058363 7.7515e-10 ALOS
20100624 20101109 0.00046154 5.8398e-10 ALOS
20100711 20101011 0.00065942 6.6625e-10 ALOS
20100809 20101109 8.3506e-05 6.6354e-10 ALOS
20101011 20101126 0.00013947 7.7514e-10 ALOS
20110111 20110226 0.00075378 7.7515e-10 ALOS
20110924 20130715 0.00047236 3.2669e-10 TSX
20111005 20121229 0.00046178 3.7467e-10 TSX
20111121 20171221 1.3867e-05 4.5333e-10 TSX
20111221 20130131 0.00048909 3.861e-10 TSX
20111224 20121027 0.00038191 4.1954e-10 TSX
20120126 20140419 0.00014423 3.3918e-10 TSX
20120203 20160320 -4.5336e-05 3.1691e-10 TSX
20120206 20171107 5.1731e-05 4.3633e-10 TSX
20120617 20171129 5.7957e-05 3.7455e-10 TSX
20120723 20160120 -2.0097e-06 4.4561e-10 TSX
20121024 20130109 0.00020033 7.0185e-10 TSX
20121027 20151226 -3.3384e-05 4.3692e-10 TSX
20121030 20130311 0.00024723 5.8465e-10 TSX
20121107 20171118 3.5922e-05 3.8148e-10 TSX
20121221 20160208 0.00010599 4.3555e-10 TSX
20121224 20130516 0.0002629 5.6858e-10 TSX
20121229 20130407 0.00025805 6.5606e-10 TSX
20130104 20130217 0.00014672 7.7311e-10 TSX
20130109 20130715 0.00049759 5.3208e-10 TSX
20130112 20140511 0.00029534 3.5772e-10 TSX
20130115 20130721 0.00033518 5.1485e-10 TSX
20130126 20130823 0.00040157 5.035e-10 TSX
20130131 20130429 6.7596e-05 6.7794e-10 TSX
20130203 20130729 0.00035449 5.2325e-10 TSX
20130211 20130919 0.00043684 4.9702e-10 TSX
20130228 20141209 0.00043728 3.3092e-10 TSX
20130311 20130801 0.00036298 5.69e-10 TSX
20130316 20130623 0.00024741 6.5608e-10 TSX
20130402 20150122 0.00011207 3.5683e-10 TSX
20130407 20140530 0.00042688 3.8271e-10 TSX
20130421 20171016 1.4349e-05 4.2957e-10 TSX
20130424 20130721 0.00020784 6.6414e-10 TSX
20130429 20130623 0.00011427 7.5413e-10 TSX
20130505 20131028 -1.3302e-05 5.3922e-10 TSX
20130513 20151112 1.9764e-05 3.8875e-10 TSX
20130516 20131017 0.00029656 5.6217e-10 TSX
20130521 20130715 0.00051514 7.5421e-10 TSX
20130524 20171129 6.0122e-05 4.121e-10 TSX
20130527 20140627 0.00061895 3.8442e-10 TSX
20130601 20130930 0.0005573 6.1707e-10 TSX
20130604 20141217 0.00035425 3.465e-10 TSX
20130607 20140719 0.00060995 3.8171e-10 TSX
20130612 20150105 0.00055108 3.4382e-10 TSX
20130615 20160106 0.00010754 3.4814e-10 TSX
20130618 20140708 0.0004991 3.8784e-10 TSX
20130623 20130715 0.00075242 8.6168e-10 TSX
20130629 20130914 0.00054183 6.8851e-10 TSX
20130707 20150130 0.00031058 3.3809e-10 TSX
20130710 20140901 0.00057957 3.7681e-10 TSX
20130715 20130726 -0.0025059 1.0107e-09 TSX
20130721 20131108 0.00083163 6.2247e-10 TSX
20130726 20150517 0.00058855 3.3175e-10 TSX
20130729 20160904 6.577e-05 3.504e-10 TSX
20130801 20151115 9.4311e-05 3.7049e-10 TSX
20130817 20140209 0.00018392 5.4103e-10 TSX
20130828 20150312 0.00054733 3.4678e-10 TSX
20130903 20150329 -0.00011222 3.404e-10 TSX
20130919 20160309 0.0003381 3.1761e-10 TSX
20130925 20140708 0.0003541 4.3237e-10 TSX
20130930 20160411 0.00013198 3.2631e-10 TSX
20131011 20150802 0.00045225 3.4749e-10 TSX
20131017 20140719 0.00036808 4.3962e-10 TSX
20131028 20160304 -4.3555e-05 3.2825e-10 TSX
20131102 20140519 4.3213e-06 5.1709e-10 TSX
20131108 20140708 0.00028948 4.6414e-10 TSX
20140209 20160309 0.00026055 3.7398e-10 TSX
20140223 20140829 0.00027714 5.1119e-10 TSX
20140408 20140705 0.00013432 6.6126e-10 TSX
20140419 20170913 8.8625e-05 3.1936e-10 TSX
20140511 20141228 0.00029995 4.702e-10 TSX
20140519 20150824 0.00058756 3.8484e-10 TSX
20140624 20171005 0.00022532 4.0421e-10 TSX
20140627 20151115 0.00031335 3.8669e-10 TSX
20140705 20180911 4.6628e-05 3.7148e-10 TSX
20140708 20160406 0.00027997 3.6615e-10 TSX
20140716 20171005 0.00010569 3.9026e-10 TSX
20140719 20151207 0.00039336 3.8324e-10 TSX
20140727 20150326 0.00016908 4.6164e-10 TSX
20140810 20150122 0.00037796 5.3978e-10 TSX
20140818 20160301 0.00042231 3.4674e-10 TSX
20140829 20160208 0.00041697 3.4556e-10 TSX
20140901 20140912 -0.0003007 9.6744e-10 TSX
20140912 20141209 0.00023142 6.6438e-10 TSX
20140920 20170902 0.00026933 3.5582e-10 TSX
20141209 20160211 0.00043717 3.898e-10 TSX
20141217 20160722 0.00035127 3.6941e-10 TSX
20141228 20160106 0.00036228 3.8811e-10 TSX
20141231 20151024 0.00052606 4.5126e-10 TSX
20150105 20150824 0.00039067 4.9565e-10 TSX
20150108 20170811 0.00021211 3.9777e-10 TSX
20150119 20160117 0.00034246 3.9322e-10 TSX
20150127 20160411 0.00045456 3.9765e-10 TSX
20150130 20151112 0.00035077 4.3002e-10 TSX
20150210 20170114 0.00016636 3.557e-10 TSX
20150213 20160326 0.00025259 3.9307e-10 TSX
20150218 20160216 0.0005641 4.1238e-10 TSX
20150221 20180112 5.4954e-05 3.5206e-10 TSX
20150304 20180911 3.643e-05 3.6691e-10 TSX
20150307 20160211 0.00056545 4.2693e-10 TSX
20150312 20160320 0.000494 4.1099e-10 TSX
20150326 20150827 0.00040557 5.5821e-10 TSX
20150329 20151207 0.00063312 4.6572e-10 TSX
20150428 20160425 0.00036042 4.0518e-10 TSX
20150509 20150827 0.00032639 6.2767e-10 TSX
20150517 20150824 0.00027093 6.5857e-10 TSX
20150520 20180911 -2.162e-05 3.7765e-10 TSX
20150714 20170822 0.00022003 3.9441e-10 TSX
20150725 20170924 0.00027894 3.6053e-10 TSX
20150802 20160309 0.00028318 5.0045e-10 TSX
20150805 20160403 0.00019897 4.6245e-10 TSX
20150816 20171107 0.00035626 3.6748e-10 TSX
20150824 20150915 0.00072214 8.6151e-10 TSX
20150827 20170902 0.00029918 3.8455e-10 TSX
20150915 20160216 0.00023282 5.6848e-10 TSX
20151021 20160904 0.00022755 4.1853e-10 TSX
20151101 20171016 0.00019837 3.4068e-10 TSX
20151112 20160425 5.8893e-05 5.3634e-10 TSX
20151115 20151229 0.00023114 7.7316e-10 TSX
20151123 20171221 0.00027894 3.4584e-10 TSX
20151204 20151215 0.00017803 9.7738e-10 TSX
20151207 20160406 1.1481e-05 6.0212e-10 TSX
20151215 20170822 0.00023536 3.4212e-10 TSX
20151226 20161223 0.00034914 3.9326e-10 TSX
20151229 20160211 0.00010569 7.7311e-10 TSX
20160106 20161223 0.00035374 3.9834e-10 TSX
20160117 20160926 0.00032383 4.5334e-10 TSX
20160128 20160301 -0.00024849 8.0617e-10 TSX
20160208 20160312 -2.66e-05 8.0617e-10 TSX
20160216 20160309 -0.00043381 8.615e-10 TSX
20160219 20180319 0.00019336 3.559e-10 TSX
20160301 20161201 0.00039277 4.3862e-10 TSX
20160304 20160326 5.6838e-05 8.4838e-10 TSX
20160312 20180319 0.00025592 3.626e-10 TSX
20160320 20160411 0.00041021 8.6151e-10 TSX
20160323 20171118 0.00022731 3.4501e-10 TSX
20160326 20160406 -0.00048449 9.6737e-10 TSX
20160403 20171027 0.00039185 3.6501e-10 TSX
20160425 20170811 0.00038221 3.9425e-10 TSX
20160528 20160630 0.00010804 8.0616e-10 TSX
20160630 20171118 0.00034364 3.5876e-10 TSX
20160722 20161201 0.00028486 5.8132e-10 TSX
20160904 20180707 0.0002141 3.3741e-10 TSX
20160915 20180911 0.00022218 3.2546e-10 TSX
20160926 20170114 2.8935e-05 6.1799e-10 TSX
20161201 20171027 0.00022331 4.0848e-10 TSX
20161223 20171107 0.00025587 4.1174e-10 TSX
20170114 20170902 0.00023607 4.7235e-10 TSX
20170811 20171005 -7.5666e-06 7.4113e-10 TSX
20170822 20180707 -1.8432e-05 4.1387e-10 TSX
20170913 20180707 -0.00010851 4.2551e-10 TSX
20170924 20180319 -0.00023688 5.2322e-10 TSX
20171005 20171107 3.9785e-05 8.0616e-10 TSX
20171016 20180319 -0.0002415 5.5009e-10 TSX
20171027 20180911 6.6207e-05 4.1405e-10 TSX
20171107 20171118 7.6464e-05 9.7738e-10 TSX
20171118 20171129 5.8611e-05 9.7738e-10 TSX
20171129 20171221 1.6535e-05 8.5023e-10 TSX
20171210 20180820 1.3401e-05 4.5352e-10 TSX
20171221 20180911 -2.009e-05 4.4576e-10 TSX
20180112 20181003 0.00015228 4.4574e-10 TSX
20180319 20180707 0.00010612 6.1797e-10 TSX
20180707 20180911 0.00044814 7.1238e-10 TSX
20180729 20181003 0.00024825 7.1239e-10 TSX
20180820 20181003 0.00033269 7.721e-10 TSX
20180911 20181003 -0.00015845 8.5023e-10 TSX
