20030427 20030914 -0.00058138 5.918e-10 ERS2
20030914 20080629 -2.3134e-05 2.7461e-10 ERS2
20050918 20090510 4.5309e-06 3.0158e-10 ERS2
20051127 20081116 1.5962e-05 3.1102e-10 ERS2
20060903 20090510 4.1302e-06 3.0658e-10 ERS2
20061231 20090105 -5.069e-05 3.163e-10 ALOS
20070402 20070703 -0.00032439 6.9706e-10 ALOS
20070518 20091008 -2.2302e-05 3.0128e-10 ALOS
20070818 20071003 -0.00040559 7.9829e-10 ALOS
20071217 20100509 -0.0001025 3.0267e-10 ALOS
20080103 20100526 -4.2106e-05 3.0093e-10 ALOS
20080404 20080520 -6.1173e-05 7.9829e-10 ALOS
20080618 20090921 -0.00016036 3.7758e-10 ALOS
20080629 20090510 -0.00027799 4.1972e-10 ERS2
20080705 20091008 -0.00012867 3.7066e-10 ALOS
20080803 20090823 9.9768e-06 3.871e-10 ERS2
20081116 20090823 -2.8388e-05 4.4208e-10 ERS2
20081219 20090921 0.00020318 4.6007e-10 ALOS
20090105 20090708 -9.4473e-05 5.5128e-10 ALOS
20090510 20091101 -0.00083391 5.4174e-10 ERS2
20090708 20091008 0.00033646 6.9785e-10 ALOS
20090823 20091101 0.0001471 7.2782e-10 ERS2
20091222 20100624 7.7856e-06 5.4845e-10 ALOS
20100108 20100223 -0.00010725 7.9835e-10 ALOS
20100223 20100526 -2.9554e-05 6.9829e-10 ALOS
20100410 20100711 -1.9069e-05 6.9766e-10 ALOS
20100509 20100624 0.00059381 7.9627e-10 ALOS
20100526 20100711 0.00048639 7.983e-10 ALOS
20100624 20101109 -2.0363e-05 6.1246e-10 ALOS
20100711 20101011 -0.00013719 6.977e-10 ALOS
20100809 20101109 -0.00015365 6.9465e-10 ALOS
20101011 20101126 0.00028467 7.983e-10 ALOS
20110111 20110226 0.00064713 7.9829e-10 ALOS
20110924 20130715 9.3042e-06 3.2594e-10 TSX
20111005 20121229 -4.4698e-05 3.7498e-10 TSX
20111121 20171221 -1.5725e-05 2.474e-10 TSX
20111221 20130131 -1.2185e-05 3.9299e-10 TSX
20111224 20121027 1.2857e-05 4.2804e-10 TSX
20120126 20140419 -2.2702e-06 2.9184e-10 TSX
20120203 20160320 -1.9035e-05 2.5432e-10 TSX
20120206 20171107 -1.6178e-05 2.4432e-10 TSX
20120617 20171129 -1.16e-05 2.544e-10 TSX
20120723 20160120 2.8684e-05 2.7141e-10 TSX
20121024 20130109 0.00016602 7.3238e-10 TSX
20121027 20151226 -2.8611e-05 2.6756e-10 TSX
20121030 20130311 3.6938e-06 6.1204e-10 TSX
20121107 20171118 -1.0685e-05 2.5574e-10 TSX
20121221 20160208 -8.1682e-06 2.6861e-10 TSX
20121224 20130516 -5.293e-05 5.9471e-10 TSX
20121229 20130407 -4.0784e-05 6.8805e-10 TSX
20130104 20130217 -4.6993e-05 7.9541e-10 TSX
20130109 20130715 7.8946e-06 5.5213e-10 TSX
20130112 20140511 2.5072e-06 3.5538e-10 TSX
20130115 20130721 -0.00017406 5.3475e-10 TSX
20130126 20130823 -0.00010317 5.0927e-10 TSX
20130131 20130429 -2.3646e-05 7.097e-10 TSX
20130203 20130729 -3.4043e-05 5.4566e-10 TSX
20130211 20130919 5.0047e-05 5.1628e-10 TSX
20130228 20141209 1.68e-05 3.1713e-10 TSX
20130311 20130801 -2.4297e-05 5.9461e-10 TSX
20130316 20130623 1.3109e-05 6.8806e-10 TSX
20130402 20150122 1.6958e-05 2.969e-10 TSX
20130407 20140530 -9.2111e-06 3.8788e-10 TSX
20130421 20171016 -1.2178e-05 2.5562e-10 TSX
20130424 20130721 -0.0002372 6.941e-10 TSX
20130429 20130623 -3.5897e-05 7.8036e-10 TSX
20130505 20131028 -0.0004383 5.4802e-10 TSX
20130513 20151112 -1.7645e-05 2.8199e-10 TSX
20130516 20131017 -8.9219e-05 5.7783e-10 TSX
20130521 20130715 0.00028943 7.8039e-10 TSX
20130524 20171129 -1.1557e-05 2.5518e-10 TSX
20130527 20140627 -3.8246e-05 3.9004e-10 TSX
20130601 20130930 0.00024056 6.48e-10 TSX
20130604 20141217 -1.0846e-06 3.3826e-10 TSX
20130607 20140719 3.0144e-05 3.859e-10 TSX
20130612 20150105 -3.9939e-06 3.4203e-10 TSX
20130615 20160106 7.5556e-06 2.7945e-10 TSX
20130618 20140708 4.6473e-05 3.9491e-10 TSX
20130623 20130715 0.00063103 8.7462e-10 TSX
20130629 20130914 0.00022328 7.1786e-10 TSX
20130707 20150130 -7.7099e-06 3.3853e-10 TSX
20130710 20140901 -2.9049e-05 3.8249e-10 TSX
20130715 20130726 -0.0023815 1.0199e-09 TSX
20130721 20131108 0.00071072 6.5037e-10 TSX
20130726 20150517 -6.2237e-05 3.2614e-10 TSX
20130729 20160904 -1.009e-05 2.7254e-10 TSX
20130801 20151115 2.2834e-05 2.9244e-10 TSX
20130817 20140209 -0.00017928 5.6615e-10 TSX
20130828 20150312 -3.0244e-06 3.4455e-10 TSX
20130903 20150329 -0.00012491 3.1707e-10 TSX
20130919 20160309 -1.9187e-05 2.8123e-10 TSX
20130925 20140708 -6.9329e-06 4.4332e-10 TSX
20130930 20160411 -6.2613e-05 2.7721e-10 TSX
20131011 20150802 -4.3907e-05 3.2329e-10 TSX
20131017 20140719 -6.9189e-05 4.5157e-10 TSX
20131028 20160304 -3.4624e-05 2.6757e-10 TSX
20131102 20140519 -6.8297e-05 5.3999e-10 TSX
20131108 20140708 -1.5398e-05 4.7804e-10 TSX
20140209 20160309 8.4747e-05 3.0968e-10 TSX
20140223 20140829 4.6763e-05 5.3215e-10 TSX
20140408 20140705 -3.3445e-05 6.9279e-10 TSX
20140419 20170913 -1.171e-05 2.6995e-10 TSX
20140511 20141228 -1.7782e-05 4.8574e-10 TSX
20140519 20150824 6.1052e-06 3.7035e-10 TSX
20140624 20171005 -2.5042e-05 2.6681e-10 TSX
20140627 20151115 -1.3782e-05 3.4477e-10 TSX
20140705 20180911 -3.284e-05 2.5815e-10 TSX
20140708 20160406 2.1706e-06 3.1682e-10 TSX
20140716 20171005 -8.9665e-06 2.694e-10 TSX
20140719 20151207 -5.3089e-06 3.4483e-10 TSX
20140727 20150326 -3.194e-05 4.7601e-10 TSX
20140810 20150122 -9.7405e-06 5.6258e-10 TSX
20140818 20160301 -9.3134e-06 3.2646e-10 TSX
20140829 20160208 -1.0161e-05 3.3329e-10 TSX
20140901 20140912 -0.00027008 9.7624e-10 TSX
20140912 20141209 -7.2104e-05 6.9409e-10 TSX
20140920 20170902 -2.9196e-06 2.768e-10 TSX
20141209 20160211 -2.4833e-05 3.6993e-10 TSX
20141217 20160722 -2.6888e-05 3.2035e-10 TSX
20141228 20160106 -3.4309e-05 3.8738e-10 TSX
20141231 20151024 1.9313e-05 4.3642e-10 TSX
20150105 20150824 -1.3943e-05 5.0526e-10 TSX
20150108 20170811 -2.3051e-05 2.8903e-10 TSX
20150119 20160117 2.004e-06 3.9299e-10 TSX
20150127 20160411 -1.9372e-05 3.7718e-10 TSX
20150130 20151112 -5.0639e-05 4.3904e-10 TSX
20150210 20170114 -3.2521e-05 3.0138e-10 TSX
20150213 20160326 5.5143e-05 3.732e-10 TSX
20150218 20160216 -3.1668e-06 4.1205e-10 TSX
20150221 20180112 -6.0897e-06 2.6533e-10 TSX
20150304 20180911 -9.1992e-06 2.6464e-10 TSX
20150307 20160211 1.9194e-05 4.0976e-10 TSX
20150312 20160320 -7.6944e-05 4.065e-10 TSX
20150326 20150827 1.4816e-05 5.7515e-10 TSX
20150329 20151207 -6.2452e-06 4.6927e-10 TSX
20150428 20160425 -1.2711e-05 3.927e-10 TSX
20150509 20150827 4.1444e-05 6.485e-10 TSX
20150517 20150824 -4.9585e-06 6.8805e-10 TSX
20150520 20180911 -2.8385e-05 2.6697e-10 TSX
20150714 20170822 -4.5294e-06 2.9142e-10 TSX
20150725 20170924 -2.7746e-05 2.9075e-10 TSX
20150802 20160309 -5.8494e-05 5.1631e-10 TSX
20150805 20160403 -3.0894e-05 4.7563e-10 TSX
20150816 20171107 -5.8515e-06 2.9151e-10 TSX
20150824 20150915 0.00062658 8.7451e-10 TSX
20150827 20170902 -1.3736e-05 2.9864e-10 TSX
20150915 20160216 -5.2682e-05 5.9593e-10 TSX
20151021 20160904 -8.0621e-05 4.203e-10 TSX
20151101 20171016 -3.0669e-05 3.0026e-10 TSX
20151112 20160425 -9.7086e-07 5.6014e-10 TSX
20151115 20151229 0.00015163 7.9541e-10 TSX
20151123 20171221 -6.1583e-06 2.9562e-10 TSX
20151204 20151215 0.00016095 9.8679e-10 TSX
20151207 20160406 -5.2389e-05 6.306e-10 TSX
20151215 20170822 -1.1009e-05 3.161e-10 TSX
20151226 20161223 2.0413e-06 3.9917e-10 TSX
20151229 20160211 2.3082e-05 7.9541e-10 TSX
20160106 20161223 2.4158e-06 4.0437e-10 TSX
20160117 20160926 -2.8179e-05 4.6642e-10 TSX
20160128 20160301 -0.00019987 8.2497e-10 TSX
20160208 20160312 -8.5135e-05 8.2497e-10 TSX
20160216 20160309 -0.00037348 8.7451e-10 TSX
20160219 20180319 4.4418e-07 2.9942e-10 TSX
20160301 20161201 -7.9731e-06 4.4991e-10 TSX
20160304 20160326 4.8514e-05 8.6119e-10 TSX
20160312 20180319 9.2097e-06 3.0067e-10 TSX
20160320 20160411 0.00041569 8.7452e-10 TSX
20160323 20171118 -5.2747e-06 3.1936e-10 TSX
20160326 20160406 -0.0005272 9.7616e-10 TSX
20160403 20171027 -8.478e-07 3.2472e-10 TSX
20160425 20170811 -2.9531e-06 3.5065e-10 TSX
20160528 20160630 2.5983e-05 8.2497e-10 TSX
20160630 20171118 6.3155e-06 3.4119e-10 TSX
20160722 20161201 2.5383e-05 6.0962e-10 TSX
20160904 20180707 1.1556e-05 3.2223e-10 TSX
20160915 20180911 -2.0317e-05 3.0125e-10 TSX
20160926 20170114 -6.7217e-06 6.4855e-10 TSX
20161201 20171027 6.638e-07 4.1417e-10 TSX
20161223 20171107 -1.8225e-05 4.1775e-10 TSX
20170114 20170902 1.5373e-05 4.8512e-10 TSX
20170811 20171005 -6.3298e-05 7.6839e-10 TSX
20170822 20180707 -1.5224e-06 4.2166e-10 TSX
20170913 20180707 -1.9102e-05 4.3446e-10 TSX
20170924 20180319 5.3692e-05 5.4574e-10 TSX
20171005 20171107 1.4108e-05 8.2497e-10 TSX
20171016 20180319 6.178e-05 5.7564e-10 TSX
20171027 20180911 -5.6144e-05 4.2177e-10 TSX
20171107 20171118 7.9321e-05 9.8679e-10 TSX
20171118 20171129 5.4934e-05 9.8679e-10 TSX
20171129 20171221 3.0509e-06 8.6386e-10 TSX
20171210 20180820 -3.5998e-05 4.6691e-10 TSX
20171221 20180911 -0.00010102 4.5807e-10 TSX
20180112 20181003 -1.4742e-05 4.5806e-10 TSX
20180319 20180707 -4.1064e-05 6.4856e-10 TSX
20180707 20180911 5.2609e-05 7.4211e-10 TSX
20180729 20181003 4.4169e-05 7.4211e-10 TSX
20180820 20181003 0.00017035 7.9567e-10 TSX
20180911 20181003 -0.00013747 8.6387e-10 TSX
