20030427 20030914 0.00014812 5.6472e-10 ERS2
20030914 20080629 -5.1275e-05 2.7635e-10 ERS2
20050918 20090510 -0.00010122 2.9938e-10 ERS2
20051127 20081116 8.4966e-05 3.1298e-10 ERS2
20060903 20090510 4.7677e-05 3.2093e-10 ERS2
20061231 20090105 1.0718e-05 3.1412e-10 ALOS
20070402 20070703 -0.00019985 6.6656e-10 ALOS
20070518 20091008 -4.6558e-05 3.0067e-10 ALOS
20070818 20071003 -0.00025408 7.7602e-10 ALOS
20071217 20100509 -5.2004e-05 3.0566e-10 ALOS
20080103 20100526 -0.00017569 3.0236e-10 ALOS
20080404 20080520 -6.1247e-05 7.7598e-10 ALOS
20080618 20090921 -0.00010654 3.7258e-10 ALOS
20080629 20090510 -0.00037781 4.1319e-10 ERS2
20080705 20091008 -2.5642e-07 3.6483e-10 ALOS
20080803 20090823 -1.266e-06 3.8285e-10 ERS2
20081116 20090823 3.9382e-05 4.3213e-10 ERS2
20081219 20090921 0.00028698 4.4634e-10 ALOS
20090105 20090708 -6.214e-05 5.3176e-10 ALOS
20090510 20091101 0.00020403 5.2035e-10 ERS2
20090708 20091008 0.00057104 6.6641e-10 ALOS
20090823 20091101 -8.2961e-05 6.9881e-10 ERS2
20091222 20100624 0.00046054 5.2821e-10 ALOS
20100108 20100223 0.00051155 7.7617e-10 ALOS
20100223 20100526 -7.3975e-05 6.6826e-10 ALOS
20100410 20100711 -9.8107e-05 6.6707e-10 ALOS
20100509 20100624 0.00075936 7.7392e-10 ALOS
20100526 20100711 0.00065006 7.7603e-10 ALOS
20100624 20101109 8.2638e-05 5.8405e-10 ALOS
20100711 20101011 0.00023505 6.6644e-10 ALOS
20100809 20101109 3.85e-06 6.6371e-10 ALOS
20101011 20101126 6.1334e-05 7.7603e-10 ALOS
20110111 20110226 0.00079479 7.76e-10 ALOS
20110924 20130715 9.8101e-05 3.2428e-10 TSX
20111005 20121229 -5.7023e-05 3.6833e-10 TSX
20111121 20171221 -2.6213e-06 2.8929e-10 TSX
20111221 20130131 6.8179e-05 3.8549e-10 TSX
20111224 20121027 -1.6292e-05 4.1932e-10 TSX
20120126 20140419 -4.5227e-05 2.9688e-10 TSX
20120203 20160320 -7.7335e-06 3.0608e-10 TSX
20120206 20171107 -2.3156e-06 2.8671e-10 TSX
20120617 20171129 -2.5323e-06 2.9505e-10 TSX
20120723 20160120 1.3017e-05 3.8855e-10 TSX
20121024 20130109 4.8598e-05 7.0194e-10 TSX
20121027 20151226 -5.2558e-05 2.9445e-10 TSX
20121030 20130311 1.6295e-05 5.8469e-10 TSX
20121107 20171118 -3.9971e-05 2.9866e-10 TSX
20121221 20160208 -9.7285e-06 2.8626e-10 TSX
20121224 20130516 -2.8677e-05 5.6852e-10 TSX
20121229 20130407 0.00016007 6.5628e-10 TSX
20130104 20130217 0.00013615 7.7365e-10 TSX
20130109 20130715 0.00022561 5.2866e-10 TSX
20130112 20140511 -6.5401e-05 3.5497e-10 TSX
20130115 20130721 -0.00011176 5.1396e-10 TSX
20130126 20130823 6.3526e-05 5.284e-10 TSX
20130131 20130429 -7.9725e-05 6.7824e-10 TSX
20130203 20130729 -5.4403e-05 5.232e-10 TSX
20130211 20130919 9.0571e-05 4.9599e-10 TSX
20130228 20141209 2.7623e-05 3.4055e-10 TSX
20130311 20130801 4.4426e-05 5.6847e-10 TSX
20130316 20130623 0.00015087 6.5628e-10 TSX
20130402 20150122 0.00011717 4.1102e-10 TSX
20130407 20140530 -2.0437e-05 3.8086e-10 TSX
20130421 20171016 4.2358e-06 2.8164e-10 TSX
20130424 20130721 -0.00021754 6.6409e-10 TSX
20130429 20130623 -3.2304e-06 7.5485e-10 TSX
20130505 20131028 -0.00045206 6.056e-10 TSX
20130513 20151112 -2.0502e-05 3.0225e-10 TSX
20130516 20131017 -0.0002582 5.8414e-10 TSX
20130521 20130715 0.00035617 7.5487e-10 TSX
20130524 20171129 -2.5457e-05 2.9478e-10 TSX
20130527 20140627 8.3392e-06 3.8359e-10 TSX
20130601 20130930 0.00022946 6.171e-10 TSX
20130604 20141217 -2.5353e-05 3.4442e-10 TSX
20130607 20140719 9.0238e-06 3.7977e-10 TSX
20130612 20150105 7.7112e-06 3.4146e-10 TSX
20130615 20160106 -3.1238e-05 2.8848e-10 TSX
20130618 20140708 1.572e-05 3.8804e-10 TSX
20130623 20130715 0.00073582 8.6352e-10 TSX
20130629 20130914 0.00034616 7.2341e-10 TSX
20130707 20150130 -2.3593e-05 3.3875e-10 TSX
20130710 20140901 2.4711e-05 3.7686e-10 TSX
20130715 20130726 -0.0024775 1.0129e-09 TSX
20130721 20131108 0.0012713 6.493e-10 TSX
20130726 20150517 2.6623e-05 3.6357e-10 TSX
20130729 20160904 -5.6573e-05 2.9625e-10 TSX
20130801 20151115 -2.6753e-06 3.7375e-10 TSX
20130817 20140209 2.2277e-05 5.4102e-10 TSX
20130828 20150312 5.1732e-05 3.6105e-10 TSX
20130903 20150329 -5.8622e-05 4.368e-10 TSX
20130919 20160309 7.4946e-05 2.9953e-10 TSX
20130925 20140708 5.5654e-05 4.769e-10 TSX
20130930 20160411 5.1796e-05 3.3915e-10 TSX
20131011 20150802 1.4099e-05 3.3612e-10 TSX
20131017 20140719 3.8112e-05 4.5664e-10 TSX
20131028 20160304 -6.6535e-05 3.0053e-10 TSX
20131102 20140519 -0.0001161 5.1714e-10 TSX
20131108 20140708 -6.97e-06 5.2776e-10 TSX
20140209 20160309 1.0376e-05 3.1453e-10 TSX
20140223 20140829 2.9378e-05 5.112e-10 TSX
20140408 20140705 4.0248e-06 6.6156e-10 TSX
20140419 20170913 1.1012e-05 2.8065e-10 TSX
20140511 20141228 4.9074e-05 4.7023e-10 TSX
20140519 20150824 7.1615e-05 3.9252e-10 TSX
20140624 20171005 4.0608e-05 2.963e-10 TSX
20140627 20151115 -9.374e-06 3.8192e-10 TSX
20140705 20180911 -4.7563e-05 2.9037e-10 TSX
20140708 20160406 -8.4961e-06 3.41e-10 TSX
20140716 20171005 -2.0607e-05 3.0359e-10 TSX
20140719 20151207 7.3464e-06 3.8479e-10 TSX
20140727 20150326 -3.9515e-05 4.6165e-10 TSX
20140810 20150122 -0.00011946 5.4693e-10 TSX
20140818 20160301 -1.5791e-05 3.2783e-10 TSX
20140829 20160208 -2.349e-05 3.4447e-10 TSX
20140901 20140912 -0.00031744 9.6909e-10 TSX
20140912 20141209 -0.0001244 6.641e-10 TSX
20140920 20170902 -3.9461e-05 3.0049e-10 TSX
20141209 20160211 -2.3975e-05 3.8868e-10 TSX
20141217 20160722 -3.8845e-05 3.3976e-10 TSX
20141228 20160106 -5.3375e-05 3.8655e-10 TSX
20141231 20151024 7.8034e-05 4.3102e-10 TSX
20150105 20150824 1.0443e-05 4.9325e-10 TSX
20150108 20170811 -3.8473e-05 3.0949e-10 TSX
20150119 20160117 -1.6653e-05 3.8953e-10 TSX
20150127 20160411 6.1081e-05 3.9052e-10 TSX
20150130 20151112 -2.7282e-05 4.3236e-10 TSX
20150210 20170114 -4.1809e-05 3.2025e-10 TSX
20150213 20160326 -5.2144e-05 3.9592e-10 TSX
20150218 20160216 3.6571e-05 4.0977e-10 TSX
20150221 20180112 0.00010663 3.0376e-10 TSX
20150304 20180911 -1.7847e-05 2.7586e-10 TSX
20150307 20160211 2.3736e-05 4.194e-10 TSX
20150312 20160320 8.0131e-06 4.0797e-10 TSX
20150326 20150827 -4.6218e-06 5.5005e-10 TSX
20150329 20151207 -3.3803e-05 4.5722e-10 TSX
20150428 20160425 -1.225e-05 3.9036e-10 TSX
20150509 20150827 4.4032e-05 6.1854e-10 TSX
20150517 20150824 8.0352e-05 6.5652e-10 TSX
20150520 20180911 -3.896e-05 2.8361e-10 TSX
20150714 20170822 -2.2248e-05 3.2986e-10 TSX
20150725 20170924 -4.8318e-06 3.0764e-10 TSX
20150802 20160309 -0.0001571 5.0503e-10 TSX
20150805 20160403 -5.2739e-05 4.6592e-10 TSX
20150816 20171107 -1.8027e-05 3.0773e-10 TSX
20150824 20150915 0.00083544 8.6343e-10 TSX
20150827 20170902 -1.4667e-05 3.2025e-10 TSX
20150915 20160216 -0.00031249 5.6927e-10 TSX
20151021 20160904 -9.0151e-05 4.1432e-10 TSX
20151101 20171016 -1.8247e-05 3.0891e-10 TSX
20151112 20160425 -7.5897e-05 5.3683e-10 TSX
20151115 20151229 9.4826e-05 7.7364e-10 TSX
20151123 20171221 -1.2809e-05 3.0661e-10 TSX
20151204 20151215 0.00015041 9.7944e-10 TSX
20151207 20160406 -9.6571e-05 6.0236e-10 TSX
20151215 20170822 2.5045e-05 3.2075e-10 TSX
20151226 20161223 -8.4001e-07 3.967e-10 TSX
20151229 20160211 -6.3396e-05 7.7364e-10 TSX
20160106 20161223 2.966e-05 3.9954e-10 TSX
20160117 20160926 4.0309e-06 4.5551e-10 TSX
20160128 20160301 -0.0001113 8.0759e-10 TSX
20160208 20160312 -0.0001663 8.0759e-10 TSX
20160216 20160309 -0.00040888 8.6342e-10 TSX
20160219 20180319 -2.7432e-05 3.1618e-10 TSX
20160301 20161201 -6.3487e-06 4.3992e-10 TSX
20160304 20160326 8.9062e-05 8.4966e-10 TSX
20160312 20180319 -1.4239e-05 3.103e-10 TSX
20160320 20160411 0.00036028 8.6344e-10 TSX
20160323 20171118 -1.2825e-05 3.2328e-10 TSX
20160326 20160406 -0.00054805 9.6902e-10 TSX
20160403 20171027 -1.4591e-05 3.307e-10 TSX
20160425 20170811 -1.3236e-05 3.4997e-10 TSX
20160528 20160630 2.3421e-05 8.0759e-10 TSX
20160630 20171118 -1.72e-05 3.4371e-10 TSX
20160722 20161201 7.1666e-05 5.8147e-10 TSX
20160904 20180707 -5.5778e-05 3.2626e-10 TSX
20160915 20180911 -7.7431e-05 3.0609e-10 TSX
20160926 20170114 5.0757e-06 6.1823e-10 TSX
20161201 20171027 -2.0887e-05 4.0734e-10 TSX
20161223 20171107 -2.0126e-05 4.1078e-10 TSX
20170114 20170902 1.6351e-05 4.7068e-10 TSX
20170811 20171005 -2.8979e-05 7.4189e-10 TSX
20170822 20180707 -0.00013011 4.1379e-10 TSX
20170913 20180707 -0.00015485 4.2644e-10 TSX
20170924 20180319 6.4908e-05 5.2329e-10 TSX
20171005 20171107 7.0934e-05 8.0759e-10 TSX
20171016 20180319 8.5071e-05 5.5019e-10 TSX
20171027 20180911 -0.00012376 4.1379e-10 TSX
20171107 20171118 8.6209e-05 9.7944e-10 TSX
20171118 20171129 3.8375e-05 9.7944e-10 TSX
20171129 20171221 -5.3852e-05 8.5202e-10 TSX
20171210 20180820 -0.00020138 4.535e-10 TSX
20171221 20180911 -0.00010902 4.4575e-10 TSX
20180112 20181003 2.9292e-06 4.4642e-10 TSX
20180319 20180707 -0.00041868 6.1816e-10 TSX
20180707 20180911 0.00012557 7.1293e-10 TSX
20180729 20181003 0.0001086 7.1293e-10 TSX
20180820 20181003 0.00027217 7.7316e-10 TSX
20180911 20181003 -8.4284e-05 8.5202e-10 TSX
