20030427 20030914 0.00034429 5.654e-10 ERS2
20030914 20080629 -5.739e-05 2.8313e-10 ERS2
20050918 20090510 1.1442e-05 3.0398e-10 ERS2
20051127 20081116 0.00020255 3.2035e-10 ERS2
20060903 20090510 1.5542e-05 3.1554e-10 ERS2
20061231 20090105 -5.546e-05 3.1491e-10 ALOS
20070402 20070703 1.399e-05 6.6663e-10 ALOS
20070518 20091008 -6.4754e-05 3.1027e-10 ALOS
20070818 20071003 -0.00045334 7.7747e-10 ALOS
20071217 20100509 -4.162e-05 3.0299e-10 ALOS
20080103 20100526 -0.00010075 3.1443e-10 ALOS
20080404 20080520 7.0308e-05 7.7781e-10 ALOS
20080618 20090921 -4.3075e-05 3.7111e-10 ALOS
20080629 20090510 0.00013811 4.1386e-10 ERS2
20080705 20091008 1.0519e-05 3.6832e-10 ALOS
20080803 20090823 -1.5319e-05 3.8397e-10 ERS2
20081116 20090823 -5.6256e-05 4.3215e-10 ERS2
20081219 20090921 0.00022533 4.467e-10 ALOS
20090105 20090708 0.00014257 5.3049e-10 ALOS
20090510 20091101 0.00038705 5.2218e-10 ERS2
20090708 20091008 0.00018514 6.6645e-10 ALOS
20090823 20091101 -0.00032243 6.9883e-10 ERS2
20091222 20100624 0.00030429 5.2667e-10 ALOS
20100108 20100223 0.00033232 7.7909e-10 ALOS
20100223 20100526 0.00017001 6.6812e-10 ALOS
20100410 20100711 8.1753e-05 6.6815e-10 ALOS
20100509 20100624 0.00058023 7.7521e-10 ALOS
20100526 20100711 0.00049512 7.7743e-10 ALOS
20100624 20101109 1.5031e-05 5.8414e-10 ALOS
20100711 20101011 -0.00021147 6.6682e-10 ALOS
20100809 20101109 6.8545e-05 6.6395e-10 ALOS
20101011 20101126 0.0002993 7.7741e-10 ALOS
20110111 20110226 0.00065953 7.774e-10 ALOS
20110924 20130715 6.7558e-06 3.2429e-10 TSX
20111005 20121229 -1.5959e-05 3.6977e-10 TSX
20111121 20171221 -2.4891e-06 2.4432e-10 TSX
20111221 20130131 -1.093e-06 3.8545e-10 TSX
20111224 20121027 1.5219e-05 4.1894e-10 TSX
20120126 20140419 7.5194e-06 2.9207e-10 TSX
20120203 20160320 2.6961e-05 2.4506e-10 TSX
20120206 20171107 1.603e-06 2.5271e-10 TSX
20120617 20171129 2.3412e-07 2.4229e-10 TSX
20120723 20160120 5.8457e-05 2.7724e-10 TSX
20121024 20130109 -3.6398e-05 7.0274e-10 TSX
20121027 20151226 -2.3914e-06 2.6771e-10 TSX
20121030 20130311 5.963e-05 5.8475e-10 TSX
20121107 20171118 4.9614e-06 2.4519e-10 TSX
20121221 20160208 9.348e-06 2.6868e-10 TSX
20121224 20130516 -5.6034e-06 5.6857e-10 TSX
20121229 20130407 3.5381e-06 6.5657e-10 TSX
20130104 20130217 9.2645e-05 7.7476e-10 TSX
20130109 20130715 6.3065e-05 5.2978e-10 TSX
20130112 20140511 1.7747e-06 3.5395e-10 TSX
20130115 20130721 3.0652e-05 5.1403e-10 TSX
20130126 20130823 6.2121e-05 5.3808e-10 TSX
20130131 20130429 0.00011177 6.7865e-10 TSX
20130203 20130729 -3.3481e-06 5.2319e-10 TSX
20130211 20130919 -3.9893e-05 4.9618e-10 TSX
20130228 20141209 1.2307e-05 3.1133e-10 TSX
20130311 20130801 -6.9666e-05 5.6854e-10 TSX
20130316 20130623 8.0523e-05 6.5658e-10 TSX
20130402 20150122 -0.0001302 3.6717e-10 TSX
20130407 20140530 3.9932e-05 3.8075e-10 TSX
20130421 20171016 1.6191e-06 2.4674e-10 TSX
20130424 20130721 -4.967e-05 6.643e-10 TSX
20130429 20130623 -8.2053e-05 7.5607e-10 TSX
20130505 20131028 9.3129e-05 5.8567e-10 TSX
20130513 20151112 2.5646e-05 2.7673e-10 TSX
20130516 20131017 -5.4898e-05 5.7251e-10 TSX
20130521 20130715 4.3333e-05 7.561e-10 TSX
20130524 20171129 1.6466e-05 2.5012e-10 TSX
20130527 20140627 1.2039e-05 3.8409e-10 TSX
20130601 20130930 -5.9237e-05 6.1729e-10 TSX
20130604 20141217 5.9843e-06 3.369e-10 TSX
20130607 20140719 4.6037e-06 3.8023e-10 TSX
20130612 20150105 2.1984e-05 3.398e-10 TSX
20130615 20160106 2.6019e-05 2.7958e-10 TSX
20130618 20140708 -1.4919e-05 3.8842e-10 TSX
20130623 20130715 0.00058078 8.6553e-10 TSX
20130629 20130914 4.4797e-05 6.9598e-10 TSX
20130707 20150130 2.1571e-06 3.3887e-10 TSX
20130710 20140901 -3.1743e-05 3.7667e-10 TSX
20130715 20130726 -0.0024031 1.015e-09 TSX
20130721 20131108 -0.00013003 6.4529e-10 TSX
20130726 20150517 4.0328e-05 3.2224e-10 TSX
20130729 20160904 -1.1656e-05 2.6318e-10 TSX
20130801 20151115 9.6546e-07 2.8792e-10 TSX
20130817 20140209 3.29e-05 5.4125e-10 TSX
20130828 20150312 -2.0787e-05 3.4185e-10 TSX
20130903 20150329 1.8409e-05 3.4915e-10 TSX
20130919 20160309 2.8817e-05 2.7557e-10 TSX
20130925 20140708 -2.817e-05 4.9725e-10 TSX
20130930 20160411 2.7697e-05 2.722e-10 TSX
20131011 20150802 -4.1577e-06 3.2157e-10 TSX
20131017 20140719 1.3648e-05 4.6953e-10 TSX
20131028 20160304 1.1264e-05 3.8499e-10 TSX
20131102 20140519 7.1362e-05 5.1735e-10 TSX
20131108 20140708 -0.00019993 5.0368e-10 TSX
20140209 20160309 4.0545e-06 3.0619e-10 TSX
20140223 20140829 -1.8413e-06 5.1112e-10 TSX
20140408 20140705 1.1109e-05 6.6141e-10 TSX
20140419 20170913 1.8887e-05 2.5609e-10 TSX
20140511 20141228 1.4412e-05 4.7017e-10 TSX
20140519 20150824 4.8162e-06 3.658e-10 TSX
20140624 20171005 4.1038e-06 2.6253e-10 TSX
20140627 20151115 -1.493e-05 3.3993e-10 TSX
20140705 20180911 -4.905e-06 2.5708e-10 TSX
20140708 20160406 -3.2398e-06 3.1011e-10 TSX
20140716 20171005 1.3293e-05 2.6246e-10 TSX
20140719 20151207 -4.12e-05 3.411e-10 TSX
20140727 20150326 -6.7289e-06 4.617e-10 TSX
20140810 20150122 9.6089e-05 5.4839e-10 TSX
20140818 20160301 1.6312e-05 3.2832e-10 TSX
20140829 20160208 1.3614e-05 3.3176e-10 TSX
20140901 20140912 -0.00026055 9.7085e-10 TSX
20140912 20141209 -4.9991e-06 6.6428e-10 TSX
20140920 20170902 6.4161e-06 2.6659e-10 TSX
20141209 20160211 -3.1604e-05 3.6555e-10 TSX
20141217 20160722 1.6105e-05 3.1913e-10 TSX
20141228 20160106 3.5897e-05 3.8225e-10 TSX
20141231 20151024 -5.0216e-05 4.2581e-10 TSX
20150105 20150824 -1.9512e-05 4.8748e-10 TSX
20150108 20170811 5.2084e-06 2.7363e-10 TSX
20150119 20160117 2.7066e-05 3.8758e-10 TSX
20150127 20160411 -3.5295e-06 3.7357e-10 TSX
20150130 20151112 3.4818e-05 4.2877e-10 TSX
20150210 20170114 1.2742e-05 2.9884e-10 TSX
20150213 20160326 8.5927e-05 4.4214e-10 TSX
20150218 20160216 -1.7784e-05 4.0297e-10 TSX
20150221 20180112 3.5739e-05 2.963e-10 TSX
20150304 20180911 -3.8079e-06 2.5324e-10 TSX
20150307 20160211 -3.0227e-05 4.0153e-10 TSX
20150312 20160320 3.3408e-05 3.9819e-10 TSX
20150326 20150827 3.7629e-05 5.4994e-10 TSX
20150329 20151207 -6.6394e-05 4.5551e-10 TSX
20150428 20160425 2.0567e-05 3.8666e-10 TSX
20150509 20150827 4.2222e-05 6.1861e-10 TSX
20150517 20150824 -0.00028374 6.5768e-10 TSX
20150520 20180911 -8.0512e-06 2.5789e-10 TSX
20150714 20170822 5.0496e-06 2.913e-10 TSX
20150725 20170924 8.5035e-06 2.8676e-10 TSX
20150802 20160309 2.7819e-05 4.962e-10 TSX
20150805 20160403 -4.6417e-05 4.6133e-10 TSX
20150816 20171107 1.2976e-05 2.8915e-10 TSX
20150824 20150915 0.00047829 8.6544e-10 TSX
20150827 20170902 1.2742e-05 2.9575e-10 TSX
20150915 20160216 7.959e-05 5.6843e-10 TSX
20151021 20160904 -3.086e-05 4.117e-10 TSX
20151101 20171016 -2.6391e-06 3.0044e-10 TSX
20151112 20160425 -9.5686e-06 5.3615e-10 TSX
20151115 20151229 0.000112 7.7476e-10 TSX
20151123 20171221 1.3793e-05 2.9369e-10 TSX
20151204 20151215 0.0001591 9.8075e-10 TSX
20151207 20160406 -6.9674e-06 6.0224e-10 TSX
20151215 20170822 2.3117e-06 3.1505e-10 TSX
20151226 20161223 8.2974e-06 3.9344e-10 TSX
20151229 20160211 1.5206e-05 7.7476e-10 TSX
20160106 20161223 5.5849e-06 3.9818e-10 TSX
20160117 20160926 1.542e-05 4.5326e-10 TSX
20160128 20160301 -0.00011992 8.0839e-10 TSX
20160208 20160312 -7.7568e-05 8.0839e-10 TSX
20160216 20160309 -0.00027837 8.6544e-10 TSX
20160219 20180319 3.2444e-06 2.9744e-10 TSX
20160301 20161201 2.4074e-05 4.3872e-10 TSX
20160304 20160326 7.8228e-06 8.5133e-10 TSX
20160312 20180319 5.1028e-07 2.9988e-10 TSX
20160320 20160411 0.00037108 8.6545e-10 TSX
20160323 20171118 1.2473e-05 3.1786e-10 TSX
20160326 20160406 -0.0004744 9.7077e-10 TSX
20160403 20171027 2.4072e-05 3.2387e-10 TSX
20160425 20170811 2.365e-05 3.4655e-10 TSX
20160528 20160630 -1.3362e-05 8.0839e-10 TSX
20160630 20171118 1.6275e-05 3.3826e-10 TSX
20160722 20161201 6.6232e-05 5.813e-10 TSX
20160904 20180707 1.5161e-05 3.2319e-10 TSX
20160915 20180911 1.3342e-05 2.9967e-10 TSX
20160926 20170114 5.6962e-06 6.1798e-10 TSX
20161201 20171027 3.9879e-06 4.0674e-10 TSX
20161223 20171107 -1.8951e-05 4.0872e-10 TSX
20170114 20170902 2.3983e-05 4.688e-10 TSX
20170811 20171005 -3.4878e-05 7.4213e-10 TSX
20170822 20180707 -1.2852e-05 4.1305e-10 TSX
20170913 20180707 -3.867e-05 4.2481e-10 TSX
20170924 20180319 -2.5382e-05 5.2324e-10 TSX
20171005 20171107 6.8786e-05 8.0839e-10 TSX
20171016 20180319 3.6576e-07 5.5011e-10 TSX
20171027 20180911 -1.3954e-05 4.1318e-10 TSX
20171107 20171118 7.4245e-05 9.8075e-10 TSX
20171118 20171129 5.4676e-05 9.8075e-10 TSX
20171129 20171221 -1.4569e-05 8.5311e-10 TSX
20171210 20180820 -2.027e-05 4.537e-10 TSX
20171221 20180911 -2.9911e-05 4.4597e-10 TSX
20180112 20181003 2.4743e-05 4.4594e-10 TSX
20180319 20180707 -5.5591e-05 6.18e-10 TSX
20180707 20180911 0.00010512 7.1298e-10 TSX
20180729 20181003 4.3667e-05 7.1298e-10 TSX
20180820 20181003 0.00010533 7.7366e-10 TSX
20180911 20181003 -0.00012202 8.5311e-10 TSX
