20030427 20030914 0.0005174 5.6516e-10 ERS2
20030914 20080629 -0.00011223 2.6996e-10 ERS2
20050918 20090510 -1.2927e-06 2.9888e-10 ERS2
20051127 20081116 2.6699e-06 3.0845e-10 ERS2
20060903 20090510 -0.00021042 3.0568e-10 ERS2
20061231 20090105 -0.00019035 3.1347e-10 ALOS
20070402 20070703 -0.00018014 6.6627e-10 ALOS
20070518 20091008 -0.00026195 2.9683e-10 ALOS
20070818 20071003 -0.00027114 7.7503e-10 ALOS
20071217 20100509 -0.0001769 3.0014e-10 ALOS
20080103 20100526 -0.00024887 2.9793e-10 ALOS
20080404 20080520 5.2166e-05 7.7503e-10 ALOS
20080618 20090921 -9.4109e-05 3.7222e-10 ALOS
20080629 20090510 -0.0003167 4.1337e-10 ERS2
20080705 20091008 -0.00015528 3.6498e-10 ALOS
20080803 20090823 -2.8537e-05 3.8314e-10 ERS2
20081116 20090823 -4.2511e-07 4.3241e-10 ERS2
20081219 20090921 0.00044349 4.46e-10 ALOS
20090105 20090708 9.8914e-05 5.2819e-10 ALOS
20090510 20091101 0.00069886 5.2101e-10 ERS2
20090708 20091008 0.00081783 6.6622e-10 ALOS
20090823 20091101 -1.6553e-06 6.9853e-10 ERS2
20091222 20100624 0.0006015 5.2525e-10 ALOS
20100108 20100223 0.00067595 7.7516e-10 ALOS
20100223 20100526 3.9257e-05 6.6616e-10 ALOS
20100410 20100711 -0.0001099 6.6628e-10 ALOS
20100509 20100624 0.00054527 7.7306e-10 ALOS
20100526 20100711 0.00045262 7.7504e-10 ALOS
20100624 20101109 8.6385e-05 5.8397e-10 ALOS
20100711 20101011 0.00017584 6.6626e-10 ALOS
20100809 20101109 2.9341e-05 6.6354e-10 ALOS
20101011 20101126 0.00028168 7.7503e-10 ALOS
20110111 20110226 0.00078317 7.7503e-10 ALOS
20110924 20130715 4.9319e-05 3.242e-10 TSX
20111005 20121229 -9.6401e-05 3.6862e-10 TSX
20111121 20171221 3.8252e-05 3.3576e-10 TSX
20111221 20130131 -7.0878e-05 3.853e-10 TSX
20111224 20121027 -5.2424e-05 4.1935e-10 TSX
20120126 20140419 -1.505e-05 2.9084e-10 TSX
20120203 20160320 4.1606e-05 2.5285e-10 TSX
20120206 20171107 3.1719e-05 2.9837e-10 TSX
20120617 20171129 -1.3086e-05 3.1908e-10 TSX
20120723 20160120 5.3797e-05 2.9387e-10 TSX
20121024 20130109 6.3204e-05 7.0154e-10 TSX
20121027 20151226 -2.0168e-05 2.8142e-10 TSX
20121030 20130311 3.3415e-05 5.8465e-10 TSX
20121107 20171118 -1.7836e-06 3.216e-10 TSX
20121221 20160208 3.3769e-05 2.831e-10 TSX
20121224 20130516 -2.6159e-05 5.6848e-10 TSX
20121229 20130407 0.00028715 6.5606e-10 TSX
20130104 20130217 0.00018987 7.7304e-10 TSX
20130109 20130715 1.7576e-05 5.2826e-10 TSX
20130112 20140511 -6.8035e-05 3.5436e-10 TSX
20130115 20130721 -0.00021485 5.1398e-10 TSX
20130126 20130823 -8.8287e-05 5.2261e-10 TSX
20130131 20130429 -9.6426e-05 6.7795e-10 TSX
20130203 20130729 -8.2636e-05 5.2313e-10 TSX
20130211 20130919 -8.178e-05 4.9593e-10 TSX
20130228 20141209 3.1217e-05 3.1644e-10 TSX
20130311 20130801 -1.6881e-05 5.6846e-10 TSX
20130316 20130623 7.0696e-05 6.5607e-10 TSX
20130402 20150122 1.5203e-06 3.4685e-10 TSX
20130407 20140530 -0.00015927 3.8066e-10 TSX
20130421 20171016 3.5035e-05 2.9827e-10 TSX
20130424 20130721 -0.00029131 6.6401e-10 TSX
20130429 20130623 1.2483e-05 7.5401e-10 TSX
20130505 20131028 -0.00022928 5.8376e-10 TSX
20130513 20151112 -1.4321e-05 2.9452e-10 TSX
20130516 20131017 -0.00030919 5.8453e-10 TSX
20130521 20130715 4.657e-05 7.5403e-10 TSX
20130524 20171129 2.7143e-05 2.9425e-10 TSX
20130527 20140627 -5.9107e-05 3.8331e-10 TSX
20130601 20130930 4.1949e-06 6.1697e-10 TSX
20130604 20141217 -2.4486e-05 3.3925e-10 TSX
20130607 20140719 -8.6997e-06 3.7978e-10 TSX
20130612 20150105 -8.6967e-05 3.3971e-10 TSX
20130615 20160106 -9.7613e-06 2.8542e-10 TSX
20130618 20140708 -9.4469e-05 3.8772e-10 TSX
20130623 20130715 0.00054058 8.6118e-10 TSX
20130629 20130914 0.00015105 6.8951e-10 TSX
20130707 20150130 -4.2669e-05 3.3845e-10 TSX
20130710 20140901 -6.8483e-05 3.7628e-10 TSX
20130715 20130726 -0.0024635 1.0101e-09 TSX
20130721 20131108 0.00073954 6.3162e-10 TSX
20130726 20150517 0.00011484 3.2556e-10 TSX
20130729 20160904 -4.6572e-07 2.8475e-10 TSX
20130801 20151115 6.3767e-05 3.0636e-10 TSX
20130817 20140209 0.0001311 5.4096e-10 TSX
20130828 20150312 4.0423e-05 3.4209e-10 TSX
20130903 20150329 -7.908e-05 3.6952e-10 TSX
20130919 20160309 4.2085e-05 2.9329e-10 TSX
20130925 20140708 9.5454e-05 4.3266e-10 TSX
20130930 20160411 0.00013647 3.0197e-10 TSX
20131011 20150802 -2.6832e-05 3.2966e-10 TSX
20131017 20140719 -3.7965e-05 4.3905e-10 TSX
20131028 20160304 -4.3951e-05 4.0757e-10 TSX
20131102 20140519 -0.00019961 5.171e-10 TSX
20131108 20140708 1.6124e-05 4.6589e-10 TSX
20140209 20160309 -5.4855e-05 3.1819e-10 TSX
20140223 20140829 -8.3097e-05 5.1111e-10 TSX
20140408 20140705 -4.4408e-05 6.6129e-10 TSX
20140419 20170913 2.7357e-05 2.9827e-10 TSX
20140511 20141228 1.1118e-05 4.7007e-10 TSX
20140519 20150824 6.1884e-05 3.7117e-10 TSX
20140624 20171005 7.085e-05 2.9879e-10 TSX
20140627 20151115 0.00010618 3.4738e-10 TSX
20140705 20180911 2.1403e-05 2.9271e-10 TSX
20140708 20160406 2.0369e-05 3.2536e-10 TSX
20140716 20171005 2.5503e-05 3.017e-10 TSX
20140719 20151207 -5.7664e-05 3.4871e-10 TSX
20140727 20150326 -0.00010623 4.6155e-10 TSX
20140810 20150122 -2.1089e-05 5.3935e-10 TSX
20140818 20160301 7.0635e-06 3.2803e-10 TSX
20140829 20160208 6.1881e-06 3.3389e-10 TSX
20140901 20140912 -0.00031875 9.6706e-10 TSX
20140912 20141209 0.00010438 6.6401e-10 TSX
20140920 20170902 -3.209e-05 3.2522e-10 TSX
20141209 20160211 -4.0486e-05 3.6853e-10 TSX
20141217 20160722 2.3201e-06 3.2566e-10 TSX
20141228 20160106 3.7289e-06 3.8301e-10 TSX
20141231 20151024 -3.8262e-05 4.2545e-10 TSX
20150105 20150824 -2.6784e-05 4.8866e-10 TSX
20150108 20170811 2.9356e-05 2.9548e-10 TSX
20150119 20160117 1.3415e-05 3.8762e-10 TSX
20150127 20160411 3.9522e-05 3.8346e-10 TSX
20150130 20151112 -1.0628e-05 4.2999e-10 TSX
20150210 20170114 6.2052e-05 3.139e-10 TSX
20150213 20160326 0.00012106 4.7873e-10 TSX
20150218 20160216 -6.3204e-05 4.0425e-10 TSX
20150221 20180112 -5.1827e-06 3.1993e-10 TSX
20150304 20180911 -4.8261e-05 3.1703e-10 TSX
20150307 20160211 -5.2203e-05 4.0165e-10 TSX
20150312 20160320 -7.2298e-05 3.9778e-10 TSX
20150326 20150827 -1.6976e-05 5.5047e-10 TSX
20150329 20151207 -6.1001e-05 4.5618e-10 TSX
20150428 20160425 5.9513e-06 3.9701e-10 TSX
20150509 20150827 -6.1731e-05 6.1906e-10 TSX
20150517 20150824 -0.00014321 6.5645e-10 TSX
20150520 20180911 8.0335e-06 3.0559e-10 TSX
20150714 20170822 -2.1359e-05 3.0214e-10 TSX
20150725 20170924 3.2269e-05 3.0023e-10 TSX
20150802 20160309 -3.6829e-05 4.9601e-10 TSX
20150805 20160403 -3.6055e-05 4.6116e-10 TSX
20150816 20171107 -2.6613e-05 2.9539e-10 TSX
20150824 20150915 0.00071598 8.6108e-10 TSX
20150827 20170902 -7.8772e-06 3.0284e-10 TSX
20150915 20160216 -0.00015411 5.6821e-10 TSX
20151021 20160904 -0.00010299 4.1209e-10 TSX
20151101 20171016 -4.8162e-05 3.0277e-10 TSX
20151112 20160425 7.4753e-06 5.361e-10 TSX
20151115 20151229 0.00013865 7.7304e-10 TSX
20151123 20171221 -3.7495e-06 2.987e-10 TSX
20151204 20151215 0.0001735 9.7731e-10 TSX
20151207 20160406 -8.0925e-05 6.0214e-10 TSX
20151215 20170822 -3.7479e-06 3.1451e-10 TSX
20151226 20161223 -6.582e-05 3.9368e-10 TSX
20151229 20160211 7.1032e-05 7.7304e-10 TSX
20160106 20161223 -5.8084e-05 3.9807e-10 TSX
20160117 20160926 -2.0639e-05 4.5305e-10 TSX
20160128 20160301 -0.00018921 8.0618e-10 TSX
20160208 20160312 -8.2202e-05 8.0618e-10 TSX
20160216 20160309 -0.00039294 8.6108e-10 TSX
20160219 20180319 -4.9944e-05 2.9801e-10 TSX
20160301 20161201 -5.2296e-05 4.3869e-10 TSX
20160304 20160326 6.901e-05 8.4812e-10 TSX
20160312 20180319 -7.0514e-05 3.012e-10 TSX
20160320 20160411 0.00046587 8.6109e-10 TSX
20160323 20171118 -2.5704e-05 3.1691e-10 TSX
20160326 20160406 -0.0004812 9.6699e-10 TSX
20160403 20171027 1.4526e-05 3.2302e-10 TSX
20160425 20170811 -6.9643e-06 3.4593e-10 TSX
20160528 20160630 -1.4332e-05 8.0618e-10 TSX
20160630 20171118 -1.2123e-05 3.3886e-10 TSX
20160722 20161201 -1.5802e-05 5.8134e-10 TSX
20160904 20180707 -1.5095e-05 3.2298e-10 TSX
20160915 20180911 -4.6011e-05 3.0172e-10 TSX
20160926 20170114 -2.7565e-05 6.1798e-10 TSX
20161201 20171027 -5.2208e-05 4.0705e-10 TSX
20161223 20171107 -2.7999e-05 4.0917e-10 TSX
20170114 20170902 -8.9937e-05 4.6867e-10 TSX
20170811 20171005 -8.4303e-05 7.4118e-10 TSX
20170822 20180707 -0.00013881 4.1387e-10 TSX
20170913 20180707 -0.00018117 4.2497e-10 TSX
20170924 20180319 -0.0001532 5.2321e-10 TSX
20171005 20171107 4.0881e-05 8.0618e-10 TSX
20171016 20180319 -0.00018994 5.5009e-10 TSX
20171027 20180911 -0.00012597 4.1382e-10 TSX
20171107 20171118 6.2851e-05 9.7731e-10 TSX
20171118 20171129 3.8825e-05 9.7731e-10 TSX
20171129 20171221 -3.2841e-05 8.502e-10 TSX
20171210 20180820 -0.00014383 4.5347e-10 TSX
20171221 20180911 -1.0172e-06 4.4568e-10 TSX
20180112 20181003 -0.00010671 4.4565e-10 TSX
20180319 20180707 -0.00015152 6.1799e-10 TSX
20180707 20180911 0.0001863 7.1243e-10 TSX
20180729 20181003 4.727e-05 7.1243e-10 TSX
20180820 20181003 0.00016396 7.7214e-10 TSX
20180911 20181003 -0.00011761 8.502e-10 TSX
