20030427 20030914 0.00038918 5.9397e-10 ERS2
20030914 20080629 -0.00010396 2.9915e-10 ERS2
20050918 20090510 -2.1008e-05 3.0272e-10 ERS2
20051127 20081116 1.9925e-05 3.0751e-10 ERS2
20060903 20090510 -6.6818e-05 3.0984e-10 ERS2
20061231 20090105 -6.2178e-05 3.1053e-10 ALOS
20070402 20070703 -0.00014654 6.9599e-10 ALOS
20070518 20091008 -1.7684e-05 3.1404e-10 ALOS
20070818 20071003 -0.00046181 7.9734e-10 ALOS
20071217 20100509 -5.2046e-05 3.1199e-10 ALOS
20080103 20100526 4.8177e-05 3.0936e-10 ALOS
20080404 20080520 -6.2961e-05 7.9767e-10 ALOS
20080618 20090921 -0.00014395 3.7517e-10 ALOS
20080629 20090510 -0.0006574 4.2226e-10 ERS2
20080705 20091008 5.4144e-05 3.677e-10 ALOS
20080803 20090823 -2.0785e-05 3.913e-10 ERS2
20081116 20090823 0.00012867 4.4526e-10 ERS2
20081219 20090921 0.00045347 4.5815e-10 ALOS
20090105 20090708 0.00017394 5.5249e-10 ALOS
20090510 20091101 -0.00055207 5.4327e-10 ERS2
20090708 20091008 0.00075232 6.9592e-10 ALOS
20090823 20091101 0.00047323 7.2822e-10 ERS2
20091222 20100624 0.00080783 5.4918e-10 ALOS
20100108 20100223 0.00047107 7.9918e-10 ALOS
20100223 20100526 1.9991e-05 6.9785e-10 ALOS
20100410 20100711 -0.00021408 6.9649e-10 ALOS
20100509 20100624 0.00073476 7.9528e-10 ALOS
20100526 20100711 0.00045946 7.9733e-10 ALOS
20100624 20101109 -0.00013894 6.1003e-10 ALOS
20100711 20101011 0.00018962 6.9569e-10 ALOS
20100809 20101109 -0.00011412 6.9277e-10 ALOS
20101011 20101126 0.00014907 7.9732e-10 ALOS
20110111 20110226 0.00069676 7.9728e-10 ALOS
20110924 20130715 6.326e-05 3.2451e-10 TSX
20111005 20121229 1.0303e-05 3.8597e-10 TSX
20111121 20171221 -3.3205e-05 2.9504e-10 TSX
20111221 20130131 1.5802e-05 3.8973e-10 TSX
20111224 20121027 1.3663e-05 4.3215e-10 TSX
20120126 20140419 -1.338e-05 3.2742e-10 TSX
20120203 20160320 -2.699e-05 3.1911e-10 TSX
20120206 20171107 -1.4991e-05 3.3709e-10 TSX
20120617 20171129 -3.3028e-05 2.9444e-10 TSX
20120723 20160120 -2.1686e-05 3.0449e-10 TSX
20121024 20130109 0.00021579 7.3067e-10 TSX
20121027 20151226 -2.7581e-05 3.2505e-10 TSX
20121030 20130311 1.8358e-05 6.1037e-10 TSX
20121107 20171118 -1.8671e-05 3.4836e-10 TSX
20121221 20160208 -2.3039e-05 2.9665e-10 TSX
20121224 20130516 -0.00011798 5.9297e-10 TSX
20121229 20130407 1.0847e-05 6.8598e-10 TSX
20130104 20130217 9.531e-06 7.9465e-10 TSX
20130109 20130715 4.2482e-05 5.4958e-10 TSX
20130112 20140511 8.5603e-07 3.6078e-10 TSX
20130115 20130721 -0.00022003 5.3338e-10 TSX
20130126 20130823 -4.1018e-05 5.2186e-10 TSX
20130131 20130429 -3.6408e-05 7.0779e-10 TSX
20130203 20130729 -8.6783e-05 5.4792e-10 TSX
20130211 20130919 -2.7636e-05 5.1326e-10 TSX
20130228 20141209 -1.3299e-05 3.3188e-10 TSX
20130311 20130801 -0.00010159 5.9289e-10 TSX
20130316 20130623 -2.1614e-05 6.8599e-10 TSX
20130402 20150122 5.2217e-05 3.6342e-10 TSX
20130407 20140530 -0.00010738 3.8482e-10 TSX
20130421 20171016 4.9512e-06 3.4113e-10 TSX
20130424 20130721 -0.00028112 6.9272e-10 TSX
20130429 20130623 -0.00012895 7.7912e-10 TSX
20130505 20131028 -0.00054927 6.0709e-10 TSX
20130513 20151112 2.8178e-05 3.3527e-10 TSX
20130516 20131017 -0.00023154 6.1097e-10 TSX
20130521 20130715 0.00025226 7.7915e-10 TSX
20130524 20171129 1.4756e-05 3.0389e-10 TSX
20130527 20140627 -3.4859e-05 3.8809e-10 TSX
20130601 20130930 8.1725e-05 6.457e-10 TSX
20130604 20141217 -2.1211e-05 3.5173e-10 TSX
20130607 20140719 2.0608e-05 3.8421e-10 TSX
20130612 20150105 -4.1719e-05 3.4867e-10 TSX
20130615 20160106 2.3375e-06 3.3217e-10 TSX
20130618 20140708 -4.6708e-05 3.9279e-10 TSX
20130623 20130715 0.00070262 8.7428e-10 TSX
20130629 20130914 -7.8513e-05 7.4904e-10 TSX
20130707 20150130 -1.8935e-05 3.4529e-10 TSX
20130710 20140901 -1.8026e-05 3.8094e-10 TSX
20130715 20130726 -0.0024286 1.0198e-09 TSX
20130721 20131108 0.00088428 6.7069e-10 TSX
20130726 20150517 3.4348e-06 3.3244e-10 TSX
20130729 20160904 -3.7159e-05 3.8542e-10 TSX
20130801 20151115 4.601e-06 3.4174e-10 TSX
20130817 20140209 -7.6293e-05 5.6347e-10 TSX
20130828 20150312 8.0894e-05 3.4569e-10 TSX
20130903 20150329 -0.00017013 3.8983e-10 TSX
20130919 20160309 -5.586e-06 3.8479e-10 TSX
20130925 20140708 -0.00010733 4.7961e-10 TSX
20130930 20160411 -4.3545e-05 3.2108e-10 TSX
20131011 20150802 5.3659e-05 3.5762e-10 TSX
20131017 20140719 4.8519e-05 5.1211e-10 TSX
20131028 20160304 -1.2474e-05 4.4161e-10 TSX
20131102 20140519 -0.00012706 5.3696e-10 TSX
20131108 20140708 -7.6275e-05 5.0683e-10 TSX
20140209 20160309 2.7734e-05 3.3425e-10 TSX
20140223 20140829 -6.0277e-07 5.3464e-10 TSX
20140408 20140705 -5.6665e-05 6.9355e-10 TSX
20140419 20170913 2.9088e-05 3.2254e-10 TSX
20140511 20141228 1.5261e-06 4.886e-10 TSX
20140519 20150824 1.2982e-05 3.7652e-10 TSX
20140624 20171005 -2.4124e-05 3.2871e-10 TSX
20140627 20151115 -3.3594e-05 3.6327e-10 TSX
20140705 20180911 -1.8387e-05 3.4884e-10 TSX
20140708 20160406 4.042e-05 3.3856e-10 TSX
20140716 20171005 -2.2584e-05 3.1616e-10 TSX
20140719 20151207 -4.906e-05 3.5743e-10 TSX
20140727 20150326 -2.0297e-05 4.7922e-10 TSX
20140810 20150122 6.1001e-05 5.8842e-10 TSX
20140818 20160301 2.8895e-05 3.5017e-10 TSX
20140829 20160208 1.4145e-05 3.5963e-10 TSX
20140901 20140912 -0.00029235 9.7606e-10 TSX
20140912 20141209 -1.486e-05 6.927e-10 TSX
20140920 20170902 2.0667e-06 3.6427e-10 TSX
20141209 20160211 -3.6382e-05 3.7294e-10 TSX
20141217 20160722 -3.7727e-06 3.4428e-10 TSX
20141228 20160106 3.2269e-06 3.959e-10 TSX
20141231 20151024 -1.4982e-05 4.3777e-10 TSX
20150105 20150824 -9.9754e-05 5.0282e-10 TSX
20150108 20170811 1.101e-05 3.4479e-10 TSX
20150119 20160117 2.9698e-05 4.0328e-10 TSX
20150127 20160411 2e-05 3.9162e-10 TSX
20150130 20151112 1.8046e-05 4.4402e-10 TSX
20150210 20170114 1.3562e-05 3.4182e-10 TSX
20150213 20160326 0.00019124 3.8437e-10 TSX
20150218 20160216 1.5686e-05 4.123e-10 TSX
20150221 20180112 3.0888e-05 3.9926e-10 TSX
20150304 20180911 -9.59e-07 3.3434e-10 TSX
20150307 20160211 3.4149e-06 4.1101e-10 TSX
20150312 20160320 -0.0001357 4.0952e-10 TSX
20150326 20150827 1.2352e-05 5.7952e-10 TSX
20150329 20151207 -1.4651e-05 4.6878e-10 TSX
20150428 20160425 4.4544e-05 4.0794e-10 TSX
20150509 20150827 -1.3049e-05 6.5178e-10 TSX
20150517 20150824 -0.00015821 6.8606e-10 TSX
20150520 20180911 1.1532e-06 3.194e-10 TSX
20150714 20170822 3.2365e-05 3.3822e-10 TSX
20150725 20170924 -1.2472e-06 3.2613e-10 TSX
20150802 20160309 -2.3541e-05 5.1306e-10 TSX
20150805 20160403 -5.2646e-05 4.8586e-10 TSX
20150816 20171107 -1.989e-05 3.2072e-10 TSX
20150824 20150915 0.00071987 8.7418e-10 TSX
20150827 20170902 3.4115e-05 3.2069e-10 TSX
20150915 20160216 -5.2526e-05 5.9412e-10 TSX
20151021 20160904 -0.00010594 4.3115e-10 TSX
20151101 20171016 1.3279e-05 3.4576e-10 TSX
20151112 20160425 8.6847e-06 5.6464e-10 TSX
20151115 20151229 0.00017068 7.9465e-10 TSX
20151123 20171221 8.7997e-06 3.1422e-10 TSX
20151204 20151215 0.0001678 9.8642e-10 TSX
20151207 20160406 -0.00011163 6.2904e-10 TSX
20151215 20170822 3.6119e-05 3.4094e-10 TSX
20151226 20161223 2.5382e-05 4.06e-10 TSX
20151229 20160211 2.0709e-07 7.9465e-10 TSX
20160106 20161223 3.6937e-05 4.1107e-10 TSX
20160117 20160926 -1.2172e-05 4.7229e-10 TSX
20160128 20160301 -0.00015338 8.2488e-10 TSX
20160208 20160312 -0.00010952 8.2488e-10 TSX
20160216 20160309 -0.00037765 8.7418e-10 TSX
20160219 20180319 5.8515e-06 3.3444e-10 TSX
20160301 20161201 5.355e-05 4.5524e-10 TSX
20160304 20160326 2.82e-05 8.6086e-10 TSX
20160312 20180319 2.1208e-05 3.2347e-10 TSX
20160320 20160411 0.00038875 8.7418e-10 TSX
20160323 20171118 -1.2761e-05 3.2535e-10 TSX
20160326 20160406 -0.0005017 9.7599e-10 TSX
20160403 20171027 2.598e-05 3.4858e-10 TSX
20160425 20170811 3.013e-05 3.6192e-10 TSX
20160528 20160630 1.416e-05 8.2488e-10 TSX
20160630 20171118 1.3223e-05 3.4941e-10 TSX
20160722 20161201 0.00017599 6.111e-10 TSX
20160904 20180707 4.8749e-05 3.3589e-10 TSX
20160915 20180911 1.405e-05 3.1191e-10 TSX
20160926 20170114 8.7738e-05 6.4964e-10 TSX
20161201 20171027 -4.2465e-06 4.2315e-10 TSX
20161223 20171107 -2.9487e-05 4.2588e-10 TSX
20170114 20170902 -1.9437e-05 4.9093e-10 TSX
20170811 20171005 -5.8907e-05 7.6863e-10 TSX
20170822 20180707 -8.2344e-06 4.2566e-10 TSX
20170913 20180707 -7.7904e-05 4.4097e-10 TSX
20170924 20180319 -2.386e-05 5.4796e-10 TSX
20171005 20171107 4.4324e-05 8.2488e-10 TSX
20171016 20180319 1.5246e-05 5.7756e-10 TSX
20171027 20180911 -1.0143e-05 4.2561e-10 TSX
20171107 20171118 9.2634e-05 9.8642e-10 TSX
20171118 20171129 6.1266e-05 9.8642e-10 TSX
20171129 20171221 -3.3897e-05 8.6361e-10 TSX
20171210 20180820 -5.3917e-05 4.7021e-10 TSX
20171221 20180911 -5.6485e-05 4.6141e-10 TSX
20180112 20181003 0.00011586 4.626e-10 TSX
20180319 20180707 -9.5578e-05 6.4968e-10 TSX
20180707 20180911 0.0002283 7.4252e-10 TSX
20180729 20181003 2.8624e-05 7.4252e-10 TSX
20180820 20181003 0.00016387 7.9575e-10 TSX
20180911 20181003 -0.00021286 8.6362e-10 TSX
