20030427 20030914 -0.00041228 5.9289e-10 ERS2
20030914 20080629 0.00020083 2.7445e-10 ERS2
20050918 20090510 1.1759e-05 2.9904e-10 ERS2
20051127 20081116 -5.4072e-05 3.1949e-10 ERS2
20060903 20090510 -1.1782e-05 3.0405e-10 ERS2
20061231 20090105 -2.2997e-05 3.1676e-10 ALOS
20070402 20070703 -0.00027645 6.973e-10 ALOS
20070518 20091008 -7.1439e-05 3.0179e-10 ALOS
20070818 20071003 -0.00040761 7.9824e-10 ALOS
20071217 20100509 -9.1772e-05 3.0267e-10 ALOS
20080103 20100526 -1.1651e-05 3.0155e-10 ALOS
20080404 20080520 -4.7938e-05 7.9825e-10 ALOS
20080618 20090921 -0.00020675 3.7764e-10 ALOS
20080629 20090510 -0.00025152 4.1937e-10 ERS2
20080705 20091008 -2.0536e-05 3.7075e-10 ALOS
20080803 20090823 6.3155e-05 3.8704e-10 ERS2
20081116 20090823 -1.1271e-05 4.4233e-10 ERS2
20081219 20090921 0.00014527 4.6009e-10 ALOS
20090105 20090708 -7.569e-05 5.5154e-10 ALOS
20090510 20091101 -0.00085176 5.4227e-10 ERS2
20090708 20091008 0.00035559 6.977e-10 ALOS
20090823 20091101 0.00017747 7.2772e-10 ERS2
20091222 20100624 -3.2226e-05 5.4881e-10 ALOS
20100108 20100223 -0.00013573 7.9811e-10 ALOS
20100223 20100526 5.9009e-05 6.9804e-10 ALOS
20100410 20100711 -8.2648e-05 6.9761e-10 ALOS
20100509 20100624 0.00062596 7.9623e-10 ALOS
20100526 20100711 0.00042132 7.9826e-10 ALOS
20100624 20101109 -6.4272e-05 6.1235e-10 ALOS
20100711 20101011 -0.00012058 6.9764e-10 ALOS
20100809 20101109 -0.00012986 6.9464e-10 ALOS
20101011 20101126 0.00026863 7.9826e-10 ALOS
20110111 20110226 0.0006355 7.9824e-10 ALOS
20110924 20130715 -4.8656e-06 3.267e-10 TSX
20111005 20121229 -4.1441e-05 3.7499e-10 TSX
20111121 20171221 -7.394e-07 2.5201e-10 TSX
20111221 20130131 -1.9952e-05 3.9301e-10 TSX
20111224 20121027 2.2397e-05 4.2806e-10 TSX
20120126 20140419 5.5184e-06 2.9127e-10 TSX
20120203 20160320 -3.3864e-05 2.546e-10 TSX
20120206 20171107 7.3844e-06 2.5681e-10 TSX
20120617 20171129 1.5307e-06 2.4718e-10 TSX
20120723 20160120 1.7205e-05 2.6766e-10 TSX
20121024 20130109 0.00018297 7.3232e-10 TSX
20121027 20151226 -7.9337e-06 2.6807e-10 TSX
20121030 20130311 7.3391e-06 6.1203e-10 TSX
20121107 20171118 -1.5215e-06 2.5344e-10 TSX
20121221 20160208 5.2344e-06 2.6649e-10 TSX
20121224 20130516 -7.696e-05 5.9467e-10 TSX
20121229 20130407 -5.6238e-05 6.8798e-10 TSX
20130104 20130217 -6.3316e-05 7.9538e-10 TSX
20130109 20130715 7.2198e-06 5.5221e-10 TSX
20130112 20140511 1.8085e-05 3.5634e-10 TSX
20130115 20130721 -0.00017048 5.3478e-10 TSX
20130126 20130823 -8.9427e-05 5.0955e-10 TSX
20130131 20130429 -9.4124e-06 7.0964e-10 TSX
20130203 20130729 -4.4589e-05 5.4566e-10 TSX
20130211 20130919 4.9039e-05 5.1621e-10 TSX
20130228 20141209 2.3379e-05 3.1734e-10 TSX
20130311 20130801 -1.3027e-05 5.9456e-10 TSX
20130316 20130623 8.1327e-06 6.8799e-10 TSX
20130402 20150122 2.4517e-05 2.9668e-10 TSX
20130407 20140530 -1.3084e-05 3.8818e-10 TSX
20130421 20171016 4.2463e-06 2.535e-10 TSX
20130424 20130721 -0.00022966 6.9406e-10 TSX
20130429 20130623 -5.1647e-05 7.8031e-10 TSX
20130505 20131028 -0.00042207 5.4798e-10 TSX
20130513 20151112 1.5123e-05 2.7978e-10 TSX
20130516 20131017 -7.1074e-05 5.7781e-10 TSX
20130521 20130715 0.00027988 7.8034e-10 TSX
20130524 20171129 1.1335e-05 2.505e-10 TSX
20130527 20140627 -3.7577e-05 3.9011e-10 TSX
20130601 20130930 0.00022262 6.4793e-10 TSX
20130604 20141217 1.7711e-05 3.3759e-10 TSX
20130607 20140719 2.383e-05 3.8622e-10 TSX
20130612 20150105 5.1913e-06 3.4228e-10 TSX
20130615 20160106 2.1736e-05 2.7981e-10 TSX
20130618 20140708 4.5417e-05 3.9491e-10 TSX
20130623 20130715 0.00062651 8.746e-10 TSX
20130629 20130914 0.00021367 7.1783e-10 TSX
20130707 20150130 7.9436e-06 3.3798e-10 TSX
20130710 20140901 -2.036e-05 3.8288e-10 TSX
20130715 20130726 -0.0023689 1.0199e-09 TSX
20130721 20131108 0.0007037 6.5035e-10 TSX
20130726 20150517 -6.4916e-05 3.249e-10 TSX
20130729 20160904 2.2797e-06 2.6862e-10 TSX
20130801 20151115 7.325e-06 2.9371e-10 TSX
20130817 20140209 -0.00015603 5.6613e-10 TSX
20130828 20150312 1.0806e-05 3.4445e-10 TSX
20130903 20150329 -0.00013072 3.1712e-10 TSX
20130919 20160309 -7.9196e-06 2.8172e-10 TSX
20130925 20140708 -7.4531e-06 4.4329e-10 TSX
20130930 20160411 -6.281e-05 2.7836e-10 TSX
20131011 20150802 -3.3871e-05 3.2319e-10 TSX
20131017 20140719 -7.8098e-05 4.5151e-10 TSX
20131028 20160304 -3.9707e-05 2.8924e-10 TSX
20131102 20140519 -5.6586e-05 5.3992e-10 TSX
20131108 20140708 -1.3763e-05 4.7804e-10 TSX
20140209 20160309 5.0551e-05 3.0952e-10 TSX
20140223 20140829 4.1129e-05 5.3213e-10 TSX
20140408 20140705 -2.469e-05 6.9277e-10 TSX
20140419 20170913 1.6646e-05 2.5939e-10 TSX
20140511 20141228 -1.5092e-05 4.8583e-10 TSX
20140519 20150824 -8.3972e-06 3.7043e-10 TSX
20140624 20171005 -9.8805e-07 2.6401e-10 TSX
20140627 20151115 -3.4079e-05 3.4509e-10 TSX
20140705 20180911 6.0732e-06 2.5528e-10 TSX
20140708 20160406 -1.2415e-06 3.1642e-10 TSX
20140716 20171005 1.143e-05 2.6474e-10 TSX
20140719 20151207 -1.6246e-05 3.4522e-10 TSX
20140727 20150326 -2.5737e-05 4.76e-10 TSX
20140810 20150122 -1.7709e-05 5.6256e-10 TSX
20140818 20160301 -3.4446e-05 3.2555e-10 TSX
20140829 20160208 -1.7863e-05 3.3245e-10 TSX
20140901 20140912 -0.00026838 9.7623e-10 TSX
20140912 20141209 -6.694e-05 6.9406e-10 TSX
20140920 20170902 9.0811e-06 2.6765e-10 TSX
20141209 20160211 -3.9202e-05 3.6997e-10 TSX
20141217 20160722 -3.319e-05 3.2045e-10 TSX
20141228 20160106 -1.9322e-05 3.874e-10 TSX
20141231 20151024 9.7858e-06 4.363e-10 TSX
20150105 20150824 -3.1081e-05 5.0523e-10 TSX
20150108 20170811 2.6914e-05 2.7911e-10 TSX
20150119 20160117 7.2575e-06 3.9312e-10 TSX
20150127 20160411 -2.8228e-05 3.7725e-10 TSX
20150130 20151112 -4.9e-05 4.3901e-10 TSX
20150210 20170114 1.4608e-07 2.9884e-10 TSX
20150213 20160326 2.7242e-05 3.7554e-10 TSX
20150218 20160216 -5.4864e-06 4.1217e-10 TSX
20150221 20180112 8.2742e-05 2.6402e-10 TSX
20150304 20180911 3.1372e-06 2.607e-10 TSX
20150307 20160211 6.4997e-06 4.0978e-10 TSX
20150312 20160320 -0.0001108 4.0648e-10 TSX
20150326 20150827 5.4644e-06 5.7515e-10 TSX
20150329 20151207 -2.807e-05 4.6921e-10 TSX
20150428 20160425 -6.1155e-06 3.927e-10 TSX
20150509 20150827 4.2597e-05 6.4849e-10 TSX
20150517 20150824 -1.8768e-05 6.8798e-10 TSX
20150520 20180911 -1.5795e-05 2.611e-10 TSX
20150714 20170822 3.637e-05 2.9278e-10 TSX
20150725 20170924 -2.8966e-06 2.9193e-10 TSX
20150802 20160309 -7.0943e-05 5.1627e-10 TSX
20150805 20160403 4.1622e-06 4.7572e-10 TSX
20150816 20171107 2.6292e-05 2.8843e-10 TSX
20150824 20150915 0.00062641 8.7449e-10 TSX
20150827 20170902 1.0352e-05 2.9712e-10 TSX
20150915 20160216 -5.8317e-05 5.9588e-10 TSX
20151021 20160904 -5.0051e-05 4.2036e-10 TSX
20151101 20171016 6.554e-06 3.0177e-10 TSX
20151112 20160425 4.541e-06 5.6011e-10 TSX
20151115 20151229 0.00014939 7.9538e-10 TSX
20151123 20171221 3.4698e-05 2.9718e-10 TSX
20151204 20151215 0.00015795 9.8687e-10 TSX
20151207 20160406 -4.154e-05 6.3059e-10 TSX
20151215 20170822 3.3645e-05 3.1418e-10 TSX
20151226 20161223 2.7565e-05 3.9883e-10 TSX
20151229 20160211 2.1847e-05 7.9538e-10 TSX
20160106 20161223 2.1323e-05 4.0399e-10 TSX
20160117 20160926 -2.0001e-05 4.6635e-10 TSX
20160128 20160301 -0.00019604 8.25e-10 TSX
20160208 20160312 -8.9375e-05 8.25e-10 TSX
20160216 20160309 -0.00037105 8.7449e-10 TSX
20160219 20180319 3.9539e-05 2.9602e-10 TSX
20160301 20161201 1.9283e-05 4.4983e-10 TSX
20160304 20160326 5.4009e-05 8.6118e-10 TSX
20160312 20180319 6.1664e-05 2.9845e-10 TSX
20160320 20160411 0.00041819 8.7449e-10 TSX
20160323 20171118 1.0048e-05 3.1821e-10 TSX
20160326 20160406 -0.00053282 9.7616e-10 TSX
20160403 20171027 1.9129e-05 3.2424e-10 TSX
20160425 20170811 1.8784e-05 3.4965e-10 TSX
20160528 20160630 1.9666e-05 8.25e-10 TSX
20160630 20171118 1.8493e-05 3.4055e-10 TSX
20160722 20161201 4.4777e-05 6.0961e-10 TSX
20160904 20180707 3.8083e-05 3.2405e-10 TSX
20160915 20180911 3.6269e-06 3.0096e-10 TSX
20160926 20170114 1.3646e-06 6.4854e-10 TSX
20161201 20171027 5.5997e-06 4.1401e-10 TSX
20161223 20171107 -1.8106e-05 4.1763e-10 TSX
20170114 20170902 2.4733e-05 4.8454e-10 TSX
20170811 20171005 -6.105e-05 7.6839e-10 TSX
20170822 20180707 2.0384e-05 4.2166e-10 TSX
20170913 20180707 -6.6411e-07 4.345e-10 TSX
20170924 20180319 7.0479e-05 5.4573e-10 TSX
20171005 20171107 1.366e-05 8.25e-10 TSX
20171016 20180319 7.233e-05 5.7563e-10 TSX
20171027 20180911 -2.7886e-05 4.2184e-10 TSX
20171107 20171118 7.7005e-05 9.8687e-10 TSX
20171118 20171129 5.2842e-05 9.8687e-10 TSX
20171129 20171221 -5.4585e-07 8.6392e-10 TSX
20171210 20180820 -2.432e-05 4.6677e-10 TSX
20171221 20180911 -0.00010038 4.5789e-10 TSX
20180112 20181003 1.4699e-05 4.58e-10 TSX
20180319 20180707 -3.9781e-05 6.4854e-10 TSX
20180707 20180911 4.2519e-05 7.421e-10 TSX
20180729 20181003 6.4213e-05 7.421e-10 TSX
20180820 20181003 0.00018543 7.9569e-10 TSX
20180911 20181003 -0.00011532 8.6392e-10 TSX
