20030427 20030914 -0.0005409 5.6675e-10 ERS2
20030914 20080629 -0.00016143 2.7298e-10 ERS2
20050918 20090510 -2.3184e-05 2.9682e-10 ERS2
20051127 20081116 2.5456e-05 3.0687e-10 ERS2
20060903 20090510 0.00012542 3.1614e-10 ERS2
20061231 20090105 4.5654e-05 3.1407e-10 ALOS
20070402 20070703 -0.00012047 6.6638e-10 ALOS
20070518 20091008 5.0469e-06 2.9922e-10 ALOS
20070818 20071003 -0.0004831 7.7559e-10 ALOS
20071217 20100509 -1.757e-05 2.9983e-10 ALOS
20080103 20100526 -2.5133e-05 2.9829e-10 ALOS
20080404 20080520 2.3485e-05 7.7559e-10 ALOS
20080618 20090921 3.4756e-05 3.7209e-10 ALOS
20080629 20090510 -0.00012372 4.1178e-10 ERS2
20080705 20091008 -0.0001375 3.651e-10 ALOS
20080803 20090823 -2.0586e-06 3.832e-10 ERS2
20081116 20090823 3.4422e-05 4.3202e-10 ERS2
20081219 20090921 -0.00016582 4.4615e-10 ALOS
20090105 20090708 -6.9146e-05 5.281e-10 ALOS
20090510 20091101 0.00012624 5.2007e-10 ERS2
20090708 20091008 -0.00013286 6.6638e-10 ALOS
20090823 20091101 0.00024036 6.9875e-10 ERS2
20091222 20100624 -2.0012e-05 5.2528e-10 ALOS
20100108 20100223 -0.00030556 7.7563e-10 ALOS
20100223 20100526 -4.7911e-06 6.6638e-10 ALOS
20100410 20100711 -9.3516e-05 6.6638e-10 ALOS
20100509 20100624 0.00072011 7.7355e-10 ALOS
20100526 20100711 0.00032479 7.756e-10 ALOS
20100624 20101109 -0.00016158 5.8403e-10 ALOS
20100711 20101011 -0.00044732 6.664e-10 ALOS
20100809 20101109 3.8276e-07 6.6366e-10 ALOS
20101011 20101126 0.00025042 7.756e-10 ALOS
20110111 20110226 0.000416 7.7559e-10 ALOS
20110924 20130715 2.8709e-05 3.2345e-10 TSX
20111005 20121229 -3.9842e-06 3.6875e-10 TSX
20111121 20171221 -3.8779e-06 2.417e-10 TSX
20111221 20130131 2.0967e-05 3.8549e-10 TSX
20111224 20121027 -1.6562e-05 4.1931e-10 TSX
20120126 20140419 -1.3877e-06 2.9211e-10 TSX
20120203 20160320 -1.8058e-06 2.4302e-10 TSX
20120206 20171107 -5.2781e-06 2.462e-10 TSX
20120617 20171129 1.2502e-06 2.467e-10 TSX
20120723 20160120 9.523e-06 2.6138e-10 TSX
20121024 20130109 0.00018562 7.0181e-10 TSX
20121027 20151226 1.4681e-05 2.6668e-10 TSX
20121030 20130311 3.8445e-05 5.8468e-10 TSX
20121107 20171118 -1.7901e-06 2.4465e-10 TSX
20121221 20160208 1.9364e-05 2.6566e-10 TSX
20121224 20130516 -0.00013974 5.6851e-10 TSX
20121229 20130407 7.3427e-05 6.5623e-10 TSX
20130104 20130217 -2.0467e-05 7.7336e-10 TSX
20130109 20130715 1.678e-05 5.2853e-10 TSX
20130112 20140511 1.7476e-05 3.5447e-10 TSX
20130115 20130721 -0.00012082 5.1396e-10 TSX
20130126 20130823 -0.00015234 4.9277e-10 TSX
20130131 20130429 -1.1988e-05 6.7816e-10 TSX
20130203 20130729 -3.7224e-05 5.232e-10 TSX
20130211 20130919 -1.1061e-05 4.9596e-10 TSX
20130228 20141209 3.4124e-05 3.1147e-10 TSX
20130311 20130801 -2.8145e-05 5.6846e-10 TSX
20130316 20130623 2.4715e-05 6.5623e-10 TSX
20130402 20150122 4.246e-05 2.9508e-10 TSX
20130407 20140530 -1.1755e-06 3.8096e-10 TSX
20130421 20171016 1.0569e-05 2.4949e-10 TSX
20130424 20130721 -0.0002201 6.6408e-10 TSX
20130429 20130623 -6.9462e-05 7.5452e-10 TSX
20130505 20131028 -0.00048115 5.3e-10 TSX
20130513 20151112 8.4028e-06 2.7665e-10 TSX
20130516 20131017 -0.00018327 5.5579e-10 TSX
20130521 20130715 0.00013803 7.5454e-10 TSX
20130524 20171129 4.6492e-06 2.5169e-10 TSX
20130527 20140627 5.627e-06 3.838e-10 TSX
20130601 20130930 6.5267e-06 6.1707e-10 TSX
20130604 20141217 2.1276e-05 3.3823e-10 TSX
20130607 20140719 -2.0473e-05 3.8026e-10 TSX
20130612 20150105 4.2154e-05 3.3772e-10 TSX
20130615 20160106 3.5046e-05 2.7619e-10 TSX
20130618 20140708 -2.9781e-05 3.8836e-10 TSX
20130623 20130715 0.00051946 8.6256e-10 TSX
20130629 20130914 9.7425e-05 6.8835e-10 TSX
20130707 20150130 1.6737e-05 3.3764e-10 TSX
20130710 20140901 -5.4808e-06 3.7694e-10 TSX
20130715 20130726 -0.0024122 1.0118e-09 TSX
20130721 20131108 0.00062948 6.2108e-10 TSX
20130726 20150517 0.00012145 3.2142e-10 TSX
20130729 20160904 2.8726e-05 2.694e-10 TSX
20130801 20151115 1.4321e-05 2.8462e-10 TSX
20130817 20140209 0.00011384 5.4101e-10 TSX
20130828 20150312 6.4912e-05 3.4e-10 TSX
20130903 20150329 -0.00011779 3.1337e-10 TSX
20130919 20160309 3.6667e-05 2.7498e-10 TSX
20130925 20140708 -1.4957e-05 4.3131e-10 TSX
20130930 20160411 2.669e-05 2.7256e-10 TSX
20131011 20150802 1.7778e-05 3.1968e-10 TSX
20131017 20140719 -4.8362e-05 4.3878e-10 TSX
20131028 20160304 2.0439e-06 2.8991e-10 TSX
20131102 20140519 -6.2966e-05 5.1712e-10 TSX
20131108 20140708 -4.1819e-05 4.6281e-10 TSX
20140209 20160309 -8.6834e-06 3.0469e-10 TSX
20140223 20140829 -2.7605e-06 5.1117e-10 TSX
20140408 20140705 4.9929e-06 6.6153e-10 TSX
20140419 20170913 -1.431e-05 2.5871e-10 TSX
20140511 20141228 5.9509e-06 4.7024e-10 TSX
20140519 20150824 7.6955e-05 3.6463e-10 TSX
20140624 20171005 8.9257e-07 2.6377e-10 TSX
20140627 20151115 -3.9696e-06 3.4e-10 TSX
20140705 20180911 1.8773e-06 2.5469e-10 TSX
20140708 20160406 4.3469e-05 3.1218e-10 TSX
20140716 20171005 -1.129e-06 2.6315e-10 TSX
20140719 20151207 2.8061e-05 3.4041e-10 TSX
20140727 20150326 -9.9023e-06 4.6165e-10 TSX
20140810 20150122 2.2253e-05 5.392e-10 TSX
20140818 20160301 -4.2626e-06 3.2452e-10 TSX
20140829 20160208 1.2855e-06 3.3144e-10 TSX
20140901 20140912 -0.00030043 9.683e-10 TSX
20140912 20141209 9.7163e-05 6.6408e-10 TSX
20140920 20170902 9.8227e-06 2.6574e-10 TSX
20141209 20160211 -2.4157e-05 3.6367e-10 TSX
20141217 20160722 -1.102e-05 3.1837e-10 TSX
20141228 20160106 1.0968e-05 3.821e-10 TSX
20141231 20151024 9.9106e-08 4.2506e-10 TSX
20150105 20150824 3.5564e-05 4.8613e-10 TSX
20150108 20170811 -8.3864e-06 2.7359e-10 TSX
20150119 20160117 9.4499e-06 3.8739e-10 TSX
20150127 20160411 4.1139e-05 3.7074e-10 TSX
20150130 20151112 7.8945e-06 4.2853e-10 TSX
20150210 20170114 -1.3213e-05 2.9852e-10 TSX
20150213 20160326 -4.3899e-05 3.7462e-10 TSX
20150218 20160216 -9.3351e-07 4.0278e-10 TSX
20150221 20180112 -2.0731e-05 2.6116e-10 TSX
20150304 20180911 -1.1429e-05 2.542e-10 TSX
20150307 20160211 1.7843e-05 4.0089e-10 TSX
20150312 20160320 -3.3658e-05 3.9767e-10 TSX
20150326 20150827 -3.1867e-05 5.4987e-10 TSX
20150329 20151207 -2.9893e-06 4.5482e-10 TSX
20150428 20160425 1.7959e-05 3.8701e-10 TSX
20150509 20150827 -5.5758e-05 6.1808e-10 TSX
20150517 20150824 -0.00014219 6.5623e-10 TSX
20150520 20180911 1.6227e-05 2.6095e-10 TSX
20150714 20170822 -1.2857e-05 2.8951e-10 TSX
20150725 20170924 -1.1255e-05 2.889e-10 TSX
20150802 20160309 -1.3511e-06 4.9595e-10 TSX
20150805 20160403 2.3882e-05 4.613e-10 TSX
20150816 20171107 5.3298e-06 2.8856e-10 TSX
20150824 20150915 0.00061398 8.6246e-10 TSX
20150827 20170902 -6.8271e-06 2.9486e-10 TSX
20150915 20160216 -7.5272e-05 5.6824e-10 TSX
20151021 20160904 1.4193e-05 4.1254e-10 TSX
20151101 20171016 2.0313e-05 3.0023e-10 TSX
20151112 20160425 1.8706e-05 5.3619e-10 TSX
20151115 20151229 0.00015224 7.7336e-10 TSX
20151123 20171221 3.5069e-06 2.9477e-10 TSX
20151204 20151215 0.00012833 9.7948e-10 TSX
20151207 20160406 -3.7249e-06 6.0218e-10 TSX
20151215 20170822 -7.1162e-06 3.1338e-10 TSX
20151226 20161223 -3.7153e-05 3.9373e-10 TSX
20151229 20160211 3.788e-06 7.7336e-10 TSX
20160106 20161223 -3.7131e-05 3.9808e-10 TSX
20160117 20160926 -3.7452e-05 4.5308e-10 TSX
20160128 20160301 -0.0001745 8.0743e-10 TSX
20160208 20160312 -0.00010775 8.0743e-10 TSX
20160216 20160309 -0.00039154 8.6246e-10 TSX
20160219 20180319 2.1051e-06 2.9721e-10 TSX
20160301 20161201 1.8128e-05 4.3868e-10 TSX
20160304 20160326 8.8559e-05 8.4901e-10 TSX
20160312 20180319 1.6538e-05 2.9901e-10 TSX
20160320 20160411 0.00043216 8.6246e-10 TSX
20160323 20171118 -1.2807e-05 3.1765e-10 TSX
20160326 20160406 -0.00059775 9.6823e-10 TSX
20160403 20171027 -1.1708e-05 3.2132e-10 TSX
20160425 20170811 -2.2034e-05 3.4619e-10 TSX
20160528 20160630 -1.2896e-05 8.0743e-10 TSX
20160630 20171118 -9.2046e-06 3.3852e-10 TSX
20160722 20161201 4.6472e-05 5.8146e-10 TSX
20160904 20180707 4.9392e-06 3.2225e-10 TSX
20160915 20180911 1.5509e-05 3.0177e-10 TSX
20160926 20170114 5.8524e-05 6.1815e-10 TSX
20161201 20171027 -2.0549e-05 4.0683e-10 TSX
20161223 20171107 2.4164e-05 4.0907e-10 TSX
20170114 20170902 -1.0146e-05 4.6874e-10 TSX
20170811 20171005 -4.0938e-05 7.4176e-10 TSX
20170822 20180707 5.3032e-05 4.1364e-10 TSX
20170913 20180707 2.6958e-05 4.2509e-10 TSX
20170924 20180319 5.3032e-05 5.2327e-10 TSX
20171005 20171107 1.6864e-05 8.0743e-10 TSX
20171016 20180319 2.3381e-05 5.5019e-10 TSX
20171027 20180911 2.5138e-05 4.1364e-10 TSX
20171107 20171118 6.4664e-05 9.7948e-10 TSX
20171118 20171129 4.6203e-05 9.7948e-10 TSX
20171129 20171221 -2.2161e-05 8.5194e-10 TSX
20171210 20180820 4.9786e-05 4.5344e-10 TSX
20171221 20180911 6.9123e-05 4.4577e-10 TSX
20180112 20181003 2.7878e-05 4.4575e-10 TSX
20180319 20180707 -1.3864e-05 6.1816e-10 TSX
20180707 20180911 5.8669e-05 7.1284e-10 TSX
20180729 20181003 -7.718e-05 7.1284e-10 TSX
20180820 20181003 7.1896e-05 7.73e-10 TSX
20180911 20181003 -0.00011496 8.5194e-10 TSX
