20030427 20030914 0.00053436 5.6612e-10 ERS2
20030914 20080629 3.4911e-05 2.7074e-10 ERS2
20050918 20090510 -1.4316e-05 2.9762e-10 ERS2
20051127 20081116 0.00011896 3.1217e-10 ERS2
20060903 20090510 9.9289e-05 3.0606e-10 ERS2
20061231 20090105 -0.00012549 3.1254e-10 ALOS
20070402 20070703 -0.00020936 6.6627e-10 ALOS
20070518 20091008 -0.00020255 2.9841e-10 ALOS
20070818 20071003 -0.00030445 7.7513e-10 ALOS
20071217 20100509 -0.00011097 3.0021e-10 ALOS
20080103 20100526 -0.0001523 2.9837e-10 ALOS
20080404 20080520 9.7959e-05 7.7513e-10 ALOS
20080618 20090921 -0.00019799 3.7257e-10 ALOS
20080629 20090510 -0.00038558 4.1191e-10 ERS2
20080705 20091008 -0.00017089 3.6517e-10 ALOS
20080803 20090823 -5.2375e-05 3.8296e-10 ERS2
20081116 20090823 -5.1561e-05 4.323e-10 ERS2
20081219 20090921 0.00015425 4.4612e-10 ALOS
20090105 20090708 6.9135e-05 5.2817e-10 ALOS
20090510 20091101 0.00042214 5.2308e-10 ERS2
20090708 20091008 0.00055161 6.6625e-10 ALOS
20090823 20091101 9.0489e-06 6.9852e-10 ERS2
20091222 20100624 0.00018742 5.2561e-10 ALOS
20100108 20100223 0.00044645 7.7601e-10 ALOS
20100223 20100526 6.3278e-05 6.6633e-10 ALOS
20100410 20100711 -6.4626e-05 6.6628e-10 ALOS
20100509 20100624 0.00053301 7.7315e-10 ALOS
20100526 20100711 0.00040719 7.7514e-10 ALOS
20100624 20101109 -1.3484e-05 5.8399e-10 ALOS
20100711 20101011 5.6096e-05 6.6627e-10 ALOS
20100809 20101109 -5.2121e-06 6.6356e-10 ALOS
20101011 20101126 0.00028411 7.7513e-10 ALOS
20110111 20110226 0.0007449 7.7513e-10 ALOS
20110924 20130715 1.8626e-05 3.2519e-10 TSX
20111005 20121229 -3.385e-05 3.6909e-10 TSX
20111121 20171221 -2.7726e-05 2.5957e-10 TSX
20111221 20130131 -3.8702e-05 3.8563e-10 TSX
20111224 20121027 2.4825e-05 4.1931e-10 TSX
20120126 20140419 2.4068e-05 2.9017e-10 TSX
20120203 20160320 -1.7439e-05 2.6225e-10 TSX
20120206 20171107 -7.6164e-06 2.5804e-10 TSX
20120617 20171129 -1.6514e-05 2.6198e-10 TSX
20120723 20160120 1.3104e-05 2.9713e-10 TSX
20121024 20130109 0.0001733 7.0159e-10 TSX
20121027 20151226 -3.8146e-05 2.7544e-10 TSX
20121030 20130311 2.3691e-05 5.8465e-10 TSX
20121107 20171118 -8.5433e-06 2.612e-10 TSX
20121221 20160208 -4.286e-05 2.8348e-10 TSX
20121224 20130516 -8.193e-05 5.6849e-10 TSX
20121229 20130407 0.00023361 6.5609e-10 TSX
20130104 20130217 9.5636e-05 7.7309e-10 TSX
20130109 20130715 -6.7179e-05 5.2861e-10 TSX
20130112 20140511 -1.8827e-05 3.5469e-10 TSX
20130115 20130721 -0.0003044 5.1396e-10 TSX
20130126 20130823 -0.00016081 5.0115e-10 TSX
20130131 20130429 -7.1349e-05 6.7799e-10 TSX
20130203 20130729 -6.4753e-05 5.2314e-10 TSX
20130211 20130919 -0.00012427 4.9593e-10 TSX
20130228 20141209 1.3709e-05 3.1396e-10 TSX
20130311 20130801 -7.2719e-05 5.6845e-10 TSX
20130316 20130623 3.6565e-05 6.561e-10 TSX
20130402 20150122 0.00013882 3.3381e-10 TSX
20130407 20140530 -0.00013702 3.8105e-10 TSX
20130421 20171016 -2.8724e-05 2.8778e-10 TSX
20130424 20130721 -0.00035951 6.6402e-10 TSX
20130429 20130623 -3.6631e-05 7.541e-10 TSX
20130505 20131028 -0.00038433 5.4392e-10 TSX
20130513 20151112 7.0466e-07 2.8678e-10 TSX
20130516 20131017 -0.00033108 5.7103e-10 TSX
20130521 20130715 4.3396e-05 7.5412e-10 TSX
20130524 20171129 -3.5517e-05 2.6771e-10 TSX
20130527 20140627 -9.224e-05 3.8398e-10 TSX
20130601 20130930 -1.8795e-05 6.1699e-10 TSX
20130604 20141217 3.0644e-05 3.3957e-10 TSX
20130607 20140719 -4.488e-05 3.8021e-10 TSX
20130612 20150105 -0.00010456 3.3881e-10 TSX
20130615 20160106 8.9039e-06 2.8483e-10 TSX
20130618 20140708 -0.00016554 3.8832e-10 TSX
20130623 20130715 0.00054666 8.6145e-10 TSX
20130629 20130914 0.00015618 6.8875e-10 TSX
20130707 20150130 1.5018e-05 3.3909e-10 TSX
20130710 20140901 -0.0001372 3.7651e-10 TSX
20130715 20130726 -0.0024765 1.0105e-09 TSX
20130721 20131108 0.00073962 6.3209e-10 TSX
20130726 20150517 8.8712e-05 3.2194e-10 TSX
20130729 20160904 8.5447e-06 2.7806e-10 TSX
20130801 20151115 2.5902e-05 2.971e-10 TSX
20130817 20140209 0.00014161 5.4095e-10 TSX
20130828 20150312 -2.9642e-05 3.4105e-10 TSX
20130903 20150329 -0.00015866 3.4319e-10 TSX
20130919 20160309 2.6769e-05 2.9614e-10 TSX
20130925 20140708 8.395e-05 4.3172e-10 TSX
20130930 20160411 2.6299e-05 2.9958e-10 TSX
20131011 20150802 -2.9353e-05 3.2991e-10 TSX
20131017 20140719 -8.5137e-05 4.3887e-10 TSX
20131028 20160304 5.359e-05 3.1106e-10 TSX
20131102 20140519 -0.00020012 5.1711e-10 TSX
20131108 20140708 -4.7715e-05 4.6513e-10 TSX
20140209 20160309 -4.4432e-05 3.1517e-10 TSX
20140223 20140829 -2.1299e-05 5.1108e-10 TSX
20140408 20140705 -3.6031e-05 6.6133e-10 TSX
20140419 20170913 5.2314e-06 3.0194e-10 TSX
20140511 20141228 4.9291e-05 4.7017e-10 TSX
20140519 20150824 0.00010435 3.7157e-10 TSX
20140624 20171005 -7.8147e-06 2.7887e-10 TSX
20140627 20151115 1.5628e-05 3.4498e-10 TSX
20140705 20180911 -3.1882e-06 2.7653e-10 TSX
20140708 20160406 5.4099e-06 3.1864e-10 TSX
20140716 20171005 6.3637e-06 2.8052e-10 TSX
20140719 20151207 -3.2158e-05 3.4317e-10 TSX
20140727 20150326 -2.3086e-05 4.6151e-10 TSX
20140810 20150122 -3.0821e-05 5.3919e-10 TSX
20140818 20160301 6.4431e-05 3.2763e-10 TSX
20140829 20160208 1.2678e-05 3.345e-10 TSX
20140901 20140912 -0.00031685 9.6729e-10 TSX
20140912 20141209 7.1537e-05 6.6402e-10 TSX
20140920 20170902 -1.2489e-05 2.8621e-10 TSX
20141209 20160211 -6.7899e-05 3.6551e-10 TSX
20141217 20160722 -1.5568e-05 3.2502e-10 TSX
20141228 20160106 3.2031e-05 3.8263e-10 TSX
20141231 20151024 -2.4488e-05 4.2511e-10 TSX
20150105 20150824 -2.6562e-05 4.8706e-10 TSX
20150108 20170811 2.3629e-05 2.9608e-10 TSX
20150119 20160117 3.0194e-05 3.8789e-10 TSX
20150127 20160411 2.0836e-05 3.8231e-10 TSX
20150130 20151112 5.1942e-06 4.2892e-10 TSX
20150210 20170114 1.7631e-05 3.1889e-10 TSX
20150213 20160326 -0.00010717 4.5464e-10 TSX
20150218 20160216 -5.0355e-05 4.0528e-10 TSX
20150221 20180112 3.965e-07 2.9579e-10 TSX
20150304 20180911 -1.3578e-05 2.7219e-10 TSX
20150307 20160211 -7.5802e-05 4.0122e-10 TSX
20150312 20160320 -2.8757e-05 3.9906e-10 TSX
20150326 20150827 -1.2831e-05 5.5085e-10 TSX
20150329 20151207 -9.6685e-05 4.5491e-10 TSX
20150428 20160425 4.4214e-05 3.9104e-10 TSX
20150509 20150827 -0.00010418 6.1881e-10 TSX
20150517 20150824 -0.00015063 6.5653e-10 TSX
20150520 20180911 2.3933e-07 2.7809e-10 TSX
20150714 20170822 4.2402e-05 3.0487e-10 TSX
20150725 20170924 1.8005e-05 3.0831e-10 TSX
20150802 20160309 -7.332e-05 4.9591e-10 TSX
20150805 20160403 8.9946e-06 4.6239e-10 TSX
20150816 20171107 2.0254e-05 2.9628e-10 TSX
20150824 20150915 0.00072481 8.6135e-10 TSX
20150827 20170902 4.6145e-05 3.0717e-10 TSX
20150915 20160216 -0.00015532 5.6819e-10 TSX
20151021 20160904 -2.1264e-05 4.1224e-10 TSX
20151101 20171016 -1.3053e-06 3.0146e-10 TSX
20151112 20160425 3.2341e-05 5.3615e-10 TSX
20151115 20151229 0.00014832 7.7309e-10 TSX
20151123 20171221 3.7225e-05 2.9574e-10 TSX
20151204 20151215 0.00016403 9.7764e-10 TSX
20151207 20160406 -3.7715e-05 6.0215e-10 TSX
20151215 20170822 -1.3462e-06 3.1696e-10 TSX
20151226 20161223 3.1798e-05 3.9327e-10 TSX
20151229 20160211 3.8477e-05 7.7309e-10 TSX
20160106 20161223 4.0653e-05 3.9814e-10 TSX
20160117 20160926 -4.2003e-06 4.5298e-10 TSX
20160128 20160301 -0.00015597 8.0636e-10 TSX
20160208 20160312 -8.2758e-05 8.0636e-10 TSX
20160216 20160309 -0.00039915 8.6135e-10 TSX
20160219 20180319 -3.8792e-06 2.9841e-10 TSX
20160301 20161201 -1.8967e-05 4.3858e-10 TSX
20160304 20160326 8.4722e-05 8.4828e-10 TSX
20160312 20180319 -1.3128e-05 2.9854e-10 TSX
20160320 20160411 0.00044461 8.6136e-10 TSX
20160323 20171118 -2.8818e-06 3.1793e-10 TSX
20160326 20160406 -0.00051027 9.6722e-10 TSX
20160403 20171027 1.254e-05 3.2147e-10 TSX
20160425 20170811 -1.7184e-05 3.4612e-10 TSX
20160528 20160630 -3.0271e-05 8.0636e-10 TSX
20160630 20171118 1.9468e-05 3.3889e-10 TSX
20160722 20161201 -1.4028e-05 5.8135e-10 TSX
20160904 20180707 -4.8395e-06 3.2298e-10 TSX
20160915 20180911 -1.4531e-05 3.0097e-10 TSX
20160926 20170114 1.7481e-05 6.1801e-10 TSX
20161201 20171027 1.8814e-05 4.0668e-10 TSX
20161223 20171107 4.8311e-06 4.091e-10 TSX
20170114 20170902 -7.881e-05 4.686e-10 TSX
20170811 20171005 -6.23e-05 7.4126e-10 TSX
20170822 20180707 -2.4753e-05 4.1369e-10 TSX
20170913 20180707 -5.3674e-05 4.2498e-10 TSX
20170924 20180319 -5.09e-05 5.2322e-10 TSX
20171005 20171107 4.1447e-05 8.0636e-10 TSX
20171016 20180319 -7.7588e-05 5.5012e-10 TSX
20171027 20180911 -5.1261e-06 4.1375e-10 TSX
20171107 20171118 6.7129e-05 9.7764e-10 TSX
20171118 20171129 3.9622e-05 9.7764e-10 TSX
20171129 20171221 -3.0586e-05 8.5046e-10 TSX
20171210 20180820 -6.3242e-05 4.5354e-10 TSX
20171221 20180911 3.7821e-05 4.4573e-10 TSX
20180112 20181003 1.8574e-05 4.4574e-10 TSX
20180319 20180707 -0.00013249 6.1802e-10 TSX
20180707 20180911 0.00015227 7.1249e-10 TSX
20180729 20181003 1.2123e-05 7.1249e-10 TSX
20180820 20181003 0.00014391 7.7226e-10 TSX
20180911 20181003 -0.00013395 8.5046e-10 TSX
