20030427 20030914 0.00051621 5.6636e-10 ERS2
20030914 20080629 -0.00011396 2.7497e-10 ERS2
20050918 20090510 0.00010561 3.0213e-10 ERS2
20051127 20081116 0.00020619 3.001e-10 ERS2
20060903 20090510 -8.2795e-05 3.1617e-10 ERS2
20061231 20090105 -6.0847e-05 3.277e-10 ALOS
20070402 20070703 -0.00010737 6.6664e-10 ALOS
20070518 20091008 5.252e-05 3.3715e-10 ALOS
20070818 20071003 -0.00013195 7.7508e-10 ALOS
20071217 20100509 -0.00021287 2.9972e-10 ALOS
20080103 20100526 -4.3832e-05 3.0874e-10 ALOS
20080404 20080520 6.3072e-05 7.7564e-10 ALOS
20080618 20090921 1.9728e-05 3.7304e-10 ALOS
20080629 20090510 0.00021601 4.1575e-10 ERS2
20080705 20091008 -5.8392e-05 3.6826e-10 ALOS
20080803 20090823 -1.3227e-06 3.8332e-10 ERS2
20081116 20090823 -5.5537e-05 4.3202e-10 ERS2
20081219 20090921 -9.683e-05 4.5007e-10 ALOS
20090105 20090708 0.00039769 5.32e-10 ALOS
20090510 20091101 0.00070676 5.2426e-10 ERS2
20090708 20091008 0.00042412 6.6701e-10 ALOS
20090823 20091101 -0.00090414 6.9852e-10 ERS2
20091222 20100624 -0.00052297 5.2581e-10 ALOS
20100108 20100223 -0.00096952 7.7524e-10 ALOS
20100223 20100526 1.336e-05 6.6844e-10 ALOS
20100410 20100711 -8.501e-05 6.6749e-10 ALOS
20100509 20100624 0.00055527 7.7311e-10 ALOS
20100526 20100711 0.0004676 7.7521e-10 ALOS
20100624 20101109 0.00020509 5.8399e-10 ALOS
20100711 20101011 -0.00023828 6.6584e-10 ALOS
20100809 20101109 -1.9583e-05 6.6356e-10 ALOS
20101011 20101126 0.00016497 7.7509e-10 ALOS
20110111 20110226 0.00051877 7.7507e-10 ALOS
20110924 20130715 1.1707e-05 3.2289e-10 TSX
20111005 20121229 5.0832e-05 3.7366e-10 TSX
20111121 20171221 5.5739e-05 4.1538e-10 TSX
20111221 20130131 9.7504e-06 3.8544e-10 TSX
20111224 20121027 8.6085e-05 4.1943e-10 TSX
20120126 20140419 1.0065e-05 3.2106e-10 TSX
20120203 20160320 1.0424e-05 3.0659e-10 TSX
20120206 20171107 7.6004e-06 3.7196e-10 TSX
20120617 20171129 6.1725e-05 4.4881e-10 TSX
20120723 20160120 4.0086e-05 3.5552e-10 TSX
20121024 20130109 0.00013804 7.0157e-10 TSX
20121027 20151226 2.2795e-05 4.1045e-10 TSX
20121030 20130311 -1.3124e-06 5.8465e-10 TSX
20121107 20171118 7.22e-05 4.5687e-10 TSX
20121221 20160208 9.6919e-05 3.3597e-10 TSX
20121224 20130516 -2.5184e-05 5.6849e-10 TSX
20121229 20130407 6.9228e-06 6.561e-10 TSX
20130104 20130217 -9.5577e-05 7.7308e-10 TSX
20130109 20130715 -8.6476e-05 5.3176e-10 TSX
20130112 20140511 -1.7272e-05 3.5659e-10 TSX
20130115 20130721 -0.00016397 5.1468e-10 TSX
20130126 20130823 -0.00010407 5.2437e-10 TSX
20130131 20130429 -0.00013178 6.7798e-10 TSX
20130203 20130729 7.746e-05 5.2316e-10 TSX
20130211 20130919 7.429e-06 4.9596e-10 TSX
20130228 20141209 3.1428e-05 3.2823e-10 TSX
20130311 20130801 -2.7405e-05 5.6847e-10 TSX
20130316 20130623 -1.0234e-05 6.5612e-10 TSX
20130402 20150122 0.0001109 3.6824e-10 TSX
20130407 20140530 -2.7201e-05 3.8086e-10 TSX
20130421 20171016 6.3144e-05 4.4654e-10 TSX
20130424 20130721 -0.00024417 6.6409e-10 TSX
20130429 20130623 -9.9425e-06 7.541e-10 TSX
20130505 20131028 -0.00046346 5.76e-10 TSX
20130513 20151112 0.00010584 3.1626e-10 TSX
20130516 20131017 -0.00023302 5.7021e-10 TSX
20130521 20130715 0.00010634 7.5411e-10 TSX
20130524 20171129 9.413e-05 3.7318e-10 TSX
20130527 20140627 -4.3301e-05 3.8864e-10 TSX
20130601 20130930 4.1853e-05 6.1703e-10 TSX
20130604 20141217 3.9859e-05 3.4498e-10 TSX
20130607 20140719 9.8446e-06 3.8168e-10 TSX
20130612 20150105 2.2805e-05 3.4286e-10 TSX
20130615 20160106 6.3476e-05 3.5597e-10 TSX
20130618 20140708 4.7799e-05 3.9016e-10 TSX
20130623 20130715 0.00061052 8.6131e-10 TSX
20130629 20130914 0.00015687 6.9843e-10 TSX
20130707 20150130 8.1172e-06 3.4001e-10 TSX
20130710 20140901 5.0632e-05 3.7849e-10 TSX
20130715 20130726 -0.0023397 1.0103e-09 TSX
20130721 20131108 0.00060581 6.4244e-10 TSX
20130726 20150517 6.0379e-05 3.4112e-10 TSX
20130729 20160904 5.1557e-05 3.9044e-10 TSX
20130801 20151115 5.99e-05 3.3662e-10 TSX
20130817 20140209 5.2764e-05 5.4098e-10 TSX
20130828 20150312 3.8456e-05 3.4926e-10 TSX
20130903 20150329 -0.00012745 3.4939e-10 TSX
20130919 20160309 0.00010167 3.4127e-10 TSX
20130925 20140708 9.7756e-05 4.4262e-10 TSX
20130930 20160411 2.2396e-05 2.9733e-10 TSX
20131011 20150802 1.1275e-05 3.7168e-10 TSX
20131017 20140719 -5.6794e-05 4.5589e-10 TSX
20131028 20160304 4.5393e-05 4.2727e-10 TSX
20131102 20140519 -0.00016887 5.1713e-10 TSX
20131108 20140708 4.8991e-05 4.7554e-10 TSX
20140209 20160309 3.6166e-06 3.5967e-10 TSX
20140223 20140829 8.1417e-05 5.1108e-10 TSX
20140408 20140705 7.3421e-06 6.6124e-10 TSX
20140419 20170913 0.00013336 4.1646e-10 TSX
20140511 20141228 0.0001096 4.7014e-10 TSX
20140519 20150824 0.00011661 3.9591e-10 TSX
20140624 20171005 6.2413e-05 3.7805e-10 TSX
20140627 20151115 8.7435e-05 3.6494e-10 TSX
20140705 20180911 5.5465e-05 3.634e-10 TSX
20140708 20160406 1.2608e-05 3.4831e-10 TSX
20140716 20171005 0.00011038 3.7495e-10 TSX
20140719 20151207 7.3466e-05 3.544e-10 TSX
20140727 20150326 -2.1143e-05 4.6151e-10 TSX
20140810 20150122 8.6266e-05 5.3922e-10 TSX
20140818 20160301 8.9739e-05 3.5776e-10 TSX
20140829 20160208 6.1619e-05 3.9975e-10 TSX
20140901 20140912 -0.00030408 9.6716e-10 TSX
20140912 20141209 5.0237e-05 6.6403e-10 TSX
20140920 20170902 9.9722e-05 3.5086e-10 TSX
20141209 20160211 4.0499e-05 3.8612e-10 TSX
20141217 20160722 0.00012887 4.2785e-10 TSX
20141228 20160106 8.4329e-05 4.1059e-10 TSX
20141231 20151024 4.0542e-05 4.4284e-10 TSX
20150105 20150824 -1.1723e-05 4.9956e-10 TSX
20150108 20170811 -8.2531e-06 3.4147e-10 TSX
20150119 20160117 0.00016527 4.4385e-10 TSX
20150127 20160411 6.2991e-05 3.9085e-10 TSX
20150130 20151112 0.0001142 4.77e-10 TSX
20150210 20170114 0.00012442 3.6458e-10 TSX
20150213 20160326 0.00015591 3.9999e-10 TSX
20150218 20160216 4.8916e-05 4.1034e-10 TSX
20150221 20180112 0.00011837 3.2836e-10 TSX
20150304 20180911 2.6964e-05 4.8748e-10 TSX
20150307 20160211 7.0625e-05 4.1236e-10 TSX
20150312 20160320 -1.6235e-05 4.0215e-10 TSX
20150326 20150827 0.00019913 5.6185e-10 TSX
20150329 20151207 3.8897e-05 4.5846e-10 TSX
20150428 20160425 0.00012948 4.0828e-10 TSX
20150509 20150827 0.00012771 6.6088e-10 TSX
20150517 20150824 -4.3487e-05 6.6164e-10 TSX
20150520 20180911 7.319e-05 4.229e-10 TSX
20150714 20170822 7.8202e-05 3.5331e-10 TSX
20150725 20170924 8.5027e-05 3.4503e-10 TSX
20150802 20160309 3.7002e-05 4.9655e-10 TSX
20150805 20160403 1.8583e-05 4.6726e-10 TSX
20150816 20171107 6.6009e-05 3.0073e-10 TSX
20150824 20150915 0.00072342 8.6121e-10 TSX
20150827 20170902 3.7559e-05 3.2752e-10 TSX
20150915 20160216 -7.7685e-05 5.6834e-10 TSX
20151021 20160904 -6.5297e-06 4.2295e-10 TSX
20151101 20171016 6.1764e-05 3.355e-10 TSX
20151112 20160425 4.6186e-05 5.3611e-10 TSX
20151115 20151229 0.00015949 7.7307e-10 TSX
20151123 20171221 5.4218e-05 3.2634e-10 TSX
20151204 20151215 0.00018452 9.7708e-10 TSX
20151207 20160406 -3.9961e-05 6.0215e-10 TSX
20151215 20170822 9.1502e-05 3.5764e-10 TSX
20151226 20161223 0.00013184 3.9361e-10 TSX
20151229 20160211 1.6141e-05 7.7307e-10 TSX
20160106 20161223 0.00013645 3.9849e-10 TSX
20160117 20160926 0.00014778 4.5318e-10 TSX
20160128 20160301 -0.00021089 8.0603e-10 TSX
20160208 20160312 -3.3981e-05 8.0603e-10 TSX
20160216 20160309 -0.00040981 8.6121e-10 TSX
20160219 20180319 5.1709e-05 2.9962e-10 TSX
20160301 20161201 0.00017012 4.3857e-10 TSX
20160304 20160326 8.3882e-05 8.4819e-10 TSX
20160312 20180319 1.8425e-05 3.1117e-10 TSX
20160320 20160411 0.0003817 8.6121e-10 TSX
20160323 20171118 0.00010543 3.2751e-10 TSX
20160326 20160406 -0.00054293 9.6709e-10 TSX
20160403 20171027 0.00013454 3.619e-10 TSX
20160425 20170811 0.000115 3.7013e-10 TSX
20160528 20160630 8.2403e-05 8.0603e-10 TSX
20160630 20171118 9.6821e-05 3.4817e-10 TSX
20160722 20161201 0.00024237 5.8131e-10 TSX
20160904 20180707 4.4367e-06 3.3267e-10 TSX
20160915 20180911 1.2481e-05 3.0386e-10 TSX
20160926 20170114 5.8136e-05 6.1795e-10 TSX
20161201 20171027 4.3835e-05 4.0789e-10 TSX
20161223 20171107 2.9496e-05 4.1055e-10 TSX
20170114 20170902 2.9914e-05 4.7648e-10 TSX
20170811 20171005 -1.396e-05 7.4109e-10 TSX
20170822 20180707 -9.9792e-05 4.1356e-10 TSX
20170913 20180707 -0.00013664 4.2508e-10 TSX
20170924 20180319 -0.0001391 5.2318e-10 TSX
20171005 20171107 4.1689e-05 8.0603e-10 TSX
20171016 20180319 -0.00012456 5.5008e-10 TSX
20171027 20180911 -3.0514e-05 4.136e-10 TSX
20171107 20171118 8.4334e-05 9.7708e-10 TSX
20171118 20171129 4.7292e-05 9.7708e-10 TSX
20171129 20171221 7.662e-06 8.5001e-10 TSX
20171210 20180820 -3.5139e-05 4.5343e-10 TSX
20171221 20180911 -5.7522e-05 4.4574e-10 TSX
20180112 20181003 1.6115e-05 4.4574e-10 TSX
20180319 20180707 -5.8523e-05 6.1796e-10 TSX
20180707 20180911 0.0003409 7.1237e-10 TSX
20180729 20181003 9.1853e-05 7.1237e-10 TSX
20180820 20181003 0.00015786 7.7203e-10 TSX
20180911 20181003 -0.00017583 8.5001e-10 TSX
