20030427 20030914 0.00049312 5.6593e-10 ERS2
20030914 20080629 1.6888e-05 2.7973e-10 ERS2
20050918 20090510 -3.2148e-05 3.0016e-10 ERS2
20051127 20081116 4.4304e-05 3.1316e-10 ERS2
20060903 20090510 1.8489e-05 3.2367e-10 ERS2
20061231 20090105 0.00052475 3.1299e-10 ALOS
20070402 20070703 -6.3286e-06 6.6625e-10 ALOS
20070518 20091008 0.00051557 2.9849e-10 ALOS
20070818 20071003 -0.00022553 7.7501e-10 ALOS
20071217 20100509 0.00035842 2.9816e-10 ALOS
20080103 20100526 0.000286 2.9847e-10 ALOS
20080404 20080520 6.0395e-05 7.7503e-10 ALOS
20080618 20090921 0.00037294 3.7284e-10 ALOS
20080629 20090510 -0.00032692 4.1247e-10 ERS2
20080705 20091008 0.00030762 3.6533e-10 ALOS
20080803 20090823 2.9996e-05 3.8277e-10 ERS2
20081116 20090823 0.00011523 4.3194e-10 ERS2
20081219 20090921 0.00075582 4.4606e-10 ALOS
20090105 20090708 0.00019132 5.2803e-10 ALOS
20090510 20091101 -2.1413e-06 5.2008e-10 ERS2
20090708 20091008 0.00098413 6.6618e-10 ALOS
20090823 20091101 -0.00013882 6.985e-10 ERS2
20091222 20100624 0.00084525 5.2537e-10 ALOS
20100108 20100223 0.00076944 7.7505e-10 ALOS
20100223 20100526 -3.8921e-05 6.6624e-10 ALOS
20100410 20100711 6.1397e-05 6.6601e-10 ALOS
20100509 20100624 0.00067806 7.7305e-10 ALOS
20100526 20100711 0.00061133 7.7503e-10 ALOS
20100624 20101109 0.00023281 5.8396e-10 ALOS
20100711 20101011 0.00035743 6.6622e-10 ALOS
20100809 20101109 8.5259e-05 6.6352e-10 ALOS
20101011 20101126 0.00013337 7.7502e-10 ALOS
20110111 20110226 0.00072638 7.7501e-10 ALOS
20110924 20130715 0.00029562 3.2756e-10 TSX
20111005 20121229 0.00015772 3.6925e-10 TSX
20111121 20171221 2.7789e-05 3.5615e-10 TSX
20111221 20130131 0.00021753 3.8523e-10 TSX
20111224 20121027 1.7646e-05 4.1933e-10 TSX
20120126 20140419 -3.3149e-06 3.2832e-10 TSX
20120203 20160320 6.742e-05 2.8206e-10 TSX
20120206 20171107 3.8563e-05 4.1591e-10 TSX
20120617 20171129 9.3821e-05 3.3206e-10 TSX
20120723 20160120 9.9824e-05 3.7214e-10 TSX
20121024 20130109 6.4253e-05 7.0152e-10 TSX
20121027 20151226 0.00017366 3.4956e-10 TSX
20121030 20130311 0.00011042 5.8464e-10 TSX
20121107 20171118 9.2463e-06 3.6554e-10 TSX
20121221 20160208 2.7029e-05 3.7615e-10 TSX
20121224 20130516 9.621e-05 5.6849e-10 TSX
20121229 20130407 0.00027478 6.5604e-10 TSX
20130104 20130217 0.00021326 7.7304e-10 TSX
20130109 20130715 0.00030082 5.2846e-10 TSX
20130112 20140511 8.2637e-06 3.5883e-10 TSX
20130115 20130721 6.6375e-05 5.142e-10 TSX
20130126 20130823 0.00012901 5.1296e-10 TSX
20130131 20130429 3.4478e-06 6.7793e-10 TSX
20130203 20130729 6.6152e-05 5.2311e-10 TSX
20130211 20130919 0.00024576 4.9593e-10 TSX
20130228 20141209 0.00010998 3.1857e-10 TSX
20130311 20130801 0.00016499 5.6842e-10 TSX
20130316 20130623 0.00022671 6.5606e-10 TSX
20130402 20150122 -4.9096e-06 3.3546e-10 TSX
20130407 20140530 0.00015323 3.8074e-10 TSX
20130421 20171016 -1.1047e-05 3.327e-10 TSX
20130424 20130721 -2.2856e-05 6.6401e-10 TSX
20130429 20130623 0.00010111 7.54e-10 TSX
20130505 20131028 -0.0002184 5.4017e-10 TSX
20130513 20151112 -6.6278e-05 3.2368e-10 TSX
20130516 20131017 3.0279e-05 5.6746e-10 TSX
20130521 20130715 0.0003502 7.5404e-10 TSX
20130524 20171129 4.2107e-05 3.5788e-10 TSX
20130527 20140627 0.00018461 3.8376e-10 TSX
20130601 20130930 0.00028179 6.1697e-10 TSX
20130604 20141217 2.2865e-05 3.4367e-10 TSX
20130607 20140719 0.00018778 3.801e-10 TSX
20130612 20150105 0.00018045 3.3855e-10 TSX
20130615 20160106 8.9476e-05 3.2644e-10 TSX
20130618 20140708 0.00013781 3.8833e-10 TSX
20130623 20130715 0.00065387 8.6124e-10 TSX
20130629 20130914 0.00034877 6.882e-10 TSX
20130707 20150130 1.8619e-05 3.3967e-10 TSX
20130710 20140901 0.00015374 3.768e-10 TSX
20130715 20130726 -0.0024749 1.0102e-09 TSX
20130721 20131108 0.00078487 6.2361e-10 TSX
20130726 20150517 0.00021583 3.231e-10 TSX
20130729 20160904 5.4622e-05 3.2378e-10 TSX
20130801 20151115 0.00012891 3.2253e-10 TSX
20130817 20140209 8.0879e-05 5.4096e-10 TSX
20130828 20150312 0.00021981 3.4183e-10 TSX
20130903 20150329 -1.1603e-05 3.5143e-10 TSX
20130919 20160309 -0.00013334 2.9173e-10 TSX
20130925 20140708 0.00014972 4.3131e-10 TSX
20130930 20160411 0.00024581 2.9817e-10 TSX
20131011 20150802 0.00013461 3.3757e-10 TSX
20131017 20140719 0.0001117 4.3888e-10 TSX
20131028 20160304 9.4187e-05 3.0756e-10 TSX
20131102 20140519 -0.00011741 5.1709e-10 TSX
20131108 20140708 8.6012e-05 4.6391e-10 TSX
20140209 20160309 8.4642e-05 3.2636e-10 TSX
20140223 20140829 5.8097e-06 5.1109e-10 TSX
20140408 20140705 2.2202e-05 6.6125e-10 TSX
20140419 20170913 2.2185e-05 3.7288e-10 TSX
20140511 20141228 4.2975e-05 4.7008e-10 TSX
20140519 20150824 0.00030351 3.7631e-10 TSX
20140624 20171005 0.00013614 3.7388e-10 TSX
20140627 20151115 0.00015878 3.596e-10 TSX
20140705 20180911 6.1481e-07 3.4746e-10 TSX
20140708 20160406 0.00015979 3.3924e-10 TSX
20140716 20171005 5.6558e-05 3.7058e-10 TSX
20140719 20151207 0.00015536 3.4941e-10 TSX
20140727 20150326 -5.504e-05 4.6162e-10 TSX
20140810 20150122 0.00013207 5.3922e-10 TSX
20140818 20160301 2.8256e-05 3.7518e-10 TSX
20140829 20160208 5.9321e-05 3.7663e-10 TSX
20140901 20140912 -0.00030885 9.671e-10 TSX
20140912 20141209 0.00014538 6.6401e-10 TSX
20140920 20170902 5.3949e-05 3.3988e-10 TSX
20141209 20160211 0.00013307 3.7704e-10 TSX
20141217 20160722 6.9097e-05 3.6681e-10 TSX
20141228 20160106 6.843e-05 3.9856e-10 TSX
20141231 20151024 0.00017059 4.2809e-10 TSX
20150105 20150824 0.00012437 4.8987e-10 TSX
20150108 20170811 0.00012577 3.3547e-10 TSX
20150119 20160117 6.8927e-05 4.1747e-10 TSX
20150127 20160411 0.00020115 3.7759e-10 TSX
20150130 20151112 6.2971e-05 4.4208e-10 TSX
20150210 20170114 4.0333e-05 3.6041e-10 TSX
20150213 20160326 -1.5339e-05 4.0385e-10 TSX
20150218 20160216 0.00020343 4.0904e-10 TSX
20150221 20180112 2.3309e-05 3.241e-10 TSX
20150304 20180911 6.6275e-05 3.4448e-10 TSX
20150307 20160211 0.00017677 4.0588e-10 TSX
20150312 20160320 0.00010374 4.023e-10 TSX
20150326 20150827 0.00014865 5.5374e-10 TSX
20150329 20151207 0.00020858 4.5796e-10 TSX
20150428 20160425 4.5218e-05 4.1988e-10 TSX
20150509 20150827 0.00014306 6.2294e-10 TSX
20150517 20150824 7.4611e-05 6.5694e-10 TSX
20150520 20180911 -2.8932e-05 4.2e-10 TSX
20150714 20170822 6.6384e-05 3.3022e-10 TSX
20150725 20170924 9.1244e-05 3.0228e-10 TSX
20150802 20160309 0.00010787 4.9593e-10 TSX
20150805 20160403 -4.9902e-05 4.6161e-10 TSX
20150816 20171107 4.8738e-05 3.1648e-10 TSX
20150824 20150915 0.00069626 8.6112e-10 TSX
20150827 20170902 3.7191e-05 3.2639e-10 TSX
20150915 20160216 5.5336e-05 5.6817e-10 TSX
20151021 20160904 -9.0967e-06 4.129e-10 TSX
20151101 20171016 6.1827e-05 3.2599e-10 TSX
20151112 20160425 -6.5589e-05 5.3611e-10 TSX
20151115 20151229 0.00019541 7.7304e-10 TSX
20151123 20171221 1.3835e-05 3.2475e-10 TSX
20151204 20151215 0.00017864 9.7717e-10 TSX
20151207 20160406 -7.3634e-05 6.0214e-10 TSX
20151215 20170822 2.9022e-05 3.4547e-10 TSX
20151226 20161223 2.4757e-05 3.9436e-10 TSX
20151229 20160211 6.7946e-05 7.7304e-10 TSX
20160106 20161223 3.4035e-05 3.9824e-10 TSX
20160117 20160926 -1.5762e-08 4.5317e-10 TSX
20160128 20160301 -0.00026724 8.0608e-10 TSX
20160208 20160312 -5.6311e-05 8.0608e-10 TSX
20160216 20160309 -0.00042316 8.6112e-10 TSX
20160219 20180319 1.6604e-05 3.1364e-10 TSX
20160301 20161201 7.8345e-05 4.3889e-10 TSX
20160304 20160326 6.1549e-05 8.4814e-10 TSX
20160312 20180319 4.3722e-06 3.1921e-10 TSX
20160320 20160411 0.00045086 8.6112e-10 TSX
20160323 20171118 7.34e-05 3.2829e-10 TSX
20160326 20160406 -0.00048636 9.6703e-10 TSX
20160403 20171027 3.7995e-05 3.3519e-10 TSX
20160425 20170811 3.2731e-05 3.6548e-10 TSX
20160528 20160630 3.9533e-05 8.0608e-10 TSX
20160630 20171118 4.0201e-05 3.493e-10 TSX
20160722 20161201 0.00010655 5.8132e-10 TSX
20160904 20180707 -3.3949e-05 3.4419e-10 TSX
20160915 20180911 8.9902e-06 3.309e-10 TSX
20160926 20170114 -6.021e-05 6.1796e-10 TSX
20161201 20171027 -1.7229e-05 4.096e-10 TSX
20161223 20171107 -5.6691e-06 4.1159e-10 TSX
20170114 20170902 1.0196e-05 4.6938e-10 TSX
20170811 20171005 -7.8279e-05 7.4112e-10 TSX
20170822 20180707 -0.00011509 4.1369e-10 TSX
20170913 20180707 -0.00017241 4.2533e-10 TSX
20170924 20180319 -0.00026013 5.2313e-10 TSX
20171005 20171107 2.6983e-05 8.0608e-10 TSX
20171016 20180319 -0.00028145 5.5e-10 TSX
20171027 20180911 -8.1319e-05 4.1386e-10 TSX
20171107 20171118 6.4873e-05 9.7717e-10 TSX
20171118 20171129 5.0643e-05 9.7717e-10 TSX
20171129 20171221 -1.4153e-05 8.5008e-10 TSX
20171210 20180820 -0.00012103 4.535e-10 TSX
20171221 20180911 -1.9671e-05 4.4596e-10 TSX
20180112 20181003 -5.4955e-05 4.4567e-10 TSX
20180319 20180707 -1.0157e-05 6.1795e-10 TSX
20180707 20180911 0.00029591 7.1238e-10 TSX
20180729 20181003 0.00011627 7.1239e-10 TSX
20180820 20181003 0.00025227 7.7206e-10 TSX
20180911 20181003 -0.0001289 8.5009e-10 TSX
