20030427 20030914 0.00077599 5.8718e-10 ERS2
20030914 20080629 -6.1515e-05 2.7757e-10 ERS2
20050918 20090510 -1.9901e-05 2.9787e-10 ERS2
20051127 20081116 -4.6895e-05 3.0618e-10 ERS2
20060903 20090510 -7.811e-05 3.1523e-10 ERS2
20061231 20090105 4.1194e-05 3.2145e-10 ALOS
20070402 20070703 -0.00016702 6.8694e-10 ALOS
20070518 20091008 -5.456e-05 3.0977e-10 ALOS
20070818 20071003 -0.00035509 7.928e-10 ALOS
20071217 20100509 -1.4424e-06 3.0995e-10 ALOS
20080103 20100526 -3.6977e-05 3.1533e-10 ALOS
20080404 20080520 9.7466e-05 7.928e-10 ALOS
20080618 20090921 -0.00015756 3.7899e-10 ALOS
20080629 20090510 -0.00029398 4.1804e-10 ERS2
20080705 20091008 -6.9146e-05 3.7106e-10 ALOS
20080803 20090823 -6.0085e-05 3.8538e-10 ERS2
20081116 20090823 4.4614e-05 4.3844e-10 ERS2
20081219 20090921 0.00049153 4.525e-10 ALOS
20090105 20090708 0.00016386 5.4195e-10 ALOS
20090510 20091101 -0.00029011 5.353e-10 ERS2
20090708 20091008 0.00056183 6.8676e-10 ALOS
20090823 20091101 -5.6301e-05 7.2252e-10 ERS2
20091222 20100624 0.00035139 5.3716e-10 ALOS
20100108 20100223 0.00030029 7.9275e-10 ALOS
20100223 20100526 2.0783e-05 6.874e-10 ALOS
20100410 20100711 -9.5016e-05 6.8694e-10 ALOS
20100509 20100624 0.00076073 7.9053e-10 ALOS
20100526 20100711 0.00051136 7.9281e-10 ALOS
20100624 20101109 -7.2241e-05 6.0013e-10 ALOS
20100711 20101011 -0.00013006 6.8697e-10 ALOS
20100809 20101109 -0.00023681 6.8364e-10 ALOS
20101011 20101126 0.00030989 7.9281e-10 ALOS
20110111 20110226 0.00077235 7.9279e-10 ALOS
20110924 20130715 0.00011283 3.3141e-10 TSX
20111005 20121229 2.2714e-06 3.7453e-10 TSX
20111121 20171221 -1.1535e-05 2.5237e-10 TSX
20111221 20130131 4.6268e-05 3.9155e-10 TSX
20111224 20121027 -2.0421e-05 4.2552e-10 TSX
20120126 20140419 1.2975e-05 2.9275e-10 TSX
20120203 20160320 -1.6667e-05 2.5386e-10 TSX
20120206 20171107 2.4308e-06 2.538e-10 TSX
20120617 20171129 -5.4979e-06 2.6615e-10 TSX
20120723 20160120 6.5439e-05 2.7614e-10 TSX
20121024 20130109 0.00016153 7.233e-10 TSX
20121027 20151226 -3.8652e-06 2.6828e-10 TSX
20121030 20130311 5.4169e-05 5.9948e-10 TSX
20121107 20171118 -7.8067e-06 2.6412e-10 TSX
20121221 20160208 1.1674e-05 2.6927e-10 TSX
20121224 20130516 -0.00027939 5.8217e-10 TSX
20121229 20130407 3.5262e-05 6.7741e-10 TSX
20130104 20130217 2.7427e-05 7.8953e-10 TSX
20130109 20130715 0.00015754 5.4197e-10 TSX
20130112 20140511 -1.0281e-05 3.5525e-10 TSX
20130115 20130721 -0.00028139 5.2345e-10 TSX
20130126 20130823 -0.00030166 5.52e-10 TSX
20130131 20130429 -0.00017362 6.9971e-10 TSX
20130203 20130729 -5.2241e-05 5.3999e-10 TSX
20130211 20130919 2.9311e-05 5.0684e-10 TSX
20130228 20141209 2.5237e-05 3.1977e-10 TSX
20130311 20130801 -7.5211e-05 5.8211e-10 TSX
20130316 20130623 2.4235e-05 6.7742e-10 TSX
20130402 20150122 -1.9098e-05 3.6935e-10 TSX
20130407 20140530 -4.4614e-05 3.8652e-10 TSX
20130421 20171016 3.7178e-07 2.8446e-10 TSX
20130424 20130721 -0.00037615 6.829e-10 TSX
20130429 20130623 -8.1014e-05 7.7389e-10 TSX
20130505 20131028 -0.0011847 5.9277e-10 TSX
20130513 20151112 -8.0545e-06 2.8267e-10 TSX
20130516 20131017 -0.00034312 5.8822e-10 TSX
20130521 20130715 0.00027348 7.7392e-10 TSX
20130524 20171129 1.7102e-05 2.7345e-10 TSX
20130527 20140627 1.6957e-05 3.8883e-10 TSX
20130601 20130930 0.00030628 6.367e-10 TSX
20130604 20141217 6.7502e-06 3.3779e-10 TSX
20130607 20140719 1.7234e-05 3.8518e-10 TSX
20130612 20150105 -1.92e-05 3.4454e-10 TSX
20130615 20160106 -3.4538e-06 2.8282e-10 TSX
20130618 20140708 -2.954e-05 3.9312e-10 TSX
20130623 20130715 0.00071744 8.7339e-10 TSX
20130629 20130914 0.00043847 7.1792e-10 TSX
20130707 20150130 2.0187e-06 3.3738e-10 TSX
20130710 20140901 2.051e-05 3.8207e-10 TSX
20130715 20130726 -0.0025746 1.02e-09 TSX
20130721 20131108 0.0010685 6.8469e-10 TSX
20130726 20150517 0.00013679 3.3007e-10 TSX
20130729 20160904 -9.0281e-06 2.7188e-10 TSX
20130801 20151115 6.1104e-06 2.9758e-10 TSX
20130817 20140209 -2.0751e-05 5.5542e-10 TSX
20130828 20150312 9.5427e-05 3.4657e-10 TSX
20130903 20150329 -0.00030876 3.6537e-10 TSX
20130919 20160309 1.0731e-05 2.8323e-10 TSX
20130925 20140708 -1.4735e-05 4.5562e-10 TSX
20130930 20160411 -5.2381e-06 2.7506e-10 TSX
20131011 20150802 3.7153e-06 3.2619e-10 TSX
20131017 20140719 -7.2616e-05 4.4441e-10 TSX
20131028 20160304 -6.7967e-05 4.1124e-10 TSX
20131102 20140519 -0.0003107 5.2965e-10 TSX
20131108 20140708 -5.4969e-05 4.9065e-10 TSX
20140209 20160309 4.0914e-05 3.1309e-10 TSX
20140223 20140829 -1.1658e-05 5.2696e-10 TSX
20140408 20140705 -1.5541e-05 6.877e-10 TSX
20140419 20170913 -4.8588e-06 2.8292e-10 TSX
20140511 20141228 4.5652e-05 4.816e-10 TSX
20140519 20150824 0.00017344 3.6984e-10 TSX
20140624 20171005 2.6332e-06 2.6998e-10 TSX
20140627 20151115 -3.8718e-05 3.45e-10 TSX
20140705 20180911 5.0572e-06 2.6365e-10 TSX
20140708 20160406 6.4234e-05 3.1918e-10 TSX
20140716 20171005 -2.7476e-06 2.6695e-10 TSX
20140719 20151207 2.7089e-05 3.4486e-10 TSX
20140727 20150326 2.1053e-05 4.7206e-10 TSX
20140810 20150122 -5.0028e-05 5.506e-10 TSX
20140818 20160301 1.032e-05 3.2782e-10 TSX
20140829 20160208 6.1224e-06 3.3419e-10 TSX
20140901 20140912 -0.00030414 9.7536e-10 TSX
20140912 20141209 1.6638e-05 6.8289e-10 TSX
20140920 20170902 7.156e-06 2.764e-10 TSX
20141209 20160211 -1.2578e-05 3.6745e-10 TSX
20141217 20160722 -2.3793e-06 3.2192e-10 TSX
20141228 20160106 -5.7919e-06 3.8696e-10 TSX
20141231 20151024 4.9849e-05 4.2932e-10 TSX
20150105 20150824 -4.4713e-05 4.9621e-10 TSX
20150108 20170811 -1.2458e-05 2.8459e-10 TSX
20150119 20160117 -6.7829e-06 3.9231e-10 TSX
20150127 20160411 8.2016e-05 3.7523e-10 TSX
20150130 20151112 -2.5642e-05 4.3655e-10 TSX
20150210 20170114 4.7615e-06 3.0488e-10 TSX
20150213 20160326 0.00029518 4.6078e-10 TSX
20150218 20160216 3.7024e-05 4.0832e-10 TSX
20150221 20180112 -1.9368e-05 3.1255e-10 TSX
20150304 20180911 1.0033e-05 2.7077e-10 TSX
20150307 20160211 2.6193e-05 4.0487e-10 TSX
20150312 20160320 -7.4509e-05 4.0309e-10 TSX
20150326 20150827 -4.8521e-05 5.6916e-10 TSX
20150329 20151207 -5.511e-05 4.6048e-10 TSX
20150428 20160425 7.8018e-06 3.9203e-10 TSX
20150509 20150827 -8.8066e-05 6.4267e-10 TSX
20150517 20150824 -0.0001534 6.7743e-10 TSX
20150520 20180911 4.8415e-06 2.7278e-10 TSX
20150714 20170822 -5.7401e-06 2.963e-10 TSX
20150725 20170924 -7.4479e-06 2.9671e-10 TSX
20150802 20160309 -0.0001268 5.0684e-10 TSX
20150805 20160403 4.8084e-05 4.7181e-10 TSX
20150816 20171107 1.0596e-05 2.9362e-10 TSX
20150824 20150915 0.00073803 8.7328e-10 TSX
20150827 20170902 4.0112e-06 2.995e-10 TSX
20150915 20160216 -0.00013926 5.8474e-10 TSX
20151021 20160904 -1.9382e-05 4.181e-10 TSX
20151101 20171016 1.1319e-06 3.0287e-10 TSX
20151112 20160425 3.8226e-05 5.5423e-10 TSX
20151115 20151229 0.00022109 7.8953e-10 TSX
20151123 20171221 1.1409e-05 2.9929e-10 TSX
20151204 20151215 0.00014542 9.8722e-10 TSX
20151207 20160406 -4.2428e-05 6.1814e-10 TSX
20151215 20170822 2.6417e-05 3.1722e-10 TSX
20151226 20161223 7.3444e-06 3.9724e-10 TSX
20151229 20160211 1.743e-05 7.8953e-10 TSX
20160106 20161223 2.6301e-05 4.0226e-10 TSX
20160117 20160926 5.6115e-06 4.6273e-10 TSX
20160128 20160301 -0.00013872 8.2396e-10 TSX
20160208 20160312 -0.00010126 8.2396e-10 TSX
20160216 20160309 -0.00043708 8.7328e-10 TSX
20160219 20180319 1.0752e-05 2.9787e-10 TSX
20160301 20161201 6.8828e-06 4.4658e-10 TSX
20160304 20160326 6.9194e-05 8.5898e-10 TSX
20160312 20180319 2.7074e-06 2.999e-10 TSX
20160320 20160411 0.00041884 8.7329e-10 TSX
20160323 20171118 -8.5909e-07 3.1937e-10 TSX
20160326 20160406 -0.00055797 9.7529e-10 TSX
20160403 20171027 -6.4402e-06 3.2489e-10 TSX
20160425 20170811 -4.6319e-06 3.4986e-10 TSX
20160528 20160630 -5.214e-05 8.2396e-10 TSX
20160630 20171118 3.209e-05 3.4181e-10 TSX
20160722 20161201 4.8292e-05 6.0353e-10 TSX
20160904 20180707 2.6344e-05 3.2215e-10 TSX
20160915 20180911 2.7115e-05 3.0218e-10 TSX
20160926 20170114 5.9024e-05 6.4274e-10 TSX
20161201 20171027 7.5287e-06 4.1239e-10 TSX
20161223 20171107 -6.5366e-07 4.1559e-10 TSX
20170114 20170902 -3.3038e-05 4.8099e-10 TSX
20170811 20171005 -9.2791e-06 7.6547e-10 TSX
20170822 20180707 7.4323e-06 4.1935e-10 TSX
20170913 20180707 -8.7873e-06 4.3175e-10 TSX
20170924 20180319 6.7919e-05 5.4029e-10 TSX
20171005 20171107 4.8725e-05 8.2396e-10 TSX
20171016 20180319 7.9873e-05 5.6956e-10 TSX
20171027 20180911 3.259e-05 4.1928e-10 TSX
20171107 20171118 7.4005e-05 9.8722e-10 TSX
20171118 20171129 5.2758e-05 9.8722e-10 TSX
20171129 20171221 -1.2949e-05 8.6369e-10 TSX
20171210 20180820 3.2392e-05 4.631e-10 TSX
20171221 20180911 1.4925e-05 4.5454e-10 TSX
20180112 20181003 0.00016631 4.5458e-10 TSX
20180319 20180707 -5.9683e-05 6.4274e-10 TSX
20180707 20180911 0.00019451 7.3834e-10 TSX
20180729 20181003 1.4631e-06 7.3834e-10 TSX
20180820 20181003 0.00012303 7.937e-10 TSX
20180911 20181003 -0.00019316 8.637e-10 TSX
