20030427 20030914 0.00022555 5.669e-10 ERS2
20030914 20080629 5.8062e-05 2.7823e-10 ERS2
20050918 20090510 6.1779e-05 3.0333e-10 ERS2
20051127 20081116 0.00027982 2.9842e-10 ERS2
20060903 20090510 4.972e-05 3.1927e-10 ERS2
20061231 20090105 6.2338e-05 3.2057e-10 ALOS
20070402 20070703 0.00012025 6.6656e-10 ALOS
20070518 20091008 -0.00014181 3.0176e-10 ALOS
20070818 20071003 -0.00029054 7.7639e-10 ALOS
20071217 20100509 -0.00012425 3.0346e-10 ALOS
20080103 20100526 -9.0574e-05 3.0317e-10 ALOS
20080404 20080520 7.2713e-05 7.7645e-10 ALOS
20080618 20090921 -0.00026498 3.7268e-10 ALOS
20080629 20090510 -0.00024826 4.158e-10 ERS2
20080705 20091008 -0.00013364 3.6499e-10 ALOS
20080803 20090823 -1.3391e-05 3.8503e-10 ERS2
20081116 20090823 -9.3425e-06 4.325e-10 ERS2
20081219 20090921 2.7425e-05 4.4659e-10 ALOS
20090105 20090708 0.00011535 5.2831e-10 ALOS
20090510 20091101 0.00055422 5.237e-10 ERS2
20090708 20091008 6.4788e-05 6.6658e-10 ALOS
20090823 20091101 -0.00015347 6.9868e-10 ERS2
20091222 20100624 0.00021306 5.2544e-10 ALOS
20100108 20100223 0.00055809 7.7645e-10 ALOS
20100223 20100526 0.00014912 6.666e-10 ALOS
20100410 20100711 -0.0002303 6.6653e-10 ALOS
20100509 20100624 0.00059311 7.7431e-10 ALOS
20100526 20100711 0.00022972 7.7649e-10 ALOS
20100624 20101109 4.357e-05 5.841e-10 ALOS
20100711 20101011 0.0003016 6.6656e-10 ALOS
20100809 20101109 -7.1953e-05 6.6379e-10 ALOS
20101011 20101126 8.9912e-05 7.7649e-10 ALOS
20110111 20110226 0.00050098 7.764e-10 ALOS
20110924 20130715 -3.9436e-05 3.9436e-10 TSX
20111005 20121229 -0.0002041 4.2762e-10 TSX
20111121 20171221 8.4036e-08 5.1821e-10 TSX
20111221 20130131 -2.3549e-05 4.1789e-10 TSX
20111224 20121027 -1.6659e-05 4.6712e-10 TSX
20120126 20140419 3.94e-05 4.3965e-10 TSX
20120203 20160320 -6.6483e-05 3.4337e-10 TSX
20120206 20171107 -3.996e-05 3.9055e-10 TSX
20120617 20171129 -2.4494e-06 5.1511e-10 TSX
20120723 20160120 4.9121e-05 3.8577e-10 TSX
20121024 20130109 0.00015377 7.0325e-10 TSX
20121027 20151226 -5.999e-05 5.0346e-10 TSX
20121030 20130311 9.6117e-05 5.9011e-10 TSX
20121107 20171118 2.0313e-05 3.288e-10 TSX
20121221 20160208 7.8543e-05 4.3153e-10 TSX
20121224 20130516 -7.9274e-05 5.6926e-10 TSX
20121229 20130407 -9.6115e-05 6.5915e-10 TSX
20130104 20130217 -2.4178e-06 7.7451e-10 TSX
20130109 20130715 -1.768e-05 5.5463e-10 TSX
20130112 20140511 4.1589e-05 4.2755e-10 TSX
20130115 20130721 -0.00042915 5.2807e-10 TSX
20130126 20130823 -0.0002981 5.2496e-10 TSX
20130131 20130429 -0.00010305 6.7829e-10 TSX
20130203 20130729 -9.9803e-05 5.6584e-10 TSX
20130211 20130919 -0.00010542 5.2291e-10 TSX
20130228 20141209 -4.4691e-05 4.3853e-10 TSX
20130311 20130801 -0.00020598 5.8095e-10 TSX
20130316 20130623 -0.00018237 6.6206e-10 TSX
20130402 20150122 -2.7833e-05 3.4337e-10 TSX
20130407 20140530 -5.7887e-05 4.3072e-10 TSX
20130421 20171016 -5.6663e-05 4.4156e-10 TSX
20130424 20130721 -0.00042311 6.7135e-10 TSX
20130429 20130623 -0.0001825 7.5779e-10 TSX
20130505 20131028 -0.00050695 5.5527e-10 TSX
20130513 20151112 0.00019545 3.6513e-10 TSX
20130516 20131017 -0.00053315 5.6402e-10 TSX
20130521 20130715 0.00017818 7.5731e-10 TSX
20130524 20171129 2.0878e-05 5.1235e-10 TSX
20130527 20140627 -3.4652e-05 4.4926e-10 TSX
20130601 20130930 0.00022497 6.3308e-10 TSX
20130604 20141217 1.9307e-05 4.748e-10 TSX
20130607 20140719 -4.6584e-05 4.4388e-10 TSX
20130612 20150105 -0.00010988 4.1144e-10 TSX
20130615 20160106 1.0644e-05 5.4017e-10 TSX
20130618 20140708 -1.3452e-05 4.4789e-10 TSX
20130623 20130715 0.00072108 8.6463e-10 TSX
20130629 20130914 0.00011987 7.0767e-10 TSX
20130707 20150130 1.4906e-05 4.1528e-10 TSX
20130710 20140901 -3.2485e-05 4.2425e-10 TSX
20130715 20130726 -0.0025728 1.0136e-09 TSX
20130721 20131108 0.00057125 6.2568e-10 TSX
20130726 20150517 9.3251e-05 4.1029e-10 TSX
20130729 20160904 -0.00011104 4.9087e-10 TSX
20130801 20151115 2.4151e-05 3.741e-10 TSX
20130817 20140209 -0.00013857 5.4951e-10 TSX
20130828 20150312 4.1921e-06 4.0205e-10 TSX
20130903 20150329 5.2688e-05 3.4672e-10 TSX
20130919 20160309 -2.4911e-05 3.3661e-10 TSX
20130925 20140708 5.6525e-06 4.6614e-10 TSX
20130930 20160411 5.6218e-06 3.3773e-10 TSX
20131011 20150802 5.9549e-05 3.6802e-10 TSX
20131017 20140719 -2.8738e-05 4.6513e-10 TSX
20131028 20160304 0.00016354 3.0904e-10 TSX
20131102 20140519 -6.6408e-05 5.2865e-10 TSX
20131108 20140708 -0.00010925 4.7863e-10 TSX
20140209 20160309 2.9282e-06 3.821e-10 TSX
20140223 20140829 0.00010573 5.2528e-10 TSX
20140408 20140705 -2.0241e-05 6.6176e-10 TSX
20140419 20170913 5.6916e-05 4.375e-10 TSX
20140511 20141228 7.1881e-05 5.1384e-10 TSX
20140519 20150824 -4.2283e-05 4.1749e-10 TSX
20140624 20171005 6.9843e-05 5.1675e-10 TSX
20140627 20151115 -5.8213e-05 3.9118e-10 TSX
20140705 20180911 4.9706e-05 4.2291e-10 TSX
20140708 20160406 8.5428e-05 3.7344e-10 TSX
20140716 20171005 3.7712e-05 5.1971e-10 TSX
20140719 20151207 -2.5618e-05 4.0402e-10 TSX
20140727 20150326 -3.1941e-05 4.7206e-10 TSX
20140810 20150122 -2.6117e-05 5.437e-10 TSX
20140818 20160301 0.0001566 3.6439e-10 TSX
20140829 20160208 5.0608e-05 4.2299e-10 TSX
20140901 20140912 -0.00030724 9.6954e-10 TSX
20140912 20141209 6.7251e-05 6.6541e-10 TSX
20140920 20170902 4.4755e-05 4.0543e-10 TSX
20141209 20160211 -9.5173e-06 4.2115e-10 TSX
20141217 20160722 8.0109e-05 4.697e-10 TSX
20141228 20160106 0.00010144 4.6205e-10 TSX
20141231 20151024 -1.6323e-05 4.5007e-10 TSX
20150105 20150824 -9.4469e-05 5.036e-10 TSX
20150108 20170811 4.4799e-06 4.2937e-10 TSX
20150119 20160117 7.1777e-05 4.5519e-10 TSX
20150127 20160411 -1.8306e-05 3.9077e-10 TSX
20150130 20151112 4.7633e-05 4.5268e-10 TSX
20150210 20170114 7.6442e-05 4.0191e-10 TSX
20150213 20160326 0.00010137 4.1883e-10 TSX
20150218 20160216 -4.6747e-05 4.3524e-10 TSX
20150221 20180112 5.7305e-05 4.3784e-10 TSX
20150304 20180911 -3.0614e-05 3.2743e-10 TSX
20150307 20160211 -0.00011052 4.2465e-10 TSX
20150312 20160320 -4.7889e-05 4.2819e-10 TSX
20150326 20150827 8.4984e-05 5.7176e-10 TSX
20150329 20151207 -5.8377e-05 4.6498e-10 TSX
20150428 20160425 -2.7579e-05 4.171e-10 TSX
20150509 20150827 5.601e-05 6.247e-10 TSX
20150517 20150824 -1.9255e-05 6.601e-10 TSX
20150520 20180911 -6.6482e-05 4.4954e-10 TSX
20150714 20170822 -2.7967e-05 3.5773e-10 TSX
20150725 20170924 6.0227e-05 3.8202e-10 TSX
20150802 20160309 -0.00010008 5.0012e-10 TSX
20150805 20160403 1.5207e-05 4.8998e-10 TSX
20150816 20171107 8.3521e-05 4.3359e-10 TSX
20150824 20150915 0.00072135 8.6403e-10 TSX
20150827 20170902 -1.9997e-05 3.9077e-10 TSX
20150915 20160216 -0.00011658 5.7356e-10 TSX
20151021 20160904 -0.00013762 4.783e-10 TSX
20151101 20171016 1.6809e-05 4.6417e-10 TSX
20151112 20160425 -5.7359e-05 5.3924e-10 TSX
20151115 20151229 9.002e-05 7.7397e-10 TSX
20151123 20171221 -2.3004e-05 4.7051e-10 TSX
20151204 20151215 0.00016297 9.7893e-10 TSX
20151207 20160406 -0.00010805 6.0233e-10 TSX
20151215 20170822 0.0001726 3.8269e-10 TSX
20151226 20161223 3.8829e-05 4.067e-10 TSX
20151229 20160211 6.8192e-05 7.7397e-10 TSX
20160106 20161223 4.2373e-05 4.0572e-10 TSX
20160117 20160926 -5.4797e-05 4.8245e-10 TSX
20160128 20160301 -0.00015131 8.0713e-10 TSX
20160208 20160312 -8.4648e-05 8.0713e-10 TSX
20160216 20160309 -0.00040562 8.6403e-10 TSX
20160219 20180319 3.1485e-05 4.9347e-10 TSX
20160301 20161201 7.4653e-05 4.4072e-10 TSX
20160304 20160326 6.1099e-05 8.501e-10 TSX
20160312 20180319 3.2697e-05 4.1545e-10 TSX
20160320 20160411 0.00035698 8.6403e-10 TSX
20160323 20171118 1.6503e-05 4.6062e-10 TSX
20160326 20160406 -0.00050888 9.6946e-10 TSX
20160403 20171027 0.00016259 4.3628e-10 TSX
20160425 20170811 -0.0001188 3.9076e-10 TSX
20160528 20160630 -2.6982e-05 8.0714e-10 TSX
20160630 20171118 -4.085e-05 4.6843e-10 TSX
20160722 20161201 0.00029055 5.8353e-10 TSX
20160904 20180707 -3.9199e-05 5.1886e-10 TSX
20160915 20180911 -6.4385e-05 4.296e-10 TSX
20160926 20170114 -7.906e-05 6.2864e-10 TSX
20161201 20171027 -8.0478e-05 5.4951e-10 TSX
20161223 20171107 6.3778e-05 5.4724e-10 TSX
20170114 20170902 4.1711e-05 4.8641e-10 TSX
20170811 20171005 -5.5717e-05 7.4146e-10 TSX
20170822 20180707 -0.00014576 4.4598e-10 TSX
20170913 20180707 -0.00019518 4.6004e-10 TSX
20170924 20180319 -3.4724e-05 5.3546e-10 TSX
20171005 20171107 1.937e-05 8.0715e-10 TSX
20171016 20180319 8.7605e-06 5.5514e-10 TSX
20171027 20180911 -0.00012435 4.4605e-10 TSX
20171107 20171118 7.8372e-05 9.7893e-10 TSX
20171118 20171129 6.1656e-05 9.7893e-10 TSX
20171129 20171221 6.4291e-06 8.5153e-10 TSX
20171210 20180820 -0.00010659 4.9872e-10 TSX
20171221 20180911 -0.00017274 4.9289e-10 TSX
20180112 20181003 2.0328e-05 4.8842e-10 TSX
20180319 20180707 -0.00026625 6.2639e-10 TSX
20180707 20180911 0.00017297 7.1262e-10 TSX
20180729 20181003 0.0001016 7.1261e-10 TSX
20180820 20181003 0.00022507 7.7274e-10 TSX
20180911 20181003 -0.00015631 8.5153e-10 TSX
