20030427 20030914 0.00062917 5.6598e-10 ERS2
20030914 20080629 -0.00019636 2.7796e-10 ERS2
20050918 20090510 -7.5612e-06 2.9879e-10 ERS2
20051127 20081116 -1.578e-05 3.026e-10 ERS2
20060903 20090510 -0.00037606 3.0889e-10 ERS2
20061231 20090105 -8.3759e-05 3.1566e-10 ALOS
20070402 20070703 -0.00016366 6.6649e-10 ALOS
20070518 20091008 -9.8924e-05 3.053e-10 ALOS
20070818 20071003 -0.00037009 7.752e-10 ALOS
20071217 20100509 -7.4547e-05 3.028e-10 ALOS
20080103 20100526 -1.2248e-05 3.019e-10 ALOS
20080404 20080520 0.00010078 7.7529e-10 ALOS
20080618 20090921 -4.0351e-05 3.7223e-10 ALOS
20080629 20090510 -0.00068585 4.1394e-10 ERS2
20080705 20091008 -0.00011123 3.655e-10 ALOS
20080803 20090823 -3.9344e-05 3.8322e-10 ERS2
20081116 20090823 3.2336e-05 4.3208e-10 ERS2
20081219 20090921 -2.6327e-05 4.4642e-10 ALOS
20090105 20090708 0.00011999 5.3089e-10 ALOS
20090510 20091101 8.5484e-05 5.2048e-10 ERS2
20090708 20091008 0.0001529 6.6638e-10 ALOS
20090823 20091101 5.8893e-05 6.9862e-10 ERS2
20091222 20100624 0.00020054 5.2498e-10 ALOS
20100108 20100223 0.00022978 7.7568e-10 ALOS
20100223 20100526 -0.00010546 6.6758e-10 ALOS
20100410 20100711 -0.00012759 6.671e-10 ALOS
20100509 20100624 0.00058637 7.7321e-10 ALOS
20100526 20100711 0.00035488 7.7521e-10 ALOS
20100624 20101109 -9.1799e-05 5.84e-10 ALOS
20100711 20101011 -9.227e-05 6.6629e-10 ALOS
20100809 20101109 -4.1228e-06 6.6358e-10 ALOS
20101011 20101126 0.0002752 7.7521e-10 ALOS
20110111 20110226 0.00070502 7.752e-10 ALOS
20110924 20130715 3.4784e-05 3.2273e-10 TSX
20111005 20121229 -2.4475e-05 3.6903e-10 TSX
20111121 20171221 2.2464e-05 3.3018e-10 TSX
20111221 20130131 1.9556e-05 3.8539e-10 TSX
20111224 20121027 6.4032e-06 4.1928e-10 TSX
20120126 20140419 -2.1642e-06 2.8988e-10 TSX
20120203 20160320 2.0588e-05 2.7641e-10 TSX
20120206 20171107 1.1625e-05 3.5613e-10 TSX
20120617 20171129 4.8998e-06 3.4275e-10 TSX
20120723 20160120 4.6026e-05 3.1135e-10 TSX
20121024 20130109 0.00021056 7.0163e-10 TSX
20121027 20151226 -8.2517e-06 2.8165e-10 TSX
20121030 20130311 6.0341e-05 5.8466e-10 TSX
20121107 20171118 4.6825e-06 3.1372e-10 TSX
20121221 20160208 1.5759e-05 2.96e-10 TSX
20121224 20130516 -3.2167e-05 5.6849e-10 TSX
20121229 20130407 0.00023258 6.5612e-10 TSX
20130104 20130217 7.6914e-05 7.7314e-10 TSX
20130109 20130715 -7.552e-07 5.2849e-10 TSX
20130112 20140511 -3.8761e-05 3.545e-10 TSX
20130115 20130721 -0.00016453 5.1395e-10 TSX
20130126 20130823 -0.00015533 5.2348e-10 TSX
20130131 20130429 -3.577e-05 6.7802e-10 TSX
20130203 20130729 -3.0723e-05 5.2314e-10 TSX
20130211 20130919 -7.5131e-05 4.9592e-10 TSX
20130228 20141209 1.6451e-05 3.1225e-10 TSX
20130311 20130801 -6.0409e-05 5.6844e-10 TSX
20130316 20130623 5.2179e-05 6.5612e-10 TSX
20130402 20150122 0.00011468 3.5824e-10 TSX
20130407 20140530 -5.9483e-05 3.8081e-10 TSX
20130421 20171016 2.2569e-05 3.2074e-10 TSX
20130424 20130721 -0.00029722 6.6403e-10 TSX
20130429 20130623 -5.6509e-05 7.5416e-10 TSX
20130505 20131028 -0.00045009 5.6963e-10 TSX
20130513 20151112 5.8756e-06 3.0286e-10 TSX
20130516 20131017 -0.00030116 5.796e-10 TSX
20130521 20130715 4.4682e-05 7.5419e-10 TSX
20130524 20171129 2.4234e-05 3.1779e-10 TSX
20130527 20140627 -4.076e-05 3.8338e-10 TSX
20130601 20130930 -6.161e-05 6.17e-10 TSX
20130604 20141217 -1.5692e-05 3.38e-10 TSX
20130607 20140719 6.4819e-06 3.7962e-10 TSX
20130612 20150105 -4.4418e-05 3.3753e-10 TSX
20130615 20160106 5.1075e-07 2.854e-10 TSX
20130618 20140708 -4.1127e-05 3.8768e-10 TSX
20130623 20130715 0.00051969 8.6161e-10 TSX
20130629 20130914 0.00015019 6.9137e-10 TSX
20130707 20150130 -3.4889e-05 3.3791e-10 TSX
20130710 20140901 1.7103e-05 3.7704e-10 TSX
20130715 20130726 -0.0024996 1.0107e-09 TSX
20130721 20131108 0.00073824 6.3189e-10 TSX
20130726 20150517 0.00015799 3.2139e-10 TSX
20130729 20160904 1.0542e-05 2.8969e-10 TSX
20130801 20151115 4.7892e-05 2.9468e-10 TSX
20130817 20140209 0.00012077 5.4097e-10 TSX
20130828 20150312 3.1884e-05 3.3994e-10 TSX
20130903 20150329 -2.3121e-05 3.5449e-10 TSX
20130919 20160309 5.5025e-05 2.902e-10 TSX
20130925 20140708 4.9017e-05 4.3137e-10 TSX
20130930 20160411 7.8654e-05 3.0557e-10 TSX
20131011 20150802 2.8911e-06 3.1866e-10 TSX
20131017 20140719 1.9264e-05 4.3878e-10 TSX
20131028 20160304 1.0132e-05 3.6943e-10 TSX
20131102 20140519 -0.00011198 5.1712e-10 TSX
20131108 20140708 1.5629e-05 4.6305e-10 TSX
20140209 20160309 -2.1303e-05 3.1589e-10 TSX
20140223 20140829 -2.2182e-06 5.1112e-10 TSX
20140408 20140705 -1.74e-06 6.6136e-10 TSX
20140419 20170913 1.3598e-05 3.4346e-10 TSX
20140511 20141228 4.6388e-05 4.7017e-10 TSX
20140519 20150824 9.0815e-05 3.6442e-10 TSX
20140624 20171005 2.6656e-05 3.147e-10 TSX
20140627 20151115 4.8739e-05 3.414e-10 TSX
20140705 20180911 2.1393e-05 3.2256e-10 TSX
20140708 20160406 4.7336e-05 3.1469e-10 TSX
20140716 20171005 1.6235e-05 3.1446e-10 TSX
20140719 20151207 -5.8059e-06 3.4033e-10 TSX
20140727 20150326 -7.8689e-06 4.6154e-10 TSX
20140810 20150122 -3.1815e-05 5.3918e-10 TSX
20140818 20160301 1.5964e-05 3.3588e-10 TSX
20140829 20160208 -9.3062e-06 3.4264e-10 TSX
20140901 20140912 -0.00031837 9.6744e-10 TSX
20140912 20141209 7.847e-05 6.6403e-10 TSX
20140920 20170902 -3.6424e-06 3.0056e-10 TSX
20141209 20160211 9.6341e-06 3.6513e-10 TSX
20141217 20160722 -2.0782e-05 3.3332e-10 TSX
20141228 20160106 3.5597e-06 3.8427e-10 TSX
20141231 20151024 2.5715e-05 4.2816e-10 TSX
20150105 20150824 3.586e-05 4.8684e-10 TSX
20150108 20170811 5.1369e-06 3.1619e-10 TSX
20150119 20160117 -5.7381e-06 3.9221e-10 TSX
20150127 20160411 6.1489e-05 3.8482e-10 TSX
20150130 20151112 2.9215e-05 4.3072e-10 TSX
20150210 20170114 1.3509e-05 3.5495e-10 TSX
20150213 20160326 7.8324e-05 3.8941e-10 TSX
20150218 20160216 -2.6393e-06 4.0785e-10 TSX
20150221 20180112 1.3099e-05 3.6171e-10 TSX
20150304 20180911 -2.5417e-05 3.2471e-10 TSX
20150307 20160211 1.1671e-06 4.0167e-10 TSX
20150312 20160320 -4.3058e-06 4.0155e-10 TSX
20150326 20150827 -2.4414e-07 5.5e-10 TSX
20150329 20151207 -2.3796e-05 4.5523e-10 TSX
20150428 20160425 2.609e-05 3.8869e-10 TSX
20150509 20150827 -8.6253e-05 6.1818e-10 TSX
20150517 20150824 -0.00016845 6.5628e-10 TSX
20150520 20180911 -1.0845e-06 3.1653e-10 TSX
20150714 20170822 8.2642e-06 2.9548e-10 TSX
20150725 20170924 1.1893e-05 2.9739e-10 TSX
20150802 20160309 7.2329e-06 4.9594e-10 TSX
20150805 20160403 3.2955e-05 4.6121e-10 TSX
20150816 20171107 2.373e-06 2.8989e-10 TSX
20150824 20150915 0.00068508 8.6152e-10 TSX
20150827 20170902 9.0441e-06 2.9818e-10 TSX
20150915 20160216 -0.00013807 5.682e-10 TSX
20151021 20160904 6.7035e-06 4.1235e-10 TSX
20151101 20171016 -2.1405e-05 3.038e-10 TSX
20151112 20160425 -5.2752e-06 5.3613e-10 TSX
20151115 20151229 0.0001706 7.7313e-10 TSX
20151123 20171221 1.1081e-05 2.9411e-10 TSX
20151204 20151215 0.00015459 9.7795e-10 TSX
20151207 20160406 1.0495e-05 6.0215e-10 TSX
20151215 20170822 8.2244e-06 3.2312e-10 TSX
20151226 20161223 -1.2588e-05 3.9361e-10 TSX
20151229 20160211 1.4031e-05 7.7313e-10 TSX
20160106 20161223 4.0756e-06 3.9821e-10 TSX
20160117 20160926 -1.2877e-06 4.5298e-10 TSX
20160128 20160301 -0.00012729 8.0653e-10 TSX
20160208 20160312 -7.5564e-05 8.0653e-10 TSX
20160216 20160309 -0.00038066 8.6152e-10 TSX
20160219 20180319 6.216e-06 2.9744e-10 TSX
20160301 20161201 -4.1318e-05 4.3858e-10 TSX
20160304 20160326 0.00011094 8.4838e-10 TSX
20160312 20180319 -1.0409e-05 3.0108e-10 TSX
20160320 20160411 0.00044556 8.6152e-10 TSX
20160323 20171118 -1.8815e-07 3.1719e-10 TSX
20160326 20160406 -0.00055211 9.6737e-10 TSX
20160403 20171027 5.7142e-06 3.2239e-10 TSX
20160425 20170811 1.352e-05 3.4849e-10 TSX
20160528 20160630 -3.9751e-05 8.0653e-10 TSX
20160630 20171118 1.3663e-05 3.3909e-10 TSX
20160722 20161201 -4.1394e-06 5.8138e-10 TSX
20160904 20180707 -1.1309e-05 3.2373e-10 TSX
20160915 20180911 -4.2874e-06 3.0021e-10 TSX
20160926 20170114 2.642e-05 6.1803e-10 TSX
20161201 20171027 2.3133e-05 4.0695e-10 TSX
20161223 20171107 6.3203e-06 4.0924e-10 TSX
20170114 20170902 -2.9968e-05 4.687e-10 TSX
20170811 20171005 -7.6257e-05 7.4135e-10 TSX
20170822 20180707 -2.5611e-05 4.137e-10 TSX
20170913 20180707 -3.4288e-05 4.2503e-10 TSX
20170924 20180319 -7.0362e-06 5.2325e-10 TSX
20171005 20171107 4.7052e-05 8.0653e-10 TSX
20171016 20180319 -2.7603e-05 5.5013e-10 TSX
20171027 20180911 -3.0465e-07 4.1384e-10 TSX
20171107 20171118 6.468e-05 9.7795e-10 TSX
20171118 20171129 4.6645e-05 9.7795e-10 TSX
20171129 20171221 -3.898e-05 8.507e-10 TSX
20171210 20180820 -3.0848e-05 4.5356e-10 TSX
20171221 20180911 8.4699e-05 4.4573e-10 TSX
20180112 20181003 -4.9725e-06 4.4569e-10 TSX
20180319 20180707 -5.7766e-05 6.1804e-10 TSX
20180707 20180911 0.0001523 7.1255e-10 TSX
20180729 20181003 -1.0451e-06 7.1255e-10 TSX
20180820 20181003 0.00015348 7.7238e-10 TSX
20180911 20181003 -0.00014373 8.507e-10 TSX
