20030427 20030914 0.00068968 5.8115e-10 ERS2
20030914 20080629 -4.6757e-05 2.9115e-10 ERS2
20050918 20090510 7.3546e-05 3.0705e-10 ERS2
20051127 20081116 7.8384e-05 3.1707e-10 ERS2
20060903 20090510 0.00017322 3.1506e-10 ERS2
20061231 20090105 2.7544e-05 3.1616e-10 ALOS
20070402 20070703 -0.00010492 6.9335e-10 ALOS
20070518 20091008 -4.6712e-05 3.0521e-10 ALOS
20070818 20071003 -0.00031801 7.9726e-10 ALOS
20071217 20100509 4.8605e-05 3.1053e-10 ALOS
20080103 20100526 8.6902e-05 3.1134e-10 ALOS
20080404 20080520 0.0001012 7.9758e-10 ALOS
20080618 20090921 -0.00012031 3.7785e-10 ALOS
20080629 20090510 -0.001088 4.1682e-10 ERS2
20080705 20091008 -6.7115e-05 3.7e-10 ALOS
20080803 20090823 -9.4863e-05 3.8862e-10 ERS2
20081116 20090823 1.1449e-05 4.3812e-10 ERS2
20081219 20090921 0.00024899 4.5696e-10 ALOS
20090105 20090708 0.00011028 5.4667e-10 ALOS
20090510 20091101 0.00061805 5.3469e-10 ERS2
20090708 20091008 0.00021746 6.9894e-10 ALOS
20090823 20091101 -2.6597e-06 7.1865e-10 ERS2
20091222 20100624 0.0001739 5.4537e-10 ALOS
20100108 20100223 0.00028993 7.9755e-10 ALOS
20100223 20100526 0.00014606 6.933e-10 ALOS
20100410 20100711 -0.00019727 6.9375e-10 ALOS
20100509 20100624 0.00064805 7.9487e-10 ALOS
20100526 20100711 0.00029765 7.9931e-10 ALOS
20100624 20101109 -3.8763e-05 6.0841e-10 ALOS
20100711 20101011 -0.00011108 6.9374e-10 ALOS
20100809 20101109 -0.00019028 6.8975e-10 ALOS
20101011 20101126 0.00034407 7.9922e-10 ALOS
20110111 20110226 0.0006254 7.9729e-10 ALOS
20110924 20130715 -2.995e-05 4.3239e-10 TSX
20111005 20121229 -0.00014333 4.7016e-10 TSX
20111121 20171221 -1.8563e-05 3.8747e-10 TSX
20111221 20130131 6.9763e-06 4.3921e-10 TSX
20111224 20121027 2.5411e-05 4.4354e-10 TSX
20120126 20140419 -0.00012781 3.743e-10 TSX
20120203 20160320 1.9054e-05 4.1542e-10 TSX
20120206 20171107 -7.9283e-05 3.1342e-10 TSX
20120617 20171129 -4.3842e-07 3.4837e-10 TSX
20120723 20160120 7.1531e-05 4.0361e-10 TSX
20121024 20130109 -2.2061e-05 7.3028e-10 TSX
20121027 20151226 9.1434e-06 3.5896e-10 TSX
20121030 20130311 9.1953e-05 6.065e-10 TSX
20121107 20171118 5.0851e-06 3.914e-10 TSX
20121221 20160208 -1.3245e-06 3.7998e-10 TSX
20121224 20130516 -0.00015835 5.8766e-10 TSX
20121229 20130407 8.0383e-06 6.8414e-10 TSX
20130104 20130217 -2.1489e-06 7.9321e-10 TSX
20130109 20130715 0.00018069 5.6779e-10 TSX
20130112 20140511 -7.547e-05 3.7964e-10 TSX
20130115 20130721 -0.00027578 5.4191e-10 TSX
20130126 20130823 -0.00016928 5.3389e-10 TSX
20130131 20130429 3.3635e-05 7.0639e-10 TSX
20130203 20130729 -0.00012572 5.3971e-10 TSX
20130211 20130919 7.8927e-05 5.3985e-10 TSX
20130228 20141209 2.7468e-05 4.9263e-10 TSX
20130311 20130801 -5.1669e-06 6.2765e-10 TSX
20130316 20130623 -6.8878e-05 7.0199e-10 TSX
20130402 20150122 3.4736e-05 4.8274e-10 TSX
20130407 20140530 3.9144e-05 4.4697e-10 TSX
20130421 20171016 8.4345e-05 3.9205e-10 TSX
20130424 20130721 -0.00016901 6.9711e-10 TSX
20130429 20130623 -0.00015026 7.8453e-10 TSX
20130505 20131028 -0.0004235 5.7452e-10 TSX
20130513 20151112 8.1077e-05 3.5267e-10 TSX
20130516 20131017 -0.00023199 6.3659e-10 TSX
20130521 20130715 0.00028406 7.8219e-10 TSX
20130524 20171129 1.3574e-05 3.2496e-10 TSX
20130527 20140627 -1.658e-05 4.636e-10 TSX
20130601 20130930 0.00034448 6.6805e-10 TSX
20130604 20141217 4.1447e-05 3.8775e-10 TSX
20130607 20140719 2.8293e-05 4.7165e-10 TSX
20130612 20150105 1.9673e-06 4.1572e-10 TSX
20130615 20160106 0.000153 3.6323e-10 TSX
20130618 20140708 -1.7848e-05 4.3158e-10 TSX
20130623 20130715 0.00074383 8.7645e-10 TSX
20130629 20130914 0.00021646 7.1584e-10 TSX
20130707 20150130 3.0215e-05 3.7829e-10 TSX
20130710 20140901 -4.4675e-05 3.9125e-10 TSX
20130715 20130726 -0.0025415 1.0222e-09 TSX
20130721 20131108 0.00046083 6.4948e-10 TSX
20130726 20150517 0.00010377 3.9979e-10 TSX
20130729 20160904 -2.3332e-06 3.7271e-10 TSX
20130801 20151115 4.5618e-05 3.9677e-10 TSX
20130817 20140209 -5.4793e-05 5.8561e-10 TSX
20130828 20150312 -2.3062e-05 3.8005e-10 TSX
20130903 20150329 -2.4315e-05 3.5017e-10 TSX
20130919 20160309 4.8507e-07 3.8075e-10 TSX
20130925 20140708 -4.2042e-05 4.579e-10 TSX
20130930 20160411 -4.1481e-05 3.6342e-10 TSX
20131011 20150802 1.2029e-06 4.0851e-10 TSX
20131017 20140719 6.1606e-05 4.5558e-10 TSX
20131028 20160304 1.914e-05 3.1371e-10 TSX
20131102 20140519 -1.0465e-05 5.5088e-10 TSX
20131108 20140708 7.2768e-05 4.8615e-10 TSX
20140209 20160309 -3.9041e-05 4.4439e-10 TSX
20140223 20140829 5.8846e-05 5.2333e-10 TSX
20140408 20140705 -2.4756e-05 6.826e-10 TSX
20140419 20170913 0.00012417 3.3876e-10 TSX
20140511 20141228 0.00011542 4.8078e-10 TSX
20140519 20150824 -3.5149e-05 4.1039e-10 TSX
20140624 20171005 3.8213e-05 3.9813e-10 TSX
20140627 20151115 3.3081e-05 3.7844e-10 TSX
20140705 20180911 3.9429e-05 3.6519e-10 TSX
20140708 20160406 8.3241e-06 3.9053e-10 TSX
20140716 20171005 8.5702e-05 3.2937e-10 TSX
20140719 20151207 0.00013925 3.6259e-10 TSX
20140727 20150326 -4.0461e-05 4.7024e-10 TSX
20140810 20150122 1.7924e-05 5.5712e-10 TSX
20140818 20160301 -2.4159e-05 3.5092e-10 TSX
20140829 20160208 5.4846e-06 3.4675e-10 TSX
20140901 20140912 -0.00029199 9.7707e-10 TSX
20140912 20141209 -1.5197e-05 6.8876e-10 TSX
20140920 20170902 -6.4761e-07 3.8208e-10 TSX
20141209 20160211 -1.1949e-05 3.9826e-10 TSX
20141217 20160722 -3.3986e-05 3.5749e-10 TSX
20141228 20160106 -7.7972e-05 3.9433e-10 TSX
20141231 20151024 3.5222e-05 4.3676e-10 TSX
20150105 20150824 -5.5673e-05 5.0509e-10 TSX
20150108 20170811 3.0903e-05 3.9077e-10 TSX
20150119 20160117 8.016e-05 4.0827e-10 TSX
20150127 20160411 -2.1861e-05 4.0236e-10 TSX
20150130 20151112 4.5972e-05 4.382e-10 TSX
20150210 20170114 9.5087e-06 3.9086e-10 TSX
20150213 20160326 0.00029862 4.3744e-10 TSX
20150218 20160216 -1.088e-05 4.1347e-10 TSX
20150221 20180112 1.0293e-05 3.2221e-10 TSX
20150304 20180911 -5.9044e-05 3.2907e-10 TSX
20150307 20160211 -3.8483e-05 4.147e-10 TSX
20150312 20160320 -5.447e-05 4.1602e-10 TSX
20150326 20150827 -5.9435e-06 5.6574e-10 TSX
20150329 20151207 -2.2042e-05 4.8974e-10 TSX
20150428 20160425 3.1981e-05 3.9612e-10 TSX
20150509 20150827 -7.6055e-05 6.3897e-10 TSX
20150517 20150824 1.7903e-05 6.8482e-10 TSX
20150520 20180911 -7.847e-05 3.56e-10 TSX
20150714 20170822 -3.1685e-05 3.6107e-10 TSX
20150725 20170924 -1.8285e-05 3.6377e-10 TSX
20150802 20160309 -0.0001125 5.1312e-10 TSX
20150805 20160403 -1.9927e-05 4.6947e-10 TSX
20150816 20171107 3.2705e-05 3.5057e-10 TSX
20150824 20150915 0.00070181 8.7619e-10 TSX
20150827 20170902 1.6537e-05 3.7206e-10 TSX
20150915 20160216 -0.00012435 5.9231e-10 TSX
20151021 20160904 -0.00014508 4.3443e-10 TSX
20151101 20171016 -9.9758e-05 3.6263e-10 TSX
20151112 20160425 1.4252e-06 5.5e-10 TSX
20151115 20151229 0.00013387 7.9302e-10 TSX
20151123 20171221 -6.5157e-06 3.3268e-10 TSX
20151204 20151215 0.00015644 9.8598e-10 TSX
20151207 20160406 -9.161e-05 6.2354e-10 TSX
20151215 20170822 0.00018168 3.5316e-10 TSX
20151226 20161223 -2.0687e-05 4.056e-10 TSX
20151229 20160211 6.6944e-05 7.9304e-10 TSX
20160106 20161223 -5.7549e-05 4.062e-10 TSX
20160117 20160926 -0.00013467 4.6354e-10 TSX
20160128 20160301 -0.00011587 8.2137e-10 TSX
20160208 20160312 -0.00014879 8.2137e-10 TSX
20160216 20160309 -0.00038736 8.7617e-10 TSX
20160219 20180319 7.9061e-05 3.6794e-10 TSX
20160301 20161201 -2.2018e-06 4.4766e-10 TSX
20160304 20160326 5.3975e-05 8.6121e-10 TSX
20160312 20180319 0.00010392 3.6445e-10 TSX
20160320 20160411 0.00037609 8.7618e-10 TSX
20160323 20171118 -1.9892e-05 3.6582e-10 TSX
20160326 20160406 -0.00050039 9.7699e-10 TSX
20160403 20171027 8.0338e-05 3.706e-10 TSX
20160425 20170811 -2.5926e-05 3.9986e-10 TSX
20160528 20160630 -7.4476e-05 8.2137e-10 TSX
20160630 20171118 -1.6126e-05 3.6536e-10 TSX
20160722 20161201 0.00013181 5.9867e-10 TSX
20160904 20180707 4.8393e-05 3.6691e-10 TSX
20160915 20180911 -4.9177e-05 3.5382e-10 TSX
20160926 20170114 2.9156e-05 6.4198e-10 TSX
20161201 20171027 -4.8879e-05 4.3504e-10 TSX
20161223 20171107 1.7141e-07 4.2562e-10 TSX
20170114 20170902 -5.2013e-05 4.8355e-10 TSX
20170811 20171005 -0.00016678 7.6143e-10 TSX
20170822 20180707 -8.562e-05 4.1918e-10 TSX
20170913 20180707 -0.0001523 4.3584e-10 TSX
20170924 20180319 0.0001047 5.3653e-10 TSX
20171005 20171107 7.0357e-05 8.2136e-10 TSX
20171016 20180319 0.0001564 5.6521e-10 TSX
20171027 20180911 -0.00013148 4.267e-10 TSX
20171107 20171118 6.9245e-05 9.8598e-10 TSX
20171118 20171129 6.5409e-05 9.8598e-10 TSX
20171129 20171221 -1.0079e-05 8.6188e-10 TSX
20171210 20180820 -0.00015426 4.6421e-10 TSX
20171221 20180911 -0.00022821 4.6472e-10 TSX
20180112 20181003 1.946e-05 4.5628e-10 TSX
20180319 20180707 -0.00034812 6.3773e-10 TSX
20180707 20180911 0.00011913 7.3376e-10 TSX
20180729 20181003 -7.4301e-05 7.3376e-10 TSX
20180820 20181003 0.00012086 7.9033e-10 TSX
20180911 20181003 -0.00022342 8.6188e-10 TSX
