20030427 20030914 -0.00030997 5.7514e-10 ERS2
20030914 20080629 -1.0341e-05 2.9401e-10 ERS2
20050918 20090510 1.0901e-05 3.0747e-10 ERS2
20051127 20081116 0.00013753 3.1753e-10 ERS2
20060903 20090510 6.4935e-06 3.233e-10 ERS2
20061231 20090105 -0.00014198 3.2776e-10 ALOS
20070402 20070703 -0.00011077 6.829e-10 ALOS
20070518 20091008 -0.00014037 3.2874e-10 ALOS
20070818 20071003 -0.00033599 7.9027e-10 ALOS
20071217 20100509 -9.9883e-05 3.3675e-10 ALOS
20080103 20100526 -0.00012016 3.463e-10 ALOS
20080404 20080520 8.2075e-05 7.9037e-10 ALOS
20080618 20090921 -0.00010186 3.7738e-10 ALOS
20080629 20090510 -0.00024742 4.1749e-10 ERS2
20080705 20091008 -4.252e-05 3.7149e-10 ALOS
20080803 20090823 -0.0001256 3.9114e-10 ERS2
20081116 20090823 -0.00022239 4.3534e-10 ERS2
20081219 20090921 0.00021071 4.5092e-10 ALOS
20090105 20090708 -0.0002089 5.4389e-10 ALOS
20090510 20091101 0.00085983 5.2811e-10 ERS2
20090708 20091008 0.00039853 6.8254e-10 ALOS
20090823 20091101 -0.0003073 7.1389e-10 ERS2
20091222 20100624 -7.7305e-05 5.3697e-10 ALOS
20100108 20100223 0.00016464 7.9065e-10 ALOS
20100223 20100526 0.00013608 6.8433e-10 ALOS
20100410 20100711 -0.00015575 6.8272e-10 ALOS
20100509 20100624 0.00061072 7.8815e-10 ALOS
20100526 20100711 0.00029145 7.9036e-10 ALOS
20100624 20101109 1.9176e-05 5.9646e-10 ALOS
20100711 20101011 0.00016103 6.8279e-10 ALOS
20100809 20101109 -8.9416e-05 6.8039e-10 ALOS
20101011 20101126 4.2773e-05 7.9037e-10 ALOS
20110111 20110226 0.00052733 7.903e-10 ALOS
20110924 20130715 -6.5976e-07 3.4372e-10 TSX
20111005 20121229 -0.0001489 3.8352e-10 TSX
20111121 20171221 7.4806e-08 3.3859e-10 TSX
20111221 20130131 -2.8491e-05 3.8972e-10 TSX
20111224 20121027 -4.8845e-06 4.2221e-10 TSX
20120126 20140419 -4.9475e-05 3.7844e-10 TSX
20120203 20160320 -9.7321e-06 3.3233e-10 TSX
20120206 20171107 1.7706e-05 3.5533e-10 TSX
20120617 20171129 -3.5937e-05 3.4477e-10 TSX
20120723 20160120 2.8709e-05 3.5493e-10 TSX
20121024 20130109 0.00020145 7.1899e-10 TSX
20121027 20151226 -3.2581e-05 3.4209e-10 TSX
20121030 20130311 6.2045e-06 5.9631e-10 TSX
20121107 20171118 -3.3141e-05 3.4765e-10 TSX
20121221 20160208 -2.1771e-05 4.3446e-10 TSX
20121224 20130516 -5.3429e-05 5.7922e-10 TSX
20121229 20130407 -2.6323e-05 6.7212e-10 TSX
20130104 20130217 -9.0576e-05 7.8729e-10 TSX
20130109 20130715 0.00020888 5.5726e-10 TSX
20130112 20140511 -2.719e-05 3.7682e-10 TSX
20130115 20130721 -0.00020812 5.2921e-10 TSX
20130126 20130823 -0.0001906 5.1301e-10 TSX
20130131 20130429 -2.7396e-05 6.9478e-10 TSX
20130203 20130729 -9.6447e-05 5.3128e-10 TSX
20130211 20130919 1.2391e-05 5.0361e-10 TSX
20130228 20141209 8.005e-06 3.5242e-10 TSX
20130311 20130801 -5.1456e-05 5.7915e-10 TSX
20130316 20130623 -6.7998e-05 6.7212e-10 TSX
20130402 20150122 -7.2444e-06 3.1604e-10 TSX
20130407 20140530 -5.9884e-05 3.8898e-10 TSX
20130421 20171016 3.5232e-05 3.3624e-10 TSX
20130424 20130721 -0.00022639 6.7913e-10 TSX
20130429 20130623 -0.00010667 7.7063e-10 TSX
20130505 20131028 -0.00051401 5.4161e-10 TSX
20130513 20151112 -2.4734e-05 4.2777e-10 TSX
20130516 20131017 -0.00024488 5.7698e-10 TSX
20130521 20130715 0.00037028 7.7091e-10 TSX
20130524 20171129 1.8442e-05 3.4069e-10 TSX
20130527 20140627 -3.266e-05 3.9143e-10 TSX
20130601 20130930 0.00045731 6.3129e-10 TSX
20130604 20141217 -3.4115e-05 3.7961e-10 TSX
20130607 20140719 -3.2298e-05 3.8457e-10 TSX
20130612 20150105 -3.5572e-05 3.7766e-10 TSX
20130615 20160106 -1.4646e-05 3.5413e-10 TSX
20130618 20140708 -6.4863e-06 3.9126e-10 TSX
20130623 20130715 0.00073464 8.7204e-10 TSX
20130629 20130914 0.00039786 7.0413e-10 TSX
20130707 20150130 5.1223e-07 3.4397e-10 TSX
20130710 20140901 -7.5444e-07 3.7923e-10 TSX
20130715 20130726 -0.0025163 1.0189e-09 TSX
20130721 20131108 0.00060857 6.3423e-10 TSX
20130726 20150517 -1.0211e-05 3.4351e-10 TSX
20130729 20160904 3.9074e-06 2.9447e-10 TSX
20130801 20151115 -3.5958e-05 3.4713e-10 TSX
20130817 20140209 -7.9294e-05 5.5057e-10 TSX
20130828 20150312 -2.6178e-06 3.5146e-10 TSX
20130903 20150329 -0.00010913 3.5316e-10 TSX
20130919 20160309 -1.6699e-05 3.4147e-10 TSX
20130925 20140708 -7.9795e-06 4.3464e-10 TSX
20130930 20160411 -1.7219e-05 2.984e-10 TSX
20131011 20150802 2.8189e-06 3.3725e-10 TSX
20131017 20140719 -5.5586e-05 4.4242e-10 TSX
20131028 20160304 9.3493e-06 3.2588e-10 TSX
20131102 20140519 -0.00010017 5.252e-10 TSX
20131108 20140708 1.1311e-05 4.6748e-10 TSX
20140209 20160309 2.8811e-05 3.322e-10 TSX
20140223 20140829 3.2604e-05 5.1783e-10 TSX
20140408 20140705 -5.3696e-05 6.7652e-10 TSX
20140419 20170913 1.5971e-05 3.8791e-10 TSX
20140511 20141228 -1.7928e-05 4.743e-10 TSX
20140519 20150824 6.8099e-06 3.6772e-10 TSX
20140624 20171005 -1.301e-05 3.8202e-10 TSX
20140627 20151115 -2.8299e-05 3.6116e-10 TSX
20140705 20180911 2.1623e-05 3.491e-10 TSX
20140708 20160406 9.1829e-06 3.3129e-10 TSX
20140716 20171005 -9.9333e-06 3.508e-10 TSX
20140719 20151207 5.4576e-05 3.5773e-10 TSX
20140727 20150326 -2.1965e-05 4.657e-10 TSX
20140810 20150122 -4.2285e-05 5.4762e-10 TSX
20140818 20160301 -3.7664e-05 3.2797e-10 TSX
20140829 20160208 -3.6395e-05 3.4182e-10 TSX
20140901 20140912 -0.00029289 9.7481e-10 TSX
20140912 20141209 -1.6971e-06 6.791e-10 TSX
20140920 20170902 -1.181e-05 3.3886e-10 TSX
20141209 20160211 -2.825e-05 3.6935e-10 TSX
20141217 20160722 -2.0669e-05 3.3254e-10 TSX
20141228 20160106 -1.2313e-05 3.8422e-10 TSX
20141231 20151024 3.414e-05 4.2936e-10 TSX
20150105 20150824 -5.9648e-05 4.9671e-10 TSX
20150108 20170811 -2.0711e-05 4.5469e-10 TSX
20150119 20160117 1.198e-05 3.893e-10 TSX
20150127 20160411 -3.4787e-05 3.8005e-10 TSX
20150130 20151112 -1.3691e-05 4.3146e-10 TSX
20150210 20170114 -5.8385e-06 3.3523e-10 TSX
20150213 20160326 -1.911e-05 4.0038e-10 TSX
20150218 20160216 -1.3638e-05 4.0762e-10 TSX
20150221 20180112 -4.3457e-05 3.8077e-10 TSX
20150304 20180911 -7.195e-05 4.3821e-10 TSX
20150307 20160211 -1.4539e-05 4.0667e-10 TSX
20150312 20160320 -4.8398e-05 4.026e-10 TSX
20150326 20150827 5.2953e-05 5.5868e-10 TSX
20150329 20151207 3.1548e-05 4.5905e-10 TSX
20150428 20160425 -1.105e-05 3.8847e-10 TSX
20150509 20150827 3.5798e-05 6.3086e-10 TSX
20150517 20150824 2.2931e-05 6.7199e-10 TSX
20150520 20180911 -5.0688e-05 3.7035e-10 TSX
20150714 20170822 -1.9735e-05 3.7164e-10 TSX
20150725 20170924 1.5326e-05 3.2945e-10 TSX
20150802 20160309 -5.9847e-05 5.0258e-10 TSX
20150805 20160403 -0.0001199 4.654e-10 TSX
20150816 20171107 -2.8503e-06 3.426e-10 TSX
20150824 20150915 0.0007183 8.7188e-10 TSX
20150827 20170902 -7.8044e-06 3.6818e-10 TSX
20150915 20160216 -0.00011348 5.7951e-10 TSX
20151021 20160904 -0.00011438 4.1868e-10 TSX
20151101 20171016 -3.2507e-05 3.7168e-10 TSX
20151112 20160425 -3.3754e-05 5.4433e-10 TSX
20151115 20151229 0.00016075 7.8729e-10 TSX
20151123 20171221 5.7713e-06 4.2899e-10 TSX
20151204 20151215 0.00016602 9.8447e-10 TSX
20151207 20160406 -0.00016064 6.1483e-10 TSX
20151215 20170822 -5.4832e-05 3.6896e-10 TSX
20151226 20161223 2.8294e-05 3.9569e-10 TSX
20151229 20160211 2.5765e-05 7.8729e-10 TSX
20160106 20161223 -1.4733e-05 4.0066e-10 TSX
20160117 20160926 -3.9842e-06 4.5874e-10 TSX
20160128 20160301 -0.00013027 8.1848e-10 TSX
20160208 20160312 -8.5538e-05 8.1848e-10 TSX
20160216 20160309 -0.00039202 8.7188e-10 TSX
20160219 20180319 -5.0191e-05 3.4151e-10 TSX
20160301 20161201 2.5831e-05 4.4201e-10 TSX
20160304 20160326 3.1345e-05 8.5799e-10 TSX
20160312 20180319 -1.9608e-05 3.663e-10 TSX
20160320 20160411 0.00037713 8.7189e-10 TSX
20160323 20171118 -4.2797e-06 3.441e-10 TSX
20160326 20160406 -0.00050768 9.7473e-10 TSX
20160403 20171027 3.7015e-05 3.9122e-10 TSX
20160425 20170811 3.6185e-05 3.813e-10 TSX
20160528 20160630 4.4441e-05 8.1848e-10 TSX
20160630 20171118 1.3841e-05 3.6745e-10 TSX
20160722 20161201 5.7665e-05 5.9253e-10 TSX
20160904 20180707 -3.1926e-05 3.6669e-10 TSX
20160915 20180911 -6.8351e-05 3.3741e-10 TSX
20160926 20170114 -2.9658e-05 6.3137e-10 TSX
20161201 20171027 -6.4831e-05 4.2287e-10 TSX
20161223 20171107 -2.1363e-05 4.2092e-10 TSX
20170114 20170902 -8.7742e-06 4.8359e-10 TSX
20170811 20171005 -1.4757e-05 7.5689e-10 TSX
20170822 20180707 -0.00012614 4.1559e-10 TSX
20170913 20180707 -0.00015291 4.2826e-10 TSX
20170924 20180319 -6.6044e-05 5.3066e-10 TSX
20171005 20171107 5.7285e-05 8.1848e-10 TSX
20171016 20180319 -5.2186e-05 5.5926e-10 TSX
20171027 20180911 -0.00011217 4.1633e-10 TSX
20171107 20171118 8.0479e-05 9.8447e-10 TSX
20171118 20171129 6.6179e-05 9.8447e-10 TSX
20171129 20171221 1.0234e-05 8.5978e-10 TSX
20171210 20180820 -0.00015412 4.5711e-10 TSX
20171221 20180911 -0.00016763 4.4948e-10 TSX
20180112 20181003 5.1872e-06 4.4934e-10 TSX
20180319 20180707 -0.0001784 6.3139e-10 TSX
20180707 20180911 0.00020941 7.2857e-10 TSX
20180729 20181003 0.00014887 7.2857e-10 TSX
20180820 20181003 0.00024995 7.8659e-10 TSX
20180911 20181003 -0.00015725 8.5979e-10 TSX
