20030427 20030914 4.981e-06 6.445e-10 ERS2
20030914 20080629 -6.7101e-05 3.9102e-10 ERS2
20050918 20090510 -1.24e-05 3.8368e-10 ERS2
20051127 20081116 -7.0359e-05 3.9469e-10 ERS2
20060903 20090510 -4.6752e-06 3.918e-10 ERS2
20061231 20090105 3.7071e-05 3.2687e-10 ALOS
20070402 20070703 -0.00014916 7.2343e-10 ALOS
20070518 20091008 -9.3545e-05 3.0402e-10 ALOS
20070818 20071003 -0.00034421 8.1016e-10 ALOS
20071217 20100509 -7.2484e-05 3.0573e-10 ALOS
20080103 20100526 7.525e-05 3.0824e-10 ALOS
20080404 20080520 8.6754e-05 8.1015e-10 ALOS
20080618 20090921 -0.00023939 4.0197e-10 ALOS
20080629 20090510 -0.00042404 4.9483e-10 ERS2
20080705 20091008 -0.0001405 3.9399e-10 ALOS
20080803 20090823 -4.2541e-05 4.6432e-10 ERS2
20081116 20090823 3.0206e-05 5.1414e-10 ERS2
20081219 20090921 0.0007643 4.9522e-10 ALOS
20090105 20090708 0.00023465 5.9394e-10 ALOS
20090510 20091101 -0.00022155 6.0178e-10 ERS2
20090708 20091008 0.00069529 7.2334e-10 ALOS
20090823 20091101 -6.1593e-05 7.5788e-10 ERS2
20091222 20100624 0.0004414 5.8609e-10 ALOS
20100108 20100223 0.00037235 8.1055e-10 ALOS
20100223 20100526 3.7805e-05 7.2359e-10 ALOS
20100410 20100711 -0.00015562 7.2362e-10 ALOS
20100509 20100624 0.00082119 8.0818e-10 ALOS
20100526 20100711 0.00053152 8.1017e-10 ALOS
20100624 20101109 2.7686e-05 6.4627e-10 ALOS
20100711 20101011 -1.9315e-05 7.2347e-10 ALOS
20100809 20101109 -0.00019061 7.2047e-10 ALOS
20101011 20101126 0.00029196 8.1017e-10 ALOS
20110111 20110226 0.00078986 8.1015e-10 ALOS
20110924 20130715 0.00018611 3.3844e-10 TSX
20111005 20121229 3.9025e-05 4.0043e-10 TSX
20111121 20171221 -1.2201e-05 3.6032e-10 TSX
20111221 20130131 2.6906e-05 4.2189e-10 TSX
20111224 20121027 -3.4119e-05 5.1194e-10 TSX
20120126 20140419 6.1014e-06 3.7858e-10 TSX
20120203 20160320 -3.9993e-05 2.4001e-10 TSX
20120206 20171107 -1.8476e-05 3.5581e-10 TSX
20120617 20171129 -8.5341e-07 3.4529e-10 TSX
20120723 20160120 0.00014669 2.6899e-10 TSX
20121024 20130109 0.00021456 7.5411e-10 TSX
20121027 20151226 2.5229e-06 3.5417e-10 TSX
20121030 20130311 6.3328e-05 6.4573e-10 TSX
20121107 20171118 -2.9313e-06 3.4732e-10 TSX
20121221 20160208 1.6664e-05 3.489e-10 TSX
20121224 20130516 -0.00033664 6.2948e-10 TSX
20121229 20130407 1.8076e-06 7.1564e-10 TSX
20130104 20130217 2.4584e-05 8.0714e-10 TSX
20130109 20130715 0.00011641 5.9126e-10 TSX
20130112 20140511 -6.1059e-06 4.4853e-10 TSX
20130115 20130721 -0.00030016 5.7184e-10 TSX
20130126 20130823 -0.00027019 5.6277e-10 TSX
20130131 20130429 -0.00016623 7.3453e-10 TSX
20130203 20130729 -3.3061e-05 6.1043e-10 TSX
20130211 20130919 4.6919e-05 5.5535e-10 TSX
20130228 20141209 4.789e-05 3.2928e-10 TSX
20130311 20130801 -9.7338e-05 6.2944e-10 TSX
20130316 20130623 3.2861e-05 7.1566e-10 TSX
20130402 20150122 0.00030772 3.6501e-10 TSX
20130407 20140530 -6.2433e-05 4.16e-10 TSX
20130421 20171016 -9.708e-07 3.6593e-10 TSX
20130424 20130721 -0.00037789 7.1976e-10 TSX
20130429 20130623 -8.6895e-05 7.9518e-10 TSX
20130505 20131028 -0.0012155 6.0551e-10 TSX
20130513 20151112 9.441e-06 3.6533e-10 TSX
20130516 20131017 -0.00031117 6.2537e-10 TSX
20130521 20130715 0.0002817 7.9522e-10 TSX
20130524 20171129 -2.0595e-06 3.5608e-10 TSX
20130527 20140627 7.4379e-06 4.1774e-10 TSX
20130601 20130930 0.00038221 6.8014e-10 TSX
20130604 20141217 2.3028e-05 4.3372e-10 TSX
20130607 20140719 3.8942e-05 4.1354e-10 TSX
20130612 20150105 -2.3903e-05 3.5918e-10 TSX
20130615 20160106 1.7381e-05 3.6357e-10 TSX
20130618 20140708 -1.5804e-05 4.2342e-10 TSX
20130623 20130715 0.000735 8.7984e-10 TSX
20130629 20130914 0.00046306 7.4363e-10 TSX
20130707 20150130 9.9597e-06 4.3295e-10 TSX
20130710 20140901 3.5485e-05 4.0954e-10 TSX
20130715 20130726 -0.0025475 1.0233e-09 TSX
20130721 20131108 0.0010761 7.3074e-10 TSX
20130726 20150517 0.00017581 3.3733e-10 TSX
20130729 20160904 -2.4981e-05 3.5023e-10 TSX
20130801 20151115 6.6102e-05 3.087e-10 TSX
20130817 20140209 -1.2468e-05 6.0438e-10 TSX
20130828 20150312 0.00015365 3.628e-10 TSX
20130903 20150329 -0.00047796 4.0503e-10 TSX
20130919 20160309 3.4101e-05 2.8058e-10 TSX
20130925 20140708 -0.00014346 4.886e-10 TSX
20130930 20160411 -8.0041e-06 2.7688e-10 TSX
20131011 20150802 3.7228e-05 3.3471e-10 TSX
20131017 20140719 -5.1426e-05 4.916e-10 TSX
20131028 20160304 -0.00017294 4.3145e-10 TSX
20131102 20140519 -0.00035405 5.7875e-10 TSX
20131108 20140708 -0.00013656 5.3997e-10 TSX
20140209 20160309 5.4384e-05 3.1617e-10 TSX
20140223 20140829 -3.3339e-06 6.0108e-10 TSX
20140408 20140705 -2.2784e-06 7.3233e-10 TSX
20140419 20170913 2.5027e-05 3.9883e-10 TSX
20140511 20141228 6.1567e-05 5.6167e-10 TSX
20140519 20150824 0.00024625 3.9571e-10 TSX
20140624 20171005 1.8937e-05 3.5483e-10 TSX
20140627 20151115 -2.0093e-05 3.6493e-10 TSX
20140705 20180911 2.7391e-05 3.5379e-10 TSX
20140708 20160406 8.608e-05 3.31e-10 TSX
20140716 20171005 3.2017e-06 3.5357e-10 TSX
20140719 20151207 3.8395e-05 3.6364e-10 TSX
20140727 20150326 2.7982e-05 5.5339e-10 TSX
20140810 20150122 -4.3028e-05 5.9901e-10 TSX
20140818 20160301 1.8661e-05 4.1118e-10 TSX
20140829 20160208 6.6692e-06 4.1687e-10 TSX
20140901 20140912 -0.00030402 9.7879e-10 TSX
20140912 20141209 1.0995e-05 7.1975e-10 TSX
20140920 20170902 -1.0705e-05 3.6993e-10 TSX
20141209 20160211 -2.6694e-05 3.943e-10 TSX
20141217 20160722 -1.9686e-05 4.0462e-10 TSX
20141228 20160106 -8.1497e-06 4.673e-10 TSX
20141231 20151024 6.577e-05 4.6926e-10 TSX
20150105 20150824 -6.461e-05 5.443e-10 TSX
20150108 20170811 -1.0151e-05 3.774e-10 TSX
20150119 20160117 1.0556e-05 4.7291e-10 TSX
20150127 20160411 0.00014167 4.0485e-10 TSX
20150130 20151112 -1.3598e-05 5.1381e-10 TSX
20150210 20170114 3.0786e-05 3.958e-10 TSX
20150213 20160326 0.00037881 4.2458e-10 TSX
20150218 20160216 3.9846e-05 4.4428e-10 TSX
20150221 20180112 -3.9984e-06 4.946e-10 TSX
20150304 20180911 -1.2273e-05 3.835e-10 TSX
20150307 20160211 2.6824e-05 4.3974e-10 TSX
20150312 20160320 -0.00018568 4.3794e-10 TSX
20150326 20150827 -4.0939e-05 6.3442e-10 TSX
20150329 20151207 -2.6e-05 5.0476e-10 TSX
20150428 20160425 -5.1722e-07 4.7242e-10 TSX
20150509 20150827 -5.3042e-05 6.9618e-10 TSX
20150517 20150824 -0.00013145 7.1568e-10 TSX
20150520 20180911 1.0128e-06 3.5005e-10 TSX
20150714 20170822 -5.5014e-06 3.7974e-10 TSX
20150725 20170924 1.4673e-05 3.9143e-10 TSX
20150802 20160309 -0.00019534 5.5585e-10 TSX
20150805 20160403 3.0746e-05 5.5193e-10 TSX
20150816 20171107 -1.1861e-05 3.8141e-10 TSX
20150824 20150915 0.0007393 8.7973e-10 TSX
20150827 20170902 -5.193e-06 3.9293e-10 TSX
20150915 20160216 -0.0001455 6.3255e-10 TSX
20151021 20160904 -6.4766e-05 5.0264e-10 TSX
20151101 20171016 -2.5362e-05 3.97e-10 TSX
20151112 20160425 1.2965e-05 6.2276e-10 TSX
20151115 20151229 0.00021272 8.0714e-10 TSX
20151123 20171221 8.2214e-07 3.8726e-10 TSX
20151204 20151215 0.00015048 9.9067e-10 TSX
20151207 20160406 -0.00010794 6.6286e-10 TSX
20151215 20170822 -2.5556e-06 4.0556e-10 TSX
20151226 20161223 -1.7061e-05 4.8698e-10 TSX
20151229 20160211 4.778e-06 8.0714e-10 TSX
20160106 20161223 5.5395e-06 4.9129e-10 TSX
20160117 20160926 -1.1639e-05 5.4415e-10 TSX
20160128 20160301 -0.00014256 8.3711e-10 TSX
20160208 20160312 -0.00010803 8.3711e-10 TSX
20160216 20160309 -0.0004287 8.7973e-10 TSX
20160219 20180319 3.3524e-06 3.8258e-10 TSX
20160301 20161201 9.0333e-06 5.311e-10 TSX
20160304 20160326 5.5595e-05 8.6597e-10 TSX
20160312 20180319 2.4353e-05 3.8312e-10 TSX
20160320 20160411 0.00042308 8.7974e-10 TSX
20160323 20171118 -7.0234e-06 4.071e-10 TSX
20160326 20160406 -0.00055143 9.7872e-10 TSX
20160403 20171027 -1.0521e-05 4.0786e-10 TSX
20160425 20170811 6.0995e-06 4.3221e-10 TSX
20160528 20160630 -2.3321e-05 8.3711e-10 TSX
20160630 20171118 1.8738e-05 4.2591e-10 TSX
20160722 20161201 8.3035e-05 6.642e-10 TSX
20160904 20180707 4.3672e-05 4.1882e-10 TSX
20160915 20180911 4.5132e-05 3.897e-10 TSX
20160926 20170114 8.975e-05 6.9645e-10 TSX
20161201 20171027 -1.229e-05 4.9837e-10 TSX
20161223 20171107 2.5141e-06 4.9532e-10 TSX
20170114 20170902 -6.4261e-05 5.6309e-10 TSX
20170811 20171005 -1.768e-05 7.9201e-10 TSX
20170822 20180707 1.7977e-05 5.0705e-10 TSX
20170913 20180707 -1.3209e-05 5.1735e-10 TSX
20170924 20180319 5.7308e-05 6.1138e-10 TSX
20171005 20171107 5.3761e-05 8.3711e-10 TSX
20171016 20180319 7.9879e-05 6.358e-10 TSX
20171027 20180911 2.2961e-05 5.0708e-10 TSX
20171107 20171118 7.6874e-05 9.9067e-10 TSX
20171118 20171129 5.4813e-05 9.9067e-10 TSX
20171129 20171221 -9.8617e-06 8.7112e-10 TSX
20171210 20180820 2.1801e-05 5.4567e-10 TSX
20171221 20180911 -4.603e-05 5.3795e-10 TSX
20180112 20181003 0.00013939 5.3788e-10 TSX
20180319 20180707 -6.357e-05 6.9647e-10 TSX
20180707 20180911 0.00019701 7.7142e-10 TSX
20180729 20181003 7.2979e-06 7.7142e-10 TSX
20180820 20181003 0.00011959 8.1345e-10 TSX
20180911 20181003 -0.00019759 8.7113e-10 TSX
