20030427 20030914 0.00090921 5.7297e-10 ERS2
20030914 20080629 6.5931e-05 2.6956e-10 ERS2
20050918 20090510 -3.0364e-05 3.0065e-10 ERS2
20051127 20081116 1.6355e-05 3.141e-10 ERS2
20060903 20090510 0.00017931 3.0921e-10 ERS2
20061231 20090105 3.8049e-05 3.1212e-10 ALOS
20070402 20070703 -0.00016276 6.7301e-10 ALOS
20070518 20091008 -2.7027e-05 2.9778e-10 ALOS
20070818 20071003 -0.00036773 7.8368e-10 ALOS
20071217 20100509 -3.3541e-05 2.9863e-10 ALOS
20080103 20100526 2.5539e-05 2.9738e-10 ALOS
20080404 20080520 0.00011424 7.8369e-10 ALOS
20080618 20090921 -5.1305e-05 3.7151e-10 ALOS
20080629 20090510 -0.00025828 4.1389e-10 ERS2
20080705 20091008 -0.00011056 3.6544e-10 ALOS
20080803 20090823 -3.3567e-05 3.8287e-10 ERS2
20081116 20090823 2.8072e-05 4.3237e-10 ERS2
20081219 20090921 0.00026138 4.4697e-10 ALOS
20090105 20090708 0.00013332 5.3159e-10 ALOS
20090510 20091101 -6.9583e-05 5.2277e-10 ERS2
20090708 20091008 0.00044996 6.729e-10 ALOS
20090823 20091101 -6.8364e-05 7.0743e-10 ERS2
20091222 20100624 0.00019844 5.2765e-10 ALOS
20100108 20100223 0.0002576 7.8367e-10 ALOS
20100223 20100526 2.1374e-05 6.7353e-10 ALOS
20100410 20100711 -0.00012111 6.7313e-10 ALOS
20100509 20100624 0.00073715 7.8137e-10 ALOS
20100526 20100711 0.00048798 7.837e-10 ALOS
20100624 20101109 -9.7282e-05 5.8758e-10 ALOS
20100711 20101011 -0.00016454 6.7303e-10 ALOS
20100809 20101109 -0.00022233 6.6985e-10 ALOS
20101011 20101126 0.00030805 7.8369e-10 ALOS
20110111 20110226 0.00075476 7.8368e-10 ALOS
20110924 20130715 6.6211e-05 3.2342e-10 TSX
20111005 20121229 -2.1231e-05 3.6927e-10 TSX
20111121 20171221 -1.2246e-05 3.3325e-10 TSX
20111221 20130131 5.0977e-05 3.8625e-10 TSX
20111224 20121027 -2.0687e-05 4.1973e-10 TSX
20120126 20140419 1.5691e-06 2.8948e-10 TSX
20120203 20160320 -6.7509e-06 2.4824e-10 TSX
20120206 20171107 -7.7075e-06 2.7256e-10 TSX
20120617 20171129 -2.8394e-06 3.045e-10 TSX
20120723 20160120 3.9653e-05 2.5934e-10 TSX
20121024 20130109 0.00016887 7.0995e-10 TSX
20121027 20151226 9.97e-06 2.6552e-10 TSX
20121030 20130311 4.8878e-05 5.8742e-10 TSX
20121107 20171118 4.5023e-06 3.0161e-10 TSX
20121221 20160208 2.3204e-05 2.6439e-10 TSX
20121224 20130516 -0.0002255 5.708e-10 TSX
20121229 20130407 5.9589e-05 6.6308e-10 TSX
20130104 20130217 2.4157e-05 7.8054e-10 TSX
20130109 20130715 0.0001227 5.3124e-10 TSX
20130112 20140511 -1.1971e-05 3.5412e-10 TSX
20130115 20130721 -0.00025198 5.1512e-10 TSX
20130126 20130823 -0.00021889 5.4792e-10 TSX
20130131 20130429 -0.00015223 6.8569e-10 TSX
20130203 20130729 -6.4399e-05 5.2587e-10 TSX
20130211 20130919 8.9604e-06 4.9787e-10 TSX
20130228 20141209 1.6851e-05 3.1229e-10 TSX
20130311 20130801 -6.6069e-05 5.7075e-10 TSX
20130316 20130623 2.2074e-05 6.6308e-10 TSX
20130402 20150122 -4.7143e-05 3.4654e-10 TSX
20130407 20140530 -3.771e-05 3.815e-10 TSX
20130421 20171016 1.3468e-06 3.3963e-10 TSX
20130424 20130721 -0.00036138 6.6941e-10 TSX
20130429 20130623 -8.3071e-05 7.6321e-10 TSX
20130505 20131028 -0.0010703 5.8615e-10 TSX
20130513 20151112 1.8292e-05 2.8325e-10 TSX
20130516 20131017 -0.00035391 6.0317e-10 TSX
20130521 20130715 0.00025558 7.6324e-10 TSX
20130524 20171129 1.2884e-05 3.1621e-10 TSX
20130527 20140627 8.7716e-06 3.8328e-10 TSX
20130601 20130930 0.00025036 6.2256e-10 TSX
20130604 20141217 8.0749e-06 3.3836e-10 TSX
20130607 20140719 5.5207e-06 3.7922e-10 TSX
20130612 20150105 -2.885e-06 3.3852e-10 TSX
20130615 20160106 3.5606e-06 2.9001e-10 TSX
20130618 20140708 -2.2723e-05 3.8763e-10 TSX
20130623 20130715 0.00070102 8.6916e-10 TSX
20130629 20130914 0.00039924 7.003e-10 TSX
20130707 20150130 -1.8124e-06 3.3874e-10 TSX
20130710 20140901 1.8758e-05 3.7633e-10 TSX
20130715 20130726 -0.0025769 1.0174e-09 TSX
20130721 20131108 0.0010318 6.6074e-10 TSX
20130726 20150517 9.3124e-05 3.2209e-10 TSX
20130729 20160904 4.5228e-06 2.6587e-10 TSX
20130801 20151115 1.3013e-05 2.8521e-10 TSX
20130817 20140209 -1.2679e-05 5.4399e-10 TSX
20130828 20150312 6.3098e-05 3.4094e-10 TSX
20130903 20150329 -0.00016694 3.8066e-10 TSX
20130919 20160309 1.019e-05 2.7535e-10 TSX
20130925 20140708 1.4745e-05 4.3832e-10 TSX
20130930 20160411 2.3338e-05 2.748e-10 TSX
20131011 20150802 -5.4829e-06 3.2063e-10 TSX
20131017 20140719 -6.4225e-05 4.3936e-10 TSX
20131028 20160304 -8.0374e-06 3.1872e-10 TSX
20131102 20140519 -0.00024703 5.1951e-10 TSX
20131108 20140708 -9.0285e-06 4.7917e-10 TSX
20140209 20160309 1.3095e-05 3.0625e-10 TSX
20140223 20140829 -1.3378e-05 5.1353e-10 TSX
20140408 20140705 -2.1071e-05 6.7037e-10 TSX
20140419 20170913 2.0668e-06 3.5827e-10 TSX
20140511 20141228 5.1278e-05 4.7136e-10 TSX
20140519 20150824 0.00012438 3.6518e-10 TSX
20140624 20171005 5.2856e-06 2.8753e-10 TSX
20140627 20151115 -2.4707e-05 3.4059e-10 TSX
20140705 20180911 1.0472e-05 2.858e-10 TSX
20140708 20160406 4.9673e-05 3.1154e-10 TSX
20140716 20171005 -4.4369e-06 2.8875e-10 TSX
20140719 20151207 3.7523e-05 3.4079e-10 TSX
20140727 20150326 2.2573e-05 4.6253e-10 TSX
20140810 20150122 -5.072e-05 5.4075e-10 TSX
20140818 20160301 1.2406e-05 3.2426e-10 TSX
20140829 20160208 8.8103e-06 3.316e-10 TSX
20140901 20140912 -0.00030431 9.729e-10 TSX
20140912 20141209 1.8217e-05 6.694e-10 TSX
20140920 20170902 7.739e-06 2.9112e-10 TSX
20141209 20160211 1.8413e-06 3.6461e-10 TSX
20141217 20160722 -7.8858e-06 3.1805e-10 TSX
20141228 20160106 1.3788e-06 3.818e-10 TSX
20141231 20151024 4.0189e-05 4.2549e-10 TSX
20150105 20150824 -3.3261e-05 4.8781e-10 TSX
20150108 20170811 -1.1291e-07 3.1364e-10 TSX
20150119 20160117 1.2175e-05 3.8716e-10 TSX
20150127 20160411 6.2856e-05 3.7185e-10 TSX
20150130 20151112 -1.7708e-05 4.2899e-10 TSX
20150210 20170114 -3.0678e-06 3.0285e-10 TSX
20150213 20160326 0.00014759 4.8559e-10 TSX
20150218 20160216 3.2921e-05 4.0364e-10 TSX
20150221 20180112 -1.525e-05 3.2093e-10 TSX
20150304 20180911 1.3802e-05 2.8942e-10 TSX
20150307 20160211 1.9567e-05 4.0112e-10 TSX
20150312 20160320 -2.2364e-05 3.9822e-10 TSX
20150326 20150827 -5.1644e-05 5.5366e-10 TSX
20150329 20151207 -4.6545e-05 4.5543e-10 TSX
20150428 20160425 5.0339e-06 3.8693e-10 TSX
20150509 20150827 -0.00010375 6.2498e-10 TSX
20150517 20150824 -0.00013761 6.6309e-10 TSX
20150520 20180911 7.8137e-06 3.3573e-10 TSX
20150714 20170822 -1.3055e-05 3.0033e-10 TSX
20150725 20170924 -1.504e-05 2.9704e-10 TSX
20150802 20160309 -9.76e-05 4.9792e-10 TSX
20150805 20160403 5.411e-05 4.6222e-10 TSX
20150816 20171107 3.3364e-06 2.8978e-10 TSX
20150824 20150915 0.00074104 8.6905e-10 TSX
20150827 20170902 -1.4218e-05 3.0043e-10 TSX
20150915 20160216 -0.00012875 5.7206e-10 TSX
20151021 20160904 -7.9309e-06 4.1239e-10 TSX
20151101 20171016 -8.5865e-06 3.0437e-10 TSX
20151112 20160425 3.8195e-05 5.3934e-10 TSX
20151115 20151229 0.00022116 7.8054e-10 TSX
20151123 20171221 1.0811e-06 2.9716e-10 TSX
20151204 20151215 0.00014315 9.8455e-10 TSX
20151207 20160406 -2.3546e-05 6.0545e-10 TSX
20151215 20170822 1.3788e-05 3.1952e-10 TSX
20151226 20161223 1.044e-05 3.9388e-10 TSX
20151229 20160211 1.102e-05 7.8054e-10 TSX
20160106 20161223 2.7326e-05 3.9824e-10 TSX
20160117 20160926 -5.6125e-06 4.5377e-10 TSX
20160128 20160301 -0.00012322 8.1626e-10 TSX
20160208 20160312 -0.00010647 8.1626e-10 TSX
20160216 20160309 -0.0004384 8.6905e-10 TSX
20160219 20180319 9.5744e-06 2.9544e-10 TSX
20160301 20161201 -1.1195e-05 4.3908e-10 TSX
20160304 20160326 7.4136e-05 8.5468e-10 TSX
20160312 20180319 1.5903e-05 2.9611e-10 TSX
20160320 20160411 0.00041766 8.6906e-10 TSX
20160323 20171118 -5.0264e-07 3.1649e-10 TSX
20160326 20160406 -0.00056234 9.7283e-10 TSX
20160403 20171027 -1.3905e-05 3.2233e-10 TSX
20160425 20170811 -2.1661e-06 3.4664e-10 TSX
20160528 20160630 -5.9202e-05 8.1626e-10 TSX
20160630 20171118 3.088e-05 3.385e-10 TSX
20160722 20161201 3.6322e-05 5.8658e-10 TSX
20160904 20180707 7.6886e-06 3.2253e-10 TSX
20160915 20180911 2.0265e-05 3.0006e-10 TSX
20160926 20170114 5.8217e-05 6.2505e-10 TSX
20161201 20171027 8.1951e-06 4.073e-10 TSX
20161223 20171107 -6.6816e-06 4.0957e-10 TSX
20170114 20170902 -4.1876e-05 4.7116e-10 TSX
20170811 20171005 -6.3252e-06 7.5232e-10 TSX
20170822 20180707 1.8424e-06 4.1394e-10 TSX
20170913 20180707 -9.3636e-06 4.2525e-10 TSX
20170924 20180319 7.3209e-05 5.2606e-10 TSX
20171005 20171107 4.7756e-05 8.1626e-10 TSX
20171016 20180319 8.3669e-05 5.5388e-10 TSX
20171027 20180911 3.2386e-05 4.1396e-10 TSX
20171107 20171118 7.3194e-05 9.8455e-10 TSX
20171118 20171129 5.1696e-05 9.8455e-10 TSX
20171129 20171221 -1.4361e-05 8.5886e-10 TSX
20171210 20180820 2.7232e-05 4.5429e-10 TSX
20171221 20180911 3.7747e-05 4.4641e-10 TSX
20180112 20181003 0.00014959 4.4637e-10 TSX
20180319 20180707 -6.0009e-05 6.2505e-10 TSX
20180707 20180911 0.00018773 7.232e-10 TSX
20180729 20181003 -1.5389e-05 7.232e-10 TSX
20180820 20181003 0.00011302 7.8309e-10 TSX
20180911 20181003 -0.00019628 8.5886e-10 TSX
