20030427 20030914 0.00021004 5.6547e-10 ERS2
20030914 20080629 -5.444e-05 2.7766e-10 ERS2
20050918 20090510 -1.7215e-06 2.939e-10 ERS2
20051127 20081116 5.5378e-06 2.9966e-10 ERS2
20060903 20090510 -0.00018574 3.2364e-10 ERS2
20061231 20090105 -1.5975e-05 3.2773e-10 ALOS
20070402 20070703 -6.8876e-06 6.687e-10 ALOS
20070518 20091008 -0.00015189 3.0566e-10 ALOS
20070818 20071003 -0.00048057 7.7925e-10 ALOS
20071217 20100509 -1.3329e-05 3.0552e-10 ALOS
20080103 20100526 -1.2341e-05 3.1459e-10 ALOS
20080404 20080520 4.9381e-05 7.7935e-10 ALOS
20080618 20090921 -0.00012938 3.733e-10 ALOS
20080629 20090510 0.0001628 4.1467e-10 ERS2
20080705 20091008 3.4608e-05 3.6454e-10 ALOS
20080803 20090823 -3.4785e-06 3.8253e-10 ERS2
20081116 20090823 -4.957e-05 4.3199e-10 ERS2
20081219 20090921 0.00020131 4.4623e-10 ALOS
20090105 20090708 0.0001044 5.3182e-10 ALOS
20090510 20091101 0.00032431 5.208e-10 ERS2
20090708 20091008 0.00037141 6.6836e-10 ALOS
20090823 20091101 -0.00028887 7.0065e-10 ERS2
20091222 20100624 0.00047337 5.2525e-10 ALOS
20100108 20100223 0.00044535 7.7975e-10 ALOS
20100223 20100526 0.00026571 6.6899e-10 ALOS
20100410 20100711 -0.00010907 6.6813e-10 ALOS
20100509 20100624 0.00059129 7.7707e-10 ALOS
20100526 20100711 0.00046679 7.7925e-10 ALOS
20100624 20101109 -0.00011145 5.8422e-10 ALOS
20100711 20101011 -0.0001939 6.681e-10 ALOS
20100809 20101109 1.1499e-05 6.6491e-10 ALOS
20101011 20101126 0.00034413 7.7924e-10 ALOS
20110111 20110226 0.00067684 7.7924e-10 ALOS
20110924 20130715 1.5762e-05 3.2476e-10 TSX
20111005 20121229 2.5536e-05 3.689e-10 TSX
20111121 20171221 -1.8779e-05 2.4855e-10 TSX
20111221 20130131 1.52e-05 3.8555e-10 TSX
20111224 20121027 2.8171e-05 4.1976e-10 TSX
20120126 20140419 -7.8377e-06 2.9423e-10 TSX
20120203 20160320 1.491e-05 2.5199e-10 TSX
20120206 20171107 -3.2144e-06 2.4988e-10 TSX
20120617 20171129 -7.128e-06 2.5774e-10 TSX
20120723 20160120 4.7447e-05 2.9937e-10 TSX
20121024 20130109 1.0223e-05 7.0404e-10 TSX
20121027 20151226 -7.6602e-06 2.7281e-10 TSX
20121030 20130311 6.6433e-05 5.8492e-10 TSX
20121107 20171118 -1.1681e-06 2.7713e-10 TSX
20121221 20160208 1.7718e-05 2.7763e-10 TSX
20121224 20130516 -1.433e-05 5.6867e-10 TSX
20121229 20130407 -4.9665e-05 6.5735e-10 TSX
20130104 20130217 8.6247e-05 7.7668e-10 TSX
20130109 20130715 7.6288e-05 5.3226e-10 TSX
20130112 20140511 -1.4067e-06 3.5618e-10 TSX
20130115 20130721 3.263e-05 5.1408e-10 TSX
20130126 20130823 1.1014e-05 5.1658e-10 TSX
20130131 20130429 9.0216e-05 6.7976e-10 TSX
20130203 20130729 -1.4632e-05 5.2309e-10 TSX
20130211 20130919 -4.2191e-05 4.9604e-10 TSX
20130228 20141209 1.8772e-05 3.1397e-10 TSX
20130311 20130801 -5.754e-05 5.6862e-10 TSX
20130316 20130623 9.2063e-05 6.5736e-10 TSX
20130402 20150122 -8.1963e-05 4.0956e-10 TSX
20130407 20140530 5.4058e-05 3.8092e-10 TSX
20130421 20171016 1.6953e-06 2.6822e-10 TSX
20130424 20130721 -6.1327e-05 6.6531e-10 TSX
20130429 20130623 -6.2303e-05 7.5791e-10 TSX
20130505 20131028 -0.00014536 5.4805e-10 TSX
20130513 20151112 1.4774e-05 2.8975e-10 TSX
20130516 20131017 -0.00024585 5.778e-10 TSX
20130521 20130715 4.276e-05 7.5793e-10 TSX
20130524 20171129 7.5487e-06 2.5868e-10 TSX
20130527 20140627 5.3624e-05 3.8394e-10 TSX
20130601 20130930 -6.6454e-05 6.1755e-10 TSX
20130604 20141217 -5.5679e-06 3.3998e-10 TSX
20130607 20140719 -2.7274e-05 3.8052e-10 TSX
20130612 20150105 2.4187e-06 3.381e-10 TSX
20130615 20160106 5.3616e-06 2.8995e-10 TSX
20130618 20140708 -3.1702e-05 3.885e-10 TSX
20130623 20130715 0.0005865 8.6659e-10 TSX
20130629 20130914 0.00011247 7.0007e-10 TSX
20130707 20150130 1.3634e-05 3.3906e-10 TSX
20130710 20140901 -2.228e-05 3.7779e-10 TSX
20130715 20130726 -0.0024132 1.0156e-09 TSX
20130721 20131108 -0.00018824 6.4467e-10 TSX
20130726 20150517 6.2719e-05 3.2398e-10 TSX
20130729 20160904 -1.0992e-05 2.7341e-10 TSX
20130801 20151115 -5.1736e-06 2.9712e-10 TSX
20130817 20140209 2.2354e-06 5.4098e-10 TSX
20130828 20150312 -1.1656e-05 3.4061e-10 TSX
20130903 20150329 5.1438e-05 4.7384e-10 TSX
20130919 20160309 3.7808e-05 2.88e-10 TSX
20130925 20140708 -4.6257e-05 4.4955e-10 TSX
20130930 20160411 1.6247e-05 2.8937e-10 TSX
20131011 20150802 -5.5799e-06 3.2715e-10 TSX
20131017 20140719 6.961e-05 4.6384e-10 TSX
20131028 20160304 -0.00010342 3.6785e-10 TSX
20131102 20140519 7.5766e-05 5.1712e-10 TSX
20131108 20140708 -3.3748e-05 5.0118e-10 TSX
20140209 20160309 7.3188e-06 3.0849e-10 TSX
20140223 20140829 -3.0901e-06 5.1111e-10 TSX
20140408 20140705 9.5846e-06 6.6276e-10 TSX
20140419 20170913 5.7691e-06 2.7781e-10 TSX
20140511 20141228 8.6725e-06 4.7009e-10 TSX
20140519 20150824 2.6491e-06 3.6606e-10 TSX
20140624 20171005 -1.1141e-05 2.6506e-10 TSX
20140627 20151115 -5.381e-05 3.4137e-10 TSX
20140705 20180911 -9.3686e-06 2.6024e-10 TSX
20140708 20160406 1.5431e-05 3.129e-10 TSX
20140716 20171005 8.0679e-06 2.7081e-10 TSX
20140719 20151207 -3.3446e-05 3.4163e-10 TSX
20140727 20150326 -1.9463e-05 4.6134e-10 TSX
20140810 20150122 3.83e-05 5.4634e-10 TSX
20140818 20160301 1.0907e-05 3.2465e-10 TSX
20140829 20160208 9.5696e-06 3.3363e-10 TSX
20140901 20140912 -0.00026451 9.7169e-10 TSX
20140912 20141209 9.5528e-06 6.6531e-10 TSX
20140920 20170902 1.1463e-05 2.8083e-10 TSX
20141209 20160211 -3.9224e-05 3.6442e-10 TSX
20141217 20160722 2.0018e-05 3.2136e-10 TSX
20141228 20160106 -2.2377e-06 3.8248e-10 TSX
20141231 20151024 -4.4064e-05 4.2526e-10 TSX
20150105 20150824 -2.5875e-05 4.8653e-10 TSX
20150108 20170811 -7.7587e-06 2.7758e-10 TSX
20150119 20160117 2.5733e-05 3.8687e-10 TSX
20150127 20160411 1.0197e-05 3.7263e-10 TSX
20150130 20151112 2.3439e-06 4.2862e-10 TSX
20150210 20170114 1.8596e-05 3.0349e-10 TSX
20150213 20160326 -4.3715e-05 3.905e-10 TSX
20150218 20160216 -2.9519e-05 4.0285e-10 TSX
20150221 20180112 3.2093e-05 3.4573e-10 TSX
20150304 20180911 -6.7663e-06 2.6266e-10 TSX
20150307 20160211 -3.6322e-05 4.0142e-10 TSX
20150312 20160320 1.4493e-05 3.98e-10 TSX
20150326 20150827 4.2827e-05 5.4987e-10 TSX
20150329 20151207 -8.7e-05 4.5513e-10 TSX
20150428 20160425 1.7942e-05 3.8731e-10 TSX
20150509 20150827 5.7983e-05 6.1883e-10 TSX
20150517 20150824 -0.00026266 6.5758e-10 TSX
20150520 20180911 -1.4341e-07 2.8012e-10 TSX
20150714 20170822 -4.003e-07 2.9277e-10 TSX
20150725 20170924 1.1299e-05 2.9474e-10 TSX
20150802 20160309 -7.0346e-06 4.9604e-10 TSX
20150805 20160403 -2.5511e-05 4.615e-10 TSX
20150816 20171107 4.4129e-07 2.9119e-10 TSX
20150824 20150915 0.00049045 8.6649e-10 TSX
20150827 20170902 5.5818e-06 2.9463e-10 TSX
20150915 20160216 7.8711e-05 5.6831e-10 TSX
20151021 20160904 -3.6551e-05 4.1263e-10 TSX
20151101 20171016 -1.0562e-05 3.0023e-10 TSX
20151112 20160425 9.8148e-06 5.3611e-10 TSX
20151115 20151229 0.00012846 7.7668e-10 TSX
20151123 20171221 5.4807e-06 2.9573e-10 TSX
20151204 20151215 0.00015469 9.8185e-10 TSX
20151207 20160406 -1.0494e-05 6.0256e-10 TSX
20151215 20170822 1.8563e-05 3.1325e-10 TSX
20151226 20161223 -1.0732e-05 3.9369e-10 TSX
20151229 20160211 1.6239e-05 7.7668e-10 TSX
20160106 20161223 5.2285e-06 3.9834e-10 TSX
20160117 20160926 2.7534e-06 4.5282e-10 TSX
20160128 20160301 -0.00012348 8.1058e-10 TSX
20160208 20160312 -8.0032e-05 8.1058e-10 TSX
20160216 20160309 -0.00028694 8.6649e-10 TSX
20160219 20180319 1.8641e-06 2.9392e-10 TSX
20160301 20161201 2.4852e-05 4.3858e-10 TSX
20160304 20160326 8.2238e-06 8.5261e-10 TSX
20160312 20180319 3.3216e-08 2.9851e-10 TSX
20160320 20160411 0.00036251 8.6651e-10 TSX
20160323 20171118 3.6666e-08 3.1825e-10 TSX
20160326 20160406 -0.0004776 9.7161e-10 TSX
20160403 20171027 3.1315e-05 3.225e-10 TSX
20160425 20170811 2.2306e-05 3.472e-10 TSX
20160528 20160630 -3.8051e-05 8.1058e-10 TSX
20160630 20171118 2.5221e-05 3.3905e-10 TSX
20160722 20161201 7.4002e-05 5.8159e-10 TSX
20160904 20180707 1.8419e-05 3.2346e-10 TSX
20160915 20180911 5.8382e-06 3.0081e-10 TSX
20160926 20170114 2.35e-05 6.1866e-10 TSX
20161201 20171027 3.6495e-06 4.0732e-10 TSX
20161223 20171107 1.9126e-05 4.0926e-10 TSX
20170114 20170902 2.3761e-05 4.6893e-10 TSX
20170811 20171005 -4.2554e-05 7.4452e-10 TSX
20170822 20180707 -3.4424e-06 4.1414e-10 TSX
20170913 20180707 -2.5064e-05 4.2535e-10 TSX
20170924 20180319 -3.1807e-05 5.2318e-10 TSX
20171005 20171107 6.668e-05 8.1058e-10 TSX
20171016 20180319 1.5877e-06 5.5013e-10 TSX
20171027 20180911 -3.3578e-06 4.1416e-10 TSX
20171107 20171118 7.5883e-05 9.8185e-10 TSX
20171118 20171129 5.4914e-05 9.8185e-10 TSX
20171129 20171221 -1.6954e-05 8.5477e-10 TSX
20171210 20180820 -1.7988e-05 4.5333e-10 TSX
20171221 20180911 -3.5034e-05 4.4556e-10 TSX
20180112 20181003 6.233e-06 4.4554e-10 TSX
20180319 20180707 -3.8287e-05 6.1867e-10 TSX
20180707 20180911 0.00010996 7.151e-10 TSX
20180729 20181003 3.9785e-05 7.151e-10 TSX
20180820 20181003 0.00010931 7.761e-10 TSX
20180911 20181003 -0.00012546 8.5477e-10 TSX
