20030427 20030914 0.00075841 5.6536e-10 ERS2
20030914 20080629 3.5492e-05 2.7078e-10 ERS2
20050918 20090510 0.00011402 3.0212e-10 ERS2
20051127 20081116 8.37e-05 3.073e-10 ERS2
20060903 20090510 6.6927e-06 3.0611e-10 ERS2
20061231 20090105 0.00091173 3.1533e-10 ALOS
20070402 20070703 7.9418e-05 6.6631e-10 ALOS
20070518 20091008 0.0010574 3.0209e-10 ALOS
20070818 20071003 -0.00012815 7.7519e-10 ALOS
20071217 20100509 0.0009586 3.057e-10 ALOS
20080103 20100526 0.0008502 3.0746e-10 ALOS
20080404 20080520 0.00019326 7.7518e-10 ALOS
20080618 20090921 0.00071369 3.7353e-10 ALOS
20080629 20090510 -0.00049173 4.1208e-10 ERS2
20080705 20091008 0.0007723 3.6593e-10 ALOS
20080803 20090823 -3.2767e-05 3.8247e-10 ERS2
20081116 20090823 0.00012024 4.3356e-10 ERS2
20081219 20090921 0.0010524 4.4595e-10 ALOS
20090105 20090708 0.00051682 5.2787e-10 ALOS
20090510 20091101 0.00018408 5.2079e-10 ERS2
20090708 20091008 0.0012651 6.6623e-10 ALOS
20090823 20091101 -3.1591e-05 6.9852e-10 ERS2
20091222 20100624 0.00092831 5.2728e-10 ALOS
20100108 20100223 0.00068175 7.753e-10 ALOS
20100223 20100526 4.7368e-05 6.6675e-10 ALOS
20100410 20100711 0.00026905 6.6631e-10 ALOS
20100509 20100624 0.0006529 7.7317e-10 ALOS
20100526 20100711 0.00057838 7.752e-10 ALOS
20100624 20101109 0.00045764 5.8394e-10 ALOS
20100711 20101011 0.00075125 6.6623e-10 ALOS
20100809 20101109 -1.8379e-05 6.6353e-10 ALOS
20101011 20101126 8.9157e-05 7.752e-10 ALOS
20110111 20110226 0.00075188 7.7519e-10 ALOS
20110924 20130715 0.00039151 3.3734e-10 TSX
20111005 20121229 0.00050459 3.7431e-10 TSX
20111121 20171221 6.6165e-05 3.3642e-10 TSX
20111221 20130131 0.00052396 3.8677e-10 TSX
20111224 20121027 0.00012813 4.1931e-10 TSX
20120126 20140419 -0.00010276 3.2556e-10 TSX
20120203 20160320 9.1436e-05 2.8486e-10 TSX
20120206 20171107 7.5531e-06 3.2102e-10 TSX
20120617 20171129 7.4085e-05 3.6829e-10 TSX
20120723 20160120 5.3597e-06 3.4434e-10 TSX
20121024 20130109 0.00023074 7.0161e-10 TSX
20121027 20151226 -3.0516e-05 4.4594e-10 TSX
20121030 20130311 0.00025302 5.8465e-10 TSX
20121107 20171118 5.0879e-05 2.9857e-10 TSX
20121221 20160208 0.00011492 3.7233e-10 TSX
20121224 20130516 0.00027153 5.6892e-10 TSX
20121229 20130407 0.00023198 6.5605e-10 TSX
20130104 20130217 0.00012785 7.7314e-10 TSX
20130109 20130715 0.00050009 5.3524e-10 TSX
20130112 20140511 0.0001097 3.5387e-10 TSX
20130115 20130721 0.00035832 5.1547e-10 TSX
20130126 20130823 0.00045712 5.0014e-10 TSX
20130131 20130429 7.5596e-05 6.7795e-10 TSX
20130203 20130729 0.00020869 5.2335e-10 TSX
20130211 20130919 0.00045824 4.9879e-10 TSX
20130228 20141209 0.00042776 3.4221e-10 TSX
20130311 20130801 0.00037393 5.6953e-10 TSX
20130316 20130623 0.00024669 6.5621e-10 TSX
20130402 20150122 0.0001245 3.1914e-10 TSX
20130407 20140530 0.00044708 3.8295e-10 TSX
20130421 20171016 1.856e-05 4.2947e-10 TSX
20130424 20130721 0.00022534 6.6424e-10 TSX
20130429 20130623 0.00010968 7.5423e-10 TSX
20130505 20131028 -7.4676e-05 5.5166e-10 TSX
20130513 20151112 5.9995e-05 3.3025e-10 TSX
20130516 20131017 0.00029963 5.6035e-10 TSX
20130521 20130715 0.00052538 7.5434e-10 TSX
20130524 20171129 8.5896e-05 3.7645e-10 TSX
20130527 20140627 0.00059762 3.846e-10 TSX
20130601 20130930 0.00057055 6.1704e-10 TSX
20130604 20141217 0.0001477 3.4976e-10 TSX
20130607 20140719 0.00057937 3.8102e-10 TSX
20130612 20150105 0.00050238 3.4158e-10 TSX
20130615 20160106 3.6007e-05 3.3227e-10 TSX
20130618 20140708 0.00047744 3.9011e-10 TSX
20130623 20130715 0.00075527 8.6182e-10 TSX
20130629 20130914 0.0005331 6.8837e-10 TSX
20130707 20150130 0.00011403 3.4613e-10 TSX
20130710 20140901 0.00059201 3.7765e-10 TSX
20130715 20130726 -0.0025139 1.0109e-09 TSX
20130721 20131108 0.00081897 6.2427e-10 TSX
20130726 20150517 0.00051554 3.313e-10 TSX
20130729 20160904 6.5597e-05 3.2744e-10 TSX
20130801 20151115 8.3062e-05 3.463e-10 TSX
20130817 20140209 0.00019779 5.412e-10 TSX
20130828 20150312 0.00055738 3.4644e-10 TSX
20130903 20150329 -5.901e-05 3.502e-10 TSX
20130919 20160309 0.00031485 3.2344e-10 TSX
20130925 20140708 0.00032997 4.3234e-10 TSX
20130930 20160411 0.00010813 3.1729e-10 TSX
20131011 20150802 0.00046747 3.3761e-10 TSX
20131017 20140719 0.00035808 4.3978e-10 TSX
20131028 20160304 -5.2347e-06 3.1295e-10 TSX
20131102 20140519 3.339e-05 5.1707e-10 TSX
20131108 20140708 0.00027355 4.6325e-10 TSX
20140209 20160309 0.00023649 3.2825e-10 TSX
20140223 20140829 0.00016223 5.1109e-10 TSX
20140408 20140705 7.7226e-05 6.6126e-10 TSX
20140419 20170913 0.0001385 3.188e-10 TSX
20140511 20141228 0.00014792 4.7023e-10 TSX
20140519 20150824 0.00061757 3.8583e-10 TSX
20140624 20171005 0.00022802 3.8976e-10 TSX
20140627 20151115 0.00037648 3.5991e-10 TSX
20140705 20180911 7.59e-05 3.2218e-10 TSX
20140708 20160406 0.00029358 3.6762e-10 TSX
20140716 20171005 6.4831e-05 4.011e-10 TSX
20140719 20151207 0.00036596 3.6095e-10 TSX
20140727 20150326 5.1818e-05 4.6168e-10 TSX
20140810 20150122 0.00037709 5.3912e-10 TSX
20140818 20160301 0.00024189 3.6907e-10 TSX
20140829 20160208 0.00027267 3.7097e-10 TSX
20140901 20140912 -0.00030051 9.6757e-10 TSX
20140912 20141209 0.00022229 6.6414e-10 TSX
20140920 20170902 0.00019947 3.578e-10 TSX
20141209 20160211 0.00019154 3.7411e-10 TSX
20141217 20160722 6.4886e-05 3.4375e-10 TSX
20141228 20160106 0.00015675 3.8886e-10 TSX
20141231 20151024 0.00053769 4.3253e-10 TSX
20150105 20150824 0.00040416 4.9262e-10 TSX
20150108 20170811 5.0414e-05 3.9896e-10 TSX
20150119 20160117 0.00018864 3.9672e-10 TSX
20150127 20160411 0.00049394 3.8046e-10 TSX
20150130 20151112 0.00017667 4.3473e-10 TSX
20150210 20170114 0.000142 4.161e-10 TSX
20150213 20160326 0.00029057 4.1622e-10 TSX
20150218 20160216 0.00058777 4.0979e-10 TSX
20150221 20180112 0.00013732 3.729e-10 TSX
20150304 20180911 3.5112e-05 3.6157e-10 TSX
20150307 20160211 0.00067263 4.0514e-10 TSX
20150312 20160320 0.00045944 4.0348e-10 TSX
20150326 20150827 0.00028887 5.5564e-10 TSX
20150329 20151207 0.00064182 4.5886e-10 TSX
20150428 20160425 0.00013766 3.9638e-10 TSX
20150509 20150827 0.00027787 6.2224e-10 TSX
20150517 20150824 0.00027759 6.5737e-10 TSX
20150520 20180911 3.4865e-05 3.4336e-10 TSX
20150714 20170822 0.00015219 3.8011e-10 TSX
20150725 20170924 0.00020713 3.6268e-10 TSX
20150802 20160309 0.00030301 5.0121e-10 TSX
20150805 20160403 8.7781e-05 4.6212e-10 TSX
20150816 20171107 0.00015195 3.501e-10 TSX
20150824 20150915 0.00071814 8.6166e-10 TSX
20150827 20170902 0.00010208 3.6067e-10 TSX
20150915 20160216 0.00022203 5.6889e-10 TSX
20151021 20160904 4.8808e-05 4.193e-10 TSX
20151101 20171016 0.00013402 3.3816e-10 TSX
20151112 20160425 -2.5757e-06 5.3606e-10 TSX
20151115 20151229 0.00023793 7.7316e-10 TSX
20151123 20171221 0.00010428 3.5179e-10 TSX
20151204 20151215 0.00017559 9.7752e-10 TSX
20151207 20160406 -9.8785e-06 6.0213e-10 TSX
20151215 20170822 8.1453e-05 3.6065e-10 TSX
20151226 20161223 0.00015761 3.9369e-10 TSX
20151229 20160211 8.5513e-05 7.7314e-10 TSX
20160106 20161223 0.00016171 3.9832e-10 TSX
20160117 20160926 0.000171 4.5322e-10 TSX
20160128 20160301 -0.00024245 8.0623e-10 TSX
20160208 20160312 -2.7729e-05 8.0623e-10 TSX
20160216 20160309 -0.00043222 8.6164e-10 TSX
20160219 20180319 0.00011814 3.3317e-10 TSX
20160301 20161201 0.000238 4.3868e-10 TSX
20160304 20160326 5.2067e-05 8.4847e-10 TSX
20160312 20180319 7.4754e-05 3.3275e-10 TSX
20160320 20160411 0.00041041 8.6165e-10 TSX
20160323 20171118 3.5331e-05 3.5122e-10 TSX
20160326 20160406 -0.00048171 9.675e-10 TSX
20160403 20171027 0.00024595 3.5142e-10 TSX
20160425 20170811 0.00020293 3.858e-10 TSX
20160528 20160630 9.9337e-05 8.0623e-10 TSX
20160630 20171118 0.00017671 3.6927e-10 TSX
20160722 20161201 0.00022852 5.8131e-10 TSX
20160904 20180707 0.00016055 3.6417e-10 TSX
20160915 20180911 3.0113e-05 3.3878e-10 TSX
20160926 20170114 -6.651e-07 6.1801e-10 TSX
20161201 20171027 7.4909e-05 4.1221e-10 TSX
20161223 20171107 7.5712e-05 4.1582e-10 TSX
20170114 20170902 0.0001112 4.7233e-10 TSX
20170811 20171005 -3.2478e-05 7.4114e-10 TSX
20170822 20180707 -7.4994e-05 4.1371e-10 TSX
20170913 20180707 -0.0001343 4.2568e-10 TSX
20170924 20180319 -0.00024187 5.2321e-10 TSX
20171005 20171107 3.0072e-05 8.0623e-10 TSX
20171016 20180319 -0.00024711 5.5007e-10 TSX
20171027 20180911 -1.501e-06 4.1367e-10 TSX
20171107 20171118 7.4778e-05 9.7752e-10 TSX
20171118 20171129 5.7025e-05 9.7752e-10 TSX
20171129 20171221 9.561e-06 8.5033e-10 TSX
20171210 20180820 -4.5781e-05 4.5343e-10 TSX
20171221 20180911 -2.9601e-05 4.4576e-10 TSX
20180112 20181003 8.2589e-05 4.4573e-10 TSX
20180319 20180707 6.068e-05 6.1797e-10 TSX
20180707 20180911 0.00038559 7.1239e-10 TSX
20180729 20181003 0.00021499 7.1239e-10 TSX
20180820 20181003 0.00031489 7.7213e-10 TSX
20180911 20181003 -0.00014997 8.5034e-10 TSX
