20030427 20030914 0.00065269 5.6759e-10 ERS2
20030914 20080629 9.7723e-05 2.7161e-10 ERS2
20050918 20090510 -0.00010906 2.9969e-10 ERS2
20051127 20081116 -0.00011048 3.2443e-10 ERS2
20060903 20090510 -0.00012809 3.0593e-10 ERS2
20061231 20090105 -7.4476e-05 3.1595e-10 ALOS
20070402 20070703 0.00011246 6.7677e-10 ALOS
20070518 20091008 -4.3173e-05 3.1061e-10 ALOS
20070818 20071003 -0.00020088 7.8716e-10 ALOS
20071217 20100509 4.1804e-05 3.0176e-10 ALOS
20080103 20100526 -8.0715e-05 3.1154e-10 ALOS
20080404 20080520 7.1477e-05 7.8715e-10 ALOS
20080618 20090921 -9.8295e-05 3.7361e-10 ALOS
20080629 20090510 -0.00030206 4.2265e-10 ERS2
20080705 20091008 5.098e-05 3.6523e-10 ALOS
20080803 20090823 1.9987e-05 3.8436e-10 ERS2
20081116 20090823 0.0001264 4.3293e-10 ERS2
20081219 20090921 0.00029492 4.4816e-10 ALOS
20090105 20090708 -2.3814e-05 5.3273e-10 ALOS
20090510 20091101 0.00049143 5.2218e-10 ERS2
20090708 20091008 0.00021854 6.7673e-10 ALOS
20090823 20091101 0.00024522 7.0527e-10 ERS2
20091222 20100624 0.00029289 5.2923e-10 ALOS
20100108 20100223 0.00034988 7.8723e-10 ALOS
20100223 20100526 -4.6022e-07 6.7691e-10 ALOS
20100410 20100711 6.3472e-05 6.7667e-10 ALOS
20100509 20100624 0.00079012 7.8468e-10 ALOS
20100526 20100711 0.00043703 7.8717e-10 ALOS
20100624 20101109 -0.00010996 5.9005e-10 ALOS
20100711 20101011 -7.2748e-05 6.7675e-10 ALOS
20100809 20101109 -0.00017177 6.7335e-10 ALOS
20101011 20101126 0.00020472 7.8717e-10 ALOS
20110111 20110226 0.00052528 7.8715e-10 ALOS
20110924 20130715 1.6875e-05 4.4981e-10 TSX
20111005 20121229 -3.9892e-07 4.3266e-10 TSX
20111121 20171221 -2.0123e-05 4.1733e-10 TSX
20111221 20130131 3.9066e-07 3.9393e-10 TSX
20111224 20121027 -2.9399e-05 4.5555e-10 TSX
20120126 20140419 -9.1022e-06 4.3411e-10 TSX
20120203 20160320 -2.8892e-06 3.8031e-10 TSX
20120206 20171107 -1.7788e-05 4.0413e-10 TSX
20120617 20171129 5.8438e-05 5.0327e-10 TSX
20120723 20160120 -6.3152e-06 5.2579e-10 TSX
20121024 20130109 -1.3718e-05 7.1655e-10 TSX
20121027 20151226 4.1358e-06 4.8902e-10 TSX
20121030 20130311 -0.00013535 5.9215e-10 TSX
20121107 20171118 4.6229e-05 4.7138e-10 TSX
20121221 20160208 -3.3346e-05 3.712e-10 TSX
20121224 20130516 -0.00020188 5.7254e-10 TSX
20121229 20130407 -0.00012295 6.669e-10 TSX
20130104 20130217 -6.0539e-05 7.8313e-10 TSX
20130109 20130715 0.00014532 5.7647e-10 TSX
20130112 20140511 -6.4502e-05 4.3779e-10 TSX
20130115 20130721 -0.0004142 5.3044e-10 TSX
20130126 20130823 -0.00044295 5.1106e-10 TSX
20130131 20130429 -0.00014881 6.8963e-10 TSX
20130203 20130729 -4.6681e-05 5.9181e-10 TSX
20130211 20130919 8.4335e-05 5.5276e-10 TSX
20130228 20141209 -4.1501e-05 4.2417e-10 TSX
20130311 20130801 5.4746e-06 5.9467e-10 TSX
20130316 20130623 -0.00018133 6.7694e-10 TSX
20130402 20150122 6.9463e-05 4.6265e-10 TSX
20130407 20140530 -1.1565e-05 4.8383e-10 TSX
20130421 20171016 4.9659e-05 3.7346e-10 TSX
20130424 20130721 -0.00057979 6.8879e-10 TSX
20130429 20130623 -0.0001625 7.693e-10 TSX
20130505 20131028 -0.0007477 5.4769e-10 TSX
20130513 20151112 1.0798e-05 4.5312e-10 TSX
20130516 20131017 -0.00025954 5.8483e-10 TSX
20130521 20130715 0.00027891 7.768e-10 TSX
20130524 20171129 1.2548e-05 4.1668e-10 TSX
20130527 20140627 5.901e-05 4.7334e-10 TSX
20130601 20130930 0.00017893 6.527e-10 TSX
20130604 20141217 0.00013584 5.1965e-10 TSX
20130607 20140719 0.00015647 4.0784e-10 TSX
20130612 20150105 0.0001129 3.9748e-10 TSX
20130615 20160106 8.6576e-05 4.7879e-10 TSX
20130618 20140708 -1.3908e-05 4.7129e-10 TSX
20130623 20130715 0.00075669 8.7364e-10 TSX
20130629 20130914 0.00018195 7.1673e-10 TSX
20130707 20150130 7.3753e-05 4.3977e-10 TSX
20130710 20140901 -3.9799e-05 4.1353e-10 TSX
20130715 20130726 -0.0025257 1.0195e-09 TSX
20130721 20131108 0.00044411 6.5014e-10 TSX
20130726 20150517 0.0002015 4.4879e-10 TSX
20130729 20160904 -3.7389e-05 4.7807e-10 TSX
20130801 20151115 3.9696e-05 4.1956e-10 TSX
20130817 20140209 -5.9148e-05 5.9042e-10 TSX
20130828 20150312 -3.2306e-05 4.0079e-10 TSX
20130903 20150329 -3.1257e-05 3.7416e-10 TSX
20130919 20160309 -1.203e-05 3.5406e-10 TSX
20130925 20140708 -7.0305e-05 4.6862e-10 TSX
20130930 20160411 -1.8093e-05 3.861e-10 TSX
20131011 20150802 0.00014814 4.2071e-10 TSX
20131017 20140719 7.1033e-05 4.6192e-10 TSX
20131028 20160304 -1.19e-05 3.3991e-10 TSX
20131102 20140519 2.7323e-05 5.3817e-10 TSX
20131108 20140708 3.0995e-05 4.8717e-10 TSX
20140209 20160309 3.0856e-05 3.7967e-10 TSX
20140223 20140829 0.00021348 5.218e-10 TSX
20140408 20140705 9.7781e-05 6.6809e-10 TSX
20140419 20170913 9.3388e-05 3.7496e-10 TSX
20140511 20141228 0.00013936 4.8811e-10 TSX
20140519 20150824 -8.1176e-05 4.1726e-10 TSX
20140624 20171005 0.0001511 4.6392e-10 TSX
20140627 20151115 7.1735e-05 3.7705e-10 TSX
20140705 20180911 -1.0801e-05 3.7149e-10 TSX
20140708 20160406 -3.1143e-05 3.7324e-10 TSX
20140716 20171005 2.6684e-05 3.8272e-10 TSX
20140719 20151207 -0.00012334 3.9327e-10 TSX
20140727 20150326 2.7709e-05 4.7146e-10 TSX
20140810 20150122 -0.00024072 5.4388e-10 TSX
20140818 20160301 -6.7803e-06 4.0393e-10 TSX
20140829 20160208 8.2467e-05 3.8295e-10 TSX
20140901 20140912 -0.00028676 9.7433e-10 TSX
20140912 20141209 -1.8285e-05 6.7276e-10 TSX
20140920 20170902 -2.683e-05 4.7561e-10 TSX
20141209 20160211 -0.00027851 3.9015e-10 TSX
20141217 20160722 -1.3512e-05 4.0806e-10 TSX
20141228 20160106 9.1601e-05 4.5032e-10 TSX
20141231 20151024 8.5475e-05 4.3687e-10 TSX
20150105 20150824 0.00010533 5.0367e-10 TSX
20150108 20170811 -4.2642e-05 4.4414e-10 TSX
20150119 20160117 0.00018712 5.2653e-10 TSX
20150127 20160411 7.7586e-06 3.9727e-10 TSX
20150130 20151112 2.0404e-05 4.8243e-10 TSX
20150210 20170114 4.1571e-05 4.0439e-10 TSX
20150213 20160326 -0.000191 4.3496e-10 TSX
20150218 20160216 -1.8322e-07 4.1094e-10 TSX
20150221 20180112 -7.2509e-05 3.3609e-10 TSX
20150304 20180911 5.5072e-05 4.591e-10 TSX
20150307 20160211 -1.1481e-05 4.0347e-10 TSX
20150312 20160320 -5.8989e-05 4.0637e-10 TSX
20150326 20150827 5.4484e-05 5.5933e-10 TSX
20150329 20151207 -6.1693e-05 4.5747e-10 TSX
20150428 20160425 0.00011643 4.3666e-10 TSX
20150509 20150827 1.7253e-05 6.2873e-10 TSX
20150517 20150824 4.0057e-05 6.6719e-10 TSX
20150520 20180911 -4.8521e-05 4.0145e-10 TSX
20150714 20170822 1.405e-05 4.957e-10 TSX
20150725 20170924 -6.912e-05 4.1183e-10 TSX
20150802 20160309 -0.00011132 4.9956e-10 TSX
20150805 20160403 -1.1193e-05 4.6291e-10 TSX
20150816 20171107 -0.0001148 4.3325e-10 TSX
20150824 20150915 0.00069555 8.7158e-10 TSX
20150827 20170902 0.00017209 3.5973e-10 TSX
20150915 20160216 -7.9152e-05 5.7598e-10 TSX
20151021 20160904 -0.00010985 4.4872e-10 TSX
20151101 20171016 -9.3173e-05 4.4655e-10 TSX
20151112 20160425 1.7751e-05 5.3913e-10 TSX
20151115 20151229 0.00011937 7.8317e-10 TSX
20151123 20171221 -5.3293e-05 4.2376e-10 TSX
20151204 20151215 0.00014762 9.8322e-10 TSX
20151207 20160406 -2.1804e-05 6.0787e-10 TSX
20151215 20170822 0.00029913 4.7907e-10 TSX
20151226 20161223 -1.5859e-05 3.9485e-10 TSX
20151229 20160211 4.8423e-05 7.8317e-10 TSX
20160106 20161223 -8.2615e-06 3.9931e-10 TSX
20160117 20160926 -5.9572e-05 4.6497e-10 TSX
20160128 20160301 -0.00016465 8.1414e-10 TSX
20160208 20160312 -0.00012515 8.1414e-10 TSX
20160216 20160309 -0.00040839 8.7159e-10 TSX
20160219 20180319 3.8184e-05 4.7982e-10 TSX
20160301 20161201 2.5124e-05 4.3996e-10 TSX
20160304 20160326 7.3612e-05 8.565e-10 TSX
20160312 20180319 4.5524e-05 4.5212e-10 TSX
20160320 20160411 0.00037515 8.716e-10 TSX
20160323 20171118 2.365e-05 5.2935e-10 TSX
20160326 20160406 -0.00050076 9.7425e-10 TSX
20160403 20171027 0.00012471 3.9438e-10 TSX
20160425 20170811 -7.0441e-05 5.1041e-10 TSX
20160528 20160630 -8.8773e-05 8.1416e-10 TSX
20160630 20171118 0.00019701 4.8532e-10 TSX
20160722 20161201 0.0002297 5.8631e-10 TSX
20160904 20180707 7.4978e-05 5.6421e-10 TSX
20160915 20180911 -2.9681e-05 3.4514e-10 TSX
20160926 20170114 0.0002583 6.543e-10 TSX
20161201 20171027 -7.2745e-05 5.1984e-10 TSX
20161223 20171107 2.5643e-05 4.3996e-10 TSX
20170114 20170902 -1.37e-05 5.0909e-10 TSX
20170811 20171005 -9.8473e-05 7.498e-10 TSX
20170822 20180707 -0.00011094 4.2739e-10 TSX
20170913 20180707 -0.00015831 4.4845e-10 TSX
20170924 20180319 4.6525e-05 5.2757e-10 TSX
20171005 20171107 2.3037e-05 8.1417e-10 TSX
20171016 20180319 0.00011894 5.5475e-10 TSX
20171027 20180911 -0.0001025 4.2093e-10 TSX
20171107 20171118 6.4192e-05 9.8322e-10 TSX
20171118 20171129 5.7412e-05 9.8322e-10 TSX
20171129 20171221 -6.3112e-05 8.5716e-10 TSX
20171210 20180820 -0.00011123 4.6203e-10 TSX
20171221 20180911 -0.00013155 4.5868e-10 TSX
20180112 20181003 6.0495e-05 4.5988e-10 TSX
20180319 20180707 -0.00026391 6.2719e-10 TSX
20180707 20180911 0.00010603 7.2051e-10 TSX
20180729 20181003 -9.3537e-05 7.205e-10 TSX
20180820 20181003 0.00013007 7.8064e-10 TSX
20180911 20181003 -0.00022278 8.5716e-10 TSX
