20030427 20030914 0.00048882 5.6643e-10 ERS2
20030914 20080629 -8.5498e-05 2.8679e-10 ERS2
20050918 20090510 -1.3402e-05 3.0242e-10 ERS2
20051127 20081116 0.0002318 3.0669e-10 ERS2
20060903 20090510 -3.7756e-05 3.0776e-10 ERS2
20061231 20090105 -7.682e-05 3.2351e-10 ALOS
20070402 20070703 0.00011543 6.6924e-10 ALOS
20070518 20091008 -8.2825e-05 3.1112e-10 ALOS
20070818 20071003 -0.00042597 7.7881e-10 ALOS
20071217 20100509 -0.00013219 3.1515e-10 ALOS
20080103 20100526 2.8434e-05 3.3919e-10 ALOS
20080404 20080520 -5.003e-05 7.7886e-10 ALOS
20080618 20090921 -6.9547e-05 3.7245e-10 ALOS
20080629 20090510 0.00017783 4.123e-10 ERS2
20080705 20091008 9.7475e-05 3.6628e-10 ALOS
20080803 20090823 -5.5322e-05 3.8276e-10 ERS2
20081116 20090823 -5.9763e-05 4.3204e-10 ERS2
20081219 20090921 3.2531e-05 4.4669e-10 ALOS
20090105 20090708 -0.00013403 5.2981e-10 ALOS
20090510 20091101 -0.00050507 5.2021e-10 ERS2
20090708 20091008 0.00026664 6.6778e-10 ALOS
20090823 20091101 2.5107e-05 7.0061e-10 ERS2
20091222 20100624 0.00032469 5.4492e-10 ALOS
20100108 20100223 0.00034131 7.8035e-10 ALOS
20100223 20100526 0.00046627 6.7009e-10 ALOS
20100410 20100711 0.00013738 6.6819e-10 ALOS
20100509 20100624 0.00060388 7.7665e-10 ALOS
20100526 20100711 0.00035204 7.7877e-10 ALOS
20100624 20101109 -0.00012935 5.8411e-10 ALOS
20100711 20101011 -5.3308e-05 6.6732e-10 ALOS
20100809 20101109 -7.7126e-05 6.6473e-10 ALOS
20101011 20101126 0.00020981 7.7877e-10 ALOS
20110111 20110226 0.0006417 7.7875e-10 ALOS
20110924 20130715 1.7756e-05 3.2248e-10 TSX
20111005 20121229 1.9103e-05 3.7597e-10 TSX
20111121 20171221 -2.7601e-05 3.367e-10 TSX
20111221 20130131 1.3843e-05 3.8541e-10 TSX
20111224 20121027 1.4484e-05 4.1942e-10 TSX
20120126 20140419 -5.885e-06 3.1672e-10 TSX
20120203 20160320 1.431e-05 2.8197e-10 TSX
20120206 20171107 -7.2524e-06 3.6243e-10 TSX
20120617 20171129 -9.2314e-06 3.499e-10 TSX
20120723 20160120 -7.379e-05 3.6822e-10 TSX
20121024 20130109 0.00011177 7.0331e-10 TSX
20121027 20151226 1.5936e-05 3.0736e-10 TSX
20121030 20130311 4.1418e-05 5.8488e-10 TSX
20121107 20171118 -1.5259e-06 3.5559e-10 TSX
20121221 20160208 6.4094e-06 3.6226e-10 TSX
20121224 20130516 -2.6697e-06 5.6861e-10 TSX
20121229 20130407 -3.157e-05 6.5709e-10 TSX
20130104 20130217 1.6599e-05 7.7639e-10 TSX
20130109 20130715 3.7396e-05 5.3524e-10 TSX
20130112 20140511 3.3007e-06 3.7093e-10 TSX
20130115 20130721 -7.6196e-05 5.1405e-10 TSX
20130126 20130823 0.00022045 5.1477e-10 TSX
20130131 20130429 -4.1198e-05 6.7947e-10 TSX
20130203 20130729 -5.5428e-05 5.2314e-10 TSX
20130211 20130919 -5.5922e-05 4.9588e-10 TSX
20130228 20141209 1.1987e-05 3.2115e-10 TSX
20130311 20130801 -2.6376e-05 5.6858e-10 TSX
20130316 20130623 4.5379e-06 6.571e-10 TSX
20130402 20150122 9.5955e-05 4.033e-10 TSX
20130407 20140530 -1.4803e-05 3.807e-10 TSX
20130421 20171016 -6.104e-07 3.4919e-10 TSX
20130424 20130721 -0.00013262 6.6522e-10 TSX
20130429 20130623 -5.4324e-05 7.5744e-10 TSX
20130505 20131028 0.00014739 5.4322e-10 TSX
20130513 20151112 2.4331e-05 3.8528e-10 TSX
20130516 20131017 0.00036241 5.8332e-10 TSX
20130521 20130715 9.438e-05 7.5746e-10 TSX
20130524 20171129 5.3914e-06 3.5323e-10 TSX
20130527 20140627 3.025e-05 3.8387e-10 TSX
20130601 20130930 1.7823e-05 6.1733e-10 TSX
20130604 20141217 -5.7738e-06 3.5641e-10 TSX
20130607 20140719 2.4041e-05 3.8026e-10 TSX
20130612 20150105 -2.8114e-05 3.4026e-10 TSX
20130615 20160106 4.5103e-05 3.3147e-10 TSX
20130618 20140708 -1.2207e-05 3.8823e-10 TSX
20130623 20130715 0.00062654 8.6573e-10 TSX
20130629 20130914 0.00022768 7.1642e-10 TSX
20130707 20150130 -1.2538e-07 3.5836e-10 TSX
20130710 20140901 6.8631e-06 3.7764e-10 TSX
20130715 20130726 -0.0023806 1.0146e-09 TSX
20130721 20131108 0.00021386 6.3591e-10 TSX
20130726 20150517 4.2872e-05 3.29e-10 TSX
20130729 20160904 -1.3698e-05 3.3936e-10 TSX
20130801 20151115 -2.3813e-05 3.5137e-10 TSX
20130817 20140209 -1.2135e-05 5.4081e-10 TSX
20130828 20150312 2.8811e-05 3.4348e-10 TSX
20130903 20150329 0.00014991 3.4737e-10 TSX
20130919 20160309 -4.1007e-06 3.6262e-10 TSX
20130925 20140708 -5.4047e-05 4.6564e-10 TSX
20130930 20160411 1.8844e-05 3.3573e-10 TSX
20131011 20150802 2.1293e-05 3.449e-10 TSX
20131017 20140719 2.954e-05 5.1571e-10 TSX
20131028 20160304 2.7538e-05 3.9919e-10 TSX
20131102 20140519 3.0423e-05 5.1698e-10 TSX
20131108 20140708 -0.00017798 5.2461e-10 TSX
20140209 20160309 1.8516e-05 3.3695e-10 TSX
20140223 20140829 1.337e-05 5.1107e-10 TSX
20140408 20140705 -2.4447e-05 6.6278e-10 TSX
20140419 20170913 3.2121e-05 3.8989e-10 TSX
20140511 20141228 7.9163e-07 4.7023e-10 TSX
20140519 20150824 -1.845e-05 3.6961e-10 TSX
20140624 20171005 -9.12e-06 3.4757e-10 TSX
20140627 20151115 -6.4984e-05 3.5834e-10 TSX
20140705 20180911 -9.2773e-06 3.3081e-10 TSX
20140708 20160406 2.5319e-05 3.4696e-10 TSX
20140716 20171005 1.5862e-05 3.2963e-10 TSX
20140719 20151207 -9.5666e-06 3.729e-10 TSX
20140727 20150326 -1.4274e-05 4.6185e-10 TSX
20140810 20150122 8.199e-05 5.5136e-10 TSX
20140818 20160301 2.766e-05 3.7265e-10 TSX
20140829 20160208 1.8987e-05 3.7338e-10 TSX
20140901 20140912 -0.00028448 9.7095e-10 TSX
20140912 20141209 -4.9414e-06 6.6522e-10 TSX
20140920 20170902 3.7676e-05 3.2827e-10 TSX
20141209 20160211 -1.7388e-05 3.7543e-10 TSX
20141217 20160722 1.8888e-05 3.8072e-10 TSX
20141228 20160106 2.3583e-05 3.981e-10 TSX
20141231 20151024 -9.6187e-07 4.2544e-10 TSX
20150105 20150824 -3.1005e-05 4.8708e-10 TSX
20150108 20170811 3.6034e-06 3.7077e-10 TSX
20150119 20160117 4.8069e-05 3.9321e-10 TSX
20150127 20160411 4.1933e-06 3.902e-10 TSX
20150130 20151112 -1.2652e-05 4.3705e-10 TSX
20150210 20170114 1.877e-06 3.7896e-10 TSX
20150213 20160326 0.00014286 4.2328e-10 TSX
20150218 20160216 -2.0083e-06 4.0382e-10 TSX
20150221 20180112 1.5249e-05 3.8165e-10 TSX
20150304 20180911 -6.4568e-06 3.5379e-10 TSX
20150307 20160211 -3.2399e-06 4.0638e-10 TSX
20150312 20160320 -4.8246e-05 4.0512e-10 TSX
20150326 20150827 6.8732e-05 5.5359e-10 TSX
20150329 20151207 -4.3025e-05 4.5465e-10 TSX
20150428 20160425 4.6527e-05 3.952e-10 TSX
20150509 20150827 5.2268e-05 6.2664e-10 TSX
20150517 20150824 -0.00012417 6.5739e-10 TSX
20150520 20180911 -6.0264e-06 3.5108e-10 TSX
20150714 20170822 1.2161e-05 3.762e-10 TSX
20150725 20170924 2.4711e-05 3.5047e-10 TSX
20150802 20160309 -3.6376e-05 4.9643e-10 TSX
20150805 20160403 -2.828e-05 4.8675e-10 TSX
20150816 20171107 2.1755e-05 3.6076e-10 TSX
20150824 20150915 0.00061067 8.6563e-10 TSX
20150827 20170902 2.6309e-05 3.4806e-10 TSX
20150915 20160216 -1.2134e-05 5.686e-10 TSX
20151021 20160904 -6.1887e-05 4.4619e-10 TSX
20151101 20171016 1.7892e-05 3.2702e-10 TSX
20151112 20160425 1.2107e-05 5.4034e-10 TSX
20151115 20151229 0.00018572 7.7639e-10 TSX
20151123 20171221 1.2716e-06 3.4553e-10 TSX
20151204 20151215 0.0001627 9.8121e-10 TSX
20151207 20160406 -4.2858e-05 6.0251e-10 TSX
20151215 20170822 1.6824e-05 3.5087e-10 TSX
20151226 20161223 1.7909e-05 4.117e-10 TSX
20151229 20160211 1.5679e-05 7.7639e-10 TSX
20160106 20161223 1.1597e-05 4.0265e-10 TSX
20160117 20160926 4.9809e-06 4.6961e-10 TSX
20160128 20160301 -0.00016069 8.103e-10 TSX
20160208 20160312 -9.1543e-05 8.103e-10 TSX
20160216 20160309 -0.00035047 8.6563e-10 TSX
20160219 20180319 1.3183e-05 3.3384e-10 TSX
20160301 20161201 7.1026e-05 4.3912e-10 TSX
20160304 20160326 3.6379e-05 8.5202e-10 TSX
20160312 20180319 1.5078e-05 3.2554e-10 TSX
20160320 20160411 0.00037153 8.6564e-10 TSX
20160323 20171118 1.0948e-05 3.3501e-10 TSX
20160326 20160406 -0.00050351 9.7088e-10 TSX
20160403 20171027 3.4916e-05 3.6434e-10 TSX
20160425 20170811 2.4504e-05 3.6987e-10 TSX
20160528 20160630 -6.8951e-05 8.103e-10 TSX
20160630 20171118 5.7144e-05 3.5494e-10 TSX
20160722 20161201 0.00014525 5.816e-10 TSX
20160904 20180707 4.2098e-05 3.3972e-10 TSX
20160915 20180911 -2.7489e-06 3.2663e-10 TSX
20160926 20170114 3.7638e-05 6.1906e-10 TSX
20161201 20171027 -1.7558e-05 4.1083e-10 TSX
20161223 20171107 1.0455e-06 4.1742e-10 TSX
20170114 20170902 8.2354e-06 4.7699e-10 TSX
20170811 20171005 -8.2657e-05 7.4446e-10 TSX
20170822 20180707 -4.5544e-05 4.1386e-10 TSX
20170913 20180707 -9.0475e-05 4.2601e-10 TSX
20170924 20180319 -5.5349e-05 5.2318e-10 TSX
20171005 20171107 4.7329e-05 8.103e-10 TSX
20171016 20180319 -3.284e-05 5.5015e-10 TSX
20171027 20180911 -2.9785e-05 4.1389e-10 TSX
20171107 20171118 8.6561e-05 9.8121e-10 TSX
20171118 20171129 5.3962e-05 9.8121e-10 TSX
20171129 20171221 -3.6996e-05 8.5431e-10 TSX
20171210 20180820 -3.562e-05 4.5348e-10 TSX
20171221 20180911 -4.4169e-05 4.4577e-10 TSX
20180112 20181003 -3.4259e-06 4.4572e-10 TSX
20180319 20180707 -6.2528e-05 6.1868e-10 TSX
20180707 20180911 0.00019029 7.1508e-10 TSX
20180729 20181003 -2.4414e-05 7.1508e-10 TSX
20180820 20181003 0.00010027 7.7596e-10 TSX
20180911 20181003 -0.00017022 8.5432e-10 TSX
