20030427 20030914 0.00017503 5.7002e-10 ERS2
20030914 20080629 -8.9985e-05 2.7785e-10 ERS2
20050918 20090510 -2.6674e-05 3.0114e-10 ERS2
20051127 20081116 0.00016076 3.0394e-10 ERS2
20060903 20090510 -0.00021494 3.202e-10 ERS2
20061231 20090105 -5.6693e-09 3.1397e-10 ALOS
20070402 20070703 -0.0001599 6.6667e-10 ALOS
20070518 20091008 -1.2495e-05 2.9939e-10 ALOS
20070818 20071003 -0.00048375 7.7633e-10 ALOS
20071217 20100509 2.8654e-05 3.0045e-10 ALOS
20080103 20100526 9.1541e-05 3.0224e-10 ALOS
20080404 20080520 4.1157e-05 7.7634e-10 ALOS
20080618 20090921 -7.2226e-05 3.7269e-10 ALOS
20080629 20090510 -0.00016577 4.1177e-10 ERS2
20080705 20091008 -8.2358e-05 3.6504e-10 ALOS
20080803 20090823 -2.6564e-05 3.827e-10 ERS2
20081116 20090823 5.2807e-05 4.3211e-10 ERS2
20081219 20090921 0.00013053 4.4607e-10 ALOS
20090105 20090708 1.6821e-05 5.2819e-10 ALOS
20090510 20091101 0.00077439 5.2165e-10 ERS2
20090708 20091008 0.00011437 6.6667e-10 ALOS
20090823 20091101 0.00010128 6.9934e-10 ERS2
20091222 20100624 0.00022418 5.2547e-10 ALOS
20100108 20100223 -0.0001583 7.7643e-10 ALOS
20100223 20100526 2.8451e-05 6.6671e-10 ALOS
20100410 20100711 -0.00014321 6.6669e-10 ALOS
20100509 20100624 0.00072553 7.7421e-10 ALOS
20100526 20100711 0.00031547 7.7634e-10 ALOS
20100624 20101109 -0.000197 5.8413e-10 ALOS
20100711 20101011 -0.00037155 6.667e-10 ALOS
20100809 20101109 -0.0001332 6.6391e-10 ALOS
20101011 20101126 0.00027633 7.7634e-10 ALOS
20110111 20110226 0.00055496 7.7633e-10 ALOS
20110924 20130715 4.3184e-05 3.2421e-10 TSX
20111005 20121229 -2.9128e-05 3.6886e-10 TSX
20111121 20171221 -5.9911e-06 2.4668e-10 TSX
20111221 20130131 6.257e-05 3.8545e-10 TSX
20111224 20121027 -7.8497e-06 4.1941e-10 TSX
20120126 20140419 1.0544e-05 2.9063e-10 TSX
20120203 20160320 5.1929e-06 2.4404e-10 TSX
20120206 20171107 -2.8867e-06 2.4246e-10 TSX
20120617 20171129 2.4401e-06 2.3917e-10 TSX
20120723 20160120 3.4269e-05 2.614e-10 TSX
20121024 20130109 0.0001824 7.0232e-10 TSX
20121027 20151226 -9.9755e-06 2.6384e-10 TSX
20121030 20130311 3.3863e-05 5.8473e-10 TSX
20121107 20171118 1.2451e-06 2.4626e-10 TSX
20121221 20160208 1.7026e-05 2.637e-10 TSX
20121224 20130516 -6.54e-05 5.6856e-10 TSX
20121229 20130407 9.7333e-05 6.5656e-10 TSX
20130104 20130217 -2.6273e-05 7.7387e-10 TSX
20130109 20130715 1.4464e-05 5.2856e-10 TSX
20130112 20140511 7.5366e-06 3.5433e-10 TSX
20130115 20130721 -0.00015487 5.14e-10 TSX
20130126 20130823 -0.00012937 4.9714e-10 TSX
20130131 20130429 -3.1049e-05 6.7857e-10 TSX
20130203 20130729 -3.6543e-05 5.2327e-10 TSX
20130211 20130919 -6.0836e-05 4.9601e-10 TSX
20130228 20141209 3.3707e-05 3.1315e-10 TSX
20130311 20130801 -7.1424e-05 5.685e-10 TSX
20130316 20130623 3.4787e-05 6.5657e-10 TSX
20130402 20150122 4.7504e-05 3.1195e-10 TSX
20130407 20140530 -1.0667e-05 3.8079e-10 TSX
20130421 20171016 -9.8361e-07 2.5226e-10 TSX
20130424 20130721 -0.00028247 6.6419e-10 TSX
20130429 20130623 -0.00010151 7.5527e-10 TSX
20130505 20131028 -0.00036185 5.3346e-10 TSX
20130513 20151112 5.5808e-06 2.7953e-10 TSX
20130516 20131017 -0.00020848 5.5774e-10 TSX
20130521 20130715 0.00010984 7.553e-10 TSX
20130524 20171129 8.1029e-06 2.4941e-10 TSX
20130527 20140627 2.6452e-05 3.8387e-10 TSX
20130601 20130930 -3.8489e-05 6.1728e-10 TSX
20130604 20141217 -5.3836e-06 3.3801e-10 TSX
20130607 20140719 -4.7662e-06 3.8038e-10 TSX
20130612 20150105 2.6511e-05 3.3863e-10 TSX
20130615 20160106 1.6174e-05 2.7542e-10 TSX
20130618 20140708 -3.0801e-05 3.8802e-10 TSX
20130623 20130715 0.00054158 8.6357e-10 TSX
20130629 20130914 0.00016444 6.8867e-10 TSX
20130707 20150130 2.7601e-06 3.3756e-10 TSX
20130710 20140901 1.5087e-05 3.7674e-10 TSX
20130715 20130726 -0.0025361 1.0128e-09 TSX
20130721 20131108 0.00074506 6.2202e-10 TSX
20130726 20150517 0.00021781 3.2269e-10 TSX
20130729 20160904 1.6298e-05 2.6762e-10 TSX
20130801 20151115 2.9083e-05 2.867e-10 TSX
20130817 20140209 9.2472e-05 5.4108e-10 TSX
20130828 20150312 3.4452e-05 3.4043e-10 TSX
20130903 20150329 -0.00014795 3.2291e-10 TSX
20130919 20160309 4.6504e-05 2.7409e-10 TSX
20130925 20140708 1.3919e-05 4.3133e-10 TSX
20130930 20160411 3.8897e-05 2.7239e-10 TSX
20131011 20150802 -1.4015e-05 3.2055e-10 TSX
20131017 20140719 -3.9991e-06 4.3879e-10 TSX
20131028 20160304 -9.4205e-06 3.2426e-10 TSX
20131102 20140519 -0.00012283 5.172e-10 TSX
20131108 20140708 -1.7633e-05 4.6283e-10 TSX
20140209 20160309 -1.31e-05 3.0565e-10 TSX
20140223 20140829 -2.3191e-05 5.1126e-10 TSX
20140408 20140705 -8.0232e-06 6.6192e-10 TSX
20140419 20170913 -1.1423e-05 2.7127e-10 TSX
20140511 20141228 5.3452e-07 4.7022e-10 TSX
20140519 20150824 9.5786e-05 3.644e-10 TSX
20140624 20171005 -3.6982e-06 2.6695e-10 TSX
20140627 20151115 8.2954e-06 3.4004e-10 TSX
20140705 20180911 1.3561e-05 2.5262e-10 TSX
20140708 20160406 6.4678e-05 3.1123e-10 TSX
20140716 20171005 3.395e-06 2.6553e-10 TSX
20140719 20151207 1.3122e-05 3.4059e-10 TSX
20140727 20150326 3.2479e-06 4.6162e-10 TSX
20140810 20150122 5.0719e-05 5.3924e-10 TSX
20140818 20160301 2.0684e-05 3.2526e-10 TSX
20140829 20160208 3.1422e-06 3.3181e-10 TSX
20140901 20140912 -0.00031962 9.6904e-10 TSX
20140912 20141209 0.00013035 6.6419e-10 TSX
20140920 20170902 1.7607e-05 2.7083e-10 TSX
20141209 20160211 -5.7465e-06 3.6397e-10 TSX
20141217 20160722 -1.2348e-05 3.1954e-10 TSX
20141228 20160106 1.3473e-05 3.8228e-10 TSX
20141231 20151024 -9.8534e-06 4.2502e-10 TSX
20150105 20150824 -6.8119e-06 4.8614e-10 TSX
20150108 20170811 -3.0973e-06 2.7574e-10 TSX
20150119 20160117 -7.2695e-06 3.873e-10 TSX
20150127 20160411 7.6463e-05 3.7106e-10 TSX
20150130 20151112 -1.4805e-05 4.2855e-10 TSX
20150210 20170114 4.5539e-06 2.9869e-10 TSX
20150213 20160326 -6.9474e-05 3.8145e-10 TSX
20150218 20160216 2.2492e-05 4.0289e-10 TSX
20150221 20180112 -6.0087e-06 2.6477e-10 TSX
20150304 20180911 5.8441e-06 2.5584e-10 TSX
20150307 20160211 2.1934e-05 4.008e-10 TSX
20150312 20160320 6.9264e-06 3.9789e-10 TSX
20150326 20150827 -6.0582e-05 5.4999e-10 TSX
20150329 20151207 -8.6694e-06 4.5483e-10 TSX
20150428 20160425 -6.3736e-07 3.8698e-10 TSX
20150509 20150827 -0.000107 6.1832e-10 TSX
20150517 20150824 -0.00023671 6.5657e-10 TSX
20150520 20180911 1.1668e-05 2.6857e-10 TSX
20150714 20170822 9.6137e-06 2.9399e-10 TSX
20150725 20170924 5.4582e-06 2.9041e-10 TSX
20150802 20160309 2.6141e-05 4.96e-10 TSX
20150805 20160403 7.3099e-05 4.6135e-10 TSX
20150816 20171107 2.0983e-05 2.8872e-10 TSX
20150824 20150915 0.00063947 8.6347e-10 TSX
20150827 20170902 1.9534e-05 2.9678e-10 TSX
20150915 20160216 -3.028e-05 5.6835e-10 TSX
20151021 20160904 7.0713e-05 4.1251e-10 TSX
20151101 20171016 9.5038e-06 3.0017e-10 TSX
20151112 20160425 1.0344e-05 5.3629e-10 TSX
20151115 20151229 0.00018669 7.7387e-10 TSX
20151123 20171221 3.0466e-06 2.9398e-10 TSX
20151204 20151215 0.00012304 9.8047e-10 TSX
20151207 20160406 1.2033e-06 6.0224e-10 TSX
20151215 20170822 3.1848e-05 3.1379e-10 TSX
20151226 20161223 1.3754e-05 3.9375e-10 TSX
20151229 20160211 -7.6664e-07 7.7387e-10 TSX
20160106 20161223 1.2574e-05 3.984e-10 TSX
20160117 20160926 -1.1156e-05 4.5305e-10 TSX
20160128 20160301 -0.000134 8.0858e-10 TSX
20160208 20160312 -7.8773e-05 8.0858e-10 TSX
20160216 20160309 -0.00041727 8.6347e-10 TSX
20160219 20180319 1.6592e-05 2.9499e-10 TSX
20160301 20161201 5.088e-06 4.3868e-10 TSX
20160304 20160326 9.323e-05 8.4974e-10 TSX
20160312 20180319 1.0627e-05 2.9735e-10 TSX
20160320 20160411 0.00043912 8.6347e-10 TSX
20160323 20171118 5.5901e-06 3.176e-10 TSX
20160326 20160406 -0.00057524 9.6897e-10 TSX
20160403 20171027 -5.2576e-06 3.223e-10 TSX
20160425 20170811 7.4425e-06 3.4687e-10 TSX
20160528 20160630 -5.8445e-05 8.0858e-10 TSX
20160630 20171118 2.8321e-05 3.3916e-10 TSX
20160722 20161201 8.356e-05 5.8161e-10 TSX
20160904 20180707 -3.8527e-06 3.2293e-10 TSX
20160915 20180911 3.4918e-05 3.0091e-10 TSX
20160926 20170114 7.1019e-05 6.1837e-10 TSX
20161201 20171027 -1.5037e-05 4.0713e-10 TSX
20161223 20171107 8.167e-06 4.0927e-10 TSX
20170114 20170902 -2.6482e-06 4.7011e-10 TSX
20170811 20171005 -5.084e-05 7.4264e-10 TSX
20170822 20180707 3.9987e-05 4.1396e-10 TSX
20170913 20180707 2.2063e-05 4.2508e-10 TSX
20170924 20180319 7.403e-05 5.2336e-10 TSX
20171005 20171107 3.3328e-05 8.0858e-10 TSX
20171016 20180319 5.2878e-05 5.503e-10 TSX
20171027 20180911 4.5182e-05 4.1393e-10 TSX
20171107 20171118 6.4519e-05 9.8047e-10 TSX
20171118 20171129 5.0602e-05 9.8047e-10 TSX
20171129 20171221 -3.2587e-05 8.5304e-10 TSX
20171210 20180820 4.0059e-05 4.5357e-10 TSX
20171221 20180911 7.8564e-05 4.4586e-10 TSX
20180112 20181003 3.8242e-05 4.4582e-10 TSX
20180319 20180707 -3.3336e-06 6.1838e-10 TSX
20180707 20180911 0.00011377 7.1353e-10 TSX
20180729 20181003 -8.35e-05 7.1353e-10 TSX
20180820 20181003 6.882e-05 7.7405e-10 TSX
20180911 20181003 -0.00016456 8.5305e-10 TSX
