20030427 20030914 0.00018667 5.8009e-10 ERS2
20030914 20080629 -0.00012383 2.8219e-10 ERS2
20050918 20090510 2.3486e-05 3.0995e-10 ERS2
20051127 20081116 9.6443e-05 3.1831e-10 ERS2
20060903 20090510 -0.0001713 3.1359e-10 ERS2
20061231 20090105 -8.4236e-05 3.3558e-10 ALOS
20070402 20070703 0.00028414 6.9901e-10 ALOS
20070518 20091008 -6.6055e-05 3.3469e-10 ALOS
20070818 20071003 -0.00029021 7.9972e-10 ALOS
20071217 20100509 -7.441e-05 3.0953e-10 ALOS
20080103 20100526 -5.2269e-05 3.0937e-10 ALOS
20080404 20080520 0.00015626 7.9972e-10 ALOS
20080618 20090921 -6.6757e-05 3.8095e-10 ALOS
20080629 20090510 -0.00086533 4.2364e-10 ERS2
20080705 20091008 8.0385e-05 3.7323e-10 ALOS
20080803 20090823 7.97e-06 3.9042e-10 ERS2
20081116 20090823 -0.00029176 4.3857e-10 ERS2
20081219 20090921 0.00035833 4.697e-10 ALOS
20090105 20090708 0.00049158 5.5096e-10 ALOS
20090510 20091101 0.00014635 5.3206e-10 ERS2
20090708 20091008 0.00020388 6.9788e-10 ALOS
20090823 20091101 0.00061191 7.1906e-10 ERS2
20091222 20100624 0.00018773 5.6864e-10 ALOS
20100108 20100223 0.00027178 7.997e-10 ALOS
20100223 20100526 0.00032107 6.981e-10 ALOS
20100410 20100711 0.00020372 6.9874e-10 ALOS
20100509 20100624 0.00077034 7.9711e-10 ALOS
20100526 20100711 0.00053994 7.997e-10 ALOS
20100624 20101109 -8.7474e-05 6.1296e-10 ALOS
20100711 20101011 -0.00012883 6.9811e-10 ALOS
20100809 20101109 -0.00021683 6.9415e-10 ALOS
20101011 20101126 0.00016379 7.997e-10 ALOS
20110111 20110226 0.00051909 7.9969e-10 ALOS
20110924 20130715 6.3837e-05 3.6067e-10 TSX
20111005 20121229 4.3066e-05 4.862e-10 TSX
20111121 20171221 -5.0271e-05 3.8541e-10 TSX
20111221 20130131 1.2932e-05 4.212e-10 TSX
20111224 20121027 9.0029e-05 4.419e-10 TSX
20120126 20140419 7.8951e-06 4.164e-10 TSX
20120203 20160320 -3.8577e-05 3.7248e-10 TSX
20120206 20171107 -1.9129e-05 3.8974e-10 TSX
20120617 20171129 2.6171e-05 4.9653e-10 TSX
20120723 20160120 -5.9966e-05 4.382e-10 TSX
20121024 20130109 7.5483e-05 7.3531e-10 TSX
20121027 20151226 -5.8247e-05 3.2598e-10 TSX
20121030 20130311 -3.8702e-05 6.0837e-10 TSX
20121107 20171118 -5.5404e-05 4.5118e-10 TSX
20121221 20160208 -4.063e-05 4.273e-10 TSX
20121224 20130516 -5.1937e-05 5.9184e-10 TSX
20121229 20130407 1.7878e-05 6.8961e-10 TSX
20130104 20130217 -2.709e-05 7.9474e-10 TSX
20130109 20130715 -1.2019e-05 5.8403e-10 TSX
20130112 20140511 -7.5049e-05 4.9215e-10 TSX
20130115 20130721 -0.00014136 5.476e-10 TSX
20130126 20130823 -0.00023351 5.9454e-10 TSX
20130131 20130429 1.6567e-06 7.1126e-10 TSX
20130203 20130729 6.4841e-05 5.4788e-10 TSX
20130211 20130919 0.00011897 5.3937e-10 TSX
20130228 20141209 -0.00010373 4.2714e-10 TSX
20130311 20130801 6.6273e-05 6.0265e-10 TSX
20130316 20130623 -8.9932e-05 6.8902e-10 TSX
20130402 20150122 0.00025473 3.4189e-10 TSX
20130407 20140530 2.5548e-05 4.2645e-10 TSX
20130421 20171016 -5.1963e-05 3.2968e-10 TSX
20130424 20130721 -0.00026028 6.9166e-10 TSX
20130429 20130623 -0.00011676 7.8188e-10 TSX
20130505 20131028 -0.00089378 5.8081e-10 TSX
20130513 20151112 -6.6992e-05 4.1254e-10 TSX
20130516 20131017 -0.00017548 6.5718e-10 TSX
20130521 20130715 0.00024205 7.8398e-10 TSX
20130524 20171129 6.0432e-06 4.9388e-10 TSX
20130527 20140627 4.7931e-05 4.0897e-10 TSX
20130601 20130930 0.0001979 6.5778e-10 TSX
20130604 20141217 0.00012085 4.3594e-10 TSX
20130607 20140719 6.3535e-05 4.0026e-10 TSX
20130612 20150105 6.8354e-05 4.6235e-10 TSX
20130615 20160106 0.00010284 3.7576e-10 TSX
20130618 20140708 3.3047e-06 4.0266e-10 TSX
20130623 20130715 0.00069752 8.7719e-10 TSX
20130629 20130914 0.00018991 7.2497e-10 TSX
20130707 20150130 2.0577e-06 4.9579e-10 TSX
20130710 20140901 -9.2617e-08 3.9379e-10 TSX
20130715 20130726 -0.0024477 1.0226e-09 TSX
20130721 20131108 0.00055556 6.6272e-10 TSX
20130726 20150517 0.00026697 3.7078e-10 TSX
20130729 20160904 -6.143e-05 4.3533e-10 TSX
20130801 20151115 -3.3897e-05 4.1947e-10 TSX
20130817 20140209 -0.00010972 5.8047e-10 TSX
20130828 20150312 -0.00021516 4.5016e-10 TSX
20130903 20150329 -2.3811e-05 3.9503e-10 TSX
20130919 20160309 4.3952e-05 3.5122e-10 TSX
20130925 20140708 -1.8973e-05 4.5312e-10 TSX
20130930 20160411 2.6731e-05 3.0539e-10 TSX
20131011 20150802 -7.3477e-05 3.8597e-10 TSX
20131017 20140719 7.3797e-05 4.5156e-10 TSX
20131028 20160304 1.4194e-05 3.6561e-10 TSX
20131102 20140519 5.0482e-05 5.5201e-10 TSX
20131108 20140708 -1.9127e-06 4.9022e-10 TSX
20140209 20160309 5.5983e-05 3.3643e-10 TSX
20140223 20140829 0.00017444 5.4344e-10 TSX
20140408 20140705 0.00015412 6.8245e-10 TSX
20140419 20170913 5.6366e-05 4.8373e-10 TSX
20140511 20141228 0.00012873 5.8764e-10 TSX
20140519 20150824 1.0084e-05 4.4361e-10 TSX
20140624 20171005 0.00024143 3.8469e-10 TSX
20140627 20151115 -3.2388e-05 4.336e-10 TSX
20140705 20180911 9.561e-05 3.9852e-10 TSX
20140708 20160406 2.9873e-05 3.4708e-10 TSX
20140716 20171005 0.00014673 4.6529e-10 TSX
20140719 20151207 -0.00024366 3.7888e-10 TSX
20140727 20150326 -0.00010201 4.8588e-10 TSX
20140810 20150122 -4.9633e-05 5.8656e-10 TSX
20140818 20160301 0.00010586 3.7916e-10 TSX
20140829 20160208 -2.4627e-05 4.1595e-10 TSX
20140901 20140912 -0.00027326 9.7715e-10 TSX
20140912 20141209 -5.6968e-05 6.9132e-10 TSX
20140920 20170902 2.2413e-05 4.7733e-10 TSX
20141209 20160211 -0.00010217 4.058e-10 TSX
20141217 20160722 2.8352e-05 3.8744e-10 TSX
20141228 20160106 -0.00016887 4.5318e-10 TSX
20141231 20151024 5.0163e-05 4.6684e-10 TSX
20150105 20150824 -7.7813e-05 5.3576e-10 TSX
20150108 20170811 -6.6919e-05 3.864e-10 TSX
20150119 20160117 8.6677e-05 5.3826e-10 TSX
20150127 20160411 -0.00012693 3.9986e-10 TSX
20150130 20151112 6.5765e-05 5.4246e-10 TSX
20150210 20170114 6.0862e-05 4.3804e-10 TSX
20150213 20160326 -8.5321e-05 4.9848e-10 TSX
20150218 20160216 -7.6308e-05 4.457e-10 TSX
20150221 20180112 4.467e-05 3.5948e-10 TSX
20150304 20180911 -8.6247e-05 3.5299e-10 TSX
20150307 20160211 -6.1686e-05 4.1532e-10 TSX
20150312 20160320 -6.011e-05 4.3142e-10 TSX
20150326 20150827 7.8111e-05 5.9933e-10 TSX
20150329 20151207 -7.6922e-05 4.7651e-10 TSX
20150428 20160425 4.7873e-05 4.5474e-10 TSX
20150509 20150827 9.0892e-05 6.5373e-10 TSX
20150517 20150824 -7.9486e-05 6.978e-10 TSX
20150520 20180911 3.9456e-05 3.9756e-10 TSX
20150714 20170822 -9.4583e-05 3.7091e-10 TSX
20150725 20170924 6.717e-05 4.3594e-10 TSX
20150802 20160309 -0.00010401 5.357e-10 TSX
20150805 20160403 -0.00011274 4.7619e-10 TSX
20150816 20171107 -7.3013e-05 4.0999e-10 TSX
20150824 20150915 0.00069328 8.7707e-10 TSX
20150827 20170902 9.9784e-05 4.0516e-10 TSX
20150915 20160216 -0.00016939 5.9991e-10 TSX
20151021 20160904 -5.6929e-05 4.752e-10 TSX
20151101 20171016 -2.7709e-05 3.9757e-10 TSX
20151112 20160425 -6.3227e-05 5.5115e-10 TSX
20151115 20151229 0.00011629 7.9474e-10 TSX
20151123 20171221 -7.4602e-05 4.2206e-10 TSX
20151204 20151215 0.00015609 9.8576e-10 TSX
20151207 20160406 -3.2014e-05 6.2699e-10 TSX
20151215 20170822 0.0001699 5.0615e-10 TSX
20151226 20161223 0.00011169 4.3652e-10 TSX
20151229 20160211 -1.9349e-05 7.9474e-10 TSX
20160106 20161223 0.00011722 4.2509e-10 TSX
20160117 20160926 0.0001094 5.1797e-10 TSX
20160128 20160301 -0.00025244 8.2113e-10 TSX
20160208 20160312 -0.00015103 8.2113e-10 TSX
20160216 20160309 -0.00039623 8.7707e-10 TSX
20160219 20180319 6.0594e-05 4.1778e-10 TSX
20160301 20161201 0.00020929 4.6231e-10 TSX
20160304 20160326 6.1932e-05 8.6171e-10 TSX
20160312 20180319 9.0925e-05 4.3401e-10 TSX
20160320 20160411 0.0003538 8.7708e-10 TSX
20160323 20171118 1.4087e-05 4.2663e-10 TSX
20160326 20160406 -0.00051716 9.7707e-10 TSX
20160403 20171027 4.6903e-05 3.9431e-10 TSX
20160425 20170811 -2.4494e-06 4.3139e-10 TSX
20160528 20160630 3.6274e-05 8.2113e-10 TSX
20160630 20171118 0.00027594 3.9836e-10 TSX
20160722 20161201 0.00019964 6.0159e-10 TSX
20160904 20180707 -3.8576e-05 5.1398e-10 TSX
20160915 20180911 -7.2686e-07 3.8887e-10 TSX
20160926 20170114 8.8418e-05 6.4836e-10 TSX
20161201 20171027 0.00015313 5.0776e-10 TSX
20161223 20171107 8.9345e-05 4.8774e-10 TSX
20170114 20170902 0.00013579 5.2291e-10 TSX
20170811 20171005 -4.8184e-05 7.6129e-10 TSX
20170822 20180707 -0.0001653 4.3632e-10 TSX
20170913 20180707 -0.00020155 4.5564e-10 TSX
20170924 20180319 -4.8244e-05 5.3629e-10 TSX
20171005 20171107 7.8642e-05 8.2113e-10 TSX
20171016 20180319 -3.893e-06 5.6529e-10 TSX
20171027 20180911 1.7124e-05 4.2794e-10 TSX
20171107 20171118 6.9456e-05 9.8576e-10 TSX
20171118 20171129 5.7507e-05 9.8576e-10 TSX
20171129 20171221 -3.0111e-05 8.6163e-10 TSX
20171210 20180820 -9.1807e-05 4.6846e-10 TSX
20171221 20180911 3.5475e-05 4.6615e-10 TSX
20180112 20181003 0.00019012 4.7354e-10 TSX
20180319 20180707 -0.00025991 6.3966e-10 TSX
20180707 20180911 0.00040342 7.3369e-10 TSX
20180729 20181003 0.0001116 7.3369e-10 TSX
20180820 20181003 0.00025161 7.9013e-10 TSX
20180911 20181003 -0.00019546 8.6164e-10 TSX
