20030427 20030914 0.0012449 6.7432e-10 ERS2
20030914 20080629 0.00010326 4.4135e-10 ERS2
20050918 20090510 9.4889e-06 4.7574e-10 ERS2
20051127 20081116 0.00031305 4.7854e-10 ERS2
20060903 20090510 -0.00017308 4.8706e-10 ERS2
20061231 20090105 -4.0652e-05 3.6451e-10 ALOS
20070402 20070703 -3.6985e-06 7.2352e-10 ALOS
20070518 20091008 -7.218e-05 3.4796e-10 ALOS
20070818 20071003 -0.00045072 8.0992e-10 ALOS
20071217 20100509 -0.00010766 3.5272e-10 ALOS
20080103 20100526 -4.6677e-05 3.4817e-10 ALOS
20080404 20080520 1.5012e-05 8.0994e-10 ALOS
20080618 20090921 -9.9934e-05 4.3284e-10 ALOS
20080629 20090510 0.00010173 5.5682e-10 ERS2
20080705 20091008 3.7703e-05 4.1956e-10 ALOS
20080803 20090823 -1.0146e-05 5.3607e-10 ERS2
20081116 20090823 -6.7415e-06 5.7334e-10 ERS2
20081219 20090921 0.00084109 5.0581e-10 ALOS
20090105 20090708 0.00020733 5.9161e-10 ALOS
20090510 20091101 -5.8772e-05 6.4355e-10 ERS2
20090708 20091008 0.001059 7.2351e-10 ALOS
20090823 20091101 0.00079725 7.7186e-10 ERS2
20091222 20100624 0.00073778 5.8888e-10 ALOS
20100108 20100223 0.00056423 8.0997e-10 ALOS
20100223 20100526 -0.00014375 7.2353e-10 ALOS
20100410 20100711 -0.0001377 7.235e-10 ALOS
20100509 20100624 0.00080165 8.081e-10 ALOS
20100526 20100711 0.00050432 8.0994e-10 ALOS
20100624 20101109 0.00010257 6.4843e-10 ALOS
20100711 20101011 0.00022231 7.2357e-10 ALOS
20100809 20101109 3.7948e-05 7.2104e-10 ALOS
20101011 20101126 0.00025059 8.0994e-10 ALOS
20110111 20110226 0.00090411 8.0993e-10 ALOS
20110924 20130715 1.3584e-05 3.7234e-10 TSX
20111005 20121229 -1.2203e-05 4.205e-10 TSX
20111121 20171221 -2.0312e-06 5.2749e-10 TSX
20111221 20130131 9.3492e-08 4.396e-10 TSX
20111224 20121027 1.3429e-05 5.7996e-10 TSX
20120126 20140419 1.3524e-05 4.7383e-10 TSX
20120203 20160320 -2.4221e-05 2.8512e-10 TSX
20120206 20171107 -2.4885e-07 5.5801e-10 TSX
20120617 20171129 -2.0508e-05 5.481e-10 TSX
20120723 20160120 -1.1519e-05 3.2078e-10 TSX
20121024 20130109 -8.7223e-06 7.5366e-10 TSX
20121027 20151226 -2.2742e-05 4.959e-10 TSX
20121030 20130311 -1.3783e-06 6.5044e-10 TSX
20121107 20171118 -9.1856e-06 5.0664e-10 TSX
20121221 20160208 -2.4412e-06 5.1509e-10 TSX
20121224 20130516 1.8119e-05 6.3506e-10 TSX
20121229 20130407 3.8802e-05 7.1526e-10 TSX
20130104 20130217 5.0965e-05 8.0767e-10 TSX
20130109 20130715 9.8899e-05 5.9218e-10 TSX
20130112 20140511 1.1078e-05 5.3146e-10 TSX
20130115 20130721 -6.7023e-05 5.7954e-10 TSX
20130126 20130823 -0.00029516 5.5466e-10 TSX
20130131 20130429 5.9034e-06 7.3409e-10 TSX
20130203 20130729 2.4201e-05 6.5875e-10 TSX
20130211 20130919 2.9355e-05 5.5788e-10 TSX
20130228 20141209 6.3289e-06 3.7285e-10 TSX
20130311 20130801 -6.3632e-05 6.3484e-10 TSX
20130316 20130623 7.2953e-06 7.1527e-10 TSX
20130402 20150122 5.0449e-05 3.4968e-10 TSX
20130407 20140530 3.4111e-05 4.3399e-10 TSX
20130421 20171016 -1.2766e-06 4.9303e-10 TSX
20130424 20130721 -0.00017072 7.2196e-10 TSX
20130429 20130623 -0.00016533 7.9477e-10 TSX
20130505 20131028 -0.00066695 5.957e-10 TSX
20130513 20151112 1.1663e-05 4.9053e-10 TSX
20130516 20131017 -0.0003337 6.1859e-10 TSX
20130521 20130715 0.00015407 7.9481e-10 TSX
20130524 20171129 -1.1142e-05 5.3242e-10 TSX
20130527 20140627 -2.5425e-05 4.5097e-10 TSX
20130601 20130930 9.8306e-05 6.7994e-10 TSX
20130604 20141217 -1.0497e-05 5.182e-10 TSX
20130607 20140719 -8.9512e-06 4.4728e-10 TSX
20130612 20150105 1.8945e-05 3.8751e-10 TSX
20130615 20160106 -1.1025e-06 4.7301e-10 TSX
20130618 20140708 -9.8335e-06 4.5532e-10 TSX
20130623 20130715 0.00066003 8.7963e-10 TSX
20130629 20130914 0.0002752 7.4222e-10 TSX
20130707 20150130 -9.5783e-06 5.1936e-10 TSX
20130710 20140901 1.211e-05 4.44e-10 TSX
20130715 20130726 -0.002377 1.0231e-09 TSX
20130721 20131108 0.00081723 6.8406e-10 TSX
20130726 20150517 -3.9991e-05 3.6966e-10 TSX
20130729 20160904 -2.809e-05 5.007e-10 TSX
20130801 20151115 1.7461e-05 3.4591e-10 TSX
20130817 20140209 -8.1933e-05 6.0532e-10 TSX
20130828 20150312 -1.08e-05 3.9017e-10 TSX
20130903 20150329 -0.00022002 3.58e-10 TSX
20130919 20160309 4.4426e-05 3.1584e-10 TSX
20130925 20140708 5.0563e-05 4.9148e-10 TSX
20130930 20160411 3.7523e-05 3.1244e-10 TSX
20131011 20150802 4.9105e-05 3.674e-10 TSX
20131017 20140719 -6.1585e-05 5.0002e-10 TSX
20131028 20160304 -5.8069e-05 3.0264e-10 TSX
20131102 20140519 -7.7586e-06 5.8049e-10 TSX
20131108 20140708 1.495e-05 5.2488e-10 TSX
20140209 20160309 2.2756e-05 3.5175e-10 TSX
20140223 20140829 1.765e-05 6.4928e-10 TSX
20140408 20140705 -5.876e-06 7.5361e-10 TSX
20140419 20170913 -1.1368e-05 5.1992e-10 TSX
20140511 20141228 2.4496e-05 6.1693e-10 TSX
20140519 20150824 3.4994e-06 4.1555e-10 TSX
20140624 20171005 -3.2475e-05 5.236e-10 TSX
20140627 20151115 -1.0007e-06 3.9969e-10 TSX
20140705 20180911 2.4731e-06 5.5182e-10 TSX
20140708 20160406 2.08e-05 3.7092e-10 TSX
20140716 20171005 9.4307e-06 5.1764e-10 TSX
20140719 20151207 1.9984e-05 3.9978e-10 TSX
20140727 20150326 -1.0923e-05 6.1115e-10 TSX
20140810 20150122 -5.6298e-05 6.0522e-10 TSX
20140818 20160301 2.4161e-05 5.196e-10 TSX
20140829 20160208 3.5606e-05 5.1329e-10 TSX
20140901 20140912 -0.0002955 9.7884e-10 TSX
20140912 20141209 8.7912e-05 7.2196e-10 TSX
20140920 20170902 2.1201e-05 5.0521e-10 TSX
20141209 20160211 -3.6754e-05 4.2391e-10 TSX
20141217 20160722 2.9711e-05 5.2115e-10 TSX
20141228 20160106 4.0912e-05 5.4233e-10 TSX
20141231 20151024 -8.8518e-06 4.8705e-10 TSX
20150105 20150824 -4.7969e-05 5.47e-10 TSX
20150108 20170811 -2.8896e-05 5.5539e-10 TSX
20150119 20160117 6.3392e-05 5.5335e-10 TSX
20150127 20160411 0.00011479 4.2214e-10 TSX
20150130 20151112 5.3582e-05 5.7926e-10 TSX
20150210 20170114 3.7326e-05 5.1122e-10 TSX
20150213 20160326 5.0752e-05 4.3328e-10 TSX
20150218 20160216 3.7447e-05 4.5756e-10 TSX
20150221 20180112 1.349e-06 5.4749e-10 TSX
20150304 20180911 6.8788e-06 5.301e-10 TSX
20150307 20160211 1.8591e-05 4.6247e-10 TSX
20150312 20160320 7.6079e-05 4.5167e-10 TSX
20150326 20150827 5.3026e-05 6.7117e-10 TSX
20150329 20151207 3.2086e-06 5.1788e-10 TSX
20150428 20160425 5.2719e-05 5.5349e-10 TSX
20150509 20150827 2.0158e-05 7.2311e-10 TSX
20150517 20150824 -0.00011525 7.1527e-10 TSX
20150520 20180911 -1.1013e-05 5.0633e-10 TSX
20150714 20170822 -1.0943e-05 4.7866e-10 TSX
20150725 20170924 1.763e-05 4.9216e-10 TSX
20150802 20160309 -1.5097e-05 5.5787e-10 TSX
20150805 20160403 3.8862e-05 6.0957e-10 TSX
20150816 20171107 -9.5721e-06 4.9734e-10 TSX
20150824 20150915 0.00068949 8.7951e-10 TSX
20150827 20170902 4.0325e-05 4.7288e-10 TSX
20150915 20160216 -0.00016832 6.3288e-10 TSX
20151021 20160904 8.2458e-06 5.7439e-10 TSX
20151101 20171016 2.9274e-07 5.2084e-10 TSX
20151112 20160425 7.0855e-06 6.69e-10 TSX
20151115 20151229 0.00016937 8.0767e-10 TSX
20151123 20171221 -1.2601e-05 5.0295e-10 TSX
20151204 20151215 0.00014191 9.9289e-10 TSX
20151207 20160406 -0.00018251 6.6688e-10 TSX
20151215 20170822 2.9983e-06 5.1575e-10 TSX
20151226 20161223 -2.3507e-06 5.6036e-10 TSX
20151229 20160211 3.1919e-05 8.0767e-10 TSX
20160106 20161223 1.8402e-05 5.6429e-10 TSX
20160117 20160926 2.0993e-05 6.032e-10 TSX
20160128 20160301 -0.00015888 8.4307e-10 TSX
20160208 20160312 -8.0822e-05 8.4307e-10 TSX
20160216 20160309 -0.00041299 8.7951e-10 TSX
20160219 20180319 -3.9398e-06 4.9803e-10 TSX
20160301 20161201 5.5116e-05 5.9387e-10 TSX
20160304 20160326 4.6831e-06 8.6609e-10 TSX
20160312 20180319 -2.4472e-05 5.0805e-10 TSX
20160320 20160411 0.00037435 8.7952e-10 TSX
20160323 20171118 2.1088e-05 5.1009e-10 TSX
20160326 20160406 -0.00047725 9.7876e-10 TSX
20160403 20171027 1.6204e-05 5.0492e-10 TSX
20160425 20170811 5.6786e-07 5.1942e-10 TSX
20160528 20160630 1.3386e-06 8.4307e-10 TSX
20160630 20171118 4.6039e-06 5.1447e-10 TSX
20160722 20161201 6.4463e-05 7.032e-10 TSX
20160904 20180707 3.3096e-05 5.2813e-10 TSX
20160915 20180911 5.2039e-06 4.8885e-10 TSX
20160926 20170114 6.784e-05 7.2574e-10 TSX
20161201 20171027 -1.133e-05 5.6798e-10 TSX
20161223 20171107 2.4111e-05 5.6623e-10 TSX
20170114 20170902 1.4801e-05 6.2661e-10 TSX
20170811 20171005 -2.8132e-05 8.0369e-10 TSX
20170822 20180707 6.2602e-05 5.7591e-10 TSX
20170913 20180707 4.2019e-05 5.8311e-10 TSX
20170924 20180319 3.2387e-05 6.5888e-10 TSX
20171005 20171107 3.207e-05 8.4307e-10 TSX
20171016 20180319 1.3549e-05 6.7986e-10 TSX
20171027 20180911 4.4336e-05 5.7601e-10 TSX
20171107 20171118 7.138e-05 9.9289e-10 TSX
20171118 20171129 5.2869e-05 9.9289e-10 TSX
20171129 20171221 -1.7649e-05 8.7484e-10 TSX
20171210 20180820 3.5947e-05 6.0508e-10 TSX
20171221 20180911 5.1872e-05 5.9908e-10 TSX
20180112 20181003 3.665e-05 5.9863e-10 TSX
20180319 20180707 -3.2427e-05 7.2636e-10 TSX
20180707 20180911 0.00017488 7.8622e-10 TSX
20180729 20181003 1.3953e-06 7.8622e-10 TSX
20180820 20181003 0.00014221 8.2214e-10 TSX
20180911 20181003 -0.00017875 8.7484e-10 TSX
