20030427 20030914 0.00020932 5.6678e-10 ERS2
20030914 20080629 9.2155e-05 2.8963e-10 ERS2
20050918 20090510 2.1482e-05 3.015e-10 ERS2
20051127 20081116 3.6962e-05 3.1618e-10 ERS2
20060903 20090510 1.1818e-05 3.0776e-10 ERS2
20061231 20090105 -5.0218e-05 3.1352e-10 ALOS
20070402 20070703 -0.00018936 6.6627e-10 ALOS
20070518 20091008 -4.6043e-05 2.9888e-10 ALOS
20070818 20071003 -0.0004306 7.7516e-10 ALOS
20071217 20100509 -1.3674e-05 2.9909e-10 ALOS
20080103 20100526 1.5047e-05 2.983e-10 ALOS
20080404 20080520 2.122e-05 7.7517e-10 ALOS
20080618 20090921 -4.6638e-06 3.724e-10 ALOS
20080629 20090510 -0.00012713 4.1273e-10 ERS2
20080705 20091008 -8.3226e-05 3.649e-10 ALOS
20080803 20090823 -2.6296e-05 3.8311e-10 ERS2
20081116 20090823 0.00011814 4.3193e-10 ERS2
20081219 20090921 6.8295e-05 4.4609e-10 ALOS
20090105 20090708 4.983e-05 5.2808e-10 ALOS
20090510 20091101 0.00047202 5.205e-10 ERS2
20090708 20091008 0.00021922 6.6622e-10 ALOS
20090823 20091101 3.7527e-05 6.986e-10 ERS2
20091222 20100624 1.4128e-05 5.2527e-10 ALOS
20100108 20100223 4.4371e-05 7.7524e-10 ALOS
20100223 20100526 5.2676e-05 6.6626e-10 ALOS
20100410 20100711 -0.00010347 6.6625e-10 ALOS
20100509 20100624 0.00063403 7.7318e-10 ALOS
20100526 20100711 0.00029252 7.7517e-10 ALOS
20100624 20101109 -6.1952e-05 5.8399e-10 ALOS
20100711 20101011 -0.00014166 6.6628e-10 ALOS
20100809 20101109 3.158e-06 6.6356e-10 ALOS
20101011 20101126 0.00029223 7.7517e-10 ALOS
20110111 20110226 0.00059867 7.7516e-10 ALOS
20110924 20130715 2.6671e-05 3.246e-10 TSX
20111005 20121229 1.1858e-06 3.6894e-10 TSX
20111121 20171221 -2.5562e-06 2.4724e-10 TSX
20111221 20130131 5.3708e-05 3.853e-10 TSX
20111224 20121027 -2.7626e-05 4.1938e-10 TSX
20120126 20140419 -2.1692e-05 2.9223e-10 TSX
20120203 20160320 1.0635e-05 2.4628e-10 TSX
20120206 20171107 -6.4789e-06 2.5285e-10 TSX
20120617 20171129 -1.07e-05 2.5366e-10 TSX
20120723 20160120 7.1565e-05 2.6305e-10 TSX
20121024 20130109 0.00022625 7.016e-10 TSX
20121027 20151226 -2.5733e-06 2.6566e-10 TSX
20121030 20130311 5.7076e-05 5.8465e-10 TSX
20121107 20171118 -1.5877e-05 2.5848e-10 TSX
20121221 20160208 -1.0311e-05 2.6769e-10 TSX
20121224 20130516 -0.00015385 5.6849e-10 TSX
20121229 20130407 0.0001472 6.5609e-10 TSX
20130104 20130217 1.3714e-05 7.7312e-10 TSX
20130109 20130715 1.0603e-05 5.2912e-10 TSX
20130112 20140511 -2.6755e-05 3.5386e-10 TSX
20130115 20130721 -0.00014779 5.1395e-10 TSX
20130126 20130823 -0.00011347 4.9245e-10 TSX
20130131 20130429 3.091e-06 6.7799e-10 TSX
20130203 20130729 -6.664e-05 5.2317e-10 TSX
20130211 20130919 8.3847e-06 4.9594e-10 TSX
20130228 20141209 5.0755e-05 3.1219e-10 TSX
20130311 20130801 -3e-05 5.6844e-10 TSX
20130316 20130623 6.0493e-05 6.561e-10 TSX
20130402 20150122 8.0659e-05 3.1429e-10 TSX
20130407 20140530 -2.801e-06 3.8086e-10 TSX
20130421 20171016 -2.1277e-05 2.5888e-10 TSX
20130424 20130721 -0.00026502 6.6403e-10 TSX
20130429 20130623 -5.72e-05 7.5412e-10 TSX
20130505 20131028 -0.00042893 5.3082e-10 TSX
20130513 20151112 1.0566e-06 2.8005e-10 TSX
20130516 20131017 -0.00015861 5.5468e-10 TSX
20130521 20130715 0.00010873 7.5415e-10 TSX
20130524 20171129 -1.5703e-05 2.6658e-10 TSX
20130527 20140627 3.3652e-05 3.8411e-10 TSX
20130601 20130930 7.1278e-07 6.1699e-10 TSX
20130604 20141217 -1.879e-05 3.3916e-10 TSX
20130607 20140719 1.8656e-05 3.8032e-10 TSX
20130612 20150105 3.0991e-05 3.3774e-10 TSX
20130615 20160106 -1.4618e-05 2.7871e-10 TSX
20130618 20140708 -4.353e-06 3.8856e-10 TSX
20130623 20130715 0.00050531 8.6161e-10 TSX
20130629 20130914 0.00017206 6.8827e-10 TSX
20130707 20150130 -2.5116e-05 3.3861e-10 TSX
20130710 20140901 3.186e-05 3.7708e-10 TSX
20130715 20130726 -0.0024735 1.0107e-09 TSX
20130721 20131108 0.00067892 6.2174e-10 TSX
20130726 20150517 0.00017499 3.2173e-10 TSX
20130729 20160904 -1.9235e-05 2.6999e-10 TSX
20130801 20151115 1.4348e-05 2.8842e-10 TSX
20130817 20140209 0.00011527 5.4097e-10 TSX
20130828 20150312 9.2029e-05 3.399e-10 TSX
20130903 20150329 -7.8509e-05 3.2325e-10 TSX
20130919 20160309 4.5266e-05 2.7797e-10 TSX
20130925 20140708 4.6449e-05 4.3131e-10 TSX
20130930 20160411 6.1535e-05 2.7579e-10 TSX
20131011 20150802 2.0201e-05 3.202e-10 TSX
20131017 20140719 1.0428e-05 4.3874e-10 TSX
20131028 20160304 -3.4736e-05 3.2242e-10 TSX
20131102 20140519 -0.00012976 5.1712e-10 TSX
20131108 20140708 -1.3471e-05 4.6281e-10 TSX
20140209 20160309 -1.2885e-05 3.0875e-10 TSX
20140223 20140829 -6.2665e-06 5.1112e-10 TSX
20140408 20140705 -1.4519e-05 6.6135e-10 TSX
20140419 20170913 -1.2845e-05 2.5873e-10 TSX
20140511 20141228 -1.3091e-05 4.7018e-10 TSX
20140519 20150824 0.00016122 3.6466e-10 TSX
20140624 20171005 -9.717e-06 2.6717e-10 TSX
20140627 20151115 -4.6937e-06 3.4075e-10 TSX
20140705 20180911 -1.6628e-05 2.5346e-10 TSX
20140708 20160406 3.9137e-05 3.1259e-10 TSX
20140716 20171005 -7.5281e-06 2.6404e-10 TSX
20140719 20151207 1.6379e-05 3.4002e-10 TSX
20140727 20150326 -2.1985e-05 4.6157e-10 TSX
20140810 20150122 4.4e-05 5.3919e-10 TSX
20140818 20160301 2.2277e-06 3.2518e-10 TSX
20140829 20160208 -4.532e-06 3.3156e-10 TSX
20140901 20140912 -0.00030809 9.6747e-10 TSX
20140912 20141209 0.00011 6.6402e-10 TSX
20140920 20170902 -2.2904e-06 2.7008e-10 TSX
20141209 20160211 -3.1712e-05 3.6382e-10 TSX
20141217 20160722 -1.7751e-05 3.1992e-10 TSX
20141228 20160106 6.3504e-06 3.8225e-10 TSX
20141231 20151024 3.0295e-05 4.2504e-10 TSX
20150105 20150824 4.956e-05 4.8679e-10 TSX
20150108 20170811 -1.7709e-05 2.8387e-10 TSX
20150119 20160117 -6.9664e-06 3.8711e-10 TSX
20150127 20160411 7.7966e-05 3.7073e-10 TSX
20150130 20151112 -3.6614e-06 4.2847e-10 TSX
20150210 20170114 5.4882e-06 3.021e-10 TSX
20150213 20160326 -3.2267e-05 4.1434e-10 TSX
20150218 20160216 1.3097e-05 4.0275e-10 TSX
20150221 20180112 -2.4531e-05 2.7257e-10 TSX
20150304 20180911 -5.4721e-06 2.5751e-10 TSX
20150307 20160211 1.06e-05 4.0057e-10 TSX
20150312 20160320 -6.3696e-05 3.9861e-10 TSX
20150326 20150827 -5.8174e-05 5.4981e-10 TSX
20150329 20151207 -3.7704e-06 4.5485e-10 TSX
20150428 20160425 3.8012e-06 3.873e-10 TSX
20150509 20150827 -8.8938e-05 6.1805e-10 TSX
20150517 20150824 -0.00019103 6.561e-10 TSX
20150520 20180911 -2.6357e-05 2.6214e-10 TSX
20150714 20170822 -3.7458e-05 2.9009e-10 TSX
20150725 20170924 -6.7484e-06 2.8984e-10 TSX
20150802 20160309 -4.9512e-06 4.9593e-10 TSX
20150805 20160403 2.3388e-05 4.6125e-10 TSX
20150816 20171107 -2.306e-05 2.8847e-10 TSX
20150824 20150915 0.0006107 8.6151e-10 TSX
20150827 20170902 -7.1432e-06 2.9578e-10 TSX
20150915 20160216 -8.2862e-05 5.6819e-10 TSX
20151021 20160904 -2.7309e-05 4.1255e-10 TSX
20151101 20171016 -3.2174e-06 2.9985e-10 TSX
20151112 20160425 5.3094e-06 5.3613e-10 TSX
20151115 20151229 0.00017633 7.7311e-10 TSX
20151123 20171221 -1.4979e-05 2.9442e-10 TSX
20151204 20151215 0.00014313 9.7809e-10 TSX
20151207 20160406 -9.6901e-06 6.0215e-10 TSX
20151215 20170822 -1.2444e-05 3.1239e-10 TSX
20151226 20161223 -3.216e-05 3.9387e-10 TSX
20151229 20160211 -7.3535e-06 7.7311e-10 TSX
20160106 20161223 -2.9902e-05 3.9824e-10 TSX
20160117 20160926 -3.6e-05 4.5304e-10 TSX
20160128 20160301 -0.00015968 8.0655e-10 TSX
20160208 20160312 -9.8258e-05 8.0655e-10 TSX
20160216 20160309 -0.00037981 8.6151e-10 TSX
20160219 20180319 -1.5453e-05 2.9589e-10 TSX
20160301 20161201 -5.569e-06 4.3861e-10 TSX
20160304 20160326 0.00010394 8.4838e-10 TSX
20160312 20180319 -2.6781e-05 2.9832e-10 TSX
20160320 20160411 0.00048818 8.6151e-10 TSX
20160323 20171118 4.6723e-06 3.1695e-10 TSX
20160326 20160406 -0.00056211 9.674e-10 TSX
20160403 20171027 -1.4856e-05 3.2172e-10 TSX
20160425 20170811 -1.6001e-05 3.4654e-10 TSX
20160528 20160630 -3.6909e-05 8.0655e-10 TSX
20160630 20171118 -1.1484e-05 3.3875e-10 TSX
20160722 20161201 5.363e-05 5.8137e-10 TSX
20160904 20180707 -3.2354e-05 3.229e-10 TSX
20160915 20180911 -1.154e-05 3.012e-10 TSX
20160926 20170114 5.3719e-05 6.1803e-10 TSX
20161201 20171027 -2.2169e-05 4.0678e-10 TSX
20161223 20171107 7.6608e-06 4.0912e-10 TSX
20170114 20170902 -2.9654e-05 4.6869e-10 TSX
20170811 20171005 -9.1396e-05 7.4132e-10 TSX
20170822 20180707 1.7388e-05 4.1352e-10 TSX
20170913 20180707 -2.4155e-05 4.2509e-10 TSX
20170924 20180319 2.5745e-05 5.2323e-10 TSX
20171005 20171107 2.4885e-05 8.0655e-10 TSX
20171016 20180319 -1.0491e-05 5.5012e-10 TSX
20171027 20180911 1.1019e-05 4.1363e-10 TSX
20171107 20171118 6.3745e-05 9.7809e-10 TSX
20171118 20171129 4.0287e-05 9.7809e-10 TSX
20171129 20171221 -3.6785e-05 8.5077e-10 TSX
20171210 20180820 1.4049e-05 4.5345e-10 TSX
20171221 20180911 0.0001147 4.4569e-10 TSX
20180112 20181003 3.0234e-05 4.4565e-10 TSX
20180319 20180707 -4.4465e-05 6.1803e-10 TSX
20180707 20180911 7.0944e-05 7.1253e-10 TSX
20180729 20181003 -4.1225e-05 7.1253e-10 TSX
20180820 20181003 0.00010625 7.7237e-10 TSX
20180911 20181003 -7.9894e-05 8.5077e-10 TSX
