20030427 20030914 0.00091874 5.6767e-10 ERS2
20030914 20080629 -0.0002645 2.7861e-10 ERS2
20050918 20090510 1.0032e-05 3.0886e-10 ERS2
20051127 20081116 0.00020553 3.3048e-10 ERS2
20060903 20090510 0.0001675 3.1904e-10 ERS2
20061231 20090105 5.4143e-05 3.1677e-10 ALOS
20070402 20070703 -2.4885e-05 6.7017e-10 ALOS
20070518 20091008 5.1888e-05 3.2163e-10 ALOS
20070818 20071003 -0.00032225 7.815e-10 ALOS
20071217 20100509 -5.4672e-05 3.0587e-10 ALOS
20080103 20100526 -2.4394e-06 3.1373e-10 ALOS
20080404 20080520 0.00011528 7.8152e-10 ALOS
20080618 20090921 -0.00017715 3.7399e-10 ALOS
20080629 20090510 -0.00055533 4.1434e-10 ERS2
20080705 20091008 -4.0144e-05 3.6573e-10 ALOS
20080803 20090823 -5.8823e-06 3.849e-10 ERS2
20081116 20090823 -6.134e-05 4.3307e-10 ERS2
20081219 20090921 0.00019897 4.4817e-10 ALOS
20090105 20090708 0.00022762 5.291e-10 ALOS
20090510 20091101 7.4837e-05 5.2e-10 ERS2
20090708 20091008 0.00016824 6.7039e-10 ALOS
20090823 20091101 5.225e-05 7.0053e-10 ERS2
20091222 20100624 -5.9442e-05 5.2771e-10 ALOS
20100108 20100223 0.00035566 7.8157e-10 ALOS
20100223 20100526 8.811e-05 6.6996e-10 ALOS
20100410 20100711 -0.00014194 6.705e-10 ALOS
20100509 20100624 0.00058193 7.7912e-10 ALOS
20100526 20100711 0.00029925 7.8161e-10 ALOS
20100624 20101109 6.7425e-05 5.8561e-10 ALOS
20100711 20101011 -0.00020998 6.7008e-10 ALOS
20100809 20101109 -7.4782e-05 6.6699e-10 ALOS
20101011 20101126 0.00033243 7.8168e-10 ALOS
20110111 20110226 0.00059373 7.815e-10 ALOS
20110924 20130715 2.1652e-05 3.7442e-10 TSX
20111005 20121229 -0.00010501 4.723e-10 TSX
20111121 20171221 2.3122e-05 3.3828e-10 TSX
20111221 20130131 4.3408e-05 4.0521e-10 TSX
20111224 20121027 -1.3737e-05 4.6746e-10 TSX
20120126 20140419 -4.4971e-05 4.0204e-10 TSX
20120203 20160320 0.00012061 3.2123e-10 TSX
20120206 20171107 -7.1469e-05 3.6064e-10 TSX
20120617 20171129 -1.3159e-05 4.4658e-10 TSX
20120723 20160120 6.1326e-05 4.6034e-10 TSX
20121024 20130109 3.8675e-06 7.1193e-10 TSX
20121027 20151226 -6.5499e-05 3.8499e-10 TSX
20121030 20130311 4.6436e-05 5.8571e-10 TSX
20121107 20171118 7.3276e-06 4.2016e-10 TSX
20121221 20160208 3.9651e-05 4.1599e-10 TSX
20121224 20130516 -7.2804e-05 5.7078e-10 TSX
20121229 20130407 -2.7225e-05 6.6028e-10 TSX
20130104 20130217 -1.5268e-05 7.784e-10 TSX
20130109 20130715 0.00027022 6.0465e-10 TSX
20130112 20140511 -1.8663e-05 4.7909e-10 TSX
20130115 20130721 -0.00026767 5.4151e-10 TSX
20130126 20130823 -0.00015196 5.1638e-10 TSX
20130131 20130429 -4.0735e-05 6.8306e-10 TSX
20130203 20130729 -6.8978e-05 5.4341e-10 TSX
20130211 20130919 -1.325e-05 5.2924e-10 TSX
20130228 20141209 -7.3923e-05 3.6348e-10 TSX
20130311 20130801 -5.3278e-05 5.9175e-10 TSX
20130316 20130623 -0.00010148 6.6729e-10 TSX
20130402 20150122 3.353e-05 3.8834e-10 TSX
20130407 20140530 -2.8362e-05 4.2547e-10 TSX
20130421 20171016 5.3962e-06 3.7603e-10 TSX
20130424 20130721 -0.00046242 6.7241e-10 TSX
20130429 20130623 -0.00013053 7.654e-10 TSX
20130505 20131028 -0.00070697 5.9325e-10 TSX
20130513 20151112 5.4358e-05 4.4072e-10 TSX
20130516 20131017 -0.00021673 6.2717e-10 TSX
20130521 20130715 0.00026512 7.657e-10 TSX
20130524 20171129 1.9644e-05 3.8985e-10 TSX
20130527 20140627 -6.0876e-05 4.3335e-10 TSX
20130601 20130930 0.00024973 6.2601e-10 TSX
20130604 20141217 6.4597e-05 4.5733e-10 TSX
20130607 20140719 -2.9784e-05 4.0568e-10 TSX
20130612 20150105 -0.0001393 3.6534e-10 TSX
20130615 20160106 0.00010097 3.9115e-10 TSX
20130618 20140708 -0.0001255 4.6325e-10 TSX
20130623 20130715 0.0007654 8.6942e-10 TSX
20130629 20130914 0.00019317 6.9524e-10 TSX
20130707 20150130 6.5484e-05 3.8001e-10 TSX
20130710 20140901 4.1207e-06 4.0304e-10 TSX
20130715 20130726 -0.0025605 1.0174e-09 TSX
20130721 20131108 0.00059155 6.3522e-10 TSX
20130726 20150517 -1.1206e-05 4.0611e-10 TSX
20130729 20160904 1.2588e-05 4.0599e-10 TSX
20130801 20151115 -9.5812e-05 3.3782e-10 TSX
20130817 20140209 -0.00018284 5.5297e-10 TSX
20130828 20150312 5.7995e-05 3.6701e-10 TSX
20130903 20150329 -0.00010519 4.1289e-10 TSX
20130919 20160309 5.0661e-05 3.6156e-10 TSX
20130925 20140708 -0.00012449 4.6848e-10 TSX
20130930 20160411 -0.00011105 4.011e-10 TSX
20131011 20150802 1.108e-05 3.6856e-10 TSX
20131017 20140719 -2.6443e-05 4.6148e-10 TSX
20131028 20160304 0.00010454 3.9266e-10 TSX
20131102 20140519 5.318e-05 5.2268e-10 TSX
20131108 20140708 -5.6379e-05 4.8432e-10 TSX
20140209 20160309 0.00012583 4.1192e-10 TSX
20140223 20140829 -2.0351e-05 5.1644e-10 TSX
20140408 20140705 -5.4262e-05 6.6447e-10 TSX
20140419 20170913 -6.1588e-06 3.4914e-10 TSX
20140511 20141228 5.4191e-05 4.9166e-10 TSX
20140519 20150824 2.0696e-05 3.8448e-10 TSX
20140624 20171005 -1.7817e-05 3.9504e-10 TSX
20140627 20151115 -5.0941e-06 3.8244e-10 TSX
20140705 20180911 1.8995e-05 4.4033e-10 TSX
20140708 20160406 -0.00014591 3.5043e-10 TSX
20140716 20171005 -5.5565e-05 4.0396e-10 TSX
20140719 20151207 -0.00010524 4.3338e-10 TSX
20140727 20150326 1.6917e-05 4.6797e-10 TSX
20140810 20150122 -7.1808e-05 5.4453e-10 TSX
20140818 20160301 3.2974e-05 3.8176e-10 TSX
20140829 20160208 6.9412e-06 4.2892e-10 TSX
20140901 20140912 -0.00029332 9.7252e-10 TSX
20140912 20141209 8.0871e-06 6.6786e-10 TSX
20140920 20170902 7.6061e-05 3.5039e-10 TSX
20141209 20160211 -0.00012938 4.1712e-10 TSX
20141217 20160722 4.8161e-05 3.8826e-10 TSX
20141228 20160106 -2.9667e-05 4.1997e-10 TSX
20141231 20151024 -4.0182e-06 4.3938e-10 TSX
20150105 20150824 -3.8756e-05 5.0637e-10 TSX
20150108 20170811 -4.2768e-06 4.2154e-10 TSX
20150119 20160117 -7.2327e-06 4.3683e-10 TSX
20150127 20160411 -1.8831e-05 3.9027e-10 TSX
20150130 20151112 2.5656e-05 4.4801e-10 TSX
20150210 20170114 -2.5882e-05 3.9155e-10 TSX
20150213 20160326 9.4892e-05 5.1546e-10 TSX
20150218 20160216 -0.00013522 4.2791e-10 TSX
20150221 20180112 2.4827e-05 3.9762e-10 TSX
20150304 20180911 8.1154e-05 3.609e-10 TSX
20150307 20160211 -4.0117e-05 4.1136e-10 TSX
20150312 20160320 -3.6288e-05 4.0697e-10 TSX
20150326 20150827 -1.6466e-05 5.5681e-10 TSX
20150329 20151207 -1.737e-05 4.6962e-10 TSX
20150428 20160425 -1.8554e-05 4.1933e-10 TSX
20150509 20150827 -0.00015058 6.2506e-10 TSX
20150517 20150824 6.2564e-05 6.6581e-10 TSX
20150520 20180911 2.1931e-05 3.7875e-10 TSX
20150714 20170822 1.2623e-05 3.6356e-10 TSX
20150725 20170924 -1.5759e-05 4.3237e-10 TSX
20150802 20160309 -0.00012 4.9969e-10 TSX
20150805 20160403 -3.2366e-05 4.635e-10 TSX
20150816 20171107 1.8399e-05 3.7741e-10 TSX
20150824 20150915 0.00071946 8.685e-10 TSX
20150827 20170902 -2.9369e-05 3.624e-10 TSX
20150915 20160216 -0.00018065 5.7262e-10 TSX
20151021 20160904 -0.00010667 4.5075e-10 TSX
20151101 20171016 1.8974e-05 4.0199e-10 TSX
20151112 20160425 1.615e-05 5.3928e-10 TSX
20151115 20151229 0.00010587 7.7806e-10 TSX
20151123 20171221 8.0219e-06 4.4801e-10 TSX
20151204 20151215 0.00014965 9.8152e-10 TSX
20151207 20160406 -4.6543e-05 6.038e-10 TSX
20151215 20170822 9.8599e-05 4.3114e-10 TSX
20151226 20161223 3.258e-05 3.9981e-10 TSX
20151229 20160211 7.9628e-05 7.7807e-10 TSX
20160106 20161223 -1.2965e-05 4.074e-10 TSX
20160117 20160926 -3.6843e-05 5.054e-10 TSX
20160128 20160301 -0.00014193 8.1051e-10 TSX
20160208 20160312 -0.0001256 8.1051e-10 TSX
20160216 20160309 -0.00040339 8.6847e-10 TSX
20160219 20180319 4.4337e-05 3.5774e-10 TSX
20160301 20161201 2.0954e-05 4.4166e-10 TSX
20160304 20160326 6.9245e-05 8.5364e-10 TSX
20160312 20180319 3.53e-05 3.5605e-10 TSX
20160320 20160411 0.00037041 8.6848e-10 TSX
20160323 20171118 1.423e-06 3.9443e-10 TSX
20160326 20160406 -0.00050067 9.7244e-10 TSX
20160403 20171027 3.9215e-05 4.416e-10 TSX
20160425 20170811 -4.3823e-06 4.329e-10 TSX
20160528 20160630 -8.1869e-05 8.1054e-10 TSX
20160630 20171118 1.2373e-05 4.2021e-10 TSX
20160722 20161201 0.00015336 5.8333e-10 TSX
20160904 20180707 -1.7365e-05 3.9521e-10 TSX
20160915 20180911 -3.0131e-05 4.1411e-10 TSX
20160926 20170114 5.9473e-05 6.3147e-10 TSX
20161201 20171027 -9.0141e-05 4.5405e-10 TSX
20161223 20171107 5.8678e-05 4.4316e-10 TSX
20170114 20170902 2.4486e-05 4.8677e-10 TSX
20170811 20171005 -9.1652e-05 7.4473e-10 TSX
20170822 20180707 -4.7494e-05 4.2325e-10 TSX
20170913 20180707 -0.00010292 4.395e-10 TSX
20170924 20180319 9.3356e-05 5.2433e-10 TSX
20171005 20171107 5.6206e-05 8.1054e-10 TSX
20171016 20180319 0.00015181 5.5195e-10 TSX
20171027 20180911 -6.8071e-05 4.2398e-10 TSX
20171107 20171118 7.3233e-05 9.8152e-10 TSX
20171118 20171129 6.3392e-05 9.8152e-10 TSX
20171129 20171221 -3.0463e-05 8.5459e-10 TSX
20171210 20180820 -7.1396e-05 4.6863e-10 TSX
20171221 20180911 -0.00014586 4.69e-10 TSX
20180112 20181003 3.2235e-05 4.5942e-10 TSX
20180319 20180707 -0.00032158 6.2092e-10 TSX
20180707 20180911 8.8033e-05 7.1543e-10 TSX
20180729 20181003 -8.7078e-05 7.1543e-10 TSX
20180820 20181003 0.00010355 7.7614e-10 TSX
20180911 20181003 -0.00022286 8.5457e-10 TSX
