20030427 20030914 -0.00063 5.6883e-10 ERS2
20030914 20080629 -0.00014834 2.7583e-10 ERS2
20050918 20090510 5.8523e-06 3.0284e-10 ERS2
20051127 20081116 7.7461e-05 3.0671e-10 ERS2
20060903 20090510 -0.00017917 3.2192e-10 ERS2
20061231 20090105 6.6453e-05 3.1692e-10 ALOS
20070402 20070703 -0.00022974 6.7059e-10 ALOS
20070518 20091008 -7.9133e-05 3.0841e-10 ALOS
20070818 20071003 -0.00049138 7.8187e-10 ALOS
20071217 20100509 -7.8381e-05 3.0315e-10 ALOS
20080103 20100526 -0.00028643 3.006e-10 ALOS
20080404 20080520 -9.6977e-05 7.8211e-10 ALOS
20080618 20090921 -0.00011653 3.729e-10 ALOS
20080629 20090510 -0.00025744 4.137e-10 ERS2
20080705 20091008 8.2316e-05 3.6522e-10 ALOS
20080803 20090823 -0.0001052 3.8313e-10 ERS2
20081116 20090823 2.2309e-05 4.3219e-10 ERS2
20081219 20090921 5.0443e-05 4.4745e-10 ALOS
20090105 20090708 -2.0129e-05 5.3463e-10 ALOS
20090510 20091101 -0.00018638 5.2159e-10 ERS2
20090708 20091008 0.0004724 6.7035e-10 ALOS
20090823 20091101 0.00032282 7.0431e-10 ERS2
20091222 20100624 0.00048026 5.3018e-10 ALOS
20100108 20100223 0.00028009 7.8291e-10 ALOS
20100223 20100526 -1.5983e-05 6.7177e-10 ALOS
20100410 20100711 -0.00019673 6.7148e-10 ALOS
20100509 20100624 0.00061638 7.7974e-10 ALOS
20100526 20100711 0.00036615 7.8188e-10 ALOS
20100624 20101109 -8.9618e-05 5.856e-10 ALOS
20100711 20101011 4.0539e-05 6.7042e-10 ALOS
20100809 20101109 6.1382e-06 6.6761e-10 ALOS
20101011 20101126 0.00021818 7.8188e-10 ALOS
20110111 20110226 0.00061168 7.8187e-10 ALOS
20110924 20130715 1.0141e-05 3.2521e-10 TSX
20111005 20121229 3.3623e-05 3.7366e-10 TSX
20111121 20171221 -2.4371e-05 2.8863e-10 TSX
20111221 20130131 1.9498e-05 3.8578e-10 TSX
20111224 20121027 1.0162e-05 4.1956e-10 TSX
20120126 20140419 -2.4832e-05 3.052e-10 TSX
20120203 20160320 2.143e-05 2.7719e-10 TSX
20120206 20171107 -1.2198e-05 2.876e-10 TSX
20120617 20171129 -1.7049e-05 2.7975e-10 TSX
20120723 20160120 1.4563e-05 2.8096e-10 TSX
20121024 20130109 0.00017057 7.0747e-10 TSX
20121027 20151226 -2.4924e-05 2.874e-10 TSX
20121030 20130311 1.7745e-05 5.864e-10 TSX
20121107 20171118 -1.1161e-05 2.8902e-10 TSX
20121221 20160208 -1.7815e-05 2.9205e-10 TSX
20121224 20130516 -3.8945e-05 5.6989e-10 TSX
20121229 20130407 -3.4422e-05 6.5994e-10 TSX
20130104 20130217 -1.4488e-05 7.7939e-10 TSX
20130109 20130715 -1.2847e-06 5.315e-10 TSX
20130112 20140511 -4.3625e-06 3.5852e-10 TSX
20130115 20130721 -0.00013138 5.1457e-10 TSX
20130126 20130823 -0.00014979 5.2246e-10 TSX
20130131 20130429 -3.1115e-05 6.8264e-10 TSX
20130203 20130729 -5.2388e-05 5.2415e-10 TSX
20130211 20130919 -3.78e-05 4.9608e-10 TSX
20130228 20141209 9.4797e-06 3.2315e-10 TSX
20130311 20130801 -4.4174e-05 5.6984e-10 TSX
20130316 20130623 1.2283e-05 6.5995e-10 TSX
20130402 20150122 5.4985e-05 3.9282e-10 TSX
20130407 20140530 -4.559e-05 3.8095e-10 TSX
20130421 20171016 -5.1852e-06 2.893e-10 TSX
20130424 20130721 -0.00021055 6.6804e-10 TSX
20130429 20130623 -9.4866e-05 7.6084e-10 TSX
20130505 20131028 -8.9628e-05 5.5108e-10 TSX
20130513 20151112 9.0544e-06 2.9591e-10 TSX
20130516 20131017 7.8698e-06 5.9465e-10 TSX
20130521 20130715 0.00019499 7.6086e-10 TSX
20130524 20171129 -1.8918e-06 2.8886e-10 TSX
20130527 20140627 1.2598e-05 3.8356e-10 TSX
20130601 20130930 5.0529e-05 6.1944e-10 TSX
20130604 20141217 -6.789e-08 3.4252e-10 TSX
20130607 20140719 2.1576e-05 3.8021e-10 TSX
20130612 20150105 -1.6837e-05 3.4365e-10 TSX
20130615 20160106 2.2924e-05 3.1648e-10 TSX
20130618 20140708 2.4728e-06 3.8797e-10 TSX
20130623 20130715 0.0006638 8.6757e-10 TSX
20130629 20130914 -2.6853e-05 7.1144e-10 TSX
20130707 20150130 -2.8584e-05 3.4546e-10 TSX
20130710 20140901 -6.5698e-06 3.7712e-10 TSX
20130715 20130726 -0.0023853 1.0159e-09 TSX
20130721 20131108 0.00070972 6.5358e-10 TSX
20130726 20150517 2.3838e-05 3.3775e-10 TSX
20130729 20160904 -2.07e-05 2.8337e-10 TSX
20130801 20151115 -1.2033e-05 3.1855e-10 TSX
20130817 20140209 -6.9114e-05 5.4156e-10 TSX
20130828 20150312 6.4259e-05 3.4336e-10 TSX
20130903 20150329 -6.3973e-05 3.6856e-10 TSX
20130919 20160309 9.401e-06 2.9392e-10 TSX
20130925 20140708 -0.0001891 5.1978e-10 TSX
20130930 20160411 -1.0159e-05 2.924e-10 TSX
20131011 20150802 3.733e-05 3.3258e-10 TSX
20131017 20140719 -1.9404e-05 4.7997e-10 TSX
20131028 20160304 0.00012547 3.7892e-10 TSX
20131102 20140519 -4.7163e-05 5.1741e-10 TSX
20131108 20140708 -0.00028456 5.7876e-10 TSX
20140209 20160309 3.551e-05 3.2701e-10 TSX
20140223 20140829 5.1917e-06 5.1193e-10 TSX
20140408 20140705 -5.1957e-05 6.6623e-10 TSX
20140419 20170913 1.6221e-05 2.9927e-10 TSX
20140511 20141228 7.9036e-06 4.709e-10 TSX
20140519 20150824 -2.7263e-05 3.739e-10 TSX
20140624 20171005 -1.329e-05 2.934e-10 TSX
20140627 20151115 -5.5527e-05 3.5549e-10 TSX
20140705 20180911 -1.0544e-05 2.813e-10 TSX
20140708 20160406 1.3852e-05 3.2288e-10 TSX
20140716 20171005 8.9923e-06 2.8173e-10 TSX
20140719 20151207 -5.7534e-06 3.5132e-10 TSX
20140727 20150326 -2.8414e-05 4.6278e-10 TSX
20140810 20150122 -3.5914e-05 5.5242e-10 TSX
20140818 20160301 9.5177e-06 3.4644e-10 TSX
20140829 20160208 1.2436e-06 3.4825e-10 TSX
20140901 20140912 -0.00029418 9.7217e-10 TSX
20140912 20141209 -1.6037e-06 6.6846e-10 TSX
20140920 20170902 9.4148e-06 2.8779e-10 TSX
20141209 20160211 -2.3639e-05 3.7328e-10 TSX
20141217 20160722 4.6489e-06 3.3602e-10 TSX
20141228 20160106 2.6788e-05 3.908e-10 TSX
20141231 20151024 -8.9745e-06 4.2809e-10 TSX
20150105 20150824 -5.4441e-05 4.9186e-10 TSX
20150108 20170811 1.3715e-05 2.9891e-10 TSX
20150119 20160117 3.9496e-05 3.9233e-10 TSX
20150127 20160411 3.9407e-06 3.7854e-10 TSX
20150130 20151112 3.155e-05 4.326e-10 TSX
20150210 20170114 -6.6038e-06 3.194e-10 TSX
20150213 20160326 -0.00010111 4.1999e-10 TSX
20150218 20160216 2.8911e-06 4.0666e-10 TSX
20150221 20180112 4.4301e-05 3.5146e-10 TSX
20150304 20180911 -2.0443e-05 2.9283e-10 TSX
20150307 20160211 1.5405e-05 4.0245e-10 TSX
20150312 20160320 -6.7808e-05 4.0056e-10 TSX
20150326 20150827 3.8685e-05 5.5213e-10 TSX
20150329 20151207 -1.2157e-05 4.5875e-10 TSX
20150428 20160425 4.1055e-05 3.9448e-10 TSX
20150509 20150827 2.9497e-05 6.2225e-10 TSX
20150517 20150824 -0.00010869 6.6203e-10 TSX
20150520 20180911 -6.7685e-06 2.8489e-10 TSX
20150714 20170822 3.3326e-05 3.1051e-10 TSX
20150725 20170924 -3.4694e-06 3.0366e-10 TSX
20150802 20160309 -4.6296e-05 4.9873e-10 TSX
20150805 20160403 -2.3187e-05 4.6692e-10 TSX
20150816 20171107 1.0304e-05 3.079e-10 TSX
20150824 20150915 0.00067796 8.6747e-10 TSX
20150827 20170902 1.7207e-05 3.1087e-10 TSX
20150915 20160216 -4.9466e-05 5.7028e-10 TSX
20151021 20160904 -7.4975e-05 4.1987e-10 TSX
20151101 20171016 1.7362e-05 3.1564e-10 TSX
20151112 20160425 -1.5172e-05 5.3881e-10 TSX
20151115 20151229 0.00020236 7.7939e-10 TSX
20151123 20171221 -2.0159e-06 3.1561e-10 TSX
20151204 20151215 0.00016851 9.8245e-10 TSX
20151207 20160406 -9.007e-05 6.0432e-10 TSX
20151215 20170822 4.9842e-05 3.309e-10 TSX
20151226 20161223 2.424e-05 3.9542e-10 TSX
20151229 20160211 -1.0691e-05 7.7939e-10 TSX
20160106 20161223 1.6145e-05 4.0077e-10 TSX
20160117 20160926 5.3395e-06 4.5617e-10 TSX
20160128 20160301 -0.00016252 8.1308e-10 TSX
20160208 20160312 -0.00010116 8.1308e-10 TSX
20160216 20160309 -0.00036254 8.6747e-10 TSX
20160219 20180319 1.4065e-05 3.161e-10 TSX
20160301 20161201 7.5607e-05 4.3952e-10 TSX
20160304 20160326 2.976e-05 8.5384e-10 TSX
20160312 20180319 9.751e-06 3.143e-10 TSX
20160320 20160411 0.00037799 8.6747e-10 TSX
20160323 20171118 1.8788e-05 3.2983e-10 TSX
20160326 20160406 -0.00051076 9.7209e-10 TSX
20160403 20171027 3.5243e-05 3.3733e-10 TSX
20160425 20170811 4.4022e-05 3.5589e-10 TSX
20160528 20160630 -2.712e-05 8.1308e-10 TSX
20160630 20171118 6.3111e-05 3.4759e-10 TSX
20160722 20161201 0.00018799 5.8361e-10 TSX
20160904 20180707 2.1765e-05 3.3462e-10 TSX
20160915 20180911 -7.4059e-07 3.1516e-10 TSX
20160926 20170114 3.1676e-05 6.2178e-10 TSX
20161201 20171027 -2.0716e-05 4.0958e-10 TSX
20161223 20171107 -1.245e-05 4.108e-10 TSX
20170114 20170902 2.915e-05 4.732e-10 TSX
20170811 20171005 -8.0634e-05 7.4826e-10 TSX
20170822 20180707 -7.9882e-05 4.1394e-10 TSX
20170913 20180707 -0.000107 4.2759e-10 TSX
20170924 20180319 -5.3772e-05 5.2423e-10 TSX
20171005 20171107 4.4286e-05 8.1308e-10 TSX
20171016 20180319 -2.7955e-05 5.5162e-10 TSX
20171027 20180911 -2.8051e-05 4.1389e-10 TSX
20171107 20171118 8.9229e-05 9.8245e-10 TSX
20171118 20171129 5.8312e-05 9.8245e-10 TSX
20171129 20171221 -3.7274e-05 8.5627e-10 TSX
20171210 20180820 -7.5807e-05 4.5376e-10 TSX
20171221 20180911 -5.706e-05 4.4594e-10 TSX
20180112 20181003 5.3679e-05 4.4597e-10 TSX
20180319 20180707 -0.00010229 6.2144e-10 TSX
20180707 20180911 0.0002567 7.1896e-10 TSX
20180729 20181003 -1.5971e-06 7.1896e-10 TSX
20180820 20181003 0.00013609 7.7939e-10 TSX
20180911 20181003 -0.00020862 8.5628e-10 TSX
