20030427 20030914 0.0002688 5.6698e-10 ERS2
20030914 20080629 -8.3955e-05 2.9825e-10 ERS2
20050918 20090510 3.0904e-05 2.9924e-10 ERS2
20051127 20081116 2.9944e-05 3.1345e-10 ERS2
20060903 20090510 0.00014772 3.1417e-10 ERS2
20061231 20090105 6.264e-05 3.1407e-10 ALOS
20070402 20070703 -0.00014614 6.6626e-10 ALOS
20070518 20091008 -4.6682e-06 2.99e-10 ALOS
20070818 20071003 -0.00037592 7.7512e-10 ALOS
20071217 20100509 -2.3275e-05 2.999e-10 ALOS
20080103 20100526 9.149e-05 2.9865e-10 ALOS
20080404 20080520 5.0795e-05 7.7514e-10 ALOS
20080618 20090921 -7.1072e-05 3.7209e-10 ALOS
20080629 20090510 -0.00024634 4.1315e-10 ERS2
20080705 20091008 7.6035e-06 3.6533e-10 ALOS
20080803 20090823 -2.6362e-05 3.8361e-10 ERS2
20081116 20090823 0.00010288 4.3224e-10 ERS2
20081219 20090921 0.0003611 4.4606e-10 ALOS
20090105 20090708 7.5933e-07 5.2828e-10 ALOS
20090510 20091101 0.00025574 5.2162e-10 ERS2
20090708 20091008 0.00059712 6.6616e-10 ALOS
20090823 20091101 0.00020049 6.9858e-10 ERS2
20091222 20100624 0.00059915 5.2842e-10 ALOS
20100108 20100223 0.00032511 7.7527e-10 ALOS
20100223 20100526 0.00015605 6.664e-10 ALOS
20100410 20100711 -4.3189e-05 6.6626e-10 ALOS
20100509 20100624 0.00062487 7.7314e-10 ALOS
20100526 20100711 0.00040067 7.7513e-10 ALOS
20100624 20101109 -4.0817e-05 5.8398e-10 ALOS
20100711 20101011 -5.0341e-05 6.6627e-10 ALOS
20100809 20101109 -4.8631e-05 6.6356e-10 ALOS
20101011 20101126 0.00031526 7.7513e-10 ALOS
20110111 20110226 0.0007271 7.7512e-10 ALOS
20110924 20130715 5.3792e-05 3.2346e-10 TSX
20111005 20121229 -3.9203e-05 3.6875e-10 TSX
20111121 20171221 -7.5896e-06 2.7348e-10 TSX
20111221 20130131 5.9338e-05 3.8556e-10 TSX
20111224 20121027 -1.7535e-05 4.1936e-10 TSX
20120126 20140419 -2.5939e-05 2.9069e-10 TSX
20120203 20160320 1.1745e-05 2.6366e-10 TSX
20120206 20171107 -2.876e-08 2.6893e-10 TSX
20120617 20171129 1.2841e-05 2.6965e-10 TSX
20120723 20160120 9.9911e-05 2.5861e-10 TSX
20121024 20130109 0.0001651 7.0159e-10 TSX
20121027 20151226 7.452e-06 2.6524e-10 TSX
20121030 20130311 7.8534e-05 5.8466e-10 TSX
20121107 20171118 -1.0672e-05 2.6179e-10 TSX
20121221 20160208 1.9829e-05 2.7015e-10 TSX
20121224 20130516 -0.00011082 5.685e-10 TSX
20121229 20130407 0.00022862 6.5609e-10 TSX
20130104 20130217 8.9956e-05 7.7309e-10 TSX
20130109 20130715 2.1521e-05 5.2855e-10 TSX
20130112 20140511 -3.0128e-05 3.5455e-10 TSX
20130115 20130721 -0.00013712 5.1396e-10 TSX
20130126 20130823 -0.00010017 4.9639e-10 TSX
20130131 20130429 7.0633e-06 6.7799e-10 TSX
20130203 20130729 -4.5411e-05 5.2314e-10 TSX
20130211 20130919 -3.3769e-05 4.9592e-10 TSX
20130228 20141209 6.3825e-05 3.1284e-10 TSX
20130311 20130801 -5.8558e-05 5.6844e-10 TSX
20130316 20130623 8.1898e-05 6.561e-10 TSX
20130402 20150122 9.0772e-05 3.1801e-10 TSX
20130407 20140530 -3.6311e-05 3.81e-10 TSX
20130421 20171016 -6.2947e-06 2.5912e-10 TSX
20130424 20130721 -0.00025678 6.6402e-10 TSX
20130429 20130623 -6.6212e-05 7.5409e-10 TSX
20130505 20131028 -0.00035081 5.3903e-10 TSX
20130513 20151112 8.3695e-06 2.8015e-10 TSX
20130516 20131017 -0.00020542 5.6084e-10 TSX
20130521 20130715 6.6749e-05 7.5412e-10 TSX
20130524 20171129 4.6909e-06 2.6785e-10 TSX
20130527 20140627 3.1585e-05 3.8388e-10 TSX
20130601 20130930 -4.1233e-05 6.1699e-10 TSX
20130604 20141217 -8.9039e-06 3.3838e-10 TSX
20130607 20140719 -9.9017e-06 3.7987e-10 TSX
20130612 20150105 4.2617e-05 3.3833e-10 TSX
20130615 20160106 2.3996e-05 2.7601e-10 TSX
20130618 20140708 -1.0672e-05 3.8811e-10 TSX
20130623 20130715 0.00050466 8.6145e-10 TSX
20130629 20130914 0.00021943 6.8851e-10 TSX
20130707 20150130 -1.6546e-05 3.3781e-10 TSX
20130710 20140901 4.1017e-05 3.7636e-10 TSX
20130715 20130726 -0.0025039 1.0105e-09 TSX
20130721 20131108 0.00067621 6.2562e-10 TSX
20130726 20150517 0.00020142 3.2184e-10 TSX
20130729 20160904 5.2696e-06 2.7609e-10 TSX
20130801 20151115 3.3501e-05 2.8771e-10 TSX
20130817 20140209 0.00010729 5.4098e-10 TSX
20130828 20150312 9.8159e-05 3.405e-10 TSX
20130903 20150329 -7.9075e-05 3.2265e-10 TSX
20130919 20160309 4.3052e-05 2.7902e-10 TSX
20130925 20140708 6.232e-05 4.3127e-10 TSX
20130930 20160411 7.2866e-05 2.8073e-10 TSX
20131011 20150802 2.2729e-05 3.2183e-10 TSX
20131017 20140719 2.9896e-05 4.3878e-10 TSX
20131028 20160304 3.0521e-05 2.9095e-10 TSX
20131102 20140519 -0.00013834 5.1712e-10 TSX
20131108 20140708 7.7009e-06 4.628e-10 TSX
20140209 20160309 -7.639e-06 3.089e-10 TSX
20140223 20140829 -1.8814e-05 5.1111e-10 TSX
20140408 20140705 -3.392e-06 6.6134e-10 TSX
20140419 20170913 2.1713e-05 2.6513e-10 TSX
20140511 20141228 2.2082e-05 4.7009e-10 TSX
20140519 20150824 0.00011904 3.6714e-10 TSX
20140624 20171005 1.8278e-05 2.6447e-10 TSX
20140627 20151115 4.426e-05 3.4128e-10 TSX
20140705 20180911 1.4586e-05 2.6208e-10 TSX
20140708 20160406 5.9625e-05 3.1229e-10 TSX
20140716 20171005 -3.9188e-06 2.6403e-10 TSX
20140719 20151207 2.6123e-05 3.4087e-10 TSX
20140727 20150326 -1.2397e-05 4.6154e-10 TSX
20140810 20150122 -2.1887e-05 5.3919e-10 TSX
20140818 20160301 1.2818e-05 3.2547e-10 TSX
20140829 20160208 1.2364e-05 3.3258e-10 TSX
20140901 20140912 -0.00031955 9.673e-10 TSX
20140912 20141209 0.00015512 6.6402e-10 TSX
20140920 20170902 1.2501e-05 2.6709e-10 TSX
20141209 20160211 -2.2584e-05 3.6362e-10 TSX
20141217 20160722 -8.2331e-06 3.2129e-10 TSX
20141228 20160106 -2.8546e-07 3.8217e-10 TSX
20141231 20151024 8.2579e-06 4.2608e-10 TSX
20150105 20150824 4.1793e-05 4.8612e-10 TSX
20150108 20170811 2.5637e-05 2.8441e-10 TSX
20150119 20160117 -3.4148e-06 3.8827e-10 TSX
20150127 20160411 7.867e-05 3.7146e-10 TSX
20150130 20151112 1.4478e-05 4.2872e-10 TSX
20150210 20170114 -1.5799e-05 3.0319e-10 TSX
20150213 20160326 -5.703e-06 4.3314e-10 TSX
20150218 20160216 2.6176e-06 4.028e-10 TSX
20150221 20180112 1.681e-05 2.6534e-10 TSX
20150304 20180911 1.9144e-05 2.5401e-10 TSX
20150307 20160211 1.4472e-05 4.0084e-10 TSX
20150312 20160320 -5.2545e-05 3.9789e-10 TSX
20150326 20150827 -2.7622e-05 5.498e-10 TSX
20150329 20151207 -3.3024e-06 4.5486e-10 TSX
20150428 20160425 1.265e-05 3.8714e-10 TSX
20150509 20150827 -6.2681e-05 6.1792e-10 TSX
20150517 20150824 -0.0002057 6.5614e-10 TSX
20150520 20180911 -4.8272e-06 2.6447e-10 TSX
20150714 20170822 -5.6843e-06 2.9271e-10 TSX
20150725 20170924 4.8909e-06 2.9313e-10 TSX
20150802 20160309 2.3501e-05 4.9592e-10 TSX
20150805 20160403 6.9515e-05 4.612e-10 TSX
20150816 20171107 -4.5023e-08 2.8908e-10 TSX
20150824 20150915 0.00063426 8.6134e-10 TSX
20150827 20170902 8.1622e-06 2.9675e-10 TSX
20150915 20160216 -7.0007e-05 5.6819e-10 TSX
20151021 20160904 -1.9737e-05 4.1227e-10 TSX
20151101 20171016 1.3271e-05 3.0309e-10 TSX
20151112 20160425 7.0363e-06 5.3613e-10 TSX
20151115 20151229 0.00018442 7.7309e-10 TSX
20151123 20171221 -1.8266e-05 2.9711e-10 TSX
20151204 20151215 0.00015127 9.7781e-10 TSX
20151207 20160406 -3.8079e-06 6.0215e-10 TSX
20151215 20170822 4.3709e-06 3.1505e-10 TSX
20151226 20161223 -1.269e-05 3.9361e-10 TSX
20151229 20160211 6.1791e-06 7.7309e-10 TSX
20160106 20161223 3.3848e-06 3.9809e-10 TSX
20160117 20160926 -3.3845e-05 4.5302e-10 TSX
20160128 20160301 -0.00014836 8.0643e-10 TSX
20160208 20160312 -8.4756e-05 8.0643e-10 TSX
20160216 20160309 -0.00036988 8.6134e-10 TSX
20160219 20180319 3.7002e-06 3e-10 TSX
20160301 20161201 -4.5065e-06 4.386e-10 TSX
20160304 20160326 0.0001163 8.4828e-10 TSX
20160312 20180319 -6.4003e-06 2.9903e-10 TSX
20160320 20160411 0.00047952 8.6135e-10 TSX
20160323 20171118 -6.7307e-06 3.1737e-10 TSX
20160326 20160406 -0.00053912 9.6723e-10 TSX
20160403 20171027 -1.1818e-05 3.2294e-10 TSX
20160425 20170811 7.0062e-06 3.4618e-10 TSX
20160528 20160630 -4.6891e-05 8.0643e-10 TSX
20160630 20171118 1.1847e-05 3.3876e-10 TSX
20160722 20161201 4.2707e-05 5.8137e-10 TSX
20160904 20180707 -1.9494e-05 3.2289e-10 TSX
20160915 20180911 1.0075e-06 3.0056e-10 TSX
20160926 20170114 7.208e-06 6.1802e-10 TSX
20161201 20171027 -1.4382e-05 4.0686e-10 TSX
20161223 20171107 -8.0239e-06 4.0905e-10 TSX
20170114 20170902 7.0573e-06 4.6867e-10 TSX
20170811 20171005 -9.7445e-05 7.4129e-10 TSX
20170822 20180707 -1.612e-05 4.1379e-10 TSX
20170913 20180707 -6.133e-05 4.2504e-10 TSX
20170924 20180319 1.2956e-05 5.2323e-10 TSX
20171005 20171107 4.3097e-05 8.0643e-10 TSX
20171016 20180319 -1.0049e-06 5.5012e-10 TSX
20171027 20180911 -1.1476e-06 4.1378e-10 TSX
20171107 20171118 6.5986e-05 9.7781e-10 TSX
20171118 20171129 4.8618e-05 9.7781e-10 TSX
20171129 20171221 -4.4356e-05 8.5058e-10 TSX
20171210 20180820 -1.8231e-05 4.5344e-10 TSX
20171221 20180911 2.8748e-05 4.4569e-10 TSX
20180112 20181003 -7.7664e-07 4.4566e-10 TSX
20180319 20180707 -6e-05 6.1803e-10 TSX
20180707 20180911 0.00013785 7.1251e-10 TSX
20180729 20181003 9.1539e-06 7.1251e-10 TSX
20180820 20181003 0.00016337 7.7231e-10 TSX
20180911 20181003 -0.00011345 8.5058e-10 TSX
