20030427 20030914 -0.00073719 5.6588e-10 ERS2
20030914 20080629 -0.0001563 2.8923e-10 ERS2
20050918 20090510 9.7377e-06 2.9755e-10 ERS2
20051127 20081116 0.00013727 3.0698e-10 ERS2
20060903 20090510 -9.0724e-05 3.1053e-10 ERS2
20061231 20090105 4.6162e-05 3.1545e-10 ALOS
20070402 20070703 -0.00026718 6.6753e-10 ALOS
20070518 20091008 -6.8792e-05 3.1661e-10 ALOS
20070818 20071003 -0.00046124 7.7875e-10 ALOS
20071217 20100509 -0.00012605 3.015e-10 ALOS
20080103 20100526 -0.00012827 3.0389e-10 ALOS
20080404 20080520 -0.00011408 7.7902e-10 ALOS
20080618 20090921 -0.00013355 3.7252e-10 ALOS
20080629 20090510 -0.00024216 4.1159e-10 ERS2
20080705 20091008 -4.5765e-05 3.6577e-10 ALOS
20080803 20090823 -7.7641e-05 3.8309e-10 ERS2
20081116 20090823 3.7134e-05 4.3207e-10 ERS2
20081219 20090921 4.0456e-05 4.4924e-10 ALOS
20090105 20090708 -0.00011476 5.3979e-10 ALOS
20090510 20091101 -4.4672e-05 5.2088e-10 ERS2
20090708 20091008 0.00046454 6.6718e-10 ALOS
20090823 20091101 0.00021554 7.0073e-10 ERS2
20091222 20100624 0.00047141 5.288e-10 ALOS
20100108 20100223 0.00022338 7.8034e-10 ALOS
20100223 20100526 -5.499e-05 6.6927e-10 ALOS
20100410 20100711 -0.00023093 6.6792e-10 ALOS
20100509 20100624 0.00057772 7.7665e-10 ALOS
20100526 20100711 0.00034788 7.7876e-10 ALOS
20100624 20101109 -8.9372e-05 5.841e-10 ALOS
20100711 20101011 6.6889e-05 6.6754e-10 ALOS
20100809 20101109 -5.1045e-06 6.6474e-10 ALOS
20101011 20101126 0.00020127 7.7877e-10 ALOS
20110111 20110226 0.00058603 7.7875e-10 ALOS
20110924 20130715 2.4042e-05 3.2712e-10 TSX
20111005 20121229 -8.5482e-06 3.7359e-10 TSX
20111121 20171221 -1.8789e-05 2.6229e-10 TSX
20111221 20130131 -3.081e-06 3.854e-10 TSX
20111224 20121027 1.3709e-05 4.1936e-10 TSX
20120126 20140419 -4.3742e-05 2.9406e-10 TSX
20120203 20160320 3.3032e-05 2.6974e-10 TSX
20120206 20171107 -1.4778e-05 2.4933e-10 TSX
20120617 20171129 -1.9504e-05 2.5288e-10 TSX
20120723 20160120 -2.603e-05 3.1054e-10 TSX
20121024 20130109 0.00013343 7.0387e-10 TSX
20121027 20151226 -2.1159e-05 2.7361e-10 TSX
20121030 20130311 -1.2972e-05 5.8488e-10 TSX
20121107 20171118 -1.6987e-06 2.6085e-10 TSX
20121221 20160208 -1.1964e-05 2.7862e-10 TSX
20121224 20130516 -6.6293e-05 5.6862e-10 TSX
20121229 20130407 -4.535e-05 6.5709e-10 TSX
20130104 20130217 -3.2934e-05 7.764e-10 TSX
20130109 20130715 -1.3067e-06 5.3048e-10 TSX
20130112 20140511 -4.3245e-06 3.5609e-10 TSX
20130115 20130721 -0.00010392 5.1408e-10 TSX
20130126 20130823 -3.2211e-05 5.1589e-10 TSX
20130131 20130429 -4.9177e-05 6.7946e-10 TSX
20130203 20130729 -5.1364e-05 5.2314e-10 TSX
20130211 20130919 -1.6839e-05 4.9601e-10 TSX
20130228 20141209 2.155e-05 3.2286e-10 TSX
20130311 20130801 -2.8756e-05 5.6851e-10 TSX
20130316 20130623 -9.5129e-06 6.5709e-10 TSX
20130402 20150122 0.00016574 3.3622e-10 TSX
20130407 20140530 -5.4725e-05 3.8086e-10 TSX
20130421 20171016 -1.282e-05 2.6729e-10 TSX
20130424 20130721 -0.00017661 6.6524e-10 TSX
20130429 20130623 -9.4982e-05 7.5744e-10 TSX
20130505 20131028 -0.00012806 5.493e-10 TSX
20130513 20151112 -5.7479e-06 2.865e-10 TSX
20130516 20131017 -1.9202e-05 5.8287e-10 TSX
20130521 20130715 0.00020169 7.5746e-10 TSX
20130524 20171129 1.8007e-05 2.6555e-10 TSX
20130527 20140627 -7.4875e-07 3.8402e-10 TSX
20130601 20130930 7.9274e-05 6.1733e-10 TSX
20130604 20141217 -9.4311e-06 3.4254e-10 TSX
20130607 20140719 2.5291e-05 3.8044e-10 TSX
20130612 20150105 -2.2833e-05 3.4369e-10 TSX
20130615 20160106 2.0089e-05 2.8693e-10 TSX
20130618 20140708 3.1411e-06 3.8806e-10 TSX
20130623 20130715 0.00066998 8.6574e-10 TSX
20130629 20130914 -1.6988e-05 7.0466e-10 TSX
20130707 20150130 -2.594e-05 3.4259e-10 TSX
20130710 20140901 -1.6465e-05 3.7713e-10 TSX
20130715 20130726 -0.0023734 1.0146e-09 TSX
20130721 20131108 0.00083058 6.5009e-10 TSX
20130726 20150517 -9.4478e-06 3.3479e-10 TSX
20130729 20160904 -1.7384e-05 2.73e-10 TSX
20130801 20151115 -6.2015e-06 3.0572e-10 TSX
20130817 20140209 -8.2858e-05 5.4081e-10 TSX
20130828 20150312 2.4953e-05 3.4831e-10 TSX
20130903 20150329 -4.5307e-05 4.3365e-10 TSX
20130919 20160309 3.977e-06 2.9509e-10 TSX
20130925 20140708 -0.00014818 4.9636e-10 TSX
20130930 20160411 -2.5426e-05 2.9125e-10 TSX
20131011 20150802 2.6359e-05 3.3939e-10 TSX
20131017 20140719 -7.25e-05 4.6726e-10 TSX
20131028 20160304 5.0892e-05 3.8059e-10 TSX
20131102 20140519 -7.7937e-05 5.1697e-10 TSX
20131108 20140708 -0.00022024 5.9527e-10 TSX
20140209 20160309 2.3062e-05 3.2696e-10 TSX
20140223 20140829 -6.1579e-06 5.111e-10 TSX
20140408 20140705 -5.5348e-05 6.6286e-10 TSX
20140419 20170913 1.0673e-05 2.5942e-10 TSX
20140511 20141228 8.3823e-06 4.7016e-10 TSX
20140519 20150824 -7.8157e-06 3.7755e-10 TSX
20140624 20171005 -2.6918e-06 2.7509e-10 TSX
20140627 20151115 -1.585e-05 3.6334e-10 TSX
20140705 20180911 9.2427e-06 2.6571e-10 TSX
20140708 20160406 -1.441e-06 3.2721e-10 TSX
20140716 20171005 6.9658e-06 2.7683e-10 TSX
20140719 20151207 -8.9198e-06 3.5379e-10 TSX
20140727 20150326 -2.0898e-05 4.6173e-10 TSX
20140810 20150122 2.9558e-05 5.5538e-10 TSX
20140818 20160301 -1.4212e-07 3.2993e-10 TSX
20140829 20160208 3.5029e-06 3.3488e-10 TSX
20140901 20140912 -0.00029663 9.7093e-10 TSX
20140912 20141209 -1.1058e-05 6.6546e-10 TSX
20140920 20170902 2.7341e-05 2.8196e-10 TSX
20141209 20160211 -2.6453e-05 3.7308e-10 TSX
20141217 20160722 1.4422e-05 3.2197e-10 TSX
20141228 20160106 2.5056e-05 3.8553e-10 TSX
20141231 20151024 9.2579e-06 4.2968e-10 TSX
20150105 20150824 -2.5133e-05 4.9093e-10 TSX
20150108 20170811 8.5343e-06 2.8244e-10 TSX
20150119 20160117 3.7933e-05 3.8978e-10 TSX
20150127 20160411 -3.3764e-05 3.7525e-10 TSX
20150130 20151112 4.3341e-05 4.3012e-10 TSX
20150210 20170114 2.3714e-05 2.9979e-10 TSX
20150213 20160326 -0.00019497 4.0285e-10 TSX
20150218 20160216 -1.2442e-06 4.0644e-10 TSX
20150221 20180112 1.4138e-05 3.1683e-10 TSX
20150304 20180911 -2.0579e-05 2.7052e-10 TSX
20150307 20160211 5.7056e-06 4.0618e-10 TSX
20150312 20160320 -5.026e-05 3.9987e-10 TSX
20150326 20150827 4.4996e-05 5.5135e-10 TSX
20150329 20151207 -1.4222e-06 4.5778e-10 TSX
20150428 20160425 3.811e-05 3.9132e-10 TSX
20150509 20150827 4.1673e-05 6.2015e-10 TSX
20150517 20150824 -9.1848e-05 6.5829e-10 TSX
20150520 20180911 -1.911e-06 2.7237e-10 TSX
20150714 20170822 2.5127e-05 3.0166e-10 TSX
20150725 20170924 8.7795e-06 2.9829e-10 TSX
20150802 20160309 -7.139e-05 4.9933e-10 TSX
20150805 20160403 -5.9473e-06 4.6433e-10 TSX
20150816 20171107 1.0606e-05 2.9573e-10 TSX
20150824 20150915 0.00068539 8.6564e-10 TSX
20150827 20170902 1.5286e-05 3.0113e-10 TSX
20150915 20160216 -8.065e-05 5.6942e-10 TSX
20151021 20160904 -6.0598e-05 4.1551e-10 TSX
20151101 20171016 1.4752e-05 3.0099e-10 TSX
20151112 20160425 -2.9772e-05 5.3634e-10 TSX
20151115 20151229 0.00019407 7.764e-10 TSX
20151123 20171221 8.0759e-06 3.0124e-10 TSX
20151204 20151215 0.00016998 9.8116e-10 TSX
20151207 20160406 -0.00011176 6.0252e-10 TSX
20151215 20170822 3.6181e-05 3.1577e-10 TSX
20151226 20161223 3.1994e-05 3.9463e-10 TSX
20151229 20160211 -1.7854e-05 7.764e-10 TSX
20160106 20161223 3.4584e-05 4.0025e-10 TSX
20160117 20160926 2.5921e-05 4.5403e-10 TSX
20160128 20160301 -0.00016041 8.1034e-10 TSX
20160208 20160312 -0.00010751 8.1034e-10 TSX
20160216 20160309 -0.00036601 8.6564e-10 TSX
20160219 20180319 -2.8529e-06 3.0182e-10 TSX
20160301 20161201 9.7006e-05 4.3894e-10 TSX
20160304 20160326 1.9002e-05 8.5202e-10 TSX
20160312 20180319 -1.7067e-06 3.0283e-10 TSX
20160320 20160411 0.00037735 8.6565e-10 TSX
20160323 20171118 3.5519e-05 3.2514e-10 TSX
20160326 20160406 -0.0005093 9.7086e-10 TSX
20160403 20171027 5.1821e-05 3.2855e-10 TSX
20160425 20170811 6.2973e-05 3.5203e-10 TSX
20160528 20160630 -1.5916e-05 8.1034e-10 TSX
20160630 20171118 6.6702e-05 3.4077e-10 TSX
20160722 20161201 0.00020785 5.8165e-10 TSX
20160904 20180707 1.977e-06 3.2721e-10 TSX
20160915 20180911 -3.3418e-06 3.0395e-10 TSX
20160926 20170114 2.6505e-05 6.1888e-10 TSX
20161201 20171027 -1.3679e-05 4.0823e-10 TSX
20161223 20171107 -1.5372e-05 4.1114e-10 TSX
20170114 20170902 3.9564e-05 4.7026e-10 TSX
20170811 20171005 -7.51e-05 7.4455e-10 TSX
20170822 20180707 -8.7343e-05 4.1385e-10 TSX
20170913 20180707 -0.00011832 4.2582e-10 TSX
20170924 20180319 -5.0416e-05 5.2323e-10 TSX
20171005 20171107 4.3789e-05 8.1034e-10 TSX
20171016 20180319 -1.8457e-05 5.5019e-10 TSX
20171027 20180911 -3.3269e-05 4.1381e-10 TSX
20171107 20171118 8.986e-05 9.8116e-10 TSX
20171118 20171129 5.8672e-05 9.8116e-10 TSX
20171129 20171221 -3.5636e-05 8.543e-10 TSX
20171210 20180820 -8.2364e-05 4.5346e-10 TSX
20171221 20180911 -7.6041e-05 4.4572e-10 TSX
20180112 20181003 2.6181e-05 4.4589e-10 TSX
20180319 20180707 -0.00010938 6.1876e-10 TSX
20180707 20180911 0.00027159 7.1517e-10 TSX
20180729 20181003 2.1865e-06 7.1517e-10 TSX
20180820 20181003 0.00013289 7.7603e-10 TSX
20180911 20181003 -0.00021941 8.5431e-10 TSX
