20030427 20030914 0.00022444 5.6673e-10 ERS2
20030914 20080629 0.00013952 2.7682e-10 ERS2
20050918 20090510 -2.0382e-05 2.9941e-10 ERS2
20051127 20081116 0.00024951 3.1056e-10 ERS2
20060903 20090510 0.00014061 3.2345e-10 ERS2
20061231 20090105 6.5478e-05 3.1327e-10 ALOS
20070402 20070703 -0.00017339 6.6646e-10 ALOS
20070518 20091008 1.8441e-06 2.9897e-10 ALOS
20070818 20071003 -0.00031167 7.7584e-10 ALOS
20071217 20100509 3.5481e-05 3.0277e-10 ALOS
20080103 20100526 9.7214e-05 3.0574e-10 ALOS
20080404 20080520 9.1857e-05 7.7585e-10 ALOS
20080618 20090921 -4.5433e-05 3.7292e-10 ALOS
20080629 20090510 -0.00029377 4.1186e-10 ERS2
20080705 20091008 -4.1614e-05 3.6495e-10 ALOS
20080803 20090823 -5.5936e-05 3.8256e-10 ERS2
20081116 20090823 -2.8004e-05 4.32e-10 ERS2
20081219 20090921 0.00019869 4.4612e-10 ALOS
20090105 20090708 -1.649e-05 5.2877e-10 ALOS
20090510 20091101 0.00029014 5.2053e-10 ERS2
20090708 20091008 0.00029939 6.6661e-10 ALOS
20090823 20091101 -6.6937e-05 6.9883e-10 ERS2
20091222 20100624 -0.00010908 5.2633e-10 ALOS
20100108 20100223 0.00042854 7.77e-10 ALOS
20100223 20100526 -4.6397e-05 6.6699e-10 ALOS
20100410 20100711 -0.00012341 6.6655e-10 ALOS
20100509 20100624 0.00059558 7.7377e-10 ALOS
20100526 20100711 0.00043041 7.7585e-10 ALOS
20100624 20101109 -4.8172e-06 5.8405e-10 ALOS
20100711 20101011 3.7339e-05 6.665e-10 ALOS
20100809 20101109 -1.78e-05 6.6373e-10 ALOS
20101011 20101126 0.00019892 7.7585e-10 ALOS
20110111 20110226 0.00072058 7.7585e-10 ALOS
20110924 20130715 9.8895e-05 3.2416e-10 TSX
20111005 20121229 8.8408e-06 3.7392e-10 TSX
20111121 20171221 -6.6556e-06 2.9885e-10 TSX
20111221 20130131 6.3775e-05 3.8548e-10 TSX
20111224 20121027 -2.4068e-05 4.1944e-10 TSX
20120126 20140419 -3.6397e-05 2.9636e-10 TSX
20120203 20160320 1.3734e-05 2.8321e-10 TSX
20120206 20171107 -1.2362e-05 3.1798e-10 TSX
20120617 20171129 8.0636e-06 2.8378e-10 TSX
20120723 20160120 4.5518e-05 3.3554e-10 TSX
20121024 20130109 0.00022288 7.0196e-10 TSX
20121027 20151226 -4.1383e-06 2.7769e-10 TSX
20121030 20130311 1.0476e-05 5.8469e-10 TSX
20121107 20171118 3.1562e-07 2.8068e-10 TSX
20121221 20160208 1.7386e-05 2.7436e-10 TSX
20121224 20130516 -0.00012203 5.6852e-10 TSX
20121229 20130407 0.00010485 6.5631e-10 TSX
20130104 20130217 1.0778e-05 7.7353e-10 TSX
20130109 20130715 5.1162e-05 5.3426e-10 TSX
20130112 20140511 -2.9534e-05 3.5397e-10 TSX
20130115 20130721 -0.00017259 5.1398e-10 TSX
20130126 20130823 -0.00015002 5.663e-10 TSX
20130131 20130429 -4.4239e-05 6.7827e-10 TSX
20130203 20130729 -5.1549e-05 5.2323e-10 TSX
20130211 20130919 8.9117e-06 4.9596e-10 TSX
20130228 20141209 4.724e-05 3.1421e-10 TSX
20130311 20130801 -1.5403e-05 5.6847e-10 TSX
20130316 20130623 3.5588e-05 6.5632e-10 TSX
20130402 20150122 8.7722e-05 4.0557e-10 TSX
20130407 20140530 -1.5256e-05 3.8073e-10 TSX
20130421 20171016 8.3393e-07 3.1906e-10 TSX
20130424 20130721 -0.00032906 6.641e-10 TSX
20130429 20130623 -9.2298e-05 7.5476e-10 TSX
20130505 20131028 -0.00046641 5.5013e-10 TSX
20130513 20151112 6.7929e-07 2.8636e-10 TSX
20130516 20131017 -0.00043413 5.6869e-10 TSX
20130521 20130715 0.00018547 7.5478e-10 TSX
20130524 20171129 1.3953e-05 3.172e-10 TSX
20130527 20140627 4.5545e-05 3.8374e-10 TSX
20130601 20130930 0.00013137 6.1712e-10 TSX
20130604 20141217 -5.925e-07 3.3854e-10 TSX
20130607 20140719 8.8282e-05 3.8011e-10 TSX
20130612 20150105 3.4022e-05 3.3821e-10 TSX
20130615 20160106 -4.9024e-06 2.8881e-10 TSX
20130618 20140708 -1.2478e-05 3.8807e-10 TSX
20130623 20130715 0.00064554 8.6296e-10 TSX
20130629 20130914 0.00022891 6.9767e-10 TSX
20130707 20150130 -2.1854e-05 3.3731e-10 TSX
20130710 20140901 6.2455e-05 3.7683e-10 TSX
20130715 20130726 -0.0025184 1.0122e-09 TSX
20130721 20131108 0.00090564 6.6562e-10 TSX
20130726 20150517 0.0001347 3.3254e-10 TSX
20130729 20160904 -9.7913e-06 2.7707e-10 TSX
20130801 20151115 -1.9116e-06 3.0984e-10 TSX
20130817 20140209 2.3772e-05 5.4102e-10 TSX
20130828 20150312 2.3313e-05 3.4829e-10 TSX
20130903 20150329 -3.6752e-05 4.2533e-10 TSX
20130919 20160309 4.6869e-05 3.6647e-10 TSX
20130925 20140708 5.01e-05 4.5096e-10 TSX
20130930 20160411 4.2227e-05 3.0254e-10 TSX
20131011 20150802 3.4565e-05 3.3307e-10 TSX
20131017 20140719 2.225e-05 4.4568e-10 TSX
20131028 20160304 -3.4383e-05 3.9259e-10 TSX
20131102 20140519 -0.00013651 5.1715e-10 TSX
20131108 20140708 8.6418e-05 4.8852e-10 TSX
20140209 20160309 2.2798e-05 3.2051e-10 TSX
20140223 20140829 1.0389e-05 5.1123e-10 TSX
20140408 20140705 -5.4465e-06 6.6158e-10 TSX
20140419 20170913 -1.633e-05 3.0355e-10 TSX
20140511 20141228 6.0878e-05 4.7021e-10 TSX
20140519 20150824 0.00014084 3.7748e-10 TSX
20140624 20171005 6.8725e-06 3.0532e-10 TSX
20140627 20151115 9.3988e-06 3.4611e-10 TSX
20140705 20180911 5.8297e-06 3.085e-10 TSX
20140708 20160406 4.2832e-05 3.3351e-10 TSX
20140716 20171005 -2.3909e-05 2.9845e-10 TSX
20140719 20151207 2.2473e-05 3.4495e-10 TSX
20140727 20150326 4.3092e-06 4.6157e-10 TSX
20140810 20150122 -2.5622e-05 5.3975e-10 TSX
20140818 20160301 -6.7306e-06 3.295e-10 TSX
20140829 20160208 -5.6956e-06 3.3849e-10 TSX
20140901 20140912 -0.00030607 9.6857e-10 TSX
20140912 20141209 -1.9428e-06 6.641e-10 TSX
20140920 20170902 -1.781e-05 3.1779e-10 TSX
20141209 20160211 4.9166e-06 3.7281e-10 TSX
20141217 20160722 -3.162e-05 3.2966e-10 TSX
20141228 20160106 -1.7574e-05 3.8269e-10 TSX
20141231 20151024 0.00012542 4.2571e-10 TSX
20150105 20150824 3.7918e-05 4.8727e-10 TSX
20150108 20170811 -2.4844e-05 3.2747e-10 TSX
20150119 20160117 2.3666e-05 3.8738e-10 TSX
20150127 20160411 9.166e-05 3.8324e-10 TSX
20150130 20151112 -4.9286e-05 4.2947e-10 TSX
20150210 20170114 -1.5859e-05 3.2782e-10 TSX
20150213 20160326 4.4066e-06 3.9874e-10 TSX
20150218 20160216 6.4173e-05 4.0453e-10 TSX
20150221 20180112 -2.26e-05 3.969e-10 TSX
20150304 20180911 1.9627e-05 3.5292e-10 TSX
20150307 20160211 5.1063e-05 4.0654e-10 TSX
20150312 20160320 6.0508e-05 4.0072e-10 TSX
20150326 20150827 -1.1311e-05 5.499e-10 TSX
20150329 20151207 -1.9264e-05 4.5487e-10 TSX
20150428 20160425 -2.6644e-06 3.882e-10 TSX
20150509 20150827 -9.1109e-05 6.1822e-10 TSX
20150517 20150824 -6.0381e-05 6.5653e-10 TSX
20150520 20180911 -2.3643e-05 3.0243e-10 TSX
20150714 20170822 -6.7272e-06 3.3001e-10 TSX
20150725 20170924 -1.5101e-05 3.1395e-10 TSX
20150802 20160309 -0.00010887 5.0455e-10 TSX
20150805 20160403 2.4546e-06 4.6532e-10 TSX
20150816 20171107 -1.83e-05 3.0899e-10 TSX
20150824 20150915 0.0007643 8.6287e-10 TSX
20150827 20170902 -3.3001e-05 3.2341e-10 TSX
20150915 20160216 -0.00018026 5.7099e-10 TSX
20151021 20160904 -6.8596e-05 4.1271e-10 TSX
20151101 20171016 -2.4785e-05 3.139e-10 TSX
20151112 20160425 2.5875e-05 5.3635e-10 TSX
20151115 20151229 0.00019697 7.7353e-10 TSX
20151123 20171221 4.1155e-06 3.0617e-10 TSX
20151204 20151215 0.00014756 9.7923e-10 TSX
20151207 20160406 -3.7706e-05 6.022e-10 TSX
20151215 20170822 1.0027e-05 3.3516e-10 TSX
20151226 20161223 -1.3486e-05 3.9507e-10 TSX
20151229 20160211 -3.5459e-05 7.7353e-10 TSX
20160106 20161223 1.4015e-05 3.9885e-10 TSX
20160117 20160926 -2.5718e-05 4.5311e-10 TSX
20160128 20160301 -0.00010419 8.075e-10 TSX
20160208 20160312 -0.00011955 8.075e-10 TSX
20160216 20160309 -0.00041875 8.6286e-10 TSX
20160219 20180319 -1.5619e-05 3.017e-10 TSX
20160301 20161201 -3.2195e-05 4.3879e-10 TSX
20160304 20160326 7.9256e-05 8.4928e-10 TSX
20160312 20180319 -2.3794e-07 3.0736e-10 TSX
20160320 20160411 0.0004249 8.6287e-10 TSX
20160323 20171118 -5.6628e-06 3.2114e-10 TSX
20160326 20160406 -0.00054588 9.685e-10 TSX
20160403 20171027 -4.822e-06 3.3171e-10 TSX
20160425 20170811 -3.0043e-05 3.5085e-10 TSX
20160528 20160630 -3.6907e-05 8.075e-10 TSX
20160630 20171118 2.5747e-05 3.3857e-10 TSX
20160722 20161201 3.2612e-05 5.8147e-10 TSX
20160904 20180707 2.2299e-05 3.2258e-10 TSX
20160915 20180911 1.7756e-06 3.0185e-10 TSX
20160926 20170114 5.0065e-05 6.1817e-10 TSX
20161201 20171027 5.7854e-06 4.0724e-10 TSX
20161223 20171107 5.1157e-06 4.1161e-10 TSX
20170114 20170902 -4.2511e-05 4.6984e-10 TSX
20170811 20171005 -3.2993e-06 7.4189e-10 TSX
20170822 20180707 -1.2461e-05 4.139e-10 TSX
20170913 20180707 -4.4145e-06 4.2502e-10 TSX
20170924 20180319 4.4966e-05 5.2331e-10 TSX
20171005 20171107 4.8429e-05 8.075e-10 TSX
20171016 20180319 5.463e-05 5.5019e-10 TSX
20171027 20180911 -8.7608e-06 4.139e-10 TSX
20171107 20171118 7.8306e-05 9.7923e-10 TSX
20171118 20171129 4.4682e-05 9.7923e-10 TSX
20171129 20171221 -1.6073e-05 8.5186e-10 TSX
20171210 20180820 -2.2343e-05 4.5346e-10 TSX
20171221 20180911 -1.6413e-05 4.457e-10 TSX
20180112 20181003 3.6631e-05 4.4565e-10 TSX
20180319 20180707 -8.5877e-05 6.1818e-10 TSX
20180707 20180911 0.00013968 7.1295e-10 TSX
20180729 20181003 -8.6889e-05 7.1295e-10 TSX
20180820 20181003 7.5376e-05 7.7312e-10 TSX
20180911 20181003 -0.00019856 8.5186e-10 TSX
