20030427 20030914 -0.00022767 5.6807e-10 ERS2
20030914 20080629 -0.00011324 2.7499e-10 ERS2
20050918 20090510 3.7919e-07 3.1184e-10 ERS2
20051127 20081116 3.8423e-05 3.0236e-10 ERS2
20060903 20090510 -0.00013747 3.2869e-10 ERS2
20061231 20090105 -4.1057e-06 3.3309e-10 ALOS
20070402 20070703 -2.7984e-05 6.8177e-10 ALOS
20070518 20091008 0.0001846 3.3005e-10 ALOS
20070818 20071003 -0.00027714 7.9035e-10 ALOS
20071217 20100509 -0.00013439 3.1962e-10 ALOS
20080103 20100526 8.2698e-05 3.1588e-10 ALOS
20080404 20080520 -0.00013911 7.9075e-10 ALOS
20080618 20090921 -4.7749e-05 3.7685e-10 ALOS
20080629 20090510 -0.00037553 4.1442e-10 ERS2
20080705 20091008 -0.00041689 3.7328e-10 ALOS
20080803 20090823 -7.4615e-05 3.8298e-10 ERS2
20081116 20090823 -6.028e-06 4.3281e-10 ERS2
20081219 20090921 0.00012419 4.5385e-10 ALOS
20090105 20090708 0.00011159 5.4409e-10 ALOS
20090510 20091101 0.00018817 5.2198e-10 ERS2
20090708 20091008 0.00027249 6.8139e-10 ALOS
20090823 20091101 0.00038289 7.0535e-10 ERS2
20091222 20100624 0.00013343 5.3606e-10 ALOS
20100108 20100223 0.00038033 7.9114e-10 ALOS
20100223 20100526 -6.0609e-05 6.8221e-10 ALOS
20100410 20100711 2.6261e-05 6.823e-10 ALOS
20100509 20100624 0.00062775 7.8762e-10 ALOS
20100526 20100711 0.00035458 7.9028e-10 ALOS
20100624 20101109 -2.0256e-05 5.9509e-10 ALOS
20100711 20101011 -6.6793e-05 6.8152e-10 ALOS
20100809 20101109 -1.7915e-05 6.7777e-10 ALOS
20101011 20101126 0.00027119 7.9029e-10 ALOS
20110111 20110226 0.0004503 7.9027e-10 ALOS
20110924 20130715 4.3638e-05 3.6084e-10 TSX
20111005 20121229 6.0669e-05 4.2905e-10 TSX
20111121 20171221 -2.2677e-05 4.6621e-10 TSX
20111221 20130131 3.2682e-05 3.9101e-10 TSX
20111224 20121027 -4.1192e-05 4.2146e-10 TSX
20120126 20140419 -4.119e-05 4.4495e-10 TSX
20120203 20160320 9.2478e-05 3.6744e-10 TSX
20120206 20171107 3.9513e-05 4.6139e-10 TSX
20120617 20171129 -7.6343e-07 4.5328e-10 TSX
20120723 20160120 4.4414e-05 3.302e-10 TSX
20121024 20130109 2.2292e-05 7.2119e-10 TSX
20121027 20151226 -4.0018e-07 4.2938e-10 TSX
20121030 20130311 4.1797e-05 5.9306e-10 TSX
20121107 20171118 -4.3575e-05 3.7014e-10 TSX
20121221 20160208 3.7443e-06 4.0207e-10 TSX
20121224 20130516 7.1924e-05 5.7602e-10 TSX
20121229 20130407 2.3934e-05 6.7238e-10 TSX
20130104 20130217 -4.7892e-06 7.8546e-10 TSX
20130109 20130715 0.00019841 5.7594e-10 TSX
20130112 20140511 5.6926e-05 4.0206e-10 TSX
20130115 20130721 -0.00019859 5.4597e-10 TSX
20130126 20130823 -0.00051617 5.177e-10 TSX
20130131 20130429 4.0309e-05 6.948e-10 TSX
20130203 20130729 -1.3064e-05 5.3954e-10 TSX
20130211 20130919 8.1936e-05 5.1878e-10 TSX
20130228 20141209 3.7289e-05 4.2082e-10 TSX
20130311 20130801 -4.9539e-05 5.832e-10 TSX
20130316 20130623 -4.4658e-05 6.7811e-10 TSX
20130402 20150122 5.5184e-05 3.8183e-10 TSX
20130407 20140530 3.2799e-05 4.1142e-10 TSX
20130421 20171016 -6.4974e-05 3.968e-10 TSX
20130424 20130721 -0.00020661 6.7731e-10 TSX
20130429 20130623 -0.00011072 7.7186e-10 TSX
20130505 20131028 -0.00042207 5.8179e-10 TSX
20130513 20151112 0.00010781 4.791e-10 TSX
20130516 20131017 0.00022409 5.899e-10 TSX
20130521 20130715 0.00013775 7.7232e-10 TSX
20130524 20171129 8.7074e-05 4.229e-10 TSX
20130527 20140627 -7.2e-06 4.0199e-10 TSX
20130601 20130930 4.1547e-05 6.3517e-10 TSX
20130604 20141217 -1.6343e-05 4.9864e-10 TSX
20130607 20140719 1.0417e-05 4.073e-10 TSX
20130612 20150105 4.8638e-05 3.6006e-10 TSX
20130615 20160106 1.8789e-05 3.8764e-10 TSX
20130618 20140708 -1.2666e-05 3.9723e-10 TSX
20130623 20130715 0.00061879 8.7322e-10 TSX
20130629 20130914 8.6942e-05 7.0513e-10 TSX
20130707 20150130 9.3318e-06 5.4281e-10 TSX
20130710 20140901 8.2832e-05 3.9199e-10 TSX
20130715 20130726 -0.002384 1.0204e-09 TSX
20130721 20131108 0.00045308 6.451e-10 TSX
20130726 20150517 -0.00012723 3.8428e-10 TSX
20130729 20160904 -3.7861e-05 4.2255e-10 TSX
20130801 20151115 1.2427e-05 4.488e-10 TSX
20130817 20140209 -2.8918e-05 5.5099e-10 TSX
20130828 20150312 -2.8293e-05 3.8347e-10 TSX
20130903 20150329 -9.7861e-05 4.2764e-10 TSX
20130919 20160309 0.0002722 4.1907e-10 TSX
20130925 20140708 -6.3179e-08 4.6068e-10 TSX
20130930 20160411 -4.8499e-05 4.009e-10 TSX
20131011 20150802 -4.1699e-05 3.6828e-10 TSX
20131017 20140719 -2.8517e-05 4.5204e-10 TSX
20131028 20160304 -6.1636e-05 2.924e-10 TSX
20131102 20140519 5.6509e-05 5.2741e-10 TSX
20131108 20140708 9.5591e-05 4.9236e-10 TSX
20140209 20160309 -3.1263e-05 3.9507e-10 TSX
20140223 20140829 -7.788e-06 5.2964e-10 TSX
20140408 20140705 -4.0056e-05 6.6801e-10 TSX
20140419 20170913 -3.8848e-05 4.2724e-10 TSX
20140511 20141228 2.8488e-05 5.1577e-10 TSX
20140519 20150824 -0.00011563 3.8745e-10 TSX
20140624 20171005 0.00014511 4.6985e-10 TSX
20140627 20151115 -0.00011099 3.9974e-10 TSX
20140705 20180911 -9.4672e-05 3.953e-10 TSX
20140708 20160406 -6.0109e-05 4.6757e-10 TSX
20140716 20171005 1.3141e-05 3.9002e-10 TSX
20140719 20151207 -5.3601e-05 4.0015e-10 TSX
20140727 20150326 -6.0188e-05 4.8591e-10 TSX
20140810 20150122 0.0001111 5.5843e-10 TSX
20140818 20160301 -3.7983e-05 4.3579e-10 TSX
20140829 20160208 -2.9511e-05 4.4584e-10 TSX
20140901 20140912 -0.00027365 9.749e-10 TSX
20140912 20141209 3.4354e-05 6.756e-10 TSX
20140920 20170902 2.0501e-05 4.4553e-10 TSX
20141209 20160211 -0.00011953 4.0885e-10 TSX
20141217 20160722 -9.2069e-05 4.1852e-10 TSX
20141228 20160106 -8.1874e-05 4.5374e-10 TSX
20141231 20151024 -6.5715e-05 4.7853e-10 TSX
20150105 20150824 -0.00015259 5.0551e-10 TSX
20150108 20170811 -2.994e-05 4.8754e-10 TSX
20150119 20160117 5.22e-05 5.4992e-10 TSX
20150127 20160411 0.00022198 4.5383e-10 TSX
20150130 20151112 0.00013517 5.0618e-10 TSX
20150210 20170114 0.00017074 3.3821e-10 TSX
20150213 20160326 -0.00010818 4.3003e-10 TSX
20150218 20160216 -1.4318e-05 4.3831e-10 TSX
20150221 20180112 7.3709e-05 4.1352e-10 TSX
20150304 20180911 0.00014845 3.6136e-10 TSX
20150307 20160211 -6.592e-05 4.2101e-10 TSX
20150312 20160320 -5.2625e-05 4.1586e-10 TSX
20150326 20150827 -5.416e-05 5.7962e-10 TSX
20150329 20151207 -0.00012973 4.8015e-10 TSX
20150428 20160425 7.8664e-05 4.7705e-10 TSX
20150509 20150827 -0.00013413 6.5011e-10 TSX
20150517 20150824 -0.0002345 6.7936e-10 TSX
20150520 20180911 -6.3124e-06 3.4782e-10 TSX
20150714 20170822 -2.0647e-05 3.6993e-10 TSX
20150725 20170924 2.3174e-05 4.4403e-10 TSX
20150802 20160309 -1.832e-05 5.1509e-10 TSX
20150805 20160403 0.00013749 5.2145e-10 TSX
20150816 20171107 -7.0327e-06 5.1415e-10 TSX
20150824 20150915 0.00061936 8.7312e-10 TSX
20150827 20170902 3.8235e-06 4.568e-10 TSX
20150915 20160216 3.2941e-05 5.8669e-10 TSX
20151021 20160904 -9.9065e-05 5.5712e-10 TSX
20151101 20171016 2.5684e-05 4.4428e-10 TSX
20151112 20160425 -1.2056e-05 5.5828e-10 TSX
20151115 20151229 9.0298e-05 7.8546e-10 TSX
20151123 20171221 -2.4087e-05 4.0147e-10 TSX
20151204 20151215 0.0001622 9.8339e-10 TSX
20151207 20160406 -3.738e-05 6.1148e-10 TSX
20151215 20170822 -1.5949e-05 4.3827e-10 TSX
20151226 20161223 3.9062e-05 4.2074e-10 TSX
20151229 20160211 1.8084e-06 7.8546e-10 TSX
20160106 20161223 5.43e-05 4.26e-10 TSX
20160117 20160926 6.4039e-05 4.9496e-10 TSX
20160128 20160301 -0.00025402 8.1422e-10 TSX
20160208 20160312 -0.00013875 8.1422e-10 TSX
20160216 20160309 -0.00035645 8.7312e-10 TSX
20160219 20180319 -2.6303e-06 4.7e-10 TSX
20160301 20161201 8.9466e-05 4.4894e-10 TSX
20160304 20160326 5.3695e-05 8.5757e-10 TSX
20160312 20180319 2.9816e-05 4.704e-10 TSX
20160320 20160411 0.00035379 8.7314e-10 TSX
20160323 20171118 -3.9723e-05 4.8337e-10 TSX
20160326 20160406 -0.00051582 9.7482e-10 TSX
20160403 20171027 -3.3791e-05 3.9232e-10 TSX
20160425 20170811 -4.3203e-05 4.047e-10 TSX
20160528 20160630 1.6921e-05 8.1422e-10 TSX
20160630 20171118 5.0382e-05 4.5349e-10 TSX
20160722 20161201 0.00017198 5.9122e-10 TSX
20160904 20180707 -6.8929e-05 5.2595e-10 TSX
20160915 20180911 -7.7717e-05 3.6539e-10 TSX
20160926 20170114 0.00023214 6.4404e-10 TSX
20161201 20171027 0.00014539 5.2092e-10 TSX
20161223 20171107 0.00026486 5.3226e-10 TSX
20170114 20170902 1.6366e-05 4.9065e-10 TSX
20170811 20171005 -5.724e-05 7.4975e-10 TSX
20170822 20180707 -9.7869e-05 4.2453e-10 TSX
20170913 20180707 -0.00016724 4.3742e-10 TSX
20170924 20180319 -4.9794e-05 5.2511e-10 TSX
20171005 20171107 0.00010333 8.1422e-10 TSX
20171016 20180319 -3.8504e-05 5.5266e-10 TSX
20171027 20180911 -4.669e-05 4.1683e-10 TSX
20171107 20171118 6.491e-05 9.8339e-10 TSX
20171118 20171129 5.8e-05 9.8339e-10 TSX
20171129 20171221 -2.1477e-06 8.5728e-10 TSX
20171210 20180820 -0.00018041 4.5896e-10 TSX
20171221 20180911 -7.4441e-05 4.6461e-10 TSX
20180112 20181003 2.9915e-05 4.5408e-10 TSX
20180319 20180707 -0.00023886 6.2603e-10 TSX
20180707 20180911 0.00030089 7.206e-10 TSX
20180729 20181003 8.3779e-05 7.206e-10 TSX
20180820 20181003 0.000219 7.8071e-10 TSX
20180911 20181003 -0.00017518 8.5728e-10 TSX
