20030427 20030914 0.0010042 5.6764e-10 ERS2
20030914 20080629 -7.6762e-05 2.8022e-10 ERS2
20050918 20090510 -6.201e-05 3.2039e-10 ERS2
20051127 20081116 6.1656e-05 3.0575e-10 ERS2
20060903 20090510 0.00015182 3.0355e-10 ERS2
20061231 20090105 -0.00011204 3.1331e-10 ALOS
20070402 20070703 5.4731e-05 6.6703e-10 ALOS
20070518 20091008 -0.000263 3.2013e-10 ALOS
20070818 20071003 -0.00021939 7.7734e-10 ALOS
20071217 20100509 -2.3696e-05 3.1525e-10 ALOS
20080103 20100526 4.8372e-05 3.1533e-10 ALOS
20080404 20080520 0.00010413 7.7734e-10 ALOS
20080618 20090921 -1.318e-05 3.7286e-10 ALOS
20080629 20090510 -0.0004052 4.1556e-10 ERS2
20080705 20091008 -8.135e-05 3.656e-10 ALOS
20080803 20090823 5.0722e-05 3.8535e-10 ERS2
20081116 20090823 0.00028638 4.3563e-10 ERS2
20081219 20090921 0.00029794 4.4665e-10 ALOS
20090105 20090708 0.00025095 5.2843e-10 ALOS
20090510 20091101 0.00034045 5.2068e-10 ERS2
20090708 20091008 1.1847e-05 6.6709e-10 ALOS
20090823 20091101 5.5249e-05 6.9877e-10 ERS2
20091222 20100624 0.00020611 5.254e-10 ALOS
20100108 20100223 0.00037802 7.7742e-10 ALOS
20100223 20100526 -3.103e-05 6.6713e-10 ALOS
20100410 20100711 -2.1627e-05 6.6714e-10 ALOS
20100509 20100624 0.00065652 7.7515e-10 ALOS
20100526 20100711 0.00034632 7.7735e-10 ALOS
20100624 20101109 1.1815e-05 5.843e-10 ALOS
20100711 20101011 6.4953e-05 6.6712e-10 ALOS
20100809 20101109 -6.524e-07 6.6429e-10 ALOS
20101011 20101126 0.00017922 7.7736e-10 ALOS
20110111 20110226 0.00049248 7.7733e-10 ALOS
20110924 20130715 -3.1963e-05 4.2781e-10 TSX
20111005 20121229 -0.00013842 4.2669e-10 TSX
20111121 20171221 5.9281e-06 4.3753e-10 TSX
20111221 20130131 -3.7877e-05 4.3032e-10 TSX
20111224 20121027 -2.5243e-05 4.6327e-10 TSX
20120126 20140419 4.1782e-05 3.7231e-10 TSX
20120203 20160320 2.9506e-05 3.2129e-10 TSX
20120206 20171107 -4.4298e-05 3.603e-10 TSX
20120617 20171129 -1.7348e-05 4.3265e-10 TSX
20120723 20160120 5.6205e-05 4.1617e-10 TSX
20121024 20130109 9.6913e-05 7.0345e-10 TSX
20121027 20151226 -3.0476e-05 4.4192e-10 TSX
20121030 20130311 8.6772e-05 5.8614e-10 TSX
20121107 20171118 1.5135e-05 4.163e-10 TSX
20121221 20160208 0.00010543 3.7474e-10 TSX
20121224 20130516 -0.00019637 5.6865e-10 TSX
20121229 20130407 -0.00015136 6.57e-10 TSX
20130104 20130217 -5.7819e-05 7.7462e-10 TSX
20130109 20130715 0.00027898 5.5612e-10 TSX
20130112 20140511 -4.4939e-05 4.8108e-10 TSX
20130115 20130721 -0.0001245 5.3484e-10 TSX
20130126 20130823 -0.00039521 5.2255e-10 TSX
20130131 20130429 -0.00020185 6.7908e-10 TSX
20130203 20130729 2.5038e-05 5.8143e-10 TSX
20130211 20130919 3.1002e-05 5.2337e-10 TSX
20130228 20141209 0.00010592 4.0814e-10 TSX
20130311 20130801 6.5743e-05 5.9333e-10 TSX
20130316 20130623 -4.8835e-05 6.6988e-10 TSX
20130402 20150122 0.0001221 3.9282e-10 TSX
20130407 20140530 0.00013652 4.6327e-10 TSX
20130421 20171016 -9.5942e-06 4.0735e-10 TSX
20130424 20130721 -0.00034478 6.9128e-10 TSX
20130429 20130623 -6.7044e-05 7.5827e-10 TSX
20130505 20131028 -0.00050988 5.4347e-10 TSX
20130513 20151112 -5.2494e-05 3.7539e-10 TSX
20130516 20131017 -0.00018893 5.9335e-10 TSX
20130521 20130715 0.00023538 7.6534e-10 TSX
20130524 20171129 7.9624e-05 4.5461e-10 TSX
20130527 20140627 7.4609e-05 4.2431e-10 TSX
20130601 20130930 0.00013648 6.4421e-10 TSX
20130604 20141217 0.00013409 4.8642e-10 TSX
20130607 20140719 1.7342e-05 4.2679e-10 TSX
20130612 20150105 -3.0492e-05 4.0584e-10 TSX
20130615 20160106 7.0568e-05 3.8628e-10 TSX
20130618 20140708 -5.1418e-05 4.5791e-10 TSX
20130623 20130715 0.0007494 8.6643e-10 TSX
20130629 20130914 0.00018806 6.9792e-10 TSX
20130707 20150130 3.7089e-05 3.8446e-10 TSX
20130710 20140901 3.9692e-05 4.6578e-10 TSX
20130715 20130726 -0.0025403 1.0143e-09 TSX
20130721 20131108 0.00056389 6.3767e-10 TSX
20130726 20150517 0.00015355 4.0205e-10 TSX
20130729 20160904 2.6462e-07 4.7648e-10 TSX
20130801 20151115 0.00011995 3.4213e-10 TSX
20130817 20140209 -0.00013537 5.7091e-10 TSX
20130828 20150312 0.00012123 4.3134e-10 TSX
20130903 20150329 -0.00022275 3.6976e-10 TSX
20130919 20160309 7.8977e-05 3.3085e-10 TSX
20130925 20140708 -8.1986e-05 4.4138e-10 TSX
20130930 20160411 3.2377e-05 3.4571e-10 TSX
20131011 20150802 5.4135e-05 3.7366e-10 TSX
20131017 20140719 -5.5336e-05 4.4965e-10 TSX
20131028 20160304 9.6364e-05 3.1135e-10 TSX
20131102 20140519 -5.5902e-05 5.224e-10 TSX
20131108 20140708 -3.0752e-05 4.7845e-10 TSX
20140209 20160309 -3.1696e-05 4.2208e-10 TSX
20140223 20140829 3.6245e-05 5.1699e-10 TSX
20140408 20140705 -2.2691e-05 6.6166e-10 TSX
20140419 20170913 8.0959e-05 3.9485e-10 TSX
20140511 20141228 9.5721e-05 5.0172e-10 TSX
20140519 20150824 2.8839e-05 4.1298e-10 TSX
20140624 20171005 2.3746e-05 4.6783e-10 TSX
20140627 20151115 0.00013825 3.8809e-10 TSX
20140705 20180911 -2.9521e-06 4.2587e-10 TSX
20140708 20160406 -6.4546e-05 4.2587e-10 TSX
20140716 20171005 -1.9296e-05 4.2474e-10 TSX
20140719 20151207 -3.772e-05 4.1119e-10 TSX
20140727 20150326 5.9467e-06 4.6293e-10 TSX
20140810 20150122 -0.00012781 5.4127e-10 TSX
20140818 20160301 0.00011483 4.2184e-10 TSX
20140829 20160208 -2.4769e-06 4.3079e-10 TSX
20140901 20140912 -0.00029518 9.7004e-10 TSX
20140912 20141209 3.9478e-05 6.646e-10 TSX
20140920 20170902 8.0376e-05 3.412e-10 TSX
20141209 20160211 3.6803e-05 3.9613e-10 TSX
20141217 20160722 8.6436e-05 4.9739e-10 TSX
20141228 20160106 -9.7804e-06 4.1194e-10 TSX
20141231 20151024 3.2624e-05 4.3505e-10 TSX
20150105 20150824 -5.5624e-05 5.2399e-10 TSX
20150108 20170811 4.3123e-05 4.109e-10 TSX
20150119 20160117 7.9857e-05 4.721e-10 TSX
20150127 20160411 5.238e-05 4.2021e-10 TSX
20150130 20151112 6.1774e-05 4.6078e-10 TSX
20150210 20170114 -1.0775e-05 4.014e-10 TSX
20150213 20160326 -0.00021017 4.1237e-10 TSX
20150218 20160216 9.0781e-06 4.3218e-10 TSX
20150221 20180112 -8.7548e-05 3.5609e-10 TSX
20150304 20180911 3.9524e-06 3.6006e-10 TSX
20150307 20160211 -1.7899e-06 4.0411e-10 TSX
20150312 20160320 -9.5473e-05 4.1518e-10 TSX
20150326 20150827 0.00011013 5.6335e-10 TSX
20150329 20151207 -3.1591e-05 4.5907e-10 TSX
20150428 20160425 8.051e-05 4.7792e-10 TSX
20150509 20150827 5.4567e-05 6.2631e-10 TSX
20150517 20150824 1.0706e-05 6.6015e-10 TSX
20150520 20180911 5.1661e-05 3.8044e-10 TSX
20150714 20170822 4.7456e-06 4.1542e-10 TSX
20150725 20170924 2.4712e-05 3.7135e-10 TSX
20150802 20160309 -7.2127e-05 4.9646e-10 TSX
20150805 20160403 1.0343e-07 4.6216e-10 TSX
20150816 20171107 0.00012536 4.5097e-10 TSX
20150824 20150915 0.00071095 8.649e-10 TSX
20150827 20170902 3.1674e-05 4.5349e-10 TSX
20150915 20160216 -0.00011298 5.7009e-10 TSX
20151021 20160904 -6.2889e-05 4.8671e-10 TSX
20151101 20171016 -2.8493e-05 4.2824e-10 TSX
20151112 20160425 -2.6127e-05 5.3726e-10 TSX
20151115 20151229 0.00011144 7.7461e-10 TSX
20151123 20171221 3.2568e-06 4.9034e-10 TSX
20151204 20151215 0.0001523 9.7927e-10 TSX
20151207 20160406 -3.9788e-05 6.024e-10 TSX
20151215 20170822 0.00013538 4.3402e-10 TSX
20151226 20161223 1.1484e-05 4.125e-10 TSX
20151229 20160211 4.7943e-05 7.7461e-10 TSX
20160106 20161223 1.8128e-05 4.006e-10 TSX
20160117 20160926 -5.3151e-05 4.8826e-10 TSX
20160128 20160301 -0.00019586 8.0753e-10 TSX
20160208 20160312 -0.00010482 8.0753e-10 TSX
20160216 20160309 -0.0004111 8.649e-10 TSX
20160219 20180319 4.4932e-05 4.2283e-10 TSX
20160301 20161201 4.3514e-05 4.3856e-10 TSX
20160304 20160326 9.3845e-05 8.5069e-10 TSX
20160312 20180319 4.2817e-05 4.1475e-10 TSX
20160320 20160411 0.0003625 8.6491e-10 TSX
20160323 20171118 8.5502e-06 4.4745e-10 TSX
20160326 20160406 -0.00051329 9.6997e-10 TSX
20160403 20171027 5.0533e-05 3.9833e-10 TSX
20160425 20170811 5.325e-06 4.0454e-10 TSX
20160528 20160630 -9.7386e-05 8.0754e-10 TSX
20160630 20171118 8.9081e-05 4.6408e-10 TSX
20160722 20161201 0.00033711 5.8319e-10 TSX
20160904 20180707 8.7115e-05 4.799e-10 TSX
20160915 20180911 -4.7688e-05 4.7652e-10 TSX
20160926 20170114 4.9512e-05 6.545e-10 TSX
20161201 20171027 -5.6951e-06 4.9082e-10 TSX
20161223 20171107 -1.8166e-05 4.4625e-10 TSX
20170114 20170902 0.00016692 4.8663e-10 TSX
20170811 20171005 -4.7203e-05 7.4199e-10 TSX
20170822 20180707 -4.312e-05 4.5724e-10 TSX
20170913 20180707 -0.00013472 4.762e-10 TSX
20170924 20180319 2.3691e-05 5.292e-10 TSX
20171005 20171107 1.2768e-05 8.0754e-10 TSX
20171016 20180319 9.7747e-05 5.5171e-10 TSX
20171027 20180911 -3.3367e-05 4.7703e-10 TSX
20171107 20171118 7.4117e-05 9.7927e-10 TSX
20171118 20171129 5.5039e-05 9.7927e-10 TSX
20171129 20171221 -5.1745e-05 8.5191e-10 TSX
20171210 20180820 -3.3554e-05 5.0101e-10 TSX
20171221 20180911 -8.3954e-05 5.1344e-10 TSX
20180112 20181003 7.5232e-05 5.0202e-10 TSX
20180319 20180707 -0.00021666 6.2571e-10 TSX
20180707 20180911 5.5178e-05 7.1283e-10 TSX
20180729 20181003 -7.9122e-05 7.1292e-10 TSX
20180820 20181003 0.00011689 7.7313e-10 TSX
20180911 20181003 -0.00019938 8.5191e-10 TSX
