20030427 20030914 0.0014851 5.9605e-10 ERS2
20030914 20080629 0.00010098 2.784e-10 ERS2
20050918 20090510 2.491e-06 3.1004e-10 ERS2
20051127 20081116 0.00031561 3.1127e-10 ERS2
20060903 20090510 -0.00011331 3.2688e-10 ERS2
20061231 20090105 1.2806e-05 3.2534e-10 ALOS
20070402 20070703 7.5789e-06 6.8715e-10 ALOS
20070518 20091008 -3.4321e-05 3.1096e-10 ALOS
20070818 20071003 -0.00043978 7.9276e-10 ALOS
20071217 20100509 -6.8508e-05 3.1193e-10 ALOS
20080103 20100526 -1.2694e-06 3.1079e-10 ALOS
20080404 20080520 2.0792e-06 7.9278e-10 ALOS
20080618 20090921 -0.00012629 3.7989e-10 ALOS
20080629 20090510 0.00012549 4.2844e-10 ERS2
20080705 20091008 0.00019475 3.7451e-10 ALOS
20080803 20090823 -1.0867e-05 3.9709e-10 ERS2
20081116 20090823 -5.6792e-06 4.5051e-10 ERS2
20081219 20090921 0.00089006 4.5495e-10 ALOS
20090105 20090708 0.00022757 5.4166e-10 ALOS
20090510 20091101 -0.00011561 5.4724e-10 ERS2
20090708 20091008 0.001166 6.8708e-10 ALOS
20090823 20091101 0.00094148 7.3035e-10 ERS2
20091222 20100624 0.00083043 5.3798e-10 ALOS
20100108 20100223 0.00059667 7.928e-10 ALOS
20100223 20100526 -0.000114 6.8709e-10 ALOS
20100410 20100711 -0.00013995 6.8707e-10 ALOS
20100509 20100624 0.00079805 7.9047e-10 ALOS
20100526 20100711 0.00050686 7.9278e-10 ALOS
20100624 20101109 0.00015768 6.0062e-10 ALOS
20100711 20101011 0.00023479 6.8711e-10 ALOS
20100809 20101109 1.163e-05 6.8373e-10 ALOS
20101011 20101126 0.00026428 7.9278e-10 ALOS
20110111 20110226 0.00095086 7.9277e-10 ALOS
20110924 20130715 1.3565e-05 3.3573e-10 TSX
20111005 20121229 -7.3878e-06 3.7933e-10 TSX
20111121 20171221 4.4843e-06 3.7763e-10 TSX
20111221 20130131 -5.4275e-06 3.9565e-10 TSX
20111224 20121027 9.3329e-06 4.4272e-10 TSX
20120126 20140419 1.4774e-05 3.0167e-10 TSX
20120203 20160320 -2.4626e-05 2.6396e-10 TSX
20120206 20171107 -2.6636e-06 3.8912e-10 TSX
20120617 20171129 -1.3407e-05 3.615e-10 TSX
20120723 20160120 1.426e-06 2.7544e-10 TSX
20121024 20130109 -9.1857e-06 7.2345e-10 TSX
20121027 20151226 -2.4485e-06 3.0052e-10 TSX
20121030 20130311 -5.3482e-06 6.0007e-10 TSX
20121107 20171118 -1.1554e-05 3.2073e-10 TSX
20121221 20160208 5.927e-06 3.1371e-10 TSX
20121224 20130516 2.4872e-05 5.8286e-10 TSX
20121229 20130407 4.1081e-05 6.7773e-10 TSX
20130104 20130217 5.1271e-05 7.8957e-10 TSX
20130109 20130715 6.2739e-05 5.4323e-10 TSX
20130112 20140511 2.1905e-05 3.7164e-10 TSX
20130115 20130721 -6.5467e-05 5.2443e-10 TSX
20130126 20130823 -0.0002749 5.0032e-10 TSX
20130131 20130429 1.2786e-05 6.9996e-10 TSX
20130203 20130729 2.772e-05 5.572e-10 TSX
20130211 20130919 1.9239e-05 5.0859e-10 TSX
20130228 20141209 3.101e-05 3.225e-10 TSX
20130311 20130801 -6.0056e-05 5.828e-10 TSX
20130316 20130623 4.3567e-06 6.7774e-10 TSX
20130402 20150122 2.7999e-05 3.0326e-10 TSX
20130407 20140530 8.2404e-06 3.9118e-10 TSX
20130421 20171016 9.2056e-06 3.1969e-10 TSX
20130424 20130721 -0.00016218 6.8316e-10 TSX
20130429 20130623 -0.00017609 7.7397e-10 TSX
20130505 20131028 -0.00063075 5.3786e-10 TSX
20130513 20151112 1.993e-06 3.1059e-10 TSX
20130516 20131017 -0.00031743 5.6616e-10 TSX
20130521 20130715 0.0001414 7.74e-10 TSX
20130524 20171129 -7.5289e-06 3.3883e-10 TSX
20130527 20140627 -3.0052e-05 3.8934e-10 TSX
20130601 20130930 8.1777e-05 6.3721e-10 TSX
20130604 20141217 -3.7057e-06 3.54e-10 TSX
20130607 20140719 -1.0822e-05 3.8597e-10 TSX
20130612 20150105 -6.7861e-06 3.4958e-10 TSX
20130615 20160106 1.0778e-05 3.0285e-10 TSX
20130618 20140708 -8.3227e-06 3.9381e-10 TSX
20130623 20130715 0.00065387 8.7343e-10 TSX
20130629 20130914 0.00026141 7.0775e-10 TSX
20130707 20150130 -8.8935e-07 3.537e-10 TSX
20130710 20140901 1.0604e-05 3.8263e-10 TSX
20130715 20130726 -0.0023566 1.02e-09 TSX
20130721 20131108 0.00079483 6.3856e-10 TSX
20130726 20150517 -2.6049e-05 3.3397e-10 TSX
20130729 20160904 -1.735e-05 3.0674e-10 TSX
20130801 20151115 1.707e-05 2.9846e-10 TSX
20130817 20140209 -4.9831e-05 5.5656e-10 TSX
20130828 20150312 -1.5598e-05 3.5193e-10 TSX
20130903 20150329 -0.00016895 3.2003e-10 TSX
20130919 20160309 1.6332e-05 2.9075e-10 TSX
20130925 20140708 3.6507e-05 4.3788e-10 TSX
20130930 20160411 3.8824e-06 2.8932e-10 TSX
20131011 20150802 3.9504e-05 3.3273e-10 TSX
20131017 20140719 -5.8613e-05 4.4552e-10 TSX
20131028 20160304 -4.4568e-05 2.8748e-10 TSX
20131102 20140519 -1.1172e-05 5.3117e-10 TSX
20131108 20140708 1.8898e-05 4.7031e-10 TSX
20140209 20160309 1.4003e-05 3.1957e-10 TSX
20140223 20140829 9.3777e-06 5.4392e-10 TSX
20140408 20140705 -7.5399e-06 6.9945e-10 TSX
20140419 20170913 -1.4499e-05 3.7014e-10 TSX
20140511 20141228 1.391e-05 4.9821e-10 TSX
20140519 20150824 6.496e-06 3.7519e-10 TSX
20140624 20171005 -2.212e-05 3.8396e-10 TSX
20140627 20151115 -1.2417e-05 3.4781e-10 TSX
20140705 20180911 1.04e-05 3.8627e-10 TSX
20140708 20160406 3.4725e-05 3.2118e-10 TSX
20140716 20171005 8.7536e-06 3.4712e-10 TSX
20140719 20151207 1.6976e-05 3.4821e-10 TSX
20140727 20150326 -9.8202e-06 4.89e-10 TSX
20140810 20150122 -5.5237e-05 5.5142e-10 TSX
20140818 20160301 2.1717e-05 3.5506e-10 TSX
20140829 20160208 4.6793e-05 3.5448e-10 TSX
20140901 20140912 -0.00029408 9.7552e-10 TSX
20140912 20141209 8.8404e-05 6.8315e-10 TSX
20140920 20170902 3.5206e-05 3.3789e-10 TSX
20141209 20160211 -5.3074e-05 3.7077e-10 TSX
20141217 20160722 4.4133e-05 3.5405e-10 TSX
20141228 20160106 3.7597e-05 4.0081e-10 TSX
20141231 20151024 -1.8385e-05 4.3167e-10 TSX
20150105 20150824 -3.7831e-05 4.9823e-10 TSX
20150108 20170811 -3.0543e-05 3.8915e-10 TSX
20150119 20160117 5.9147e-05 4.1409e-10 TSX
20150127 20160411 7.4718e-05 3.8133e-10 TSX
20150130 20151112 4.7372e-05 4.5023e-10 TSX
20150210 20170114 3.6073e-05 3.3733e-10 TSX
20150213 20160326 4.7433e-05 3.7753e-10 TSX
20150218 20160216 2.3093e-05 4.1279e-10 TSX
20150221 20180112 -1.0869e-05 4.1006e-10 TSX
20150304 20180911 1.2807e-05 3.7163e-10 TSX
20150307 20160211 1.6111e-05 4.0714e-10 TSX
20150312 20160320 6.1001e-05 4.0778e-10 TSX
20150326 20150827 4.3976e-05 5.8337e-10 TSX
20150329 20151207 -6.5026e-06 4.6222e-10 TSX
20150428 20160425 5.4403e-05 4.1075e-10 TSX
20150509 20150827 1.1054e-05 6.5675e-10 TSX
20150517 20150824 -0.00011885 6.7774e-10 TSX
20150520 20180911 -2.588e-07 3.4746e-10 TSX
20150714 20170822 -1.5259e-05 3.16e-10 TSX
20150725 20170924 2.5665e-05 3.108e-10 TSX
20150802 20160309 -1.0371e-05 5.086e-10 TSX
20150805 20160403 4.643e-05 4.8814e-10 TSX
20150816 20171107 -8.9648e-06 3.1656e-10 TSX
20150824 20150915 0.00068035 8.7332e-10 TSX
20150827 20170902 3.3636e-05 3.065e-10 TSX
20150915 20160216 -0.00015352 5.856e-10 TSX
20151021 20160904 1.9845e-05 4.3673e-10 TSX
20151101 20171016 -3.9391e-06 3.4119e-10 TSX
20151112 20160425 1.3639e-05 5.7158e-10 TSX
20151115 20151229 0.00017201 7.8957e-10 TSX
20151123 20171221 -1.1795e-06 3.3269e-10 TSX
20151204 20151215 0.00013639 9.893e-10 TSX
20151207 20160406 -0.00019727 6.1864e-10 TSX
20151215 20170822 2.5069e-06 3.537e-10 TSX
20151226 20161223 -1.1304e-05 4.1399e-10 TSX
20151229 20160211 3.6135e-05 7.8957e-10 TSX
20160106 20161223 1.2767e-05 4.1925e-10 TSX
20160117 20160926 2.3e-05 4.7901e-10 TSX
20160128 20160301 -0.0001562 8.2847e-10 TSX
20160208 20160312 -7.7585e-05 8.2847e-10 TSX
20160216 20160309 -0.00041149 8.7332e-10 TSX
20160219 20180319 7.3816e-07 3.2209e-10 TSX
20160301 20161201 4.8042e-05 4.6374e-10 TSX
20160304 20160326 -4.7831e-06 8.5909e-10 TSX
20160312 20180319 -1.7602e-05 3.4527e-10 TSX
20160320 20160411 0.00037328 8.7333e-10 TSX
20160323 20171118 1.2262e-05 3.3905e-10 TSX
20160326 20160406 -0.00047101 9.7545e-10 TSX
20160403 20171027 6.3608e-06 3.4067e-10 TSX
20160425 20170811 2.9898e-06 3.6405e-10 TSX
20160528 20160630 6.0986e-08 8.2847e-10 TSX
20160630 20171118 2.4447e-06 3.5273e-10 TSX
20160722 20161201 4.6394e-05 6.2059e-10 TSX
20160904 20180707 3.4551e-05 3.5302e-10 TSX
20160915 20180911 2.35e-05 3.1318e-10 TSX
20160926 20170114 7.2009e-05 6.5704e-10 TSX
20161201 20171027 -2.9447e-06 4.2716e-10 TSX
20161223 20171107 3.3024e-05 4.2868e-10 TSX
20170114 20170902 1.0791e-05 5.0434e-10 TSX
20170811 20171005 -2.2191e-05 7.7319e-10 TSX
20170822 20180707 8.6648e-05 4.3645e-10 TSX
20170913 20180707 6.9661e-05 4.4843e-10 TSX
20170924 20180319 4.6091e-05 5.5733e-10 TSX
20171005 20171107 2.6351e-05 8.2847e-10 TSX
20171016 20180319 2.5401e-05 5.8694e-10 TSX
20171027 20180911 6.2502e-05 4.3649e-10 TSX
20171107 20171118 7.0745e-05 9.893e-10 TSX
20171118 20171129 5.388e-05 9.893e-10 TSX
20171129 20171221 -1.6165e-05 8.6677e-10 TSX
20171210 20180820 5.3933e-05 4.8027e-10 TSX
20171221 20180911 7.0014e-05 4.7162e-10 TSX
20180112 20181003 4.67e-05 4.713e-10 TSX
20180319 20180707 -7.3194e-06 6.5733e-10 TSX
20180707 20180911 0.00016865 7.4756e-10 TSX
20180729 20181003 -9.9522e-06 7.4756e-10 TSX
20180820 20181003 0.0001359 7.9982e-10 TSX
20180911 20181003 -0.00018541 8.6678e-10 TSX
