20030427 20030914 6.8233e-05 5.678e-10 ERS2
20030914 20080629 1.918e-05 2.9251e-10 ERS2
20050918 20090510 4.2398e-06 3.0294e-10 ERS2
20051127 20081116 8.529e-05 3.3587e-10 ERS2
20060903 20090510 -6.3694e-05 3.1983e-10 ERS2
20061231 20090105 8.2412e-05 3.1568e-10 ALOS
20070402 20070703 -0.00014892 6.6733e-10 ALOS
20070518 20091008 -0.00023161 3.3808e-10 ALOS
20070818 20071003 -0.00035342 7.7713e-10 ALOS
20071217 20100509 -8.1643e-05 3.0062e-10 ALOS
20080103 20100526 2.2144e-05 3.4908e-10 ALOS
20080404 20080520 5.549e-05 7.7742e-10 ALOS
20080618 20090921 -8.1304e-05 3.7194e-10 ALOS
20080629 20090510 0.00016664 4.1516e-10 ERS2
20080705 20091008 -8.3595e-05 3.6432e-10 ALOS
20080803 20090823 -1.2408e-05 3.8256e-10 ERS2
20081116 20090823 -5.2425e-05 4.3202e-10 ERS2
20081219 20090921 0.00013925 4.4655e-10 ALOS
20090105 20090708 -9.9545e-05 5.2928e-10 ALOS
20090510 20091101 0.00012224 5.2126e-10 ERS2
20090708 20091008 0.0003135 6.6669e-10 ALOS
20090823 20091101 -0.00013936 6.9929e-10 ERS2
20091222 20100624 0.00025191 5.3362e-10 ALOS
20100108 20100223 0.00040992 7.7901e-10 ALOS
20100223 20100526 0.00014842 6.6902e-10 ALOS
20100410 20100711 -1.3144e-05 6.6714e-10 ALOS
20100509 20100624 0.00059458 7.7506e-10 ALOS
20100526 20100711 0.00033292 7.7716e-10 ALOS
20100624 20101109 -0.00012049 5.8392e-10 ALOS
20100711 20101011 3.2819e-05 6.6705e-10 ALOS
20100809 20101109 -0.00011156 6.6382e-10 ALOS
20101011 20101126 0.00022572 7.7722e-10 ALOS
20110111 20110226 0.00063211 7.7715e-10 ALOS
20110924 20130715 9.0194e-06 3.2473e-10 TSX
20111005 20121229 3.1938e-05 3.6966e-10 TSX
20111121 20171221 -3.5927e-05 2.8138e-10 TSX
20111221 20130131 1.7587e-05 3.8579e-10 TSX
20111224 20121027 2.0321e-05 4.1939e-10 TSX
20120126 20140419 -1.6929e-05 2.9923e-10 TSX
20120203 20160320 -5.4086e-06 2.5577e-10 TSX
20120206 20171107 9.4768e-06 2.851e-10 TSX
20120617 20171129 2.234e-06 3.0115e-10 TSX
20120723 20160120 1.7222e-05 2.8765e-10 TSX
20121024 20130109 0.00010553 7.025e-10 TSX
20121027 20151226 -1.8574e-05 2.8788e-10 TSX
20121030 20130311 3.5302e-05 5.8463e-10 TSX
20121107 20171118 -2.6455e-06 3.1734e-10 TSX
20121221 20160208 3.6979e-05 2.9567e-10 TSX
20121224 20130516 -1.5812e-05 5.6847e-10 TSX
20121229 20130407 -2.2213e-05 6.5627e-10 TSX
20130104 20130217 2.3126e-05 7.7486e-10 TSX
20130109 20130715 -6.7868e-05 5.3555e-10 TSX
20130112 20140511 -1.7504e-06 3.5644e-10 TSX
20130115 20130721 -5.292e-05 5.1416e-10 TSX
20130126 20130823 0.0001598 5.4266e-10 TSX
20130131 20130429 -2.9553e-05 6.7839e-10 TSX
20130203 20130729 -5.5415e-05 5.2308e-10 TSX
20130211 20130919 -3.6462e-05 4.9598e-10 TSX
20130228 20141209 -4.3076e-06 3.1389e-10 TSX
20130311 20130801 -4.2709e-05 5.6844e-10 TSX
20130316 20130623 1.151e-05 6.5627e-10 TSX
20130402 20150122 5.2087e-05 4.3887e-10 TSX
20130407 20140530 -3.1731e-05 3.8104e-10 TSX
20130421 20171016 -2.7669e-06 3.2916e-10 TSX
20130424 20130721 -0.00010973 6.6432e-10 TSX
20130429 20130623 -4.5789e-05 7.558e-10 TSX
20130505 20131028 0.00030122 5.5431e-10 TSX
20130513 20151112 -6.4518e-06 2.954e-10 TSX
20130516 20131017 0.00036975 5.8137e-10 TSX
20130521 20130715 3.6677e-05 7.5582e-10 TSX
20130524 20171129 1.6903e-05 3.2824e-10 TSX
20130527 20140627 3.1943e-05 3.8398e-10 TSX
20130601 20130930 -1.5507e-05 6.1692e-10 TSX
20130604 20141217 -4.2255e-06 3.3877e-10 TSX
20130607 20140719 -9.2204e-06 3.8054e-10 TSX
20130612 20150105 -8.0023e-06 3.3744e-10 TSX
20130615 20160106 -1.0774e-05 3.0302e-10 TSX
20130618 20140708 -2.1213e-05 3.8809e-10 TSX
20130623 20130715 0.00059739 8.6456e-10 TSX
20130629 20130914 0.00019242 7.0277e-10 TSX
20130707 20150130 -2.2032e-06 3.4251e-10 TSX
20130710 20140901 1.6959e-06 3.7737e-10 TSX
20130715 20130726 -0.0023769 1.0137e-09 TSX
20130721 20131108 7.3667e-06 6.4008e-10 TSX
20130726 20150517 3.4245e-05 3.2297e-10 TSX
20130729 20160904 -1.9261e-05 2.853e-10 TSX
20130801 20151115 5.9573e-06 3.0223e-10 TSX
20130817 20140209 -3.456e-06 5.4089e-10 TSX
20130828 20150312 -2.3153e-07 3.4058e-10 TSX
20130903 20150329 0.00012489 3.4415e-10 TSX
20130919 20160309 1.2347e-05 2.9222e-10 TSX
20130925 20140708 -2.8468e-05 4.5236e-10 TSX
20130930 20160411 1.976e-05 2.9749e-10 TSX
20131011 20150802 -8.8999e-06 3.2136e-10 TSX
20131017 20140719 3.917e-05 4.8422e-10 TSX
20131028 20160304 5.4554e-06 4.4818e-10 TSX
20131102 20140519 5.3826e-05 5.1706e-10 TSX
20131108 20140708 -7.6488e-05 5.6641e-10 TSX
20140209 20160309 4.5739e-06 3.1172e-10 TSX
20140223 20140829 -2.2904e-06 5.1105e-10 TSX
20140408 20140705 -1.3067e-05 6.6164e-10 TSX
20140419 20170913 2.3714e-05 3.6282e-10 TSX
20140511 20141228 5.641e-06 4.7006e-10 TSX
20140519 20150824 -1.9688e-05 3.6693e-10 TSX
20140624 20171005 -1.1552e-05 2.8309e-10 TSX
20140627 20151115 -1.149e-05 3.4089e-10 TSX
20140705 20180911 -5.5067e-06 2.9024e-10 TSX
20140708 20160406 2.2193e-05 3.1518e-10 TSX
20140716 20171005 -4.1442e-06 2.7966e-10 TSX
20140719 20151207 -6.2355e-06 3.4206e-10 TSX
20140727 20150326 -3.2044e-05 4.6161e-10 TSX
20140810 20150122 7.8195e-05 5.4798e-10 TSX
20140818 20160301 2.6574e-05 3.2755e-10 TSX
20140829 20160208 3.1749e-05 3.3926e-10 TSX
20140901 20140912 -0.0002785 9.701e-10 TSX
20140912 20141209 -5.852e-06 6.6432e-10 TSX
20140920 20170902 1.9007e-06 2.7732e-10 TSX
20141209 20160211 -2.2773e-05 3.678e-10 TSX
20141217 20160722 1.4933e-05 3.345e-10 TSX
20141228 20160106 1.3453e-06 3.8379e-10 TSX
20141231 20151024 -2.9594e-05 4.2521e-10 TSX
20150105 20150824 -1.5573e-05 4.8624e-10 TSX
20150108 20170811 -2.767e-06 2.9094e-10 TSX
20150119 20160117 2.1189e-05 3.8787e-10 TSX
20150127 20160411 -7.3062e-06 3.7332e-10 TSX
20150130 20151112 -1.4927e-05 4.2996e-10 TSX
20150210 20170114 1.1673e-05 3.0778e-10 TSX
20150213 20160326 -5.7485e-05 5.0986e-10 TSX
20150218 20160216 5.9936e-07 4.032e-10 TSX
20150221 20180112 4.5423e-05 3.2446e-10 TSX
20150304 20180911 8.6317e-06 3.0305e-10 TSX
20150307 20160211 -1.0975e-05 4.0157e-10 TSX
20150312 20160320 -2.5054e-05 3.9823e-10 TSX
20150326 20150827 8.092e-05 5.5056e-10 TSX
20150329 20151207 -2.3977e-05 4.5478e-10 TSX
20150428 20160425 5.3094e-05 3.9076e-10 TSX
20150509 20150827 7.205e-05 6.2084e-10 TSX
20150517 20150824 -0.00016017 6.5644e-10 TSX
20150520 20180911 -2.5982e-06 3.0963e-10 TSX
20150714 20170822 6.483e-06 3.5013e-10 TSX
20150725 20170924 -6.2043e-06 3.0478e-10 TSX
20150802 20160309 -1.9384e-05 4.9609e-10 TSX
20150805 20160403 5.3609e-06 4.6624e-10 TSX
20150816 20171107 3.2273e-06 3.0558e-10 TSX
20150824 20150915 0.0005714 8.6447e-10 TSX
20150827 20170902 2.2121e-05 3.1029e-10 TSX
20150915 20160216 3.2542e-05 5.6829e-10 TSX
20151021 20160904 -5.9356e-05 4.2331e-10 TSX
20151101 20171016 1.5585e-05 3.0823e-10 TSX
20151112 20160425 3.7774e-05 5.3732e-10 TSX
20151115 20151229 0.00014682 7.7486e-10 TSX
20151123 20171221 -7.5157e-07 3.0791e-10 TSX
20151204 20151215 0.0001621 9.8032e-10 TSX
20151207 20160406 -3.2796e-05 6.0216e-10 TSX
20151215 20170822 2.2735e-05 3.2453e-10 TSX
20151226 20161223 1.7913e-05 3.9416e-10 TSX
20151229 20160211 2.0107e-05 7.7486e-10 TSX
20160106 20161223 2.7009e-05 3.9851e-10 TSX
20160117 20160926 2.7491e-05 4.5703e-10 TSX
20160128 20160301 -0.00014487 8.0872e-10 TSX
20160208 20160312 -9.0505e-05 8.0872e-10 TSX
20160216 20160309 -0.0003397 8.6447e-10 TSX
20160219 20180319 -4.1596e-07 3.0071e-10 TSX
20160301 20161201 5.9056e-05 4.3846e-10 TSX
20160304 20160326 3.6519e-05 8.5089e-10 TSX
20160312 20180319 -1.2216e-07 3.1011e-10 TSX
20160320 20160411 0.00036111 8.6448e-10 TSX
20160323 20171118 1.0058e-05 3.1968e-10 TSX
20160326 20160406 -0.00049766 9.7003e-10 TSX
20160403 20171027 2.8513e-05 3.3276e-10 TSX
20160425 20170811 3.3697e-05 3.5159e-10 TSX
20160528 20160630 -7.2964e-05 8.0872e-10 TSX
20160630 20171118 4.8241e-05 3.4184e-10 TSX
20160722 20161201 0.00013548 5.8126e-10 TSX
20160904 20180707 4.1483e-05 3.2576e-10 TSX
20160915 20180911 -8.7401e-07 3.0191e-10 TSX
20160926 20170114 4.9546e-05 6.1803e-10 TSX
20161201 20171027 -1.8414e-06 4.0731e-10 TSX
20161223 20171107 -1.2167e-05 4.1034e-10 TSX
20170114 20170902 1.5374e-07 4.7144e-10 TSX
20170811 20171005 -6.522e-05 7.427e-10 TSX
20170822 20180707 -3.1905e-05 4.1395e-10 TSX
20170913 20180707 -6.6614e-05 4.2591e-10 TSX
20170924 20180319 -4.8887e-05 5.2318e-10 TSX
20171005 20171107 4.945e-05 8.0872e-10 TSX
20171016 20180319 -3.0941e-05 5.5002e-10 TSX
20171027 20180911 -8.4248e-06 4.1409e-10 TSX
20171107 20171118 8.4314e-05 9.8032e-10 TSX
20171118 20171129 5.4044e-05 9.8032e-10 TSX
20171129 20171221 -3.6154e-05 8.5307e-10 TSX
20171210 20180820 -2.8046e-05 4.5352e-10 TSX
20171221 20180911 -7.1773e-06 4.4575e-10 TSX
20180112 20181003 -1.9232e-05 4.4579e-10 TSX
20180319 20180707 -4.3043e-05 6.1802e-10 TSX
20180707 20180911 0.00017904 7.1346e-10 TSX
20180729 20181003 -1.8785e-06 7.1346e-10 TSX
20180820 20181003 0.00011281 7.7419e-10 TSX
20180911 20181003 -0.00015397 8.5307e-10 TSX
