20030427 20030914 0.00061843 6.6319e-10 ERS2
20030914 20080629 -0.00020619 3.9898e-10 ERS2
20050918 20090510 4.7437e-05 4.4131e-10 ERS2
20051127 20081116 0.00035252 4.6447e-10 ERS2
20060903 20090510 -0.00019124 4.9614e-10 ERS2
20061231 20090105 -1.9067e-05 3.4647e-10 ALOS
20070402 20070703 -4.5008e-05 7.2249e-10 ALOS
20070518 20091008 -7.7961e-05 3.2928e-10 ALOS
20070818 20071003 -0.00046628 8.0964e-10 ALOS
20071217 20100509 -4.1717e-05 3.3386e-10 ALOS
20080103 20100526 -7.1219e-05 3.2826e-10 ALOS
20080404 20080520 4.2784e-05 8.0965e-10 ALOS
20080618 20090921 -0.00013186 4.1845e-10 ALOS
20080629 20090510 -0.00017561 5.3158e-10 ERS2
20080705 20091008 -0.00019729 4.0619e-10 ALOS
20080803 20090823 -4.9935e-05 5.1038e-10 ERS2
20081116 20090823 -1.633e-05 5.4988e-10 ERS2
20081219 20090921 0.00019562 4.9828e-10 ALOS
20090105 20090708 7.6146e-05 5.8834e-10 ALOS
20090510 20091101 2.7065e-05 6.3388e-10 ERS2
20090708 20091008 0.00025046 7.2249e-10 ALOS
20090823 20091101 0.0002857 7.6539e-10 ERS2
20091222 20100624 0.00011441 5.8529e-10 ALOS
20100108 20100223 -1.0399e-05 8.0975e-10 ALOS
20100223 20100526 -2.7369e-05 7.2244e-10 ALOS
20100410 20100711 -0.00024979 7.2249e-10 ALOS
20100509 20100624 0.00079983 8.0772e-10 ALOS
20100526 20100711 0.00038812 8.0966e-10 ALOS
20100624 20101109 -0.00014687 6.4578e-10 ALOS
20100711 20101011 -0.00018409 7.2254e-10 ALOS
20100809 20101109 -0.00010595 7.1974e-10 ALOS
20101011 20101126 0.00025726 8.0965e-10 ALOS
20110111 20110226 0.00063277 8.0964e-10 ALOS
20110924 20130715 0.00010208 3.5611e-10 TSX
20111005 20121229 5.9923e-05 4.0895e-10 TSX
20111121 20171221 -1.4372e-05 4.5764e-10 TSX
20111221 20130131 5.3396e-05 4.2917e-10 TSX
20111224 20121027 -1.4304e-05 5.545e-10 TSX
20120126 20140419 2.3451e-05 4.3946e-10 TSX
20120203 20160320 -3.4897e-05 2.7245e-10 TSX
20120206 20171107 -1.0904e-06 4.6154e-10 TSX
20120617 20171129 -1.4528e-05 4.3479e-10 TSX
20120723 20160120 7.8403e-05 2.9716e-10 TSX
20121024 20130109 0.00014343 7.5317e-10 TSX
20121027 20151226 7.4529e-06 4.171e-10 TSX
20121030 20130311 5.037e-06 6.4666e-10 TSX
20121107 20171118 -1.5621e-05 4.4211e-10 TSX
20121221 20160208 -6.052e-06 4.2374e-10 TSX
20121224 20130516 -9.8073e-05 6.3075e-10 TSX
20121229 20130407 -2.6851e-05 7.1444e-10 TSX
20130104 20130217 -2.7825e-05 8.0697e-10 TSX
20130109 20130715 6.241e-05 5.8959e-10 TSX
20130112 20140511 7.4484e-06 4.9951e-10 TSX
20130115 20130721 -0.00017139 5.7383e-10 TSX
20130126 20130823 -0.0003093 5.5326e-10 TSX
20130131 20130429 -8.0656e-05 7.3345e-10 TSX
20130203 20130729 -2.6334e-05 6.4136e-10 TSX
20130211 20130919 -2.4721e-05 5.5436e-10 TSX
20130228 20141209 4.3269e-05 3.5348e-10 TSX
20130311 20130801 -7.2708e-05 6.3059e-10 TSX
20130316 20130623 5.5855e-05 7.1445e-10 TSX
20130402 20150122 6.8161e-05 3.3494e-10 TSX
20130407 20140530 3.25e-05 4.2324e-10 TSX
20130421 20171016 -6.0645e-06 4.5478e-10 TSX
20130424 20130721 -0.00025669 7.1986e-10 TSX
20130429 20130623 -0.00010769 7.9453e-10 TSX
20130505 20131028 -0.00079531 5.9079e-10 TSX
20130513 20151112 -1.6747e-05 4.2669e-10 TSX
20130516 20131017 -0.000327 6.1589e-10 TSX
20130521 20130715 0.00019517 7.9457e-10 TSX
20130524 20171129 -6.2915e-06 4.1584e-10 TSX
20130527 20140627 -1.2387e-05 4.3565e-10 TSX
20130601 20130930 9.3736e-05 6.7873e-10 TSX
20130604 20141217 -2.9708e-06 4.8694e-10 TSX
20130607 20140719 1.4238e-05 4.3146e-10 TSX
20130612 20150105 2.0263e-05 3.7342e-10 TSX
20130615 20160106 6.4359e-06 4.2537e-10 TSX
20130618 20140708 -1.7022e-05 4.4047e-10 TSX
20130623 20130715 0.00063338 8.7952e-10 TSX
20130629 20130914 0.0003614 7.4061e-10 TSX
20130707 20150130 -9.6078e-07 4.8765e-10 TSX
20130710 20140901 2.2725e-06 4.2816e-10 TSX
20130715 20130726 -0.0025018 1.023e-09 TSX
20130721 20131108 0.00092853 6.8143e-10 TSX
20130726 20150517 0.0003279 3.5411e-10 TSX
20130729 20160904 -2.2887e-06 4.1979e-10 TSX
20130801 20151115 3.3273e-05 3.2519e-10 TSX
20130817 20140209 -7.0845e-05 6.029e-10 TSX
20130828 20150312 3.2458e-05 3.7563e-10 TSX
20130903 20150329 -0.0003243 3.6657e-10 TSX
20130919 20160309 2.3746e-05 2.9572e-10 TSX
20130925 20140708 2.945e-05 4.8231e-10 TSX
20130930 20160411 2.2452e-05 2.9265e-10 TSX
20131011 20150802 -1.8933e-05 3.519e-10 TSX
20131017 20140719 -5.9727e-05 4.9086e-10 TSX
20131028 20160304 5.9924e-06 3.7366e-10 TSX
20131102 20140519 -0.00018738 5.7754e-10 TSX
20131108 20140708 1.7775e-05 5.1736e-10 TSX
20140209 20160309 1.0799e-05 3.3435e-10 TSX
20140223 20140829 5.202e-06 6.3105e-10 TSX
20140408 20140705 4.1687e-06 7.4366e-10 TSX
20140419 20170913 -1.1267e-05 4.5534e-10 TSX
20140511 20141228 1.686e-05 5.9586e-10 TSX
20140519 20150824 0.00011593 4.0397e-10 TSX
20140624 20171005 -1.6947e-05 4.4495e-10 TSX
20140627 20151115 -1.2976e-05 3.8266e-10 TSX
20140705 20180911 -1.8816e-05 4.1973e-10 TSX
20140708 20160406 4.4346e-05 3.5155e-10 TSX
20140716 20171005 -8.4315e-06 4.4453e-10 TSX
20140719 20151207 -2.9089e-06 3.8268e-10 TSX
20140727 20150326 1.3126e-05 5.8903e-10 TSX
20140810 20150122 -4.9061e-05 6.004e-10 TSX
20140818 20160301 -1.5065e-05 4.6491e-10 TSX
20140829 20160208 1.211e-05 4.7442e-10 TSX
20140901 20140912 -0.0003107 9.786e-10 TSX
20140912 20141209 0.00014403 7.1986e-10 TSX
20140920 20170902 -6.5349e-06 4.3301e-10 TSX
20141209 20160211 -4.5938e-05 4.0877e-10 TSX
20141217 20160722 -6.6827e-06 4.5806e-10 TSX
20141228 20160106 1.0173e-05 5.1344e-10 TSX
20141231 20151024 2.9267e-05 4.7623e-10 TSX
20150105 20150824 -6.0638e-05 5.4332e-10 TSX
20150108 20170811 -2.1745e-05 4.3362e-10 TSX
20150119 20160117 1.577e-05 5.1769e-10 TSX
20150127 20160411 0.00013248 4.1096e-10 TSX
20150130 20151112 -1.8187e-05 5.5546e-10 TSX
20150210 20170114 2.3795e-05 4.5873e-10 TSX
20150213 20160326 -0.00010151 4.8962e-10 TSX
20150218 20160216 7.7324e-05 4.4893e-10 TSX
20150221 20180112 -1.3973e-05 4.2178e-10 TSX
20150304 20180911 4.4408e-06 4.6314e-10 TSX
20150307 20160211 3.09e-05 4.4963e-10 TSX
20150312 20160320 6.1825e-05 4.4256e-10 TSX
20150326 20150827 -1.1872e-05 6.5424e-10 TSX
20150329 20151207 -1.8037e-05 5.0936e-10 TSX
20150428 20160425 2.536e-05 5.1757e-10 TSX
20150509 20150827 -3.9973e-05 7.1035e-10 TSX
20150517 20150824 -0.00024666 7.1446e-10 TSX
20150520 20180911 -3.6725e-06 4.6359e-10 TSX
20150714 20170822 -1.3819e-05 4.3378e-10 TSX
20150725 20170924 -7.3495e-06 4.3489e-10 TSX
20150802 20160309 2.1395e-05 5.5437e-10 TSX
20150805 20160403 2.3553e-05 5.8792e-10 TSX
20150816 20171107 -1.4582e-05 4.3503e-10 TSX
20150824 20150915 0.0006936 8.794e-10 TSX
20150827 20170902 -1.4881e-06 4.4105e-10 TSX
20150915 20160216 -6.9295e-05 6.3097e-10 TSX
20151021 20160904 2.0643e-06 5.4631e-10 TSX
20151101 20171016 -5.462e-06 4.4503e-10 TSX
20151112 20160425 2.9604e-05 6.5242e-10 TSX
20151115 20151229 0.00018411 8.0697e-10 TSX
20151123 20171221 7.1323e-06 4.5134e-10 TSX
20151204 20151215 0.00013202 9.919e-10 TSX
20151207 20160406 -3.7527e-05 6.6352e-10 TSX
20151215 20170822 1.771e-05 4.5635e-10 TSX
20151226 20161223 -3.0595e-05 5.3257e-10 TSX
20151229 20160211 6.3059e-06 8.0697e-10 TSX
20160106 20161223 -2.1073e-05 5.3653e-10 TSX
20160117 20160926 -1.0733e-06 5.8087e-10 TSX
20160128 20160301 -0.00016603 8.4038e-10 TSX
20160208 20160312 -9.4451e-05 8.4038e-10 TSX
20160216 20160309 -0.00044395 8.794e-10 TSX
20160219 20180319 1.2538e-05 4.4225e-10 TSX
20160301 20161201 4.1296e-05 5.6995e-10 TSX
20160304 20160326 4.7828e-05 8.6578e-10 TSX
20160312 20180319 -3.268e-06 4.4331e-10 TSX
20160320 20160411 0.00040141 8.7941e-10 TSX
20160323 20171118 -1.5127e-05 4.5861e-10 TSX
20160326 20160406 -0.00054418 9.7852e-10 TSX
20160403 20171027 -3.0468e-05 4.6175e-10 TSX
20160425 20170811 -1.6347e-05 4.8263e-10 TSX
20160528 20160630 -1.7199e-05 8.4038e-10 TSX
20160630 20171118 3.3011e-06 4.7766e-10 TSX
20160722 20161201 7.6586e-05 6.8498e-10 TSX
20160904 20180707 4.7483e-06 4.7569e-10 TSX
20160915 20180911 1.1964e-05 4.4829e-10 TSX
20160926 20170114 7.8862e-05 7.1122e-10 TSX
20161201 20171027 -2.5258e-05 5.4163e-10 TSX
20161223 20171107 1.5594e-05 5.3741e-10 TSX
20170114 20170902 -3.8014e-05 5.8991e-10 TSX
20170811 20171005 -3.9621e-05 7.9836e-10 TSX
20170822 20180707 1.8375e-05 5.4963e-10 TSX
20170913 20180707 -2.9933e-06 5.5814e-10 TSX
20170924 20180319 2.4405e-05 6.4151e-10 TSX
20171005 20171107 3.7431e-05 8.4038e-10 TSX
20171016 20180319 2.6848e-05 6.6417e-10 TSX
20171027 20180911 1.3076e-05 5.4965e-10 TSX
20171107 20171118 7.2164e-05 9.919e-10 TSX
20171118 20171129 5.4344e-05 9.919e-10 TSX
20171129 20171221 -2.3635e-05 8.7317e-10 TSX
20171210 20180820 2.5628e-05 5.8235e-10 TSX
20171221 20180911 4.937e-06 5.7546e-10 TSX
20180112 20181003 6.6059e-05 5.753e-10 TSX
20180319 20180707 -1.9498e-05 7.1143e-10 TSX
20180707 20180911 0.00015879 7.7945e-10 TSX
20180729 20181003 -1.6101e-05 7.7945e-10 TSX
20180820 20181003 0.00013349 8.182e-10 TSX
20180911 20181003 -0.00016877 8.7317e-10 TSX
