20030427 20030914 9.1778e-05 5.6641e-10 ERS2
20030914 20080629 -0.00014763 2.9511e-10 ERS2
20050918 20090510 -5.933e-05 3.0202e-10 ERS2
20051127 20081116 0.00013513 3.2973e-10 ERS2
20060903 20090510 -0.00015514 3.065e-10 ERS2
20061231 20090105 0.00050498 3.1471e-10 ALOS
20070402 20070703 0.00013319 6.6667e-10 ALOS
20070518 20091008 0.0004361 3.0114e-10 ALOS
20070818 20071003 -0.00010533 7.7501e-10 ALOS
20071217 20100509 0.00028502 3.051e-10 ALOS
20080103 20100526 0.00036592 3.0131e-10 ALOS
20080404 20080520 4.8577e-05 7.751e-10 ALOS
20080618 20090921 0.00035313 3.726e-10 ALOS
20080629 20090510 -0.00032056 4.1396e-10 ERS2
20080705 20091008 0.00049917 3.6595e-10 ALOS
20080803 20090823 -5.1941e-06 3.8323e-10 ERS2
20081116 20090823 0.00011023 4.319e-10 ERS2
20081219 20090921 0.00070335 4.5343e-10 ALOS
20090105 20090708 0.00025185 5.2863e-10 ALOS
20090510 20091101 0.0005904 5.213e-10 ERS2
20090708 20091008 0.0010787 6.6621e-10 ALOS
20090823 20091101 -0.00020234 6.9851e-10 ERS2
20091222 20100624 0.00066068 5.2653e-10 ALOS
20100108 20100223 0.0003167 7.7538e-10 ALOS
20100223 20100526 -2.0566e-05 6.6712e-10 ALOS
20100410 20100711 8.177e-05 6.6723e-10 ALOS
20100509 20100624 0.00063737 7.7302e-10 ALOS
20100526 20100711 0.00054386 7.7499e-10 ALOS
20100624 20101109 0.00024744 5.8397e-10 ALOS
20100711 20101011 0.00037048 6.6659e-10 ALOS
20100809 20101109 2.9993e-05 6.6352e-10 ALOS
20101011 20101126 0.00016359 7.7498e-10 ALOS
20110111 20110226 0.00074903 7.7498e-10 ALOS
20110924 20130715 0.00024224 3.4061e-10 TSX
20111005 20121229 0.00014511 3.799e-10 TSX
20111121 20171221 6.965e-05 4.175e-10 TSX
20111221 20130131 0.00016399 3.8722e-10 TSX
20111224 20121027 7.7661e-05 4.1949e-10 TSX
20120126 20140419 -7.8325e-05 3.6738e-10 TSX
20120203 20160320 6.6697e-05 2.8947e-10 TSX
20120206 20171107 2.1684e-05 4.0244e-10 TSX
20120617 20171129 -1.6973e-05 3.39e-10 TSX
20120723 20160120 7.8251e-05 3.0888e-10 TSX
20121024 20130109 5.4897e-06 7.0217e-10 TSX
20121027 20151226 5.4049e-05 3.6407e-10 TSX
20121030 20130311 -7.8231e-06 5.8469e-10 TSX
20121107 20171118 9.8842e-06 3.498e-10 TSX
20121221 20160208 2.9221e-05 4.1954e-10 TSX
20121224 20130516 3.7228e-06 5.6848e-10 TSX
20121229 20130407 0.0001329 6.563e-10 TSX
20130104 20130217 0.00010468 7.7306e-10 TSX
20130109 20130715 0.00024849 5.32e-10 TSX
20130112 20140511 -2.1945e-05 3.6152e-10 TSX
20130115 20130721 -3.879e-05 5.1945e-10 TSX
20130126 20130823 0.00014969 5.4069e-10 TSX
20130131 20130429 -0.00014113 6.7803e-10 TSX
20130203 20130729 0.00022495 5.2298e-10 TSX
20130211 20130919 0.00022962 4.9664e-10 TSX
20130228 20141209 0.00022886 3.3457e-10 TSX
20130311 20130801 0.000235 5.71e-10 TSX
20130316 20130623 0.00011617 6.5617e-10 TSX
20130402 20150122 0.00021628 3.4679e-10 TSX
20130407 20140530 5.1438e-05 3.834e-10 TSX
20130421 20171016 3.4657e-05 4.48e-10 TSX
20130424 20130721 -0.00011884 6.6424e-10 TSX
20130429 20130623 9.6654e-05 7.5397e-10 TSX
20130505 20131028 -0.00014628 5.5775e-10 TSX
20130513 20151112 8.0354e-05 3.8279e-10 TSX
20130516 20131017 -3.6405e-05 5.6838e-10 TSX
20130521 20130715 0.00033034 7.5401e-10 TSX
20130524 20171129 7.7282e-05 3.7084e-10 TSX
20130527 20140627 8.4248e-05 3.9093e-10 TSX
20130601 20130930 0.00035145 6.1686e-10 TSX
20130604 20141217 4.3199e-05 3.5772e-10 TSX
20130607 20140719 0.00018361 3.8122e-10 TSX
20130612 20150105 0.00018003 3.4466e-10 TSX
20130615 20160106 5.168e-05 3.6408e-10 TSX
20130618 20140708 0.0001283 3.939e-10 TSX
20130623 20130715 0.00066702 8.6105e-10 TSX
20130629 20130914 0.0003724 6.9144e-10 TSX
20130707 20150130 -5.1652e-06 3.4469e-10 TSX
20130710 20140901 0.00016531 3.8155e-10 TSX
20130715 20130726 -0.0024523 1.0099e-09 TSX
20130721 20131108 0.00087645 6.3819e-10 TSX
20130726 20150517 0.00023145 3.2513e-10 TSX
20130729 20160904 -6.1395e-05 3.6501e-10 TSX
20130801 20151115 0.00020445 3.1654e-10 TSX
20130817 20140209 4.8182e-05 5.4114e-10 TSX
20130828 20150312 9.3042e-05 3.4982e-10 TSX
20130903 20150329 0.00011536 3.589e-10 TSX
20130919 20160309 0.00019829 3.0915e-10 TSX
20130925 20140708 8.1206e-05 4.3519e-10 TSX
20130930 20160411 0.00018204 2.9668e-10 TSX
20131011 20150802 0.00013583 3.4099e-10 TSX
20131017 20140719 -3.6831e-06 4.4073e-10 TSX
20131028 20160304 2.6788e-05 3.2462e-10 TSX
20131102 20140519 -0.00029304 5.1766e-10 TSX
20131108 20140708 9.195e-05 4.6691e-10 TSX
20140209 20160309 0.00012669 3.3596e-10 TSX
20140223 20140829 0.00011105 5.1107e-10 TSX
20140408 20140705 0.00010942 6.6125e-10 TSX
20140419 20170913 0.00011962 4.1109e-10 TSX
20140511 20141228 0.00015996 4.7003e-10 TSX
20140519 20150824 0.00030054 3.7923e-10 TSX
20140624 20171005 -4.459e-05 3.8191e-10 TSX
20140627 20151115 0.00032214 3.5509e-10 TSX
20140705 20180911 1.6068e-06 4.0804e-10 TSX
20140708 20160406 0.00021936 3.4528e-10 TSX
20140716 20171005 3.5507e-05 4.0395e-10 TSX
20140719 20151207 0.00025989 3.6612e-10 TSX
20140727 20150326 -4.743e-05 4.6184e-10 TSX
20140810 20150122 0.00012619 5.4014e-10 TSX
20140818 20160301 6.2917e-05 4.0357e-10 TSX
20140829 20160208 8.1403e-05 4.2096e-10 TSX
20140901 20140912 -0.00032338 9.6693e-10 TSX
20140912 20141209 0.0001448 6.6403e-10 TSX
20140920 20170902 -1.8597e-05 3.7502e-10 TSX
20141209 20160211 0.00024451 3.9146e-10 TSX
20141217 20160722 0.00011946 3.9908e-10 TSX
20141228 20160106 7.6448e-05 4.4105e-10 TSX
20141231 20151024 0.00029473 4.3645e-10 TSX
20150105 20150824 0.00018624 4.9038e-10 TSX
20150108 20170811 0.00014749 3.4003e-10 TSX
20150119 20160117 0.00010161 4.1874e-10 TSX
20150127 20160411 0.000238 3.8368e-10 TSX
20150130 20151112 0.00013086 4.6013e-10 TSX
20150210 20170114 0.000151 3.7644e-10 TSX
20150213 20160326 0.00019788 4.5631e-10 TSX
20150218 20160216 0.00028967 4.1088e-10 TSX
20150221 20180112 8.38e-05 4.0032e-10 TSX
20150304 20180911 -3.9181e-05 4.5063e-10 TSX
20150307 20160211 0.00032881 4.1873e-10 TSX
20150312 20160320 0.00020706 4.09e-10 TSX
20150326 20150827 0.00026258 5.6893e-10 TSX
20150329 20151207 0.00036086 4.6548e-10 TSX
20150428 20160425 0.00014847 4.5584e-10 TSX
20150509 20150827 0.00029309 6.3347e-10 TSX
20150517 20150824 0.00024304 6.576e-10 TSX
20150520 20180911 5.3992e-05 3.7172e-10 TSX
20150714 20170822 -2.6878e-05 3.3773e-10 TSX
20150725 20170924 9.6818e-05 3.7891e-10 TSX
20150802 20160309 0.00020008 4.9624e-10 TSX
20150805 20160403 -1.8551e-05 4.7236e-10 TSX
20150816 20171107 4.8822e-05 3.776e-10 TSX
20150824 20150915 0.0007621 8.6094e-10 TSX
20150827 20170902 4.5006e-05 3.8046e-10 TSX
20150915 20160216 -2.7052e-05 5.6899e-10 TSX
20151021 20160904 3.6748e-05 4.2329e-10 TSX
20151101 20171016 4.7688e-05 3.4782e-10 TSX
20151112 20160425 -1.4222e-05 5.3928e-10 TSX
20151115 20151229 0.00019401 7.7306e-10 TSX
20151123 20171221 3.895e-05 3.6129e-10 TSX
20151204 20151215 0.00018673 9.7696e-10 TSX
20151207 20160406 -0.00010792 6.0238e-10 TSX
20151215 20170822 5.0035e-05 3.9371e-10 TSX
20151226 20161223 8.1231e-05 3.9776e-10 TSX
20151229 20160211 3.451e-05 7.7301e-10 TSX
20160106 20161223 9.8258e-05 4.0542e-10 TSX
20160117 20160926 0.0001781 4.5785e-10 TSX
20160128 20160301 -0.00025315 8.06e-10 TSX
20160208 20160312 -4.9474e-05 8.06e-10 TSX
20160216 20160309 -0.00041792 8.6094e-10 TSX
20160219 20180319 -9.3293e-05 3.4355e-10 TSX
20160301 20161201 0.00016927 4.4215e-10 TSX
20160304 20160326 2.2412e-05 8.4803e-10 TSX
20160312 20180319 -4.545e-05 3.3569e-10 TSX
20160320 20160411 0.00046504 8.6094e-10 TSX
20160323 20171118 6.9396e-05 3.5172e-10 TSX
20160326 20160406 -0.00049805 9.6686e-10 TSX
20160403 20171027 9.0131e-05 3.7216e-10 TSX
20160425 20170811 7.8305e-05 3.9686e-10 TSX
20160528 20160630 9.2147e-05 8.06e-10 TSX
20160630 20171118 2.9682e-05 3.7475e-10 TSX
20160722 20161201 0.0002064 5.8131e-10 TSX
20160904 20180707 -2.6034e-05 3.4359e-10 TSX
20160915 20180911 4.116e-05 3.2274e-10 TSX
20160926 20170114 -1.9097e-05 6.1797e-10 TSX
20161201 20171027 1.372e-05 4.1313e-10 TSX
20161223 20171107 1.1149e-06 4.1289e-10 TSX
20170114 20170902 5.3289e-05 4.7285e-10 TSX
20170811 20171005 -4.2899e-05 7.4112e-10 TSX
20170822 20180707 -0.00018715 4.1357e-10 TSX
20170913 20180707 -0.00027226 4.3545e-10 TSX
20170924 20180319 -0.00034781 5.2331e-10 TSX
20171005 20171107 5.3194e-05 8.06e-10 TSX
20171016 20180319 -0.00034436 5.5027e-10 TSX
20171027 20180911 -9.4313e-05 4.1369e-10 TSX
20171107 20171118 6.8646e-05 9.7696e-10 TSX
20171118 20171129 4.018e-05 9.7696e-10 TSX
20171129 20171221 1.2413e-05 8.4994e-10 TSX
20171210 20180820 -9.0278e-05 4.5332e-10 TSX
20171221 20180911 -7.6055e-05 4.4576e-10 TSX
20180112 20181003 -3.0454e-05 4.4574e-10 TSX
20180319 20180707 5.8004e-05 6.18e-10 TSX
20180707 20180911 0.00048443 7.1237e-10 TSX
20180729 20181003 0.00021526 7.1237e-10 TSX
20180820 20181003 0.00024731 7.7202e-10 TSX
20180911 20181003 -0.00016697 8.4994e-10 TSX
