20030427 20030914 0.00071572 5.6622e-10 ERS2
20030914 20080629 -3.4341e-05 2.6762e-10 ERS2
20050918 20090510 0.00010519 3.1187e-10 ERS2
20051127 20081116 -7.128e-06 3.1175e-10 ERS2
20060903 20090510 3.4318e-05 3.0849e-10 ERS2
20061231 20090105 -4.4696e-05 3.1349e-10 ALOS
20070402 20070703 4.2047e-05 6.6647e-10 ALOS
20070518 20091008 3.1088e-05 3.1495e-10 ALOS
20070818 20071003 -0.00023582 7.7571e-10 ALOS
20071217 20100509 9.9994e-05 3.0517e-10 ALOS
20080103 20100526 0.00017825 3.1621e-10 ALOS
20080404 20080520 9.7175e-05 7.7574e-10 ALOS
20080618 20090921 1.521e-05 3.7628e-10 ALOS
20080629 20090510 -0.00022232 4.18e-10 ERS2
20080705 20091008 -2.7574e-05 3.6527e-10 ALOS
20080803 20090823 -3.8988e-05 3.8336e-10 ERS2
20081116 20090823 5.2067e-05 4.3191e-10 ERS2
20081219 20090921 0.00052042 4.4977e-10 ALOS
20090105 20090708 0.0005161 5.315e-10 ALOS
20090510 20091101 -0.00022068 5.2109e-10 ERS2
20090708 20091008 0.000176 6.6649e-10 ALOS
20090823 20091101 -0.00010115 6.9851e-10 ERS2
20091222 20100624 0.00036158 5.2618e-10 ALOS
20100108 20100223 0.00051988 7.7575e-10 ALOS
20100223 20100526 -4.7397e-05 6.6635e-10 ALOS
20100410 20100711 -3.2737e-05 6.6646e-10 ALOS
20100509 20100624 0.00060027 7.7367e-10 ALOS
20100526 20100711 0.00031507 7.7574e-10 ALOS
20100624 20101109 0.00011756 5.8406e-10 ALOS
20100711 20101011 8.9867e-05 6.6645e-10 ALOS
20100809 20101109 -4.4744e-06 6.6371e-10 ALOS
20101011 20101126 0.00016586 7.7574e-10 ALOS
20110111 20110226 0.00046958 7.7573e-10 ALOS
20110924 20130715 -4.1027e-05 3.3439e-10 TSX
20111005 20121229 -0.00023905 3.7963e-10 TSX
20111121 20171221 1.545e-05 2.9285e-10 TSX
20111221 20130131 -3.3093e-05 3.9346e-10 TSX
20111224 20121027 9.6484e-05 4.1987e-10 TSX
20120126 20140419 3.4874e-06 3.1186e-10 TSX
20120203 20160320 4.9474e-05 2.9091e-10 TSX
20120206 20171107 -1.6794e-05 2.8851e-10 TSX
20120617 20171129 5.016e-05 2.9781e-10 TSX
20120723 20160120 -1.705e-06 3.155e-10 TSX
20121024 20130109 9.248e-05 7.0221e-10 TSX
20121027 20151226 -9.8897e-06 2.8773e-10 TSX
20121030 20130311 7.8395e-05 5.8525e-10 TSX
20121107 20171118 5.3242e-05 2.7405e-10 TSX
20121221 20160208 7.6263e-05 2.8483e-10 TSX
20121224 20130516 -0.00013988 5.6865e-10 TSX
20121229 20130407 -6.8338e-05 6.5643e-10 TSX
20130104 20130217 -4.9072e-06 7.7345e-10 TSX
20130109 20130715 7.8176e-05 5.3482e-10 TSX
20130112 20140511 1.1915e-05 3.6786e-10 TSX
20130115 20130721 -0.00020791 5.2579e-10 TSX
20130126 20130823 -0.00032215 5.0018e-10 TSX
20130131 20130429 -0.00016589 6.7821e-10 TSX
20130203 20130729 2.8587e-05 5.2461e-10 TSX
20130211 20130919 -5.0868e-05 5.0288e-10 TSX
20130228 20141209 -6.3153e-05 3.3986e-10 TSX
20130311 20130801 -4.8595e-05 5.7886e-10 TSX
20130316 20130623 -8.9908e-05 6.5959e-10 TSX
20130402 20150122 2.5939e-05 3.6802e-10 TSX
20130407 20140530 5.6297e-06 3.9726e-10 TSX
20130421 20171016 4.3986e-05 2.7499e-10 TSX
20130424 20130721 -0.00026684 6.6872e-10 TSX
20130429 20130623 -6.3354e-05 7.5678e-10 TSX
20130505 20131028 -0.00044386 5.4072e-10 TSX
20130513 20151112 4.3168e-05 3.0093e-10 TSX
20130516 20131017 -0.00025388 5.9293e-10 TSX
20130521 20130715 0.00020798 7.5541e-10 TSX
20130524 20171129 5.7803e-05 2.6925e-10 TSX
20130527 20140627 -5.0632e-05 4.2159e-10 TSX
20130601 20130930 0.00012162 6.2333e-10 TSX
20130604 20141217 2.0734e-05 3.4759e-10 TSX
20130607 20140719 -6.0334e-05 4.0747e-10 TSX
20130612 20150105 -1.4831e-05 3.5441e-10 TSX
20130615 20160106 2.4155e-05 3.0746e-10 TSX
20130618 20140708 -5.5868e-05 4.0425e-10 TSX
20130623 20130715 0.00070304 8.63e-10 TSX
20130629 20130914 0.00017047 6.9122e-10 TSX
20130707 20150130 -4.9546e-06 3.5133e-10 TSX
20130710 20140901 -2.5701e-05 3.9473e-10 TSX
20130715 20130726 -0.0025088 1.012e-09 TSX
20130721 20131108 0.00059301 6.2681e-10 TSX
20130726 20150517 7.0871e-05 3.3772e-10 TSX
20130729 20160904 4.6494e-05 2.9124e-10 TSX
20130801 20151115 -7.0187e-05 3.3607e-10 TSX
20130817 20140209 -0.00011209 5.4443e-10 TSX
20130828 20150312 3.4744e-05 3.6821e-10 TSX
20130903 20150329 -4.5022e-06 3.7556e-10 TSX
20130919 20160309 3.7169e-05 3.0485e-10 TSX
20130925 20140708 -8.0513e-05 4.4361e-10 TSX
20130930 20160411 -2.1021e-06 2.971e-10 TSX
20131011 20150802 1.3792e-05 3.5422e-10 TSX
20131017 20140719 -4.4456e-05 4.5904e-10 TSX
20131028 20160304 6.0561e-05 3.4112e-10 TSX
20131102 20140519 -0.0001722 5.2048e-10 TSX
20131108 20140708 -0.00010205 4.7303e-10 TSX
20140209 20160309 -1.2857e-06 3.2522e-10 TSX
20140223 20140829 2.0853e-05 5.1163e-10 TSX
20140408 20140705 -2.7672e-05 6.6132e-10 TSX
20140419 20170913 3.1147e-05 2.9308e-10 TSX
20140511 20141228 3.4851e-05 4.7212e-10 TSX
20140519 20150824 5.947e-05 3.7129e-10 TSX
20140624 20171005 0.00010444 3.0174e-10 TSX
20140627 20151115 1.2403e-05 3.5975e-10 TSX
20140705 20180911 8.949e-05 2.9764e-10 TSX
20140708 20160406 4.2308e-05 3.3659e-10 TSX
20140716 20171005 6.7406e-05 2.9985e-10 TSX
20140719 20151207 -3.0188e-06 3.6405e-10 TSX
20140727 20150326 4.3513e-06 4.6149e-10 TSX
20140810 20150122 -4.1056e-05 5.4048e-10 TSX
20140818 20160301 -8.8887e-06 3.3381e-10 TSX
20140829 20160208 7.6545e-05 3.3978e-10 TSX
20140901 20140912 -0.0003027 9.6834e-10 TSX
20140912 20141209 5.0446e-05 6.642e-10 TSX
20140920 20170902 -2.9898e-06 2.8775e-10 TSX
20141209 20160211 -1.2359e-05 3.7804e-10 TSX
20141217 20160722 4.7575e-05 3.3053e-10 TSX
20141228 20160106 7.3039e-05 3.8998e-10 TSX
20141231 20151024 1.2912e-05 4.2764e-10 TSX
20150105 20150824 -2.6032e-05 4.9166e-10 TSX
20150108 20170811 6.3032e-05 2.9551e-10 TSX
20150119 20160117 0.00012738 3.9231e-10 TSX
20150127 20160411 -3.0822e-05 3.7732e-10 TSX
20150130 20151112 7.1543e-05 4.3199e-10 TSX
20150210 20170114 5.8912e-05 3.0836e-10 TSX
20150213 20160326 0.00015424 4.0618e-10 TSX
20150218 20160216 -2.1097e-05 4.056e-10 TSX
20150221 20180112 6.2281e-05 2.8312e-10 TSX
20150304 20180911 -5.4784e-05 3.0064e-10 TSX
20150307 20160211 -4.6444e-06 4.0439e-10 TSX
20150312 20160320 -9.9949e-05 4.0023e-10 TSX
20150326 20150827 4.842e-05 5.5053e-10 TSX
20150329 20151207 -1.3825e-05 4.5777e-10 TSX
20150428 20160425 8.6715e-05 3.9407e-10 TSX
20150509 20150827 -6.8588e-05 6.1868e-10 TSX
20150517 20150824 -8.19e-05 6.5779e-10 TSX
20150520 20180911 5.48e-06 3.0949e-10 TSX
20150714 20170822 9.4853e-05 3.0886e-10 TSX
20150725 20170924 8.3859e-05 3.1785e-10 TSX
20150802 20160309 -3.7422e-05 4.9707e-10 TSX
20150805 20160403 6.3645e-05 4.6161e-10 TSX
20150816 20171107 7.7506e-05 3.0567e-10 TSX
20150824 20150915 0.00072926 8.6265e-10 TSX
20150827 20170902 5.7392e-05 3.1326e-10 TSX
20150915 20160216 -0.0001033 5.6878e-10 TSX
20151021 20160904 -6.3733e-05 4.1788e-10 TSX
20151101 20171016 4.3405e-05 3.125e-10 TSX
20151112 20160425 4.2656e-05 5.3617e-10 TSX
20151115 20151229 9.5338e-05 7.7347e-10 TSX
20151123 20171221 4.1847e-05 3.1659e-10 TSX
20151204 20151215 0.00016391 9.7786e-10 TSX
20151207 20160406 -7.8496e-05 6.022e-10 TSX
20151215 20170822 0.00022803 3.2774e-10 TSX
20151226 20161223 6.034e-05 3.9468e-10 TSX
20151229 20160211 3.9586e-05 7.7347e-10 TSX
20160106 20161223 6.4486e-05 3.9997e-10 TSX
20160117 20160926 2.8978e-05 4.5676e-10 TSX
20160128 20160301 -0.00019735 8.0644e-10 TSX
20160208 20160312 -7.0629e-05 8.0644e-10 TSX
20160216 20160309 -0.00042227 8.6265e-10 TSX
20160219 20180319 -1.683e-07 3.0058e-10 TSX
20160301 20161201 9.4961e-05 4.3904e-10 TSX
20160304 20160326 0.0001041 8.491e-10 TSX
20160312 20180319 1.4043e-05 3.1215e-10 TSX
20160320 20160411 0.00035042 8.6266e-10 TSX
20160323 20171118 4.7407e-05 3.3386e-10 TSX
20160326 20160406 -0.00053556 9.6827e-10 TSX
20160403 20171027 7.2651e-05 3.3838e-10 TSX
20160425 20170811 6.5549e-05 3.5842e-10 TSX
20160528 20160630 3.0873e-06 8.0645e-10 TSX
20160630 20171118 5.1723e-05 3.4644e-10 TSX
20160722 20161201 0.00012166 5.8139e-10 TSX
20160904 20180707 1.0167e-05 3.4153e-10 TSX
20160915 20180911 -1.2817e-05 3.1402e-10 TSX
20160926 20170114 9.9847e-05 6.1914e-10 TSX
20161201 20171027 1.4203e-05 4.0793e-10 TSX
20161223 20171107 2.0458e-05 4.1035e-10 TSX
20170114 20170902 -2.992e-05 4.7059e-10 TSX
20170811 20171005 2.0639e-05 7.4126e-10 TSX
20170822 20180707 -4.1591e-05 4.1517e-10 TSX
20170913 20180707 -9.9634e-05 4.2755e-10 TSX
20170924 20180319 5.2614e-05 5.2327e-10 TSX
20171005 20171107 5.0503e-05 8.0644e-10 TSX
20171016 20180319 6.0449e-05 5.5013e-10 TSX
20171027 20180911 -6.5544e-05 4.1419e-10 TSX
20171107 20171118 8.5323e-05 9.7786e-10 TSX
20171118 20171129 6.1662e-05 9.7786e-10 TSX
20171129 20171221 -2.3497e-06 8.5061e-10 TSX
20171210 20180820 -7.678e-05 4.5412e-10 TSX
20171221 20180911 -3.7739e-05 4.4778e-10 TSX
20180112 20181003 1.684e-05 4.4732e-10 TSX
20180319 20180707 -0.0002437 6.1816e-10 TSX
20180707 20180911 0.00021492 7.1249e-10 TSX
20180729 20181003 0.00010161 7.1248e-10 TSX
20180820 20181003 0.00020643 7.7229e-10 TSX
20180911 20181003 -0.00014615 8.5061e-10 TSX
