20030427 20030914 -9.3935e-06 5.6478e-10 ERS2
20030914 20080629 6.9767e-05 2.7605e-10 ERS2
20050918 20090510 -1.7246e-05 2.9876e-10 ERS2
20051127 20081116 1.5542e-05 3.0398e-10 ERS2
20060903 20090510 -3.0926e-05 3.1233e-10 ERS2
20061231 20090105 -0.00010213 3.1278e-10 ALOS
20070402 20070703 -0.00018492 6.664e-10 ALOS
20070518 20091008 -7.6497e-05 2.9714e-10 ALOS
20070818 20071003 -0.00036565 7.756e-10 ALOS
20071217 20100509 -5.3681e-05 2.9975e-10 ALOS
20080103 20100526 -4.3133e-05 2.9582e-10 ALOS
20080404 20080520 5.7553e-06 7.7565e-10 ALOS
20080618 20090921 -1.2541e-05 3.7227e-10 ALOS
20080629 20090510 -0.00029076 4.1604e-10 ERS2
20080705 20091008 6.9307e-05 3.6495e-10 ALOS
20080803 20090823 -5.9031e-05 3.8406e-10 ERS2
20081116 20090823 -9.2688e-05 4.3437e-10 ERS2
20081219 20090921 0.00018877 4.4621e-10 ALOS
20090105 20090708 5.5066e-05 5.2822e-10 ALOS
20090510 20091101 -0.00044856 5.2162e-10 ERS2
20090708 20091008 0.00062803 6.6631e-10 ALOS
20090823 20091101 -0.00016758 6.9855e-10 ERS2
20091222 20100624 0.00045506 5.2574e-10 ALOS
20100108 20100223 0.00071127 7.7566e-10 ALOS
20100223 20100526 8.9574e-05 6.664e-10 ALOS
20100410 20100711 3.7557e-06 6.6632e-10 ALOS
20100509 20100624 0.00047959 7.7358e-10 ALOS
20100526 20100711 0.00041618 7.7561e-10 ALOS
20100624 20101109 0.00010804 5.8397e-10 ALOS
20100711 20101011 0.00027387 6.6625e-10 ALOS
20100809 20101109 -7.0451e-05 6.6354e-10 ALOS
20101011 20101126 0.00017505 7.7562e-10 ALOS
20110111 20110226 0.00065074 7.756e-10 ALOS
20110924 20130715 3.54e-05 3.2319e-10 TSX
20111005 20121229 -0.00012191 3.6897e-10 TSX
20111121 20171221 5.1678e-05 2.5854e-10 TSX
20111221 20130131 -2.0029e-05 3.8568e-10 TSX
20111224 20121027 -1.7501e-05 4.193e-10 TSX
20120126 20140419 -6.678e-05 2.9429e-10 TSX
20120203 20160320 4.9874e-05 2.5708e-10 TSX
20120206 20171107 -1.6305e-05 2.4482e-10 TSX
20120617 20171129 1.0201e-05 2.5545e-10 TSX
20120723 20160120 5.6952e-06 2.911e-10 TSX
20121024 20130109 4.0779e-05 7.0162e-10 TSX
20121027 20151226 -1.4219e-05 2.7685e-10 TSX
20121030 20130311 1.3614e-05 5.8465e-10 TSX
20121107 20171118 1.5793e-06 2.5565e-10 TSX
20121221 20160208 9.8544e-06 2.7726e-10 TSX
20121224 20130516 2.652e-06 5.6848e-10 TSX
20121229 20130407 9.5378e-05 6.5604e-10 TSX
20130104 20130217 0.00012212 7.7347e-10 TSX
20130109 20130715 0.00024287 5.2886e-10 TSX
20130112 20140511 -9.5002e-05 3.5718e-10 TSX
20130115 20130721 -8.9987e-05 5.1434e-10 TSX
20130126 20130823 -3.376e-05 4.946e-10 TSX
20130131 20130429 -6.8852e-06 6.7795e-10 TSX
20130203 20130729 -6.0191e-05 5.2308e-10 TSX
20130211 20130919 5.5043e-05 4.9622e-10 TSX
20130228 20141209 4.4574e-05 3.164e-10 TSX
20130311 20130801 -9.4733e-07 5.6871e-10 TSX
20130316 20130623 7.3622e-05 6.5605e-10 TSX
20130402 20150122 5.7936e-05 3.4134e-10 TSX
20130407 20140530 1.8981e-06 3.813e-10 TSX
20130421 20171016 -8.2943e-07 2.7732e-10 TSX
20130424 20130721 -9.1058e-05 6.6403e-10 TSX
20130429 20130623 1.0349e-05 7.5442e-10 TSX
20130505 20131028 -0.00051244 5.2954e-10 TSX
20130513 20151112 2.8824e-06 2.8552e-10 TSX
20130516 20131017 -0.00013717 5.561e-10 TSX
20130521 20130715 0.00042376 7.5446e-10 TSX
20130524 20171129 6.7225e-06 2.5177e-10 TSX
20130527 20140627 3.1091e-05 3.8374e-10 TSX
20130601 20130930 0.0002559 6.1696e-10 TSX
20130604 20141217 -3.5403e-05 3.3939e-10 TSX
20130607 20140719 5.9024e-05 3.7969e-10 TSX
20130612 20150105 -3.7156e-05 3.4022e-10 TSX
20130615 20160106 -6.2977e-06 2.8407e-10 TSX
20130618 20140708 -2.8225e-06 3.8703e-10 TSX
20130623 20130715 0.0007086 8.6277e-10 TSX
20130629 20130914 0.00032794 6.8831e-10 TSX
20130707 20150130 -4.5398e-05 3.3557e-10 TSX
20130710 20140901 -4.3964e-05 3.7667e-10 TSX
20130715 20130726 -0.0025109 1.012e-09 TSX
20130721 20131108 0.00063002 6.2118e-10 TSX
20130726 20150517 4.4097e-05 3.2334e-10 TSX
20130729 20160904 -2.466e-05 2.7452e-10 TSX
20130801 20151115 -3.1295e-05 3.0476e-10 TSX
20130817 20140209 -0.00013308 5.4097e-10 TSX
20130828 20150312 -1.4434e-05 3.4139e-10 TSX
20130903 20150329 -9.4459e-05 3.4651e-10 TSX
20130919 20160309 2.7955e-05 2.979e-10 TSX
20130925 20140708 -3.8911e-05 4.3121e-10 TSX
20130930 20160411 -3.4155e-05 2.7991e-10 TSX
20131011 20150802 -3.2568e-05 3.2066e-10 TSX
20131017 20140719 1.2957e-05 4.3876e-10 TSX
20131028 20160304 4.8445e-05 2.9269e-10 TSX
20131102 20140519 -0.00014915 5.1709e-10 TSX
20131108 20140708 -4.8725e-05 4.6281e-10 TSX
20140209 20160309 4.7294e-05 3.1275e-10 TSX
20140223 20140829 -4.8578e-05 5.1105e-10 TSX
20140408 20140705 -5.8572e-05 6.6125e-10 TSX
20140419 20170913 -2.2159e-05 2.6708e-10 TSX
20140511 20141228 -2.0559e-05 4.7007e-10 TSX
20140519 20150824 7.421e-05 3.6451e-10 TSX
20140624 20171005 -2.6416e-05 2.6885e-10 TSX
20140627 20151115 -3.786e-06 3.4134e-10 TSX
20140705 20180911 -5.671e-07 2.5437e-10 TSX
20140708 20160406 5.7968e-05 3.1941e-10 TSX
20140716 20171005 -5.7227e-05 2.7446e-10 TSX
20140719 20151207 4.4119e-06 3.418e-10 TSX
20140727 20150326 -7.3051e-05 4.6153e-10 TSX
20140810 20150122 3.8487e-05 5.3918e-10 TSX
20140818 20160301 -4.6242e-05 3.2937e-10 TSX
20140829 20160208 -3.8552e-06 3.3535e-10 TSX
20140901 20140912 -0.00029226 9.685e-10 TSX
20140912 20141209 1.9792e-05 6.6402e-10 TSX
20140920 20170902 -6.7845e-06 2.7637e-10 TSX
20141209 20160211 -4.0472e-05 3.6686e-10 TSX
20141217 20160722 -4.1101e-05 3.1867e-10 TSX
20141228 20160106 -3.5519e-05 3.8374e-10 TSX
20141231 20151024 3.1491e-05 4.2509e-10 TSX
20150105 20150824 3.364e-05 4.8706e-10 TSX
20150108 20170811 -2.8672e-05 2.8637e-10 TSX
20150119 20160117 -2.6307e-05 3.8738e-10 TSX
20150127 20160411 -8.9707e-08 3.7424e-10 TSX
20150130 20151112 -8.1104e-06 4.2873e-10 TSX
20150210 20170114 -4.6861e-05 3.0101e-10 TSX
20150213 20160326 2.8427e-05 3.8877e-10 TSX
20150218 20160216 1.1742e-05 4.0309e-10 TSX
20150221 20180112 -5.1584e-06 2.6655e-10 TSX
20150304 20180911 4.1176e-05 2.8016e-10 TSX
20150307 20160211 2.8408e-05 4.0366e-10 TSX
20150312 20160320 -8.9824e-05 3.9817e-10 TSX
20150326 20150827 0.00010056 5.4987e-10 TSX
20150329 20151207 7.0707e-05 4.5615e-10 TSX
20150428 20160425 3.4e-06 3.8784e-10 TSX
20150509 20150827 0.00010955 6.1814e-10 TSX
20150517 20150824 1.7286e-05 6.5622e-10 TSX
20150520 20180911 -9.7219e-06 2.7372e-10 TSX
20150714 20170822 -1.329e-05 3.0075e-10 TSX
20150725 20170924 1.2206e-05 2.9548e-10 TSX
20150802 20160309 -9.6311e-05 4.9629e-10 TSX
20150805 20160403 -3.3762e-05 4.6117e-10 TSX
20150816 20171107 -3.1129e-05 2.9129e-10 TSX
20150824 20150915 0.00066714 8.6264e-10 TSX
20150827 20170902 -8.5107e-05 3.0781e-10 TSX
20150915 20160216 -4.8224e-05 5.6821e-10 TSX
20151021 20160904 -9.1619e-05 4.1174e-10 TSX
20151101 20171016 -3.9685e-05 3.0654e-10 TSX
20151112 20160425 -9.4793e-05 5.3611e-10 TSX
20151115 20151229 0.00018445 7.7347e-10 TSX
20151123 20171221 -7.6432e-05 2.964e-10 TSX
20151204 20151215 0.00017663 9.7856e-10 TSX
20151207 20160406 -9.7527e-05 6.0214e-10 TSX
20151215 20170822 -2.3452e-05 3.1593e-10 TSX
20151226 20161223 -6.1769e-06 3.9296e-10 TSX
20151229 20160211 1.0868e-05 7.7347e-10 TSX
20160106 20161223 7.4891e-06 3.9768e-10 TSX
20160117 20160926 -1.4541e-05 4.5298e-10 TSX
20160128 20160301 -0.00021908 8.0685e-10 TSX
20160208 20160312 -3.7733e-05 8.0685e-10 TSX
20160216 20160309 -0.0004136 8.6263e-10 TSX
20160219 20180319 7.3648e-05 3.0292e-10 TSX
20160301 20161201 4.2988e-05 4.3858e-10 TSX
20160304 20160326 4.3724e-05 8.4924e-10 TSX
20160312 20180319 -9.8366e-06 3.0498e-10 TSX
20160320 20160411 0.0004304 8.6264e-10 TSX
20160323 20171118 -4.4476e-05 3.1995e-10 TSX
20160326 20160406 -0.00049361 9.6843e-10 TSX
20160403 20171027 -7.2854e-07 3.3298e-10 TSX
20160425 20170811 -3.6314e-06 3.5007e-10 TSX
20160528 20160630 6.3802e-05 8.0685e-10 TSX
20160630 20171118 -3.9259e-05 3.4165e-10 TSX
20160722 20161201 8.3926e-05 5.8132e-10 TSX
20160904 20180707 -5.8959e-05 3.3079e-10 TSX
20160915 20180911 -8.6246e-05 3.0557e-10 TSX
20160926 20170114 -7.9693e-05 6.1795e-10 TSX
20161201 20171027 -5.1884e-05 4.0878e-10 TSX
20161223 20171107 -7.2743e-05 4.1088e-10 TSX
20170114 20170902 -1.9379e-05 4.688e-10 TSX
20170811 20171005 -7.6489e-05 7.4134e-10 TSX
20170822 20180707 -0.00018134 4.1453e-10 TSX
20170913 20180707 -0.00021319 4.2588e-10 TSX
20170924 20180319 -0.00026656 5.232e-10 TSX
20171005 20171107 1.5018e-05 8.0685e-10 TSX
20171016 20180319 -0.00026555 5.5008e-10 TSX
20171027 20180911 -0.00016716 4.1391e-10 TSX
20171107 20171118 7.0882e-05 9.7856e-10 TSX
20171118 20171129 5.0115e-05 9.7856e-10 TSX
20171129 20171221 -4.4723e-06 8.512e-10 TSX
20171210 20180820 -0.00014624 4.535e-10 TSX
20171221 20180911 -0.00012434 4.4563e-10 TSX
20180112 20181003 -0.00010533 4.4564e-10 TSX
20180319 20180707 -4.4493e-05 6.1796e-10 TSX
20180707 20180911 0.00015791 7.1247e-10 TSX
20180729 20181003 8.8495e-05 7.1247e-10 TSX
20180820 20181003 0.0002147 7.7251e-10 TSX
20180911 20181003 -0.00011706 8.512e-10 TSX
