20030427 20030914 0.00026257 5.6645e-10 ERS2
20030914 20080629 5.7986e-05 2.6742e-10 ERS2
20050918 20090510 -3.4001e-05 3.0178e-10 ERS2
20051127 20081116 1.9252e-05 3.1598e-10 ERS2
20060903 20090510 -0.00012829 3.1724e-10 ERS2
20061231 20090105 2.2065e-05 3.1364e-10 ALOS
20070402 20070703 -0.00019341 6.6651e-10 ALOS
20070518 20091008 4.2276e-05 2.9674e-10 ALOS
20070818 20071003 -0.00029453 7.7596e-10 ALOS
20071217 20100509 -4.2062e-06 2.9697e-10 ALOS
20080103 20100526 -7.088e-05 3.1148e-10 ALOS
20080404 20080520 -7.5259e-05 7.7598e-10 ALOS
20080618 20090921 -0.00010253 3.7281e-10 ALOS
20080629 20090510 -0.00040749 4.1268e-10 ERS2
20080705 20091008 7.1455e-06 3.6542e-10 ALOS
20080803 20090823 1.8595e-06 3.8265e-10 ERS2
20081116 20090823 1.408e-05 4.3241e-10 ERS2
20081219 20090921 0.00024026 4.4633e-10 ALOS
20090105 20090708 -0.00010178 5.2869e-10 ALOS
20090510 20091101 -0.00022406 5.2026e-10 ERS2
20090708 20091008 0.0004722 6.6654e-10 ALOS
20090823 20091101 -5.9294e-05 6.9881e-10 ERS2
20091222 20100624 0.00034655 5.2509e-10 ALOS
20100108 20100223 0.00037213 7.7621e-10 ALOS
20100223 20100526 -0.00012513 6.7149e-10 ALOS
20100410 20100711 -0.00014859 6.6617e-10 ALOS
20100509 20100624 0.00072536 7.7387e-10 ALOS
20100526 20100711 0.00060047 7.7598e-10 ALOS
20100624 20101109 -1.255e-05 5.8405e-10 ALOS
20100711 20101011 0.00012611 6.6647e-10 ALOS
20100809 20101109 -1.283e-05 6.6372e-10 ALOS
20101011 20101126 9.8638e-05 7.7597e-10 ALOS
20110111 20110226 0.00074408 7.7595e-10 ALOS
20110924 20130715 0.00010502 3.2386e-10 TSX
20111005 20121229 8.4948e-06 3.7164e-10 TSX
20111121 20171221 -4.9235e-06 3.3434e-10 TSX
20111221 20130131 7.499e-05 3.8567e-10 TSX
20111224 20121027 -3.627e-05 4.195e-10 TSX
20120126 20140419 -3.6425e-05 3.0185e-10 TSX
20120203 20160320 -3.0082e-05 2.7593e-10 TSX
20120206 20171107 -8.3938e-06 3.2247e-10 TSX
20120617 20171129 8.1378e-06 3.2171e-10 TSX
20120723 20160120 2.7713e-05 3.4408e-10 TSX
20121024 20130109 8.6376e-05 7.0195e-10 TSX
20121027 20151226 -2.7811e-05 2.8657e-10 TSX
20121030 20130311 3.8604e-05 5.8469e-10 TSX
20121107 20171118 6.9933e-06 3.3278e-10 TSX
20121221 20160208 2.2665e-05 2.9881e-10 TSX
20121224 20130516 -7.9904e-05 5.6852e-10 TSX
20121229 20130407 0.00013768 6.563e-10 TSX
20130104 20130217 0.00011396 7.7361e-10 TSX
20130109 20130715 0.00015056 5.2903e-10 TSX
20130112 20140511 -4.472e-05 3.564e-10 TSX
20130115 20130721 -0.00016649 5.1397e-10 TSX
20130126 20130823 -4.962e-05 5.4819e-10 TSX
20130131 20130429 -7.5331e-05 6.7825e-10 TSX
20130203 20130729 -6.6302e-05 5.232e-10 TSX
20130211 20130919 8.845e-06 4.9595e-10 TSX
20130228 20141209 -1.5278e-06 3.4246e-10 TSX
20130311 20130801 -2.0964e-05 5.6847e-10 TSX
20130316 20130623 7.3489e-05 6.563e-10 TSX
20130402 20150122 7.1317e-05 3.6821e-10 TSX
20130407 20140530 -7.4906e-05 3.8106e-10 TSX
20130421 20171016 2.5793e-06 3.3536e-10 TSX
20130424 20130721 -0.00027918 6.641e-10 TSX
20130429 20130623 -5.0065e-05 7.5482e-10 TSX
20130505 20131028 -0.00052423 5.611e-10 TSX
20130513 20151112 2.7937e-05 3.1023e-10 TSX
20130516 20131017 -0.0003271 5.7327e-10 TSX
20130521 20130715 0.00029511 7.5484e-10 TSX
20130524 20171129 1.5245e-06 3.4552e-10 TSX
20130527 20140627 -3.3725e-06 3.8387e-10 TSX
20130601 20130930 0.00018721 6.1711e-10 TSX
20130604 20141217 1.5745e-06 3.4012e-10 TSX
20130607 20140719 -1.2942e-05 3.8021e-10 TSX
20130612 20150105 2.7685e-05 3.4126e-10 TSX
20130615 20160106 9.5374e-06 3.0428e-10 TSX
20130618 20140708 -9.6578e-06 3.8806e-10 TSX
20130623 20130715 0.0007197 8.6336e-10 TSX
20130629 20130914 0.00024857 7.1792e-10 TSX
20130707 20150130 -2.1389e-06 3.4353e-10 TSX
20130710 20140901 -1.8614e-05 3.766e-10 TSX
20130715 20130726 -0.0024815 1.0128e-09 TSX
20130721 20131108 0.0012215 6.7442e-10 TSX
20130726 20150517 3.9094e-05 3.4993e-10 TSX
20130729 20160904 -3.9255e-05 3.1176e-10 TSX
20130801 20151115 1.4265e-05 3.4046e-10 TSX
20130817 20140209 4.4139e-05 5.4102e-10 TSX
20130828 20150312 0.00010282 3.6021e-10 TSX
20130903 20150329 -3.4427e-05 4.4194e-10 TSX
20130919 20160309 6.5317e-05 3.3863e-10 TSX
20130925 20140708 4.0595e-05 4.5863e-10 TSX
20130930 20160411 4.6481e-05 3.4768e-10 TSX
20131011 20150802 1.4852e-05 3.5043e-10 TSX
20131017 20140719 4.7068e-06 4.5166e-10 TSX
20131028 20160304 -3.4782e-05 3.5856e-10 TSX
20131102 20140519 -8.7267e-05 5.1714e-10 TSX
20131108 20140708 3.0836e-05 4.8183e-10 TSX
20140209 20160309 1.69e-05 3.5651e-10 TSX
20140223 20140829 3.2892e-05 5.1118e-10 TSX
20140408 20140705 1.3858e-05 6.6156e-10 TSX
20140419 20170913 -2.497e-06 3.1555e-10 TSX
20140511 20141228 7.2544e-05 4.7014e-10 TSX
20140519 20150824 2.8567e-05 3.752e-10 TSX
20140624 20171005 2.2343e-05 3.3667e-10 TSX
20140627 20151115 1.5304e-05 3.6018e-10 TSX
20140705 20180911 -6.5053e-06 3.2621e-10 TSX
20140708 20160406 3.9717e-05 3.7142e-10 TSX
20140716 20171005 -1.0518e-05 3.1244e-10 TSX
20140719 20151207 5.4959e-05 3.5844e-10 TSX
20140727 20150326 -3.5517e-05 4.6162e-10 TSX
20140810 20150122 -1.887e-05 5.4701e-10 TSX
20140818 20160301 -1.382e-05 3.4121e-10 TSX
20140829 20160208 -2.6707e-05 3.487e-10 TSX
20140901 20140912 -0.00031401 9.6893e-10 TSX
20140912 20141209 -6.808e-05 6.641e-10 TSX
20140920 20170902 -1.077e-05 3.1326e-10 TSX
20141209 20160211 2.1107e-05 3.7403e-10 TSX
20141217 20160722 -3.7089e-05 3.4301e-10 TSX
20141228 20160106 -2.5611e-05 3.8834e-10 TSX
20141231 20151024 2.2462e-06 4.3243e-10 TSX
20150105 20150824 -3.6652e-05 4.9183e-10 TSX
20150108 20170811 -3.6508e-05 3.2693e-10 TSX
20150119 20160117 -1.4872e-06 3.8874e-10 TSX
20150127 20160411 0.00010371 3.9889e-10 TSX
20150130 20151112 -8.2263e-06 4.3084e-10 TSX
20150210 20170114 -4.7801e-05 3.3952e-10 TSX
20150213 20160326 -2.4183e-07 4.5408e-10 TSX
20150218 20160216 1.8918e-05 4.1492e-10 TSX
20150221 20180112 -2.5043e-05 3.5082e-10 TSX
20150304 20180911 -3.4395e-05 3.094e-10 TSX
20150307 20160211 1.209e-05 4.1213e-10 TSX
20150312 20160320 -6.3149e-05 4.0703e-10 TSX
20150326 20150827 -6.7805e-06 5.5016e-10 TSX
20150329 20151207 -5.2761e-05 4.574e-10 TSX
20150428 20160425 -7.2072e-06 3.9321e-10 TSX
20150509 20150827 -1.728e-06 6.1917e-10 TSX
20150517 20150824 1.7905e-05 6.5626e-10 TSX
20150520 20180911 -5.3486e-06 2.9535e-10 TSX
20150714 20170822 -7.8115e-06 3.4393e-10 TSX
20150725 20170924 9.4226e-06 3.1318e-10 TSX
20150802 20160309 -8.6174e-05 5.0437e-10 TSX
20150805 20160403 -1.8294e-05 4.6472e-10 TSX
20150816 20171107 -1.0655e-05 3.1592e-10 TSX
20150824 20150915 0.00082106 8.6326e-10 TSX
20150827 20170902 2.3422e-06 3.2562e-10 TSX
20150915 20160216 -0.00019735 5.6941e-10 TSX
20151021 20160904 -8.0309e-05 4.1623e-10 TSX
20151101 20171016 -2.4423e-05 3.2052e-10 TSX
20151112 20160425 -7.1914e-05 5.3656e-10 TSX
20151115 20151229 0.00012795 7.736e-10 TSX
20151123 20171221 -2.6229e-05 3.1066e-10 TSX
20151204 20151215 0.00014896 9.7934e-10 TSX
20151207 20160406 -4.5427e-05 6.0222e-10 TSX
20151215 20170822 8.0475e-06 3.289e-10 TSX
20151226 20161223 -1.3642e-05 3.9591e-10 TSX
20151229 20160211 -5.0915e-05 7.736e-10 TSX
20160106 20161223 1.3225e-05 4.0116e-10 TSX
20160117 20160926 -1.079e-05 4.5529e-10 TSX
20160128 20160301 -0.00010844 8.0753e-10 TSX
20160208 20160312 -0.00016373 8.0753e-10 TSX
20160216 20160309 -0.00040872 8.6326e-10 TSX
20160219 20180319 1.2452e-05 3.1997e-10 TSX
20160301 20161201 -6.7263e-06 4.383e-10 TSX
20160304 20160326 7.3775e-05 8.4954e-10 TSX
20160312 20180319 2.9863e-05 3.1423e-10 TSX
20160320 20160411 0.00038385 8.6327e-10 TSX
20160323 20171118 7.4697e-06 3.2773e-10 TSX
20160326 20160406 -0.00054734 9.6886e-10 TSX
20160403 20171027 -2.2959e-05 3.3897e-10 TSX
20160425 20170811 -2.8103e-05 3.534e-10 TSX
20160528 20160630 1.588e-05 8.0753e-10 TSX
20160630 20171118 8.393e-07 3.4369e-10 TSX
20160722 20161201 7.5137e-05 5.8146e-10 TSX
20160904 20180707 -1.4832e-05 3.3325e-10 TSX
20160915 20180911 -2.68e-05 3.0578e-10 TSX
20160926 20170114 2.574e-05 6.1822e-10 TSX
20161201 20171027 -3.2786e-05 4.0884e-10 TSX
20161223 20171107 -2.7931e-05 4.1111e-10 TSX
20170114 20170902 -1.4767e-05 4.7486e-10 TSX
20170811 20171005 -1.8043e-05 7.4187e-10 TSX
20170822 20180707 -7.0855e-05 4.1385e-10 TSX
20170913 20180707 -0.00010645 4.258e-10 TSX
20170924 20180319 4.8742e-05 5.2329e-10 TSX
20171005 20171107 6.5553e-05 8.0753e-10 TSX
20171016 20180319 7.0082e-05 5.5019e-10 TSX
20171027 20180911 -7.6929e-05 4.1381e-10 TSX
20171107 20171118 8.6839e-05 9.7934e-10 TSX
20171118 20171129 4.1517e-05 9.7934e-10 TSX
20171129 20171221 -4.283e-05 8.5193e-10 TSX
20171210 20180820 -0.00014115 4.5345e-10 TSX
20171221 20180911 -0.00011789 4.4576e-10 TSX
20180112 20181003 4.3073e-06 4.4534e-10 TSX
20180319 20180707 -0.00030863 6.1817e-10 TSX
20180707 20180911 0.00012466 7.1293e-10 TSX
20180729 20181003 1.3114e-05 7.1293e-10 TSX
20180820 20181003 0.00019676 7.7312e-10 TSX
20180911 20181003 -0.00012832 8.5194e-10 TSX
