20030427 20030914 -5.9579e-05 5.6849e-10 ERS2
20030914 20080629 0.00010083 2.6875e-10 ERS2
20050918 20090510 4.3863e-05 3.0009e-10 ERS2
20051127 20081116 0.00015006 3.3106e-10 ERS2
20060903 20090510 -0.0001293 3.1018e-10 ERS2
20061231 20090105 9.2862e-05 3.1446e-10 ALOS
20070402 20070703 -8.131e-05 6.6623e-10 ALOS
20070518 20091008 0.00013789 2.9987e-10 ALOS
20070818 20071003 -0.00035872 7.7507e-10 ALOS
20071217 20100509 8.6825e-05 2.9999e-10 ALOS
20080103 20100526 0.00018623 2.9809e-10 ALOS
20080404 20080520 1.2552e-05 7.7508e-10 ALOS
20080618 20090921 2.9315e-05 3.7244e-10 ALOS
20080629 20090510 -0.00025968 4.1224e-10 ERS2
20080705 20091008 8.949e-05 3.6537e-10 ALOS
20080803 20090823 -1.1251e-05 3.835e-10 ERS2
20081116 20090823 0.00013943 4.3213e-10 ERS2
20081219 20090921 0.00045106 4.4611e-10 ALOS
20090105 20090708 0.00012885 5.2821e-10 ALOS
20090510 20091101 0.00017982 5.2282e-10 ERS2
20090708 20091008 0.00060539 6.6622e-10 ALOS
20090823 20091101 9.0549e-05 6.9856e-10 ERS2
20091222 20100624 0.00038121 5.2523e-10 ALOS
20100108 20100223 0.00034603 7.7511e-10 ALOS
20100223 20100526 0.00035326 6.6627e-10 ALOS
20100410 20100711 -1.5489e-05 6.6601e-10 ALOS
20100509 20100624 0.00062001 7.731e-10 ALOS
20100526 20100711 0.00040336 7.7508e-10 ALOS
20100624 20101109 4.8995e-05 5.8397e-10 ALOS
20100711 20101011 6.2478e-06 6.6624e-10 ALOS
20100809 20101109 -2.6175e-05 6.6354e-10 ALOS
20101011 20101126 0.00033678 7.7508e-10 ALOS
20110111 20110226 0.00072061 7.7507e-10 ALOS
20110924 20130715 0.00015688 3.2345e-10 TSX
20111005 20121229 4.3455e-05 3.6846e-10 TSX
20111121 20171221 2.3972e-05 2.7695e-10 TSX
20111221 20130131 0.00013005 3.8524e-10 TSX
20111224 20121027 1.077e-05 4.1949e-10 TSX
20120126 20140419 3.4102e-05 2.9122e-10 TSX
20120203 20160320 0.00013867 2.4653e-10 TSX
20120206 20171107 9.6987e-06 2.726e-10 TSX
20120617 20171129 2.5538e-05 2.5079e-10 TSX
20120723 20160120 0.00011682 2.6277e-10 TSX
20121024 20130109 0.00020094 7.0154e-10 TSX
20121027 20151226 4.1472e-05 2.6635e-10 TSX
20121030 20130311 0.00010696 5.8465e-10 TSX
20121107 20171118 2.4129e-05 2.5164e-10 TSX
20121221 20160208 6.8774e-05 2.7623e-10 TSX
20121224 20130516 -7.0743e-05 5.6848e-10 TSX
20121229 20130407 0.00020426 6.5606e-10 TSX
20130104 20130217 8.6483e-05 7.7307e-10 TSX
20130109 20130715 8.1974e-05 5.2987e-10 TSX
20130112 20140511 3.3233e-05 3.5469e-10 TSX
20130115 20130721 -9.5141e-05 5.1394e-10 TSX
20130126 20130823 -9.4875e-06 4.9449e-10 TSX
20130131 20130429 4.4783e-05 6.7795e-10 TSX
20130203 20130729 -2.9406e-05 5.2313e-10 TSX
20130211 20130919 7.7902e-05 4.9591e-10 TSX
20130228 20141209 0.00012501 3.1292e-10 TSX
20130311 20130801 3.9894e-06 5.6844e-10 TSX
20130316 20130623 0.00010736 6.5607e-10 TSX
20130402 20150122 0.00013538 3.0087e-10 TSX
20130407 20140530 6.3548e-05 3.8068e-10 TSX
20130421 20171016 3.6522e-05 2.6961e-10 TSX
20130424 20130721 -0.00022519 6.6402e-10 TSX
20130429 20130623 -4.5172e-05 7.5404e-10 TSX
20130505 20131028 -0.00034713 5.3149e-10 TSX
20130513 20151112 3.4399e-05 2.8437e-10 TSX
20130516 20131017 -0.00011246 5.5704e-10 TSX
20130521 20130715 0.00015334 7.5407e-10 TSX
20130524 20171129 4.7394e-05 2.7391e-10 TSX
20130527 20140627 8.9078e-05 3.8375e-10 TSX
20130601 20130930 4.3694e-05 6.1697e-10 TSX
20130604 20141217 4.4441e-05 3.3767e-10 TSX
20130607 20140719 8.0281e-05 3.7972e-10 TSX
20130612 20150105 0.00010906 3.3794e-10 TSX
20130615 20160106 6.3273e-05 2.7452e-10 TSX
20130618 20140708 5.5061e-05 3.8826e-10 TSX
20130623 20130715 0.00053971 8.614e-10 TSX
20130629 20130914 0.00025016 6.8828e-10 TSX
20130707 20150130 3.6253e-05 3.3834e-10 TSX
20130710 20140901 9.6344e-05 3.7664e-10 TSX
20130715 20130726 -0.0024873 1.0104e-09 TSX
20130721 20131108 0.00071968 6.2102e-10 TSX
20130726 20150517 0.00026623 3.2145e-10 TSX
20130729 20160904 2.5553e-05 2.6918e-10 TSX
20130801 20151115 0.00010747 2.8852e-10 TSX
20130817 20140209 0.00013453 5.4096e-10 TSX
20130828 20150312 0.00018789 3.4056e-10 TSX
20130903 20150329 -1.8809e-05 3.2859e-10 TSX
20130919 20160309 0.00011202 2.7411e-10 TSX
20130925 20140708 0.00010742 4.3135e-10 TSX
20130930 20160411 0.00014333 2.7055e-10 TSX
20131011 20150802 8.2335e-05 3.2014e-10 TSX
20131017 20140719 8.4937e-05 4.3879e-10 TSX
20131028 20160304 0.00015714 3.0346e-10 TSX
20131102 20140519 -0.00012174 5.1709e-10 TSX
20131108 20140708 2.4834e-05 4.6281e-10 TSX
20140209 20160309 9.0324e-05 3.0542e-10 TSX
20140223 20140829 1.0597e-05 5.1111e-10 TSX
20140408 20140705 -8.8923e-06 6.613e-10 TSX
20140419 20170913 5.1674e-05 2.952e-10 TSX
20140511 20141228 1.836e-05 4.7016e-10 TSX
20140519 20150824 0.000235 3.6392e-10 TSX
20140624 20171005 5.2469e-05 2.7759e-10 TSX
20140627 20151115 9.4375e-05 3.3969e-10 TSX
20140705 20180911 1.9839e-05 2.7353e-10 TSX
20140708 20160406 0.00013724 3.1204e-10 TSX
20140716 20171005 6.033e-06 2.6893e-10 TSX
20140719 20151207 9.8328e-05 3.3993e-10 TSX
20140727 20150326 -1.3062e-05 4.6163e-10 TSX
20140810 20150122 7.9793e-05 5.3918e-10 TSX
20140818 20160301 3.0183e-05 3.2548e-10 TSX
20140829 20160208 5.0188e-05 3.309e-10 TSX
20140901 20140912 -0.00030843 9.6727e-10 TSX
20140912 20141209 0.00014596 6.6401e-10 TSX
20140920 20170902 2.9725e-05 2.7372e-10 TSX
20141209 20160211 3.8092e-05 3.6367e-10 TSX
20141217 20160722 4.4244e-05 3.2182e-10 TSX
20141228 20160106 2.08e-05 3.8178e-10 TSX
20141231 20151024 7.8755e-05 4.2488e-10 TSX
20150105 20150824 0.00010185 4.8608e-10 TSX
20150108 20170811 4.5934e-05 2.8934e-10 TSX
20150119 20160117 2.4585e-05 3.8714e-10 TSX
20150127 20160411 0.00018145 3.7077e-10 TSX
20150130 20151112 -6.0855e-06 4.2841e-10 TSX
20150210 20170114 4.6791e-05 3.0282e-10 TSX
20150213 20160326 8.9539e-05 3.9119e-10 TSX
20150218 20160216 8.3535e-05 4.028e-10 TSX
20150221 20180112 5.488e-05 2.6792e-10 TSX
20150304 20180911 1.3992e-05 2.5995e-10 TSX
20150307 20160211 9.3362e-05 4.008e-10 TSX
20150312 20160320 4.6283e-05 3.9779e-10 TSX
20150326 20150827 1.4496e-05 5.4922e-10 TSX
20150329 20151207 7.397e-05 4.5475e-10 TSX
20150428 20160425 5.0781e-05 3.8663e-10 TSX
20150509 20150827 -1.9067e-05 6.1825e-10 TSX
20150517 20150824 -0.00018309 6.5607e-10 TSX
20150520 20180911 1.9503e-05 2.6508e-10 TSX
20150714 20170822 2.6298e-05 2.8971e-10 TSX
20150725 20170924 4.5581e-05 2.8974e-10 TSX
20150802 20160309 8.6355e-05 4.9591e-10 TSX
20150805 20160403 3.0829e-05 4.6122e-10 TSX
20150816 20171107 4.0872e-05 2.8789e-10 TSX
20150824 20150915 0.00062165 8.6129e-10 TSX
20150827 20170902 3.1169e-05 2.9473e-10 TSX
20150915 20160216 -2.1951e-05 5.6817e-10 TSX
20151021 20160904 -6.6502e-05 4.1246e-10 TSX
20151101 20171016 4.3674e-05 2.9837e-10 TSX
20151112 20160425 2.443e-05 5.3612e-10 TSX
20151115 20151229 0.00019951 7.7307e-10 TSX
20151123 20171221 2.8914e-05 2.9241e-10 TSX
20151204 20151215 0.00015633 9.7769e-10 TSX
20151207 20160406 9.1595e-06 6.0214e-10 TSX
20151215 20170822 3.381e-05 3.1312e-10 TSX
20151226 20161223 1.8973e-05 3.9336e-10 TSX
20151229 20160211 4.1637e-06 7.7307e-10 TSX
20160106 20161223 3.5686e-05 3.9795e-10 TSX
20160117 20160926 -1.3666e-05 4.5301e-10 TSX
20160128 20160301 -0.00018743 8.0633e-10 TSX
20160208 20160312 -8.5406e-05 8.0633e-10 TSX
20160216 20160309 -0.00037737 8.6129e-10 TSX
20160219 20180319 4.1607e-05 2.9613e-10 TSX
20160301 20161201 4.4685e-05 4.3879e-10 TSX
20160304 20160326 0.00010424 8.4825e-10 TSX
20160312 20180319 4.4307e-05 2.9824e-10 TSX
20160320 20160411 0.00050182 8.613e-10 TSX
20160323 20171118 3.1788e-05 3.1735e-10 TSX
20160326 20160406 -0.00052234 9.672e-10 TSX
20160403 20171027 8.0142e-06 3.219e-10 TSX
20160425 20170811 1.7428e-05 3.4659e-10 TSX
20160528 20160630 -2.511e-05 8.0633e-10 TSX
20160630 20171118 3.283e-05 3.3965e-10 TSX
20160722 20161201 7.6723e-05 5.8135e-10 TSX
20160904 20180707 3.5211e-05 3.2309e-10 TSX
20160915 20180911 1.5679e-05 3.0011e-10 TSX
20160926 20170114 4.7281e-05 6.18e-10 TSX
20161201 20171027 -8.3201e-06 4.0699e-10 TSX
20161223 20171107 5.7251e-06 4.0904e-10 TSX
20170114 20170902 -1.0808e-05 4.6865e-10 TSX
20170811 20171005 -0.00010004 7.4122e-10 TSX
20170822 20180707 -1.523e-05 4.138e-10 TSX
20170913 20180707 -5.7378e-05 4.2505e-10 TSX
20170924 20180319 -1.5379e-05 5.232e-10 TSX
20171005 20171107 2.7858e-05 8.0633e-10 TSX
20171016 20180319 -3.1153e-05 5.5009e-10 TSX
20171027 20180911 -3.3027e-05 4.1369e-10 TSX
20171107 20171118 6.7431e-05 9.7769e-10 TSX
20171118 20171129 4.5979e-05 9.7769e-10 TSX
20171129 20171221 -3.4377e-05 8.5046e-10 TSX
20171210 20180820 -2.3484e-05 4.5343e-10 TSX
20171221 20180911 -7.3658e-06 4.4566e-10 TSX
20180112 20181003 2.8689e-05 4.4561e-10 TSX
20180319 20180707 -6.7246e-05 6.18e-10 TSX
20180707 20180911 0.00010147 7.1246e-10 TSX
20180729 20181003 3.0919e-05 7.1246e-10 TSX
20180820 20181003 0.00017813 7.7222e-10 TSX
20180911 20181003 -6.9272e-05 8.5046e-10 TSX
