20030427 20030914 0.0008635 6.5133e-10 ERS2
20030914 20080629 0.00014701 3.9029e-10 ERS2
20050918 20090510 1.2573e-06 4.1348e-10 ERS2
20051127 20081116 -1.7438e-05 4.1461e-10 ERS2
20060903 20090510 -1.5202e-05 4.2627e-10 ERS2
20061231 20090105 -5.7003e-05 3.34e-10 ALOS
20070402 20070703 -0.000254 7.2274e-10 ALOS
20070518 20091008 -1.4488e-05 3.1565e-10 ALOS
20070818 20071003 -0.00045852 8.0982e-10 ALOS
20071217 20100509 -2.1003e-05 3.1822e-10 ALOS
20080103 20100526 9.3724e-05 3.1395e-10 ALOS
20080404 20080520 9.9358e-05 8.0982e-10 ALOS
20080618 20090921 -0.00016325 4.0903e-10 ALOS
20080629 20090510 -0.00022646 5.1205e-10 ERS2
20080705 20091008 -0.00021989 3.9881e-10 ALOS
20080803 20090823 1.2073e-08 4.8652e-10 ERS2
20081116 20090823 -4.7943e-05 5.3176e-10 ERS2
20081219 20090921 0.00028959 4.9568e-10 ALOS
20090105 20090708 0.00010212 5.882e-10 ALOS
20090510 20091101 0.0005084 6.2316e-10 ERS2
20090708 20091008 0.0002815 7.2271e-10 ALOS
20090823 20091101 0.0001054 7.6092e-10 ERS2
20091222 20100624 0.0003057 5.8456e-10 ALOS
20100108 20100223 9.3167e-05 8.0993e-10 ALOS
20100223 20100526 -1.2044e-05 7.2305e-10 ALOS
20100410 20100711 -0.00015161 7.2274e-10 ALOS
20100509 20100624 0.00081082 8.0786e-10 ALOS
20100526 20100711 0.00045713 8.0983e-10 ALOS
20100624 20101109 -0.0001329 6.4554e-10 ALOS
20100711 20101011 -0.00030212 7.2277e-10 ALOS
20100809 20101109 -0.00020407 7.1985e-10 ALOS
20101011 20101126 0.00026108 8.0983e-10 ALOS
20110111 20110226 0.00072049 8.0982e-10 ALOS
20110924 20130715 0.00015043 3.4581e-10 TSX
20111005 20121229 3.7352e-05 4.0318e-10 TSX
20111121 20171221 -1.086e-05 3.7653e-10 TSX
20111221 20130131 8.3367e-05 4.238e-10 TSX
20111224 20121027 -1.2081e-05 5.3299e-10 TSX
20120126 20140419 -1.3878e-05 4.1011e-10 TSX
20120203 20160320 -4.7139e-05 2.482e-10 TSX
20120206 20171107 1.439e-06 5.116e-10 TSX
20120617 20171129 -8.0417e-06 4.0418e-10 TSX
20120723 20160120 8.2278e-05 2.7797e-10 TSX
20121024 20130109 0.00014484 7.5354e-10 TSX
20121027 20151226 -1.9365e-05 3.8546e-10 TSX
20121030 20130311 1.8464e-05 6.4562e-10 TSX
20121107 20171118 -7.6073e-06 3.8203e-10 TSX
20121221 20160208 1.4866e-05 3.8627e-10 TSX
20121224 20130516 -0.00019345 6.2948e-10 TSX
20121229 20130407 -5.5112e-06 7.1484e-10 TSX
20130104 20130217 1.2413e-06 8.0693e-10 TSX
20130109 20130715 0.00010925 5.8992e-10 TSX
20130112 20140511 -2.2347e-05 4.731e-10 TSX
20130115 20130721 -0.00024284 5.7201e-10 TSX
20130126 20130823 -0.00030605 5.7258e-10 TSX
20130131 20130429 -0.00014561 7.3382e-10 TSX
20130203 20130729 -2.4246e-05 6.269e-10 TSX
20130211 20130919 -3.6877e-05 5.541e-10 TSX
20130228 20141209 2.8107e-05 3.3904e-10 TSX
20130311 20130801 -8.4637e-05 6.294e-10 TSX
20130316 20130623 1.8778e-05 7.1485e-10 TSX
20130402 20150122 0.00014873 4.3581e-10 TSX
20130407 20140530 -4.0222e-05 4.1808e-10 TSX
20130421 20171016 -1.3536e-05 4.2575e-10 TSX
20130424 20130721 -0.00032369 7.1947e-10 TSX
20130429 20130623 -8.1925e-05 7.9478e-10 TSX
20130505 20131028 -0.00094328 6.4354e-10 TSX
20130513 20151112 -6.7887e-07 4.093e-10 TSX
20130516 20131017 -0.00029906 6.5436e-10 TSX
20130521 20130715 0.00024301 7.9482e-10 TSX
20130524 20171129 -8.5455e-06 4.343e-10 TSX
20130527 20140627 6.5264e-06 4.2534e-10 TSX
20130601 20130930 0.00018201 6.7914e-10 TSX
20130604 20141217 4.7323e-06 4.598e-10 TSX
20130607 20140719 2.437e-05 4.2066e-10 TSX
20130612 20150105 3.0897e-05 3.6447e-10 TSX
20130615 20160106 -4.5439e-06 3.9949e-10 TSX
20130618 20140708 -6.0721e-05 4.3063e-10 TSX
20130623 20130715 0.00066973 8.7963e-10 TSX
20130629 20130914 0.00043207 7.4107e-10 TSX
20130707 20150130 1.9156e-05 4.6032e-10 TSX
20130710 20140901 3.4618e-05 4.1763e-10 TSX
20130715 20130726 -0.0025729 1.0231e-09 TSX
20130721 20131108 0.00094415 6.9916e-10 TSX
20130726 20150517 0.00037676 3.4375e-10 TSX
20130729 20160904 -1.3432e-05 3.9502e-10 TSX
20130801 20151115 4.674e-05 3.0701e-10 TSX
20130817 20140209 -7.4461e-05 6.031e-10 TSX
20130828 20150312 7.0907e-05 3.6788e-10 TSX
20130903 20150329 -0.00034694 3.6093e-10 TSX
20130919 20160309 4.0427e-05 2.8567e-10 TSX
20130925 20140708 -1.2133e-05 4.8017e-10 TSX
20130930 20160411 1.1136e-05 2.8151e-10 TSX
20131011 20150802 -1.8776e-05 3.4206e-10 TSX
20131017 20140719 -8.6137e-05 4.8705e-10 TSX
20131028 20160304 -3.8095e-05 2.9305e-10 TSX
20131102 20140519 -0.00029646 5.7749e-10 TSX
20131108 20140708 -1.5401e-05 5.1468e-10 TSX
20140209 20160309 1.329e-05 3.223e-10 TSX
20140223 20140829 4.4067e-06 6.1595e-10 TSX
20140408 20140705 3.2086e-06 7.3729e-10 TSX
20140419 20170913 9.7019e-06 4.6783e-10 TSX
20140511 20141228 3.6275e-05 5.7851e-10 TSX
20140519 20150824 0.00018835 3.9802e-10 TSX
20140624 20171005 -1.7541e-06 4.4456e-10 TSX
20140627 20151115 -2.6663e-05 3.7079e-10 TSX
20140705 20180911 -3.4744e-06 3.9327e-10 TSX
20140708 20160406 6.8617e-05 3.3857e-10 TSX
20140716 20171005 -3.7101e-06 4.1181e-10 TSX
20140719 20151207 3.7579e-05 3.7174e-10 TSX
20140727 20150326 2.4292e-05 5.7087e-10 TSX
20140810 20150122 -2.4784e-05 5.9899e-10 TSX
20140818 20160301 7.5174e-06 4.3938e-10 TSX
20140829 20160208 1.072e-05 4.4276e-10 TSX
20140901 20140912 -0.00030599 9.7863e-10 TSX
20140912 20141209 7.1003e-05 7.1946e-10 TSX
20140920 20170902 2.8523e-05 4.0472e-10 TSX
20141209 20160211 -2.2394e-05 3.9949e-10 TSX
20141217 20160722 -2.0892e-06 4.3717e-10 TSX
20141228 20160106 1.1331e-05 4.9054e-10 TSX
20141231 20151024 3.5085e-05 4.7149e-10 TSX
20150105 20150824 -6.3119e-05 5.4297e-10 TSX
20150108 20170811 -1.1894e-05 4.2113e-10 TSX
20150119 20160117 2.7205e-05 4.9569e-10 TSX
20150127 20160411 0.00011819 4.0569e-10 TSX
20150130 20151112 -2.1054e-05 5.3583e-10 TSX
20150210 20170114 1.9464e-05 4.473e-10 TSX
20150213 20160326 0.00016199 4.175e-10 TSX
20150218 20160216 6.4731e-05 4.4518e-10 TSX
20150221 20180112 6.8297e-06 4.0347e-10 TSX
20150304 20180911 1.0514e-05 4.1802e-10 TSX
20150307 20160211 2.2701e-05 4.4312e-10 TSX
20150312 20160320 -2.2171e-05 4.3883e-10 TSX
20150326 20150827 -1.704e-05 6.4321e-10 TSX
20150329 20151207 -2.1141e-05 5.0592e-10 TSX
20150428 20160425 1.1051e-05 4.9482e-10 TSX
20150509 20150827 -7.4815e-05 7.0251e-10 TSX
20150517 20150824 -0.00029657 7.1486e-10 TSX
20150520 20180911 2.9057e-05 4.7504e-10 TSX
20150714 20170822 -3.4693e-06 4.4866e-10 TSX
20150725 20170924 -1.1212e-05 4.3507e-10 TSX
20150802 20160309 -9.5916e-05 5.5411e-10 TSX
20150805 20160403 2.6572e-05 5.7002e-10 TSX
20150816 20171107 -1.6594e-05 4.2568e-10 TSX
20150824 20150915 0.00070501 8.7952e-10 TSX
20150827 20170902 3.7213e-06 4.2827e-10 TSX
20150915 20160216 -8.7468e-05 6.3132e-10 TSX
20151021 20160904 8.2116e-06 5.2487e-10 TSX
20151101 20171016 1.6989e-05 4.4678e-10 TSX
20151112 20160425 1.3197e-05 6.3671e-10 TSX
20151115 20151229 0.00020365 8.0692e-10 TSX
20151123 20171221 5.109e-06 4.3242e-10 TSX
20151204 20151215 0.00014292 9.9124e-10 TSX
20151207 20160406 -3.6965e-05 6.6267e-10 TSX
20151215 20170822 2.6523e-06 4.6888e-10 TSX
20151226 20161223 1.1802e-05 5.0898e-10 TSX
20151229 20160211 1.4788e-05 8.0692e-10 TSX
20160106 20161223 1.8392e-05 5.1376e-10 TSX
20160117 20160926 -1.6517e-05 5.6222e-10 TSX
20160128 20160301 -0.00016215 8.3856e-10 TSX
20160208 20160312 -8.3656e-05 8.3856e-10 TSX
20160216 20160309 -0.00044956 8.7952e-10 TSX
20160219 20180319 -1.8901e-05 4.1378e-10 TSX
20160301 20161201 -8.5909e-06 5.5031e-10 TSX
20160304 20160326 7.1075e-05 8.658e-10 TSX
20160312 20180319 -3.0577e-05 4.2251e-10 TSX
20160320 20160411 0.00040446 8.7953e-10 TSX
20160323 20171118 -1.5731e-05 4.3264e-10 TSX
20160326 20160406 -0.00055631 9.7855e-10 TSX
20160403 20171027 -2.1222e-05 4.3542e-10 TSX
20160425 20170811 2.9316e-06 4.5748e-10 TSX
20160528 20160630 -3.9634e-05 8.3856e-10 TSX
20160630 20171118 1.9112e-05 4.5227e-10 TSX
20160722 20161201 4.5287e-05 6.7254e-10 TSX
20160904 20180707 2.4101e-05 4.4513e-10 TSX
20160915 20180911 5.1046e-06 4.1897e-10 TSX
20160926 20170114 7.2736e-05 7.0289e-10 TSX
20161201 20171027 8.9826e-06 5.1977e-10 TSX
20161223 20171107 -2.6389e-05 5.1641e-10 TSX
20170114 20170902 -3.2333e-05 5.6614e-10 TSX
20170811 20171005 -3.299e-05 7.948e-10 TSX
20170822 20180707 3.2494e-05 5.2793e-10 TSX
20170913 20180707 4.6818e-06 5.3722e-10 TSX
20170924 20180319 4.3228e-05 6.2707e-10 TSX
20171005 20171107 4.4575e-05 8.3856e-10 TSX
20171016 20180319 4.8199e-05 6.4768e-10 TSX
20171027 20180911 2.9452e-05 5.2819e-10 TSX
20171107 20171118 6.9964e-05 9.9124e-10 TSX
20171118 20171129 5.3774e-05 9.9124e-10 TSX
20171129 20171221 -2.3285e-05 8.7205e-10 TSX
20171210 20180820 1.3703e-05 5.6347e-10 TSX
20171221 20180911 2.8748e-05 5.5662e-10 TSX
20180112 20181003 7.9527e-05 5.5641e-10 TSX
20180319 20180707 -3.3069e-05 7.0293e-10 TSX
20180707 20180911 0.00017519 7.7494e-10 TSX
20180729 20181003 -7.7149e-06 7.7494e-10 TSX
20180820 20181003 0.00014072 8.1554e-10 TSX
20180911 20181003 -0.0001742 8.7205e-10 TSX
