20030427 20030914 0.00033326 5.6905e-10 ERS2
20030914 20080629 -4.3107e-05 2.7383e-10 ERS2
20050918 20090510 -7.9918e-06 2.9971e-10 ERS2
20051127 20081116 0.00014198 3.0841e-10 ERS2
20060903 20090510 2.5004e-05 3.0535e-10 ERS2
20061231 20090105 1.9164e-05 3.1241e-10 ALOS
20070402 20070703 -0.00018717 6.6637e-10 ALOS
20070518 20091008 -3.9615e-05 2.9851e-10 ALOS
20070818 20071003 -0.00045204 7.7553e-10 ALOS
20071217 20100509 -2.2639e-05 2.9962e-10 ALOS
20080103 20100526 -2.6964e-05 2.9713e-10 ALOS
20080404 20080520 2.5421e-05 7.7554e-10 ALOS
20080618 20090921 1.6229e-07 3.7241e-10 ALOS
20080629 20090510 -0.00018984 4.1206e-10 ERS2
20080705 20091008 -5.0689e-05 3.6503e-10 ALOS
20080803 20090823 -3.4415e-05 3.8323e-10 ERS2
20081116 20090823 6.7752e-05 4.3193e-10 ERS2
20081219 20090921 -4.0096e-05 4.4608e-10 ALOS
20090105 20090708 -6.4812e-05 5.2813e-10 ALOS
20090510 20091101 0.00037965 5.2043e-10 ERS2
20090708 20091008 -3.2346e-05 6.6637e-10 ALOS
20090823 20091101 6.3271e-05 6.9876e-10 ERS2
20091222 20100624 4.4311e-05 5.2529e-10 ALOS
20100108 20100223 -0.00022061 7.7556e-10 ALOS
20100223 20100526 -4.3917e-05 6.6647e-10 ALOS
20100410 20100711 -0.00015609 6.6637e-10 ALOS
20100509 20100624 0.00069278 7.735e-10 ALOS
20100526 20100711 0.00029531 7.7554e-10 ALOS
20100624 20101109 -0.0001634 5.8404e-10 ALOS
20100711 20101011 -0.00039794 6.6639e-10 ALOS
20100809 20101109 -4.9185e-05 6.6366e-10 ALOS
20101011 20101126 0.00028293 7.7554e-10 ALOS
20110111 20110226 0.00049299 7.7553e-10 ALOS
20110924 20130715 2.0355e-05 3.2346e-10 TSX
20111005 20121229 1.4008e-05 3.6872e-10 TSX
20111121 20171221 1.1358e-05 2.4356e-10 TSX
20111221 20130131 5.9878e-05 3.8558e-10 TSX
20111224 20121027 -1.4164e-05 4.1955e-10 TSX
20120126 20140419 -1.9918e-05 2.907e-10 TSX
20120203 20160320 1.838e-05 2.4325e-10 TSX
20120206 20171107 1.1312e-07 2.4016e-10 TSX
20120617 20171129 1.1145e-05 2.4932e-10 TSX
20120723 20160120 2.3884e-05 2.6259e-10 TSX
20121024 20130109 0.0002019 7.018e-10 TSX
20121027 20151226 -5.0395e-06 2.662e-10 TSX
20121030 20130311 3.8483e-05 5.8468e-10 TSX
20121107 20171118 7.3804e-06 2.5225e-10 TSX
20121221 20160208 -4.0039e-06 2.6391e-10 TSX
20121224 20130516 -0.00012626 5.6851e-10 TSX
20121229 20130407 9.9776e-05 6.5622e-10 TSX
20130104 20130217 -2.2446e-05 7.7333e-10 TSX
20130109 20130715 -1.8674e-05 5.2853e-10 TSX
20130112 20140511 -1.3354e-05 3.5421e-10 TSX
20130115 20130721 -0.00013442 5.1396e-10 TSX
20130126 20130823 -0.00011511 4.9159e-10 TSX
20130131 20130429 -1.2923e-05 6.7815e-10 TSX
20130203 20130729 -5.0989e-05 5.2319e-10 TSX
20130211 20130919 -2.038e-05 4.9597e-10 TSX
20130228 20141209 3.7358e-05 3.1268e-10 TSX
20130311 20130801 -5.0341e-05 5.6846e-10 TSX
20130316 20130623 3.1811e-05 6.5623e-10 TSX
20130402 20150122 8.2459e-05 3.0394e-10 TSX
20130407 20140530 -1.4876e-05 3.8092e-10 TSX
20130421 20171016 1.117e-05 2.4977e-10 TSX
20130424 20130721 -0.00024666 6.6407e-10 TSX
20130429 20130623 -8.0051e-05 7.5448e-10 TSX
20130505 20131028 -0.00041346 5.2806e-10 TSX
20130513 20151112 -6.8669e-06 2.7879e-10 TSX
20130516 20131017 -0.00019587 5.5446e-10 TSX
20130521 20130715 9.4929e-05 7.545e-10 TSX
20130524 20171129 1.2352e-05 2.5313e-10 TSX
20130527 20140627 4.2301e-06 3.836e-10 TSX
20130601 20130930 -4.4928e-05 6.1707e-10 TSX
20130604 20141217 7.1275e-06 3.3864e-10 TSX
20130607 20140719 6.5442e-06 3.8028e-10 TSX
20130612 20150105 1.4376e-05 3.3804e-10 TSX
20130615 20160106 1.4692e-05 2.7732e-10 TSX
20130618 20140708 -2.4934e-05 3.8776e-10 TSX
20130623 20130715 0.00050394 8.6237e-10 TSX
20130629 20130914 9.0718e-05 6.884e-10 TSX
20130707 20150130 6.2106e-06 3.3842e-10 TSX
20130710 20140901 1.4954e-05 3.7688e-10 TSX
20130715 20130726 -0.0024789 1.0116e-09 TSX
20130721 20131108 0.00066745 6.2097e-10 TSX
20130726 20150517 0.00017968 3.2278e-10 TSX
20130729 20160904 -2.2955e-06 2.6711e-10 TSX
20130801 20151115 2.3475e-05 2.8517e-10 TSX
20130817 20140209 0.00010082 5.4101e-10 TSX
20130828 20150312 4.0076e-05 3.4039e-10 TSX
20130903 20150329 -0.00011739 3.1841e-10 TSX
20130919 20160309 3.2604e-05 2.7448e-10 TSX
20130925 20140708 1.7416e-05 4.3131e-10 TSX
20130930 20160411 3.0905e-05 2.7215e-10 TSX
20131011 20150802 2.1728e-05 3.2029e-10 TSX
20131017 20140719 -4.8402e-06 4.3877e-10 TSX
20131028 20160304 -1.6944e-05 2.8076e-10 TSX
20131102 20140519 -0.0001026 5.1713e-10 TSX
20131108 20140708 -2.4573e-05 4.6282e-10 TSX
20140209 20160309 3.6217e-06 3.0543e-10 TSX
20140223 20140829 -2.5031e-06 5.1117e-10 TSX
20140408 20140705 -7.542e-06 6.6151e-10 TSX
20140419 20170913 2.2307e-05 2.5253e-10 TSX
20140511 20141228 4.7958e-06 4.7012e-10 TSX
20140519 20150824 0.00011025 3.6432e-10 TSX
20140624 20171005 1.5166e-05 2.6126e-10 TSX
20140627 20151115 -4.0469e-07 3.4116e-10 TSX
20140705 20180911 1.9722e-05 2.5566e-10 TSX
20140708 20160406 5.6637e-05 3.1194e-10 TSX
20140716 20171005 6.3199e-06 2.6365e-10 TSX
20140719 20151207 1.1473e-05 3.4069e-10 TSX
20140727 20150326 -8.2307e-06 4.6165e-10 TSX
20140810 20150122 4.4412e-05 5.392e-10 TSX
20140818 20160301 3.1696e-06 3.2502e-10 TSX
20140829 20160208 5.5125e-06 3.3149e-10 TSX
20140901 20140912 -0.0003139 9.681e-10 TSX
20140912 20141209 0.00011692 6.6407e-10 TSX
20140920 20170902 3.3009e-05 2.636e-10 TSX
20141209 20160211 -2.1527e-05 3.6351e-10 TSX
20141217 20160722 -1.2635e-05 3.1965e-10 TSX
20141228 20160106 2.337e-05 3.8205e-10 TSX
20141231 20151024 -8.3075e-06 4.2498e-10 TSX
20150105 20150824 3.6369e-05 4.861e-10 TSX
20150108 20170811 4.3248e-07 2.7258e-10 TSX
20150119 20160117 8.5333e-07 3.8711e-10 TSX
20150127 20160411 6.6498e-05 3.711e-10 TSX
20150130 20151112 -3.6956e-06 4.2848e-10 TSX
20150210 20170114 1.192e-05 2.985e-10 TSX
20150213 20160326 2.2935e-05 4.2519e-10 TSX
20150218 20160216 2.2845e-05 4.029e-10 TSX
20150221 20180112 1.6416e-05 2.6106e-10 TSX
20150304 20180911 1.7552e-05 2.5414e-10 TSX
20150307 20160211 1.0808e-05 4.0074e-10 TSX
20150312 20160320 -4.0487e-06 3.9772e-10 TSX
20150326 20150827 -5.127e-05 5.4987e-10 TSX
20150329 20151207 -9.5236e-06 4.5484e-10 TSX
20150428 20160425 1.4835e-05 3.8682e-10 TSX
20150509 20150827 -8.5402e-05 6.1808e-10 TSX
20150517 20150824 -0.00018229 6.5623e-10 TSX
20150520 20180911 9.2565e-08 2.6278e-10 TSX
20150714 20170822 -3.8258e-06 2.8934e-10 TSX
20150725 20170924 1.7983e-06 2.8785e-10 TSX
20150802 20160309 -9.9984e-06 4.9595e-10 TSX
20150805 20160403 3.0783e-05 4.6122e-10 TSX
20150816 20171107 2.5568e-06 2.8654e-10 TSX
20150824 20150915 0.0006168 8.6226e-10 TSX
20150827 20170902 1.6548e-05 2.9481e-10 TSX
20150915 20160216 -4.7991e-05 5.6824e-10 TSX
20151021 20160904 6.9274e-06 4.1237e-10 TSX
20151101 20171016 1.0006e-05 2.9874e-10 TSX
20151112 20160425 1.2685e-05 5.3618e-10 TSX
20151115 20151229 0.00016791 7.7333e-10 TSX
20151123 20171221 8.6556e-06 2.9344e-10 TSX
20151204 20151215 0.00012737 9.7916e-10 TSX
20151207 20160406 1.5453e-06 6.0218e-10 TSX
20151215 20170822 1.8142e-05 3.132e-10 TSX
20151226 20161223 -5.1152e-06 3.9356e-10 TSX
20151229 20160211 -4.799e-06 7.7333e-10 TSX
20160106 20161223 -1.573e-05 3.9823e-10 TSX
20160117 20160926 -2.7265e-05 4.531e-10 TSX
20160128 20160301 -0.00014931 8.0728e-10 TSX
20160208 20160312 -9.7797e-05 8.0728e-10 TSX
20160216 20160309 -0.00039877 8.6226e-10 TSX
20160219 20180319 1.9874e-05 2.9524e-10 TSX
20160301 20161201 1.8622e-05 4.3858e-10 TSX
20160304 20160326 0.0001001 8.4887e-10 TSX
20160312 20180319 1.5184e-05 2.9753e-10 TSX
20160320 20160411 0.00045053 8.6227e-10 TSX
20160323 20171118 1.2754e-05 3.1733e-10 TSX
20160326 20160406 -0.00058705 9.6803e-10 TSX
20160403 20171027 1.2414e-05 3.2214e-10 TSX
20160425 20170811 1.4919e-05 3.4659e-10 TSX
20160528 20160630 -3.9813e-05 8.0728e-10 TSX
20160630 20171118 2.4671e-05 3.3909e-10 TSX
20160722 20161201 8.6044e-05 5.8145e-10 TSX
20160904 20180707 -3.0336e-06 3.226e-10 TSX
20160915 20180911 2.2787e-05 3.0141e-10 TSX
20160926 20170114 7.505e-05 6.1814e-10 TSX
20161201 20171027 -8.969e-06 4.071e-10 TSX
20161223 20171107 1.7379e-05 4.0909e-10 TSX
20170114 20170902 -6.972e-07 4.6874e-10 TSX
20170811 20171005 -5.7284e-05 7.4172e-10 TSX
20170822 20180707 3.634e-05 4.137e-10 TSX
20170913 20180707 -6.5478e-06 4.2513e-10 TSX
20170924 20180319 5.8611e-05 5.2327e-10 TSX
20171005 20171107 2.5021e-05 8.0728e-10 TSX
20171016 20180319 3.969e-05 5.5018e-10 TSX
20171027 20180911 3.1016e-05 4.1363e-10 TSX
20171107 20171118 6.4739e-05 9.7916e-10 TSX
20171118 20171129 4.5934e-05 9.7916e-10 TSX
20171129 20171221 -2.8088e-05 8.517e-10 TSX
20171210 20180820 3.2734e-05 4.5352e-10 TSX
20171221 20180911 4.0213e-05 4.4574e-10 TSX
20180112 20181003 3.8194e-05 4.4575e-10 TSX
20180319 20180707 -1.1424e-05 6.1815e-10 TSX
20180707 20180911 9.266e-05 7.1282e-10 TSX
20180729 20181003 -9.4236e-05 7.1282e-10 TSX
20180820 20181003 6.0915e-05 7.7291e-10 TSX
20180911 20181003 -0.00014018 8.517e-10 TSX
