20030427 20030914 0.0010484 5.6652e-10 ERS2
20030914 20080629 2.8791e-05 2.7206e-10 ERS2
20050918 20090510 -4.4984e-05 3.0669e-10 ERS2
20051127 20081116 -8.6455e-05 3.0853e-10 ERS2
20060903 20090510 0.00012482 3.0839e-10 ERS2
20061231 20090105 1.9018e-05 3.1969e-10 ALOS
20070402 20070703 6.5694e-05 6.6701e-10 ALOS
20070518 20091008 0.0001994 3.5988e-10 ALOS
20070818 20071003 -0.00022671 7.7547e-10 ALOS
20071217 20100509 8.9786e-05 3.2636e-10 ALOS
20080103 20100526 -0.00019026 3.3234e-10 ALOS
20080404 20080520 0.00011864 7.7553e-10 ALOS
20080618 20090921 9.913e-06 3.9043e-10 ALOS
20080629 20090510 -0.00040584 4.1368e-10 ERS2
20080705 20091008 0.0006369 3.6674e-10 ALOS
20080803 20090823 7.7809e-05 3.8327e-10 ERS2
20081116 20090823 0.00011825 4.3292e-10 ERS2
20081219 20090921 0.00091529 4.7058e-10 ALOS
20090105 20090708 4.7465e-05 5.4131e-10 ALOS
20090510 20091101 -0.00025057 5.2303e-10 ERS2
20090708 20091008 0.00022818 6.6662e-10 ALOS
20090823 20091101 -0.00019049 6.9853e-10 ERS2
20091222 20100624 0.00027433 5.2741e-10 ALOS
20100108 20100223 0.00039056 7.7551e-10 ALOS
20100223 20100526 -6.1854e-05 6.6745e-10 ALOS
20100410 20100711 -0.00015135 6.6699e-10 ALOS
20100509 20100624 0.00066339 7.7337e-10 ALOS
20100526 20100711 0.00040726 7.754e-10 ALOS
20100624 20101109 6.0683e-05 5.8401e-10 ALOS
20100711 20101011 0.00016056 6.6717e-10 ALOS
20100809 20101109 -0.00016185 6.6361e-10 ALOS
20101011 20101126 0.00012477 7.754e-10 ALOS
20110111 20110226 0.00049437 7.7536e-10 ALOS
20110924 20130715 -1.4031e-05 3.364e-10 TSX
20111005 20121229 -0.00011933 3.6987e-10 TSX
20111121 20171221 3.7328e-05 4.2059e-10 TSX
20111221 20130131 1.2064e-05 3.8547e-10 TSX
20111224 20121027 0.00012065 4.2068e-10 TSX
20120126 20140419 9.628e-05 3.7044e-10 TSX
20120203 20160320 0.00011849 2.7581e-10 TSX
20120206 20171107 7.7417e-05 3.7039e-10 TSX
20120617 20171129 -3.2454e-07 3.8839e-10 TSX
20120723 20160120 -1.4421e-05 3.1605e-10 TSX
20121024 20130109 6.5871e-05 7.0171e-10 TSX
20121027 20151226 -2.8035e-05 4.0294e-10 TSX
20121030 20130311 4.2119e-05 5.8474e-10 TSX
20121107 20171118 5.0487e-05 3.9754e-10 TSX
20121221 20160208 -2.9086e-09 3.8784e-10 TSX
20121224 20130516 -1.5324e-05 5.6911e-10 TSX
20121229 20130407 8.5386e-05 6.5638e-10 TSX
20130104 20130217 8.12e-05 7.733e-10 TSX
20130109 20130715 3.9781e-05 5.3362e-10 TSX
20130112 20140511 0.00014993 3.911e-10 TSX
20130115 20130721 -0.00023145 5.1533e-10 TSX
20130126 20130823 -0.00022877 5.1822e-10 TSX
20130131 20130429 -7.3639e-05 6.7807e-10 TSX
20130203 20130729 0.00017331 5.2617e-10 TSX
20130211 20130919 -0.00010394 4.9781e-10 TSX
20130228 20141209 3.9046e-07 3.3165e-10 TSX
20130311 20130801 -7.1374e-05 5.6894e-10 TSX
20130316 20130623 -0.0001123 6.5626e-10 TSX
20130402 20150122 0.00011577 3.3849e-10 TSX
20130407 20140530 -5.5373e-05 3.8697e-10 TSX
20130421 20171016 6.9926e-05 3.5408e-10 TSX
20130424 20130721 -0.00032037 6.6418e-10 TSX
20130429 20130623 -0.0001029 7.5445e-10 TSX
20130505 20131028 -0.00060627 5.3909e-10 TSX
20130513 20151112 9.218e-05 4.1146e-10 TSX
20130516 20131017 -0.00027017 5.8038e-10 TSX
20130521 20130715 0.0001917 7.545e-10 TSX
20130524 20171129 8.99e-05 4.1046e-10 TSX
20130527 20140627 -1.0334e-05 3.8859e-10 TSX
20130601 20130930 0.00012668 6.1728e-10 TSX
20130604 20141217 0.00011148 3.6352e-10 TSX
20130607 20140719 -2.5306e-05 3.8209e-10 TSX
20130612 20150105 -6.1443e-05 3.5265e-10 TSX
20130615 20160106 -1.289e-05 4.1291e-10 TSX
20130618 20140708 -4.7255e-05 3.9267e-10 TSX
20130623 20130715 0.00068673 8.6222e-10 TSX
20130629 20130914 0.00019096 6.906e-10 TSX
20130707 20150130 0.00013959 3.6104e-10 TSX
20130710 20140901 -3.6213e-05 3.8366e-10 TSX
20130715 20130726 -0.0024948 1.0113e-09 TSX
20130721 20131108 0.00065928 6.2277e-10 TSX
20130726 20150517 2.9151e-05 3.3294e-10 TSX
20130729 20160904 -6.4416e-06 3.9515e-10 TSX
20130801 20151115 0.00011409 3.2864e-10 TSX
20130817 20140209 -8.0879e-05 5.4113e-10 TSX
20130828 20150312 6.7533e-05 3.4407e-10 TSX
20130903 20150329 -6.643e-06 3.5019e-10 TSX
20130919 20160309 0.00012609 3.1779e-10 TSX
20130925 20140708 -5.2354e-05 4.3322e-10 TSX
20130930 20160411 8.7848e-05 2.9893e-10 TSX
20131011 20150802 -3.3147e-05 3.3957e-10 TSX
20131017 20140719 -1.7345e-05 4.4002e-10 TSX
20131028 20160304 -6.3524e-05 3.8252e-10 TSX
20131102 20140519 -0.00022052 5.1738e-10 TSX
20131108 20140708 -4.9637e-05 4.6492e-10 TSX
20140209 20160309 9.1069e-05 3.2411e-10 TSX
20140223 20140829 5.791e-05 5.1298e-10 TSX
20140408 20140705 -2.3943e-05 6.6166e-10 TSX
20140419 20170913 7.8049e-05 3.8493e-10 TSX
20140511 20141228 6.1711e-05 4.7011e-10 TSX
20140519 20150824 8.6211e-05 3.8159e-10 TSX
20140624 20171005 3.7422e-05 3.9143e-10 TSX
20140627 20151115 5.9348e-05 3.5121e-10 TSX
20140705 20180911 2.7392e-05 4.0349e-10 TSX
20140708 20160406 6.2681e-05 3.3159e-10 TSX
20140716 20171005 6.2903e-05 4.0274e-10 TSX
20140719 20151207 4.8666e-05 3.5204e-10 TSX
20140727 20150326 5.8904e-05 4.6222e-10 TSX
20140810 20150122 -1.2774e-05 5.3961e-10 TSX
20140818 20160301 0.00010441 3.9054e-10 TSX
20140829 20160208 0.00012021 3.9504e-10 TSX
20140901 20140912 -0.00030213 9.6783e-10 TSX
20140912 20141209 1.6189e-05 6.6408e-10 TSX
20140920 20170902 8.9663e-05 3.5077e-10 TSX
20141209 20160211 -2.6443e-05 3.7386e-10 TSX
20141217 20160722 9.264e-05 3.9626e-10 TSX
20141228 20160106 7.3914e-05 4.424e-10 TSX
20141231 20151024 5.4401e-05 4.2926e-10 TSX
20150105 20150824 -6.7422e-05 4.8886e-10 TSX
20150108 20170811 -1.1062e-05 3.4645e-10 TSX
20150119 20160117 0.00015787 4.4229e-10 TSX
20150127 20160411 -9.6425e-06 3.8286e-10 TSX
20150130 20151112 0.00015567 4.7694e-10 TSX
20150210 20170114 0.00014588 4.0165e-10 TSX
20150213 20160326 0.0001262 4.0202e-10 TSX
20150218 20160216 3.6288e-05 4.0958e-10 TSX
20150221 20180112 7.2149e-05 3.0874e-10 TSX
20150304 20180911 5.0709e-05 4.0795e-10 TSX
20150307 20160211 2.738e-05 4.0603e-10 TSX
20150312 20160320 -0.00010745 4.0494e-10 TSX
20150326 20150827 0.00018313 5.7329e-10 TSX
20150329 20151207 2.0024e-05 4.5659e-10 TSX
20150428 20160425 0.00017967 4.4616e-10 TSX
20150509 20150827 6.7962e-05 6.3409e-10 TSX
20150517 20150824 -3.4916e-05 6.5749e-10 TSX
20150520 20180911 1.9394e-05 4.1261e-10 TSX
20150714 20170822 0.00013616 4.0997e-10 TSX
20150725 20170924 0.00015118 3.6303e-10 TSX
20150802 20160309 -4.5918e-05 4.9713e-10 TSX
20150805 20160403 0.00018398 4.6472e-10 TSX
20150816 20171107 9.2981e-05 3.7479e-10 TSX
20150824 20150915 0.0007491 8.6202e-10 TSX
20150827 20170902 0.00015847 3.7187e-10 TSX
20150915 20160216 -9.898e-05 5.6897e-10 TSX
20151021 20160904 4.5603e-05 4.35e-10 TSX
20151101 20171016 0.00011734 3.943e-10 TSX
20151112 20160425 9.8707e-05 5.3618e-10 TSX
20151115 20151229 0.00011852 7.7325e-10 TSX
20151123 20171221 0.00013518 3.464e-10 TSX
20151204 20151215 0.00017392 9.7749e-10 TSX
20151207 20160406 -8.1298e-05 6.0217e-10 TSX
20151215 20170822 2.0725e-05 3.4609e-10 TSX
20151226 20161223 0.00017231 3.9621e-10 TSX
20151229 20160211 2.5273e-05 7.7326e-10 TSX
20160106 20161223 0.00018334 4.0353e-10 TSX
20160117 20160926 0.0001541 4.6583e-10 TSX
20160128 20160301 -0.00018092 8.0624e-10 TSX
20160208 20160312 -4.4541e-05 8.0624e-10 TSX
20160216 20160309 -0.00043347 8.6201e-10 TSX
20160219 20180319 0.00013059 3.3414e-10 TSX
20160301 20161201 0.00015868 4.4051e-10 TSX
20160304 20160326 0.00010201 8.4868e-10 TSX
20160312 20180319 0.00011646 3.555e-10 TSX
20160320 20160411 0.00035276 8.6202e-10 TSX
20160323 20171118 0.00016553 3.5104e-10 TSX
20160326 20160406 -0.00054855 9.6776e-10 TSX
20160403 20171027 0.00014945 3.4882e-10 TSX
20160425 20170811 0.00016215 3.7437e-10 TSX
20160528 20160630 3.505e-05 8.0626e-10 TSX
20160630 20171118 0.00019001 4.0141e-10 TSX
20160722 20161201 0.00027805 5.834e-10 TSX
20160904 20180707 9.0525e-05 3.5893e-10 TSX
20160915 20180911 9.1703e-05 3.4956e-10 TSX
20160926 20170114 0.00017332 6.2395e-10 TSX
20161201 20171027 0.00012075 4.2113e-10 TSX
20161223 20171107 0.00010826 4.2699e-10 TSX
20170114 20170902 5.7901e-05 4.9751e-10 TSX
20170811 20171005 3.9234e-05 7.4131e-10 TSX
20170822 20180707 -5.2874e-05 4.267e-10 TSX
20170913 20180707 -0.00014411 4.4463e-10 TSX
20170924 20180319 -2.2957e-05 5.2366e-10 TSX
20171005 20171107 3.6436e-05 8.0625e-10 TSX
20171016 20180319 2.6337e-05 5.5057e-10 TSX
20171027 20180911 -3.0507e-05 4.1507e-10 TSX
20171107 20171118 8.6018e-05 9.7749e-10 TSX
20171118 20171129 6.2834e-05 9.7749e-10 TSX
20171129 20171221 1.1231e-05 8.5032e-10 TSX
20171210 20180820 -6.1811e-05 4.5418e-10 TSX
20171221 20180911 -9.7752e-05 4.4689e-10 TSX
20180112 20181003 5.1839e-05 4.5117e-10 TSX
20180319 20180707 -0.00018286 6.1895e-10 TSX
20180707 20180911 0.00033026 7.1238e-10 TSX
20180729 20181003 0.00019678 7.1244e-10 TSX
20180820 20181003 0.00026805 7.7215e-10 TSX
20180911 20181003 -0.00014928 8.5032e-10 TSX
