20030427 20030914 0.00018749 5.6519e-10 ERS2
20030914 20080629 -0.00010446 2.7338e-10 ERS2
20050918 20090510 5.8528e-05 3.0332e-10 ERS2
20051127 20081116 -0.00012707 3.128e-10 ERS2
20060903 20090510 -0.00020438 3.1178e-10 ERS2
20061231 20090105 -0.00032002 3.1526e-10 ALOS
20070402 20070703 -8.1075e-05 6.6662e-10 ALOS
20070518 20091008 -0.00011993 2.9633e-10 ALOS
20070818 20071003 -0.0002149 7.7518e-10 ALOS
20071217 20100509 6.3873e-05 2.9954e-10 ALOS
20080103 20100526 -0.00010789 3.047e-10 ALOS
20080404 20080520 -4.7184e-05 7.754e-10 ALOS
20080618 20090921 1.1614e-05 3.7203e-10 ALOS
20080629 20090510 0.00010336 4.136e-10 ERS2
20080705 20091008 -1.104e-05 3.6528e-10 ALOS
20080803 20090823 2.7671e-05 3.8303e-10 ERS2
20081116 20090823 -7.4876e-05 4.3203e-10 ERS2
20081219 20090921 2.9371e-05 4.4618e-10 ALOS
20090105 20090708 -3.4043e-05 5.3047e-10 ALOS
20090510 20091101 0.00024245 5.2129e-10 ERS2
20090708 20091008 9.6646e-05 6.6673e-10 ALOS
20090823 20091101 -0.00080975 6.9838e-10 ERS2
20091222 20100624 7.6178e-06 5.2741e-10 ALOS
20100108 20100223 -0.00038398 7.762e-10 ALOS
20100223 20100526 -8.6518e-05 6.686e-10 ALOS
20100410 20100711 -0.00015245 6.6718e-10 ALOS
20100509 20100624 0.00056094 7.7319e-10 ALOS
20100526 20100711 0.00040962 7.7521e-10 ALOS
20100624 20101109 -0.0001867 5.8399e-10 ALOS
20100711 20101011 -0.00018914 6.6664e-10 ALOS
20100809 20101109 -8.0288e-05 6.6356e-10 ALOS
20101011 20101126 0.00028171 7.7522e-10 ALOS
20110111 20110226 0.00047664 7.7516e-10 ALOS
20110924 20130715 -5.4851e-05 3.2425e-10 TSX
20111005 20121229 -2.5394e-05 3.6864e-10 TSX
20111121 20171221 -2.9789e-06 2.5882e-10 TSX
20111221 20130131 -6.6486e-05 3.8534e-10 TSX
20111224 20121027 2.9768e-05 4.1917e-10 TSX
20120126 20140419 -3.0429e-05 2.9731e-10 TSX
20120203 20160320 -8.5649e-05 2.444e-10 TSX
20120206 20171107 2.1842e-05 2.4479e-10 TSX
20120617 20171129 -4.4325e-06 2.5173e-10 TSX
20120723 20160120 -1.2867e-05 2.7225e-10 TSX
20121024 20130109 6.3745e-05 7.0158e-10 TSX
20121027 20151226 2.2882e-05 2.6933e-10 TSX
20121030 20130311 -0.00010011 5.8465e-10 TSX
20121107 20171118 1.9064e-05 2.6232e-10 TSX
20121221 20160208 3.2958e-05 2.7139e-10 TSX
20121224 20130516 -0.00019532 5.6849e-10 TSX
20121229 20130407 -4.2556e-05 6.5609e-10 TSX
20130104 20130217 -8.9691e-05 7.7313e-10 TSX
20130109 20130715 -0.00011644 5.2911e-10 TSX
20130112 20140511 -6.6172e-06 3.5285e-10 TSX
20130115 20130721 -7.3258e-05 5.1396e-10 TSX
20130126 20130823 -0.00016393 5.2863e-10 TSX
20130131 20130429 -0.00013929 6.7799e-10 TSX
20130203 20130729 6.7372e-05 5.2314e-10 TSX
20130211 20130919 1.6415e-05 4.9604e-10 TSX
20130228 20141209 -2.0522e-05 3.1332e-10 TSX
20130311 20130801 9.524e-07 5.6845e-10 TSX
20130316 20130623 -7.036e-05 6.561e-10 TSX
20130402 20150122 0.00023478 3.7296e-10 TSX
20130407 20140530 -0.0001061 3.8091e-10 TSX
20130421 20171016 2.8012e-05 2.5706e-10 TSX
20130424 20130721 -7.7579e-05 6.6402e-10 TSX
20130429 20130623 -2.8216e-05 7.5412e-10 TSX
20130505 20131028 -0.0003648 6.0133e-10 TSX
20130513 20151112 3.9208e-05 2.8001e-10 TSX
20130516 20131017 0.00022676 6.0446e-10 TSX
20130521 20130715 9.751e-05 7.5414e-10 TSX
20130524 20171129 4.6067e-05 2.4799e-10 TSX
20130527 20140627 -7.6915e-05 3.8383e-10 TSX
20130601 20130930 6.3883e-05 6.1699e-10 TSX
20130604 20141217 2.5958e-05 3.392e-10 TSX
20130607 20140719 -1.0537e-05 3.8013e-10 TSX
20130612 20150105 -3.6472e-05 3.3763e-10 TSX
20130615 20160106 5.9846e-05 2.8998e-10 TSX
20130618 20140708 -3.2787e-05 3.8828e-10 TSX
20130623 20130715 0.00060883 8.617e-10 TSX
20130629 20130914 0.00027283 6.9438e-10 TSX
20130707 20150130 3.0704e-06 3.3718e-10 TSX
20130710 20140901 -1.0065e-05 3.7764e-10 TSX
20130715 20130726 -0.0022845 1.0108e-09 TSX
20130721 20131108 0.00067596 6.48e-10 TSX
20130726 20150517 -0.00012999 3.2273e-10 TSX
20130729 20160904 1.6535e-05 2.7236e-10 TSX
20130801 20151115 4.9668e-06 2.8866e-10 TSX
20130817 20140209 3.3002e-07 5.4099e-10 TSX
20130828 20150312 -9.1249e-05 3.4111e-10 TSX
20130903 20150329 5.7336e-05 3.6641e-10 TSX
20130919 20160309 -4.2593e-05 2.8261e-10 TSX
20130925 20140708 6.8873e-06 4.4372e-10 TSX
20130930 20160411 -3.1666e-05 2.7774e-10 TSX
20131011 20150802 -6.153e-05 3.1853e-10 TSX
20131017 20140719 -0.00010619 4.6334e-10 TSX
20131028 20160304 -1.3319e-05 3.5622e-10 TSX
20131102 20140519 -0.00017095 5.1711e-10 TSX
20131108 20140708 2.5728e-05 5.2529e-10 TSX
20140209 20160309 -5.5444e-05 3.091e-10 TSX
20140223 20140829 4.6797e-05 5.1107e-10 TSX
20140408 20140705 2.9867e-08 6.6124e-10 TSX
20140419 20170913 6.298e-05 2.7789e-10 TSX
20140511 20141228 7.512e-05 4.7015e-10 TSX
20140519 20150824 2.3404e-05 3.6489e-10 TSX
20140624 20171005 3.8953e-05 2.6396e-10 TSX
20140627 20151115 3.668e-05 3.4075e-10 TSX
20140705 20180911 4.2938e-05 2.5753e-10 TSX
20140708 20160406 -5.315e-06 3.1685e-10 TSX
20140716 20171005 5.6099e-05 2.7035e-10 TSX
20140719 20151207 3.0193e-05 3.4148e-10 TSX
20140727 20150326 -1.1364e-05 4.6155e-10 TSX
20140810 20150122 -9.916e-06 5.4122e-10 TSX
20140818 20160301 6.9647e-05 3.2796e-10 TSX
20140829 20160208 6.4637e-05 3.3704e-10 TSX
20140901 20140912 -0.00029465 9.6754e-10 TSX
20140912 20141209 -3.6643e-06 6.6402e-10 TSX
20140920 20170902 5.6692e-05 2.8533e-10 TSX
20141209 20160211 -3.371e-05 3.6445e-10 TSX
20141217 20160722 6.674e-05 3.2131e-10 TSX
20141228 20160106 7.2718e-05 3.8516e-10 TSX
20141231 20151024 5.6445e-05 4.2523e-10 TSX
20150105 20150824 1.2691e-05 4.8669e-10 TSX
20150108 20170811 6.9299e-05 2.7672e-10 TSX
20150119 20160117 0.00010468 3.8889e-10 TSX
20150127 20160411 -2.6923e-05 3.7198e-10 TSX
20150130 20151112 9.4912e-05 4.3111e-10 TSX
20150210 20170114 0.00010554 3.0259e-10 TSX
20150213 20160326 -0.00020071 4.7886e-10 TSX
20150218 20160216 2.65e-05 4.0273e-10 TSX
20150221 20180112 7.5963e-05 2.9272e-10 TSX
20150304 20180911 4.7439e-05 2.8644e-10 TSX
20150307 20160211 2.7923e-05 4.0082e-10 TSX
20150312 20160320 -2.4999e-05 3.9656e-10 TSX
20150326 20150827 0.00016835 5.5026e-10 TSX
20150329 20151207 6.278e-05 4.5502e-10 TSX
20150428 20160425 9.1287e-05 3.8918e-10 TSX
20150509 20150827 0.00020379 6.2307e-10 TSX
20150517 20150824 4.3423e-05 6.561e-10 TSX
20150520 20180911 6.7383e-05 2.7967e-10 TSX
20150714 20170822 8.5557e-05 3.0199e-10 TSX
20150725 20170924 5.3865e-05 2.9319e-10 TSX
20150802 20160309 -5.0595e-07 4.9599e-10 TSX
20150805 20160403 -4.5963e-06 4.6265e-10 TSX
20150816 20171107 6.4238e-05 2.9835e-10 TSX
20150824 20150915 0.00066999 8.616e-10 TSX
20150827 20170902 5.9919e-05 3.076e-10 TSX
20150915 20160216 -7.0831e-05 5.6832e-10 TSX
20151021 20160904 -1.4634e-06 4.1461e-10 TSX
20151101 20171016 4.0572e-05 2.9983e-10 TSX
20151112 20160425 -1.9593e-05 5.3609e-10 TSX
20151115 20151229 0.0001463 7.7313e-10 TSX
20151123 20171221 5.3339e-05 2.9576e-10 TSX
20151204 20151215 0.00017443 9.7755e-10 TSX
20151207 20160406 -0.00010094 6.0215e-10 TSX
20151215 20170822 9.0707e-05 3.1812e-10 TSX
20151226 20161223 8.0707e-05 3.9316e-10 TSX
20151229 20160211 -1.3466e-05 7.7313e-10 TSX
20160106 20161223 8.6956e-05 3.9886e-10 TSX
20160117 20160926 9.737e-05 4.5288e-10 TSX
20160128 20160301 -0.00016852 8.0622e-10 TSX
20160208 20160312 -7.3537e-05 8.0622e-10 TSX
20160216 20160309 -0.00040667 8.616e-10 TSX
20160219 20180319 1.9022e-05 2.9822e-10 TSX
20160301 20161201 0.00014332 4.386e-10 TSX
20160304 20160326 2.3768e-05 8.4844e-10 TSX
20160312 20180319 1.4488e-05 3.026e-10 TSX
20160320 20160411 0.00035633 8.6161e-10 TSX
20160323 20171118 7.2578e-05 3.1702e-10 TSX
20160326 20160406 -0.00052932 9.6746e-10 TSX
20160403 20171027 9.2223e-05 3.2194e-10 TSX
20160425 20170811 0.00011062 3.5074e-10 TSX
20160528 20160630 5.3821e-05 8.0622e-10 TSX
20160630 20171118 6.2186e-05 3.3809e-10 TSX
20160722 20161201 0.00021935 5.813e-10 TSX
20160904 20180707 3.072e-05 3.2193e-10 TSX
20160915 20180911 3.5296e-05 3.0253e-10 TSX
20160926 20170114 -5.5599e-06 6.1795e-10 TSX
20161201 20171027 6.9887e-06 4.0654e-10 TSX
20161223 20171107 2.2308e-06 4.0895e-10 TSX
20170114 20170902 4.8226e-05 4.6889e-10 TSX
20170811 20171005 -5.4196e-05 7.4113e-10 TSX
20170822 20180707 -9.1694e-05 4.138e-10 TSX
20170913 20180707 -0.00015383 4.2508e-10 TSX
20170924 20180319 -0.0001361 5.232e-10 TSX
20171005 20171107 3.5236e-05 8.0622e-10 TSX
20171016 20180319 -0.00014346 5.5006e-10 TSX
20171027 20180911 -8.873e-06 4.1381e-10 TSX
20171107 20171118 7.6989e-05 9.7755e-10 TSX
20171118 20171129 4.7073e-05 9.7755e-10 TSX
20171129 20171221 -1.8013e-05 8.5034e-10 TSX
20171210 20180820 5.5348e-06 4.5345e-10 TSX
20171221 20180911 4.456e-05 4.4574e-10 TSX
20180112 20181003 8.3301e-05 4.4574e-10 TSX
20180319 20180707 -5.1681e-05 6.1795e-10 TSX
20180707 20180911 0.00029734 7.1237e-10 TSX
20180729 20181003 9.0334e-05 7.1237e-10 TSX
20180820 20181003 0.00013797 7.7212e-10 TSX
20180911 20181003 -0.00014274 8.5034e-10 TSX
