20030427 20030914 -0.00058494 5.6625e-10 ERS2
20030914 20080629 -9.8382e-05 2.6796e-10 ERS2
20050918 20090510 6.6137e-05 2.9982e-10 ERS2
20051127 20081116 -0.00012406 3.1272e-10 ERS2
20060903 20090510 -0.00010308 3.1491e-10 ERS2
20061231 20090105 0.0001124 3.133e-10 ALOS
20070402 20070703 -0.00022059 6.6611e-10 ALOS
20070518 20091008 1.41e-06 2.9789e-10 ALOS
20070818 20071003 -0.00048342 7.7555e-10 ALOS
20071217 20100509 -6.163e-05 3.0147e-10 ALOS
20080103 20100526 -7.6247e-06 2.9737e-10 ALOS
20080404 20080520 -7.4232e-06 7.7557e-10 ALOS
20080618 20090921 0.00013742 3.7245e-10 ALOS
20080629 20090510 -3.5471e-05 4.1223e-10 ERS2
20080705 20091008 6.2681e-05 3.6542e-10 ALOS
20080803 20090823 -5.2004e-05 3.836e-10 ERS2
20081116 20090823 -6.841e-05 4.3327e-10 ERS2
20081219 20090921 0.00017551 4.4629e-10 ALOS
20090105 20090708 -2.0188e-05 5.2799e-10 ALOS
20090510 20091101 0.00051677 5.2172e-10 ERS2
20090708 20091008 0.00058904 6.6617e-10 ALOS
20090823 20091101 2.7928e-05 6.9854e-10 ERS2
20091222 20100624 0.00045865 5.2544e-10 ALOS
20100108 20100223 0.00059037 7.7562e-10 ALOS
20100223 20100526 0.00013383 6.6624e-10 ALOS
20100410 20100711 -9.6011e-05 6.6617e-10 ALOS
20100509 20100624 0.00062787 7.7354e-10 ALOS
20100526 20100711 0.00044467 7.7557e-10 ALOS
20100624 20101109 0.00012016 5.8396e-10 ALOS
20100711 20101011 8.9302e-05 6.6624e-10 ALOS
20100809 20101109 9.7907e-05 6.6354e-10 ALOS
20101011 20101126 0.00025952 7.7556e-10 ALOS
20110111 20110226 0.00065472 7.7555e-10 ALOS
20110924 20130715 0.00010888 3.2399e-10 TSX
20111005 20121229 -3.4863e-05 3.6849e-10 TSX
20111121 20171221 4.8739e-05 2.5847e-10 TSX
20111221 20130131 3.7826e-05 3.8527e-10 TSX
20111224 20121027 6.8209e-06 4.1928e-10 TSX
20120126 20140419 -3.8514e-05 2.915e-10 TSX
20120203 20160320 5.965e-05 2.4878e-10 TSX
20120206 20171107 2.4225e-05 2.6576e-10 TSX
20120617 20171129 3.2572e-05 2.6439e-10 TSX
20120723 20160120 8.2141e-05 2.6122e-10 TSX
20121024 20130109 3.8131e-05 7.0159e-10 TSX
20121027 20151226 1.0868e-05 2.6958e-10 TSX
20121030 20130311 6.1927e-05 5.8465e-10 TSX
20121107 20171118 4.0778e-05 2.6236e-10 TSX
20121221 20160208 2.9944e-05 2.6875e-10 TSX
20121224 20130516 -4.5483e-05 5.6848e-10 TSX
20121229 20130407 0.00014629 6.56e-10 TSX
20130104 20130217 0.00013894 7.7345e-10 TSX
20130109 20130715 0.00018464 5.2824e-10 TSX
20130112 20140511 -2.6198e-05 3.546e-10 TSX
20130115 20130721 -0.00011041 5.1386e-10 TSX
20130126 20130823 -3.9868e-05 4.9371e-10 TSX
20130131 20130429 -1.1107e-05 6.7794e-10 TSX
20130203 20130729 -2.1412e-05 5.2313e-10 TSX
20130211 20130919 6.0562e-05 4.9578e-10 TSX
20130228 20141209 0.00011012 3.1406e-10 TSX
20130311 20130801 -6.7317e-05 5.6844e-10 TSX
20130316 20130623 5.0335e-05 6.5601e-10 TSX
20130402 20150122 7.2913e-05 2.9844e-10 TSX
20130407 20140530 2.9147e-05 3.8056e-10 TSX
20130421 20171016 1.2254e-05 2.6443e-10 TSX
20130424 20130721 -0.00017769 6.64e-10 TSX
20130429 20130623 -9.483e-06 7.5438e-10 TSX
20130505 20131028 -0.00048939 5.2641e-10 TSX
20130513 20151112 3.0521e-05 2.8175e-10 TSX
20130516 20131017 -0.0001485 5.5367e-10 TSX
20130521 20130715 0.00030415 7.5436e-10 TSX
20130524 20171129 3.3507e-05 2.6259e-10 TSX
20130527 20140627 8.178e-05 3.843e-10 TSX
20130601 20130930 0.00019248 6.1694e-10 TSX
20130604 20141217 -1.8594e-05 3.3675e-10 TSX
20130607 20140719 0.00010503 3.8098e-10 TSX
20130612 20150105 2.7502e-05 3.3898e-10 TSX
20130615 20160106 -1.4392e-05 2.7681e-10 TSX
20130618 20140708 4.9673e-05 3.8784e-10 TSX
20130623 20130715 0.00063426 8.6265e-10 TSX
20130629 20130914 0.00029211 6.883e-10 TSX
20130707 20150130 -2.1543e-05 3.3664e-10 TSX
20130710 20140901 5.1028e-05 3.7737e-10 TSX
20130715 20130726 -0.0024833 1.0119e-09 TSX
20130721 20131108 0.000646 6.2104e-10 TSX
20130726 20150517 0.00019238 3.2172e-10 TSX
20130729 20160904 -5.7282e-06 2.7046e-10 TSX
20130801 20151115 8.2173e-05 2.9193e-10 TSX
20130817 20140209 -4.4333e-05 5.4095e-10 TSX
20130828 20150312 6.1589e-05 3.4145e-10 TSX
20130903 20150329 -3.6557e-06 3.1588e-10 TSX
20130919 20160309 6.8717e-05 2.8252e-10 TSX
20130925 20140708 8.7686e-06 4.3136e-10 TSX
20130930 20160411 3.1382e-05 2.7422e-10 TSX
20131011 20150802 5.7624e-05 3.2291e-10 TSX
20131017 20140719 6.2611e-05 4.3878e-10 TSX
20131028 20160304 9.8184e-05 3.2564e-10 TSX
20131102 20140519 -0.00012317 5.171e-10 TSX
20131108 20140708 -2.586e-06 4.628e-10 TSX
20140209 20160309 6.2464e-05 3.0707e-10 TSX
20140223 20140829 -8.0125e-06 5.1112e-10 TSX
20140408 20140705 -5.0566e-05 6.6126e-10 TSX
20140419 20170913 4.8916e-05 2.7268e-10 TSX
20140511 20141228 -1.3051e-05 4.7023e-10 TSX
20140519 20150824 0.00012905 3.6514e-10 TSX
20140624 20171005 3.3242e-05 2.7564e-10 TSX
20140627 20151115 2.0716e-05 3.4268e-10 TSX
20140705 20180911 1.3594e-05 2.602e-10 TSX
20140708 20160406 0.0001232 3.201e-10 TSX
20140716 20171005 2.4322e-05 2.7087e-10 TSX
20140719 20151207 6.1044e-05 3.4154e-10 TSX
20140727 20150326 -2.2977e-05 4.6157e-10 TSX
20140810 20150122 4.9712e-05 5.3918e-10 TSX
20140818 20160301 -2.9334e-05 3.2498e-10 TSX
20140829 20160208 -4.3631e-06 3.3079e-10 TSX
20140901 20140912 -0.00028495 9.6843e-10 TSX
20140912 20141209 1.367e-05 6.6401e-10 TSX
20140920 20170902 4.9318e-05 2.841e-10 TSX
20141209 20160211 2.8156e-06 3.6465e-10 TSX
20141217 20160722 -4.6399e-05 3.1929e-10 TSX
20141228 20160106 -8.1754e-06 3.8202e-10 TSX
20141231 20151024 4.3632e-05 4.2512e-10 TSX
20150105 20150824 1.961e-05 4.8576e-10 TSX
20150108 20170811 3.3555e-05 2.8235e-10 TSX
20150119 20160117 -1.9417e-05 3.8679e-10 TSX
20150127 20160411 3.8605e-05 3.715e-10 TSX
20150130 20151112 -6.8372e-06 4.2832e-10 TSX
20150210 20170114 -2.7537e-05 2.969e-10 TSX
20150213 20160326 0.00013015 3.7457e-10 TSX
20150218 20160216 3.7275e-06 4.0281e-10 TSX
20150221 20180112 -1.5255e-05 2.694e-10 TSX
20150304 20180911 1.4216e-05 2.7661e-10 TSX
20150307 20160211 5.3264e-05 4.0102e-10 TSX
20150312 20160320 -5.3013e-05 3.9757e-10 TSX
20150326 20150827 2.474e-05 5.4982e-10 TSX
20150329 20151207 1.8537e-05 4.5478e-10 TSX
20150428 20160425 1.2297e-06 3.8642e-10 TSX
20150509 20150827 5.2095e-05 6.1795e-10 TSX
20150517 20150824 -0.00010339 6.5599e-10 TSX
20150520 20180911 2.8575e-05 2.7965e-10 TSX
20150714 20170822 6.3065e-06 2.9386e-10 TSX
20150725 20170924 -1.1554e-05 2.9111e-10 TSX
20150802 20160309 -7.888e-05 4.958e-10 TSX
20150805 20160403 -1.1536e-05 4.6125e-10 TSX
20150816 20171107 -1.8615e-05 2.9343e-10 TSX
20150824 20150915 0.00062897 8.6253e-10 TSX
20150827 20170902 -2.9089e-05 2.9938e-10 TSX
20150915 20160216 -8.3364e-05 5.6816e-10 TSX
20151021 20160904 -7.1576e-05 4.1248e-10 TSX
20151101 20171016 -2.4638e-05 2.997e-10 TSX
20151112 20160425 -5.1647e-05 5.3608e-10 TSX
20151115 20151229 0.00018915 7.7344e-10 TSX
20151123 20171221 -2.9851e-05 2.9458e-10 TSX
20151204 20151215 0.00017013 9.7869e-10 TSX
20151207 20160406 -5.8023e-05 6.0214e-10 TSX
20151215 20170822 -1.0301e-05 3.1384e-10 TSX
20151226 20161223 -1.9854e-06 3.9341e-10 TSX
20151229 20160211 2.0822e-05 7.7344e-10 TSX
20160106 20161223 -3.0887e-06 3.9799e-10 TSX
20160117 20160926 -1.5025e-05 4.5301e-10 TSX
20160128 20160301 -0.00021433 8.0691e-10 TSX
20160208 20160312 -5.9479e-05 8.0691e-10 TSX
20160216 20160309 -0.00039145 8.6253e-10 TSX
20160219 20180319 -4.2707e-05 2.984e-10 TSX
20160301 20161201 4.603e-05 4.3859e-10 TSX
20160304 20160326 4.8056e-05 8.4918e-10 TSX
20160312 20180319 -6.543e-05 3.0004e-10 TSX
20160320 20160411 0.00045775 8.6254e-10 TSX
20160323 20171118 -2.6048e-05 3.1685e-10 TSX
20160326 20160406 -0.00049897 9.6836e-10 TSX
20160403 20171027 -1.682e-05 3.2392e-10 TSX
20160425 20170811 1.3882e-05 3.473e-10 TSX
20160528 20160630 3.0233e-05 8.0691e-10 TSX
20160630 20171118 -1.3501e-05 3.3852e-10 TSX
20160722 20161201 6.1684e-05 5.8132e-10 TSX
20160904 20180707 -1.6796e-05 3.2364e-10 TSX
20160915 20180911 -6.172e-05 3.0117e-10 TSX
20160926 20170114 -1.85e-05 6.1795e-10 TSX
20161201 20171027 -2.7376e-05 4.0711e-10 TSX
20161223 20171107 -2.2281e-05 4.0888e-10 TSX
20170114 20170902 -1.4315e-05 4.6873e-10 TSX
20170811 20171005 -8.7614e-05 7.4137e-10 TSX
20170822 20180707 -5.4005e-05 4.136e-10 TSX
20170913 20180707 -6.8248e-05 4.2517e-10 TSX
20170924 20180319 -2.5374e-05 5.2321e-10 TSX
20171005 20171107 9.9829e-06 8.0691e-10 TSX
20171016 20180319 -4.9697e-05 5.5008e-10 TSX
20171027 20180911 -6.9436e-05 4.1357e-10 TSX
20171107 20171118 7.2792e-05 9.7869e-10 TSX
20171118 20171129 4.2947e-05 9.7869e-10 TSX
20171129 20171221 -5.5012e-06 8.5129e-10 TSX
20171210 20180820 -4.066e-05 4.5331e-10 TSX
20171221 20180911 3.7613e-05 4.456e-10 TSX
20180112 20181003 -9.2748e-06 4.4552e-10 TSX
20180319 20180707 -9.2449e-05 6.1797e-10 TSX
20180707 20180911 6.0016e-05 7.1249e-10 TSX
20180729 20181003 5.2329e-05 7.1249e-10 TSX
20180820 20181003 0.00018181 7.7255e-10 TSX
20180911 20181003 -6.9035e-05 8.5129e-10 TSX
