20030427 20030914 0.00017299 5.6527e-10 ERS2
20030914 20080629 -8.3816e-06 2.9632e-10 ERS2
20050918 20090510 2.3424e-05 3.0194e-10 ERS2
20051127 20081116 7.1381e-05 3.0889e-10 ERS2
20060903 20090510 -1.5131e-05 3.1179e-10 ERS2
20061231 20090105 5.7075e-05 3.2026e-10 ALOS
20070402 20070703 3.2057e-05 6.6925e-10 ALOS
20070518 20091008 0.00015324 3.1304e-10 ALOS
20070818 20071003 -0.00040854 7.7663e-10 ALOS
20071217 20100509 -7.3081e-05 3.1634e-10 ALOS
20080103 20100526 3.9014e-05 3.2485e-10 ALOS
20080404 20080520 -0.00011873 7.7627e-10 ALOS
20080618 20090921 -0.00016066 3.7275e-10 ALOS
20080629 20090510 0.00025823 4.2275e-10 ERS2
20080705 20091008 -9.0339e-05 3.6589e-10 ALOS
20080803 20090823 -2.8425e-05 3.8241e-10 ERS2
20081116 20090823 -9.001e-05 4.3227e-10 ERS2
20081219 20090921 -2.8841e-05 4.466e-10 ALOS
20090105 20090708 -0.00024656 5.343e-10 ALOS
20090510 20091101 -0.00041502 5.207e-10 ERS2
20090708 20091008 0.0001568 6.6702e-10 ALOS
20090823 20091101 -0.00019902 6.9874e-10 ERS2
20091222 20100624 -0.00012372 5.326e-10 ALOS
20100108 20100223 0.00014606 7.7724e-10 ALOS
20100223 20100526 0.00054167 6.7027e-10 ALOS
20100410 20100711 0.00033186 6.6917e-10 ALOS
20100509 20100624 0.00058127 7.742e-10 ALOS
20100526 20100711 0.00032817 7.7631e-10 ALOS
20100624 20101109 -6.2719e-05 5.8395e-10 ALOS
20100711 20101011 -1.3734e-05 6.6597e-10 ALOS
20100809 20101109 -2.8342e-05 6.6357e-10 ALOS
20101011 20101126 0.00020562 7.7629e-10 ALOS
20110111 20110226 0.00059686 7.7625e-10 ALOS
20110924 20130715 3.7908e-06 3.2921e-10 TSX
20111005 20121229 9.2496e-06 3.7412e-10 TSX
20111121 20171221 -2.0885e-05 3.4574e-10 TSX
20111221 20130131 8.1827e-06 3.857e-10 TSX
20111224 20121027 1.1972e-05 4.1923e-10 TSX
20120126 20140419 -2.0878e-05 3.3486e-10 TSX
20120203 20160320 7.8891e-05 3.1797e-10 TSX
20120206 20171107 7.8753e-06 4.0674e-10 TSX
20120617 20171129 -5.4747e-06 4.1684e-10 TSX
20120723 20160120 -1.9651e-05 3.2734e-10 TSX
20121024 20130109 9.1004e-05 7.0176e-10 TSX
20121027 20151226 -1.9712e-06 3.7895e-10 TSX
20121030 20130311 7.5173e-06 5.8465e-10 TSX
20121107 20171118 -2.0531e-05 3.546e-10 TSX
20121221 20160208 5.0375e-05 3.6226e-10 TSX
20121224 20130516 -3.4328e-05 5.6848e-10 TSX
20121229 20130407 -2.0076e-05 6.5605e-10 TSX
20130104 20130217 -8.5822e-06 7.7404e-10 TSX
20130109 20130715 -1.0975e-05 5.5048e-10 TSX
20130112 20140511 5.4876e-07 3.8559e-10 TSX
20130115 20130721 -4.3966e-05 5.142e-10 TSX
20130126 20130823 0.00015327 5.313e-10 TSX
20130131 20130429 -5.6449e-05 6.7804e-10 TSX
20130203 20130729 -1.3174e-05 5.2399e-10 TSX
20130211 20130919 -2.0583e-05 4.9644e-10 TSX
20130228 20141209 1.6851e-05 3.2296e-10 TSX
20130311 20130801 -1.8595e-05 5.6848e-10 TSX
20130316 20130623 -6.2411e-06 6.5605e-10 TSX
20130402 20150122 -6.2246e-05 3.5581e-10 TSX
20130407 20140530 -1.7939e-05 3.8228e-10 TSX
20130421 20171016 5.2697e-06 3.7057e-10 TSX
20130424 20130721 -9.3611e-05 6.6409e-10 TSX
20130429 20130623 -3.9144e-05 7.5496e-10 TSX
20130505 20131028 0.00026738 5.5411e-10 TSX
20130513 20151112 -2.0253e-05 3.6969e-10 TSX
20130516 20131017 0.00036395 5.9408e-10 TSX
20130521 20130715 6.664e-05 7.5497e-10 TSX
20130524 20171129 1.895e-05 4.1441e-10 TSX
20130527 20140627 5.3969e-06 3.8337e-10 TSX
20130601 20130930 1.4251e-05 6.1688e-10 TSX
20130604 20141217 2.6917e-06 3.6984e-10 TSX
20130607 20140719 -1.1276e-05 3.8045e-10 TSX
20130612 20150105 -1.8134e-05 3.4426e-10 TSX
20130615 20160106 2.4539e-05 4.0506e-10 TSX
20130618 20140708 -2.1428e-05 3.8784e-10 TSX
20130623 20130715 0.00061011 8.6366e-10 TSX
20130629 20130914 0.00023416 7.0691e-10 TSX
20130707 20150130 1.1473e-05 4.1366e-10 TSX
20130710 20140901 -7.0528e-08 3.7721e-10 TSX
20130715 20130726 -0.0023532 1.0129e-09 TSX
20130721 20131108 0.00018539 6.3503e-10 TSX
20130726 20150517 9.0088e-06 3.4305e-10 TSX
20130729 20160904 -2.0174e-05 3.8162e-10 TSX
20130801 20151115 -1.4269e-05 3.5011e-10 TSX
20130817 20140209 1.2698e-05 5.4093e-10 TSX
20130828 20150312 -1.1295e-05 3.5943e-10 TSX
20130903 20150329 0.00029353 4.0165e-10 TSX
20130919 20160309 -1.4709e-05 3.3883e-10 TSX
20130925 20140708 -2.0005e-05 4.8489e-10 TSX
20130930 20160411 -1.4282e-05 3.6205e-10 TSX
20131011 20150802 -4.9689e-06 3.4764e-10 TSX
20131017 20140719 2.413e-05 5.1218e-10 TSX
20131028 20160304 0.0001692 3.7304e-10 TSX
20131102 20140519 2.9774e-05 5.1712e-10 TSX
20131108 20140708 -0.00013424 5.3325e-10 TSX
20140209 20160309 -2.3818e-05 3.4651e-10 TSX
20140223 20140829 1.0002e-05 5.1103e-10 TSX
20140408 20140705 -1.5169e-05 6.613e-10 TSX
20140419 20170913 3.4955e-05 3.9812e-10 TSX
20140511 20141228 9.4337e-06 4.7296e-10 TSX
20140519 20150824 -1.2873e-05 3.8136e-10 TSX
20140624 20171005 9.3504e-06 3.4103e-10 TSX
20140627 20151115 -2.8869e-05 3.6292e-10 TSX
20140705 20180911 -3.7984e-07 3.4972e-10 TSX
20140708 20160406 -3.513e-07 3.3757e-10 TSX
20140716 20171005 7.8716e-06 3.8818e-10 TSX
20140719 20151207 -2.7198e-05 3.4614e-10 TSX
20140727 20150326 -1.5197e-05 4.6227e-10 TSX
20140810 20150122 2.3846e-05 5.5597e-10 TSX
20140818 20160301 -2.3071e-05 3.8208e-10 TSX
20140829 20160208 -7.2237e-06 3.628e-10 TSX
20140901 20140912 -0.00028363 9.6936e-10 TSX
20140912 20141209 -1.5342e-05 6.6406e-10 TSX
20140920 20170902 2.7455e-05 4.009e-10 TSX
20141209 20160211 5.02e-06 4.0068e-10 TSX
20141217 20160722 2.1676e-05 4.0649e-10 TSX
20141228 20160106 3.1132e-05 4.0946e-10 TSX
20141231 20151024 -1.6567e-05 4.2978e-10 TSX
20150105 20150824 -4.7046e-05 4.8963e-10 TSX
20150108 20170811 2.5015e-05 4.028e-10 TSX
20150119 20160117 4.3923e-05 4.2334e-10 TSX
20150127 20160411 -5.3074e-05 3.8788e-10 TSX
20150130 20151112 2.59e-05 4.477e-10 TSX
20150210 20170114 2.3644e-05 4.2406e-10 TSX
20150213 20160326 9.2566e-05 4.2618e-10 TSX
20150218 20160216 1.7456e-06 4.1907e-10 TSX
20150221 20180112 5.6467e-05 4.2752e-10 TSX
20150304 20180911 1.1847e-05 3.9577e-10 TSX
20150307 20160211 -2.1031e-06 4.1488e-10 TSX
20150312 20160320 -4.5295e-06 4.0845e-10 TSX
20150326 20150827 8.607e-05 5.6546e-10 TSX
20150329 20151207 -1.5628e-05 4.5478e-10 TSX
20150428 20160425 1.4889e-05 4.279e-10 TSX
20150509 20150827 9.0188e-05 6.4392e-10 TSX
20150517 20150824 -9.4111e-05 6.5658e-10 TSX
20150520 20180911 2.3614e-05 3.6683e-10 TSX
20150714 20170822 3.4238e-05 4.4991e-10 TSX
20150725 20170924 1.1816e-05 3.3471e-10 TSX
20150802 20160309 -4.0944e-06 4.9815e-10 TSX
20150805 20160403 -9.9805e-05 4.784e-10 TSX
20150816 20171107 3.0254e-05 3.7001e-10 TSX
20150824 20150915 0.00060564 8.6357e-10 TSX
20150827 20170902 3.4472e-05 4.2182e-10 TSX
20150915 20160216 -2.161e-05 5.696e-10 TSX
20151021 20160904 -9.0758e-05 4.5478e-10 TSX
20151101 20171016 -6.0747e-06 3.5353e-10 TSX
20151112 20160425 -8.5503e-06 5.392e-10 TSX
20151115 20151229 0.00017136 7.7404e-10 TSX
20151123 20171221 6.8617e-06 3.3511e-10 TSX
20151204 20151215 0.00016632 9.7954e-10 TSX
20151207 20160406 -4.6572e-05 6.0222e-10 TSX
20151215 20170822 3.9588e-05 4.1763e-10 TSX
20151226 20161223 4.9156e-05 4.0912e-10 TSX
20151229 20160211 5.3747e-06 7.7404e-10 TSX
20160106 20161223 4.285e-05 4.1468e-10 TSX
20160117 20160926 2.8417e-05 4.9745e-10 TSX
20160128 20160301 -0.00016502 8.0774e-10 TSX
20160208 20160312 -7.8932e-05 8.0774e-10 TSX
20160216 20160309 -0.00035441 8.6357e-10 TSX
20160219 20180319 -1.571e-05 3.3344e-10 TSX
20160301 20161201 9.68e-05 4.458e-10 TSX
20160304 20160326 3.0491e-05 8.5006e-10 TSX
20160312 20180319 -2.9254e-05 3.6539e-10 TSX
20160320 20160411 0.00036793 8.6357e-10 TSX
20160323 20171118 2.8111e-05 3.5439e-10 TSX
20160326 20160406 -0.00050604 9.6929e-10 TSX
20160403 20171027 4.3634e-05 4.1712e-10 TSX
20160425 20170811 6.4511e-05 4.2633e-10 TSX
20160528 20160630 -5.3031e-05 8.0774e-10 TSX
20160630 20171118 5.0264e-05 3.7349e-10 TSX
20160722 20161201 0.0001608 5.8129e-10 TSX
20160904 20180707 1.1273e-05 3.4999e-10 TSX
20160915 20180911 -2.5061e-05 3.2347e-10 TSX
20160926 20170114 2.2003e-05 6.182e-10 TSX
20161201 20171027 -1.939e-05 4.1839e-10 TSX
20161223 20171107 -7.5753e-06 4.2492e-10 TSX
20170114 20170902 -1.313e-06 5.0654e-10 TSX
20170811 20171005 -7.1999e-05 7.4186e-10 TSX
20170822 20180707 -5.7384e-05 4.1373e-10 TSX
20170913 20180707 -9.666e-05 4.298e-10 TSX
20170924 20180319 -8.7293e-05 5.2318e-10 TSX
20171005 20171107 4.6457e-05 8.0774e-10 TSX
20171016 20180319 -7.0358e-05 5.5005e-10 TSX
20171027 20180911 -3.7017e-05 4.1381e-10 TSX
20171107 20171118 8.5155e-05 9.7954e-10 TSX
20171118 20171129 5.2894e-05 9.7954e-10 TSX
20171129 20171221 -3.6175e-05 8.5217e-10 TSX
20171210 20180820 -6.2824e-05 4.5351e-10 TSX
20171221 20180911 -3.7145e-05 4.4584e-10 TSX
20180112 20181003 -2.1614e-05 4.4639e-10 TSX
20180319 20180707 -5.5742e-05 6.1792e-10 TSX
20180707 20180911 0.00020352 7.1279e-10 TSX
20180729 20181003 -6.9783e-06 7.1279e-10 TSX
20180820 20181003 0.00011738 7.7324e-10 TSX
20180911 20181003 -0.00016147 8.5217e-10 TSX
