20030427 20030914 -0.00058265 5.7164e-10 ERS2
20030914 20080629 1.3727e-05 2.6689e-10 ERS2
20050918 20090510 -2.8335e-05 2.9943e-10 ERS2
20051127 20081116 -6.155e-05 3.068e-10 ERS2
20060903 20090510 -7.8946e-05 3.3176e-10 ERS2
20061231 20090105 -8.8554e-05 3.493e-10 ALOS
20070402 20070703 0.00011275 6.7964e-10 ALOS
20070518 20091008 0.00011412 3.3316e-10 ALOS
20070818 20071003 -0.00016671 7.8945e-10 ALOS
20071217 20100509 -0.00013112 3.0464e-10 ALOS
20080103 20100526 -0.00031765 3.4056e-10 ALOS
20080404 20080520 -3.1612e-05 7.8956e-10 ALOS
20080618 20090921 -5.7676e-05 3.7608e-10 ALOS
20080629 20090510 -0.00059342 4.2023e-10 ERS2
20080705 20091008 0.00018382 3.6784e-10 ALOS
20080803 20090823 -1.6588e-05 3.8297e-10 ERS2
20081116 20090823 5.9798e-05 4.3223e-10 ERS2
20081219 20090921 0.00010087 4.4921e-10 ALOS
20090105 20090708 -0.00016947 5.5341e-10 ALOS
20090510 20091101 0.00035008 5.2145e-10 ERS2
20090708 20091008 0.00024296 6.795e-10 ALOS
20090823 20091101 0.0003772 7.0529e-10 ERS2
20091222 20100624 1.7525e-05 5.3289e-10 ALOS
20100108 20100223 4.4803e-05 7.9415e-10 ALOS
20100223 20100526 -0.00017143 6.8228e-10 ALOS
20100410 20100711 -0.00014092 6.8158e-10 ALOS
20100509 20100624 0.00064183 7.8682e-10 ALOS
20100526 20100711 0.00040027 7.8949e-10 ALOS
20100624 20101109 5.0777e-05 5.94e-10 ALOS
20100711 20101011 -5.1491e-05 6.8027e-10 ALOS
20100809 20101109 1.462e-05 6.7651e-10 ALOS
20101011 20101126 0.00026864 7.8945e-10 ALOS
20110111 20110226 0.00049456 7.8944e-10 ALOS
20110924 20130715 -4.058e-05 3.7563e-10 TSX
20111005 20121229 -4.6187e-05 4.0109e-10 TSX
20111121 20171221 1.8549e-05 4.123e-10 TSX
20111221 20130131 -7.9646e-06 3.898e-10 TSX
20111224 20121027 6.6839e-06 4.1959e-10 TSX
20120126 20140419 4.2715e-05 4.2699e-10 TSX
20120203 20160320 2.1211e-05 3.482e-10 TSX
20120206 20171107 1.6456e-05 4.6479e-10 TSX
20120617 20171129 -1.7955e-05 4.4146e-10 TSX
20120723 20160120 0.00010417 3.59e-10 TSX
20121024 20130109 2.998e-05 7.2026e-10 TSX
20121027 20151226 -1.2759e-05 4.7709e-10 TSX
20121030 20130311 1.2532e-05 5.9221e-10 TSX
20121107 20171118 -5.2766e-06 3.5928e-10 TSX
20121221 20160208 -8.0872e-05 4.8912e-10 TSX
20121224 20130516 2.4256e-05 5.7491e-10 TSX
20121229 20130407 6.0766e-06 6.7282e-10 TSX
20130104 20130217 -2.747e-06 7.8482e-10 TSX
20130109 20130715 0.00030716 5.9929e-10 TSX
20130112 20140511 -5.102e-05 4.5388e-10 TSX
20130115 20130721 -2.3028e-05 5.6667e-10 TSX
20130126 20130823 -5.653e-05 5.5818e-10 TSX
20130131 20130429 2.3174e-05 6.9342e-10 TSX
20130203 20130729 -3.42e-05 5.3005e-10 TSX
20130211 20130919 5.2571e-05 5.2099e-10 TSX
20130228 20141209 5.1228e-05 5.0819e-10 TSX
20130311 20130801 -5.2647e-05 5.9091e-10 TSX
20130316 20130623 -8.4823e-05 6.7124e-10 TSX
20130402 20150122 0.00016547 3.4139e-10 TSX
20130407 20140530 6.0306e-05 3.9821e-10 TSX
20130421 20171016 3.0715e-05 3.9265e-10 TSX
20130424 20130721 -0.00025129 6.7819e-10 TSX
20130429 20130623 -0.00012032 7.7013e-10 TSX
20130505 20131028 -0.00012446 5.6685e-10 TSX
20130513 20151112 -4.8554e-06 3.8766e-10 TSX
20130516 20131017 -0.00026364 5.9097e-10 TSX
20130521 20130715 0.00013575 7.7058e-10 TSX
20130524 20171129 8.0521e-05 3.6897e-10 TSX
20130527 20140627 -3.9141e-05 4.1571e-10 TSX
20130601 20130930 3.4974e-05 6.3115e-10 TSX
20130604 20141217 7.0972e-05 4.6964e-10 TSX
20130607 20140719 -9.1929e-06 4.2312e-10 TSX
20130612 20150105 -4.2856e-05 3.9106e-10 TSX
20130615 20160106 4.0476e-05 3.9065e-10 TSX
20130618 20140708 -5.4827e-05 4.0947e-10 TSX
20130623 20130715 0.00063726 8.7281e-10 TSX
20130629 20130914 6.202e-05 7.1186e-10 TSX
20130707 20150130 -1.4227e-05 4.0071e-10 TSX
20130710 20140901 2.305e-05 4.0828e-10 TSX
20130715 20130726 -0.0024089 1.0201e-09 TSX
20130721 20131108 0.0005367 6.7159e-10 TSX
20130726 20150517 -5.7755e-06 3.8692e-10 TSX
20130729 20160904 -4.3793e-05 4.6501e-10 TSX
20130801 20151115 4.06e-05 4.3923e-10 TSX
20130817 20140209 -4.0838e-05 5.6515e-10 TSX
20130828 20150312 0.00010591 4.0336e-10 TSX
20130903 20150329 4.1519e-05 4.2405e-10 TSX
20130919 20160309 -0.00010351 3.732e-10 TSX
20130925 20140708 7.4782e-06 4.6472e-10 TSX
20130930 20160411 0.0001812 3.6992e-10 TSX
20131011 20150802 -8.3988e-06 3.8426e-10 TSX
20131017 20140719 8.8488e-06 4.6435e-10 TSX
20131028 20160304 1.4319e-05 3.6664e-10 TSX
20131102 20140519 6.9941e-05 5.2916e-10 TSX
20131108 20140708 6.841e-05 5.4477e-10 TSX
20140209 20160309 1.961e-05 4.42e-10 TSX
20140223 20140829 2.5345e-05 5.1371e-10 TSX
20140408 20140705 -1.0533e-06 6.679e-10 TSX
20140419 20170913 -6.0813e-05 3.1771e-10 TSX
20140511 20141228 4.0084e-05 4.843e-10 TSX
20140519 20150824 -1.3494e-05 4.1198e-10 TSX
20140624 20171005 4.0528e-05 4.5797e-10 TSX
20140627 20151115 4.1852e-05 4.0945e-10 TSX
20140705 20180911 -3.8994e-05 3.8242e-10 TSX
20140708 20160406 2.3114e-06 4.492e-10 TSX
20140716 20171005 -8.3078e-05 5.2878e-10 TSX
20140719 20151207 6.4815e-05 4.0322e-10 TSX
20140727 20150326 -5.1182e-05 4.6268e-10 TSX
20140810 20150122 0.00011995 5.557e-10 TSX
20140818 20160301 2.8559e-05 4.2076e-10 TSX
20140829 20160208 5.3549e-05 4.4198e-10 TSX
20140901 20140912 -0.0002758 9.7471e-10 TSX
20140912 20141209 9.7173e-06 6.7474e-10 TSX
20140920 20170902 -1.8438e-05 3.5297e-10 TSX
20141209 20160211 2.9642e-05 4.0566e-10 TSX
20141217 20160722 -5.7546e-05 4.5766e-10 TSX
20141228 20160106 -3.877e-05 4.462e-10 TSX
20141231 20151024 1.3224e-05 4.5473e-10 TSX
20150105 20150824 -9.7701e-05 5.2108e-10 TSX
20150108 20170811 -0.0001355 3.8873e-10 TSX
20150119 20160117 9.6949e-05 4.6043e-10 TSX
20150127 20160411 -5.3359e-05 4.1537e-10 TSX
20150130 20151112 0.00012936 4.9227e-10 TSX
20150210 20170114 0.00018434 3.9288e-10 TSX
20150213 20160326 0.00014789 4.586e-10 TSX
20150218 20160216 -3.4877e-05 4.1664e-10 TSX
20150221 20180112 2.6574e-05 4.5638e-10 TSX
20150304 20180911 5.9113e-05 4.1897e-10 TSX
20150307 20160211 -6.9675e-05 4.4805e-10 TSX
20150312 20160320 -2.6624e-05 4.3193e-10 TSX
20150326 20150827 1.0873e-05 5.709e-10 TSX
20150329 20151207 -0.00011738 4.6424e-10 TSX
20150428 20160425 -4.003e-05 4.3306e-10 TSX
20150509 20150827 1.1805e-05 6.6774e-10 TSX
20150517 20150824 -0.00016897 6.7752e-10 TSX
20150520 20180911 -4.3503e-05 5.3598e-10 TSX
20150714 20170822 7.3777e-05 4.6049e-10 TSX
20150725 20170924 0.00011339 4.1207e-10 TSX
20150802 20160309 -4.6455e-05 5.1026e-10 TSX
20150805 20160403 0.00012316 4.866e-10 TSX
20150816 20171107 3.4397e-05 3.9401e-10 TSX
20150824 20150915 0.00065252 8.727e-10 TSX
20150827 20170902 -5.6806e-05 3.8887e-10 TSX
20150915 20160216 -5.0722e-05 5.9322e-10 TSX
20151021 20160904 -9.1844e-05 4.6082e-10 TSX
20151101 20171016 -0.0001367 3.5178e-10 TSX
20151112 20160425 -3.1827e-05 5.3887e-10 TSX
20151115 20151229 9.1807e-05 7.8482e-10 TSX
20151123 20171221 -6.5404e-05 4.3366e-10 TSX
20151204 20151215 0.00016182 9.833e-10 TSX
20151207 20160406 1.614e-05 6.1008e-10 TSX
20151215 20170822 0.00014991 5.0298e-10 TSX
20151226 20161223 4.7194e-05 3.9478e-10 TSX
20151229 20160211 4.3173e-06 7.8482e-10 TSX
20160106 20161223 5.3098e-05 3.989e-10 TSX
20160117 20160926 2.3814e-05 4.6068e-10 TSX
20160128 20160301 -0.00026615 8.1416e-10 TSX
20160208 20160312 -0.00014525 8.1416e-10 TSX
20160216 20160309 -0.00037225 8.727e-10 TSX
20160219 20180319 2.7524e-05 4.1995e-10 TSX
20160301 20161201 0.00010033 4.394e-10 TSX
20160304 20160326 5.3122e-05 8.5725e-10 TSX
20160312 20180319 4.6887e-05 4.7188e-10 TSX
20160320 20160411 0.00034072 8.7271e-10 TSX
20160323 20171118 2.8778e-05 4.6152e-10 TSX
20160326 20160406 -0.00051822 9.7463e-10 TSX
20160403 20171027 3.5625e-05 4.6278e-10 TSX
20160425 20170811 2.5247e-05 4.7808e-10 TSX
20160528 20160630 1.847e-05 8.1416e-10 TSX
20160630 20171118 7.5234e-05 4.018e-10 TSX
20160722 20161201 0.00012495 5.8604e-10 TSX
20160904 20180707 2.3803e-05 4.4488e-10 TSX
20160915 20180911 3.5708e-05 5.2794e-10 TSX
20160926 20170114 7.4111e-05 6.2633e-10 TSX
20161201 20171027 -3.055e-05 4.8668e-10 TSX
20161223 20171107 4.1391e-05 4.7854e-10 TSX
20170114 20170902 1.5527e-05 5.0132e-10 TSX
20170811 20171005 -6.323e-05 7.4969e-10 TSX
20170822 20180707 -0.000108 4.1395e-10 TSX
20170913 20180707 -0.00015822 4.2686e-10 TSX
20170924 20180319 -2.9468e-05 5.2513e-10 TSX
20171005 20171107 9.9062e-05 8.1416e-10 TSX
20171016 20180319 4.0886e-07 5.5278e-10 TSX
20171027 20180911 -2.7401e-05 4.141e-10 TSX
20171107 20171118 6.7253e-05 9.833e-10 TSX
20171118 20171129 5.8463e-05 9.833e-10 TSX
20171129 20171221 -1.1173e-05 8.572e-10 TSX
20171210 20180820 -9.9066e-05 4.5399e-10 TSX
20171221 20180911 -3.7043e-05 4.4713e-10 TSX
20180112 20181003 6.6339e-05 4.4749e-10 TSX
20180319 20180707 -0.00026025 6.2321e-10 TSX
20180707 20180911 0.00034462 7.2053e-10 TSX
20180729 20181003 0.00010461 7.2053e-10 TSX
20180820 20181003 0.00021979 7.8065e-10 TSX
20180911 20181003 -0.00018468 8.5721e-10 TSX
