20030427 20030914 -0.00036147 5.6552e-10 ERS2
20030914 20080629 6.8472e-05 2.7257e-10 ERS2
20050918 20090510 0.00015621 3.0116e-10 ERS2
20051127 20081116 5.4205e-05 3.0731e-10 ERS2
20060903 20090510 -0.00029672 3.1637e-10 ERS2
20061231 20090105 0.0001693 3.1616e-10 ALOS
20070402 20070703 -8.0101e-05 6.6632e-10 ALOS
20070518 20091008 8.9453e-05 3.0095e-10 ALOS
20070818 20071003 -0.00029371 7.7602e-10 ALOS
20071217 20100509 7.605e-05 3.0335e-10 ALOS
20080103 20100526 0.00012568 3.0085e-10 ALOS
20080404 20080520 0.00014168 7.7604e-10 ALOS
20080618 20090921 0.00011133 3.7233e-10 ALOS
20080629 20090510 3.1978e-05 4.1408e-10 ERS2
20080705 20091008 0.00017655 3.6495e-10 ALOS
20080803 20090823 -4.9715e-05 3.8261e-10 ERS2
20081116 20090823 0.00015341 4.3389e-10 ERS2
20081219 20090921 0.00057313 4.4602e-10 ALOS
20090105 20090708 0.00010843 5.2877e-10 ALOS
20090510 20091101 -0.00038363 5.2136e-10 ERS2
20090708 20091008 0.00079852 6.6628e-10 ALOS
20090823 20091101 -0.00022013 6.9863e-10 ERS2
20091222 20100624 0.00034877 5.2678e-10 ALOS
20100108 20100223 0.00047262 7.7631e-10 ALOS
20100223 20100526 0.00011206 6.6646e-10 ALOS
20100410 20100711 7.0003e-05 6.6632e-10 ALOS
20100509 20100624 0.00057259 7.7397e-10 ALOS
20100526 20100711 0.00041942 7.7606e-10 ALOS
20100624 20101109 0.00017598 5.8398e-10 ALOS
20100711 20101011 0.00050407 6.6632e-10 ALOS
20100809 20101109 -0.00014673 6.636e-10 ALOS
20101011 20101126 9.8068e-06 7.7607e-10 ALOS
20110111 20110226 0.00066192 7.7602e-10 ALOS
20110924 20130715 0.00014572 3.3348e-10 TSX
20111005 20121229 2.7317e-05 3.7327e-10 TSX
20111121 20171221 6.5985e-05 3.6941e-10 TSX
20111221 20130131 8.2849e-05 3.8557e-10 TSX
20111224 20121027 8.8003e-05 4.1921e-10 TSX
20120126 20140419 -0.00016614 3.3123e-10 TSX
20120203 20160320 5.3822e-05 3.0447e-10 TSX
20120206 20171107 -2.15e-05 3.6905e-10 TSX
20120617 20171129 6.2795e-05 3.8374e-10 TSX
20120723 20160120 7.2895e-05 3.7929e-10 TSX
20121024 20130109 0.00020428 7.0164e-10 TSX
20121027 20151226 1.7312e-05 3.5742e-10 TSX
20121030 20130311 5.6493e-05 5.8466e-10 TSX
20121107 20171118 -6.699e-06 4.0873e-10 TSX
20121221 20160208 6.6545e-05 3.6017e-10 TSX
20121224 20130516 1.7521e-05 5.6894e-10 TSX
20121229 20130407 -9.0629e-06 6.561e-10 TSX
20130104 20130217 -1.9919e-05 7.7381e-10 TSX
20130109 20130715 0.0001868 5.2842e-10 TSX
20130112 20140511 4.9289e-05 3.6913e-10 TSX
20130115 20130721 -3.5176e-05 5.1463e-10 TSX
20130126 20130823 -5.179e-05 5.0091e-10 TSX
20130131 20130429 2.4028e-06 6.7804e-10 TSX
20130203 20130729 9.3352e-05 5.238e-10 TSX
20130211 20130919 7.8478e-05 4.9647e-10 TSX
20130228 20141209 0.00010334 3.4235e-10 TSX
20130311 20130801 5.6729e-05 5.6901e-10 TSX
20130316 20130623 5.1986e-05 6.5633e-10 TSX
20130402 20150122 0.00018359 3.1993e-10 TSX
20130407 20140530 -9.3171e-06 3.8186e-10 TSX
20130421 20171016 8.5059e-05 3.717e-10 TSX
20130424 20130721 -1.0149e-05 6.6431e-10 TSX
20130429 20130623 -1.3625e-05 7.5491e-10 TSX
20130505 20131028 -0.00043009 5.3265e-10 TSX
20130513 20151112 0.0002047 3.1461e-10 TSX
20130516 20131017 -0.00012684 5.5763e-10 TSX
20130521 20130715 0.00046715 7.5488e-10 TSX
20130524 20171129 5.3952e-05 3.4888e-10 TSX
20130527 20140627 0.00010943 3.8423e-10 TSX
20130601 20130930 0.00040331 6.1708e-10 TSX
20130604 20141217 8.6095e-05 3.507e-10 TSX
20130607 20140719 0.00011668 3.88e-10 TSX
20130612 20150105 5.9479e-05 3.5914e-10 TSX
20130615 20160106 7.7484e-05 3.3069e-10 TSX
20130618 20140708 3.9007e-05 3.8969e-10 TSX
20130623 20130715 0.00075208 8.6349e-10 TSX
20130629 20130914 0.00038468 6.8908e-10 TSX
20130707 20150130 3.487e-05 3.4485e-10 TSX
20130710 20140901 2.9859e-05 3.8077e-10 TSX
20130715 20130726 -0.0025325 1.0127e-09 TSX
20130721 20131108 0.00059554 6.2104e-10 TSX
20130726 20150517 0.00015664 3.419e-10 TSX
20130729 20160904 3.2611e-05 3.1448e-10 TSX
20130801 20151115 0.00019395 3.2299e-10 TSX
20130817 20140209 -0.00015958 5.4107e-10 TSX
20130828 20150312 0.0001004 3.5468e-10 TSX
20130903 20150329 9.6226e-05 3.8501e-10 TSX
20130919 20160309 0.00014461 3.3519e-10 TSX
20130925 20140708 -1.0005e-05 4.3136e-10 TSX
20130930 20160411 9.0266e-05 3.3556e-10 TSX
20131011 20150802 6.2274e-05 3.2991e-10 TSX
20131017 20140719 7.1686e-05 4.3926e-10 TSX
20131028 20160304 8.2116e-05 3.0505e-10 TSX
20131102 20140519 -9.8449e-05 5.1717e-10 TSX
20131108 20140708 -2.834e-05 4.6442e-10 TSX
20140209 20160309 0.00018094 3.1984e-10 TSX
20140223 20140829 0.00013681 5.1106e-10 TSX
20140408 20140705 -4.1772e-06 6.6127e-10 TSX
20140419 20170913 9.7072e-05 3.429e-10 TSX
20140511 20141228 7.2556e-05 4.7022e-10 TSX
20140519 20150824 0.00013251 3.6719e-10 TSX
20140624 20171005 0.00013938 3.4948e-10 TSX
20140627 20151115 0.00014259 3.7235e-10 TSX
20140705 20180911 5.5398e-05 3.6833e-10 TSX
20140708 20160406 0.00019207 3.7674e-10 TSX
20140716 20171005 0.00010332 3.4382e-10 TSX
20140719 20151207 0.00017269 3.7509e-10 TSX
20140727 20150326 -5.678e-06 4.6165e-10 TSX
20140810 20150122 0.00011113 5.3922e-10 TSX
20140818 20160301 0.00013102 3.4153e-10 TSX
20140829 20160208 0.00011448 3.8179e-10 TSX
20140901 20140912 -0.00029083 9.6908e-10 TSX
20140912 20141209 5.582e-05 6.6409e-10 TSX
20140920 20170902 7.2369e-05 3.3967e-10 TSX
20141209 20160211 0.00016005 3.8209e-10 TSX
20141217 20160722 0.00016035 3.4387e-10 TSX
20141228 20160106 0.00012594 3.8982e-10 TSX
20141231 20151024 0.00017518 4.2724e-10 TSX
20150105 20150824 5.3401e-05 4.8856e-10 TSX
20150108 20170811 0.00027129 3.2985e-10 TSX
20150119 20160117 0.00014167 3.9253e-10 TSX
20150127 20160411 0.000129 3.7867e-10 TSX
20150130 20151112 0.00014043 4.3116e-10 TSX
20150210 20170114 0.00016665 3.7644e-10 TSX
20150213 20160326 0.00019113 4.1112e-10 TSX
20150218 20160216 0.00014021 4.0501e-10 TSX
20150221 20180112 9.8733e-05 2.9455e-10 TSX
20150304 20180911 8.7559e-07 3.2349e-10 TSX
20150307 20160211 0.00018465 4.1538e-10 TSX
20150312 20160320 8.1079e-05 4.0112e-10 TSX
20150326 20150827 0.00024025 5.5099e-10 TSX
20150329 20151207 0.00020645 4.5812e-10 TSX
20150428 20160425 0.00014381 3.9612e-10 TSX
20150509 20150827 0.0002298 6.2188e-10 TSX
20150517 20150824 0.0001573 6.5686e-10 TSX
20150520 20180911 9.5461e-05 3.3435e-10 TSX
20150714 20170822 0.00019063 3.5509e-10 TSX
20150725 20170924 0.00021315 3.6261e-10 TSX
20150802 20160309 2.5172e-05 4.9749e-10 TSX
20150805 20160403 -4.1835e-05 4.6845e-10 TSX
20150816 20171107 0.00015563 3.5747e-10 TSX
20150824 20150915 0.00071382 8.6334e-10 TSX
20150827 20170902 0.00012172 3.5187e-10 TSX
20150915 20160216 3.0338e-05 5.6821e-10 TSX
20151021 20160904 -2.2804e-05 4.2592e-10 TSX
20151101 20171016 0.0001331 3.4932e-10 TSX
20151112 20160425 -1.7815e-05 5.3865e-10 TSX
20151115 20151229 0.00019996 7.7381e-10 TSX
20151123 20171221 0.00014905 3.3293e-10 TSX
20151204 20151215 0.00017211 9.7896e-10 TSX
20151207 20160406 -9.0351e-05 6.0237e-10 TSX
20151215 20170822 0.00018784 3.4548e-10 TSX
20151226 20161223 0.00013513 4.0599e-10 TSX
20151229 20160211 4.9958e-05 7.7381e-10 TSX
20160106 20161223 0.00013843 4.1011e-10 TSX
20160117 20160926 0.00013637 4.5825e-10 TSX
20160128 20160301 -0.00018759 8.0722e-10 TSX
20160208 20160312 -3.3366e-05 8.0722e-10 TSX
20160216 20160309 -0.00042258 8.6333e-10 TSX
20160219 20180319 -0.00013792 3.2868e-10 TSX
20160301 20161201 0.00017276 4.4086e-10 TSX
20160304 20160326 3.5278e-05 8.4977e-10 TSX
20160312 20180319 0.00013335 3.4209e-10 TSX
20160320 20160411 0.00039488 8.6334e-10 TSX
20160323 20171118 0.00018161 3.5799e-10 TSX
20160326 20160406 -0.00048917 9.6901e-10 TSX
20160403 20171027 0.00020277 3.5043e-10 TSX
20160425 20170811 0.00013399 3.9974e-10 TSX
20160528 20160630 8.449e-05 8.0722e-10 TSX
20160630 20171118 0.000168 3.5563e-10 TSX
20160722 20161201 0.00011931 5.813e-10 TSX
20160904 20180707 6.1221e-05 3.4546e-10 TSX
20160915 20180911 0.00010152 3.4534e-10 TSX
20160926 20170114 -6.8611e-05 6.1797e-10 TSX
20161201 20171027 5.8673e-05 4.1981e-10 TSX
20161223 20171107 6.384e-05 4.2074e-10 TSX
20170114 20170902 9.9375e-05 4.7725e-10 TSX
20170811 20171005 -5.4242e-05 7.4155e-10 TSX
20170822 20180707 -7.3097e-05 4.1703e-10 TSX
20170913 20180707 -0.00010898 4.3019e-10 TSX
20170924 20180319 -0.00016822 5.233e-10 TSX
20171005 20171107 3.0457e-05 8.0722e-10 TSX
20171016 20180319 -0.0001794 5.502e-10 TSX
20171027 20180911 -9.6247e-08 4.1341e-10 TSX
20171107 20171118 7.7305e-05 9.7896e-10 TSX
20171118 20171129 5.8287e-05 9.7896e-10 TSX
20171129 20171221 6.4853e-06 8.516e-10 TSX
20171210 20180820 -3.0968e-05 4.5328e-10 TSX
20171221 20180911 -2.3824e-05 4.4543e-10 TSX
20180112 20181003 8.3137e-05 4.4606e-10 TSX
20180319 20180707 -2.6342e-05 6.1791e-10 TSX
20180707 20180911 0.00027518 7.1259e-10 TSX
20180729 20181003 0.00016252 7.1259e-10 TSX
20180820 20181003 0.00025745 7.7281e-10 TSX
20180911 20181003 -0.00015382 8.516e-10 TSX
