20030427 20030914 0.00084005 5.6572e-10 ERS2
20030914 20080629 -0.00011676 2.7643e-10 ERS2
20050918 20090510 -9.4935e-05 3.0682e-10 ERS2
20051127 20081116 0.00023158 3.1382e-10 ERS2
20060903 20090510 -7.3188e-05 3.1288e-10 ERS2
20061231 20090105 -0.00011715 3.1446e-10 ALOS
20070402 20070703 0.00010922 6.6793e-10 ALOS
20070518 20091008 -3.1782e-05 3.2063e-10 ALOS
20070818 20071003 -0.00019507 7.7882e-10 ALOS
20071217 20100509 -3.1795e-05 3.0585e-10 ALOS
20080103 20100526 6.9214e-05 3.2948e-10 ALOS
20080404 20080520 8.3786e-05 7.7882e-10 ALOS
20080618 20090921 -9.1417e-07 3.7262e-10 ALOS
20080629 20090510 -0.00024441 4.1905e-10 ERS2
20080705 20091008 8.9126e-06 3.6714e-10 ALOS
20080803 20090823 9.9856e-05 3.8537e-10 ERS2
20081116 20090823 0.00028823 4.3378e-10 ERS2
20081219 20090921 0.00025514 4.4637e-10 ALOS
20090105 20090708 0.00011924 5.2883e-10 ALOS
20090510 20091101 0.00033431 5.2085e-10 ERS2
20090708 20091008 5.3363e-05 6.6796e-10 ALOS
20090823 20091101 0.00017283 6.9905e-10 ERS2
20091222 20100624 0.00020542 5.2589e-10 ALOS
20100108 20100223 0.00035458 7.7888e-10 ALOS
20100223 20100526 -5.935e-05 6.6797e-10 ALOS
20100410 20100711 3.1245e-05 6.682e-10 ALOS
20100509 20100624 0.0007268 7.7654e-10 ALOS
20100526 20100711 0.00041192 7.7883e-10 ALOS
20100624 20101109 -7.4225e-05 5.8464e-10 ALOS
20100711 20101011 1.4416e-05 6.6798e-10 ALOS
20100809 20101109 -8.9421e-05 6.6505e-10 ALOS
20101011 20101126 0.00017039 7.7883e-10 ALOS
20110111 20110226 0.00049229 7.7882e-10 ALOS
20110924 20130715 -7.5748e-05 4.5176e-10 TSX
20111005 20121229 -0.00013911 4.5703e-10 TSX
20111121 20171221 -3.2279e-05 4.3576e-10 TSX
20111221 20130131 -2.2592e-06 3.9424e-10 TSX
20111224 20121027 -6.3741e-05 4.4741e-10 TSX
20120126 20140419 -2.1666e-07 4.7682e-10 TSX
20120203 20160320 -1.3526e-05 3.124e-10 TSX
20120206 20171107 -4.5055e-05 4.5242e-10 TSX
20120617 20171129 2.5606e-05 4.2669e-10 TSX
20120723 20160120 1.721e-05 4.4843e-10 TSX
20121024 20130109 4.3362e-05 7.0473e-10 TSX
20121027 20151226 -7.1275e-06 4.0115e-10 TSX
20121030 20130311 -1.1612e-05 5.8831e-10 TSX
20121107 20171118 3.5692e-05 3.9864e-10 TSX
20121221 20160208 9.2338e-05 3.6738e-10 TSX
20121224 20130516 -0.00022455 5.6882e-10 TSX
20121229 20130407 -0.00014284 6.5791e-10 TSX
20130104 20130217 -6.0869e-05 7.7576e-10 TSX
20130109 20130715 0.00024224 5.4953e-10 TSX
20130112 20140511 -3.2762e-05 4.6371e-10 TSX
20130115 20130721 -0.00025421 5.3933e-10 TSX
20130126 20130823 -0.0003643 5.2159e-10 TSX
20130131 20130429 -0.00017677 6.8011e-10 TSX
20130203 20130729 8.1607e-05 5.9216e-10 TSX
20130211 20130919 0.00012242 5.3407e-10 TSX
20130228 20141209 5.2346e-05 3.842e-10 TSX
20130311 20130801 -5.5883e-06 5.8354e-10 TSX
20130316 20130623 -0.00016094 6.6708e-10 TSX
20130402 20150122 0.00015042 4.5845e-10 TSX
20130407 20140530 7.7066e-05 4.4059e-10 TSX
20130421 20171016 -3.0306e-05 3.8375e-10 TSX
20130424 20130721 -0.00044433 6.8866e-10 TSX
20130429 20130623 -0.00014048 7.5986e-10 TSX
20130505 20131028 -0.00056442 5.5019e-10 TSX
20130513 20151112 -8.6471e-07 4.3365e-10 TSX
20130516 20131017 -0.00030569 5.915e-10 TSX
20130521 20130715 0.00023111 7.6434e-10 TSX
20130524 20171129 5.0936e-05 4.2951e-10 TSX
20130527 20140627 5.8241e-05 4.6719e-10 TSX
20130601 20130930 0.00013393 6.3147e-10 TSX
20130604 20141217 0.00017902 5.2209e-10 TSX
20130607 20140719 5.8069e-05 4.5784e-10 TSX
20130612 20150105 4.1755e-05 4.3345e-10 TSX
20130615 20160106 4.9594e-05 4.3182e-10 TSX
20130618 20140708 -3.4783e-05 4.3436e-10 TSX
20130623 20130715 0.00075508 8.6789e-10 TSX
20130629 20130914 0.0001588 6.9699e-10 TSX
20130707 20150130 1.9336e-05 4.3326e-10 TSX
20130710 20140901 3.0971e-05 4.1481e-10 TSX
20130715 20130726 -0.0025369 1.0156e-09 TSX
20130721 20131108 0.00051602 6.3738e-10 TSX
20130726 20150517 0.00017749 4.1818e-10 TSX
20130729 20160904 -1.1161e-05 4.7478e-10 TSX
20130801 20151115 3.6555e-05 4.1543e-10 TSX
20130817 20140209 -0.00010651 5.5687e-10 TSX
20130828 20150312 1.2049e-05 4.1569e-10 TSX
20130903 20150329 -0.00015143 3.7876e-10 TSX
20130919 20160309 1.2502e-05 3.8178e-10 TSX
20130925 20140708 -2.6937e-05 4.5652e-10 TSX
20130930 20160411 6.2459e-05 3.6306e-10 TSX
20131011 20150802 9.5994e-05 4.4972e-10 TSX
20131017 20140719 7.484e-06 4.4554e-10 TSX
20131028 20160304 3.2642e-05 3.0414e-10 TSX
20131102 20140519 -1.6163e-06 5.1826e-10 TSX
20131108 20140708 2.2147e-05 4.9696e-10 TSX
20140209 20160309 -2.3324e-05 4.7368e-10 TSX
20140223 20140829 0.00010441 5.1442e-10 TSX
20140408 20140705 1.587e-05 6.6191e-10 TSX
20140419 20170913 0.0001171 3.5381e-10 TSX
20140511 20141228 0.00012801 4.8331e-10 TSX
20140519 20150824 6.7565e-05 3.9923e-10 TSX
20140624 20171005 7.6954e-05 4.4358e-10 TSX
20140627 20151115 3.5402e-05 4.1225e-10 TSX
20140705 20180911 4.3826e-05 4.1129e-10 TSX
20140708 20160406 5.7415e-06 3.9083e-10 TSX
20140716 20171005 -3.5067e-05 3.5846e-10 TSX
20140719 20151207 -0.00014797 4.1867e-10 TSX
20140727 20150326 1.6047e-05 4.6417e-10 TSX
20140810 20150122 -0.00019967 5.3949e-10 TSX
20140818 20160301 9.9963e-07 4.0611e-10 TSX
20140829 20160208 -1.0101e-06 4.7035e-10 TSX
20140901 20140912 -0.00029018 9.7104e-10 TSX
20140912 20141209 4.999e-06 6.6516e-10 TSX
20140920 20170902 0.00010416 4.1337e-10 TSX
20141209 20160211 -2.1953e-05 4.2809e-10 TSX
20141217 20160722 3.1603e-05 5.0091e-10 TSX
20141228 20160106 8.1306e-05 4.347e-10 TSX
20141231 20151024 -1.2507e-06 4.3028e-10 TSX
20150105 20150824 6.9883e-05 5.1117e-10 TSX
20150108 20170811 -7.1172e-06 4.0784e-10 TSX
20150119 20160117 0.00016047 4.5636e-10 TSX
20150127 20160411 5.2558e-05 4.2436e-10 TSX
20150130 20151112 5.6922e-06 4.9394e-10 TSX
20150210 20170114 -1.4544e-05 4.5988e-10 TSX
20150213 20160326 -8.8375e-05 3.8662e-10 TSX
20150218 20160216 -1.1084e-05 4.1269e-10 TSX
20150221 20180112 -4.7834e-05 3.8743e-10 TSX
20150304 20180911 1.4353e-06 4.2274e-10 TSX
20150307 20160211 -6.1614e-06 4.0305e-10 TSX
20150312 20160320 -1.8543e-05 4.1699e-10 TSX
20150326 20150827 0.0001107 5.6097e-10 TSX
20150329 20151207 -6.1181e-05 4.5689e-10 TSX
20150428 20160425 0.00014435 4.5547e-10 TSX
20150509 20150827 8.3781e-05 6.203e-10 TSX
20150517 20150824 -6.638e-06 6.588e-10 TSX
20150520 20180911 6.3305e-05 4.0466e-10 TSX
20150714 20170822 4.2966e-06 3.6919e-10 TSX
20150725 20170924 -1.4232e-05 4.1645e-10 TSX
20150802 20160309 -0.00010184 4.9659e-10 TSX
20150805 20160403 6.427e-07 4.6495e-10 TSX
20150816 20171107 0.0001161 4.086e-10 TSX
20150824 20150915 0.00070502 8.6633e-10 TSX
20150827 20170902 6.7405e-05 4.6846e-10 TSX
20150915 20160216 -9.2043e-05 5.7065e-10 TSX
20151021 20160904 -7.6696e-05 5.0468e-10 TSX
20151101 20171016 -6.3804e-05 4.8822e-10 TSX
20151112 20160425 1.3551e-05 5.3629e-10 TSX
20151115 20151229 0.00011905 7.7576e-10 TSX
20151123 20171221 -2.6549e-05 5.3276e-10 TSX
20151204 20151215 0.00014948 9.8015e-10 TSX
20151207 20160406 -3.332e-05 6.0263e-10 TSX
20151215 20170822 0.00016899 4.0989e-10 TSX
20151226 20161223 -1.0171e-05 4.008e-10 TSX
20151229 20160211 3.9151e-05 7.7576e-10 TSX
20160106 20161223 -3.0632e-06 3.9996e-10 TSX
20160117 20160926 -1.267e-05 4.8577e-10 TSX
20160128 20160301 -0.00019543 8.0853e-10 TSX
20160208 20160312 -0.00011331 8.0853e-10 TSX
20160216 20160309 -0.00041212 8.6634e-10 TSX
20160219 20180319 2.1379e-05 3.9381e-10 TSX
20160301 20161201 5.2467e-05 4.3887e-10 TSX
20160304 20160326 9.2444e-05 8.5181e-10 TSX
20160312 20180319 3.4373e-05 4.3954e-10 TSX
20160320 20160411 0.00036565 8.6635e-10 TSX
20160323 20171118 6.7955e-05 4.3723e-10 TSX
20160326 20160406 -0.00050959 9.7096e-10 TSX
20160403 20171027 3.4927e-05 4.3472e-10 TSX
20160425 20170811 -0.0002664 3.822e-10 TSX
20160528 20160630 -0.00010202 8.0854e-10 TSX
20160630 20171118 0.00010109 4.5232e-10 TSX
20160722 20161201 0.00031653 5.8745e-10 TSX
20160904 20180707 7.4478e-05 5.6202e-10 TSX
20160915 20180911 -6.954e-05 4.6602e-10 TSX
20160926 20170114 0.00013176 6.5103e-10 TSX
20161201 20171027 -4.7067e-05 4.5064e-10 TSX
20161223 20171107 -7.992e-05 4.4911e-10 TSX
20170114 20170902 6.7968e-05 5.3238e-10 TSX
20170811 20171005 -6.5608e-05 7.4284e-10 TSX
20170822 20180707 -5.5364e-05 4.7022e-10 TSX
20170913 20180707 -0.00014685 4.7752e-10 TSX
20170924 20180319 2.016e-05 5.2995e-10 TSX
20171005 20171107 8.516e-06 8.0855e-10 TSX
20171016 20180319 8.7581e-05 5.5998e-10 TSX
20171027 20180911 -6.961e-05 4.9222e-10 TSX
20171107 20171118 6.8678e-05 9.8015e-10 TSX
20171118 20171129 5.4342e-05 9.8015e-10 TSX
20171129 20171221 -6.3731e-05 8.5288e-10 TSX
20171210 20180820 -6.5133e-05 5.081e-10 TSX
20171221 20180911 -8.8396e-05 4.9488e-10 TSX
20180112 20181003 3.6685e-05 5.2507e-10 TSX
20180319 20180707 -0.0002173 6.2874e-10 TSX
20180707 20180911 8.0641e-05 7.1355e-10 TSX
20180729 20181003 -7.8933e-05 7.1355e-10 TSX
20180820 20181003 0.00012416 7.7407e-10 TSX
20180911 20181003 -0.00020693 8.5288e-10 TSX
