20030427 20030914 0.00018944 5.6614e-10 ERS2
20030914 20080629 8.3694e-05 2.7662e-10 ERS2
20050918 20090510 -3.6439e-05 3.0386e-10 ERS2
20051127 20081116 1.1582e-05 3.0308e-10 ERS2
20060903 20090510 -0.00021497 3.067e-10 ERS2
20061231 20090105 -1.0036e-05 3.1941e-10 ALOS
20070402 20070703 -2.8925e-05 6.6646e-10 ALOS
20070518 20091008 9.12e-05 3.0605e-10 ALOS
20070818 20071003 -0.00017716 7.7531e-10 ALOS
20071217 20100509 0.00026094 3.1986e-10 ALOS
20080103 20100526 0.00027082 3.2661e-10 ALOS
20080404 20080520 0.00012507 7.7543e-10 ALOS
20080618 20090921 0.00023231 3.7824e-10 ALOS
20080629 20090510 -0.00013789 4.2319e-10 ERS2
20080705 20091008 0.0003105 3.796e-10 ALOS
20080803 20090823 -5.2122e-05 3.8373e-10 ERS2
20081116 20090823 0.00011433 4.3229e-10 ERS2
20081219 20090921 0.00069718 4.4704e-10 ALOS
20090105 20090708 0.0003336 5.317e-10 ALOS
20090510 20091101 0.00021494 5.2103e-10 ERS2
20090708 20091008 0.00088767 6.6624e-10 ALOS
20090823 20091101 -7.7661e-05 6.9845e-10 ERS2
20091222 20100624 0.00039437 5.3584e-10 ALOS
20100108 20100223 0.00061065 7.7593e-10 ALOS
20100223 20100526 3.9043e-05 6.6772e-10 ALOS
20100410 20100711 0.00031484 6.6603e-10 ALOS
20100509 20100624 0.00061637 7.7326e-10 ALOS
20100526 20100711 0.00053198 7.7537e-10 ALOS
20100624 20101109 0.00037387 5.84e-10 ALOS
20100711 20101011 0.00073596 6.662e-10 ALOS
20100809 20101109 -0.00022185 6.6343e-10 ALOS
20101011 20101126 -4.2165e-07 7.7543e-10 ALOS
20110111 20110226 0.00071131 7.7534e-10 ALOS
20110924 20130715 0.00030003 3.459e-10 TSX
20111005 20121229 0.00022632 3.9524e-10 TSX
20111121 20171221 2.0908e-05 3.9522e-10 TSX
20111221 20130131 0.00025544 3.9961e-10 TSX
20111224 20121027 0.00010908 4.1926e-10 TSX
20120126 20140419 -0.00019553 3.7082e-10 TSX
20120203 20160320 0.00014215 3.8156e-10 TSX
20120206 20171107 1.5262e-05 3.9453e-10 TSX
20120617 20171129 0.00011012 4.2522e-10 TSX
20120723 20160120 0.00012411 3.3666e-10 TSX
20121024 20130109 0.00027812 7.0127e-10 TSX
20121027 20151226 -3.6931e-05 3.7367e-10 TSX
20121030 20130311 0.0001589 5.8466e-10 TSX
20121107 20171118 5.2306e-05 4.0811e-10 TSX
20121221 20160208 0.00010638 3.9435e-10 TSX
20121224 20130516 0.00018353 5.7166e-10 TSX
20121229 20130407 9.1684e-05 6.5594e-10 TSX
20130104 20130217 3.9975e-05 7.7324e-10 TSX
20130109 20130715 0.00032311 5.5642e-10 TSX
20130112 20140511 0.00011176 3.618e-10 TSX
20130115 20130721 0.00023358 5.2493e-10 TSX
20130126 20130823 0.00029633 5.0069e-10 TSX
20130131 20130429 5.187e-05 6.7796e-10 TSX
20130203 20130729 0.00017342 5.2346e-10 TSX
20130211 20130919 0.00030427 5.0504e-10 TSX
20130228 20141209 0.00031362 3.9288e-10 TSX
20130311 20130801 0.00026468 5.7394e-10 TSX
20130316 20130623 0.00016372 6.5742e-10 TSX
20130402 20150122 2.7925e-05 3.8972e-10 TSX
20130407 20140530 0.00023231 4.1601e-10 TSX
20130421 20171016 7.1903e-05 4.0981e-10 TSX
20130424 20130721 0.00016336 6.6544e-10 TSX
20130429 20130623 6.0683e-05 7.5463e-10 TSX
20130505 20131028 -0.00025276 5.6275e-10 TSX
20130513 20151112 4.3473e-05 3.8184e-10 TSX
20130516 20131017 0.00014019 5.6663e-10 TSX
20130521 20130715 0.00051912 7.5493e-10 TSX
20130524 20171129 6.776e-05 4.3613e-10 TSX
20130527 20140627 0.00032866 4.0943e-10 TSX
20130601 20130930 0.00052716 6.1721e-10 TSX
20130604 20141217 8.2388e-05 3.6167e-10 TSX
20130607 20140719 0.0003042 4.0676e-10 TSX
20130612 20150105 0.00025975 3.761e-10 TSX
20130615 20160106 6.348e-05 4.5773e-10 TSX
20130618 20140708 0.00022157 4.0393e-10 TSX
20130623 20130715 0.00076332 8.6232e-10 TSX
20130629 20130914 0.00046341 6.8842e-10 TSX
20130707 20150130 6.2399e-05 3.5053e-10 TSX
20130710 20140901 0.00031823 3.9796e-10 TSX
20130715 20130726 -0.0025293 1.0114e-09 TSX
20130721 20131108 0.0006993 6.2449e-10 TSX
20130726 20150517 0.0002789 3.7438e-10 TSX
20130729 20160904 4.6847e-05 3.8163e-10 TSX
20130801 20151115 0.00021761 3.7831e-10 TSX
20130817 20140209 4.7462e-05 5.4416e-10 TSX
20130828 20150312 0.00032915 3.9895e-10 TSX
20130903 20150329 0.00015982 3.475e-10 TSX
20130919 20160309 0.00015117 4.1645e-10 TSX
20130925 20140708 0.00015612 4.4199e-10 TSX
20130930 20160411 0.00010983 4.2386e-10 TSX
20131011 20150802 0.00030634 3.8013e-10 TSX
20131017 20140719 0.00020672 4.4493e-10 TSX
20131028 20160304 -1.4001e-05 3.788e-10 TSX
20131102 20140519 -3.8256e-05 5.1772e-10 TSX
20131108 20140708 0.00012288 4.7053e-10 TSX
20140209 20160309 0.00022305 4.1002e-10 TSX
20140223 20140829 0.00014924 5.1151e-10 TSX
20140408 20140705 4.9894e-05 6.6127e-10 TSX
20140419 20170913 0.00017764 4.3327e-10 TSX
20140511 20141228 0.00012818 4.7107e-10 TSX
20140519 20150824 0.00040331 3.8302e-10 TSX
20140624 20171005 0.00017849 4.298e-10 TSX
20140627 20151115 0.00029904 3.842e-10 TSX
20140705 20180911 6.6018e-05 4.132e-10 TSX
20140708 20160406 0.00031206 4.2458e-10 TSX
20140716 20171005 0.00014981 3.6883e-10 TSX
20140719 20151207 0.00031617 4.087e-10 TSX
20140727 20150326 3.3388e-05 4.6258e-10 TSX
20140810 20150122 0.00028385 5.3827e-10 TSX
20140818 20160301 0.00010092 3.6399e-10 TSX
20140829 20160208 0.00014533 3.6594e-10 TSX
20140901 20140912 -0.00029742 9.6799e-10 TSX
20140912 20141209 0.00016629 6.6427e-10 TSX
20140920 20170902 0.00014866 3.5606e-10 TSX
20141209 20160211 5.1736e-05 4.0268e-10 TSX
20141217 20160722 7.1706e-06 3.5225e-10 TSX
20141228 20160106 0.00012983 4.0585e-10 TSX
20141231 20151024 0.00031639 4.3971e-10 TSX
20150105 20150824 0.00019098 5.1811e-10 TSX
20150108 20170811 -8.5817e-06 3.7972e-10 TSX
20150119 20160117 0.00015275 4.0022e-10 TSX
20150127 20160411 0.00021684 3.9688e-10 TSX
20150130 20151112 0.00014178 4.4982e-10 TSX
20150210 20170114 8.9392e-05 3.5455e-10 TSX
20150213 20160326 0.0002164 3.8742e-10 TSX
20150218 20160216 0.00035724 4.5736e-10 TSX
20150221 20180112 8.6624e-05 3.5649e-10 TSX
20150304 20180911 3.0389e-05 3.9575e-10 TSX
20150307 20160211 0.00049804 4.1696e-10 TSX
20150312 20160320 0.00020449 4.0632e-10 TSX
20150326 20150827 0.0002831 5.5219e-10 TSX
20150329 20151207 0.00043863 4.8146e-10 TSX
20150428 20160425 0.00013907 4.0304e-10 TSX
20150509 20150827 0.00030991 6.2252e-10 TSX
20150517 20150824 0.00026663 6.5911e-10 TSX
20150520 20180911 2.4764e-05 4.2097e-10 TSX
20150714 20170822 7.9047e-05 3.4188e-10 TSX
20150725 20170924 8.3606e-05 3.6214e-10 TSX
20150802 20160309 0.0001681 5.2013e-10 TSX
20150805 20160403 4.5146e-05 4.6942e-10 TSX
20150816 20171107 -1.1908e-05 3.6156e-10 TSX
20150824 20150915 0.00072171 8.6217e-10 TSX
20150827 20170902 0.00011021 3.222e-10 TSX
20150915 20160216 0.0001415 5.7127e-10 TSX
20151021 20160904 4.814e-06 4.2368e-10 TSX
20151101 20171016 3.232e-05 3.679e-10 TSX
20151112 20160425 -5.3683e-07 5.3668e-10 TSX
20151115 20151229 0.0002224 7.7326e-10 TSX
20151123 20171221 -1.6034e-05 3.6764e-10 TSX
20151204 20151215 0.00017312 9.779e-10 TSX
20151207 20160406 -4.7694e-05 6.0214e-10 TSX
20151215 20170822 -2.7319e-05 3.843e-10 TSX
20151226 20161223 0.00016434 3.9529e-10 TSX
20151229 20160211 6.8892e-05 7.7326e-10 TSX
20160106 20161223 0.00017225 4.0167e-10 TSX
20160117 20160926 0.00017744 4.5281e-10 TSX
20160128 20160301 -0.00021641 8.0643e-10 TSX
20160208 20160312 -2.4505e-05 8.0643e-10 TSX
20160216 20160309 -0.00042877 8.621e-10 TSX
20160219 20180319 -6.9366e-05 3.4958e-10 TSX
20160301 20161201 0.00022351 4.3934e-10 TSX
20160304 20160326 4.5435e-05 8.4879e-10 TSX
20160312 20180319 -3.091e-05 3.7764e-10 TSX
20160320 20160411 0.00039738 8.6211e-10 TSX
20160323 20171118 7.1683e-05 3.7082e-10 TSX
20160326 20160406 -0.00048544 9.6792e-10 TSX
20160403 20171027 0.00012926 4.0053e-10 TSX
20160425 20170811 0.00019229 3.8443e-10 TSX
20160528 20160630 0.00010518 8.0643e-10 TSX
20160630 20171118 9.7918e-05 3.7629e-10 TSX
20160722 20161201 0.00021048 5.8136e-10 TSX
20160904 20180707 6.9464e-05 3.8448e-10 TSX
20160915 20180911 -4.1736e-06 3.3082e-10 TSX
20160926 20170114 -9.6341e-06 6.182e-10 TSX
20161201 20171027 2.4864e-05 4.6454e-10 TSX
20161223 20171107 5.2927e-05 4.5677e-10 TSX
20170114 20170902 0.00011715 4.8631e-10 TSX
20170811 20171005 -3.3454e-05 7.4119e-10 TSX
20170822 20180707 -9.3881e-05 4.1461e-10 TSX
20170913 20180707 -0.00011801 4.2866e-10 TSX
20170924 20180319 -0.00021751 5.2336e-10 TSX
20171005 20171107 3.0586e-05 8.0643e-10 TSX
20171016 20180319 -0.00021552 5.5013e-10 TSX
20171027 20180911 7.6767e-06 4.1497e-10 TSX
20171107 20171118 7.6523e-05 9.779e-10 TSX
20171118 20171129 5.8184e-05 9.779e-10 TSX
20171129 20171221 1.2289e-05 8.5063e-10 TSX
20171210 20180820 -3.2886e-05 4.5324e-10 TSX
20171221 20180911 -3.7016e-05 4.4637e-10 TSX
20180112 20181003 9.7296e-05 4.4747e-10 TSX
20180319 20180707 3.422e-05 6.1788e-10 TSX
20180707 20180911 0.00036182 7.1241e-10 TSX
20180729 20181003 0.00021287 7.1242e-10 TSX
20180820 20181003 0.00030337 7.7224e-10 TSX
20180911 20181003 -0.00015524 8.5063e-10 TSX
