20030427 20030914 0.00081232 5.6686e-10 ERS2
20030914 20080629 0.00010192 2.9033e-10 ERS2
20050918 20090510 7.0045e-06 3.0436e-10 ERS2
20051127 20081116 -2.7342e-05 3.0599e-10 ERS2
20060903 20090510 6.2045e-05 3.1025e-10 ERS2
20061231 20090105 2.3432e-05 3.2298e-10 ALOS
20070402 20070703 8.3672e-05 6.6641e-10 ALOS
20070518 20091008 0.00027997 3.331e-10 ALOS
20070818 20071003 -0.00013922 7.7652e-10 ALOS
20071217 20100509 -2.4001e-05 3.0618e-10 ALOS
20080103 20100526 -6.8741e-05 3.4008e-10 ALOS
20080404 20080520 9.1363e-05 7.766e-10 ALOS
20080618 20090921 -2.5349e-05 3.7305e-10 ALOS
20080629 20090510 -0.00058028 4.1679e-10 ERS2
20080705 20091008 3.518e-05 3.6487e-10 ALOS
20080803 20090823 0.00012465 3.8332e-10 ERS2
20081116 20090823 0.00017989 4.3517e-10 ERS2
20081219 20090921 0.00032952 4.5325e-10 ALOS
20090105 20090708 0.00012818 5.4174e-10 ALOS
20090510 20091101 0.0001633 5.232e-10 ERS2
20090708 20091008 8.8466e-05 6.6676e-10 ALOS
20090823 20091101 2.4678e-05 6.9853e-10 ERS2
20091222 20100624 7.3048e-05 5.2637e-10 ALOS
20100108 20100223 0.00011024 7.7662e-10 ALOS
20100223 20100526 -0.00018845 6.6753e-10 ALOS
20100410 20100711 8.1481e-05 6.6748e-10 ALOS
20100509 20100624 0.00071919 7.744e-10 ALOS
20100526 20100711 0.00051131 7.7654e-10 ALOS
20100624 20101109 -2.1262e-05 5.8419e-10 ALOS
20100711 20101011 -6.6438e-05 6.6688e-10 ALOS
20100809 20101109 -3.6647e-05 6.6398e-10 ALOS
20101011 20101126 0.00014008 7.7658e-10 ALOS
20110111 20110226 0.00043139 7.7652e-10 ALOS
20110924 20130715 3.3746e-05 3.7689e-10 TSX
20111005 20121229 -8.2938e-05 3.9867e-10 TSX
20111121 20171221 4.0293e-05 3.3142e-10 TSX
20111221 20130131 1.8846e-05 3.9291e-10 TSX
20111224 20121027 9.1648e-05 4.1967e-10 TSX
20120126 20140419 0.0001299 3.1927e-10 TSX
20120203 20160320 0.00015821 3.2655e-10 TSX
20120206 20171107 -2.9655e-06 4.0605e-10 TSX
20120617 20171129 3.0964e-05 3.3822e-10 TSX
20120723 20160120 0.00014299 3.5164e-10 TSX
20121024 20130109 6.4529e-05 7.0489e-10 TSX
20121027 20151226 -5.2978e-05 4.624e-10 TSX
20121030 20130311 1.776e-05 5.848e-10 TSX
20121107 20171118 6.7256e-05 3.1291e-10 TSX
20121221 20160208 4.274e-05 4.1696e-10 TSX
20121224 20130516 -8.4183e-05 5.686e-10 TSX
20121229 20130407 -1.7889e-05 6.5683e-10 TSX
20130104 20130217 -5.0989e-05 7.7401e-10 TSX
20130109 20130715 0.00012858 5.5621e-10 TSX
20130112 20140511 4.8247e-05 4.2254e-10 TSX
20130115 20130721 -0.00014362 5.4942e-10 TSX
20130126 20130823 -4.6745e-05 5.243e-10 TSX
20130131 20130429 -8.2328e-05 6.7863e-10 TSX
20130203 20130729 6.2392e-05 5.2697e-10 TSX
20130211 20130919 -5.53e-05 5.1728e-10 TSX
20130228 20141209 0.00010602 4.4263e-10 TSX
20130311 20130801 -0.000229 5.8118e-10 TSX
20130316 20130623 -0.00011809 6.596e-10 TSX
20130402 20150122 9.9129e-05 4.6614e-10 TSX
20130407 20140530 -2.5272e-05 4.0166e-10 TSX
20130421 20171016 -7.8333e-05 3.5988e-10 TSX
20130424 20130721 -0.00036832 6.6723e-10 TSX
20130429 20130623 -0.00010889 7.559e-10 TSX
20130505 20131028 -0.00050705 5.7386e-10 TSX
20130513 20151112 0.0001146 4.3752e-10 TSX
20130516 20131017 -0.00014723 5.7075e-10 TSX
20130521 20130715 0.00023548 7.5637e-10 TSX
20130524 20171129 3.287e-05 3.5912e-10 TSX
20130527 20140627 -4.0618e-05 4.4964e-10 TSX
20130601 20130930 0.00012546 6.2356e-10 TSX
20130604 20141217 -1.2942e-05 3.9484e-10 TSX
20130607 20140719 -7.7056e-06 4.1196e-10 TSX
20130612 20150105 2.0539e-05 3.7875e-10 TSX
20130615 20160106 3.1373e-05 3.5711e-10 TSX
20130618 20140708 5.0635e-06 3.9422e-10 TSX
20130623 20130715 0.00070514 8.6402e-10 TSX
20130629 20130914 2.5831e-05 6.9144e-10 TSX
20130707 20150130 2.2056e-05 3.5461e-10 TSX
20130710 20140901 4.4649e-06 3.9859e-10 TSX
20130715 20130726 -0.002475 1.0132e-09 TSX
20130721 20131108 0.00056813 6.2835e-10 TSX
20130726 20150517 0.0001187 3.546e-10 TSX
20130729 20160904 2.7278e-05 3.8963e-10 TSX
20130801 20151115 0.00014346 3.3979e-10 TSX
20130817 20140209 -3.6013e-05 5.4564e-10 TSX
20130828 20150312 5.995e-05 3.9533e-10 TSX
20130903 20150329 -0.00014489 3.6593e-10 TSX
20130919 20160309 0.00016307 3.4566e-10 TSX
20130925 20140708 -1.7511e-05 4.4698e-10 TSX
20130930 20160411 4.9168e-05 3.7268e-10 TSX
20131011 20150802 2.2054e-06 4.1387e-10 TSX
20131017 20140719 1.379e-05 4.6719e-10 TSX
20131028 20160304 0.00013841 3.5165e-10 TSX
20131102 20140519 1.1063e-05 5.1922e-10 TSX
20131108 20140708 6.5365e-05 4.835e-10 TSX
20140209 20160309 8.1118e-05 3.5807e-10 TSX
20140223 20140829 5.4294e-05 5.1195e-10 TSX
20140408 20140705 4.4378e-05 6.614e-10 TSX
20140419 20170913 0.00011578 2.8965e-10 TSX
20140511 20141228 4.6578e-05 4.7105e-10 TSX
20140519 20150824 -8.0948e-05 4.1213e-10 TSX
20140624 20171005 5.5974e-05 4.9613e-10 TSX
20140627 20151115 -0.0001505 4.463e-10 TSX
20140705 20180911 6.12e-05 3.7759e-10 TSX
20140708 20160406 1.3984e-05 3.6586e-10 TSX
20140716 20171005 2.1263e-05 4.3735e-10 TSX
20140719 20151207 -9.2616e-05 4.6719e-10 TSX
20140727 20150326 -5.7577e-06 4.6135e-10 TSX
20140810 20150122 -2.0547e-05 5.4309e-10 TSX
20140818 20160301 7.9929e-05 3.6827e-10 TSX
20140829 20160208 4.8702e-05 4.0571e-10 TSX
20140901 20140912 -0.00028672 9.692e-10 TSX
20140912 20141209 1.3088e-05 6.6465e-10 TSX
20140920 20170902 6.9494e-05 4.399e-10 TSX
20141209 20160211 -6.8053e-05 4.3425e-10 TSX
20141217 20160722 0.00013843 3.9104e-10 TSX
20141228 20160106 -3.9833e-06 4.358e-10 TSX
20141231 20151024 3.543e-05 4.3459e-10 TSX
20150105 20150824 -1.6328e-05 5.0387e-10 TSX
20150108 20170811 7.7832e-06 4.3906e-10 TSX
20150119 20160117 7.9811e-05 4.036e-10 TSX
20150127 20160411 -5.9238e-07 4.2692e-10 TSX
20150130 20151112 0.00010079 4.4435e-10 TSX
20150210 20170114 -7.3781e-06 3.7337e-10 TSX
20150213 20160326 0.00028475 4.2308e-10 TSX
20150218 20160216 -7.7711e-05 4.2456e-10 TSX
20150221 20180112 0.00011874 3.3121e-10 TSX
20150304 20180911 6.0631e-05 4.4075e-10 TSX
20150307 20160211 -1.7796e-06 4.1483e-10 TSX
20150312 20160320 1.0405e-06 4.045e-10 TSX
20150326 20150827 3.3309e-05 5.5474e-10 TSX
20150329 20151207 -5.1351e-05 4.5945e-10 TSX
20150428 20160425 5.0591e-05 4.2498e-10 TSX
20150509 20150827 1.553e-07 6.275e-10 TSX
20150517 20150824 -0.00021029 6.5846e-10 TSX
20150520 20180911 -4.2699e-06 4.3742e-10 TSX
20150714 20170822 -1.0424e-05 4.261e-10 TSX
20150725 20170924 2.2705e-05 3.6256e-10 TSX
20150802 20160309 -1.0249e-05 4.9868e-10 TSX
20150805 20160403 9.4361e-06 4.6409e-10 TSX
20150816 20171107 -8.4804e-05 3.3899e-10 TSX
20150824 20150915 0.00072209 8.6381e-10 TSX
20150827 20170902 9.4285e-05 3.6158e-10 TSX
20150915 20160216 -9.8351e-05 5.7242e-10 TSX
20151021 20160904 -7.3016e-05 4.2002e-10 TSX
20151101 20171016 0.00011667 3.9415e-10 TSX
20151112 20160425 -7.4255e-06 5.3652e-10 TSX
20151115 20151229 0.0001199 7.7401e-10 TSX
20151123 20171221 2.521e-05 3.5996e-10 TSX
20151204 20151215 0.00016105 9.7857e-10 TSX
20151207 20160406 -2.887e-05 6.0229e-10 TSX
20151215 20170822 1.2609e-05 3.467e-10 TSX
20151226 20161223 5.6949e-05 3.9395e-10 TSX
20151229 20160211 -8.0309e-06 7.7401e-10 TSX
20160106 20161223 9.8352e-05 3.9826e-10 TSX
20160117 20160926 6.9169e-05 4.5544e-10 TSX
20160128 20160301 -0.00024327 8.0694e-10 TSX
20160208 20160312 -8.3662e-05 8.0694e-10 TSX
20160216 20160309 -0.00041195 8.6381e-10 TSX
20160219 20180319 -1.8064e-05 4.2068e-10 TSX
20160301 20161201 0.00013305 4.3905e-10 TSX
20160304 20160326 0.00012275 8.4989e-10 TSX
20160312 20180319 5.0126e-05 4.2175e-10 TSX
20160320 20160411 0.00036059 8.6382e-10 TSX
20160323 20171118 4.1568e-05 3.8743e-10 TSX
20160326 20160406 -0.00053292 9.6913e-10 TSX
20160403 20171027 6.2516e-06 3.9666e-10 TSX
20160425 20170811 5.8428e-05 3.7563e-10 TSX
20160528 20160630 -1.3552e-05 8.0694e-10 TSX
20160630 20171118 6.1595e-05 3.7933e-10 TSX
20160722 20161201 0.00012639 5.8188e-10 TSX
20160904 20180707 3.2371e-05 3.9249e-10 TSX
20160915 20180911 3.334e-05 3.6008e-10 TSX
20160926 20170114 0.00010583 6.2035e-10 TSX
20161201 20171027 6.0762e-05 4.939e-10 TSX
20161223 20171107 1.7429e-05 4.5821e-10 TSX
20170114 20170902 -4.5753e-06 4.8084e-10 TSX
20170811 20171005 -7.9572e-06 7.4152e-10 TSX
20170822 20180707 -3.1969e-05 4.1435e-10 TSX
20170913 20180707 -0.00011126 4.2657e-10 TSX
20170924 20180319 4.9838e-06 5.2326e-10 TSX
20171005 20171107 4.5509e-05 8.0694e-10 TSX
20171016 20180319 2.725e-05 5.501e-10 TSX
20171027 20180911 -2.71e-06 4.149e-10 TSX
20171107 20171118 7.7684e-05 9.7857e-10 TSX
20171118 20171129 5.7745e-05 9.7857e-10 TSX
20171129 20171221 -3.3242e-05 8.5123e-10 TSX
20171210 20180820 -1.2577e-05 4.5422e-10 TSX
20171221 20180911 1.0706e-05 4.47e-10 TSX
20180112 20181003 7.9606e-05 4.4705e-10 TSX
20180319 20180707 -0.00017447 6.1796e-10 TSX
20180707 20180911 0.0002463 7.1265e-10 TSX
20180729 20181003 6.7309e-05 7.1265e-10 TSX
20180820 20181003 0.00019109 7.7266e-10 TSX
20180911 20181003 -0.00017065 8.5124e-10 TSX
