20030427 20030914 0.0009584 5.709e-10 ERS2
20030914 20080629 -0.00014387 2.8131e-10 ERS2
20050918 20090510 -4.4694e-06 3.0122e-10 ERS2
20051127 20081116 7.3978e-05 3.1496e-10 ERS2
20060903 20090510 -9.5825e-05 3.1515e-10 ERS2
20061231 20090105 -1.0092e-05 3.1279e-10 ALOS
20070402 20070703 -0.00023546 6.7306e-10 ALOS
20070518 20091008 -5.704e-07 2.9772e-10 ALOS
20070818 20071003 -0.00040249 7.8369e-10 ALOS
20071217 20100509 3.6231e-05 2.9811e-10 ALOS
20080103 20100526 3.4485e-05 2.9994e-10 ALOS
20080404 20080520 0.00013945 7.8369e-10 ALOS
20080618 20090921 -8.4936e-05 3.7192e-10 ALOS
20080629 20090510 -0.00028331 4.1231e-10 ERS2
20080705 20091008 -3.7125e-05 3.6538e-10 ALOS
20080803 20090823 -6.1911e-05 3.8293e-10 ERS2
20081116 20090823 -2.2502e-05 4.3234e-10 ERS2
20081219 20090921 0.00035818 4.4707e-10 ALOS
20090105 20090708 0.00010483 5.3167e-10 ALOS
20090510 20091101 -9.0324e-05 5.243e-10 ERS2
20090708 20091008 0.00047615 6.7291e-10 ALOS
20090823 20091101 -2.4565e-05 7.0755e-10 ERS2
20091222 20100624 0.00033049 5.2764e-10 ALOS
20100108 20100223 0.00026307 7.837e-10 ALOS
20100223 20100526 1.4868e-06 6.7333e-10 ALOS
20100410 20100711 -0.00013844 6.7298e-10 ALOS
20100509 20100624 0.00071455 7.8137e-10 ALOS
20100526 20100711 0.00045657 7.837e-10 ALOS
20100624 20101109 -8.5956e-05 5.8762e-10 ALOS
20100711 20101011 -0.00018446 6.7308e-10 ALOS
20100809 20101109 -0.00020041 6.6988e-10 ALOS
20101011 20101126 0.00028187 7.837e-10 ALOS
20110111 20110226 0.0007354 7.8369e-10 ALOS
20110924 20130715 5.0905e-05 3.2335e-10 TSX
20111005 20121229 -5.461e-06 3.6922e-10 TSX
20111121 20171221 -1.5535e-06 2.6148e-10 TSX
20111221 20130131 5.1144e-05 3.8616e-10 TSX
20111224 20121027 -2.4884e-05 4.1981e-10 TSX
20120126 20140419 8.7547e-06 2.8884e-10 TSX
20120203 20160320 -2.0439e-05 2.4804e-10 TSX
20120206 20171107 1.3865e-05 2.6442e-10 TSX
20120617 20171129 -7.1554e-06 2.5916e-10 TSX
20120723 20160120 3.7417e-05 2.6029e-10 TSX
20121024 20130109 0.00015433 7.1002e-10 TSX
20121027 20151226 -2.1686e-05 2.6492e-10 TSX
20121030 20130311 4.073e-05 5.8743e-10 TSX
20121107 20171118 -3.7046e-06 2.5694e-10 TSX
20121221 20160208 8.8133e-06 2.6549e-10 TSX
20121224 20130516 -0.00021202 5.7081e-10 TSX
20121229 20130407 6.214e-05 6.6315e-10 TSX
20130104 20130217 2.3516e-05 7.8052e-10 TSX
20130109 20130715 9.0007e-05 5.3114e-10 TSX
20130112 20140511 -2.7479e-05 3.5454e-10 TSX
20130115 20130721 -0.000228 5.1514e-10 TSX
20130126 20130823 -0.00026028 5.1277e-10 TSX
20130131 20130429 -0.00014107 6.8575e-10 TSX
20130203 20130729 -6.6322e-05 5.2611e-10 TSX
20130211 20130919 -1.1119e-06 4.9795e-10 TSX
20130228 20141209 3.2747e-05 3.1293e-10 TSX
20130311 20130801 -8.3317e-05 5.7077e-10 TSX
20130316 20130623 1.4109e-05 6.6316e-10 TSX
20130402 20150122 0.00011207 4.3334e-10 TSX
20130407 20140530 -4.0068e-05 3.8151e-10 TSX
20130421 20171016 -9.6424e-06 2.866e-10 TSX
20130424 20130721 -0.0003502 6.6941e-10 TSX
20130429 20130623 -8.8377e-05 7.6324e-10 TSX
20130505 20131028 -0.0010527 5.8015e-10 TSX
20130513 20151112 -2.9593e-06 2.7752e-10 TSX
20130516 20131017 -0.00045356 5.7878e-10 TSX
20130521 20130715 0.00023939 7.6327e-10 TSX
20130524 20171129 5.4353e-08 2.7942e-10 TSX
20130527 20140627 -4.4269e-06 3.8329e-10 TSX
20130601 20130930 0.00020948 6.2265e-10 TSX
20130604 20141217 2.9953e-06 3.3833e-10 TSX
20130607 20140719 1.3319e-05 3.7935e-10 TSX
20130612 20150105 -3.3628e-06 3.3838e-10 TSX
20130615 20160106 1.3008e-05 2.7519e-10 TSX
20130618 20140708 -3.7371e-05 3.8778e-10 TSX
20130623 20130715 0.00067915 8.6912e-10 TSX
20130629 20130914 0.00036139 6.9819e-10 TSX
20130707 20150130 3.3345e-06 3.383e-10 TSX
20130710 20140901 3.171e-05 3.7645e-10 TSX
20130715 20130726 -0.0025975 1.0173e-09 TSX
20130721 20131108 0.00097296 6.4003e-10 TSX
20130726 20150517 0.00015523 3.2236e-10 TSX
20130729 20160904 -7.546e-06 2.6463e-10 TSX
20130801 20151115 3.5405e-05 2.8619e-10 TSX
20130817 20140209 -4.8052e-05 5.4409e-10 TSX
20130828 20150312 3.8652e-05 3.4114e-10 TSX
20130903 20150329 -0.00018752 4.862e-10 TSX
20130919 20160309 1.5699e-05 2.7752e-10 TSX
20130925 20140708 -4.4547e-05 4.3261e-10 TSX
20130930 20160411 -9.0226e-06 2.7538e-10 TSX
20131011 20150802 -2.8432e-06 3.2008e-10 TSX
20131017 20140719 -7.771e-05 4.3935e-10 TSX
20131028 20160304 1.2934e-05 4.0633e-10 TSX
20131102 20140519 -0.00024868 5.1959e-10 TSX
20131108 20140708 -1.9787e-05 4.691e-10 TSX
20140209 20160309 1.8172e-05 3.0589e-10 TSX
20140223 20140829 -1.235e-05 5.1368e-10 TSX
20140408 20140705 -2.0223e-05 6.7053e-10 TSX
20140419 20170913 1.8695e-06 2.7174e-10 TSX
20140511 20141228 4.6876e-05 4.7141e-10 TSX
20140519 20150824 0.0001259 3.6518e-10 TSX
20140624 20171005 1.6941e-05 2.8249e-10 TSX
20140627 20151115 -3.4111e-06 3.4057e-10 TSX
20140705 20180911 9.5331e-06 2.867e-10 TSX
20140708 20160406 4.9026e-05 3.1235e-10 TSX
20140716 20171005 6.1905e-06 2.8813e-10 TSX
20140719 20151207 3.5754e-05 3.4077e-10 TSX
20140727 20150326 2.3183e-05 4.6272e-10 TSX
20140810 20150122 -2.3846e-05 5.4082e-10 TSX
20140818 20160301 6.5789e-06 3.2461e-10 TSX
20140829 20160208 9.798e-06 3.3085e-10 TSX
20140901 20140912 -0.00030602 9.7285e-10 TSX
20140912 20141209 6.0311e-05 6.694e-10 TSX
20140920 20170902 8.1089e-06 2.7775e-10 TSX
20141209 20160211 -1.2104e-05 3.6409e-10 TSX
20141217 20160722 5.6426e-06 3.1774e-10 TSX
20141228 20160106 -7.0615e-06 3.8208e-10 TSX
20141231 20151024 4.6706e-05 4.256e-10 TSX
20150105 20150824 -5.4274e-05 4.8793e-10 TSX
20150108 20170811 2.8838e-06 2.8661e-10 TSX
20150119 20160117 2.4723e-05 3.8729e-10 TSX
20150127 20160411 4.9499e-05 3.7149e-10 TSX
20150130 20151112 -2.0065e-05 4.2908e-10 TSX
20150210 20170114 1.6503e-05 3.1029e-10 TSX
20150213 20160326 -0.00015225 3.868e-10 TSX
20150218 20160216 3.2888e-05 4.0333e-10 TSX
20150221 20180112 -7.8372e-06 3.3439e-10 TSX
20150304 20180911 1.5119e-05 3.2361e-10 TSX
20150307 20160211 2.5319e-05 4.0125e-10 TSX
20150312 20160320 -7.0256e-06 3.9833e-10 TSX
20150326 20150827 -4.4076e-05 5.5372e-10 TSX
20150329 20151207 -3.8038e-05 4.5548e-10 TSX
20150428 20160425 1.087e-05 3.8686e-10 TSX
20150509 20150827 -0.000119 6.2512e-10 TSX
20150517 20150824 -0.00019092 6.6317e-10 TSX
20150520 20180911 2.1406e-06 2.9648e-10 TSX
20150714 20170822 1.8159e-05 2.9752e-10 TSX
20150725 20170924 7.7412e-06 2.9072e-10 TSX
20150802 20160309 -6.7946e-05 4.9797e-10 TSX
20150805 20160403 5.1614e-05 4.6234e-10 TSX
20150816 20171107 -6.9193e-07 2.8842e-10 TSX
20150824 20150915 0.00072785 8.6902e-10 TSX
20150827 20170902 1.2199e-05 3.0021e-10 TSX
20150915 20160216 -0.00010719 5.7214e-10 TSX
20151021 20160904 7.4056e-06 4.1255e-10 TSX
20151101 20171016 -2.4034e-06 3.0158e-10 TSX
20151112 20160425 5.2534e-05 5.3942e-10 TSX
20151115 20151229 0.00021973 7.8052e-10 TSX
20151123 20171221 1.6906e-05 2.9627e-10 TSX
20151204 20151215 0.00014033 9.8466e-10 TSX
20151207 20160406 -1.161e-05 6.0545e-10 TSX
20151215 20170822 3.8847e-05 3.156e-10 TSX
20151226 20161223 1.378e-05 3.938e-10 TSX
20151229 20160211 2.5103e-05 7.8052e-10 TSX
20160106 20161223 2.105e-05 3.985e-10 TSX
20160117 20160926 -2.0271e-05 4.5388e-10 TSX
20160128 20160301 -0.00012964 8.164e-10 TSX
20160208 20160312 -9.4441e-05 8.164e-10 TSX
20160216 20160309 -0.0004405 8.6901e-10 TSX
20160219 20180319 -7.6321e-06 2.9416e-10 TSX
20160301 20161201 -1.6847e-05 4.3927e-10 TSX
20160304 20160326 7.8662e-05 8.5464e-10 TSX
20160312 20180319 -1.6925e-05 2.9604e-10 TSX
20160320 20160411 0.00041289 8.6902e-10 TSX
20160323 20171118 -1.0409e-05 3.1663e-10 TSX
20160326 20160406 -0.00056181 9.7278e-10 TSX
20160403 20171027 -1.3145e-05 3.2253e-10 TSX
20160425 20170811 -1.2326e-05 3.4632e-10 TSX
20160528 20160630 -6.7925e-05 8.164e-10 TSX
20160630 20171118 2.0939e-05 3.3863e-10 TSX
20160722 20161201 1.6824e-05 5.8667e-10 TSX
20160904 20180707 1.2977e-05 3.2291e-10 TSX
20160915 20180911 1.7725e-05 3.003e-10 TSX
20160926 20170114 5.7046e-05 6.2517e-10 TSX
20161201 20171027 1.7325e-05 4.0738e-10 TSX
20161223 20171107 -5.296e-06 4.0951e-10 TSX
20170114 20170902 -2.5981e-05 4.6973e-10 TSX
20170811 20171005 -1.3798e-05 7.525e-10 TSX
20170822 20180707 2.325e-05 4.1415e-10 TSX
20170913 20180707 1.8994e-05 4.2548e-10 TSX
20170924 20180319 6.9824e-05 5.2624e-10 TSX
20171005 20171107 4.4596e-05 8.164e-10 TSX
20171016 20180319 8.0336e-05 5.5397e-10 TSX
20171027 20180911 3.1719e-05 4.1415e-10 TSX
20171107 20171118 7.0546e-05 9.8466e-10 TSX
20171118 20171129 5.2583e-05 9.8466e-10 TSX
20171129 20171221 -2.0367e-05 8.5898e-10 TSX
20171210 20180820 2.0208e-05 4.5443e-10 TSX
20171221 20180911 1.867e-05 4.4655e-10 TSX
20180112 20181003 0.00010913 4.4659e-10 TSX
20180319 20180707 -4.3672e-05 6.2518e-10 TSX
20180707 20180911 0.00017672 7.2338e-10 TSX
20180729 20181003 -3.3308e-05 7.2338e-10 TSX
20180820 20181003 0.00012297 7.8326e-10 TSX
20180911 20181003 -0.00019307 8.5898e-10 TSX
