20030427 20030914 -4.8774e-05 6.5753e-10 ERS2
20030914 20080629 -8.1389e-05 3.822e-10 ERS2
20050918 20090510 -4.6577e-05 4.0653e-10 ERS2
20051127 20081116 3.4417e-05 4.1176e-10 ERS2
20060903 20090510 -0.00019369 4.3599e-10 ERS2
20061231 20090105 -2.5594e-05 4.0712e-10 ALOS
20070402 20070703 -0.0002314 7.3426e-10 ALOS
20070518 20091008 -0.00010086 3.9877e-10 ALOS
20070818 20071003 -0.00043222 8.1378e-10 ALOS
20071217 20100509 -0.00012052 4.0054e-10 ALOS
20080103 20100526 2.3461e-05 3.9905e-10 ALOS
20080404 20080520 -7.9488e-07 8.141e-10 ALOS
20080618 20090921 -0.0001316 4.6924e-10 ALOS
20080629 20090510 -0.00065018 5.1222e-10 ERS2
20080705 20091008 -3.1463e-06 4.5763e-10 ALOS
20080803 20090823 -7.2295e-05 4.861e-10 ERS2
20081116 20090823 5.626e-05 5.322e-10 ERS2
20081219 20090921 0.00051577 5.3632e-10 ALOS
20090105 20090708 4.397e-07 6.1682e-10 ALOS
20090510 20091101 -5.7304e-05 6.1339e-10 ERS2
20090708 20091008 0.00097621 7.351e-10 ALOS
20090823 20091101 0.00032579 7.6064e-10 ERS2
20091222 20100624 0.00076787 6.1139e-10 ALOS
20100108 20100223 0.00052041 8.1409e-10 ALOS
20100223 20100526 -4.8175e-05 7.344e-10 ALOS
20100410 20100711 -0.00015298 7.3486e-10 ALOS
20100509 20100624 0.00077453 8.1213e-10 ALOS
20100526 20100711 0.00051196 8.1381e-10 ALOS
20100624 20101109 8.938e-05 6.6653e-10 ALOS
20100711 20101011 0.0003269 7.3439e-10 ALOS
20100809 20101109 -5.1363e-05 7.3194e-10 ALOS
20101011 20101126 0.0001419 8.138e-10 ALOS
20110111 20110226 0.00079168 8.1378e-10 ALOS
20110924 20130715 8.8421e-05 4.1826e-10 TSX
20111005 20121229 -1.7264e-05 4.6614e-10 TSX
20111121 20171221 1.2132e-05 3.7894e-10 TSX
20111221 20130131 1.8181e-05 4.7823e-10 TSX
20111224 20121027 2.6492e-06 5.2188e-10 TSX
20120126 20140419 -1.4987e-05 3.8735e-10 TSX
20120203 20160320 -1.6237e-06 5.0121e-10 TSX
20120206 20171107 -2.7061e-05 4.1043e-10 TSX
20120617 20171129 2.8145e-05 4.4738e-10 TSX
20120723 20160120 -2.6167e-05 4.1829e-10 TSX
20121024 20130109 0.00017408 7.6187e-10 TSX
20121027 20151226 -5.6836e-05 4.3029e-10 TSX
20121030 20130311 3.604e-05 6.6633e-10 TSX
20121107 20171118 -1.2529e-05 4.106e-10 TSX
20121221 20160208 -3.1756e-05 4.1287e-10 TSX
20121224 20130516 -0.00015193 6.5252e-10 TSX
20121229 20130407 2.538e-05 7.2668e-10 TSX
20130104 20130217 2.426e-05 8.1151e-10 TSX
20130109 20130715 0.00011606 6.2052e-10 TSX
20130112 20140511 1.7761e-05 4.6734e-10 TSX
20130115 20130721 -0.00020655 6.014e-10 TSX
20130126 20130823 -0.00026273 6.6943e-10 TSX
20130131 20130429 -4.9204e-05 7.4391e-10 TSX
20130203 20130729 -4.4487e-05 6.1859e-10 TSX
20130211 20130919 2.2343e-05 5.8555e-10 TSX
20130228 20141209 1.0733e-05 4.3486e-10 TSX
20130311 20130801 -0.00016201 6.5198e-10 TSX
20130316 20130623 -5.3329e-06 7.2668e-10 TSX
20130402 20150122 2.4415e-05 4.6527e-10 TSX
20130407 20140530 -0.00010463 4.7327e-10 TSX
20130421 20171016 -1.7751e-05 4.3795e-10 TSX
20130424 20130721 -0.00028679 7.3183e-10 TSX
20130429 20130623 -0.00011672 7.9964e-10 TSX
20130505 20131028 -0.00041161 6.4465e-10 TSX
20130513 20151112 5.404e-06 4.4221e-10 TSX
20130516 20131017 -0.00010126 6.6865e-10 TSX
20130521 20130715 0.00028544 7.9968e-10 TSX
20130524 20171129 -4.9602e-07 4.4067e-10 TSX
20130527 20140627 -4.1858e-05 4.8002e-10 TSX
20130601 20130930 0.0001622 6.9438e-10 TSX
20130604 20141217 -2.0746e-05 4.6283e-10 TSX
20130607 20140719 -9.0814e-07 4.7652e-10 TSX
20130612 20150105 -3.4447e-05 4.6112e-10 TSX
20130615 20160106 -2.2514e-05 4.9594e-10 TSX
20130618 20140708 -4.1486e-05 4.835e-10 TSX
20130623 20130715 0.00072612 8.8007e-10 TSX
20130629 20130914 5.2168e-05 7.6837e-10 TSX
20130707 20150130 -1.0545e-05 4.5808e-10 TSX
20130710 20140901 -1.4171e-05 4.7433e-10 TSX
20130715 20130726 -0.002454 1.0227e-09 TSX
20130721 20131108 0.0011419 7.2596e-10 TSX
20130726 20150517 1.2673e-05 4.6264e-10 TSX
20130729 20160904 -5.1511e-05 4.7405e-10 TSX
20130801 20151115 4.0594e-05 4.3521e-10 TSX
20130817 20140209 -8.2531e-05 6.271e-10 TSX
20130828 20150312 0.00010551 5.0545e-10 TSX
20130903 20150329 -0.00017391 4.2284e-10 TSX
20130919 20160309 3.4504e-06 5.6066e-10 TSX
20130925 20140708 -0.00015068 5.679e-10 TSX
20130930 20160411 -5.4826e-06 4.1773e-10 TSX
20131011 20150802 8.8768e-05 4.9309e-10 TSX
20131017 20140719 6.8968e-06 5.5849e-10 TSX
20131028 20160304 -0.00015886 4.4016e-10 TSX
20131102 20140519 -0.00014325 6.0586e-10 TSX
20131108 20140708 -7.0328e-05 5.9872e-10 TSX
20140209 20160309 3.5385e-05 4.8061e-10 TSX
20140223 20140829 2.6983e-05 6.073e-10 TSX
20140408 20140705 -8.3004e-06 7.3406e-10 TSX
20140419 20170913 1.1914e-05 5.5141e-10 TSX
20140511 20141228 1.3291e-05 5.7389e-10 TSX
20140519 20150824 1.0907e-05 4.6154e-10 TSX
20140624 20171005 8.7709e-05 4.8457e-10 TSX
20140627 20151115 -3.4203e-05 4.8505e-10 TSX
20140705 20180911 4.4337e-05 4.9061e-10 TSX
20140708 20160406 6.6775e-05 5.2867e-10 TSX
20140716 20171005 3.5107e-05 4.7149e-10 TSX
20140719 20151207 -2.0057e-05 5.1835e-10 TSX
20140727 20150326 -8.027e-06 5.6163e-10 TSX
20140810 20150122 -1.6454e-05 6.39e-10 TSX
20140818 20160301 3.5456e-05 4.6431e-10 TSX
20140829 20160208 -1.2205e-05 5.0488e-10 TSX
20140901 20140912 -0.00029358 9.7907e-10 TSX
20140912 20141209 -1.902e-05 7.3157e-10 TSX
20140920 20170902 1.363e-05 4.686e-10 TSX
20141209 20160211 -2.7313e-05 5.0868e-10 TSX
20141217 20160722 -5.2236e-06 4.5799e-10 TSX
20141228 20160106 -1.4083e-05 4.907e-10 TSX
20141231 20151024 9.1734e-07 5.3523e-10 TSX
20150105 20150824 -7.8601e-05 5.8491e-10 TSX
20150108 20170811 2.2889e-06 4.1057e-10 TSX
20150119 20160117 -2.0807e-05 4.964e-10 TSX
20150127 20160411 0.00012166 5.5436e-10 TSX
20150130 20151112 9.3196e-06 5.305e-10 TSX
20150210 20170114 3.1571e-05 4.9378e-10 TSX
20150213 20160326 5.3427e-05 5.2041e-10 TSX
20150218 20160216 4.9685e-05 5.2698e-10 TSX
20150221 20180112 -1.7007e-05 5.822e-10 TSX
20150304 20180911 -2.7374e-05 4.4551e-10 TSX
20150307 20160211 -1.9511e-05 5.1277e-10 TSX
20150312 20160320 -0.00015012 5.107e-10 TSX
20150326 20150827 -2.2186e-05 6.4097e-10 TSX
20150329 20151207 -9.0583e-06 5.487e-10 TSX
20150428 20160425 2.9707e-05 4.8947e-10 TSX
20150509 20150827 -4.3082e-06 6.9899e-10 TSX
20150517 20150824 -0.0001224 7.2724e-10 TSX
20150520 20180911 -1.1277e-05 4.3011e-10 TSX
20150714 20170822 2.8779e-05 4.478e-10 TSX
20150725 20170924 3.9795e-05 4.3137e-10 TSX
20150802 20160309 -7.7854e-05 6.1826e-10 TSX
20150805 20160403 -6.0285e-05 5.6152e-10 TSX
20150816 20171107 8.1868e-06 4.3877e-10 TSX
20150824 20150915 0.0007417 8.7996e-10 TSX
20150827 20170902 1.6455e-05 4.2351e-10 TSX
20150915 20160216 -8.5843e-05 6.5616e-10 TSX
20151021 20160904 -0.00012971 5.1607e-10 TSX
20151101 20171016 9.9977e-06 4.1279e-10 TSX
20151112 20160425 -1.8317e-05 6.3008e-10 TSX
20151115 20151229 0.00015988 8.1151e-10 TSX
20151123 20171221 4.5672e-06 4.2629e-10 TSX
20151204 20151215 0.00016311 9.8949e-10 TSX
20151207 20160406 -0.00013494 6.8115e-10 TSX
20151215 20170822 3.9583e-05 4.4207e-10 TSX
20151226 20161223 1.5284e-05 4.9886e-10 TSX
20151229 20160211 -1.4419e-05 8.1151e-10 TSX
20160106 20161223 2.8356e-05 5.0604e-10 TSX
20160117 20160926 -4.8531e-06 5.6039e-10 TSX
20160128 20160301 -0.00015681 8.364e-10 TSX
20160208 20160312 -0.00012635 8.364e-10 TSX
20160216 20160309 -0.00039478 8.7996e-10 TSX
20160219 20180319 1.3871e-07 4.3797e-10 TSX
20160301 20161201 2.7812e-05 5.4422e-10 TSX
20160304 20160326 4.0144e-05 8.6721e-10 TSX
20160312 20180319 5.0281e-06 4.6788e-10 TSX
20160320 20160411 0.00038975 8.7997e-10 TSX
20160323 20171118 -4.076e-06 4.3078e-10 TSX
20160326 20160406 -0.00050283 9.79e-10 TSX
20160403 20171027 2.6677e-05 4.4552e-10 TSX
20160425 20170811 4.1272e-06 4.6451e-10 TSX
20160528 20160630 1.6753e-05 8.364e-10 TSX
20160630 20171118 3.9789e-05 4.6769e-10 TSX
20160722 20161201 0.00014859 6.6913e-10 TSX
20160904 20180707 2.5314e-05 4.6241e-10 TSX
20160915 20180911 -3.3416e-05 4.3524e-10 TSX
20160926 20170114 0.00010639 6.9936e-10 TSX
20161201 20171027 1.7462e-06 5.1068e-10 TSX
20161223 20171107 -4.6075e-05 5.0966e-10 TSX
20170114 20170902 -3.1665e-05 5.8463e-10 TSX
20170811 20171005 -2.3687e-05 7.9212e-10 TSX
20170822 20180707 -6.5756e-05 5.1679e-10 TSX
20170913 20180707 -0.00013709 5.2793e-10 TSX
20170924 20180319 1.3137e-05 6.189e-10 TSX
20171005 20171107 4.78e-05 8.364e-10 TSX
20171016 20180319 5.2878e-05 6.4292e-10 TSX
20171027 20180911 -7.0309e-05 5.1683e-10 TSX
20171107 20171118 9.143e-05 9.8949e-10 TSX
20171118 20171129 5.8675e-05 9.8949e-10 TSX
20171129 20171221 -3.0877e-05 8.7013e-10 TSX
20171210 20180820 -0.00010753 5.5418e-10 TSX
20171221 20180911 -0.00012404 5.4714e-10 TSX
20180112 20181003 9.0157e-05 5.4727e-10 TSX
20180319 20180707 -0.0001978 6.9951e-10 TSX
20180707 20180911 0.00016245 7.7203e-10 TSX
20180729 20181003 2.2658e-05 7.7203e-10 TSX
20180820 20181003 0.0001794 8.1311e-10 TSX
20180911 20181003 -0.00017178 8.7013e-10 TSX
