20030427 20030914 0.00023959 6.3746e-10 ERS2
20030914 20080629 -0.00012628 3.5755e-10 ERS2
20050918 20090510 0.00010651 3.8254e-10 ERS2
20051127 20081116 0.00010086 3.76e-10 ERS2
20060903 20090510 -0.00021378 3.9258e-10 ERS2
20061231 20090105 -6.592e-05 5.5892e-10 ALOS
20070402 20070703 6.3276e-06 7.6521e-10 ALOS
20070518 20091008 0.00050897 5.5273e-10 ALOS
20070818 20071003 -0.0003508 8.2729e-10 ALOS
20071217 20100509 -0.00019195 5.6973e-10 ALOS
20080103 20100526 7.3015e-05 5.2585e-10 ALOS
20080404 20080520 -4.8741e-05 8.2873e-10 ALOS
20080618 20090921 -3.6941e-05 5.6989e-10 ALOS
20080629 20090510 -0.00044517 4.959e-10 ERS2
20080705 20091008 0.00048737 5.6114e-10 ALOS
20080803 20090823 -6.0635e-05 4.613e-10 ERS2
20081116 20090823 4.765e-05 5.0934e-10 ERS2
20081219 20090921 -3.9354e-05 6.102e-10 ALOS
20090105 20090708 -0.00019713 6.8577e-10 ALOS
20090510 20091101 -0.0005679 5.9729e-10 ERS2
20090708 20091008 0.00021805 7.638e-10 ALOS
20090823 20091101 0.00041618 7.5331e-10 ERS2
20091222 20100624 3.142e-05 6.716e-10 ALOS
20100108 20100223 0.00041857 8.3515e-10 ALOS
20100223 20100526 -0.00010529 7.6461e-10 ALOS
20100410 20100711 -1.7013e-06 7.7384e-10 ALOS
20100509 20100624 0.00065183 8.249e-10 ALOS
20100526 20100711 0.00035352 8.2732e-10 ALOS
20100624 20101109 -2.2673e-05 7.1462e-10 ALOS
20100711 20101011 -1.4039e-05 7.6646e-10 ALOS
20100809 20101109 -1.7029e-05 7.6134e-10 ALOS
20101011 20101126 0.00026722 8.2731e-10 ALOS
20110111 20110226 0.00053929 8.273e-10 ALOS
20110924 20130715 3.6753e-05 6.0427e-10 TSX
20111005 20121229 -5.0262e-05 6.7071e-10 TSX
20111121 20171221 -7.3412e-06 6.4085e-10 TSX
20111221 20130131 6.1324e-06 5.8905e-10 TSX
20111224 20121027 -7.3035e-05 4.9153e-10 TSX
20120126 20140419 -7.6729e-07 3.9754e-10 TSX
20120203 20160320 1.7685e-05 5.5215e-10 TSX
20120206 20171107 5.7249e-05 5.286e-10 TSX
20120617 20171129 -8.6655e-06 6.4286e-10 TSX
20120723 20160120 -3.113e-05 6.3501e-10 TSX
20121024 20130109 4.8728e-05 7.8738e-10 TSX
20121027 20151226 2.9168e-05 3.7626e-10 TSX
20121030 20130311 3.1602e-05 7.0371e-10 TSX
20121107 20171118 -6.87e-06 5.2277e-10 TSX
20121221 20160208 -9.9118e-05 5.3649e-10 TSX
20121224 20130516 7.0722e-06 6.9178e-10 TSX
20121229 20130407 3.7553e-05 7.6111e-10 TSX
20130104 20130217 1.3924e-05 8.2113e-10 TSX
20130109 20130715 0.00014322 7.6417e-10 TSX
20130112 20140511 -6.7008e-05 5.0232e-10 TSX
20130115 20130721 -6.7272e-05 7.1096e-10 TSX
20130126 20130823 -0.00018455 6.2549e-10 TSX
20130131 20130429 1.524e-05 7.7436e-10 TSX
20130203 20130729 -5.3648e-05 6.0651e-10 TSX
20130211 20130919 2.1298e-05 6.7335e-10 TSX
20130228 20141209 -1.0751e-05 6.4891e-10 TSX
20130311 20130801 -2.6088e-05 7.0886e-10 TSX
20130316 20130623 -1.7647e-05 7.6382e-10 TSX
20130402 20150122 9.1945e-05 7.1804e-10 TSX
20130407 20140530 3.9766e-05 6.5918e-10 TSX
20130421 20171016 2.9251e-05 4.8077e-10 TSX
20130424 20130721 -0.00024437 7.6548e-10 TSX
20130429 20130623 -9.7105e-05 8.175e-10 TSX
20130505 20131028 -0.00047271 6.9453e-10 TSX
20130513 20151112 0.00010377 6.0082e-10 TSX
20130516 20131017 -0.00025168 7.6084e-10 TSX
20130521 20130715 0.00018633 8.1819e-10 TSX
20130524 20171129 1.7616e-05 5.4222e-10 TSX
20130527 20140627 -1.1509e-05 5.8901e-10 TSX
20130601 20130930 6.2346e-05 7.3585e-10 TSX
20130604 20141217 0.00012755 5.4157e-10 TSX
20130607 20140719 2.0689e-05 6.291e-10 TSX
20130612 20150105 5.9103e-06 5.5899e-10 TSX
20130615 20160106 0.00014459 5.2471e-10 TSX
20130618 20140708 -5.3939e-05 5.6208e-10 TSX
20130623 20130715 0.00063598 8.8684e-10 TSX
20130629 20130914 0.00013049 7.7359e-10 TSX
20130707 20150130 6.7128e-06 4.5187e-10 TSX
20130710 20140901 5.3287e-05 5.5838e-10 TSX
20130715 20130726 -0.0024132 1.0274e-09 TSX
20130721 20131108 0.00049541 7.3381e-10 TSX
20130726 20150517 8.2685e-05 6.2835e-10 TSX
20130729 20160904 -1.6262e-05 5.8001e-10 TSX
20130801 20151115 2.1611e-07 6.2159e-10 TSX
20130817 20140209 -4.6285e-05 7.0663e-10 TSX
20130828 20150312 4.8057e-06 6.1971e-10 TSX
20130903 20150329 -0.00014304 6.5437e-10 TSX
20130919 20160309 -4.3986e-05 6.403e-10 TSX
20130925 20140708 7.9636e-05 6.7333e-10 TSX
20130930 20160411 0.00011634 5.4069e-10 TSX
20131011 20150802 -7.0473e-05 6.4635e-10 TSX
20131017 20140719 -5.8717e-06 6.2709e-10 TSX
20131028 20160304 -1.1579e-05 4.7345e-10 TSX
20131102 20140519 3.8999e-05 6.8049e-10 TSX
20131108 20140708 0.00012851 6.8235e-10 TSX
20140209 20160309 -2.4337e-06 5.6842e-10 TSX
20140223 20140829 -1.9313e-05 5.9109e-10 TSX
20140408 20140705 -4.3121e-05 7.2293e-10 TSX
20140419 20170913 -1.2621e-05 3.8631e-10 TSX
20140511 20141228 6.7675e-05 5.616e-10 TSX
20140519 20150824 -8.9696e-06 6.54e-10 TSX
20140624 20171005 1.0508e-06 5.4597e-10 TSX
20140627 20151115 4.7649e-05 6.135e-10 TSX
20140705 20180911 1.925e-05 4.2271e-10 TSX
20140708 20160406 -8.5878e-05 6.0103e-10 TSX
20140716 20171005 8.5227e-06 4.6297e-10 TSX
20140719 20151207 8.9762e-05 6.1679e-10 TSX
20140727 20150326 -7.4839e-05 5.3759e-10 TSX
20140810 20150122 6.4347e-05 6.9507e-10 TSX
20140818 20160301 -0.00011913 5.8894e-10 TSX
20140829 20160208 3.3391e-05 6.4531e-10 TSX
20140901 20140912 -0.00027895 9.8174e-10 TSX
20140912 20141209 4.4653e-05 7.5335e-10 TSX
20140920 20170902 -1.416e-05 5.7221e-10 TSX
20141209 20160211 -2.6675e-05 6.3817e-10 TSX
20141217 20160722 0.00011409 4.8504e-10 TSX
20141228 20160106 0.00020675 5.9453e-10 TSX
20141231 20151024 -1.0254e-05 6.6954e-10 TSX
20150105 20150824 -5.8836e-05 6.7401e-10 TSX
20150108 20170811 -1.8455e-05 5.7739e-10 TSX
20150119 20160117 -3.0469e-05 5.4853e-10 TSX
20150127 20160411 6.9109e-05 6.5271e-10 TSX
20150130 20151112 2.5941e-05 5.1101e-10 TSX
20150210 20170114 8.1816e-05 4.8959e-10 TSX
20150213 20160326 -0.00025478 5.3844e-10 TSX
20150218 20160216 2.2254e-05 6.3976e-10 TSX
20150221 20180112 1.3241e-05 5.9393e-10 TSX
20150304 20180911 5.7906e-05 5.731e-10 TSX
20150307 20160211 3.2637e-05 6.3098e-10 TSX
20150312 20160320 5.7292e-05 6.2708e-10 TSX
20150326 20150827 4.5953e-05 6.35e-10 TSX
20150329 20151207 1.8268e-05 6.3566e-10 TSX
20150428 20160425 2.1019e-05 4.7712e-10 TSX
20150509 20150827 -7.3307e-05 6.9301e-10 TSX
20150517 20150824 -0.00012618 7.7526e-10 TSX
20150520 20180911 -6.1804e-06 4.491e-10 TSX
20150714 20170822 -1.1814e-05 5.9888e-10 TSX
20150725 20170924 -0.00017436 5.5622e-10 TSX
20150802 20160309 2.8912e-05 6.7685e-10 TSX
20150805 20160403 0.00015241 5.6595e-10 TSX
20150816 20171107 5.4003e-06 4.958e-10 TSX
20150824 20150915 0.00062371 8.8674e-10 TSX
20150827 20170902 -5.2535e-05 5.7776e-10 TSX
20150915 20160216 -4.0367e-05 7.302e-10 TSX
20151021 20160904 4.4997e-05 6.3995e-10 TSX
20151101 20171016 -7.3615e-05 5.4867e-10 TSX
20151112 20160425 -4.8538e-05 6.0958e-10 TSX
20151115 20151229 0.00010334 8.2112e-10 TSX
20151123 20171221 2.7857e-05 4.5694e-10 TSX
20151204 20151215 0.00016072 9.8938e-10 TSX
20151207 20160406 -4.0451e-05 7.1618e-10 TSX
20151215 20170822 -7.9552e-05 5.755e-10 TSX
20151226 20161223 6.131e-05 4.7147e-10 TSX
20151229 20160211 5.7066e-06 8.2112e-10 TSX
20160106 20161223 8.0961e-05 4.8323e-10 TSX
20160117 20160926 -4.0661e-05 5.8531e-10 TSX
20160128 20160301 -0.00023692 8.3378e-10 TSX
20160208 20160312 -0.00013397 8.3378e-10 TSX
20160216 20160309 -0.00036319 8.8674e-10 TSX
20160219 20180319 1.4089e-05 4.9678e-10 TSX
20160301 20161201 0.00011702 5.123e-10 TSX
20160304 20160326 5.1424e-05 8.7154e-10 TSX
20160312 20180319 4.4038e-05 6.0536e-10 TSX
20160320 20160411 0.00037809 8.8678e-10 TSX
20160323 20171118 -1.4399e-05 4.6198e-10 TSX
20160326 20160406 -0.00051155 9.8164e-10 TSX
20160403 20171027 -4.4457e-05 5.5822e-10 TSX
20160425 20170811 -1.9481e-05 5.3296e-10 TSX
20160528 20160630 5.6207e-06 8.3378e-10 TSX
20160630 20171118 1.9331e-05 4.3974e-10 TSX
20160722 20161201 0.00018414 6.5861e-10 TSX
20160904 20180707 -3.8915e-05 4.8454e-10 TSX
20160915 20180911 4.0757e-06 5.4712e-10 TSX
20160926 20170114 0.00018182 7.3328e-10 TSX
20161201 20171027 -0.0001613 5.0158e-10 TSX
20161223 20171107 0.0002881 5.3073e-10 TSX
20170114 20170902 -0.00015443 5.9953e-10 TSX
20170811 20171005 -5.9671e-05 7.8607e-10 TSX
20170822 20180707 -0.00010482 4.8709e-10 TSX
20170913 20180707 -0.00017403 4.9926e-10 TSX
20170924 20180319 7.4115e-06 5.9514e-10 TSX
20171005 20171107 9.2416e-05 8.3378e-10 TSX
20171016 20180319 2.1058e-05 6.2167e-10 TSX
20171027 20180911 -5.1747e-05 4.8727e-10 TSX
20171107 20171118 6.6846e-05 9.8938e-10 TSX
20171118 20171129 5.5068e-05 9.8938e-10 TSX
20171129 20171221 6.2586e-06 8.6898e-10 TSX
20171210 20180820 -0.00018436 5.2942e-10 TSX
20171221 20180911 -0.00011246 5.3013e-10 TSX
20180112 20181003 4.7156e-05 5.2893e-10 TSX
20180319 20180707 -0.0002847 6.8945e-10 TSX
20180707 20180911 0.00023189 7.6423e-10 TSX
20180729 20181003 5.1081e-05 7.6423e-10 TSX
20180820 20181003 0.00019226 8.0881e-10 TSX
20180911 20181003 -0.00015715 8.6898e-10 TSX
