20030427 20030914 -0.00013329 5.7477e-10 ERS2
20030914 20080629 -4.3554e-06 3.1958e-10 ERS2
20050918 20090510 -1.3266e-05 3.0652e-10 ERS2
20051127 20081116 3.2711e-05 3.3412e-10 ERS2
20060903 20090510 -5.9008e-05 3.1149e-10 ERS2
20061231 20090105 0.00014259 3.1705e-10 ALOS
20070402 20070703 -0.00030209 6.7889e-10 ALOS
20070518 20091008 -0.0001236 3.0944e-10 ALOS
20070818 20071003 -0.00042401 7.8782e-10 ALOS
20071217 20100509 -6.2294e-05 3.3135e-10 ALOS
20080103 20100526 6.5283e-05 3.1915e-10 ALOS
20080404 20080520 -2.0239e-05 7.8801e-10 ALOS
20080618 20090921 -0.00014757 3.7419e-10 ALOS
20080629 20090510 -0.00061147 4.1822e-10 ERS2
20080705 20091008 7.1508e-05 3.6564e-10 ALOS
20080803 20090823 -3.9456e-05 3.8484e-10 ERS2
20081116 20090823 7.536e-05 4.3469e-10 ERS2
20081219 20090921 0.00051931 4.5611e-10 ALOS
20090105 20090708 -3.3911e-05 5.3681e-10 ALOS
20090510 20091101 -0.00031909 5.2616e-10 ERS2
20090708 20091008 0.0010715 6.7869e-10 ALOS
20090823 20091101 0.00039251 7.1282e-10 ERS2
20091222 20100624 0.00074141 5.3452e-10 ALOS
20100108 20100223 0.0006172 7.8832e-10 ALOS
20100223 20100526 -3.5464e-05 6.795e-10 ALOS
20100410 20100711 -0.0001296 6.7863e-10 ALOS
20100509 20100624 0.00072763 7.8572e-10 ALOS
20100526 20100711 0.00047818 7.8784e-10 ALOS
20100624 20101109 7.036e-05 5.9209e-10 ALOS
20100711 20101011 0.00048134 6.7864e-10 ALOS
20100809 20101109 -0.00012536 6.7565e-10 ALOS
20101011 20101126 9.3877e-05 7.8784e-10 ALOS
20110111 20110226 0.00083418 7.8782e-10 ALOS
20110924 20130715 5.1749e-05 3.2932e-10 TSX
20111005 20121229 -1.9912e-05 3.9692e-10 TSX
20111121 20171221 -2.5848e-06 4.313e-10 TSX
20111221 20130131 1.4295e-05 3.8703e-10 TSX
20111224 20121027 5.2024e-06 4.2165e-10 TSX
20120126 20140419 -9.9618e-06 3.7824e-10 TSX
20120203 20160320 -1.0782e-05 4.0004e-10 TSX
20120206 20171107 -1.3738e-06 3.9707e-10 TSX
20120617 20171129 3.5248e-05 4.2616e-10 TSX
20120723 20160120 -2.5612e-05 4.0758e-10 TSX
20121024 20130109 0.00016979 7.1531e-10 TSX
20121027 20151226 -2.5582e-05 4.0748e-10 TSX
20121030 20130311 1.4684e-05 5.9279e-10 TSX
20121107 20171118 -1.0422e-05 4.2093e-10 TSX
20121221 20160208 5.3651e-06 4.258e-10 TSX
20121224 20130516 -0.00015421 5.7578e-10 TSX
20121229 20130407 3.0668e-05 6.6814e-10 TSX
20130104 20130217 1.8745e-05 7.8524e-10 TSX
20130109 20130715 8.8952e-05 5.3653e-10 TSX
20130112 20140511 6.5928e-06 3.8679e-10 TSX
20130115 20130721 -0.00018147 5.1832e-10 TSX
20130126 20130823 -0.00017426 5.4083e-10 TSX
20130131 20130429 -5.3178e-05 6.9094e-10 TSX
20130203 20130729 -7.1129e-05 5.2976e-10 TSX
20130211 20130919 -4.9894e-06 4.9924e-10 TSX
20130228 20141209 -1.5523e-05 3.3166e-10 TSX
20130311 20130801 -0.00014998 5.757e-10 TSX
20130316 20130623 -2.0944e-05 6.6816e-10 TSX
20130402 20150122 0.0001484 3.8506e-10 TSX
20130407 20140530 -0.00011271 3.8183e-10 TSX
20130421 20171016 -2.4294e-05 4.5248e-10 TSX
20130424 20130721 -0.00026374 6.7595e-10 TSX
20130429 20130623 -0.00012746 7.6771e-10 TSX
20130505 20131028 -0.00033083 6.0282e-10 TSX
20130513 20151112 -6.3334e-06 4.223e-10 TSX
20130516 20131017 -0.00013595 6.2011e-10 TSX
20130521 20130715 0.00028039 7.6774e-10 TSX
20130524 20171129 2.279e-05 4.3478e-10 TSX
20130527 20140627 -3.2192e-05 3.849e-10 TSX
20130601 20130930 0.00013617 6.2697e-10 TSX
20130604 20141217 -8.3867e-06 4.2618e-10 TSX
20130607 20140719 1.3311e-05 3.812e-10 TSX
20130612 20150105 -6.3772e-05 3.5731e-10 TSX
20130615 20160106 3.709e-08 4.5078e-10 TSX
20130618 20140708 -5.5184e-05 3.8958e-10 TSX
20130623 20130715 0.00072872 8.7057e-10 TSX
20130629 20130914 -0.00010931 7.1873e-10 TSX
20130707 20150130 -1.969e-05 4.0887e-10 TSX
20130710 20140901 -1.8798e-05 3.803e-10 TSX
20130715 20130726 -0.0024437 1.0178e-09 TSX
20130721 20131108 0.0012043 6.4925e-10 TSX
20130726 20150517 9.198e-06 3.6276e-10 TSX
20130729 20160904 -3.9198e-05 4.319e-10 TSX
20130801 20151115 -2.9097e-05 3.6861e-10 TSX
20130817 20140209 -8.3542e-05 5.4646e-10 TSX
20130828 20150312 7.1086e-05 3.6915e-10 TSX
20130903 20150329 -0.00011089 4.0124e-10 TSX
20130919 20160309 -3.7611e-06 3.4393e-10 TSX
20130925 20140708 -9.291e-05 4.5249e-10 TSX
20130930 20160411 4.2705e-05 3.326e-10 TSX
20131011 20150802 4.9384e-05 3.6755e-10 TSX
20131017 20140719 -4.4903e-05 4.7541e-10 TSX
20131028 20160304 -0.00013439 3.7225e-10 TSX
20131102 20140519 -0.00015568 5.2141e-10 TSX
20131108 20140708 -5.8181e-05 5.2321e-10 TSX
20140209 20160309 6.5246e-05 3.8357e-10 TSX
20140223 20140829 7.242e-06 5.1748e-10 TSX
20140408 20140705 -2.0353e-05 6.755e-10 TSX
20140419 20170913 9.4034e-06 4.4909e-10 TSX
20140511 20141228 1.0651e-05 4.8191e-10 TSX
20140519 20150824 4.6002e-05 3.8959e-10 TSX
20140624 20171005 7.3518e-05 4.3412e-10 TSX
20140627 20151115 -2.3759e-05 4.2372e-10 TSX
20140705 20180911 -9.7643e-07 4.5211e-10 TSX
20140708 20160406 7.4877e-05 3.8596e-10 TSX
20140716 20171005 3.3658e-05 4.1555e-10 TSX
20140719 20151207 -4.9404e-05 3.7845e-10 TSX
20140727 20150326 -2.0842e-05 4.6809e-10 TSX
20140810 20150122 -2.0066e-05 5.621e-10 TSX
20140818 20160301 2.7416e-05 4.2298e-10 TSX
20140829 20160208 1.539e-05 4.4581e-10 TSX
20140901 20140912 -0.00029241 9.7402e-10 TSX
20140912 20141209 -4.2851e-05 6.759e-10 TSX
20140920 20170902 3.9978e-06 4.5843e-10 TSX
20141209 20160211 -9.2311e-06 4.3267e-10 TSX
20141217 20160722 -1.5822e-05 4.0984e-10 TSX
20141228 20160106 4.1085e-06 4.3076e-10 TSX
20141231 20151024 1.1064e-05 4.3489e-10 TSX
20150105 20150824 -7.3973e-05 5.1203e-10 TSX
20150108 20170811 4.1647e-07 4.2289e-10 TSX
20150119 20160117 -1.3186e-05 4.3475e-10 TSX
20150127 20160411 8.3607e-05 3.9987e-10 TSX
20150130 20151112 -2.0599e-06 4.697e-10 TSX
20150210 20170114 -1.3492e-06 4.3273e-10 TSX
20150213 20160326 -0.00014199 3.9863e-10 TSX
20150218 20160216 4.6611e-05 4.1836e-10 TSX
20150221 20180112 -1.6618e-05 4.1039e-10 TSX
20150304 20180911 4.3867e-06 4.4334e-10 TSX
20150307 20160211 1.3067e-05 4.5975e-10 TSX
20150312 20160320 -0.00011825 4.1272e-10 TSX
20150326 20150827 -2.0156e-05 5.6291e-10 TSX
20150329 20151207 6.7187e-06 4.6824e-10 TSX
20150428 20160425 1.647e-05 4.6824e-10 TSX
20150509 20150827 -1.9739e-05 6.3124e-10 TSX
20150517 20150824 -0.00012817 6.7146e-10 TSX
20150520 20180911 -2.5447e-05 4.2986e-10 TSX
20150714 20170822 -1.4015e-05 4.1296e-10 TSX
20150725 20170924 4.0869e-05 3.9992e-10 TSX
20150802 20160309 -7.2656e-05 5.3469e-10 TSX
20150805 20160403 -5.306e-05 5.0797e-10 TSX
20150816 20171107 9.3307e-06 3.9974e-10 TSX
20150824 20150915 0.00075704 8.7047e-10 TSX
20150827 20170902 2.5416e-05 3.8138e-10 TSX
20150915 20160216 -9.4823e-05 5.7574e-10 TSX
20151021 20160904 -0.00011712 4.6572e-10 TSX
20151101 20171016 -5.2703e-06 3.9596e-10 TSX
20151112 20160425 -1.61e-05 5.4972e-10 TSX
20151115 20151229 0.0001656 7.8524e-10 TSX
20151123 20171221 -4.532e-06 4.2295e-10 TSX
20151204 20151215 0.00016489 9.8433e-10 TSX
20151207 20160406 -0.00013719 6.112e-10 TSX
20151215 20170822 1.7409e-05 4.6419e-10 TSX
20151226 20161223 1.459e-05 4.2849e-10 TSX
20151229 20160211 -1.2056e-05 7.8524e-10 TSX
20160106 20161223 1.0724e-05 4.2185e-10 TSX
20160117 20160926 1.1668e-06 4.896e-10 TSX
20160128 20160301 -0.00015215 8.18e-10 TSX
20160208 20160312 -0.00012399 8.18e-10 TSX
20160216 20160309 -0.00039008 8.7047e-10 TSX
20160219 20180319 1.0909e-05 3.967e-10 TSX
20160301 20161201 3.5781e-05 4.4765e-10 TSX
20160304 20160326 2.7205e-05 8.5686e-10 TSX
20160312 20180319 -2.3085e-05 3.8097e-10 TSX
20160320 20160411 0.00039056 8.7047e-10 TSX
20160323 20171118 2.1511e-05 3.9763e-10 TSX
20160326 20160406 -0.00049256 9.7395e-10 TSX
20160403 20171027 3.1975e-05 4.4245e-10 TSX
20160425 20170811 7.0436e-06 3.8764e-10 TSX
20160528 20160630 2.6866e-05 8.18e-10 TSX
20160630 20171118 1.052e-05 3.5666e-10 TSX
20160722 20161201 0.00016922 5.9145e-10 TSX
20160904 20180707 1.2105e-05 3.9599e-10 TSX
20160915 20180911 -1.3806e-05 3.8688e-10 TSX
20160926 20170114 8.9461e-05 6.3141e-10 TSX
20161201 20171027 -1.6721e-05 4.4576e-10 TSX
20161223 20171107 -5.0382e-05 4.453e-10 TSX
20170114 20170902 -2.5983e-05 5.2174e-10 TSX
20170811 20171005 -2.4875e-05 7.5609e-10 TSX
20170822 20180707 -5.536e-05 4.1892e-10 TSX
20170913 20180707 -0.00011823 4.7694e-10 TSX
20170924 20180319 9.2794e-06 5.3048e-10 TSX
20171005 20171107 4.8831e-05 8.18e-10 TSX
20171016 20180319 5.9768e-05 5.5897e-10 TSX
20171027 20180911 -3.9226e-05 4.1676e-10 TSX
20171107 20171118 9.7496e-05 9.8433e-10 TSX
20171118 20171129 6.0284e-05 9.8433e-10 TSX
20171129 20171221 -2.8812e-05 8.5949e-10 TSX
20171210 20180820 -8.185e-05 4.5688e-10 TSX
20171221 20180911 -0.00012949 4.5003e-10 TSX
20180112 20181003 7.3695e-05 4.7402e-10 TSX
20180319 20180707 -0.0001925 6.3047e-10 TSX
20180707 20180911 0.00017424 7.2766e-10 TSX
20180729 20181003 2.5599e-05 7.2766e-10 TSX
20180820 20181003 0.00018269 7.8593e-10 TSX
20180911 20181003 -0.00019135 8.5949e-10 TSX
