20030427 20030914 -0.00029701 6.4217e-10 ERS2
20030914 20080629 -8.2946e-05 3.6561e-10 ERS2
20050918 20090510 -4.921e-06 3.6241e-10 ERS2
20051127 20081116 -6.8684e-05 3.8299e-10 ERS2
20060903 20090510 -0.00020775 3.7158e-10 ERS2
20061231 20090105 -1.6119e-05 3.2178e-10 ALOS
20070402 20070703 -0.00026771 7.2425e-10 ALOS
20070518 20091008 -0.00015175 3.2833e-10 ALOS
20070818 20071003 -0.00035905 8.1039e-10 ALOS
20071217 20100509 -0.00015939 3.0135e-10 ALOS
20080103 20100526 -0.00014259 3.5096e-10 ALOS
20080404 20080520 2.1572e-05 8.103e-10 ALOS
20080618 20090921 -0.00024699 3.9919e-10 ALOS
20080629 20090510 -0.00063391 4.7955e-10 ERS2
20080705 20091008 -0.00014637 3.9376e-10 ALOS
20080803 20090823 -0.00011308 4.5152e-10 ERS2
20081116 20090823 -1.8521e-06 5.0412e-10 ERS2
20081219 20090921 0.0005016 4.9589e-10 ALOS
20090105 20090708 0.00013392 5.9159e-10 ALOS
20090510 20091101 0.0002221 6.026e-10 ERS2
20090708 20091008 0.00068206 7.2326e-10 ALOS
20090823 20091101 -0.00016196 7.5613e-10 ERS2
20091222 20100624 0.00025269 5.8549e-10 ALOS
20100108 20100223 0.00042352 8.1102e-10 ALOS
20100223 20100526 -0.00016864 7.2458e-10 ALOS
20100410 20100711 -0.00016759 7.2393e-10 ALOS
20100509 20100624 0.00087371 8.0842e-10 ALOS
20100526 20100711 0.00063361 8.1014e-10 ALOS
20100624 20101109 0.00012248 6.4662e-10 ALOS
20100711 20101011 1.2901e-05 7.2376e-10 ALOS
20100809 20101109 -0.00010405 7.2075e-10 ALOS
20101011 20101126 0.00024996 8.1016e-10 ALOS
20110111 20110226 0.00075283 8.1039e-10 ALOS
20110924 20130715 0.00019711 3.3617e-10 TSX
20111005 20121229 -5.8828e-05 3.9995e-10 TSX
20111121 20171221 -1.9009e-05 5.0192e-10 TSX
20111221 20130131 3.171e-05 4.2174e-10 TSX
20111224 20121027 -1.4977e-05 4.9949e-10 TSX
20120126 20140419 1.59e-05 3.7579e-10 TSX
20120203 20160320 -3.2251e-05 2.9113e-10 TSX
20120206 20171107 -6.8919e-06 4.914e-10 TSX
20120617 20171129 -1.2201e-05 3.8546e-10 TSX
20120723 20160120 5.9178e-05 2.9423e-10 TSX
20121024 20130109 0.00019758 7.5433e-10 TSX
20121027 20151226 -5.0791e-06 3.4029e-10 TSX
20121030 20130311 8.9538e-05 6.458e-10 TSX
20121107 20171118 -1.0654e-05 4.2027e-10 TSX
20121221 20160208 3.0822e-06 4.1011e-10 TSX
20121224 20130516 -0.0002064 6.2953e-10 TSX
20121229 20130407 -3.9391e-06 7.1596e-10 TSX
20130104 20130217 4.2146e-05 8.0732e-10 TSX
20130109 20130715 0.00019203 5.9571e-10 TSX
20130112 20140511 -3.0337e-05 4.3148e-10 TSX
20130115 20130721 -0.00035218 5.7183e-10 TSX
20130126 20130823 -4.2638e-05 6.5209e-10 TSX
20130131 20130429 -0.00010974 7.348e-10 TSX
20130203 20130729 -7.208e-05 6.0395e-10 TSX
20130211 20130919 1.1258e-05 5.5595e-10 TSX
20130228 20141209 2.3764e-05 3.2652e-10 TSX
20130311 20130801 -0.00014579 6.2949e-10 TSX
20130316 20130623 3.7952e-05 7.1597e-10 TSX
20130402 20150122 6.8263e-05 4.0701e-10 TSX
20130407 20140530 -0.00010441 4.1569e-10 TSX
20130421 20171016 -9.2381e-06 4.6899e-10 TSX
20130424 20130721 -0.00042862 7.1989e-10 TSX
20130429 20130623 -0.00012777 7.9541e-10 TSX
20130505 20131028 -0.0010024 6.1482e-10 TSX
20130513 20151112 -5.7227e-06 4.0064e-10 TSX
20130516 20131017 5.5177e-05 6.6914e-10 TSX
20130521 20130715 0.00033445 7.9545e-10 TSX
20130524 20171129 6.6367e-06 4.2308e-10 TSX
20130527 20140627 -2.3033e-05 4.1521e-10 TSX
20130601 20130930 0.00040284 6.8053e-10 TSX
20130604 20141217 1.9867e-06 4.1853e-10 TSX
20130607 20140719 -5.8742e-05 4.1018e-10 TSX
20130612 20150105 -2.2871e-05 3.5703e-10 TSX
20130615 20160106 -1.1529e-05 3.6785e-10 TSX
20130618 20140708 -9.486e-05 4.206e-10 TSX
20130623 20130715 0.0007662 8.801e-10 TSX
20130629 20130914 0.00045092 7.5164e-10 TSX
20130707 20150130 1.0168e-05 4.1624e-10 TSX
20130710 20140901 -3.5426e-06 4.0576e-10 TSX
20130715 20130726 -0.0025466 1.0236e-09 TSX
20130721 20131108 0.00099931 6.9766e-10 TSX
20130726 20150517 0.00015275 3.3411e-10 TSX
20130729 20160904 -3.0627e-05 3.5101e-10 TSX
20130801 20151115 7.7144e-05 3.1754e-10 TSX
20130817 20140209 -4.5273e-05 6.0495e-10 TSX
20130828 20150312 0.00018758 3.5984e-10 TSX
20130903 20150329 -0.00047209 4.906e-10 TSX
20130919 20160309 4.9615e-05 3.0525e-10 TSX
20130925 20140708 -0.00018377 5.5513e-10 TSX
20130930 20160411 -3.5685e-05 3.0497e-10 TSX
20131011 20150802 7.3597e-05 3.329e-10 TSX
20131017 20140719 -6.8674e-05 4.9121e-10 TSX
20131028 20160304 -0.00026197 2.8274e-10 TSX
20131102 20140519 -0.00031026 5.7935e-10 TSX
20131108 20140708 -0.00017686 5.7918e-10 TSX
20140209 20160309 9.4196e-05 3.172e-10 TSX
20140223 20140829 -1.1512e-05 5.9198e-10 TSX
20140408 20140705 6.4182e-06 7.2957e-10 TSX
20140419 20170913 7.4871e-06 5.2594e-10 TSX
20140511 20141228 4.9421e-05 5.5196e-10 TSX
20140519 20150824 0.00015282 3.9442e-10 TSX
20140624 20171005 1.304e-05 4.104e-10 TSX
20140627 20151115 -9.5719e-06 3.6367e-10 TSX
20140705 20180911 -2.2329e-06 3.8658e-10 TSX
20140708 20160406 0.00010809 3.2989e-10 TSX
20140716 20171005 -1.8011e-05 4.1322e-10 TSX
20140719 20151207 5.2393e-05 3.6633e-10 TSX
20140727 20150326 1.5484e-05 5.4309e-10 TSX
20140810 20150122 4.6763e-05 6.0304e-10 TSX
20140818 20160301 -5.2926e-06 3.98e-10 TSX
20140829 20160208 1.3947e-05 4.9392e-10 TSX
20140901 20140912 -0.00031465 9.7905e-10 TSX
20140912 20141209 6.2926e-05 7.1989e-10 TSX
20140920 20170902 -7.7621e-06 4.5677e-10 TSX
20141209 20160211 -3.3352e-05 3.9209e-10 TSX
20141217 20160722 -2.1569e-05 3.948e-10 TSX
20141228 20160106 -7.8777e-06 4.5419e-10 TSX
20141231 20151024 4.121e-05 4.6855e-10 TSX
20150105 20150824 -7.8464e-05 5.4495e-10 TSX
20150108 20170811 -1.9728e-05 4.4319e-10 TSX
20150119 20160117 -2.0697e-06 4.6008e-10 TSX
20150127 20160411 0.00010762 4.1257e-10 TSX
20150130 20151112 -4.1126e-05 5.0526e-10 TSX
20150210 20170114 1.0886e-05 5.1729e-10 TSX
20150213 20160326 0.00032566 5.1413e-10 TSX
20150218 20160216 6.081e-05 4.4467e-10 TSX
20150221 20180112 -2.4773e-06 4.0483e-10 TSX
20150304 20180911 -7.2248e-06 4.3144e-10 TSX
20150307 20160211 5.3462e-06 4.4289e-10 TSX
20150312 20160320 -0.00023676 4.3816e-10 TSX
20150326 20150827 -4.9756e-05 6.2954e-10 TSX
20150329 20151207 -2.5009e-05 5.0431e-10 TSX
20150428 20160425 -1.8278e-05 4.594e-10 TSX
20150509 20150827 -4.0564e-05 6.9324e-10 TSX
20150517 20150824 -4.059e-05 7.1599e-10 TSX
20150520 20180911 -1.6813e-05 3.8971e-10 TSX
20150714 20170822 -2.6813e-05 4.3136e-10 TSX
20150725 20170924 9.7798e-06 4.0145e-10 TSX
20150802 20160309 -0.00019215 5.5593e-10 TSX
20150805 20160403 -1.4184e-05 5.4202e-10 TSX
20150816 20171107 -1.085e-05 3.9601e-10 TSX
20150824 20150915 0.00077533 8.7998e-10 TSX
20150827 20170902 -2.5083e-06 3.8319e-10 TSX
20150915 20160216 -0.00017163 6.3305e-10 TSX
20151021 20160904 -0.00010857 4.9502e-10 TSX
20151101 20171016 -2.9881e-05 4.1893e-10 TSX
20151112 20160425 2.3739e-05 6.1848e-10 TSX
20151115 20151229 0.00017093 8.0732e-10 TSX
20151123 20171221 6.3859e-06 3.7345e-10 TSX
20151204 20151215 0.00015574 9.904e-10 TSX
20151207 20160406 -0.00012237 6.6296e-10 TSX
20151215 20170822 1.2251e-05 4.0093e-10 TSX
20151226 20161223 1.1017e-06 4.7196e-10 TSX
20151229 20160211 -3.2489e-05 8.0732e-10 TSX
20160106 20161223 2.453e-05 4.776e-10 TSX
20160117 20160926 -2.6338e-06 5.3289e-10 TSX
20160128 20160301 -0.00014999 8.3635e-10 TSX
20160208 20160312 -0.00013303 8.3635e-10 TSX
20160216 20160309 -0.0004174 8.7998e-10 TSX
20160219 20180319 -3.9414e-06 3.6094e-10 TSX
20160301 20161201 3.7851e-05 5.1966e-10 TSX
20160304 20160326 4.9762e-05 8.6621e-10 TSX
20160312 20180319 3.2872e-06 3.6638e-10 TSX
20160320 20160411 0.00040076 8.7999e-10 TSX
20160323 20171118 -2.0228e-05 3.8622e-10 TSX
20160326 20160406 -0.00056666 9.7898e-10 TSX
20160403 20171027 -1.883e-05 4.2105e-10 TSX
20160425 20170811 -1.7888e-05 4.2411e-10 TSX
20160528 20160630 4.6999e-07 8.3635e-10 TSX
20160630 20171118 -9.7327e-07 4.0875e-10 TSX
20160722 20161201 0.00011249 6.5987e-10 TSX
20160904 20180707 2.2283e-05 3.9894e-10 TSX
20160915 20180911 4.0984e-06 3.6961e-10 TSX
20160926 20170114 0.00010472 6.9287e-10 TSX
20161201 20171027 -5.3564e-05 4.8554e-10 TSX
20161223 20171107 -5.1993e-05 4.8481e-10 TSX
20170114 20170902 -0.00012172 5.493e-10 TSX
20170811 20171005 -2.3109e-05 7.9049e-10 TSX
20170822 20180707 2.821e-05 4.942e-10 TSX
20170913 20180707 -4.1381e-06 5.0507e-10 TSX
20170924 20180319 3.2913e-05 6.042e-10 TSX
20171005 20171107 5.3242e-05 8.3635e-10 TSX
20171016 20180319 4.3664e-05 6.3027e-10 TSX
20171027 20180911 2.7231e-05 4.9426e-10 TSX
20171107 20171118 8.1246e-05 9.904e-10 TSX
20171118 20171129 5.3681e-05 9.904e-10 TSX
20171129 20171221 -2.0697e-05 8.7066e-10 TSX
20171210 20180820 -2.7382e-06 5.3517e-10 TSX
20171221 20180911 -4.2822e-06 5.2697e-10 TSX
20180112 20181003 0.0001293 5.2689e-10 TSX
20180319 20180707 -6.8372e-05 6.929e-10 TSX
20180707 20180911 0.00015237 7.6948e-10 TSX
20180729 20181003 -1.1012e-05 7.6948e-10 TSX
20180820 20181003 0.00012817 8.1233e-10 TSX
20180911 20181003 -0.00016904 8.7066e-10 TSX
