20030427 20030914 -0.0010428 5.7514e-10 ERS2
20030914 20080629 -8.7589e-05 2.5987e-10 ERS2
20050918 20090510 -1.0934e-05 3.0503e-10 ERS2
20051127 20081116 0.00010923 3.0861e-10 ERS2
20060903 20090510 -6.518e-05 3.134e-10 ERS2
20061231 20090105 5.5347e-05 3.1463e-10 ALOS
20070402 20070703 -0.00025216 6.7997e-10 ALOS
20070518 20091008 -1.1523e-05 2.9927e-10 ALOS
20070818 20071003 -0.00036457 7.8865e-10 ALOS
20071217 20100509 -5.9235e-05 2.9976e-10 ALOS
20080103 20100526 -5.0541e-05 2.9873e-10 ALOS
20080404 20080520 -4.234e-05 7.8866e-10 ALOS
20080618 20090921 -5.9087e-05 3.7436e-10 ALOS
20080629 20090510 -0.00013985 4.1339e-10 ERS2
20080705 20091008 0.00011775 3.6638e-10 ALOS
20080803 20090823 -3.2797e-05 3.8392e-10 ERS2
20081116 20090823 -8.1121e-05 4.338e-10 ERS2
20081219 20090921 0.00029426 4.4855e-10 ALOS
20090105 20090708 0.00012974 5.3392e-10 ALOS
20090510 20091101 -0.00032958 5.26e-10 ERS2
20090708 20091008 0.00069648 6.7997e-10 ALOS
20090823 20091101 2.3269e-05 7.1227e-10 ERS2
20091222 20100624 0.00013008 5.3104e-10 ALOS
20100108 20100223 -2.5221e-05 7.8892e-10 ALOS
20100223 20100526 2.2736e-05 6.7996e-10 ALOS
20100410 20100711 -4.8312e-05 6.7992e-10 ALOS
20100509 20100624 0.00058396 7.8653e-10 ALOS
20100526 20100711 0.00052534 7.8867e-10 ALOS
20100624 20101109 4.4741e-05 5.9348e-10 ALOS
20100711 20101011 5.7051e-05 6.7998e-10 ALOS
20100809 20101109 -0.00017786 6.7697e-10 ALOS
20101011 20101126 0.00025703 7.8867e-10 ALOS
20110111 20110226 0.00066951 7.8866e-10 ALOS
20110924 20130715 3.5913e-05 3.2399e-10 TSX
20111005 20121229 -4.861e-05 3.6997e-10 TSX
20111121 20171221 -1.1338e-06 2.4328e-10 TSX
20111221 20130131 -2.2555e-05 3.8714e-10 TSX
20111224 20121027 8.5787e-06 4.2094e-10 TSX
20120126 20140419 -1.466e-05 2.8947e-10 TSX
20120203 20160320 -6.7782e-06 2.4181e-10 TSX
20120206 20171107 1.0204e-06 2.5539e-10 TSX
20120617 20171129 9.8519e-06 2.4858e-10 TSX
20120723 20160120 3.6058e-05 2.5757e-10 TSX
20121024 20130109 0.00011677 7.1655e-10 TSX
20121027 20151226 3.6188e-06 2.6332e-10 TSX
20121030 20130311 2.8709e-06 5.9361e-10 TSX
20121107 20171118 5.7059e-06 2.5138e-10 TSX
20121221 20160208 4.102e-07 2.6414e-10 TSX
20121224 20130516 -4.3986e-05 5.7665e-10 TSX
20121229 20130407 -2.6404e-06 6.6964e-10 TSX
20130104 20130217 -9.4664e-06 7.8586e-10 TSX
20130109 20130715 4.8505e-05 5.3445e-10 TSX
20130112 20140511 7.1299e-06 3.5484e-10 TSX
20130115 20130721 -0.00018898 5.1887e-10 TSX
20130126 20130823 -0.00010428 4.9513e-10 TSX
20130131 20130429 -3.9983e-05 6.9237e-10 TSX
20130203 20130729 -3.4911e-05 5.2864e-10 TSX
20130211 20130919 3.1775e-05 5.0031e-10 TSX
20130228 20141209 2.6285e-05 3.1206e-10 TSX
20130311 20130801 -5.208e-05 5.7645e-10 TSX
20130316 20130623 2.8024e-05 6.6965e-10 TSX
20130402 20150122 2.9623e-05 2.8957e-10 TSX
20130407 20140530 -1.6086e-05 3.8232e-10 TSX
20130421 20171016 1.0721e-05 2.5346e-10 TSX
20130424 20130721 -0.00025093 6.769e-10 TSX
20130429 20130623 -1.733e-05 7.6873e-10 TSX
20130505 20131028 -0.00046226 5.315e-10 TSX
20130513 20151112 1.5194e-05 2.7823e-10 TSX
20130516 20131017 -0.00011386 5.6013e-10 TSX
20130521 20130715 0.00029853 7.6876e-10 TSX
20130524 20171129 1.5493e-05 2.478e-10 TSX
20130527 20140627 -1.795e-05 3.8497e-10 TSX
20130601 20130930 0.0002572 6.2846e-10 TSX
20130604 20141217 1.1589e-05 3.3901e-10 TSX
20130607 20140719 8.739e-06 3.8128e-10 TSX
20130612 20150105 7.7177e-06 3.3874e-10 TSX
20130615 20160106 1.337e-05 2.7543e-10 TSX
20130618 20140708 3.6526e-05 3.895e-10 TSX
20130623 20130715 0.00063793 8.7078e-10 TSX
20130629 20130914 0.00021323 7.0188e-10 TSX
20130707 20150130 1.1205e-05 3.4003e-10 TSX
20130710 20140901 -1.7067e-05 3.7836e-10 TSX
20130715 20130726 -0.0024053 1.0178e-09 TSX
20130721 20131108 0.00071654 6.3199e-10 TSX
20130726 20150517 -4.043e-05 3.2269e-10 TSX
20130729 20160904 -3.3631e-05 2.6661e-10 TSX
20130801 20151115 1.662e-05 2.8468e-10 TSX
20130817 20140209 -0.00018668 5.4769e-10 TSX
20130828 20150312 3.9771e-06 3.4115e-10 TSX
20130903 20150329 -7.0753e-05 3.1098e-10 TSX
20130919 20160309 5.9274e-06 2.7405e-10 TSX
20130925 20140708 -4.0369e-05 4.3315e-10 TSX
20130930 20160411 -5.3517e-05 2.7159e-10 TSX
20131011 20150802 -3.3218e-05 3.1983e-10 TSX
20131017 20140719 -3.0709e-05 4.4075e-10 TSX
20131028 20160304 -3.3735e-05 2.6025e-10 TSX
20131102 20140519 -5.3095e-05 5.2265e-10 TSX
20131108 20140708 -3.9692e-05 4.6547e-10 TSX
20140209 20160309 5.3791e-05 3.0653e-10 TSX
20140223 20140829 4.3043e-05 5.1601e-10 TSX
20140408 20140705 -4.4188e-05 6.747e-10 TSX
20140419 20170913 1.9969e-05 2.6079e-10 TSX
20140511 20141228 -1.6484e-05 4.7312e-10 TSX
20140519 20150824 2.5788e-05 3.6554e-10 TSX
20140624 20171005 4.6153e-06 2.6157e-10 TSX
20140627 20151115 -4.1367e-05 3.4064e-10 TSX
20140705 20180911 1.0195e-05 2.5497e-10 TSX
20140708 20160406 2.4984e-05 3.122e-10 TSX
20140716 20171005 1.264e-05 2.6654e-10 TSX
20140719 20151207 -1.4964e-05 3.4053e-10 TSX
20140727 20150326 -3.8781e-05 4.6418e-10 TSX
20140810 20150122 -4.2023e-06 5.4542e-10 TSX
20140818 20160301 -3.2182e-05 3.2405e-10 TSX
20140829 20160208 -3.3608e-05 3.3146e-10 TSX
20140901 20140912 -0.00027169 9.7409e-10 TSX
20140912 20141209 -7.6313e-05 6.769e-10 TSX
20140920 20170902 6.0261e-06 2.6301e-10 TSX
20141209 20160211 -3.0533e-05 3.6465e-10 TSX
20141217 20160722 -2.4585e-05 3.186e-10 TSX
20141228 20160106 -5.5808e-06 3.8264e-10 TSX
20141231 20151024 1.9905e-05 4.2679e-10 TSX
20150105 20150824 -1.7529e-05 4.9001e-10 TSX
20150108 20170811 1.2484e-05 2.7648e-10 TSX
20150119 20160117 9.04e-06 3.8803e-10 TSX
20150127 20160411 -3.0485e-05 3.7153e-10 TSX
20150130 20151112 -2.0796e-05 4.298e-10 TSX
20150210 20170114 3.6597e-05 2.9878e-10 TSX
20150213 20160326 4.1966e-05 3.6635e-10 TSX
20150218 20160216 -5.3692e-06 4.0414e-10 TSX
20150221 20180112 5.7319e-05 2.6246e-10 TSX
20150304 20180911 -2.585e-06 2.6499e-10 TSX
20150307 20160211 1.063e-05 4.0213e-10 TSX
20150312 20160320 -9.4253e-05 3.9888e-10 TSX
20150326 20150827 3.3079e-05 5.5669e-10 TSX
20150329 20151207 -3.4562e-05 4.5737e-10 TSX
20150428 20160425 -1.3584e-05 3.8741e-10 TSX
20150509 20150827 4.4633e-05 6.2917e-10 TSX
20150517 20150824 -5.3e-06 6.6963e-10 TSX
20150520 20180911 -1.875e-05 2.6124e-10 TSX
20150714 20170822 3.8581e-05 2.9069e-10 TSX
20150725 20170924 -5.1275e-06 2.9188e-10 TSX
20150802 20160309 -7.2922e-05 5.0027e-10 TSX
20150805 20160403 -5.5134e-05 4.6391e-10 TSX
20150816 20171107 1.4156e-05 2.8797e-10 TSX
20150824 20150915 0.00062041 8.7067e-10 TSX
20150827 20170902 4.2768e-06 2.9646e-10 TSX
20150915 20160216 -9.0798e-05 5.7654e-10 TSX
20151021 20160904 -0.00012686 4.139e-10 TSX
20151101 20171016 8.2986e-06 3.0074e-10 TSX
20151112 20160425 -3.846e-05 5.424e-10 TSX
20151115 20151229 0.00016505 7.8586e-10 TSX
20151123 20171221 1.8276e-05 2.9525e-10 TSX
20151204 20151215 0.00016526 9.8452e-10 TSX
20151207 20160406 -8.1387e-05 6.1208e-10 TSX
20151215 20170822 1.3816e-05 3.1405e-10 TSX
20151226 20161223 -3.4379e-06 3.9464e-10 TSX
20151229 20160211 3.5684e-05 7.8586e-10 TSX
20160106 20161223 -1.6253e-05 3.9934e-10 TSX
20160117 20160926 -3.4678e-05 4.5531e-10 TSX
20160128 20160301 -0.00020301 8.179e-10 TSX
20160208 20160312 -7.6693e-05 8.179e-10 TSX
20160216 20160309 -0.00037668 8.7067e-10 TSX
20160219 20180319 2.1767e-05 2.9511e-10 TSX
20160301 20161201 -1.117e-05 4.4053e-10 TSX
20160304 20160326 3.4362e-05 8.5709e-10 TSX
20160312 20180319 3.4138e-05 2.9953e-10 TSX
20160320 20160411 0.00042154 8.7067e-10 TSX
20160323 20171118 -4.4388e-06 3.1752e-10 TSX
20160326 20160406 -0.00050759 9.7401e-10 TSX
20160403 20171027 1.2019e-05 3.2344e-10 TSX
20160425 20170811 7.8711e-06 3.4747e-10 TSX
20160528 20160630 3.8646e-05 8.179e-10 TSX
20160630 20171118 -1.9945e-05 3.3928e-10 TSX
20160722 20161201 2.5915e-05 5.9034e-10 TSX
20160904 20180707 4.8588e-05 3.2472e-10 TSX
20160915 20180911 -4.5188e-06 2.9863e-10 TSX
20160926 20170114 8.7632e-06 6.2921e-10 TSX
20161201 20171027 -6.7242e-06 4.0788e-10 TSX
20161223 20171107 -3.2072e-05 4.1021e-10 TSX
20170114 20170902 -3.0374e-05 4.7133e-10 TSX
20170811 20171005 -7.3982e-05 7.5566e-10 TSX
20170822 20180707 -1.928e-05 4.1517e-10 TSX
20170913 20180707 -2.6944e-05 4.2675e-10 TSX
20170924 20180319 3.5039e-05 5.2877e-10 TSX
20171005 20171107 1.218e-05 8.179e-10 TSX
20171016 20180319 5.0817e-05 5.5727e-10 TSX
20171027 20180911 -5.0653e-05 4.1524e-10 TSX
20171107 20171118 8.0073e-05 9.8452e-10 TSX
20171118 20171129 5.5185e-05 9.8452e-10 TSX
20171129 20171221 7.9041e-06 8.5956e-10 TSX
20171210 20180820 -4.2899e-05 4.558e-10 TSX
20171221 20180911 -0.00013539 4.4778e-10 TSX
20180112 20181003 -3.6688e-05 4.4778e-10 TSX
20180319 20180707 -5.1564e-05 6.2922e-10 TSX
20180707 20180911 5.4058e-05 7.2709e-10 TSX
20180729 20181003 1.8883e-05 7.2709e-10 TSX
20180820 20181003 0.00015184 7.8566e-10 TSX
20180911 20181003 -0.00015004 8.5956e-10 TSX
