20030427 20030914 -2.2077e-05 5.6563e-10 ERS2
20030914 20080629 2.975e-05 2.7133e-10 ERS2
20050918 20090510 4.1864e-06 2.9896e-10 ERS2
20051127 20081116 -8.2583e-05 3.0172e-10 ERS2
20060903 20090510 9.9717e-05 3.0535e-10 ERS2
20061231 20090105 -1.7609e-05 3.3397e-10 ALOS
20070402 20070703 -6.8287e-05 6.6803e-10 ALOS
20070518 20091008 -2.785e-06 3.4358e-10 ALOS
20070818 20071003 -0.00045862 7.7882e-10 ALOS
20071217 20100509 3.2844e-05 3.0203e-10 ALOS
20080103 20100526 9.6146e-06 3.534e-10 ALOS
20080404 20080520 8.1392e-05 7.7892e-10 ALOS
20080618 20090921 -8.6495e-05 3.73e-10 ALOS
20080629 20090510 -0.00049277 4.1368e-10 ERS2
20080705 20091008 -1.117e-05 3.6797e-10 ALOS
20080803 20090823 -4.1694e-05 3.8316e-10 ERS2
20081116 20090823 -4.5372e-05 4.323e-10 ERS2
20081219 20090921 0.00012694 4.4597e-10 ALOS
20090105 20090708 9.2253e-05 5.361e-10 ALOS
20090510 20091101 0.00042035 5.2186e-10 ERS2
20090708 20091008 5.593e-05 6.6822e-10 ALOS
20090823 20091101 0.00020336 6.9884e-10 ERS2
20091222 20100624 6.513e-05 5.3097e-10 ALOS
20100108 20100223 0.00032242 7.7968e-10 ALOS
20100223 20100526 -3.0745e-05 6.7147e-10 ALOS
20100410 20100711 4.6356e-05 6.6784e-10 ALOS
20100509 20100624 0.00058928 7.7652e-10 ALOS
20100526 20100711 0.0004827 7.7887e-10 ALOS
20100624 20101109 -1.4149e-05 5.8448e-10 ALOS
20100711 20101011 -0.0002492 6.6765e-10 ALOS
20100809 20101109 -2.0932e-05 6.6472e-10 ALOS
20101011 20101126 0.00034585 7.7886e-10 ALOS
20110111 20110226 0.00065161 7.7885e-10 ALOS
20110924 20130715 1.4717e-05 3.2538e-10 TSX
20111005 20121229 -1.4019e-05 3.7273e-10 TSX
20111121 20171221 -1.7055e-05 2.999e-10 TSX
20111221 20130131 -2.7253e-06 3.8571e-10 TSX
20111224 20121027 -1.0176e-05 4.197e-10 TSX
20120126 20140419 -2.5752e-06 2.9515e-10 TSX
20120203 20160320 -1.9568e-05 2.6847e-10 TSX
20120206 20171107 -5.4056e-06 3.0823e-10 TSX
20120617 20171129 1.0572e-06 2.8751e-10 TSX
20120723 20160120 2.7749e-05 4.2279e-10 TSX
20121024 20130109 -4.0281e-05 7.0533e-10 TSX
20121027 20151226 -1.3754e-05 3.3903e-10 TSX
20121030 20130311 7.2967e-05 5.8492e-10 TSX
20121107 20171118 5.9145e-06 3.2914e-10 TSX
20121221 20160208 1.702e-05 3.3355e-10 TSX
20121224 20130516 1.3329e-05 5.6874e-10 TSX
20121229 20130407 3.9607e-05 6.5756e-10 TSX
20130104 20130217 0.00010193 7.7569e-10 TSX
20130109 20130715 0.00015498 5.446e-10 TSX
20130112 20140511 -1.2134e-05 3.6042e-10 TSX
20130115 20130721 1.8218e-05 5.138e-10 TSX
20130126 20130823 -6.5007e-05 5.2159e-10 TSX
20130131 20130429 0.0001296 6.7978e-10 TSX
20130203 20130729 6.9103e-06 5.2328e-10 TSX
20130211 20130919 -4.434e-05 4.9653e-10 TSX
20130228 20141209 2.3537e-05 3.3482e-10 TSX
20130311 20130801 -8.2104e-05 5.6869e-10 TSX
20130316 20130623 6.2137e-05 6.5753e-10 TSX
20130402 20150122 -1.7773e-05 3.2889e-10 TSX
20130407 20140530 3.9263e-05 3.8121e-10 TSX
20130421 20171016 -3.5281e-06 3.385e-10 TSX
20130424 20130721 -5.471e-05 6.6478e-10 TSX
20130429 20130623 -0.00010066 7.5764e-10 TSX
20130505 20131028 0.00014036 5.9909e-10 TSX
20130513 20151112 4.5277e-07 3.6414e-10 TSX
20130516 20131017 0.00017057 5.8531e-10 TSX
20130521 20130715 9.2184e-05 7.5767e-10 TSX
20130524 20171129 -4.103e-06 3.0583e-10 TSX
20130527 20140627 -2.2812e-05 3.846e-10 TSX
20130601 20130930 -4.8514e-05 6.18e-10 TSX
20130604 20141217 2.2033e-05 3.4444e-10 TSX
20130607 20140719 2.9691e-05 3.8065e-10 TSX
20130612 20150105 3.1207e-05 3.3803e-10 TSX
20130615 20160106 2.4234e-05 3.949e-10 TSX
20130618 20140708 -3.2052e-05 3.8872e-10 TSX
20130623 20130715 0.00060223 8.6703e-10 TSX
20130629 20130914 6.2519e-05 6.9669e-10 TSX
20130707 20150130 -1.3301e-06 3.3963e-10 TSX
20130710 20140901 -9.1833e-06 3.774e-10 TSX
20130715 20130726 -0.0024064 1.0163e-09 TSX
20130721 20131108 -0.00021683 6.5516e-10 TSX
20130726 20150517 3.2435e-05 3.4793e-10 TSX
20130729 20160904 -8.4251e-06 2.898e-10 TSX
20130801 20151115 2.6681e-05 3.5087e-10 TSX
20130817 20140209 4.6472e-05 5.4147e-10 TSX
20130828 20150312 -1.98e-05 3.4465e-10 TSX
20130903 20150329 4.747e-05 3.7112e-10 TSX
20130919 20160309 2.1042e-05 3.6955e-10 TSX
20130925 20140708 4.304e-05 4.6279e-10 TSX
20130930 20160411 -8.4965e-06 3.5003e-10 TSX
20131011 20150802 -5.2881e-06 3.3069e-10 TSX
20131017 20140719 3.9219e-06 4.5914e-10 TSX
20131028 20160304 2.9794e-06 3.4394e-10 TSX
20131102 20140519 0.00013246 5.1756e-10 TSX
20131108 20140708 -0.00019368 5.0726e-10 TSX
20140209 20160309 -2.8634e-05 3.7616e-10 TSX
20140223 20140829 9.4919e-06 5.113e-10 TSX
20140408 20140705 4.5512e-06 6.6156e-10 TSX
20140419 20170913 4.776e-06 3.6375e-10 TSX
20140511 20141228 2.5762e-05 4.7025e-10 TSX
20140519 20150824 -1.3801e-07 3.7088e-10 TSX
20140624 20171005 4.6974e-06 3.0786e-10 TSX
20140627 20151115 -6.1383e-06 3.9378e-10 TSX
20140705 20180911 8.7272e-06 3.1233e-10 TSX
20140708 20160406 3.4351e-05 3.8741e-10 TSX
20140716 20171005 1.9852e-05 3.1462e-10 TSX
20140719 20151207 -2.54e-05 3.9478e-10 TSX
20140727 20150326 -4.803e-06 4.615e-10 TSX
20140810 20150122 0.00011458 5.5789e-10 TSX
20140818 20160301 1.3793e-05 3.444e-10 TSX
20140829 20160208 -2.3232e-06 3.5694e-10 TSX
20140901 20140912 -0.00025963 9.7179e-10 TSX
20140912 20141209 -4.7064e-06 6.6478e-10 TSX
20140920 20170902 8.5081e-06 3.4542e-10 TSX
20141209 20160211 -3.7285e-05 3.8405e-10 TSX
20141217 20160722 -9.5782e-06 3.522e-10 TSX
20141228 20160106 1.0481e-06 3.9434e-10 TSX
20141231 20151024 -5.4099e-05 4.4051e-10 TSX
20150105 20150824 -3.8286e-05 4.9012e-10 TSX
20150108 20170811 3.8495e-06 3.3133e-10 TSX
20150119 20160117 -2.8516e-06 3.9314e-10 TSX
20150127 20160411 -1.5991e-05 3.8878e-10 TSX
20150130 20151112 2.2331e-05 4.3171e-10 TSX
20150210 20170114 1.5454e-05 3.5562e-10 TSX
20150213 20160326 1.5435e-06 4.2972e-10 TSX
20150218 20160216 -3.0292e-05 4.0681e-10 TSX
20150221 20180112 6.5846e-06 3.6544e-10 TSX
20150304 20180911 7.8875e-06 3.3757e-10 TSX
20150307 20160211 -1.9541e-05 4.1728e-10 TSX
20150312 20160320 1.625e-05 4.0339e-10 TSX
20150326 20150827 3.4698e-05 5.5158e-10 TSX
20150329 20151207 -7.2113e-05 4.5909e-10 TSX
20150428 20160425 2.3904e-05 3.9489e-10 TSX
20150509 20150827 5.6292e-05 6.3093e-10 TSX
20150517 20150824 -0.0002986 6.5998e-10 TSX
20150520 20180911 -8.6951e-07 3.3461e-10 TSX
20150714 20170822 4.4942e-06 3.4067e-10 TSX
20150725 20170924 3.4312e-06 3.0978e-10 TSX
20150802 20160309 5.5471e-07 4.9649e-10 TSX
20150805 20160403 -2.9227e-06 4.6122e-10 TSX
20150816 20171107 -2.7872e-06 3.0366e-10 TSX
20150824 20150915 0.00049308 8.6695e-10 TSX
20150827 20170902 2.1166e-05 3.1333e-10 TSX
20150915 20160216 5.1891e-05 5.6893e-10 TSX
20151021 20160904 -3.123e-05 4.1425e-10 TSX
20151101 20171016 1.6111e-05 3.1381e-10 TSX
20151112 20160425 -1.8185e-06 5.3629e-10 TSX
20151115 20151229 0.00011532 7.7569e-10 TSX
20151123 20171221 1.6685e-05 3.0693e-10 TSX
20151204 20151215 0.0001594 9.8128e-10 TSX
20151207 20160406 4.7952e-06 6.0246e-10 TSX
20151215 20170822 5.6952e-07 3.3462e-10 TSX
20151226 20161223 2.6791e-05 3.9321e-10 TSX
20151229 20160211 2.4019e-05 7.7569e-10 TSX
20160106 20161223 2.4189e-05 3.9794e-10 TSX
20160117 20160926 2.7156e-05 4.5498e-10 TSX
20160128 20160301 -0.00012408 8.0874e-10 TSX
20160208 20160312 -7.9785e-05 8.0874e-10 TSX
20160216 20160309 -0.00028922 8.6695e-10 TSX
20160219 20180319 6.6099e-06 2.9589e-10 TSX
20160301 20161201 -5.7204e-06 4.3888e-10 TSX
20160304 20160326 1.5848e-05 8.5231e-10 TSX
20160312 20180319 5.7949e-06 3.0179e-10 TSX
20160320 20160411 0.00038231 8.6697e-10 TSX
20160323 20171118 6.8968e-06 3.2287e-10 TSX
20160326 20160406 -0.00047749 9.717e-10 TSX
20160403 20171027 1.3967e-05 3.3605e-10 TSX
20160425 20170811 1.3926e-05 3.5204e-10 TSX
20160528 20160630 -1.4625e-06 8.0874e-10 TSX
20160630 20171118 6.3694e-06 3.4061e-10 TSX
20160722 20161201 4.8992e-05 5.8145e-10 TSX
20160904 20180707 2.7202e-05 3.2595e-10 TSX
20160915 20180911 -5.4859e-06 3.005e-10 TSX
20160926 20170114 2.6892e-05 6.1816e-10 TSX
20161201 20171027 2.51e-05 4.0813e-10 TSX
20161223 20171107 -8.7105e-06 4.1021e-10 TSX
20170114 20170902 3.2739e-06 4.6969e-10 TSX
20170811 20171005 -3.96e-05 7.4232e-10 TSX
20170822 20180707 -2.5495e-05 4.1389e-10 TSX
20170913 20180707 -3.6e-05 4.2569e-10 TSX
20170924 20180319 -3.2049e-05 5.2334e-10 TSX
20171005 20171107 7.4596e-05 8.0874e-10 TSX
20171016 20180319 -1.053e-05 5.5018e-10 TSX
20171027 20180911 -1.3347e-05 4.1386e-10 TSX
20171107 20171118 7.3908e-05 9.8128e-10 TSX
20171118 20171129 5.1794e-05 9.8128e-10 TSX
20171129 20171221 -1.8126e-05 8.5357e-10 TSX
20171210 20180820 -3.3978e-05 4.5348e-10 TSX
20171221 20180911 -2.4506e-05 4.4578e-10 TSX
20180112 20181003 -2.6221e-05 4.4583e-10 TSX
20180319 20180707 -7.2118e-05 6.1817e-10 TSX
20180707 20180911 0.00011017 7.1314e-10 TSX
20180729 20181003 -8.6423e-06 7.1314e-10 TSX
20180820 20181003 6.7002e-05 7.7391e-10 TSX
20180911 20181003 -0.00014973 8.5357e-10 TSX
