20030427 20030914 -0.00018495 5.6531e-10 ERS2
20030914 20080629 -6.8279e-05 2.8201e-10 ERS2
20050918 20090510 -2.6972e-07 2.9897e-10 ERS2
20051127 20081116 -0.00013906 3.4153e-10 ERS2
20060903 20090510 -1.6231e-05 3.0398e-10 ERS2
20061231 20090105 0.00016415 3.1655e-10 ALOS
20070402 20070703 -0.00012501 6.6626e-10 ALOS
20070518 20091008 2.4496e-05 2.9844e-10 ALOS
20070818 20071003 -0.00026785 7.7526e-10 ALOS
20071217 20100509 4.7991e-05 2.9994e-10 ALOS
20080103 20100526 4.9991e-05 3.0015e-10 ALOS
20080404 20080520 0.00016104 7.754e-10 ALOS
20080618 20090921 3.7337e-05 3.7248e-10 ALOS
20080629 20090510 -0.00040518 4.1221e-10 ERS2
20080705 20091008 6.7699e-05 3.6487e-10 ALOS
20080803 20090823 -4.544e-05 3.831e-10 ERS2
20081116 20090823 -2.2928e-05 4.3204e-10 ERS2
20081219 20090921 0.00028014 4.4915e-10 ALOS
20090105 20090708 0.00021079 5.2845e-10 ALOS
20090510 20091101 0.00066485 5.2021e-10 ERS2
20090708 20091008 0.00037005 6.6631e-10 ALOS
20090823 20091101 2.6516e-05 6.986e-10 ERS2
20091222 20100624 0.00037469 5.2515e-10 ALOS
20100108 20100223 0.00018792 7.7533e-10 ALOS
20100223 20100526 -1.047e-06 6.6599e-10 ALOS
20100410 20100711 -3.1355e-05 6.6655e-10 ALOS
20100509 20100624 0.00062338 7.7325e-10 ALOS
20100526 20100711 0.00047524 7.7525e-10 ALOS
20100624 20101109 -2.483e-05 5.8399e-10 ALOS
20100711 20101011 6.1222e-05 6.663e-10 ALOS
20100809 20101109 3.6833e-05 6.6358e-10 ALOS
20101011 20101126 0.00023487 7.7525e-10 ALOS
20110111 20110226 0.00071128 7.7522e-10 ALOS
20110924 20130715 4.5386e-05 3.2389e-10 TSX
20111005 20121229 2.1353e-05 3.6915e-10 TSX
20111121 20171221 2.1433e-05 2.6489e-10 TSX
20111221 20130131 9.4073e-05 3.8532e-10 TSX
20111224 20121027 -0.00010479 4.1921e-10 TSX
20120126 20140419 -4.6932e-05 2.9326e-10 TSX
20120203 20160320 5.2878e-05 2.6224e-10 TSX
20120206 20171107 9.1288e-06 2.8615e-10 TSX
20120617 20171129 2.9163e-06 2.6517e-10 TSX
20120723 20160120 2.4914e-05 2.7433e-10 TSX
20121024 20130109 0.00021193 7.0183e-10 TSX
20121027 20151226 5.6364e-06 2.7271e-10 TSX
20121030 20130311 0.00017278 5.8466e-10 TSX
20121107 20171118 -2.0465e-05 2.8272e-10 TSX
20121221 20160208 4.4625e-05 2.7949e-10 TSX
20121224 20130516 -2.9892e-05 5.685e-10 TSX
20121229 20130407 0.00024614 6.5612e-10 TSX
20130104 20130217 0.0001089 7.7316e-10 TSX
20130109 20130715 5.1306e-05 5.2972e-10 TSX
20130112 20140511 -8.5586e-05 3.5524e-10 TSX
20130115 20130721 -0.00010987 5.1388e-10 TSX
20130126 20130823 -0.0001809 5.1965e-10 TSX
20130131 20130429 1.4651e-05 6.7802e-10 TSX
20130203 20130729 -0.00011485 5.2313e-10 TSX
20130211 20130919 1.5923e-05 4.9593e-10 TSX
20130228 20141209 2.9652e-05 3.1714e-10 TSX
20130311 20130801 4.7994e-05 5.6844e-10 TSX
20130316 20130623 5.6974e-05 6.5612e-10 TSX
20130402 20150122 0.00013221 4.2489e-10 TSX
20130407 20140530 1.3006e-05 3.8073e-10 TSX
20130421 20171016 -3.1355e-06 2.7052e-10 TSX
20130424 20130721 -0.00029034 6.6403e-10 TSX
20130429 20130623 -4.4976e-05 7.5419e-10 TSX
20130505 20131028 -0.00052326 5.3695e-10 TSX
20130513 20151112 1.123e-05 2.8687e-10 TSX
20130516 20131017 -0.00012157 5.6478e-10 TSX
20130521 20130715 0.0001532 7.5421e-10 TSX
20130524 20171129 6.2033e-06 2.8779e-10 TSX
20130527 20140627 3.7949e-05 3.8338e-10 TSX
20130601 20130930 0.00012683 6.17e-10 TSX
20130604 20141217 -2.8183e-05 3.4066e-10 TSX
20130607 20140719 0.00012774 3.8042e-10 TSX
20130612 20150105 6.3237e-05 3.3923e-10 TSX
20130615 20160106 -1.3155e-06 2.8432e-10 TSX
20130618 20140708 6.3706e-05 3.8911e-10 TSX
20130623 20130715 0.00061182 8.6178e-10 TSX
20130629 20130914 0.00021043 6.9203e-10 TSX
20130707 20150130 -3.7402e-05 3.3987e-10 TSX
20130710 20140901 6.4685e-05 3.7712e-10 TSX
20130715 20130726 -0.0024625 1.0109e-09 TSX
20130721 20131108 0.00098313 6.4822e-10 TSX
20130726 20150517 8.6883e-05 3.241e-10 TSX
20130729 20160904 3.8651e-06 2.9132e-10 TSX
20130801 20151115 2.5821e-05 3.0106e-10 TSX
20130817 20140209 0.00020365 5.4097e-10 TSX
20130828 20150312 3.6001e-05 3.4132e-10 TSX
20130903 20150329 -9.7161e-05 3.8088e-10 TSX
20130919 20160309 9.6543e-05 2.8607e-10 TSX
20130925 20140708 0.00016181 4.3738e-10 TSX
20130930 20160411 9.3116e-05 2.8507e-10 TSX
20131011 20150802 4.0453e-05 3.2805e-10 TSX
20131017 20140719 0.00016937 4.4188e-10 TSX
20131028 20160304 4.3532e-05 3.4376e-10 TSX
20131102 20140519 -2.7986e-05 5.1711e-10 TSX
20131108 20140708 0.00022355 4.7585e-10 TSX
20140209 20160309 4.5984e-05 3.1279e-10 TSX
20140223 20140829 -3.815e-05 5.1112e-10 TSX
20140408 20140705 -3.7707e-05 6.6135e-10 TSX
20140419 20170913 6.2571e-05 2.8255e-10 TSX
20140511 20141228 -1.2249e-05 4.7011e-10 TSX
20140519 20150824 0.00013432 3.7176e-10 TSX
20140624 20171005 3.5231e-05 2.8705e-10 TSX
20140627 20151115 7.2998e-05 3.4189e-10 TSX
20140705 20180911 2.3729e-05 3.0388e-10 TSX
20140708 20160406 9.4082e-05 3.1965e-10 TSX
20140716 20171005 -2.6029e-06 2.8811e-10 TSX
20140719 20151207 9.4447e-07 3.4351e-10 TSX
20140727 20150326 -8.998e-05 4.6154e-10 TSX
20140810 20150122 0.00017641 5.397e-10 TSX
20140818 20160301 2.9832e-06 3.277e-10 TSX
20140829 20160208 -4.63e-06 3.3737e-10 TSX
20140901 20140912 -0.00031232 9.6757e-10 TSX
20140912 20141209 0.00013907 6.6403e-10 TSX
20140920 20170902 6.6791e-05 2.9642e-10 TSX
20141209 20160211 4.8139e-05 3.6442e-10 TSX
20141217 20160722 -3.5792e-05 3.2647e-10 TSX
20141228 20160106 -1.5442e-05 3.8276e-10 TSX
20141231 20151024 8.6339e-05 4.2598e-10 TSX
20150105 20150824 7.3745e-05 4.8986e-10 TSX
20150108 20170811 4.3944e-05 2.981e-10 TSX
20150119 20160117 2.0031e-05 3.8829e-10 TSX
20150127 20160411 9.3295e-05 3.7284e-10 TSX
20150130 20151112 -0.0001218 4.2952e-10 TSX
20150210 20170114 2.0283e-05 3.2001e-10 TSX
20150213 20160326 -0.0001762 4.093e-10 TSX
20150218 20160216 0.00010889 4.0401e-10 TSX
20150221 20180112 3.8267e-05 3.2067e-10 TSX
20150304 20180911 9.9086e-06 2.8615e-10 TSX
20150307 20160211 0.00010161 4.0155e-10 TSX
20150312 20160320 9.1323e-05 4.0198e-10 TSX
20150326 20150827 -3.8641e-05 5.5053e-10 TSX
20150329 20151207 9.1428e-05 4.555e-10 TSX
20150428 20160425 -1.1958e-05 3.8977e-10 TSX
20150509 20150827 -0.00012217 6.1838e-10 TSX
20150517 20150824 3.5433e-05 6.5696e-10 TSX
20150520 20180911 -2.2683e-06 2.9344e-10 TSX
20150714 20170822 6.673e-06 3.0802e-10 TSX
20150725 20170924 2.3879e-05 2.9732e-10 TSX
20150802 20160309 0.00012358 4.9617e-10 TSX
20150805 20160403 -5.7585e-05 4.6778e-10 TSX
20150816 20171107 1.1639e-05 2.9802e-10 TSX
20150824 20150915 0.00077151 8.6168e-10 TSX
20150827 20170902 -1.5353e-05 3.0551e-10 TSX
20150915 20160216 5.2531e-05 5.6856e-10 TSX
20151021 20160904 -0.00017498 4.146e-10 TSX
20151101 20171016 1.8654e-05 3.0892e-10 TSX
20151112 20160425 -4.2338e-05 5.3695e-10 TSX
20151115 20151229 0.00017378 7.7316e-10 TSX
20151123 20171221 5.5725e-06 2.9776e-10 TSX
20151204 20151215 0.00015557 9.7789e-10 TSX
20151207 20160406 0.0001257 6.0215e-10 TSX
20151215 20170822 2.7789e-05 3.1458e-10 TSX
20151226 20161223 -9.4489e-05 3.9502e-10 TSX
20151229 20160211 3.9524e-05 7.7316e-10 TSX
20160106 20161223 -8.4441e-05 3.9871e-10 TSX
20160117 20160926 -9.5735e-05 4.5415e-10 TSX
20160128 20160301 -0.0001358 8.065e-10 TSX
20160208 20160312 -0.00011697 8.065e-10 TSX
20160216 20160309 -0.00040938 8.6168e-10 TSX
20160219 20180319 -1.7196e-05 3.0341e-10 TSX
20160301 20161201 -0.00011314 4.3878e-10 TSX
20160304 20160326 7.4096e-05 8.4847e-10 TSX
20160312 20180319 6.7968e-06 3.017e-10 TSX
20160320 20160411 0.00042816 8.6169e-10 TSX
20160323 20171118 1.4831e-05 3.1825e-10 TSX
20160326 20160406 -0.00052114 9.675e-10 TSX
20160403 20171027 1.5398e-06 3.2472e-10 TSX
20160425 20170811 7.991e-06 3.4954e-10 TSX
20160528 20160630 -2.809e-05 8.065e-10 TSX
20160630 20171118 2.6247e-05 3.3952e-10 TSX
20160722 20161201 -1.4359e-05 5.8137e-10 TSX
20160904 20180707 -3.1182e-05 3.243e-10 TSX
20160915 20180911 -2.5303e-05 3.0402e-10 TSX
20160926 20170114 1.6878e-05 6.1784e-10 TSX
20161201 20171027 -6.2134e-05 4.0761e-10 TSX
20161223 20171107 -9.6958e-05 4.127e-10 TSX
20170114 20170902 -0.00010703 4.724e-10 TSX
20170811 20171005 -4.8856e-05 7.4133e-10 TSX
20170822 20180707 -0.00018257 4.1385e-10 TSX
20170913 20180707 -0.00019731 4.2545e-10 TSX
20170924 20180319 -9.0681e-05 5.2322e-10 TSX
20171005 20171107 4.5045e-05 8.065e-10 TSX
20171016 20180319 -8.1101e-05 5.5011e-10 TSX
20171027 20180911 -0.00014706 4.1388e-10 TSX
20171107 20171118 7.7065e-05 9.7789e-10 TSX
20171118 20171129 3.8754e-05 9.7789e-10 TSX
20171129 20171221 -2.6315e-05 8.5066e-10 TSX
20171210 20180820 -0.00015961 4.5341e-10 TSX
20171221 20180911 -0.00013088 4.4574e-10 TSX
20180112 20181003 -9.4926e-05 4.4576e-10 TSX
20180319 20180707 -0.00020271 6.1804e-10 TSX
20180707 20180911 0.0001399 7.1254e-10 TSX
20180729 20181003 -3.4372e-05 7.1254e-10 TSX
20180820 20181003 0.00010476 7.7236e-10 TSX
20180911 20181003 -0.00015715 8.5066e-10 TSX
