20030427 20030914 0.00054506 5.6564e-10 ERS2
20030914 20080629 -0.00018457 2.6956e-10 ERS2
20050918 20090510 8.9312e-05 3.0782e-10 ERS2
20051127 20081116 -2.3711e-05 3.1213e-10 ERS2
20060903 20090510 -0.00019076 3.096e-10 ERS2
20061231 20090105 0.00018317 3.3339e-10 ALOS
20070402 20070703 1.4854e-05 6.6774e-10 ALOS
20070518 20091008 0.00017611 3.1177e-10 ALOS
20070818 20071003 -0.00016684 7.7504e-10 ALOS
20071217 20100509 4.7843e-05 3.0467e-10 ALOS
20080103 20100526 0.00011428 3.2399e-10 ALOS
20080404 20080520 9.1632e-05 7.75e-10 ALOS
20080618 20090921 -0.00012917 3.7368e-10 ALOS
20080629 20090510 -4.5462e-05 4.1355e-10 ERS2
20080705 20091008 -0.00011401 3.6601e-10 ALOS
20080803 20090823 8.254e-06 3.8309e-10 ERS2
20081116 20090823 3.9975e-05 4.3196e-10 ERS2
20081219 20090921 0.00034746 4.4875e-10 ALOS
20090105 20090708 0.00015502 5.2909e-10 ALOS
20090510 20091101 0.000295 5.2111e-10 ERS2
20090708 20091008 0.00053034 6.6642e-10 ALOS
20090823 20091101 -0.0004768 6.985e-10 ERS2
20091222 20100624 -0.00016088 5.2668e-10 ALOS
20100108 20100223 -0.00046859 7.7628e-10 ALOS
20100223 20100526 -0.00016005 6.6688e-10 ALOS
20100410 20100711 1.062e-05 6.6746e-10 ALOS
20100509 20100624 0.00054086 7.7307e-10 ALOS
20100526 20100711 0.00048086 7.7501e-10 ALOS
20100624 20101109 5.249e-05 5.8398e-10 ALOS
20100711 20101011 -9.2259e-05 6.662e-10 ALOS
20100809 20101109 -3.6779e-05 6.6354e-10 ALOS
20101011 20101126 0.0001588 7.7505e-10 ALOS
20110111 20110226 0.0005423 7.7503e-10 ALOS
20110924 20130715 4.9953e-05 3.2384e-10 TSX
20111005 20121229 2.3616e-05 3.6959e-10 TSX
20111121 20171221 4.0863e-05 2.7146e-10 TSX
20111221 20130131 2.5287e-05 3.8546e-10 TSX
20111224 20121027 9.1555e-05 4.1934e-10 TSX
20120126 20140419 -4.2609e-05 3.0569e-10 TSX
20120203 20160320 -4.1015e-06 2.8539e-10 TSX
20120206 20171107 4.4037e-05 2.8881e-10 TSX
20120617 20171129 4.0835e-05 2.8314e-10 TSX
20120723 20160120 0.0001054 3.3228e-10 TSX
20121024 20130109 9.0618e-05 7.0156e-10 TSX
20121027 20151226 -4.6859e-06 3.0837e-10 TSX
20121030 20130311 -5.5451e-06 5.8464e-10 TSX
20121107 20171118 8.7412e-05 2.8174e-10 TSX
20121221 20160208 6.4014e-05 3.3479e-10 TSX
20121224 20130516 -1.0724e-05 5.6849e-10 TSX
20121229 20130407 -2.1134e-05 6.5607e-10 TSX
20130104 20130217 -5.4401e-05 7.7304e-10 TSX
20130109 20130715 -1.2259e-05 5.2952e-10 TSX
20130112 20140511 -2.9645e-05 3.592e-10 TSX
20130115 20130721 -0.00014108 5.1516e-10 TSX
20130126 20130823 -8.3731e-05 4.9631e-10 TSX
20130131 20130429 -0.00015043 6.7796e-10 TSX
20130203 20130729 9.8427e-05 5.2327e-10 TSX
20130211 20130919 6.8714e-05 4.9631e-10 TSX
20130228 20141209 5.3232e-05 3.251e-10 TSX
20130311 20130801 7.4258e-06 5.689e-10 TSX
20130316 20130623 5.4351e-06 6.561e-10 TSX
20130402 20150122 0.00012853 3.552e-10 TSX
20130407 20140530 -1.451e-05 3.8058e-10 TSX
20130421 20171016 6.2135e-05 2.9939e-10 TSX
20130424 20130721 -0.00026102 6.64e-10 TSX
20130429 20130623 1.7264e-05 7.5403e-10 TSX
20130505 20131028 -0.00033745 5.458e-10 TSX
20130513 20151112 9.0075e-05 2.8278e-10 TSX
20130516 20131017 -3.3612e-05 5.7818e-10 TSX
20130521 20130715 0.0002143 7.5406e-10 TSX
20130524 20171129 8.1548e-05 2.933e-10 TSX
20130527 20140627 -3.2014e-05 3.8643e-10 TSX
20130601 20130930 0.0001267 6.1698e-10 TSX
20130604 20141217 4.4187e-05 3.4609e-10 TSX
20130607 20140719 5.3632e-05 3.8037e-10 TSX
20130612 20150105 4.1936e-05 3.4097e-10 TSX
20130615 20160106 5.4799e-05 3.0626e-10 TSX
20130618 20140708 2.9322e-05 3.893e-10 TSX
20130623 20130715 0.00065026 8.6117e-10 TSX
20130629 20130914 0.00016305 6.9168e-10 TSX
20130707 20150130 2.3372e-05 3.3869e-10 TSX
20130710 20140901 3.2649e-05 3.7695e-10 TSX
20130715 20130726 -0.0023912 1.0101e-09 TSX
20130721 20131108 0.00071065 6.3591e-10 TSX
20130726 20150517 6.7929e-05 3.2741e-10 TSX
20130729 20160904 1.4199e-05 2.9736e-10 TSX
20130801 20151115 8.0621e-05 3.4032e-10 TSX
20130817 20140209 3.2835e-05 5.4074e-10 TSX
20130828 20150312 3.8013e-05 3.4329e-10 TSX
20130903 20150329 -1.8707e-05 4.3696e-10 TSX
20130919 20160309 1.4649e-05 3.0123e-10 TSX
20130925 20140708 9.7869e-05 4.3431e-10 TSX
20130930 20160411 0.00010287 2.9337e-10 TSX
20131011 20150802 9.9071e-06 3.2985e-10 TSX
20131017 20140719 -7.235e-05 4.3999e-10 TSX
20131028 20160304 8.2421e-05 3.7361e-10 TSX
20131102 20140519 -0.00027314 5.171e-10 TSX
20131108 20140708 7.8308e-05 4.6949e-10 TSX
20140209 20160309 2.9343e-05 3.3689e-10 TSX
20140223 20140829 6.3487e-05 5.1111e-10 TSX
20140408 20140705 1.5682e-06 6.6124e-10 TSX
20140419 20170913 0.00012387 3.061e-10 TSX
20140511 20141228 0.00014776 4.7032e-10 TSX
20140519 20150824 0.0001244 3.692e-10 TSX
20140624 20171005 1.174e-06 2.8146e-10 TSX
20140627 20151115 7.5499e-05 3.5703e-10 TSX
20140705 20180911 4.8594e-05 2.8386e-10 TSX
20140708 20160406 5.0108e-05 3.3725e-10 TSX
20140716 20171005 8.9835e-05 2.927e-10 TSX
20140719 20151207 8.2823e-05 3.7035e-10 TSX
20140727 20150326 2.645e-05 4.6158e-10 TSX
20140810 20150122 6.0523e-05 5.3928e-10 TSX
20140818 20160301 6.9074e-05 3.2893e-10 TSX
20140829 20160208 8.1619e-05 3.3397e-10 TSX
20140901 20140912 -0.00031435 9.6703e-10 TSX
20140912 20141209 8.562e-05 6.6401e-10 TSX
20140920 20170902 9.733e-05 2.9179e-10 TSX
20141209 20160211 5.2631e-05 3.9272e-10 TSX
20141217 20160722 6.5379e-05 3.3574e-10 TSX
20141228 20160106 9.7059e-05 3.8266e-10 TSX
20141231 20151024 8.0765e-05 4.3602e-10 TSX
20150105 20150824 -4.4576e-06 4.9003e-10 TSX
20150108 20170811 2.035e-05 3.0047e-10 TSX
20150119 20160117 0.00012482 3.8829e-10 TSX
20150127 20160411 0.00011909 3.8358e-10 TSX
20150130 20151112 0.00012787 4.29e-10 TSX
20150210 20170114 0.000102 3.1947e-10 TSX
20150213 20160326 3.5945e-05 4.514e-10 TSX
20150218 20160216 5.2002e-05 4.0852e-10 TSX
20150221 20180112 0.00012728 3.0543e-10 TSX
20150304 20180911 0.00011311 3.1039e-10 TSX
20150307 20160211 6.1766e-05 4.0542e-10 TSX
20150312 20160320 1.1962e-05 4.0065e-10 TSX
20150326 20150827 0.00017849 5.5152e-10 TSX
20150329 20151207 5.5627e-05 4.6172e-10 TSX
20150428 20160425 0.00012561 3.8914e-10 TSX
20150509 20150827 0.00016232 6.2043e-10 TSX
20150517 20150824 3.4081e-05 6.5757e-10 TSX
20150520 20180911 9.5091e-05 2.8679e-10 TSX
20150714 20170822 0.00013655 3.044e-10 TSX
20150725 20170924 9.8194e-05 2.9542e-10 TSX
20150802 20160309 6.9576e-05 4.9597e-10 TSX
20150805 20160403 0.00010101 4.6122e-10 TSX
20150816 20171107 0.00011469 2.9976e-10 TSX
20150824 20150915 0.000745 8.6106e-10 TSX
20150827 20170902 8.7816e-05 3.0919e-10 TSX
20150915 20160216 -6.6816e-05 5.6832e-10 TSX
20151021 20160904 3.7028e-05 4.1342e-10 TSX
20151101 20171016 0.00012556 3.1051e-10 TSX
20151112 20160425 -2.5182e-06 5.3608e-10 TSX
20151115 20151229 0.00016897 7.7304e-10 TSX
20151123 20171221 7.3012e-05 2.9425e-10 TSX
20151204 20151215 0.00018747 9.7696e-10 TSX
20151207 20160406 -5.3096e-05 6.0212e-10 TSX
20151215 20170822 9.3573e-05 3.1934e-10 TSX
20151226 20161223 0.00013177 3.9362e-10 TSX
20151229 20160211 1.4162e-05 7.7304e-10 TSX
20160106 20161223 0.00013194 3.9775e-10 TSX
20160117 20160926 0.00013447 4.5324e-10 TSX
20160128 20160301 -0.00025355 8.0599e-10 TSX
20160208 20160312 -4.6105e-05 8.0599e-10 TSX
20160216 20160309 -0.00041087 8.6106e-10 TSX
20160219 20180319 5.5939e-05 3.0032e-10 TSX
20160301 20161201 0.00019366 4.3851e-10 TSX
20160304 20160326 8.2426e-05 8.481e-10 TSX
20160312 20180319 3.5436e-05 3.015e-10 TSX
20160320 20160411 0.00041518 8.6107e-10 TSX
20160323 20171118 0.00010615 3.1897e-10 TSX
20160326 20160406 -0.00053957 9.6696e-10 TSX
20160403 20171027 0.00010923 3.2527e-10 TSX
20160425 20170811 0.0001358 3.4857e-10 TSX
20160528 20160630 9.1638e-05 8.0599e-10 TSX
20160630 20171118 0.00010782 3.4113e-10 TSX
20160722 20161201 0.00028542 5.8131e-10 TSX
20160904 20180707 1.4205e-05 3.3078e-10 TSX
20160915 20180911 2.3277e-05 3.0439e-10 TSX
20160926 20170114 5.3911e-05 6.1799e-10 TSX
20161201 20171027 6.1636e-05 4.0689e-10 TSX
20161223 20171107 2.56e-05 4.0917e-10 TSX
20170114 20170902 8.5329e-05 4.6902e-10 TSX
20170811 20171005 -1.5872e-05 7.4108e-10 TSX
20170822 20180707 -0.00011987 4.1345e-10 TSX
20170913 20180707 -0.00016405 4.2469e-10 TSX
20170924 20180319 -0.00014027 5.2319e-10 TSX
20171005 20171107 4.1385e-05 8.0599e-10 TSX
20171016 20180319 -0.00012233 5.5007e-10 TSX
20171027 20180911 -4.2578e-05 4.1347e-10 TSX
20171107 20171118 8.2532e-05 9.7696e-10 TSX
20171118 20171129 4.3862e-05 9.7696e-10 TSX
20171129 20171221 5.8068e-06 8.4993e-10 TSX
20171210 20180820 -4.3855e-05 4.5335e-10 TSX
20171221 20180911 -3.346e-05 4.4558e-10 TSX
20180112 20181003 1.1729e-05 4.4583e-10 TSX
20180319 20180707 -4.1895e-05 6.1796e-10 TSX
20180707 20180911 0.00040945 7.1236e-10 TSX
20180729 20181003 0.0001585 7.1236e-10 TSX
20180820 20181003 0.00022392 7.7201e-10 TSX
20180911 20181003 -0.0001801 8.4993e-10 TSX
