20030427 20030914 0.00073327 5.6584e-10 ERS2
20030914 20080629 3.6751e-05 2.7434e-10 ERS2
20050918 20090510 -1.1229e-05 2.9934e-10 ERS2
20051127 20081116 0.00023176 3.2939e-10 ERS2
20060903 20090510 -0.00012781 3.1069e-10 ERS2
20061231 20090105 -2.1362e-05 3.1263e-10 ALOS
20070402 20070703 -0.00015206 6.6638e-10 ALOS
20070518 20091008 -3.9422e-05 2.9872e-10 ALOS
20070818 20071003 -0.00034733 7.7533e-10 ALOS
20071217 20100509 5.8e-06 3.0033e-10 ALOS
20080103 20100526 -9.7304e-05 2.9779e-10 ALOS
20080404 20080520 0.00012835 7.7538e-10 ALOS
20080618 20090921 7.1842e-06 3.7319e-10 ALOS
20080629 20090510 -0.0004768 4.1187e-10 ERS2
20080705 20091008 -8.1774e-05 3.6532e-10 ALOS
20080803 20090823 -5.2473e-05 3.8273e-10 ERS2
20081116 20090823 -9.6935e-06 4.3209e-10 ERS2
20081219 20090921 -4.3914e-05 4.4612e-10 ALOS
20090105 20090708 5.3731e-05 5.2827e-10 ALOS
20090510 20091101 -0.00011622 5.2007e-10 ERS2
20090708 20091008 5.7815e-05 6.6631e-10 ALOS
20090823 20091101 -1.1307e-05 6.9864e-10 ERS2
20091222 20100624 2.7929e-05 5.2519e-10 ALOS
20100108 20100223 0.00017845 7.7551e-10 ALOS
20100223 20100526 -7.3651e-05 6.6639e-10 ALOS
20100410 20100711 -0.00012796 6.6641e-10 ALOS
20100509 20100624 0.00056935 7.7332e-10 ALOS
20100526 20100711 0.00036047 7.7534e-10 ALOS
20100624 20101109 -0.00010893 5.84e-10 ALOS
20100711 20101011 -8.9473e-05 6.6634e-10 ALOS
20100809 20101109 -1.6905e-05 6.6361e-10 ALOS
20101011 20101126 0.00023821 7.7533e-10 ALOS
20110111 20110226 0.00068343 7.7533e-10 ALOS
20110924 20130715 4.9058e-05 3.2328e-10 TSX
20111005 20121229 -4.104e-06 3.6874e-10 TSX
20111121 20171221 2.7102e-05 2.9906e-10 TSX
20111221 20130131 4.2229e-05 3.8547e-10 TSX
20111224 20121027 -4.5031e-06 4.1942e-10 TSX
20120126 20140419 -2.3997e-05 2.9142e-10 TSX
20120203 20160320 4.2435e-05 2.5859e-10 TSX
20120206 20171107 3.0884e-05 2.7551e-10 TSX
20120617 20171129 3.4208e-05 2.7825e-10 TSX
20120723 20160120 3.9911e-05 3.1487e-10 TSX
20121024 20130109 0.00025732 7.0169e-10 TSX
20121027 20151226 3.3655e-06 2.6766e-10 TSX
20121030 20130311 5.8269e-05 5.8467e-10 TSX
20121107 20171118 3.9741e-05 2.6419e-10 TSX
20121221 20160208 2.6863e-05 2.75e-10 TSX
20121224 20130516 -3.7795e-05 5.6849e-10 TSX
20121229 20130407 0.00019071 6.5615e-10 TSX
20130104 20130217 3.4523e-05 7.7323e-10 TSX
20130109 20130715 8.5667e-06 5.2857e-10 TSX
20130112 20140511 -3.2931e-05 3.5459e-10 TSX
20130115 20130721 -0.00017785 5.1395e-10 TSX
20130126 20130823 -0.00016284 5.2531e-10 TSX
20130131 20130429 -4.2919e-05 6.7807e-10 TSX
20130203 20130729 -3.5725e-05 5.2319e-10 TSX
20130211 20130919 -6.6447e-05 4.9594e-10 TSX
20130228 20141209 3.0398e-05 3.133e-10 TSX
20130311 20130801 -3.7588e-05 5.6845e-10 TSX
20130316 20130623 4.1532e-05 6.5616e-10 TSX
20130402 20150122 -0.00013059 3.7169e-10 TSX
20130407 20140530 -4.5969e-05 3.81e-10 TSX
20130421 20171016 2.3831e-05 2.6405e-10 TSX
20130424 20130721 -0.00031149 6.6405e-10 TSX
20130429 20130623 -6.0845e-05 7.5428e-10 TSX
20130505 20131028 -0.00045833 5.9425e-10 TSX
20130513 20151112 4.1222e-06 2.9021e-10 TSX
20130516 20131017 -0.00027078 5.7857e-10 TSX
20130521 20130715 7.564e-05 7.543e-10 TSX
20130524 20171129 3.6334e-05 2.8378e-10 TSX
20130527 20140627 -1.9703e-05 3.8356e-10 TSX
20130601 20130930 -1.8847e-05 6.1703e-10 TSX
20130604 20141217 7.0705e-06 3.382e-10 TSX
20130607 20140719 7.4629e-05 3.8014e-10 TSX
20130612 20150105 -2.9934e-06 3.3817e-10 TSX
20130615 20160106 3.4907e-05 2.783e-10 TSX
20130618 20140708 -2.4203e-05 3.8791e-10 TSX
20130623 20130715 0.0005484 8.6191e-10 TSX
20130629 20130914 0.00013987 6.9543e-10 TSX
20130707 20150130 -1.3946e-05 3.3778e-10 TSX
20130710 20140901 3.479e-05 3.7669e-10 TSX
20130715 20130726 -0.0025081 1.011e-09 TSX
20130721 20131108 0.00076525 6.4019e-10 TSX
20130726 20150517 0.00017908 3.2228e-10 TSX
20130729 20160904 3.1533e-05 2.7584e-10 TSX
20130801 20151115 2.6964e-05 3.0662e-10 TSX
20130817 20140209 0.00010859 5.4098e-10 TSX
20130828 20150312 2.6076e-05 3.4027e-10 TSX
20130903 20150329 -7.0572e-05 3.7489e-10 TSX
20130919 20160309 5.0512e-05 2.8344e-10 TSX
20130925 20140708 5.4967e-05 4.3136e-10 TSX
20130930 20160411 8.1465e-05 2.8668e-10 TSX
20131011 20150802 2.2594e-05 3.2225e-10 TSX
20131017 20140719 4.1395e-05 4.3882e-10 TSX
20131028 20160304 -5.037e-05 3.1477e-10 TSX
20131102 20140519 -0.00011441 5.1713e-10 TSX
20131108 20140708 3.7961e-05 4.6438e-10 TSX
20140209 20160309 -6.1244e-06 3.2039e-10 TSX
20140223 20140829 2.7774e-06 5.1116e-10 TSX
20140408 20140705 -3.9981e-06 6.6141e-10 TSX
20140419 20170913 5.1146e-05 3.1276e-10 TSX
20140511 20141228 5.8746e-05 4.7015e-10 TSX
20140519 20150824 7.9487e-05 3.6658e-10 TSX
20140624 20171005 4.8645e-05 2.813e-10 TSX
20140627 20151115 2.3039e-05 3.5298e-10 TSX
20140705 20180911 2.1655e-05 2.7831e-10 TSX
20140708 20160406 3.7547e-05 3.2843e-10 TSX
20140716 20171005 2.145e-05 2.7951e-10 TSX
20140719 20151207 -2.86e-06 3.4773e-10 TSX
20140727 20150326 7.5821e-06 4.6159e-10 TSX
20140810 20150122 4.6871e-06 5.392e-10 TSX
20140818 20160301 3.4455e-05 3.2815e-10 TSX
20140829 20160208 7.2934e-07 3.353e-10 TSX
20140901 20140912 -0.00031525 9.6769e-10 TSX
20140912 20141209 6.0876e-05 6.6405e-10 TSX
20140920 20170902 2.1312e-05 2.8936e-10 TSX
20141209 20160211 2.1847e-05 3.6605e-10 TSX
20141217 20160722 1.2863e-05 3.3051e-10 TSX
20141228 20160106 -3.1816e-06 3.8332e-10 TSX
20141231 20151024 5.1065e-05 4.2579e-10 TSX
20150105 20150824 3.3712e-05 4.8629e-10 TSX
20150108 20170811 1.9173e-05 2.9538e-10 TSX
20150119 20160117 2.4906e-06 3.8733e-10 TSX
20150127 20160411 4.4789e-05 3.7522e-10 TSX
20150130 20151112 -2.7822e-06 4.2848e-10 TSX
20150210 20170114 3.6946e-05 3.2983e-10 TSX
20150213 20160326 -0.00013798 4.6112e-10 TSX
20150218 20160216 2.0364e-05 4.0323e-10 TSX
20150221 20180112 3.4901e-05 3.3399e-10 TSX
20150304 20180911 -2.7337e-06 3.5096e-10 TSX
20150307 20160211 3.0442e-05 4.012e-10 TSX
20150312 20160320 1.4884e-05 3.9968e-10 TSX
20150326 20150827 -1.0026e-05 5.4962e-10 TSX
20150329 20151207 -1.5068e-05 4.5638e-10 TSX
20150428 20160425 2.2337e-05 3.8851e-10 TSX
20150509 20150827 -9.9974e-05 6.1834e-10 TSX
20150517 20150824 -0.0001442 6.563e-10 TSX
20150520 20180911 -1.4174e-05 3.2794e-10 TSX
20150714 20170822 3.5822e-05 2.9386e-10 TSX
20150725 20170924 2.9472e-05 3.0336e-10 TSX
20150802 20160309 -2.3571e-05 4.9596e-10 TSX
20150805 20160403 3.0101e-05 4.6182e-10 TSX
20150816 20171107 2.9596e-05 3.0069e-10 TSX
20150824 20150915 0.00070873 8.6181e-10 TSX
20150827 20170902 1.6976e-05 3.0585e-10 TSX
20150915 20160216 -0.00013997 5.6832e-10 TSX
20151021 20160904 2.052e-05 4.1233e-10 TSX
20151101 20171016 -7.3654e-06 3.0288e-10 TSX
20151112 20160425 2.1635e-05 5.3617e-10 TSX
20151115 20151229 0.00018088 7.7321e-10 TSX
20151123 20171221 1.2135e-05 3.1026e-10 TSX
20151204 20151215 0.00015232 9.7825e-10 TSX
20151207 20160406 -6.6373e-08 6.0216e-10 TSX
20151215 20170822 4.2508e-05 3.1893e-10 TSX
20151226 20161223 -4.0088e-06 3.9363e-10 TSX
20151229 20160211 8.2659e-06 7.7321e-10 TSX
20160106 20161223 1.6826e-05 3.9824e-10 TSX
20160117 20160926 -2.4841e-06 4.5311e-10 TSX
20160128 20160301 -0.00011289 8.0674e-10 TSX
20160208 20160312 -8.0937e-05 8.0674e-10 TSX
20160216 20160309 -0.00039511 8.6181e-10 TSX
20160219 20180319 2.8412e-05 2.9641e-10 TSX
20160301 20161201 -4.7641e-05 4.3868e-10 TSX
20160304 20160326 0.00010589 8.4857e-10 TSX
20160312 20180319 2.3687e-05 2.9911e-10 TSX
20160320 20160411 0.00043426 8.6182e-10 TSX
20160323 20171118 1.9122e-05 3.1788e-10 TSX
20160326 20160406 -0.00055409 9.6762e-10 TSX
20160403 20171027 1.2567e-05 3.2263e-10 TSX
20160425 20170811 5.1218e-06 3.4691e-10 TSX
20160528 20160630 -4.2315e-05 8.0674e-10 TSX
20160630 20171118 1.7323e-05 3.3866e-10 TSX
20160722 20161201 -5.5864e-06 5.814e-10 TSX
20160904 20180707 -2.4022e-05 3.2174e-10 TSX
20160915 20180911 1.972e-05 3.0048e-10 TSX
20160926 20170114 4.7061e-05 6.1806e-10 TSX
20161201 20171027 1.661e-05 4.069e-10 TSX
20161223 20171107 -1.8389e-05 4.0893e-10 TSX
20170114 20170902 -5.0759e-05 4.686e-10 TSX
20170811 20171005 -5.262e-05 7.4145e-10 TSX
20170822 20180707 -3.6858e-05 4.138e-10 TSX
20170913 20180707 -3.3534e-05 4.2514e-10 TSX
20170924 20180319 1.5474e-05 5.2323e-10 TSX
20171005 20171107 4.5364e-05 8.0674e-10 TSX
20171016 20180319 -1.8522e-06 5.5014e-10 TSX
20171027 20180911 -6.0113e-06 4.1384e-10 TSX
20171107 20171118 6.6962e-05 9.7825e-10 TSX
20171118 20171129 4.5153e-05 9.7825e-10 TSX
20171129 20171221 -3.2432e-05 8.5096e-10 TSX
20171210 20180820 -3.6923e-05 4.5348e-10 TSX
20171221 20180911 5.0691e-05 4.4573e-10 TSX
20180112 20181003 2.6921e-05 4.4565e-10 TSX
20180319 20180707 -6.9569e-05 6.1807e-10 TSX
20180707 20180911 0.00014762 7.1263e-10 TSX
20180729 20181003 -2.9391e-05 7.1263e-10 TSX
20180820 20181003 0.00013115 7.7253e-10 TSX
20180911 20181003 -0.000158 8.5096e-10 TSX
