20030427 20030914 0.00063335 6.3073e-10 ERS2
20030914 20080629 -0.00013741 3.4143e-10 ERS2
20050918 20090510 -2.6485e-05 3.2498e-10 ERS2
20051127 20081116 3.9375e-05 3.2127e-10 ERS2
20060903 20090510 0.00015737 3.432e-10 ERS2
20061231 20090105 1.6121e-05 4.2531e-10 ALOS
20070402 20070703 -9.0109e-05 7.385e-10 ALOS
20070518 20091008 3.3507e-05 4.1853e-10 ALOS
20070818 20071003 -0.00031716 8.1705e-10 ALOS
20071217 20100509 -2.0263e-07 4.0814e-10 ALOS
20080103 20100526 0.00011335 4.1573e-10 ALOS
20080404 20080520 8.7786e-05 8.1733e-10 ALOS
20080618 20090921 -9.133e-05 5.0764e-10 ALOS
20080629 20090510 -0.0009394 4.649e-10 ERS2
20080705 20091008 -5.0731e-05 4.6997e-10 ALOS
20080803 20090823 -0.00010634 4.2045e-10 ERS2
20081116 20090823 -7.6711e-05 4.824e-10 ERS2
20081219 20090921 0.00030239 5.3925e-10 ALOS
20090105 20090708 9.6597e-05 6.1832e-10 ALOS
20090510 20091101 0.00077573 5.8423e-10 ERS2
20090708 20091008 0.00024287 7.4968e-10 ALOS
20090823 20091101 2.3912e-05 7.5033e-10 ERS2
20091222 20100624 0.00017076 6.1628e-10 ALOS
20100108 20100223 0.00026319 8.1733e-10 ALOS
20100223 20100526 0.00011864 7.3845e-10 ALOS
20100410 20100711 -0.00017521 7.3873e-10 ALOS
20100509 20100624 0.0006635 8.1492e-10 ALOS
20100526 20100711 0.00032938 8.2004e-10 ALOS
20100624 20101109 -4.1722e-05 6.7157e-10 ALOS
20100711 20101011 -8.3355e-05 7.3902e-10 ALOS
20100809 20101109 -0.00016617 7.3517e-10 ALOS
20101011 20101126 0.00032329 8.1984e-10 ALOS
20110111 20110226 0.00062837 8.1708e-10 ALOS
20110924 20130715 -2.1085e-05 5.0404e-10 TSX
20111005 20121229 -0.0001624 6.0612e-10 TSX
20111121 20171221 -1.9111e-05 4.3252e-10 TSX
20111221 20130131 1.7409e-05 5.6342e-10 TSX
20111224 20121027 4.649e-05 4.6937e-10 TSX
20120126 20140419 -0.00010881 3.5123e-10 TSX
20120203 20160320 1.0797e-05 5.4176e-10 TSX
20120206 20171107 -8.6801e-05 3.2002e-10 TSX
20120617 20171129 7.1794e-06 2.7835e-10 TSX
20120723 20160120 8.1166e-05 4.466e-10 TSX
20121024 20130109 -4.4126e-06 7.6769e-10 TSX
20121027 20151226 1.6115e-05 3.5904e-10 TSX
20121030 20130311 0.00012705 6.6709e-10 TSX
20121107 20171118 8.7493e-06 2.911e-10 TSX
20121221 20160208 5.5267e-05 3.614e-10 TSX
20121224 20130516 -0.00016697 6.4962e-10 TSX
20121229 20130407 2.2283e-06 7.3208e-10 TSX
20130104 20130217 -4.1825e-06 8.127e-10 TSX
20130109 20130715 0.00014007 6.6026e-10 TSX
20130112 20140511 -6.3087e-05 4.0933e-10 TSX
20130115 20130721 -0.00023959 6.1846e-10 TSX
20130126 20130823 -0.00016937 6.2714e-10 TSX
20130131 20130429 1.2288e-05 7.4936e-10 TSX
20130203 20130729 -0.00011085 5.8929e-10 TSX
20130211 20130919 5.5144e-05 6.209e-10 TSX
20130228 20141209 3.9327e-05 6.0727e-10 TSX
20130311 20130801 -4.4318e-06 6.9287e-10 TSX
20130316 20130623 -4.6969e-05 7.5067e-10 TSX
20130402 20150122 -2.8947e-05 6.0319e-10 TSX
20130407 20140530 9.7388e-06 5.4458e-10 TSX
20130421 20171016 0.00015697 2.7375e-10 TSX
20130424 20130721 -0.00013832 7.3971e-10 TSX
20130429 20130623 -0.00013446 8.0956e-10 TSX
20130505 20131028 -0.00046303 6.6319e-10 TSX
20130513 20151112 4.8013e-05 3.4913e-10 TSX
20130516 20131017 -0.00021525 6.8626e-10 TSX
20130521 20130715 0.00027258 8.0842e-10 TSX
20130524 20171129 2.049e-05 3.3023e-10 TSX
20130527 20140627 -2.2769e-05 5.8576e-10 TSX
20130601 20130930 0.00031339 7.2134e-10 TSX
20130604 20141217 2.0312e-05 4.658e-10 TSX
20130607 20140719 6.0282e-06 5.8649e-10 TSX
20130612 20150105 -2.2739e-06 5.5244e-10 TSX
20130615 20160106 0.00019749 3.8727e-10 TSX
20130618 20140708 -2.6573e-07 5.5371e-10 TSX
20130623 20130715 0.00072493 8.8322e-10 TSX
20130629 20130914 0.00023112 7.5297e-10 TSX
20130707 20150130 3.0476e-06 3.93e-10 TSX
20130710 20140901 -5.2022e-05 4.8837e-10 TSX
20130715 20130726 -0.0025184 1.0255e-09 TSX
20130721 20131108 0.0004746 7.0367e-10 TSX
20130726 20150517 7.5969e-05 5.5259e-10 TSX
20130729 20160904 -2.2478e-05 3.4092e-10 TSX
20130801 20151115 4.4279e-05 5.4366e-10 TSX
20130817 20140209 -2.9836e-05 6.6235e-10 TSX
20130828 20150312 -1.5649e-05 5.1158e-10 TSX
20130903 20150329 -1.9257e-05 4.509e-10 TSX
20130919 20160309 -2.7628e-05 4.5484e-10 TSX
20130925 20140708 -4.4423e-05 5.1093e-10 TSX
20130930 20160411 -3.8173e-05 4.7485e-10 TSX
20131011 20150802 -1.7986e-05 5.2015e-10 TSX
20131017 20140719 6.1082e-05 5.2613e-10 TSX
20131028 20160304 2.277e-05 5.1385e-10 TSX
20131102 20140519 -1.4874e-05 6.2231e-10 TSX
20131108 20140708 0.00010244 5.7209e-10 TSX
20140209 20160309 -2.6151e-05 5.3704e-10 TSX
20140223 20140829 0.00013085 5.7328e-10 TSX
20140408 20140705 -1.0639e-05 7.2062e-10 TSX
20140419 20170913 0.00014293 3.1021e-10 TSX
20140511 20141228 0.0001307 5.2674e-10 TSX
20140519 20150824 -1.4886e-05 5.1579e-10 TSX
20140624 20171005 -2.5716e-07 2.9597e-10 TSX
20140627 20151115 3.6686e-05 5.0169e-10 TSX
20140705 20180911 2.7711e-05 3.0092e-10 TSX
20140708 20160406 3.3632e-05 5.3649e-10 TSX
20140716 20171005 7.5906e-05 3.0773e-10 TSX
20140719 20151207 0.0001004 4.4979e-10 TSX
20140727 20150326 -8.2135e-05 5.1753e-10 TSX
20140810 20150122 4.1008e-05 6.2408e-10 TSX
20140818 20160301 -5.0288e-05 3.5475e-10 TSX
20140829 20160208 -1.1181e-05 3.8197e-10 TSX
20140901 20140912 -0.00029153 9.8049e-10 TSX
20140912 20141209 -1.2926e-05 7.3369e-10 TSX
20140920 20170902 -2.4806e-05 3.0457e-10 TSX
20141209 20160211 1.1226e-06 4.7112e-10 TSX
20141217 20160722 -5.3417e-05 3.526e-10 TSX
20141228 20160106 -8.2475e-05 4.2318e-10 TSX
20141231 20151024 3.2364e-05 5.0652e-10 TSX
20150105 20150824 -4.7524e-05 5.8399e-10 TSX
20150108 20170811 2.7051e-05 3.34e-10 TSX
20150119 20160117 6.9266e-05 4.307e-10 TSX
20150127 20160411 1.1394e-05 5.286e-10 TSX
20150130 20151112 4.5157e-05 4.7715e-10 TSX
20150210 20170114 -6.6068e-05 3.2244e-10 TSX
20150213 20160326 0.00026609 5.9385e-10 TSX
20150218 20160216 6.1817e-06 5.142e-10 TSX
20150221 20180112 -3.6324e-06 2.9278e-10 TSX
20150304 20180911 -8.929e-05 2.8435e-10 TSX
20150307 20160211 -3.3658e-05 4.8703e-10 TSX
20150312 20160320 -4.3057e-05 5.0545e-10 TSX
20150326 20150827 2.8611e-05 6.1534e-10 TSX
20150329 20151207 -1.5535e-05 5.5199e-10 TSX
20150428 20160425 4.0105e-05 4.2644e-10 TSX
20150509 20150827 -3.334e-05 6.822e-10 TSX
20150517 20150824 4.1837e-06 7.3264e-10 TSX
20150520 20180911 -0.00011446 2.6936e-10 TSX
20150714 20170822 -3.2028e-05 3.2319e-10 TSX
20150725 20170924 -9.2864e-05 3.1116e-10 TSX
20150802 20160309 -0.00010234 5.9197e-10 TSX
20150805 20160403 -1.4254e-05 5.161e-10 TSX
20150816 20171107 -7.3154e-06 3.3084e-10 TSX
20150824 20150915 0.00069454 8.8306e-10 TSX
20150827 20170902 -3.6774e-05 3.219e-10 TSX
20150915 20160216 -0.00010474 6.5782e-10 TSX
20151021 20160904 -0.00019774 4.7136e-10 TSX
20151101 20171016 -0.00013315 3.4244e-10 TSX
20151112 20160425 -8.0345e-06 6.0036e-10 TSX
20151115 20151229 0.00013795 8.1259e-10 TSX
20151123 20171221 -2.673e-05 3.4161e-10 TSX
20151204 20151215 0.00015722 9.8936e-10 TSX
20151207 20160406 -9.1456e-05 6.7943e-10 TSX
20151215 20170822 0.00024461 3.4832e-10 TSX
20151226 20161223 -1.9131e-05 4.3475e-10 TSX
20151229 20160211 5.7324e-05 8.126e-10 TSX
20160106 20161223 -7.1647e-05 4.4046e-10 TSX
20160117 20160926 -0.00011731 5.1196e-10 TSX
20160128 20160301 -0.00012179 8.3353e-10 TSX
20160208 20160312 -0.0001444 8.3353e-10 TSX
20160216 20160309 -0.00038698 8.8304e-10 TSX
20160219 20180319 0.0001 3.2727e-10 TSX
20160301 20161201 5.0118e-07 4.9131e-10 TSX
20160304 20160326 5.1807e-05 8.6859e-10 TSX
20160312 20180319 0.00012982 3.2512e-10 TSX
20160320 20160411 0.00038143 8.8305e-10 TSX
20160323 20171118 -3.6921e-05 3.7526e-10 TSX
20160326 20160406 -0.00050303 9.8041e-10 TSX
20160403 20171027 7.3817e-05 3.6266e-10 TSX
20160425 20170811 -1.1415e-05 3.8254e-10 TSX
20160528 20160630 -5.9827e-05 8.3354e-10 TSX
20160630 20171118 4.6373e-06 3.854e-10 TSX
20160722 20161201 0.00013345 6.4633e-10 TSX
20160904 20180707 4.481e-05 4.1003e-10 TSX
20160915 20180911 -3.1541e-05 3.7303e-10 TSX
20160926 20170114 1.5913e-05 6.8537e-10 TSX
20161201 20171027 -4.6111e-05 4.6495e-10 TSX
20161223 20171107 2.0124e-05 4.6314e-10 TSX
20170114 20170902 -7.6252e-05 5.2625e-10 TSX
20170811 20171005 -0.00015651 7.8518e-10 TSX
20170822 20180707 -0.00012136 4.6318e-10 TSX
20170913 20180707 -0.00021187 4.8563e-10 TSX
20170924 20180319 8.9236e-05 5.8707e-10 TSX
20171005 20171107 7.0456e-05 8.3353e-10 TSX
20171016 20180319 0.00014507 6.1476e-10 TSX
20171027 20180911 -0.00016209 4.6093e-10 TSX
20171107 20171118 6.9628e-05 9.8936e-10 TSX
20171118 20171129 6.3479e-05 9.8936e-10 TSX
20171129 20171221 -1.3726e-05 8.689e-10 TSX
20171210 20180820 -0.00016825 5.1184e-10 TSX
20171221 20180911 -0.00023596 5.042e-10 TSX
20180112 20181003 9.8591e-06 5.0414e-10 TSX
20180319 20180707 -0.00033681 6.8164e-10 TSX
20180707 20180911 0.00013702 7.629e-10 TSX
20180729 20181003 -6.9719e-05 7.6289e-10 TSX
20180820 20181003 0.00012755 8.0829e-10 TSX
20180911 20181003 -0.00022193 8.689e-10 TSX
