20030427 20030914 -0.00018781 5.6806e-10 ERS2
20030914 20080629 -0.00014172 2.8497e-10 ERS2
20050918 20090510 5.696e-05 2.9872e-10 ERS2
20051127 20081116 0.00017482 3.1034e-10 ERS2
20060903 20090510 0.00011009 3.1967e-10 ERS2
20061231 20090105 9.4458e-05 3.2302e-10 ALOS
20070402 20070703 0.00032041 6.7981e-10 ALOS
20070518 20091008 -0.0001687 3.2358e-10 ALOS
20070818 20071003 -0.00019767 7.8894e-10 ALOS
20071217 20100509 -5.9486e-05 3.0734e-10 ALOS
20080103 20100526 3.4283e-06 3.1332e-10 ALOS
20080404 20080520 2.7096e-05 7.8885e-10 ALOS
20080618 20090921 4.1903e-05 3.7668e-10 ALOS
20080629 20090510 -0.00068655 4.1656e-10 ERS2
20080705 20091008 1.0529e-05 3.6745e-10 ALOS
20080803 20090823 2.0985e-05 3.8361e-10 ERS2
20081116 20090823 7.8147e-05 4.3318e-10 ERS2
20081219 20090921 0.00013561 4.4975e-10 ALOS
20090105 20090708 0.00017994 5.3781e-10 ALOS
20090510 20091101 0.00031752 5.2231e-10 ERS2
20090708 20091008 0.00028364 6.7907e-10 ALOS
20090823 20091101 0.00036677 7.0576e-10 ERS2
20091222 20100624 7.3677e-05 5.3189e-10 ALOS
20100108 20100223 7.4043e-05 7.8902e-10 ALOS
20100223 20100526 -0.00021518 6.7942e-10 ALOS
20100410 20100711 -0.0001472 6.8174e-10 ALOS
20100509 20100624 0.00069055 7.8629e-10 ALOS
20100526 20100711 0.00044416 7.889e-10 ALOS
20100624 20101109 2.7591e-05 5.9305e-10 ALOS
20100711 20101011 -2.1407e-05 6.795e-10 ALOS
20100809 20101109 -6.5565e-05 6.7564e-10 ALOS
20101011 20101126 0.0002267 7.8889e-10 ALOS
20110111 20110226 0.00051212 7.8884e-10 ALOS
20110924 20130715 1.2191e-05 3.635e-10 TSX
20111005 20121229 -5.4404e-05 4.3215e-10 TSX
20111121 20171221 2.1725e-05 4.0417e-10 TSX
20111221 20130131 2.6879e-05 3.9436e-10 TSX
20111224 20121027 2.7911e-05 4.1944e-10 TSX
20120126 20140419 3.9835e-05 4.4471e-10 TSX
20120203 20160320 9.496e-05 4.2933e-10 TSX
20120206 20171107 -3.6845e-05 4.4529e-10 TSX
20120617 20171129 1.2517e-05 4.0518e-10 TSX
20120723 20160120 0.00010248 4.1035e-10 TSX
20121024 20130109 8.9129e-05 7.1775e-10 TSX
20121027 20151226 -2.9447e-05 3.9616e-10 TSX
20121030 20130311 1.5078e-06 5.913e-10 TSX
20121107 20171118 8.0373e-06 4.1075e-10 TSX
20121221 20160208 -4.6563e-05 4.6062e-10 TSX
20121224 20130516 2.8578e-06 5.745e-10 TSX
20121229 20130407 1.7811e-05 6.703e-10 TSX
20130104 20130217 -1.6866e-05 7.844e-10 TSX
20130109 20130715 0.00020128 5.611e-10 TSX
20130112 20140511 -3.9073e-05 4.2832e-10 TSX
20130115 20130721 -0.00013376 5.3486e-10 TSX
20130126 20130823 -0.00013359 5.7249e-10 TSX
20130131 20130429 1.7557e-05 6.9245e-10 TSX
20130203 20130729 7.0106e-06 5.3004e-10 TSX
20130211 20130919 6.5575e-05 5.196e-10 TSX
20130228 20141209 3.0383e-05 4.2606e-10 TSX
20130311 20130801 -9.2243e-05 5.8129e-10 TSX
20130316 20130623 -0.00011432 6.6988e-10 TSX
20130402 20150122 0.00015065 4.8867e-10 TSX
20130407 20140530 7.1963e-06 3.9863e-10 TSX
20130421 20171016 4.8924e-05 5.1473e-10 TSX
20130424 20130721 -0.00024099 6.7679e-10 TSX
20130429 20130623 -0.0001296 7.694e-10 TSX
20130505 20131028 -0.00038524 5.5984e-10 TSX
20130513 20151112 -7.2483e-05 3.928e-10 TSX
20130516 20131017 -0.0004616 5.8554e-10 TSX
20130521 20130715 0.00016714 7.7059e-10 TSX
20130524 20171129 4.1554e-05 5.4147e-10 TSX
20130527 20140627 -1.175e-05 4.1087e-10 TSX
20130601 20130930 7.7849e-05 6.3463e-10 TSX
20130604 20141217 2.501e-05 4.1387e-10 TSX
20130607 20140719 6.4556e-05 4.0612e-10 TSX
20130612 20150105 2.3388e-05 3.9252e-10 TSX
20130615 20160106 3.2032e-05 4.4066e-10 TSX
20130618 20140708 -3.4273e-05 3.9707e-10 TSX
20130623 20130715 0.000665 8.7254e-10 TSX
20130629 20130914 0.00010089 7.0661e-10 TSX
20130707 20150130 1.106e-05 4.1426e-10 TSX
20130710 20140901 5.4401e-05 3.9641e-10 TSX
20130715 20130726 -0.0024231 1.0199e-09 TSX
20130721 20131108 0.00048916 6.6245e-10 TSX
20130726 20150517 8.934e-05 4.948e-10 TSX
20130729 20160904 4.1442e-06 5.1694e-10 TSX
20130801 20151115 -3.4719e-05 3.4356e-10 TSX
20130817 20140209 -6.2981e-05 5.5731e-10 TSX
20130828 20150312 4.8155e-05 3.6661e-10 TSX
20130903 20150329 -9.7806e-05 3.6934e-10 TSX
20130919 20160309 0.00020354 3.4985e-10 TSX
20130925 20140708 9.9996e-06 4.5959e-10 TSX
20130930 20160411 0.00017034 3.4191e-10 TSX
20131011 20150802 6.9082e-05 3.8274e-10 TSX
20131017 20140719 2.0155e-05 4.4999e-10 TSX
20131028 20160304 -1.341e-05 4.0235e-10 TSX
20131102 20140519 9.0843e-05 5.2386e-10 TSX
20131108 20140708 2.9384e-05 4.8521e-10 TSX
20140209 20160309 5.4772e-05 4.032e-10 TSX
20140223 20140829 7.0472e-05 5.1501e-10 TSX
20140408 20140705 4.8102e-05 6.6791e-10 TSX
20140419 20170913 2.0161e-05 4.4207e-10 TSX
20140511 20141228 2.6485e-05 4.8622e-10 TSX
20140519 20150824 -5.9204e-05 4.3446e-10 TSX
20140624 20171005 9.4297e-05 4.9967e-10 TSX
20140627 20151115 5.4461e-05 3.951e-10 TSX
20140705 20180911 3.9999e-05 4.9587e-10 TSX
20140708 20160406 7.1073e-05 3.8914e-10 TSX
20140716 20171005 -4.4876e-06 4.8837e-10 TSX
20140719 20151207 -1.2842e-05 3.9579e-10 TSX
20140727 20150326 -5.2605e-05 4.6386e-10 TSX
20140810 20150122 5.1725e-05 5.6004e-10 TSX
20140818 20160301 -8.5442e-05 4.4458e-10 TSX
20140829 20160208 3.4747e-05 4.6962e-10 TSX
20140901 20140912 -0.0002733 9.746e-10 TSX
20140912 20141209 -2.6752e-05 6.7392e-10 TSX
20140920 20170902 8.7139e-06 4.0897e-10 TSX
20141209 20160211 -6.4055e-05 4.3487e-10 TSX
20141217 20160722 1.7952e-05 4.1813e-10 TSX
20141228 20160106 -2.5751e-06 4.5237e-10 TSX
20141231 20151024 1.808e-06 4.5436e-10 TSX
20150105 20150824 -5.2533e-07 5.1494e-10 TSX
20150108 20170811 -3.6888e-06 4.8145e-10 TSX
20150119 20160117 1.7917e-05 4.6556e-10 TSX
20150127 20160411 -6.7266e-05 3.9943e-10 TSX
20150130 20151112 -4.3472e-05 4.9647e-10 TSX
20150210 20170114 0.000163 4.9087e-10 TSX
20150213 20160326 0.00028881 4.126e-10 TSX
20150218 20160216 7.4687e-05 4.387e-10 TSX
20150221 20180112 -1.0465e-05 3.9835e-10 TSX
20150304 20180911 5.7006e-05 4.1447e-10 TSX
20150307 20160211 -5.9623e-05 4.3156e-10 TSX
20150312 20160320 -1.0522e-05 4.0886e-10 TSX
20150326 20150827 3.0522e-05 5.7364e-10 TSX
20150329 20151207 -9.5371e-05 4.6398e-10 TSX
20150428 20160425 -1.5862e-05 4.9383e-10 TSX
20150509 20150827 -0.00012092 6.499e-10 TSX
20150517 20150824 -0.00011012 6.7478e-10 TSX
20150520 20180911 -7.3542e-06 4.2581e-10 TSX
20150714 20170822 1.5472e-05 4.5465e-10 TSX
20150725 20170924 -9.8619e-05 3.7569e-10 TSX
20150802 20160309 -9.7779e-05 5.0398e-10 TSX
20150805 20160403 2.8809e-05 4.6895e-10 TSX
20150816 20171107 5.1591e-05 4.9695e-10 TSX
20150824 20150915 0.00067826 8.7243e-10 TSX
20150827 20170902 2.5997e-05 4.627e-10 TSX
20150915 20160216 -4.3565e-05 5.8556e-10 TSX
20151021 20160904 -0.00015472 4.4933e-10 TSX
20151101 20171016 -9.7333e-05 4.3944e-10 TSX
20151112 20160425 -1.3346e-05 5.3927e-10 TSX
20151115 20151229 0.00010977 7.844e-10 TSX
20151123 20171221 5.1333e-05 4.0742e-10 TSX
20151204 20151215 0.0001592 9.8326e-10 TSX
20151207 20160406 8.1676e-06 6.0924e-10 TSX
20151215 20170822 3.5347e-05 4.6719e-10 TSX
20151226 20161223 4.7035e-05 3.9465e-10 TSX
20151229 20160211 -1.8317e-05 7.844e-10 TSX
20160106 20161223 6.6047e-05 3.9882e-10 TSX
20160117 20160926 1.2289e-05 4.6194e-10 TSX
20160128 20160301 -0.00026297 8.1414e-10 TSX
20160208 20160312 -0.00014727 8.1414e-10 TSX
20160216 20160309 -0.00038505 8.7243e-10 TSX
20160219 20180319 4.3232e-05 3.8913e-10 TSX
20160301 20161201 0.0001053 4.4008e-10 TSX
20160304 20160326 5.9636e-05 8.5705e-10 TSX
20160312 20180319 9.0044e-05 4.9606e-10 TSX
20160320 20160411 0.00033729 8.7244e-10 TSX
20160323 20171118 3.9708e-05 4.2088e-10 TSX
20160326 20160406 -0.0005207 9.7452e-10 TSX
20160403 20171027 7.7854e-05 4.2517e-10 TSX
20160425 20170811 3.0049e-05 3.9029e-10 TSX
20160528 20160630 2.8258e-05 8.1414e-10 TSX
20160630 20171118 6.3884e-05 5.2031e-10 TSX
20160722 20161201 0.00015477 5.8669e-10 TSX
20160904 20180707 4.4594e-05 4.6706e-10 TSX
20160915 20180911 4.454e-05 4.5611e-10 TSX
20160926 20170114 5.0001e-05 6.3398e-10 TSX
20161201 20171027 -4.9626e-05 4.7779e-10 TSX
20161223 20171107 -0.00014276 5.1992e-10 TSX
20170114 20170902 9.1064e-05 5.061e-10 TSX
20170811 20171005 -6.076e-05 7.4968e-10 TSX
20170822 20180707 -0.00011301 4.1383e-10 TSX
20170913 20180707 -0.0001435 4.2891e-10 TSX
20170924 20180319 -1.2136e-05 5.251e-10 TSX
20171005 20171107 9.3925e-05 8.1414e-10 TSX
20171016 20180319 1.9572e-05 5.5278e-10 TSX
20171027 20180911 -3.1246e-05 4.1542e-10 TSX
20171107 20171118 6.9184e-05 9.8326e-10 TSX
20171118 20171129 5.8698e-05 9.8326e-10 TSX
20171129 20171221 -1.3938e-05 8.5718e-10 TSX
20171210 20180820 -9.2078e-05 4.5414e-10 TSX
20171221 20180911 -4.6861e-05 4.4846e-10 TSX
20180112 20181003 0.00010528 4.4871e-10 TSX
20180319 20180707 -0.00027588 6.2424e-10 TSX
20180707 20180911 0.00035983 7.2052e-10 TSX
20180729 20181003 0.00012307 7.2052e-10 TSX
20180820 20181003 0.00022942 7.8064e-10 TSX
20180911 20181003 -0.00018301 8.5718e-10 TSX
