20030427 20030914 0.00070516 5.6798e-10 ERS2
20030914 20080629 -9.4933e-05 2.8486e-10 ERS2
20050918 20090510 -1.1675e-05 2.9997e-10 ERS2
20051127 20081116 0.00014007 3.0736e-10 ERS2
20060903 20090510 -0.00013102 3.1266e-10 ERS2
20061231 20090105 -6.1759e-05 3.1268e-10 ALOS
20070402 20070703 -0.00024594 6.6843e-10 ALOS
20070518 20091008 2.8744e-06 2.9839e-10 ALOS
20070818 20071003 -0.00049625 7.7934e-10 ALOS
20071217 20100509 -4.392e-05 2.9852e-10 ALOS
20080103 20100526 -3.095e-05 2.9797e-10 ALOS
20080404 20080520 9.78e-05 7.7935e-10 ALOS
20080618 20090921 -6.1567e-05 3.73e-10 ALOS
20080629 20090510 -0.00024604 4.1224e-10 ERS2
20080705 20091008 -0.00015626 3.649e-10 ALOS
20080803 20090823 -2.4893e-05 3.8381e-10 ERS2
20081116 20090823 2.6809e-05 4.3236e-10 ERS2
20081219 20090921 7.0828e-05 4.4625e-10 ALOS
20090105 20090708 3.1171e-05 5.3106e-10 ALOS
20090510 20091101 0.0011931 5.204e-10 ERS2
20090708 20091008 0.00013941 6.6863e-10 ALOS
20090823 20091101 9.0813e-05 7.0196e-10 ERS2
20091222 20100624 0.00020076 5.2715e-10 ALOS
20100108 20100223 -2.1038e-05 7.7965e-10 ALOS
20100223 20100526 -2.9047e-06 6.6873e-10 ALOS
20100410 20100711 -0.00017168 6.6857e-10 ALOS
20100509 20100624 0.00078101 7.7707e-10 ALOS
20100526 20100711 0.00036019 7.7935e-10 ALOS
20100624 20101109 -0.00023266 5.849e-10 ALOS
20100711 20101011 -0.0003229 6.6849e-10 ALOS
20100809 20101109 -0.0002056 6.6558e-10 ALOS
20101011 20101126 0.00026218 7.7935e-10 ALOS
20110111 20110226 0.0006372 7.7934e-10 ALOS
20110924 20130715 5.0505e-05 3.2279e-10 TSX
20111005 20121229 -1.7937e-05 3.6861e-10 TSX
20111121 20171221 1.5307e-06 2.7043e-10 TSX
20111221 20130131 5.8285e-05 3.8536e-10 TSX
20111224 20121027 1.8163e-06 4.1969e-10 TSX
20120126 20140419 1.9417e-05 2.9294e-10 TSX
20120203 20160320 -1.524e-05 2.4181e-10 TSX
20120206 20171107 -1.374e-06 2.9366e-10 TSX
20120617 20171129 -1.1604e-06 2.7123e-10 TSX
20120723 20160120 2.7748e-05 2.5706e-10 TSX
20121024 20130109 0.0001826 7.05e-10 TSX
20121027 20151226 -7.7387e-06 2.673e-10 TSX
20121030 20130311 2.6434e-05 5.8515e-10 TSX
20121107 20171118 5.4904e-06 2.8342e-10 TSX
20121221 20160208 -2.0541e-05 2.7151e-10 TSX
20121224 20130516 -9.2797e-05 5.6888e-10 TSX
20121229 20130407 4.9151e-05 6.5856e-10 TSX
20130104 20130217 -1.6959e-05 7.764e-10 TSX
20130109 20130715 2.0938e-05 5.2933e-10 TSX
20130112 20140511 4.7268e-06 3.5545e-10 TSX
20130115 20130721 -0.00020235 5.1419e-10 TSX
20130126 20130823 -0.00022789 5.1096e-10 TSX
20130131 20130429 -9.5085e-05 6.8088e-10 TSX
20130203 20130729 -4.6366e-05 5.2382e-10 TSX
20130211 20130919 -4.3667e-05 4.964e-10 TSX
20130228 20141209 1.0238e-05 3.1179e-10 TSX
20130311 20130801 -7.9909e-05 5.6884e-10 TSX
20130316 20130623 2.9812e-05 6.5856e-10 TSX
20130402 20150122 8.2198e-05 3.3151e-10 TSX
20130407 20140530 -6.9351e-06 3.8083e-10 TSX
20130421 20171016 -8.1741e-06 3.1136e-10 TSX
20130424 20130721 -0.00032506 6.6544e-10 TSX
20130429 20130623 -8.9233e-05 7.5843e-10 TSX
20130505 20131028 -0.00068797 5.628e-10 TSX
20130513 20151112 -1.4396e-05 2.8402e-10 TSX
20130516 20131017 -0.00035568 5.6645e-10 TSX
20130521 20130715 0.00016741 7.5845e-10 TSX
20130524 20171129 4.0717e-06 2.8535e-10 TSX
20130527 20140627 -1.8573e-05 3.8327e-10 TSX
20130601 20130930 3.8799e-05 6.1875e-10 TSX
20130604 20141217 -2.6637e-06 3.4007e-10 TSX
20130607 20140719 -8.4715e-06 3.7987e-10 TSX
20130612 20150105 1.741e-05 3.3737e-10 TSX
20130615 20160106 8.5362e-06 2.7919e-10 TSX
20130618 20140708 -4.8663e-05 3.8772e-10 TSX
20130623 20130715 0.0006027 8.6638e-10 TSX
20130629 20130914 0.00033923 6.9064e-10 TSX
20130707 20150130 2.3603e-06 3.3967e-10 TSX
20130710 20140901 -9.9058e-06 3.768e-10 TSX
20130715 20130726 -0.0025842 1.0153e-09 TSX
20130721 20131108 0.00086749 6.2684e-10 TSX
20130726 20150517 0.0001871 3.2105e-10 TSX
20130729 20160904 -9.262e-06 2.7468e-10 TSX
20130801 20151115 2.0582e-05 2.8512e-10 TSX
20130817 20140209 -1.7026e-06 5.4177e-10 TSX
20130828 20150312 1.2663e-05 3.3992e-10 TSX
20130903 20150329 -0.00016915 3.3136e-10 TSX
20130919 20160309 1.9168e-05 2.7557e-10 TSX
20130925 20140708 3.1261e-05 4.3144e-10 TSX
20130930 20160411 2.9095e-05 2.7407e-10 TSX
20131011 20150802 -1.8061e-05 3.195e-10 TSX
20131017 20140719 -3.0679e-05 4.3887e-10 TSX
20131028 20160304 -3.0232e-05 3.264e-10 TSX
20131102 20140519 -0.00017528 5.177e-10 TSX
20131108 20140708 -1.5187e-06 4.6367e-10 TSX
20140209 20160309 -1.5626e-05 3.0421e-10 TSX
20140223 20140829 -1.1759e-05 5.1167e-10 TSX
20140408 20140705 -2.9491e-06 6.6466e-10 TSX
20140419 20170913 3.6703e-06 3.0719e-10 TSX
20140511 20141228 1.5328e-05 4.7047e-10 TSX
20140519 20150824 9.5703e-05 3.6417e-10 TSX
20140624 20171005 1.7728e-06 2.9113e-10 TSX
20140627 20151115 -1.1494e-05 3.3914e-10 TSX
20140705 20180911 8.5466e-06 3.0575e-10 TSX
20140708 20160406 2.0004e-05 3.1207e-10 TSX
20140716 20171005 -2.3948e-05 2.8966e-10 TSX
20140719 20151207 4.9458e-06 3.4005e-10 TSX
20140727 20150326 1.9481e-05 4.6184e-10 TSX
20140810 20150122 1.5916e-05 5.3947e-10 TSX
20140818 20160301 -1.8978e-06 3.2511e-10 TSX
20140829 20160208 -1.1155e-05 3.3111e-10 TSX
20140901 20140912 -0.00031475 9.7106e-10 TSX
20140912 20141209 0.00010372 6.6543e-10 TSX
20140920 20170902 8.5874e-06 2.8709e-10 TSX
20141209 20160211 -6.1854e-07 3.6372e-10 TSX
20141217 20160722 -9.0598e-06 3.1978e-10 TSX
20141228 20160106 -5.6875e-06 3.822e-10 TSX
20141231 20151024 1.1771e-05 4.2506e-10 TSX
20150105 20150824 -2.4554e-05 4.865e-10 TSX
20150108 20170811 9.1933e-06 3.0248e-10 TSX
20150119 20160117 -1.2206e-05 3.8722e-10 TSX
20150127 20160411 6.6178e-05 3.7092e-10 TSX
20150130 20151112 -2.4244e-05 4.2858e-10 TSX
20150210 20170114 1.9446e-06 3.3856e-10 TSX
20150213 20160326 -7.5183e-05 3.9454e-10 TSX
20150218 20160216 2.173e-05 4.0285e-10 TSX
20150221 20180112 9.1461e-06 3.0596e-10 TSX
20150304 20180911 1.2312e-05 3.2078e-10 TSX
20150307 20160211 8.0362e-06 4.0071e-10 TSX
20150312 20160320 1.4268e-05 3.9776e-10 TSX
20150326 20150827 -3.3249e-05 5.5071e-10 TSX
20150329 20151207 -2.3587e-05 4.5494e-10 TSX
20150428 20160425 -1.1678e-05 3.868e-10 TSX
20150509 20150827 -9.5394e-05 6.2014e-10 TSX
20150517 20150824 -0.00026721 6.5857e-10 TSX
20150520 20180911 2.1553e-05 3.022e-10 TSX
20150714 20170822 9.9543e-06 3.0438e-10 TSX
20150725 20170924 -1.1399e-05 3.0485e-10 TSX
20150802 20160309 2.5735e-05 4.9638e-10 TSX
20150805 20160403 2.9676e-05 4.6155e-10 TSX
20150816 20171107 9.6601e-06 3.0441e-10 TSX
20150824 20150915 0.00067824 8.6628e-10 TSX
20150827 20170902 1.3953e-05 3.0617e-10 TSX
20150915 20160216 -6.0727e-05 5.6927e-10 TSX
20151021 20160904 -2.5723e-06 4.1273e-10 TSX
20151101 20171016 -1.0884e-05 3.0914e-10 TSX
20151112 20160425 -1.3142e-05 5.3694e-10 TSX
20151115 20151229 0.00020468 7.764e-10 TSX
20151123 20171221 -4.4865e-06 3.017e-10 TSX
20151204 20151215 0.00013079 9.8293e-10 TSX
20151207 20160406 1.4421e-06 6.0278e-10 TSX
20151215 20170822 4.5178e-06 3.2469e-10 TSX
20151226 20161223 2.0748e-06 3.9415e-10 TSX
20151229 20160211 1.3693e-05 7.764e-10 TSX
20160106 20161223 1.7197e-05 3.9878e-10 TSX
20160117 20160926 -2.7896e-05 4.5332e-10 TSX
20160128 20160301 -0.00013965 8.1236e-10 TSX
20160208 20160312 -6.721e-05 8.1236e-10 TSX
20160216 20160309 -0.00043945 8.6628e-10 TSX
20160219 20180319 -2.1347e-06 3.0108e-10 TSX
20160301 20161201 -2.1849e-05 4.3891e-10 TSX
20160304 20160326 8.7087e-05 8.5207e-10 TSX
20160312 20180319 1.18e-05 3.029e-10 TSX
20160320 20160411 0.0004217 8.6629e-10 TSX
20160323 20171118 -6.4699e-06 3.1779e-10 TSX
20160326 20160406 -0.00057048 9.7099e-10 TSX
20160403 20171027 -8.7805e-06 3.2236e-10 TSX
20160425 20170811 -4.0253e-06 3.4664e-10 TSX
20160528 20160630 -6.2088e-05 8.1236e-10 TSX
20160630 20171118 7.3796e-06 3.3957e-10 TSX
20160722 20161201 3.3164e-05 5.8279e-10 TSX
20160904 20180707 9.8891e-06 3.2535e-10 TSX
20160915 20180911 3.9321e-05 3.0238e-10 TSX
20160926 20170114 6.2733e-05 6.2019e-10 TSX
20161201 20171027 4.2485e-06 4.0706e-10 TSX
20161223 20171107 -1.7e-05 4.0932e-10 TSX
20170114 20170902 -3.8487e-05 4.743e-10 TSX
20170811 20171005 -4.1142e-05 7.4668e-10 TSX
20170822 20180707 4.1783e-05 4.1414e-10 TSX
20170913 20180707 2.0894e-05 4.2528e-10 TSX
20170924 20180319 6.927e-05 5.239e-10 TSX
20171005 20171107 4.1111e-05 8.1236e-10 TSX
20171016 20180319 5.1982e-05 5.5107e-10 TSX
20171027 20180911 6.764e-05 4.1418e-10 TSX
20171107 20171118 6.4107e-05 9.8293e-10 TSX
20171118 20171129 5.4189e-05 9.8293e-10 TSX
20171129 20171221 -3.3608e-05 8.5619e-10 TSX
20171210 20180820 5.1242e-05 4.5371e-10 TSX
20171221 20180911 0.00012096 4.4612e-10 TSX
20180112 20181003 3.0327e-05 4.4603e-10 TSX
20180319 20180707 -8.0499e-06 6.202e-10 TSX
20180707 20180911 0.00015109 7.1726e-10 TSX
20180729 20181003 -6.3977e-05 7.1726e-10 TSX
20180820 20181003 8.6572e-05 7.7815e-10 TSX
20180911 20181003 -0.00018167 8.562e-10 TSX
