20030427 20030914 0.00070783 7.1851e-10 ERS2
20030914 20080629 7.4434e-05 4.8942e-10 ERS2
20050918 20090510 -1.3321e-05 5.798e-10 ERS2
20051127 20081116 0.00011694 5.2689e-10 ERS2
20060903 20090510 -4.1532e-06 5.9893e-10 ERS2
20061231 20090105 7.7957e-06 3.9547e-10 ALOS
20070402 20070703 -2.7623e-05 7.3539e-10 ALOS
20070518 20091008 -4.5308e-05 3.8083e-10 ALOS
20070818 20071003 -0.00038277 8.1936e-10 ALOS
20071217 20100509 -0.00011772 3.8667e-10 ALOS
20080103 20100526 -9.1529e-05 3.7977e-10 ALOS
20080404 20080520 -8.188e-06 8.1936e-10 ALOS
20080618 20090921 -0.00014073 4.6032e-10 ALOS
20080629 20090510 -0.00011445 6.351e-10 ERS2
20080705 20091008 -6.6205e-05 4.4524e-10 ALOS
20080803 20090823 2.3547e-05 5.7558e-10 ERS2
20081116 20090823 3.9499e-05 6.5632e-10 ERS2
20081219 20090921 0.00062569 5.2599e-10 ALOS
20090105 20090708 0.00016807 6.0307e-10 ALOS
20090510 20091101 -0.00024266 6.8432e-10 ERS2
20090708 20091008 0.00096195 7.3549e-10 ALOS
20090823 20091101 0.00089153 7.9408e-10 ERS2
20091222 20100624 0.00067759 6.0115e-10 ALOS
20100108 20100223 0.00062568 8.194e-10 ALOS
20100223 20100526 -0.00017639 7.3543e-10 ALOS
20100410 20100711 -7.5577e-05 7.3548e-10 ALOS
20100509 20100624 0.00076498 8.1777e-10 ALOS
20100526 20100711 0.00060086 8.1937e-10 ALOS
20100624 20101109 0.00019061 6.6084e-10 ALOS
20100711 20101011 0.00015013 7.3555e-10 ALOS
20100809 20101109 8.5927e-06 7.3334e-10 ALOS
20101011 20101126 0.00025978 8.1937e-10 ALOS
20110111 20110226 0.00086819 8.1936e-10 ALOS
20110924 20130715 3.909e-05 4.0131e-10 TSX
20111005 20121229 -4.3858e-05 4.4458e-10 TSX
20111121 20171221 -1.6873e-05 5.1141e-10 TSX
20111221 20130131 -5.2576e-05 4.6208e-10 TSX
20111224 20121027 6.0439e-06 6.1687e-10 TSX
20120126 20140419 5.4985e-06 5.2579e-10 TSX
20120203 20160320 -1.5929e-06 3.1884e-10 TSX
20120206 20171107 -7.7675e-06 5.1156e-10 TSX
20120617 20171129 -2.6077e-05 5.2149e-10 TSX
20120723 20160120 -8.2353e-05 3.5813e-10 TSX
20121024 20130109 -6.2932e-05 7.652e-10 TSX
20121027 20151226 -4.056e-06 5.0596e-10 TSX
20121030 20130311 -4.8298e-05 6.6456e-10 TSX
20121107 20171118 -4.1335e-06 5.2024e-10 TSX
20121221 20160208 1.8984e-06 5.1952e-10 TSX
20121224 20130516 8.2227e-05 6.4922e-10 TSX
20121229 20130407 -3.4257e-06 7.2673e-10 TSX
20130104 20130217 8.3068e-05 8.1779e-10 TSX
20130109 20130715 0.0002638 6.0267e-10 TSX
20130112 20140511 1.2922e-05 5.7325e-10 TSX
20130115 20130721 -6.8297e-05 5.9485e-10 TSX
20130126 20130823 -0.00013027 5.7052e-10 TSX
20130131 20130429 8.5219e-05 7.457e-10 TSX
20130203 20130729 3.1515e-05 6.8788e-10 TSX
20130211 20130919 0.00016049 5.707e-10 TSX
20130228 20141209 1.0536e-05 4.077e-10 TSX
20130311 20130801 -5.1232e-06 6.4915e-10 TSX
20130316 20130623 -6.8746e-05 7.2673e-10 TSX
20130402 20150122 1.2351e-06 3.7448e-10 TSX
20130407 20140530 0.00010479 4.5739e-10 TSX
20130421 20171016 -3.4955e-06 5.2678e-10 TSX
20130424 20130721 -0.00023884 7.354e-10 TSX
20130429 20130623 -0.00017128 8.0502e-10 TSX
20130505 20131028 -0.00060364 6.0563e-10 TSX
20130513 20151112 4.0991e-06 5.1496e-10 TSX
20130516 20131017 -0.00018721 6.3272e-10 TSX
20130521 20130715 0.00028324 8.0506e-10 TSX
20130524 20171129 -2.0402e-06 5.1792e-10 TSX
20130527 20140627 -9.2746e-05 4.7903e-10 TSX
20130601 20130930 0.00018958 6.9091e-10 TSX
20130604 20141217 1.2116e-06 5.6414e-10 TSX
20130607 20140719 6.8974e-05 4.7599e-10 TSX
20130612 20150105 -5.5566e-05 4.149e-10 TSX
20130615 20160106 2.1616e-05 5.1572e-10 TSX
20130618 20140708 -1.9965e-05 4.8306e-10 TSX
20130623 20130715 0.00072308 8.8472e-10 TSX
20130629 20130914 0.00018569 7.5539e-10 TSX
20130707 20150130 -2.481e-05 5.6502e-10 TSX
20130710 20140901 5.7497e-05 4.7305e-10 TSX
20130715 20130726 -0.0024501 1.0267e-09 TSX
20130721 20131108 0.0009074 6.9746e-10 TSX
20130726 20150517 -8.9859e-05 3.9906e-10 TSX
20130729 20160904 -2.7101e-05 5.3022e-10 TSX
20130801 20151115 8.8543e-06 3.8163e-10 TSX
20130817 20140209 -0.0001195 6.1569e-10 TSX
20130828 20150312 4.3613e-05 4.1735e-10 TSX
20130903 20150329 -0.00017673 3.8939e-10 TSX
20130919 20160309 -2.4765e-05 3.4733e-10 TSX
20130925 20140708 -3.9843e-05 5.1311e-10 TSX
20130930 20160411 -6.055e-05 3.4494e-10 TSX
20131011 20150802 -5.425e-06 3.9591e-10 TSX
20131017 20140719 -0.00013108 5.2085e-10 TSX
20131028 20160304 -0.00011017 3.4459e-10 TSX
20131102 20140519 0.00016192 5.9232e-10 TSX
20131108 20140708 -5.8651e-05 5.4343e-10 TSX
20140209 20160309 -1.1152e-05 3.8202e-10 TSX
20140223 20140829 2.4281e-05 6.788e-10 TSX
20140408 20140705 4.4006e-06 7.8154e-10 TSX
20140419 20170913 5.6848e-06 5.1528e-10 TSX
20140511 20141228 3.4624e-05 6.4978e-10 TSX
20140519 20150824 -0.00010687 4.3985e-10 TSX
20140624 20171005 -1.8514e-05 5.2563e-10 TSX
20140627 20151115 5.6793e-05 4.3011e-10 TSX
20140705 20180911 -1.7093e-05 5.1519e-10 TSX
20140708 20160406 3.63e-05 4.0623e-10 TSX
20140716 20171005 5.9909e-06 5.1568e-10 TSX
20140719 20151207 -1.6596e-05 4.3132e-10 TSX
20140727 20150326 -3.3109e-05 6.4492e-10 TSX
20140810 20150122 -5.5359e-05 6.192e-10 TSX
20140818 20160301 -4.9396e-06 5.4395e-10 TSX
20140829 20160208 -4.806e-06 5.4627e-10 TSX
20140901 20140912 -0.00027282 9.8287e-10 TSX
20140912 20141209 -0.00010079 7.3539e-10 TSX
20140920 20170902 2.4373e-05 5.1237e-10 TSX
20141209 20160211 -7.2165e-06 4.5316e-10 TSX
20141217 20160722 9.9449e-06 5.4081e-10 TSX
20141228 20160106 -9.1657e-07 5.7979e-10 TSX
20141231 20151024 7.7204e-05 5.1162e-10 TSX
20150105 20150824 -1.9308e-05 5.602e-10 TSX
20150108 20170811 -2.0301e-05 5.2311e-10 TSX
20150119 20160117 6.3005e-05 5.8416e-10 TSX
20150127 20160411 -5.5084e-06 4.4571e-10 TSX
20150130 20151112 4.4677e-05 6.1295e-10 TSX
20150210 20170114 4.3247e-06 5.4167e-10 TSX
20150213 20160326 0.00022424 4.5548e-10 TSX
20150218 20160216 3.0879e-06 4.7815e-10 TSX
20150221 20180112 2.018e-05 5.3671e-10 TSX
20150304 20180911 -7.2939e-06 5.0708e-10 TSX
20150307 20160211 -9.8899e-06 4.8857e-10 TSX
20150312 20160320 -1.1904e-07 4.7363e-10 TSX
20150326 20150827 4.8405e-05 7.0753e-10 TSX
20150329 20151207 -5.16e-06 5.3975e-10 TSX
20150428 20160425 -7.1571e-06 5.8328e-10 TSX
20150509 20150827 4.6117e-05 7.5282e-10 TSX
20150517 20150824 0.00013659 7.2673e-10 TSX
20150520 20180911 1.5597e-05 5.1398e-10 TSX
20150714 20170822 7.8594e-07 5.4182e-10 TSX
20150725 20170924 6.4884e-06 5.3785e-10 TSX
20150802 20160309 -0.00015977 5.7074e-10 TSX
20150805 20160403 -3.6765e-05 6.4318e-10 TSX
20150816 20171107 -4.0693e-07 5.4188e-10 TSX
20150824 20150915 0.00069437 8.846e-10 TSX
20150827 20170902 1.3198e-05 5.4882e-10 TSX
20150915 20160216 -0.00016872 6.4323e-10 TSX
20151021 20160904 -3.0684e-05 6.1136e-10 TSX
20151101 20171016 -3.1011e-06 5.3335e-10 TSX
20151112 20160425 -6.5763e-05 6.9727e-10 TSX
20151115 20151229 0.00011834 8.1778e-10 TSX
20151123 20171221 -1.79e-05 5.3935e-10 TSX
20151204 20151215 0.00016046 9.9726e-10 TSX
20151207 20160406 -0.00013072 6.8063e-10 TSX
20151215 20170822 -3.4241e-06 5.5797e-10 TSX
20151226 20161223 3.0203e-05 5.9924e-10 TSX
20151229 20160211 3.6709e-05 8.1778e-10 TSX
20160106 20161223 3.4999e-05 6.027e-10 TSX
20160117 20160926 -5.8519e-06 6.3722e-10 TSX
20160128 20160301 -0.00018474 8.5393e-10 TSX
20160208 20160312 -9.0084e-05 8.5393e-10 TSX
20160216 20160309 -0.00041579 8.846e-10 TSX
20160219 20180319 -1.3592e-05 5.4854e-10 TSX
20160301 20161201 2.1891e-05 6.2965e-10 TSX
20160304 20160326 2.3595e-05 8.7195e-10 TSX
20160312 20180319 -1.4243e-05 5.519e-10 TSX
20160320 20160411 0.00033509 8.8461e-10 TSX
20160323 20171118 -1.4305e-05 5.4966e-10 TSX
20160326 20160406 -0.00044847 9.8284e-10 TSX
20160403 20171027 8.7901e-07 5.6043e-10 TSX
20160425 20170811 -6.7744e-06 5.6679e-10 TSX
20160528 20160630 -2.586e-06 8.5393e-10 TSX
20160630 20171118 -1.3884e-05 5.6445e-10 TSX
20160722 20161201 5.359e-05 7.3069e-10 TSX
20160904 20180707 2.8538e-06 5.6644e-10 TSX
20160915 20180911 -1.047e-05 5.4627e-10 TSX
20160926 20170114 4.3012e-06 7.5539e-10 TSX
20161201 20171027 1.5165e-06 6.0625e-10 TSX
20161223 20171107 -3.5773e-05 6.0101e-10 TSX
20170114 20170902 1.9987e-05 6.474e-10 TSX
20170811 20171005 -3.7691e-05 8.223e-10 TSX
20170822 20180707 2.3152e-05 6.1353e-10 TSX
20170913 20180707 -3.708e-06 6.2035e-10 TSX
20170924 20180319 8.1585e-06 6.8799e-10 TSX
20171005 20171107 4.3019e-05 8.5393e-10 TSX
20171016 20180319 -5.8159e-07 7.0818e-10 TSX
20171027 20180911 1.3205e-05 6.1336e-10 TSX
20171107 20171118 7.4499e-05 9.9726e-10 TSX
20171118 20171129 5.244e-05 9.9726e-10 TSX
20171129 20171221 -1.9925e-05 8.8196e-10 TSX
20171210 20180820 1.5036e-05 6.3946e-10 TSX
20171221 20180911 6.284e-05 6.384e-10 TSX
20180112 20181003 -6.5751e-06 6.3391e-10 TSX
20180319 20180707 -6.235e-05 7.5543e-10 TSX
20180707 20180911 0.00021558 8.0888e-10 TSX
20180729 20181003 4.2621e-05 8.0888e-10 TSX
20180820 20181003 0.00014552 8.3695e-10 TSX
20180911 20181003 -0.00015904 8.8208e-10 TSX
