20030427 20030914 0.00037661 6.2944e-10 ERS2
20030914 20080629 -0.00014829 2.995e-10 ERS2
20050918 20090510 -8.329e-05 3.1916e-10 ERS2
20051127 20081116 7.0573e-05 3.2182e-10 ERS2
20060903 20090510 0.00016719 3.2012e-10 ERS2
20061231 20090105 2.0946e-06 4.2775e-10 ALOS
20070402 20070703 -0.00012596 7.3876e-10 ALOS
20070518 20091008 -3.4151e-05 4.1168e-10 ALOS
20070818 20071003 -0.00031113 8.172e-10 ALOS
20071217 20100509 -3.433e-05 4.0522e-10 ALOS
20080103 20100526 7.9272e-05 4.3994e-10 ALOS
20080404 20080520 8.4821e-05 8.1831e-10 ALOS
20080618 20090921 -2.7136e-05 5.3564e-10 ALOS
20080629 20090510 -0.001058 4.584e-10 ERS2
20080705 20091008 -4.7737e-05 4.6984e-10 ALOS
20080803 20090823 -0.00017477 4.2338e-10 ERS2
20081116 20090823 6.0139e-05 4.8163e-10 ERS2
20081219 20090921 0.00029704 5.4027e-10 ALOS
20090105 20090708 8.0641e-05 6.2015e-10 ALOS
20090510 20091101 0.00088197 5.8296e-10 ERS2
20090708 20091008 0.00027988 7.5281e-10 ALOS
20090823 20091101 7.4989e-06 7.5037e-10 ERS2
20091222 20100624 0.00030145 6.3139e-10 ALOS
20100108 20100223 0.00030496 8.1822e-10 ALOS
20100223 20100526 0.00011021 7.3897e-10 ALOS
20100410 20100711 -0.00013775 7.4054e-10 ALOS
20100509 20100624 0.00069499 8.1515e-10 ALOS
20100526 20100711 0.00034201 8.2236e-10 ALOS
20100624 20101109 -4.5626e-05 6.8826e-10 ALOS
20100711 20101011 -4.687e-05 7.42e-10 ALOS
20100809 20101109 -0.00017808 7.3531e-10 ALOS
20101011 20101126 0.00029099 8.2218e-10 ALOS
20110111 20110226 0.0006152 8.1731e-10 ALOS
20110924 20130715 -2.3889e-06 4.73e-10 TSX
20111005 20121229 -0.00016571 5.537e-10 TSX
20111121 20171221 -2.9424e-05 4.7321e-10 TSX
20111221 20130131 1.8576e-07 5.0993e-10 TSX
20111224 20121027 1.699e-05 4.8923e-10 TSX
20120126 20140419 -7.3567e-05 3.5242e-10 TSX
20120203 20160320 -4.2867e-06 4.6065e-10 TSX
20120206 20171107 -7.6187e-05 4.4652e-10 TSX
20120617 20171129 -6.2864e-06 3.2737e-10 TSX
20120723 20160120 4.2046e-05 5.3969e-10 TSX
20121024 20130109 -3.9607e-07 7.6725e-10 TSX
20121027 20151226 8.2193e-06 4.6869e-10 TSX
20121030 20130311 0.00011293 6.6446e-10 TSX
20121107 20171118 1.4834e-05 4.0073e-10 TSX
20121221 20160208 7.6436e-05 3.8298e-10 TSX
20121224 20130516 -0.00024939 6.4951e-10 TSX
20121229 20130407 -4.7132e-05 7.3326e-10 TSX
20130104 20130217 -1.6485e-05 8.1281e-10 TSX
20130109 20130715 0.00011374 6.6355e-10 TSX
20130112 20140511 -7.1836e-05 4.212e-10 TSX
20130115 20130721 -0.00015731 6.1418e-10 TSX
20130126 20130823 -0.00021411 6.0993e-10 TSX
20130131 20130429 1.3255e-05 7.4933e-10 TSX
20130203 20130729 -9.6685e-05 6.1441e-10 TSX
20130211 20130919 4.4467e-05 6.0019e-10 TSX
20130228 20141209 6.4302e-05 5.036e-10 TSX
20130311 20130801 8.765e-06 6.6787e-10 TSX
20130316 20130623 -5.8902e-05 7.373e-10 TSX
20130402 20150122 -0.00010442 4.6752e-10 TSX
20130407 20140530 -2.7551e-05 4.9159e-10 TSX
20130421 20171016 0.0001223 3.4736e-10 TSX
20130424 20130721 -0.00017261 7.4246e-10 TSX
20130429 20130623 -0.00014623 8.0614e-10 TSX
20130505 20131028 -0.00048814 6.2796e-10 TSX
20130513 20151112 4.0881e-05 3.5918e-10 TSX
20130516 20131017 -0.00020558 6.4836e-10 TSX
20130521 20130715 0.00027002 8.0691e-10 TSX
20130524 20171129 2.403e-05 3.2677e-10 TSX
20130527 20140627 -5.3086e-05 5.2204e-10 TSX
20130601 20130930 0.00034062 7.0744e-10 TSX
20130604 20141217 6.8366e-06 4.2752e-10 TSX
20130607 20140719 1.3274e-05 4.976e-10 TSX
20130612 20150105 -1.2959e-05 5.3232e-10 TSX
20130615 20160106 0.00017723 4.6636e-10 TSX
20130618 20140708 2.3796e-05 5.1136e-10 TSX
20130623 20130715 0.00071852 8.8334e-10 TSX
20130629 20130914 0.00023486 7.518e-10 TSX
20130707 20150130 2.4608e-05 4.1506e-10 TSX
20130710 20140901 -2.9581e-05 4.857e-10 TSX
20130715 20130726 -0.0025213 1.0256e-09 TSX
20130721 20131108 0.00046449 6.9784e-10 TSX
20130726 20150517 5.3617e-05 5.019e-10 TSX
20130729 20160904 -1.6127e-05 3.5095e-10 TSX
20130801 20151115 2.2084e-05 4.4061e-10 TSX
20130817 20140209 -3.8173e-06 6.3524e-10 TSX
20130828 20150312 -3.7653e-05 4.7529e-10 TSX
20130903 20150329 -6.4055e-05 4.3174e-10 TSX
20130919 20160309 -2.2796e-05 4.7123e-10 TSX
20130925 20140708 -5.4648e-05 5.1754e-10 TSX
20130930 20160411 -4.0615e-05 4.5012e-10 TSX
20131011 20150802 -2.2938e-06 4.7298e-10 TSX
20131017 20140719 2.6875e-05 5.2311e-10 TSX
20131028 20160304 3.7866e-05 4.9834e-10 TSX
20131102 20140519 -8.569e-07 6.1742e-10 TSX
20131108 20140708 9.6503e-05 5.547e-10 TSX
20140209 20160309 -3.7145e-06 4.6661e-10 TSX
20140223 20140829 0.00015214 5.754e-10 TSX
20140408 20140705 -1.9818e-05 7.2058e-10 TSX
20140419 20170913 4.9772e-05 3.1745e-10 TSX
20140511 20141228 0.00014801 5.2989e-10 TSX
20140519 20150824 -3.9813e-05 4.8703e-10 TSX
20140624 20171005 3.6026e-05 3.2776e-10 TSX
20140627 20151115 1.6358e-06 4.7119e-10 TSX
20140705 20180911 -4.8456e-06 3.5456e-10 TSX
20140708 20160406 1.5351e-05 4.5773e-10 TSX
20140716 20171005 0.00011822 3.8947e-10 TSX
20140719 20151207 7.4317e-05 4.3771e-10 TSX
20140727 20150326 -8.9352e-05 5.1948e-10 TSX
20140810 20150122 -1.184e-06 6.2613e-10 TSX
20140818 20160301 -2.6491e-05 3.8928e-10 TSX
20140829 20160208 -1.1213e-05 4.0163e-10 TSX
20140901 20140912 -0.00029205 9.8062e-10 TSX
20140912 20141209 -2.1003e-05 7.3196e-10 TSX
20140920 20170902 -0.00010597 3.3776e-10 TSX
20141209 20160211 3.8037e-06 4.4856e-10 TSX
20141217 20160722 -3.8814e-05 3.7287e-10 TSX
20141228 20160106 -7.2619e-05 4.3383e-10 TSX
20141231 20151024 1.9221e-05 5.0711e-10 TSX
20150105 20150824 -4.1299e-05 5.8596e-10 TSX
20150108 20170811 3.391e-05 3.5498e-10 TSX
20150119 20160117 6.6095e-05 4.4358e-10 TSX
20150127 20160411 -5.65e-07 4.8952e-10 TSX
20150130 20151112 4.8992e-05 4.9149e-10 TSX
20150210 20170114 -5.4856e-05 3.7726e-10 TSX
20150213 20160326 6.3511e-05 5.321e-10 TSX
20150218 20160216 -6.2279e-06 5.0968e-10 TSX
20150221 20180112 -3.2761e-05 4.379e-10 TSX
20150304 20180911 -6.5315e-05 3.467e-10 TSX
20150307 20160211 -3.5915e-05 4.8527e-10 TSX
20150312 20160320 -3.2731e-05 5.0294e-10 TSX
20150326 20150827 1.9706e-05 6.1461e-10 TSX
20150329 20151207 -9.2483e-06 5.3962e-10 TSX
20150428 20160425 4.2601e-05 4.4117e-10 TSX
20150509 20150827 -4.8738e-05 6.822e-10 TSX
20150517 20150824 -7.9772e-06 7.324e-10 TSX
20150520 20180911 -5.4317e-05 3.6882e-10 TSX
20150714 20170822 1.4866e-06 3.5345e-10 TSX
20150725 20170924 -8.6861e-05 3.9971e-10 TSX
20150802 20160309 -8.4924e-05 5.9154e-10 TSX
20150805 20160403 2.2361e-05 5.2225e-10 TSX
20150816 20171107 -8.613e-06 3.6248e-10 TSX
20150824 20150915 0.00068795 8.8317e-10 TSX
20150827 20170902 -6.094e-05 4.0757e-10 TSX
20150915 20160216 -9.4457e-05 6.5744e-10 TSX
20151021 20160904 -0.00017641 4.6884e-10 TSX
20151101 20171016 -0.00013519 3.4326e-10 TSX
20151112 20160425 -1.497e-05 6.002e-10 TSX
20151115 20151229 0.0001459 8.1272e-10 TSX
20151123 20171221 -5.7204e-06 3.7454e-10 TSX
20151204 20151215 0.0001591 9.8949e-10 TSX
20151207 20160406 -0.00010425 6.7941e-10 TSX
20151215 20170822 0.00020148 3.7739e-10 TSX
20151226 20161223 -3.5262e-06 4.4233e-10 TSX
20151229 20160211 5.0941e-05 8.1273e-10 TSX
20160106 20161223 -4.4138e-05 4.4296e-10 TSX
20160117 20160926 -0.00013377 5.2162e-10 TSX
20160128 20160301 -0.00012004 8.337e-10 TSX
20160208 20160312 -0.00015075 8.337e-10 TSX
20160216 20160309 -0.00038301 8.8317e-10 TSX
20160219 20180319 8.107e-05 3.9781e-10 TSX
20160301 20161201 3.8639e-07 4.9098e-10 TSX
20160304 20160326 4.829e-05 8.6872e-10 TSX
20160312 20180319 0.00010758 4.1652e-10 TSX
20160320 20160411 0.00038096 8.8317e-10 TSX
20160323 20171118 -2.5395e-05 3.7458e-10 TSX
20160326 20160406 -0.00050299 9.8054e-10 TSX
20160403 20171027 4.7392e-05 3.7798e-10 TSX
20160425 20170811 0.00011907 4.2936e-10 TSX
20160528 20160630 -6.002e-05 8.337e-10 TSX
20160630 20171118 6.384e-05 4.1329e-10 TSX
20160722 20161201 0.00011449 6.4667e-10 TSX
20160904 20180707 4.9967e-05 3.7733e-10 TSX
20160915 20180911 -3.2269e-05 3.7622e-10 TSX
20160926 20170114 -2.5437e-05 6.9399e-10 TSX
20161201 20171027 -5.2193e-05 4.751e-10 TSX
20161223 20171107 8.7487e-05 4.7383e-10 TSX
20170114 20170902 -6.6253e-05 5.4765e-10 TSX
20170811 20171005 -0.00016607 7.8531e-10 TSX
20170822 20180707 -0.00013327 4.6217e-10 TSX
20170913 20180707 -0.00016876 5.0039e-10 TSX
20170924 20180319 7.7486e-05 5.8665e-10 TSX
20171005 20171107 6.8029e-05 8.337e-10 TSX
20171016 20180319 0.00013428 6.1482e-10 TSX
20171027 20180911 -0.00015777 4.626e-10 TSX
20171107 20171118 7.0278e-05 9.8949e-10 TSX
20171118 20171129 6.3121e-05 9.8949e-10 TSX
20171129 20171221 -6.5945e-06 8.6904e-10 TSX
20171210 20180820 -0.00017995 5.0972e-10 TSX
20171221 20180911 -0.00027748 5.0474e-10 TSX
20180112 20181003 7.5874e-06 5.0099e-10 TSX
20180319 20180707 -0.00032355 6.818e-10 TSX
20180707 20180911 0.00013658 7.63e-10 TSX
20180729 20181003 -5.1154e-05 7.63e-10 TSX
20180820 20181003 0.00014032 8.0845e-10 TSX
20180911 20181003 -0.00021422 8.6905e-10 TSX
