20030427 20030914 0.00044325 5.6824e-10 ERS2
20030914 20080629 -0.00014476 2.6694e-10 ERS2
20050918 20090510 -8.3658e-06 2.9777e-10 ERS2
20051127 20081116 -1.7461e-05 3.1933e-10 ERS2
20060903 20090510 -0.00018848 3.1272e-10 ERS2
20061231 20090105 -1.1026e-05 3.1333e-10 ALOS
20070402 20070703 -0.00019012 6.6646e-10 ALOS
20070518 20091008 -2.5911e-05 2.9806e-10 ALOS
20070818 20071003 -0.00046846 7.7581e-10 ALOS
20071217 20100509 -1.1997e-05 2.9943e-10 ALOS
20080103 20100526 -1.4244e-05 3.0114e-10 ALOS
20080404 20080520 5.4407e-05 7.7581e-10 ALOS
20080618 20090921 -4.0706e-05 3.7217e-10 ALOS
20080629 20090510 -0.00018498 4.1264e-10 ERS2
20080705 20091008 -0.0001124 3.653e-10 ALOS
20080803 20090823 -2.187e-05 3.8299e-10 ERS2
20081116 20090823 8.482e-05 4.319e-10 ERS2
20081219 20090921 9.9376e-05 4.4615e-10 ALOS
20090105 20090708 6.4395e-05 5.2824e-10 ALOS
20090510 20091101 0.00096484 5.1962e-10 ERS2
20090708 20091008 0.00013395 6.665e-10 ALOS
20090823 20091101 7.1023e-05 6.9886e-10 ERS2
20091222 20100624 0.00011288 5.2538e-10 ALOS
20100108 20100223 -3.3496e-05 7.7602e-10 ALOS
20100223 20100526 -4.3462e-06 6.6652e-10 ALOS
20100410 20100711 -0.00012457 6.6648e-10 ALOS
20100509 20100624 0.00069322 7.7374e-10 ALOS
20100526 20100711 0.00030926 7.7582e-10 ALOS
20100624 20101109 -0.00018007 5.8406e-10 ALOS
20100711 20101011 -0.00030056 6.6649e-10 ALOS
20100809 20101109 -0.00010854 6.6374e-10 ALOS
20101011 20101126 0.00027465 7.7582e-10 ALOS
20110111 20110226 0.00057502 7.7581e-10 ALOS
20110924 20130715 4.0635e-05 3.239e-10 TSX
20111005 20121229 -2.1355e-05 3.6881e-10 TSX
20111121 20171221 1.4868e-05 2.4341e-10 TSX
20111221 20130131 5.2655e-05 3.8561e-10 TSX
20111224 20121027 -9.9447e-06 4.1942e-10 TSX
20120126 20140419 1.5535e-05 2.8992e-10 TSX
20120203 20160320 1.3596e-05 2.4534e-10 TSX
20120206 20171107 1.5763e-05 2.51e-10 TSX
20120617 20171129 4.3394e-06 2.5275e-10 TSX
20120723 20160120 6.1811e-05 2.5934e-10 TSX
20121024 20130109 0.00020255 7.0198e-10 TSX
20121027 20151226 -1.8899e-06 2.6629e-10 TSX
20121030 20130311 4.4774e-05 5.847e-10 TSX
20121107 20171118 1.4563e-05 2.5461e-10 TSX
20121221 20160208 -2.4764e-06 2.6703e-10 TSX
20121224 20130516 -6.6713e-05 5.6853e-10 TSX
20121229 20130407 0.00012345 6.5633e-10 TSX
20130104 20130217 -1.5849e-05 7.735e-10 TSX
20130109 20130715 -1.532e-06 5.2858e-10 TSX
20130112 20140511 -9.561e-06 3.5438e-10 TSX
20130115 20130721 -0.00015112 5.1398e-10 TSX
20130126 20130823 -0.00015993 4.9341e-10 TSX
20130131 20130429 -2.6775e-05 6.7829e-10 TSX
20130203 20130729 -4.2059e-05 5.2323e-10 TSX
20130211 20130919 -6.1808e-05 4.9598e-10 TSX
20130228 20141209 3.8934e-05 3.1295e-10 TSX
20130311 20130801 -6.2278e-05 5.6848e-10 TSX
20130316 20130623 3.746e-05 6.5634e-10 TSX
20130402 20150122 8.4218e-05 3.1766e-10 TSX
20130407 20140530 -2.6687e-05 3.8091e-10 TSX
20130421 20171016 1.9664e-05 2.565e-10 TSX
20130424 20130721 -0.00028871 6.6411e-10 TSX
20130429 20130623 -9.2834e-05 7.5475e-10 TSX
20130505 20131028 -0.00038758 5.3707e-10 TSX
20130513 20151112 5.4299e-08 2.7687e-10 TSX
20130516 20131017 -0.00025861 5.6039e-10 TSX
20130521 20130715 9.6235e-05 7.5477e-10 TSX
20130524 20171129 2.2972e-05 2.5623e-10 TSX
20130527 20140627 2.4355e-05 3.8359e-10 TSX
20130601 20130930 -4.4423e-05 6.1714e-10 TSX
20130604 20141217 -2.5213e-06 3.3895e-10 TSX
20130607 20140719 -7.5226e-06 3.801e-10 TSX
20130612 20150105 1.2892e-05 3.3815e-10 TSX
20130615 20160106 6.2314e-06 2.7575e-10 TSX
20130618 20140708 -4.4606e-05 3.8788e-10 TSX
20130623 20130715 0.00052548 8.6281e-10 TSX
20130629 20130914 0.00013951 6.8834e-10 TSX
20130707 20150130 -2.7802e-06 3.3816e-10 TSX
20130710 20140901 2.8313e-05 3.7699e-10 TSX
20130715 20130726 -0.0025305 1.012e-09 TSX
20130721 20131108 0.00071549 6.2177e-10 TSX
20130726 20150517 0.00023151 3.2235e-10 TSX
20130729 20160904 2.4533e-05 2.6647e-10 TSX
20130801 20151115 4.8283e-05 2.8626e-10 TSX
20130817 20140209 0.00010971 5.4103e-10 TSX
20130828 20150312 3.517e-05 3.4064e-10 TSX
20130903 20150329 -9.1947e-05 3.5778e-10 TSX
20130919 20160309 6.9551e-05 2.7429e-10 TSX
20130925 20140708 1.6792e-05 4.3129e-10 TSX
20130930 20160411 5.5059e-05 2.714e-10 TSX
20131011 20150802 9.0602e-06 3.1995e-10 TSX
20131017 20140719 8.9799e-06 4.3876e-10 TSX
20131028 20160304 4.1925e-05 3.5934e-10 TSX
20131102 20140519 -0.0001219 5.1716e-10 TSX
20131108 20140708 -1.7646e-05 4.6281e-10 TSX
20140209 20160309 -5.4167e-06 3.0606e-10 TSX
20140223 20140829 -1.9063e-05 5.112e-10 TSX
20140408 20140705 -5.367e-06 6.6163e-10 TSX
20140419 20170913 2.2451e-05 2.6148e-10 TSX
20140511 20141228 9.4984e-06 4.7014e-10 TSX
20140519 20150824 0.00011339 3.6444e-10 TSX
20140624 20171005 1.4864e-05 2.669e-10 TSX
20140627 20151115 3.0792e-05 3.3991e-10 TSX
20140705 20180911 2.0976e-05 2.586e-10 TSX
20140708 20160406 6.2821e-05 3.1192e-10 TSX
20140716 20171005 1.9746e-05 2.6957e-10 TSX
20140719 20151207 1.6526e-05 3.4018e-10 TSX
20140727 20150326 -6.1185e-07 4.6166e-10 TSX
20140810 20150122 3.3865e-05 5.3922e-10 TSX
20140818 20160301 3.3968e-05 3.2496e-10 TSX
20140829 20160208 1.6042e-05 3.311e-10 TSX
20140901 20140912 -0.00031992 9.6844e-10 TSX
20140912 20141209 0.0001322 6.6411e-10 TSX
20140920 20170902 1.1566e-05 2.7092e-10 TSX
20141209 20160211 -1.131e-05 3.6366e-10 TSX
20141217 20160722 -6.7256e-06 3.1891e-10 TSX
20141228 20160106 1.4082e-05 3.8206e-10 TSX
20141231 20151024 -1.0129e-05 4.2497e-10 TSX
20150105 20150824 8.085e-06 4.8612e-10 TSX
20150108 20170811 1.8849e-05 2.7619e-10 TSX
20150119 20160117 -4.9833e-06 3.8716e-10 TSX
20150127 20160411 7.5249e-05 3.7084e-10 TSX
20150130 20151112 1.7516e-06 4.2849e-10 TSX
20150210 20170114 9.9197e-06 2.9673e-10 TSX
20150213 20160326 -8.1419e-05 3.8031e-10 TSX
20150218 20160216 2.3073e-05 4.0267e-10 TSX
20150221 20180112 2.6083e-05 2.6385e-10 TSX
20150304 20180911 1.6878e-05 2.593e-10 TSX
20150307 20160211 1.8731e-05 4.0083e-10 TSX
20150312 20160320 5.0621e-06 3.9787e-10 TSX
20150326 20150827 -4.8184e-05 5.4991e-10 TSX
20150329 20151207 -1.7355e-05 4.5482e-10 TSX
20150428 20160425 1.6828e-05 3.8698e-10 TSX
20150509 20150827 -9.4823e-05 6.1815e-10 TSX
20150517 20150824 -0.00023622 6.5634e-10 TSX
20150520 20180911 3.517e-05 2.6778e-10 TSX
20150714 20170822 2.1814e-05 2.8736e-10 TSX
20150725 20170924 6.12e-06 2.8581e-10 TSX
20150802 20160309 1.8015e-05 4.9598e-10 TSX
20150805 20160403 8.1987e-05 4.6121e-10 TSX
20150816 20171107 2.0611e-05 2.8739e-10 TSX
20150824 20150915 0.00063265 8.6271e-10 TSX
20150827 20170902 2.5414e-05 2.9398e-10 TSX
20150915 20160216 -3.8074e-05 5.6828e-10 TSX
20151021 20160904 5.5771e-05 4.124e-10 TSX
20151101 20171016 1.9698e-05 2.9792e-10 TSX
20151112 20160425 1.0094e-05 5.3624e-10 TSX
20151115 20151229 0.00018487 7.735e-10 TSX
20151123 20171221 2.222e-05 2.9377e-10 TSX
20151204 20151215 0.00012862 9.796e-10 TSX
20151207 20160406 1.4395e-05 6.022e-10 TSX
20151215 20170822 3.0659e-05 3.1322e-10 TSX
20151226 20161223 1.5496e-05 3.9353e-10 TSX
20151229 20160211 4.3203e-06 7.735e-10 TSX
20160106 20161223 1.9694e-05 3.9802e-10 TSX
20160117 20160926 -8.9e-06 4.5303e-10 TSX
20160128 20160301 -0.00012388 8.0771e-10 TSX
20160208 20160312 -7.7922e-05 8.0771e-10 TSX
20160216 20160309 -0.00040276 8.6271e-10 TSX
20160219 20180319 2.7978e-05 2.9617e-10 TSX
20160301 20161201 1.3808e-05 4.3856e-10 TSX
20160304 20160326 0.00010175 8.4918e-10 TSX
20160312 20180319 1.7992e-05 2.9827e-10 TSX
20160320 20160411 0.0004503 8.6271e-10 TSX
20160323 20171118 1.0013e-05 3.1743e-10 TSX
20160326 20160406 -0.00057265 9.6837e-10 TSX
20160403 20171027 7.8916e-06 3.2195e-10 TSX
20160425 20170811 2.0795e-05 3.4674e-10 TSX
20160528 20160630 -6.3722e-05 8.0771e-10 TSX
20160630 20171118 4.0517e-05 3.3901e-10 TSX
20160722 20161201 9.2358e-05 5.8151e-10 TSX
20160904 20180707 1.0921e-05 3.2366e-10 TSX
20160915 20180911 2.1752e-05 2.9997e-10 TSX
20160926 20170114 6.5889e-05 6.1821e-10 TSX
20161201 20171027 -1.5194e-05 4.0698e-10 TSX
20161223 20171107 4.1617e-06 4.0916e-10 TSX
20170114 20170902 -9.8034e-07 4.6886e-10 TSX
20170811 20171005 -6.0333e-05 7.4201e-10 TSX
20170822 20180707 3.969e-05 4.1376e-10 TSX
20170913 20180707 2.2056e-05 4.2513e-10 TSX
20170924 20180319 6.3134e-05 5.2334e-10 TSX
20171005 20171107 3.4568e-05 8.0772e-10 TSX
20171016 20180319 4.7547e-05 5.5023e-10 TSX
20171027 20180911 5.1894e-05 4.1371e-10 TSX
20171107 20171118 6.4869e-05 9.796e-10 TSX
20171118 20171129 4.9777e-05 9.796e-10 TSX
20171129 20171221 -3.5373e-05 8.5215e-10 TSX
20171210 20180820 3.89e-05 4.5347e-10 TSX
20171221 20180911 6.0644e-05 4.4585e-10 TSX
20180112 20181003 2.8801e-05 4.458e-10 TSX
20180319 20180707 -3.6261e-06 6.1822e-10 TSX
20180707 20180911 0.00011898 7.1304e-10 TSX
20180729 20181003 -8.2203e-05 7.1304e-10 TSX
20180820 20181003 6.4882e-05 7.7328e-10 TSX
20180911 20181003 -0.00016597 8.5216e-10 TSX
