20030427 20030914 -0.00069133 5.6753e-10 ERS2
20030914 20080629 8.7033e-05 2.819e-10 ERS2
20050918 20090510 -1.5051e-05 2.9677e-10 ERS2
20051127 20081116 1.7553e-05 2.9954e-10 ERS2
20060903 20090510 5.2792e-05 3.0128e-10 ERS2
20061231 20090105 2.9298e-05 3.1466e-10 ALOS
20070402 20070703 -0.00013872 6.6628e-10 ALOS
20070518 20091008 -1.1312e-05 3.0009e-10 ALOS
20070818 20071003 -0.00047837 7.7554e-10 ALOS
20071217 20100509 -4.421e-05 2.9976e-10 ALOS
20080103 20100526 -6.644e-05 2.9906e-10 ALOS
20080404 20080520 -9.3444e-06 7.7555e-10 ALOS
20080618 20090921 -1.1833e-07 3.7191e-10 ALOS
20080629 20090510 -0.00014299 4.1312e-10 ERS2
20080705 20091008 -8.1171e-05 3.6469e-10 ALOS
20080803 20090823 -2.9936e-05 3.8299e-10 ERS2
20081116 20090823 1.143e-05 4.3363e-10 ERS2
20081219 20090921 -0.00021642 4.4615e-10 ALOS
20090105 20090708 -0.00014999 5.2814e-10 ALOS
20090510 20091101 0.00017607 5.2105e-10 ERS2
20090708 20091008 -0.00012208 6.6629e-10 ALOS
20090823 20091101 0.00037989 6.9885e-10 ERS2
20091222 20100624 -0.00013821 5.2533e-10 ALOS
20100108 20100223 -0.00035644 7.756e-10 ALOS
20100223 20100526 -2.5257e-05 6.6628e-10 ALOS
20100410 20100711 -4.4591e-05 6.6627e-10 ALOS
20100509 20100624 0.00071056 7.7353e-10 ALOS
20100526 20100711 0.00031983 7.7555e-10 ALOS
20100624 20101109 -0.00015378 5.8401e-10 ALOS
20100711 20101011 -0.00041807 6.663e-10 ALOS
20100809 20101109 4.4495e-06 6.6361e-10 ALOS
20101011 20101126 0.0002344 7.7555e-10 ALOS
20110111 20110226 0.00044547 7.7554e-10 ALOS
20110924 20130715 1.4588e-05 3.2388e-10 TSX
20111005 20121229 -2.1795e-05 3.6925e-10 TSX
20111121 20171221 -2.556e-06 2.409e-10 TSX
20111221 20130131 -2.7095e-06 3.8565e-10 TSX
20111224 20121027 -2.1523e-05 4.1931e-10 TSX
20120126 20140419 1.4094e-05 2.9148e-10 TSX
20120203 20160320 2.6615e-07 2.4466e-10 TSX
20120206 20171107 -4.2541e-06 2.4681e-10 TSX
20120617 20171129 -7.729e-06 2.5693e-10 TSX
20120723 20160120 7.0816e-07 2.5964e-10 TSX
20121024 20130109 0.00022591 7.0167e-10 TSX
20121027 20151226 6.8449e-06 2.6613e-10 TSX
20121030 20130311 2.4391e-05 5.8467e-10 TSX
20121107 20171118 -1.5297e-06 2.4273e-10 TSX
20121221 20160208 -8.2775e-06 2.6492e-10 TSX
20121224 20130516 -5.6961e-05 5.685e-10 TSX
20121229 20130407 1.9297e-05 6.5612e-10 TSX
20130104 20130217 -3.7086e-05 7.7339e-10 TSX
20130109 20130715 1.9424e-05 5.2853e-10 TSX
20130112 20140511 2.7565e-07 3.5363e-10 TSX
20130115 20130721 -0.00010993 5.1395e-10 TSX
20130126 20130823 -0.00012143 4.9155e-10 TSX
20130131 20130429 1.8053e-05 6.7803e-10 TSX
20130203 20130729 -1.6105e-05 5.2319e-10 TSX
20130211 20130919 1.2308e-05 4.9595e-10 TSX
20130228 20141209 2.9378e-05 3.1171e-10 TSX
20130311 20130801 -4.1245e-05 5.6846e-10 TSX
20130316 20130623 1.9749e-05 6.5612e-10 TSX
20130402 20150122 4.1774e-05 2.9142e-10 TSX
20130407 20140530 -2.0212e-06 3.8113e-10 TSX
20130421 20171016 6.7942e-06 2.5396e-10 TSX
20130424 20130721 -0.00019585 6.6404e-10 TSX
20130429 20130623 -5.8963e-05 7.544e-10 TSX
20130505 20131028 -0.00047021 5.2694e-10 TSX
20130513 20151112 1.3487e-05 2.7814e-10 TSX
20130516 20131017 -0.00019728 5.537e-10 TSX
20130521 20130715 0.00020126 7.5443e-10 TSX
20130524 20171129 5.3918e-06 2.4973e-10 TSX
20130527 20140627 4.4139e-06 3.8419e-10 TSX
20130601 20130930 5.6129e-05 6.17e-10 TSX
20130604 20141217 6.3442e-06 3.3706e-10 TSX
20130607 20140719 2.4224e-05 3.8043e-10 TSX
20130612 20150105 5.5545e-05 3.3768e-10 TSX
20130615 20160106 9.6377e-06 2.7715e-10 TSX
20130618 20140708 -1.4648e-05 3.8877e-10 TSX
20130623 20130715 0.00054151 8.6265e-10 TSX
20130629 20130914 0.00011523 6.8831e-10 TSX
20130707 20150130 1.0453e-05 3.3866e-10 TSX
20130710 20140901 1.3972e-05 3.7723e-10 TSX
20130715 20130726 -0.0023647 1.0119e-09 TSX
20130721 20131108 0.00058303 6.2105e-10 TSX
20130726 20150517 9.4291e-05 3.2141e-10 TSX
20130729 20160904 -2.6749e-05 2.6842e-10 TSX
20130801 20151115 3.1596e-05 2.8584e-10 TSX
20130817 20140209 -2.3074e-06 5.4097e-10 TSX
20130828 20150312 3.0488e-05 3.3974e-10 TSX
20130903 20150329 -0.00013035 3.1241e-10 TSX
20130919 20160309 2.8607e-05 2.7434e-10 TSX
20130925 20140708 -1.5797e-05 4.3134e-10 TSX
20130930 20160411 2.2813e-05 2.7258e-10 TSX
20131011 20150802 -1.348e-06 3.1922e-10 TSX
20131017 20140719 -2.6675e-05 4.3875e-10 TSX
20131028 20160304 5.779e-06 3.1342e-10 TSX
20131102 20140519 -9.2582e-05 5.1713e-10 TSX
20131108 20140708 -3.744e-05 4.6279e-10 TSX
20140209 20160309 4.3792e-05 3.043e-10 TSX
20140223 20140829 5.2455e-06 5.1116e-10 TSX
20140408 20140705 1.0255e-05 6.614e-10 TSX
20140419 20170913 -1.6854e-06 2.7087e-10 TSX
20140511 20141228 -5.8854e-06 4.7016e-10 TSX
20140519 20150824 5.9375e-05 3.6451e-10 TSX
20140624 20171005 -3.7e-06 2.6382e-10 TSX
20140627 20151115 -3.2316e-05 3.406e-10 TSX
20140705 20180911 -1.9691e-05 2.5526e-10 TSX
20140708 20160406 3.3838e-05 3.1118e-10 TSX
20140716 20171005 7.3449e-06 2.6472e-10 TSX
20140719 20151207 -5.0627e-06 3.4039e-10 TSX
20140727 20150326 1.0937e-05 4.6179e-10 TSX
20140810 20150122 5.9446e-05 5.392e-10 TSX
20140818 20160301 -2.3204e-06 3.241e-10 TSX
20140829 20160208 -7.4452e-07 3.3104e-10 TSX
20140901 20140912 -0.00028117 9.6848e-10 TSX
20140912 20141209 3.0453e-05 6.6404e-10 TSX
20140920 20170902 1.0392e-05 2.6625e-10 TSX
20141209 20160211 -2.613e-05 3.6353e-10 TSX
20141217 20160722 -3.8149e-06 3.1823e-10 TSX
20141228 20160106 -2.5053e-06 3.8192e-10 TSX
20141231 20151024 -7.5381e-06 4.2508e-10 TSX
20150105 20150824 1.8074e-05 4.8612e-10 TSX
20150108 20170811 -1.9339e-06 2.8385e-10 TSX
20150119 20160117 1.2061e-05 3.8728e-10 TSX
20150127 20160411 1.8639e-05 3.7082e-10 TSX
20150130 20151112 3.1885e-07 4.2848e-10 TSX
20150210 20170114 3.795e-06 2.9773e-10 TSX
20150213 20160326 -9.7808e-06 3.7225e-10 TSX
20150218 20160216 -6.6531e-06 4.0264e-10 TSX
20150221 20180112 1.4475e-05 2.6463e-10 TSX
20150304 20180911 -6.066e-06 2.6262e-10 TSX
20150307 20160211 2.5241e-05 4.0075e-10 TSX
20150312 20160320 -5.059e-05 3.9755e-10 TSX
20150326 20150827 -1.8269e-05 5.4984e-10 TSX
20150329 20151207 -1.0287e-05 4.5473e-10 TSX
20150428 20160425 6.9728e-06 3.8663e-10 TSX
20150509 20150827 -4.1046e-06 6.18e-10 TSX
20150517 20150824 -0.0001203 6.5612e-10 TSX
20150520 20180911 -1.572e-05 2.7391e-10 TSX
20150714 20170822 -1.8746e-05 2.8962e-10 TSX
20150725 20170924 -4.9207e-06 2.8884e-10 TSX
20150802 20160309 -1.6233e-06 4.9596e-10 TSX
20150805 20160403 2.9625e-05 4.613e-10 TSX
20150816 20171107 -7.4415e-06 2.882e-10 TSX
20150824 20150915 0.00060729 8.6255e-10 TSX
20150827 20170902 -3.8741e-06 2.9539e-10 TSX
20150915 20160216 -8.8782e-05 5.682e-10 TSX
20151021 20160904 -2.4403e-05 4.1213e-10 TSX
20151101 20171016 1.6468e-05 2.9928e-10 TSX
20151112 20160425 -2.1014e-06 5.3615e-10 TSX
20151115 20151229 0.00014228 7.7339e-10 TSX
20151123 20171221 1.3513e-05 2.9303e-10 TSX
20151204 20151215 0.00013876 9.7943e-10 TSX
20151207 20160406 -3.1527e-07 6.0216e-10 TSX
20151215 20170822 -6.9181e-06 3.1454e-10 TSX
20151226 20161223 -2.8559e-05 3.9426e-10 TSX
20151229 20160211 1.6891e-05 7.7339e-10 TSX
20160106 20161223 -6.9405e-06 3.985e-10 TSX
20160117 20160926 -3.0036e-05 4.5313e-10 TSX
20160128 20160301 -0.00020482 8.0727e-10 TSX
20160208 20160312 -0.00010079 8.0727e-10 TSX
20160216 20160309 -0.00036668 8.6255e-10 TSX
20160219 20180319 1.2907e-05 2.9522e-10 TSX
20160301 20161201 3.3764e-05 4.3841e-10 TSX
20160304 20160326 7.8942e-05 8.4915e-10 TSX
20160312 20180319 1.3896e-05 2.9765e-10 TSX
20160320 20160411 0.00043002 8.6255e-10 TSX
20160323 20171118 -1.9097e-06 3.1831e-10 TSX
20160326 20160406 -0.00059284 9.6841e-10 TSX
20160403 20171027 2.158e-05 3.23e-10 TSX
20160425 20170811 3.1026e-06 3.4607e-10 TSX
20160528 20160630 1.9806e-05 8.0727e-10 TSX
20160630 20171118 -4.8693e-06 3.3822e-10 TSX
20160722 20161201 5.0373e-05 5.814e-10 TSX
20160904 20180707 2.1312e-05 3.2476e-10 TSX
20160915 20180911 -3.8405e-07 3.017e-10 TSX
20160926 20170114 4.7546e-05 6.1806e-10 TSX
20161201 20171027 -2.8425e-06 4.0683e-10 TSX
20161223 20171107 2.4454e-05 4.0893e-10 TSX
20170114 20170902 1.2318e-05 4.6856e-10 TSX
20170811 20171005 -5.8587e-05 7.4156e-10 TSX
20170822 20180707 3.9294e-05 4.1368e-10 TSX
20170913 20180707 1.1258e-05 4.2487e-10 TSX
20170924 20180319 5.9677e-05 5.2327e-10 TSX
20171005 20171107 1.2385e-05 8.0727e-10 TSX
20171016 20180319 2.9603e-05 5.5013e-10 TSX
20171027 20180911 8.608e-07 4.1367e-10 TSX
20171107 20171118 6.7747e-05 9.7943e-10 TSX
20171118 20171129 4.6445e-05 9.7943e-10 TSX
20171129 20171221 -1.3288e-05 8.5183e-10 TSX
20171210 20180820 2.8298e-05 4.5355e-10 TSX
20171221 20180911 4.0992e-05 4.4575e-10 TSX
20180112 20181003 1.2733e-05 4.4573e-10 TSX
20180319 20180707 -2.7241e-05 6.1806e-10 TSX
20180707 20180911 3.2127e-05 7.1266e-10 TSX
20180729 20181003 -2.307e-05 7.1266e-10 TSX
20180820 20181003 0.00011566 7.728e-10 TSX
20180911 20181003 -8.7625e-05 8.5184e-10 TSX
