20030427 20030914 0.00093475 5.7729e-10 ERS2
20030914 20080629 3.9938e-05 2.8623e-10 ERS2
20050918 20090510 0.00017073 3.1991e-10 ERS2
20051127 20081116 0.00010059 3.0768e-10 ERS2
20060903 20090510 0.00012724 3.2606e-10 ERS2
20061231 20090105 4.7743e-05 3.2425e-10 ALOS
20070402 20070703 1.7047e-06 6.8575e-10 ALOS
20070518 20091008 -7.4348e-05 3.2116e-10 ALOS
20070818 20071003 -0.00027433 7.9268e-10 ALOS
20071217 20100509 -3.7511e-05 3.237e-10 ALOS
20080103 20100526 -5.3345e-05 3.1464e-10 ALOS
20080404 20080520 8.6429e-05 7.9322e-10 ALOS
20080618 20090921 -0.00021353 3.8037e-10 ALOS
20080629 20090510 -0.00053984 4.3147e-10 ERS2
20080705 20091008 -5.1314e-06 3.7071e-10 ALOS
20080803 20090823 -0.00015033 3.8822e-10 ERS2
20081116 20090823 8.2058e-06 4.3594e-10 ERS2
20081219 20090921 9.3124e-05 4.5438e-10 ALOS
20090105 20090708 0.00010797 5.3994e-10 ALOS
20090510 20091101 0.0012946 5.3262e-10 ERS2
20090708 20091008 0.0003231 6.8619e-10 ALOS
20090823 20091101 -9.8946e-05 7.1501e-10 ERS2
20091222 20100624 0.00021092 5.4044e-10 ALOS
20100108 20100223 0.00033482 7.9312e-10 ALOS
20100223 20100526 0.00012598 6.8651e-10 ALOS
20100410 20100711 -9.4618e-05 6.8552e-10 ALOS
20100509 20100624 0.00068912 7.9086e-10 ALOS
20100526 20100711 0.00029569 7.9356e-10 ALOS
20100624 20101109 -4.7353e-05 5.9921e-10 ALOS
20100711 20101011 0.00017262 6.8658e-10 ALOS
20100809 20101109 -0.00015669 6.8268e-10 ALOS
20101011 20101126 0.00012519 7.9359e-10 ALOS
20110111 20110226 0.00055862 7.9297e-10 ALOS
20110924 20130715 -9.9651e-06 3.6468e-10 TSX
20111005 20121229 -0.00022154 3.9683e-10 TSX
20111121 20171221 -2.4371e-05 4.3298e-10 TSX
20111221 20130131 -2.5712e-05 3.9395e-10 TSX
20111224 20121027 0.00011997 4.2385e-10 TSX
20120126 20140419 -7.6837e-05 3.7953e-10 TSX
20120203 20160320 9.2457e-06 3.4816e-10 TSX
20120206 20171107 -3.6771e-05 3.0189e-10 TSX
20120617 20171129 -6.4601e-06 4.407e-10 TSX
20120723 20160120 8.0813e-05 3.4517e-10 TSX
20121024 20130109 5.1143e-05 7.2156e-10 TSX
20121027 20151226 -2.0054e-06 3.3927e-10 TSX
20121030 20130311 -6.4463e-06 5.9813e-10 TSX
20121107 20171118 -2.4581e-06 3.2376e-10 TSX
20121221 20160208 -4.0176e-05 3.17e-10 TSX
20121224 20130516 -0.00034003 5.8072e-10 TSX
20121229 20130407 -3.4819e-05 6.75e-10 TSX
20130104 20130217 -5.1671e-05 7.8906e-10 TSX
20130109 20130715 0.00014923 5.4765e-10 TSX
20130112 20140511 -2.8726e-06 4.5354e-10 TSX
20130115 20130721 -0.00023002 5.3241e-10 TSX
20130126 20130823 -0.00018043 5.043e-10 TSX
20130131 20130429 -2.0932e-05 6.9776e-10 TSX
20130203 20130729 -2.617e-05 5.3802e-10 TSX
20130211 20130919 8.538e-05 5.0848e-10 TSX
20130228 20141209 2.9576e-05 3.8457e-10 TSX
20130311 20130801 -5.939e-05 5.8751e-10 TSX
20130316 20130623 -8.2579e-05 6.7618e-10 TSX
20130402 20150122 1.802e-05 3.5298e-10 TSX
20130407 20140530 -2.8209e-05 3.9478e-10 TSX
20130421 20171016 7.1243e-05 3.5087e-10 TSX
20130424 20130721 -0.00025532 6.8405e-10 TSX
20130429 20130623 -0.00018024 7.7346e-10 TSX
20130505 20131028 -0.00052927 5.4687e-10 TSX
20130513 20151112 -8.377e-06 3.2976e-10 TSX
20130516 20131017 -0.00020436 5.7369e-10 TSX
20130521 20130715 0.00030322 7.7409e-10 TSX
20130524 20171129 4.5564e-05 3.5837e-10 TSX
20130527 20140627 -5.5274e-05 4.0634e-10 TSX
20130601 20130930 0.00048621 6.3697e-10 TSX
20130604 20141217 8.3012e-05 3.7542e-10 TSX
20130607 20140719 4.085e-05 3.9848e-10 TSX
20130612 20150105 -2.8069e-05 3.8667e-10 TSX
20130615 20160106 2.7326e-05 3.6124e-10 TSX
20130618 20140708 2.6184e-05 4.0648e-10 TSX
20130623 20130715 0.00073043 8.7418e-10 TSX
20130629 20130914 0.00029735 7.0993e-10 TSX
20130707 20150130 2.6441e-05 4.0828e-10 TSX
20130710 20140901 3.1082e-05 3.9721e-10 TSX
20130715 20130726 -0.0025549 1.0208e-09 TSX
20130721 20131108 0.00045934 6.3651e-10 TSX
20130726 20150517 4.6741e-05 3.6331e-10 TSX
20130729 20160904 8.3724e-06 4.2157e-10 TSX
20130801 20151115 1.278e-05 3.3661e-10 TSX
20130817 20140209 -9.9553e-06 5.5434e-10 TSX
20130828 20150312 -4.2691e-05 3.7447e-10 TSX
20130903 20150329 -5.652e-05 3.4785e-10 TSX
20130919 20160309 -3.1363e-05 3.5172e-10 TSX
20130925 20140708 -2.2646e-05 4.3694e-10 TSX
20130930 20160411 -7.0443e-05 3.3071e-10 TSX
20131011 20150802 2.4159e-05 3.6821e-10 TSX
20131017 20140719 -1.1993e-06 4.4356e-10 TSX
20131028 20160304 8.266e-05 3.3527e-10 TSX
20131102 20140519 -6.6588e-05 5.278e-10 TSX
20131108 20140708 4.4213e-05 4.6902e-10 TSX
20140209 20160309 -1.4241e-05 3.6485e-10 TSX
20140223 20140829 0.00019548 5.1986e-10 TSX
20140408 20140705 1.7008e-05 6.7794e-10 TSX
20140419 20170913 0.00012754 3.2491e-10 TSX
20140511 20141228 0.0001224 4.784e-10 TSX
20140519 20150824 -2.6842e-05 3.9573e-10 TSX
20140624 20171005 -3.759e-06 4.645e-10 TSX
20140627 20151115 -1.1182e-05 3.7731e-10 TSX
20140705 20180911 -4.948e-06 3.9439e-10 TSX
20140708 20160406 6.6518e-06 3.5607e-10 TSX
20140716 20171005 -5.1451e-05 3.6063e-10 TSX
20140719 20151207 2.9146e-05 3.8045e-10 TSX
20140727 20150326 -2.8339e-05 4.6663e-10 TSX
20140810 20150122 -8.85e-05 5.5031e-10 TSX
20140818 20160301 -6.809e-06 3.7291e-10 TSX
20140829 20160208 2.6937e-05 3.7365e-10 TSX
20140901 20140912 -0.00029636 9.7609e-10 TSX
20140912 20141209 -3.99e-05 6.812e-10 TSX
20140920 20170902 -2.6198e-05 3.5499e-10 TSX
20141209 20160211 -6.7575e-05 3.8746e-10 TSX
20141217 20160722 6.2694e-05 3.9909e-10 TSX
20141228 20160106 -5.0003e-05 4.021e-10 TSX
20141231 20151024 9.0141e-06 4.3582e-10 TSX
20150105 20150824 -0.0001094 4.9863e-10 TSX
20150108 20170811 6.9315e-05 3.8795e-10 TSX
20150119 20160117 3.4539e-05 4.0258e-10 TSX
20150127 20160411 -4.2896e-05 3.859e-10 TSX
20150130 20151112 6.9234e-05 4.5234e-10 TSX
20150210 20170114 -1.5704e-05 4.0644e-10 TSX
20150213 20160326 3.6827e-05 3.8125e-10 TSX
20150218 20160216 -5.7115e-05 4.0941e-10 TSX
20150221 20180112 4.62e-05 3.4101e-10 TSX
20150304 20180911 -7.4266e-07 3.1961e-10 TSX
20150307 20160211 -3.684e-05 4.086e-10 TSX
20150312 20160320 -1.2457e-05 4.1019e-10 TSX
20150326 20150827 0.00012173 5.6107e-10 TSX
20150329 20151207 -1.726e-06 4.6286e-10 TSX
20150428 20160425 5.0003e-05 4.0872e-10 TSX
20150509 20150827 6.4467e-05 6.3577e-10 TSX
20150517 20150824 -3.7729e-05 6.7549e-10 TSX
20150520 20180911 -5.5275e-05 3.7229e-10 TSX
20150714 20170822 -5.4977e-05 4.205e-10 TSX
20150725 20170924 6.5054e-06 3.3875e-10 TSX
20150802 20160309 -2.5099e-05 5.0744e-10 TSX
20150805 20160403 -6.8752e-05 4.6847e-10 TSX
20150816 20171107 8.3132e-06 3.8323e-10 TSX
20150824 20150915 0.00069723 8.7394e-10 TSX
20150827 20170902 6.4186e-05 3.94e-10 TSX
20150915 20160216 -0.00013349 5.8326e-10 TSX
20151021 20160904 -3.8235e-05 4.4778e-10 TSX
20151101 20171016 -5.3036e-05 3.9289e-10 TSX
20151112 20160425 -5.0034e-05 5.4553e-10 TSX
20151115 20151229 0.0001434 7.8907e-10 TSX
20151123 20171221 3.105e-05 3.9428e-10 TSX
20151204 20151215 0.00016124 9.8519e-10 TSX
20151207 20160406 -0.00013827 6.168e-10 TSX
20151215 20170822 0.00017644 4.0335e-10 TSX
20151226 20161223 5.4591e-05 4.0594e-10 TSX
20151229 20160211 4.0518e-05 7.8907e-10 TSX
20160106 20161223 3.2209e-05 4.1055e-10 TSX
20160117 20160926 3.092e-05 4.8749e-10 TSX
20160128 20160301 -0.00012566 8.1947e-10 TSX
20160208 20160312 -0.00013978 8.1947e-10 TSX
20160216 20160309 -0.00036858 8.7393e-10 TSX
20160219 20180319 2.1636e-05 3.5884e-10 TSX
20160301 20161201 7.6785e-05 4.4855e-10 TSX
20160304 20160326 3.8142e-05 8.5943e-10 TSX
20160312 20180319 9.5459e-05 3.6727e-10 TSX
20160320 20160411 0.00037265 8.7394e-10 TSX
20160323 20171118 4.145e-05 3.4368e-10 TSX
20160326 20160406 -0.00050332 9.7601e-10 TSX
20160403 20171027 6.8837e-06 4.3309e-10 TSX
20160425 20170811 7.1295e-05 4.135e-10 TSX
20160528 20160630 1.2194e-06 8.1947e-10 TSX
20160630 20171118 7.7776e-05 4.0395e-10 TSX
20160722 20161201 8.2152e-05 5.9409e-10 TSX
20160904 20180707 -5.9025e-05 3.691e-10 TSX
20160915 20180911 -1.793e-05 3.9677e-10 TSX
20160926 20170114 6.2605e-05 6.3679e-10 TSX
20161201 20171027 1.6545e-05 4.9208e-10 TSX
20161223 20171107 -5.1458e-05 4.5658e-10 TSX
20170114 20170902 7.8396e-05 4.8302e-10 TSX
20170811 20171005 -9.671e-05 7.5815e-10 TSX
20170822 20180707 -0.00010328 4.207e-10 TSX
20170913 20180707 -8.9021e-05 4.3447e-10 TSX
20170924 20180319 -1.4853e-05 5.3191e-10 TSX
20171005 20171107 5.7237e-05 8.1947e-10 TSX
20171016 20180319 9.7364e-06 5.6047e-10 TSX
20171027 20180911 -5.8735e-05 4.2182e-10 TSX
20171107 20171118 7.3827e-05 9.8519e-10 TSX
20171118 20171129 6.4527e-05 9.8519e-10 TSX
20171129 20171221 6.2465e-06 8.6063e-10 TSX
20171210 20180820 -6.4132e-05 4.5848e-10 TSX
20171221 20180911 -0.00012263 4.5755e-10 TSX
20180112 20181003 0.00016431 4.5973e-10 TSX
20180319 20180707 -0.0001871 6.3278e-10 TSX
20180707 20180911 0.00021536 7.2993e-10 TSX
20180729 20181003 0.00013956 7.2993e-10 TSX
20180820 20181003 0.00025964 7.8773e-10 TSX
20180911 20181003 -0.00015683 8.6063e-10 TSX
