20030427 20030914 0.00067645 5.6622e-10 ERS2
20030914 20080629 -0.00013332 2.785e-10 ERS2
20050918 20090510 5.1989e-05 2.9825e-10 ERS2
20051127 20081116 -4.6957e-05 3.1049e-10 ERS2
20060903 20090510 -0.00017275 3.1272e-10 ERS2
20061231 20090105 3.6819e-05 3.1325e-10 ALOS
20070402 20070703 -0.00020549 6.6623e-10 ALOS
20070518 20091008 -3.1986e-05 3.0002e-10 ALOS
20070818 20071003 -0.00027676 7.7502e-10 ALOS
20071217 20100509 3.8189e-06 3.0189e-10 ALOS
20080103 20100526 -1.2819e-05 3.0086e-10 ALOS
20080404 20080520 2.5276e-05 7.7503e-10 ALOS
20080618 20090921 -4.8794e-05 3.7267e-10 ALOS
20080629 20090510 -6.5722e-05 4.1264e-10 ERS2
20080705 20091008 -1.114e-05 3.6539e-10 ALOS
20080803 20090823 -4.5354e-05 3.8302e-10 ERS2
20081116 20090823 -2.4141e-05 4.3295e-10 ERS2
20081219 20090921 0.00037115 4.462e-10 ALOS
20090105 20090708 5.7485e-05 5.2811e-10 ALOS
20090510 20091101 0.00060244 5.2536e-10 ERS2
20090708 20091008 0.00082151 6.6622e-10 ALOS
20090823 20091101 1.3056e-05 6.9851e-10 ERS2
20091222 20100624 0.00050231 5.2547e-10 ALOS
20100108 20100223 0.00064206 7.7515e-10 ALOS
20100223 20100526 -2.4775e-05 6.6624e-10 ALOS
20100410 20100711 -0.00015555 6.6625e-10 ALOS
20100509 20100624 0.00055867 7.7306e-10 ALOS
20100526 20100711 0.00044567 7.7503e-10 ALOS
20100624 20101109 6.118e-05 5.8398e-10 ALOS
20100711 20101011 0.00020117 6.6624e-10 ALOS
20100809 20101109 8.3117e-07 6.6354e-10 ALOS
20101011 20101126 0.000282 7.7503e-10 ALOS
20110111 20110226 0.00078756 7.7502e-10 ALOS
20110924 20130715 3.5821e-05 3.2405e-10 TSX
20111005 20121229 -2.4554e-05 3.6899e-10 TSX
20111121 20171221 -5.6435e-08 2.7003e-10 TSX
20111221 20130131 -2.4766e-06 3.8561e-10 TSX
20111224 20121027 2.8021e-06 4.1941e-10 TSX
20120126 20140419 -2.8793e-05 2.9093e-10 TSX
20120203 20160320 5.236e-05 2.5676e-10 TSX
20120206 20171107 -4.5529e-06 2.6131e-10 TSX
20120617 20171129 -1.7651e-05 2.6943e-10 TSX
20120723 20160120 2.8147e-05 2.7007e-10 TSX
20121024 20130109 8.2877e-05 7.0154e-10 TSX
20121027 20151226 -2.6503e-05 2.6411e-10 TSX
20121030 20130311 1.8976e-05 5.8465e-10 TSX
20121107 20171118 1.3291e-06 2.694e-10 TSX
20121221 20160208 3.0115e-05 2.6523e-10 TSX
20121224 20130516 -4.3279e-05 5.6848e-10 TSX
20121229 20130407 0.00027441 6.5606e-10 TSX
20130104 20130217 0.00018223 7.7304e-10 TSX
20130109 20130715 -3.4501e-05 5.2848e-10 TSX
20130112 20140511 -3.3188e-05 3.5437e-10 TSX
20130115 20130721 -0.00019725 5.1394e-10 TSX
20130126 20130823 -0.00011293 4.9742e-10 TSX
20130131 20130429 -9.9064e-05 6.7795e-10 TSX
20130203 20130729 -3.5931e-05 5.2313e-10 TSX
20130211 20130919 -6.5627e-05 4.9593e-10 TSX
20130228 20141209 2.4436e-05 3.1366e-10 TSX
20130311 20130801 -4.9223e-05 5.6846e-10 TSX
20130316 20130623 6.3354e-05 6.5607e-10 TSX
20130402 20150122 0.00010205 3.2923e-10 TSX
20130407 20140530 -0.00010301 3.8116e-10 TSX
20130421 20171016 -1.6013e-05 2.5662e-10 TSX
20130424 20130721 -0.00029359 6.6401e-10 TSX
20130429 20130623 2.1633e-06 7.5401e-10 TSX
20130505 20131028 -0.00031186 5.8744e-10 TSX
20130513 20151112 -1.0781e-06 2.8158e-10 TSX
20130516 20131017 -0.00032427 5.6412e-10 TSX
20130521 20130715 3.7673e-05 7.5403e-10 TSX
20130524 20171129 -3.686e-06 2.5882e-10 TSX
20130527 20140627 -5.2519e-05 3.839e-10 TSX
20130601 20130930 -3.5405e-05 6.1697e-10 TSX
20130604 20141217 3.016e-06 3.3822e-10 TSX
20130607 20140719 -2.3203e-05 3.8046e-10 TSX
20130612 20150105 2.0939e-05 3.4002e-10 TSX
20130615 20160106 1.5697e-05 2.7781e-10 TSX
20130618 20140708 -6.1745e-05 3.8821e-10 TSX
20130623 20130715 0.00053026 8.6118e-10 TSX
20130629 20130914 0.00013218 6.8869e-10 TSX
20130707 20150130 -1.1856e-05 3.3733e-10 TSX
20130710 20140901 -1.2642e-05 3.7663e-10 TSX
20130715 20130726 -0.002471 1.0101e-09 TSX
20130721 20131108 0.00070371 6.2314e-10 TSX
20130726 20150517 0.00016936 3.2294e-10 TSX
20130729 20160904 -2.3451e-05 2.7044e-10 TSX
20130801 20151115 5.0433e-05 2.8895e-10 TSX
20130817 20140209 0.00011223 5.4095e-10 TSX
20130828 20150312 6.7199e-05 3.4077e-10 TSX
20130903 20150329 -9.4657e-05 3.6204e-10 TSX
20130919 20160309 3.0222e-05 2.7805e-10 TSX
20130925 20140708 5.939e-05 4.3175e-10 TSX
20130930 20160411 2.447e-05 2.7508e-10 TSX
20131011 20150802 1.2581e-05 3.232e-10 TSX
20131017 20140719 -2.6448e-05 4.3885e-10 TSX
20131028 20160304 2.7626e-05 3.3058e-10 TSX
20131102 20140519 -0.00019604 5.1708e-10 TSX
20131108 20140708 -1.1891e-05 4.642e-10 TSX
20140209 20160309 -5.2094e-05 3.0965e-10 TSX
20140223 20140829 -4.2002e-05 5.1111e-10 TSX
20140408 20140705 -2.5728e-05 6.6129e-10 TSX
20140419 20170913 1.0112e-05 2.7389e-10 TSX
20140511 20141228 5.9778e-05 4.7011e-10 TSX
20140519 20150824 0.00011902 3.6668e-10 TSX
20140624 20171005 -5.6385e-06 2.7173e-10 TSX
20140627 20151115 7.421e-05 3.4412e-10 TSX
20140705 20180911 -1.4494e-06 2.7519e-10 TSX
20140708 20160406 6.8004e-05 3.184e-10 TSX
20140716 20171005 -9.1677e-06 2.8021e-10 TSX
20140719 20151207 -3.7802e-06 3.4234e-10 TSX
20140727 20150326 -5.1915e-05 4.6156e-10 TSX
20140810 20150122 -6.7366e-05 5.392e-10 TSX
20140818 20160301 1.0758e-05 3.2729e-10 TSX
20140829 20160208 6.455e-06 3.331e-10 TSX
20140901 20140912 -0.00031837 9.6706e-10 TSX
20140912 20141209 7.6661e-05 6.6401e-10 TSX
20140920 20170902 9.0364e-06 2.8581e-10 TSX
20141209 20160211 4.0688e-06 3.6551e-10 TSX
20141217 20160722 1.6131e-05 3.1977e-10 TSX
20141228 20160106 2.639e-05 3.821e-10 TSX
20141231 20151024 -3.6903e-06 4.2565e-10 TSX
20150105 20150824 -2.0086e-05 4.8637e-10 TSX
20150108 20170811 8.1826e-06 2.7512e-10 TSX
20150119 20160117 1.3028e-05 3.8741e-10 TSX
20150127 20160411 6.5644e-05 3.7405e-10 TSX
20150130 20151112 4.7356e-05 4.2842e-10 TSX
20150210 20170114 1.3502e-05 3.0424e-10 TSX
20150213 20160326 9.0462e-05 4.4673e-10 TSX
20150218 20160216 -5.5071e-05 4.0296e-10 TSX
20150221 20180112 3.0394e-05 2.7793e-10 TSX
20150304 20180911 -5.7412e-05 2.8194e-10 TSX
20150307 20160211 -3.1942e-05 4.0122e-10 TSX
20150312 20160320 -6.2286e-05 3.9873e-10 TSX
20150326 20150827 8.3392e-06 5.5034e-10 TSX
20150329 20151207 -6.3743e-05 4.5496e-10 TSX
20150428 20160425 3.3827e-05 3.8762e-10 TSX
20150509 20150827 -4.3523e-05 6.1827e-10 TSX
20150517 20150824 -0.00017057 6.5621e-10 TSX
20150520 20180911 5.4531e-06 2.7687e-10 TSX
20150714 20170822 -7.1092e-06 2.8746e-10 TSX
20150725 20170924 2.851e-06 2.8671e-10 TSX
20150802 20160309 -6.3937e-05 4.9593e-10 TSX
20150805 20160403 -4.1969e-06 4.6127e-10 TSX
20150816 20171107 -4.36e-06 2.8644e-10 TSX
20150824 20150915 0.00070351 8.6108e-10 TSX
20150827 20170902 -1.2851e-05 2.9462e-10 TSX
20150915 20160216 -0.00020159 5.6817e-10 TSX
20151021 20160904 -5.6214e-05 4.1238e-10 TSX
20151101 20171016 -1.0828e-05 2.9667e-10 TSX
20151112 20160425 -4.8538e-06 5.3609e-10 TSX
20151115 20151229 0.00013408 7.7304e-10 TSX
20151123 20171221 -1.4129e-05 2.9247e-10 TSX
20151204 20151215 0.0001725 9.7733e-10 TSX
20151207 20160406 -0.00010629 6.0214e-10 TSX
20151215 20170822 -1.1817e-05 3.1315e-10 TSX
20151226 20161223 2.4269e-06 3.9343e-10 TSX
20151229 20160211 6.8095e-05 7.7304e-10 TSX
20160106 20161223 1.4789e-05 3.9802e-10 TSX
20160117 20160926 9.5246e-06 4.5303e-10 TSX
20160128 20160301 -0.00019099 8.0619e-10 TSX
20160208 20160312 -7.6632e-05 8.0619e-10 TSX
20160216 20160309 -0.00039237 8.6108e-10 TSX
20160219 20180319 -4.5874e-05 2.9581e-10 TSX
20160301 20161201 6.5237e-07 4.3853e-10 TSX
20160304 20160326 7.5164e-05 8.4811e-10 TSX
20160312 20180319 -6.2182e-05 2.9629e-10 TSX
20160320 20160411 0.000465 8.6108e-10 TSX
20160323 20171118 1.1087e-05 3.1696e-10 TSX
20160326 20160406 -0.00048498 9.6699e-10 TSX
20160403 20171027 -9.1266e-06 3.2172e-10 TSX
20160425 20170811 -8.1959e-06 3.4657e-10 TSX
20160528 20160630 -1.6173e-05 8.0619e-10 TSX
20160630 20171118 -4.9173e-07 3.392e-10 TSX
20160722 20161201 4.8705e-06 5.8134e-10 TSX
20160904 20180707 -4.7823e-05 3.2271e-10 TSX
20160915 20180911 -5.3999e-05 3.0041e-10 TSX
20160926 20170114 -3.3579e-05 6.1798e-10 TSX
20161201 20171027 -1.9052e-05 4.0695e-10 TSX
20161223 20171107 -2.5435e-05 4.0904e-10 TSX
20170114 20170902 -3.6841e-05 4.6866e-10 TSX
20170811 20171005 -8.7634e-05 7.4118e-10 TSX
20170822 20180707 -8.4815e-05 4.138e-10 TSX
20170913 20180707 -0.00012597 4.2517e-10 TSX
20170924 20180319 -0.00012292 5.2321e-10 TSX
20171005 20171107 4.3693e-05 8.0619e-10 TSX
20171016 20180319 -0.00014626 5.5009e-10 TSX
20171027 20180911 -5.3036e-05 4.1387e-10 TSX
20171107 20171118 6.3481e-05 9.7733e-10 TSX
20171118 20171129 4.265e-05 9.7733e-10 TSX
20171129 20171221 -3.4197e-05 8.5021e-10 TSX
20171210 20180820 -8.8264e-05 4.5337e-10 TSX
20171221 20180911 -1.6387e-06 4.4571e-10 TSX
20180112 20181003 -7.1621e-05 4.4575e-10 TSX
20180319 20180707 -0.00012052 6.1799e-10 TSX
20180707 20180911 0.00020937 7.1243e-10 TSX
20180729 20181003 4.7351e-05 7.1243e-10 TSX
20180820 20181003 0.00017179 7.7214e-10 TSX
20180911 20181003 -0.0001313 8.5022e-10 TSX
