20030427 20030914 -0.00012731 5.6648e-10 ERS2
20030914 20080629 -6.8334e-05 2.743e-10 ERS2
20050918 20090510 -2.0667e-05 2.9977e-10 ERS2
20051127 20081116 0.00015716 3.2943e-10 ERS2
20060903 20090510 0.00016787 3.0963e-10 ERS2
20061231 20090105 0.00031672 3.1345e-10 ALOS
20070402 20070703 -1.8804e-05 6.6627e-10 ALOS
20070518 20091008 0.00031196 2.9966e-10 ALOS
20070818 20071003 -0.00016391 7.7512e-10 ALOS
20071217 20100509 0.00052641 3.0066e-10 ALOS
20080103 20100526 0.00038557 2.9889e-10 ALOS
20080404 20080520 7.5555e-05 7.7512e-10 ALOS
20080618 20090921 0.00034431 3.7275e-10 ALOS
20080629 20090510 -0.00058203 4.1807e-10 ERS2
20080705 20091008 0.00031429 3.6531e-10 ALOS
20080803 20090823 -1.3054e-05 3.8249e-10 ERS2
20081116 20090823 0.00022089 4.3203e-10 ERS2
20081219 20090921 0.00052276 4.4595e-10 ALOS
20090105 20090708 0.00024611 5.2913e-10 ALOS
20090510 20091101 0.00095379 5.203e-10 ERS2
20090708 20091008 0.00063687 6.6641e-10 ALOS
20090823 20091101 0.00011597 6.9853e-10 ERS2
20091222 20100624 0.00071097 5.2522e-10 ALOS
20100108 20100223 0.00054319 7.7529e-10 ALOS
20100223 20100526 0.00015962 6.6641e-10 ALOS
20100410 20100711 -1.3691e-05 6.6618e-10 ALOS
20100509 20100624 0.00061489 7.7313e-10 ALOS
20100526 20100711 0.00043604 7.7512e-10 ALOS
20100624 20101109 0.00016667 5.8398e-10 ALOS
20100711 20101011 0.00023496 6.6626e-10 ALOS
20100809 20101109 0.00015441 6.6355e-10 ALOS
20101011 20101126 0.0001948 7.7512e-10 ALOS
20110111 20110226 0.00072589 7.7511e-10 ALOS
20110924 20130715 0.000439 3.2584e-10 TSX
20111005 20121229 0.00040963 3.6973e-10 TSX
20111121 20171221 1.7457e-05 3.3626e-10 TSX
20111221 20130131 0.00040157 3.8568e-10 TSX
20111224 20121027 0.00023894 4.1949e-10 TSX
20120126 20140419 -2.2122e-05 2.912e-10 TSX
20120203 20160320 -9.2824e-06 2.7766e-10 TSX
20120206 20171107 3.4129e-05 3.3781e-10 TSX
20120617 20171129 4.3357e-05 3.0187e-10 TSX
20120723 20160120 5.5181e-05 3.0965e-10 TSX
20121024 20130109 8.2057e-05 7.0156e-10 TSX
20121027 20151226 -5.1234e-05 2.8598e-10 TSX
20121030 20130311 0.00024627 5.8465e-10 TSX
20121107 20171118 3.6997e-05 3.4357e-10 TSX
20121221 20160208 -1.3816e-05 2.9423e-10 TSX
20121224 20130516 4.0161e-05 5.6848e-10 TSX
20121229 20130407 0.00038717 6.5608e-10 TSX
20130104 20130217 0.00021607 7.7309e-10 TSX
20130109 20130715 0.00028786 5.2852e-10 TSX
20130112 20140511 -8.5828e-07 3.5544e-10 TSX
20130115 20130721 1.4506e-05 5.1396e-10 TSX
20130126 20130823 -0.00025223 5.2179e-10 TSX
20130131 20130429 3.781e-05 6.7797e-10 TSX
20130203 20130729 0.00020869 5.2313e-10 TSX
20130211 20130919 0.00018898 4.9595e-10 TSX
20130228 20141209 0.00048312 3.1516e-10 TSX
20130311 20130801 0.00014176 5.6843e-10 TSX
20130316 20130623 0.000115 6.5608e-10 TSX
20130402 20150122 0.00022096 4.3913e-10 TSX
20130407 20140530 0.00028418 3.8099e-10 TSX
20130421 20171016 1.1005e-05 3.2597e-10 TSX
20130424 20130721 -0.00020153 6.6402e-10 TSX
20130429 20130623 1.9298e-05 7.5407e-10 TSX
20130505 20131028 -0.00046369 5.7402e-10 TSX
20130513 20151112 -1.0297e-05 2.9949e-10 TSX
20130516 20131017 0.00015637 5.7772e-10 TSX
20130521 20130715 0.00018609 7.541e-10 TSX
20130524 20171129 2.4118e-05 3.246e-10 TSX
20130527 20140627 0.00038525 3.84e-10 TSX
20130601 20130930 0.00021157 6.1698e-10 TSX
20130604 20141217 7.8975e-05 3.3992e-10 TSX
20130607 20140719 0.00047273 3.805e-10 TSX
20130612 20150105 0.0004274 3.4002e-10 TSX
20130615 20160106 4.6486e-05 2.8654e-10 TSX
20130618 20140708 0.00039276 3.8814e-10 TSX
20130623 20130715 0.00062246 8.6146e-10 TSX
20130629 20130914 0.00030803 6.9211e-10 TSX
20130707 20150130 7.7278e-05 3.3829e-10 TSX
20130710 20140901 0.00041892 3.7696e-10 TSX
20130715 20130726 -0.0024211 1.0105e-09 TSX
20130721 20131108 0.00076223 6.3951e-10 TSX
20130726 20150517 0.0003989 3.2458e-10 TSX
20130729 20160904 -6.7474e-05 3.1793e-10 TSX
20130801 20151115 0.00037099 2.9758e-10 TSX
20130817 20140209 0.00034174 5.4096e-10 TSX
20130828 20150312 0.0003378 3.417e-10 TSX
20130903 20150329 -8.0686e-05 3.512e-10 TSX
20130919 20160309 0.00023098 2.8769e-10 TSX
20130925 20140708 0.00041436 4.3796e-10 TSX
20130930 20160411 0.00024646 2.8886e-10 TSX
20131011 20150802 0.00015888 3.2747e-10 TSX
20131017 20140719 0.00030864 4.4087e-10 TSX
20131028 20160304 -0.00013201 2.9193e-10 TSX
20131102 20140519 6.8519e-05 5.171e-10 TSX
20131108 20140708 0.00034405 4.7507e-10 TSX
20140209 20160309 0.00019872 3.1196e-10 TSX
20140223 20140829 0.00020138 5.1112e-10 TSX
20140408 20140705 5.7509e-05 6.613e-10 TSX
20140419 20170913 4.9025e-05 3.0854e-10 TSX
20140511 20141228 0.00029487 4.7016e-10 TSX
20140519 20150824 0.00045817 3.6753e-10 TSX
20140624 20171005 8.837e-05 3.3621e-10 TSX
20140627 20151115 0.00037821 3.4377e-10 TSX
20140705 20180911 5.1806e-05 3.1478e-10 TSX
20140708 20160406 0.00023403 3.1697e-10 TSX
20140716 20171005 6.704e-05 3.159e-10 TSX
20140719 20151207 0.00045073 3.4321e-10 TSX
20140727 20150326 0.0002076 4.6153e-10 TSX
20140810 20150122 0.0003194 5.3948e-10 TSX
20140818 20160301 6.5868e-05 3.2749e-10 TSX
20140829 20160208 1.8526e-05 3.3557e-10 TSX
20140901 20140912 -0.00031922 9.673e-10 TSX
20140912 20141209 0.00018642 6.6402e-10 TSX
20140920 20170902 -2.7959e-05 3.0887e-10 TSX
20141209 20160211 0.00043331 3.6636e-10 TSX
20141217 20160722 4.4228e-05 3.327e-10 TSX
20141228 20160106 6.8684e-07 3.8223e-10 TSX
20141231 20151024 0.00033805 4.2538e-10 TSX
20150105 20150824 0.00022003 4.8716e-10 TSX
20150108 20170811 5.4779e-05 3.0955e-10 TSX
20150119 20160117 -5.7563e-06 3.8722e-10 TSX
20150127 20160411 0.00027075 3.7352e-10 TSX
20150130 20151112 0.00024556 4.2841e-10 TSX
20150210 20170114 3.2734e-05 3.2416e-10 TSX
20150213 20160326 -0.00014454 4.1032e-10 TSX
20150218 20160216 0.00033086 4.0412e-10 TSX
20150221 20180112 7.0972e-06 3.108e-10 TSX
20150304 20180911 -3.7776e-05 3.0971e-10 TSX
20150307 20160211 0.00037195 4.0202e-10 TSX
20150312 20160320 0.00031595 3.9843e-10 TSX
20150326 20150827 0.00018142 5.5122e-10 TSX
20150329 20151207 0.0002616 4.5495e-10 TSX
20150428 20160425 4.0325e-05 3.9575e-10 TSX
20150509 20150827 8.0678e-05 6.1905e-10 TSX
20150517 20150824 0.00010682 6.5634e-10 TSX
20150520 20180911 -2.2324e-05 3.0936e-10 TSX
20150714 20170822 0.00011383 3.0459e-10 TSX
20150725 20170924 7.0859e-05 3.0585e-10 TSX
20150802 20160309 0.00025023 4.9637e-10 TSX
20150805 20160403 0.00024878 4.6136e-10 TSX
20150816 20171107 -1.0028e-05 3.011e-10 TSX
20150824 20150915 0.00078992 8.6136e-10 TSX
20150827 20170902 6.7709e-05 3.0467e-10 TSX
20150915 20160216 7.3693e-05 5.6821e-10 TSX
20151021 20160904 0.00018147 4.1453e-10 TSX
20151101 20171016 -1.912e-06 3.118e-10 TSX
20151112 20160425 0.00016002 5.3614e-10 TSX
20151115 20151229 0.00018514 7.7308e-10 TSX
20151123 20171221 9.4398e-05 3.0838e-10 TSX
20151204 20151215 0.00016698 9.7748e-10 TSX
20151207 20160406 0.00016093 6.0214e-10 TSX
20151215 20170822 3.6285e-05 3.2337e-10 TSX
20151226 20161223 0.00023488 3.9325e-10 TSX
20151229 20160211 6.001e-05 7.7308e-10 TSX
20160106 20161223 0.00025567 3.9873e-10 TSX
20160117 20160926 0.0002021 4.5308e-10 TSX
20160128 20160301 -0.00013883 8.0626e-10 TSX
20160208 20160312 -9.5949e-05 8.0626e-10 TSX
20160216 20160309 -0.00039644 8.6136e-10 TSX
20160219 20180319 2.9573e-05 3.0555e-10 TSX
20160301 20161201 0.00022457 4.3877e-10 TSX
20160304 20160326 5.3286e-05 8.4828e-10 TSX
20160312 20180319 -1.2559e-06 3.0722e-10 TSX
20160320 20160411 0.00042962 8.6137e-10 TSX
20160323 20171118 7.5171e-07 3.1981e-10 TSX
20160326 20160406 -0.00050162 9.6723e-10 TSX
20160403 20171027 2.3407e-05 3.2555e-10 TSX
20160425 20170811 8.324e-06 3.4705e-10 TSX
20160528 20160630 1.7811e-05 8.0626e-10 TSX
20160630 20171118 5.0132e-05 3.4008e-10 TSX
20160722 20161201 0.00021138 5.8134e-10 TSX
20160904 20180707 2.6618e-05 3.2261e-10 TSX
20160915 20180911 2.9482e-05 3.0667e-10 TSX
20160926 20170114 0.00013756 6.1797e-10 TSX
20161201 20171027 0.00023884 4.0682e-10 TSX
20161223 20171107 0.00021793 4.0915e-10 TSX
20170114 20170902 0.00019653 4.6942e-10 TSX
20170811 20171005 -2.4303e-05 7.4121e-10 TSX
20170822 20180707 5.6619e-05 4.137e-10 TSX
20170913 20180707 1.8571e-05 4.2496e-10 TSX
20170924 20180319 0.00010273 5.232e-10 TSX
20171005 20171107 6.9205e-05 8.0626e-10 TSX
20171016 20180319 7.9149e-05 5.5008e-10 TSX
20171027 20180911 7.5875e-05 4.1377e-10 TSX
20171107 20171118 7.6158e-05 9.7748e-10 TSX
20171118 20171129 3.9266e-05 9.7748e-10 TSX
20171129 20171221 -2.2255e-05 8.5033e-10 TSX
20171210 20180820 1.4437e-05 4.5347e-10 TSX
20171221 20180911 7.131e-05 4.4578e-10 TSX
20180112 20181003 6.018e-05 4.4578e-10 TSX
20180319 20180707 -0.00022579 6.18e-10 TSX
20180707 20180911 0.00025228 7.1245e-10 TSX
20180729 20181003 7.2749e-05 7.1245e-10 TSX
20180820 20181003 0.0001672 7.7219e-10 TSX
20180911 20181003 -0.00014402 8.5033e-10 TSX
