20030427 20030914 -0.00024132 5.6577e-10 ERS2
20030914 20080629 0.00013429 2.7668e-10 ERS2
20050918 20090510 -1.7478e-05 2.976e-10 ERS2
20051127 20081116 0.00018543 3.0896e-10 ERS2
20060903 20090510 -8.0754e-05 3.0397e-10 ERS2
20061231 20090105 2.6461e-05 3.1439e-10 ALOS
20070402 20070703 -8.0994e-05 6.6719e-10 ALOS
20070518 20091008 -3.1286e-05 3.0011e-10 ALOS
20070818 20071003 -0.00046348 7.7736e-10 ALOS
20071217 20100509 1.2582e-06 3.0126e-10 ALOS
20080103 20100526 -7.5094e-06 2.9977e-10 ALOS
20080404 20080520 1.2231e-05 7.7736e-10 ALOS
20080618 20090921 -6.0843e-05 3.7333e-10 ALOS
20080629 20090510 -0.00021603 4.1182e-10 ERS2
20080705 20091008 -3.8715e-05 3.6515e-10 ALOS
20080803 20090823 1.5253e-06 3.8281e-10 ERS2
20081116 20090823 -9.8272e-06 4.3205e-10 ERS2
20081219 20090921 3.261e-06 4.462e-10 ALOS
20090105 20090708 -2.4021e-05 5.2831e-10 ALOS
20090510 20091101 -0.00015645 5.2231e-10 ERS2
20090708 20091008 1.1573e-05 6.672e-10 ALOS
20090823 20091101 0.00029657 7.0002e-10 ERS2
20091222 20100624 8.7147e-05 5.2559e-10 ALOS
20100108 20100223 -0.00022504 7.7737e-10 ALOS
20100223 20100526 1.819e-05 6.672e-10 ALOS
20100410 20100711 -0.00019943 6.672e-10 ALOS
20100509 20100624 0.00075699 7.7516e-10 ALOS
20100526 20100711 0.00032564 7.7737e-10 ALOS
20100624 20101109 -0.00015334 5.8432e-10 ALOS
20100711 20101011 -0.00034206 6.6722e-10 ALOS
20100809 20101109 -2.5829e-05 6.6434e-10 ALOS
20101011 20101126 0.00026185 7.7737e-10 ALOS
20110111 20110226 0.00047739 7.7735e-10 ALOS
20110924 20130715 1.4707e-05 3.2385e-10 TSX
20111005 20121229 -3.7121e-06 3.6854e-10 TSX
20111121 20171221 -4.1492e-06 2.3919e-10 TSX
20111221 20130131 3.6382e-05 3.8549e-10 TSX
20111224 20121027 -2.0875e-05 4.1955e-10 TSX
20120126 20140419 1.5961e-06 2.9061e-10 TSX
20120203 20160320 2.0905e-05 2.4503e-10 TSX
20120206 20171107 -2.0708e-05 2.3881e-10 TSX
20120617 20171129 -8.3069e-06 2.3791e-10 TSX
20120723 20160120 -3.478e-05 2.6108e-10 TSX
20121024 20130109 0.00015708 7.0313e-10 TSX
20121027 20151226 9.481e-06 2.6459e-10 TSX
20121030 20130311 2.5795e-05 5.8481e-10 TSX
20121107 20171118 -3.225e-06 2.4582e-10 TSX
20121221 20160208 2.0216e-05 2.6427e-10 TSX
20121224 20130516 -0.00011044 5.6863e-10 TSX
20121229 20130407 6.2399e-05 6.5713e-10 TSX
20130104 20130217 -3.3228e-05 7.7465e-10 TSX
20130109 20130715 3.1403e-07 5.2871e-10 TSX
20130112 20140511 1.0201e-05 3.5389e-10 TSX
20130115 20130721 -0.00015837 5.1405e-10 TSX
20130126 20130823 -0.00018614 4.9237e-10 TSX
20130131 20130429 -4.1647e-05 6.7925e-10 TSX
20130203 20130729 -3.1417e-05 5.2345e-10 TSX
20130211 20130919 -5.9561e-05 4.9606e-10 TSX
20130228 20141209 2.3798e-05 3.1292e-10 TSX
20130311 20130801 -5.4663e-05 5.6858e-10 TSX
20130316 20130623 5.1784e-05 6.5714e-10 TSX
20130402 20150122 4.5134e-05 3.0411e-10 TSX
20130407 20140530 -4.7028e-06 3.8081e-10 TSX
20130421 20171016 -7.1473e-06 2.4672e-10 TSX
20130424 20130721 -0.00025648 6.6445e-10 TSX
20130429 20130623 -9.2452e-05 7.5633e-10 TSX
20130505 20131028 -0.00052652 5.3024e-10 TSX
20130513 20151112 -6.1749e-06 2.775e-10 TSX
20130516 20131017 -0.0002421 5.5676e-10 TSX
20130521 20130715 0.00012969 7.5635e-10 TSX
20130524 20171129 5.8994e-07 2.423e-10 TSX
20130527 20140627 1.2919e-05 3.8417e-10 TSX
20130601 20130930 4.2543e-06 6.1769e-10 TSX
20130604 20141217 -3.0555e-06 3.3782e-10 TSX
20130607 20140719 -1.1777e-05 3.8051e-10 TSX
20130612 20150105 5.5428e-05 3.3802e-10 TSX
20130615 20160106 1.5826e-05 2.7658e-10 TSX
20130618 20140708 -3.7286e-05 3.879e-10 TSX
20130623 20130715 0.00055121 8.6475e-10 TSX
20130629 20130914 0.00020365 6.8888e-10 TSX
20130707 20150130 1.6706e-05 3.3748e-10 TSX
20130710 20140901 -4.7342e-06 3.7713e-10 TSX
20130715 20130726 -0.0024572 1.014e-09 TSX
20130721 20131108 0.00075259 6.2139e-10 TSX
20130726 20150517 0.00011831 3.2213e-10 TSX
20130729 20160904 -9.675e-06 2.667e-10 TSX
20130801 20151115 8.1324e-06 2.8688e-10 TSX
20130817 20140209 9.1803e-05 5.4125e-10 TSX
20130828 20150312 1.5879e-05 3.4059e-10 TSX
20130903 20150329 -0.00012954 3.1978e-10 TSX
20130919 20160309 3.1488e-05 2.7381e-10 TSX
20130925 20140708 5.4748e-06 4.3137e-10 TSX
20130930 20160411 2.6526e-05 2.7022e-10 TSX
20131011 20150802 2.1575e-06 3.1975e-10 TSX
20131017 20140719 -3.8142e-05 4.3879e-10 TSX
20131028 20160304 -1.5964e-05 2.998e-10 TSX
20131102 20140519 -8.1678e-05 5.1732e-10 TSX
20131108 20140708 -2.7344e-05 4.6288e-10 TSX
20140209 20160309 -1.5147e-05 3.0542e-10 TSX
20140223 20140829 6.4281e-06 5.1139e-10 TSX
20140408 20140705 7.5788e-06 6.6273e-10 TSX
20140419 20170913 -4.4989e-06 2.5337e-10 TSX
20140511 20141228 8.2535e-06 4.7029e-10 TSX
20140519 20150824 7.1152e-05 3.6444e-10 TSX
20140624 20171005 -1.0377e-05 2.6163e-10 TSX
20140627 20151115 -1.3022e-05 3.3962e-10 TSX
20140705 20180911 -4.071e-06 2.5553e-10 TSX
20140708 20160406 4.0459e-05 3.1143e-10 TSX
20140716 20171005 -1.888e-05 2.6356e-10 TSX
20140719 20151207 3.5375e-05 3.4025e-10 TSX
20140727 20150326 1.8896e-06 4.6173e-10 TSX
20140810 20150122 2.5926e-05 5.3931e-10 TSX
20140818 20160301 1.6909e-05 3.2544e-10 TSX
20140829 20160208 1.1021e-05 3.3112e-10 TSX
20140901 20140912 -0.00031222 9.6995e-10 TSX
20140912 20141209 0.00013526 6.6445e-10 TSX
20140920 20170902 6.3264e-06 2.6445e-10 TSX
20141209 20160211 -1.8711e-05 3.6359e-10 TSX
20141217 20160722 9.1114e-09 3.1905e-10 TSX
20141228 20160106 2.6085e-05 3.8211e-10 TSX
20141231 20151024 1.1559e-05 4.2502e-10 TSX
20150105 20150824 1.0437e-05 4.8623e-10 TSX
20150108 20170811 -3.3134e-05 2.7653e-10 TSX
20150119 20160117 1.0742e-05 3.872e-10 TSX
20150127 20160411 5.9208e-05 3.7078e-10 TSX
20150130 20151112 -1.6682e-05 4.2867e-10 TSX
20150210 20170114 6.1734e-06 2.9783e-10 TSX
20150213 20160326 -4.0774e-05 4.0041e-10 TSX
20150218 20160216 1.8354e-05 4.0275e-10 TSX
20150221 20180112 -2.4094e-05 2.6052e-10 TSX
20150304 20180911 2.5959e-06 2.599e-10 TSX
20150307 20160211 1.5182e-05 4.0087e-10 TSX
20150312 20160320 2.3508e-05 3.9766e-10 TSX
20150326 20150827 -3.2527e-05 5.5017e-10 TSX
20150329 20151207 -3.4597e-06 4.5486e-10 TSX
20150428 20160425 2.6157e-05 3.8668e-10 TSX
20150509 20150827 -7.0461e-05 6.1877e-10 TSX
20150517 20150824 -0.00016166 6.5714e-10 TSX
20150520 20180911 -1.5408e-05 2.6271e-10 TSX
20150714 20170822 -1.2947e-05 2.8924e-10 TSX
20150725 20170924 -6.7749e-06 2.8732e-10 TSX
20150802 20160309 2.3354e-05 4.9608e-10 TSX
20150805 20160403 -1.0656e-05 4.6138e-10 TSX
20150816 20171107 -1.1961e-05 2.8669e-10 TSX
20150824 20150915 0.00064511 8.6465e-10 TSX
20150827 20170902 -3.9845e-06 2.9416e-10 TSX
20150915 20160216 -4.7507e-05 5.686e-10 TSX
20151021 20160904 -6.9642e-06 4.124e-10 TSX
20151101 20171016 -1.4205e-05 2.9742e-10 TSX
20151112 20160425 4.3159e-05 5.3647e-10 TSX
20151115 20151229 0.00017582 7.7465e-10 TSX
20151123 20171221 -2.3758e-05 2.9404e-10 TSX
20151204 20151215 0.00011649 9.8188e-10 TSX
20151207 20160406 -1.7273e-05 6.0234e-10 TSX
20151215 20170822 1.6351e-05 3.1263e-10 TSX
20151226 20161223 -2.4603e-05 3.9336e-10 TSX
20151229 20160211 8.6651e-08 7.7465e-10 TSX
20160106 20161223 -2.2561e-05 3.9817e-10 TSX
20160117 20160926 -2.5249e-05 4.5319e-10 TSX
20160128 20160301 -0.00015589 8.1025e-10 TSX
20160208 20160312 -0.000102 8.1025e-10 TSX
20160216 20160309 -0.00042281 8.6465e-10 TSX
20160219 20180319 -2.278e-06 2.9514e-10 TSX
20160301 20161201 -1.3165e-06 4.3868e-10 TSX
20160304 20160326 7.0946e-05 8.5066e-10 TSX
20160312 20180319 -5.6317e-06 2.986e-10 TSX
20160320 20160411 0.00041554 8.6466e-10 TSX
20160323 20171118 -5.6327e-06 3.1762e-10 TSX
20160326 20160406 -0.00057891 9.6988e-10 TSX
20160403 20171027 -2.4717e-05 3.2177e-10 TSX
20160425 20170811 -3.5336e-05 3.4641e-10 TSX
20160528 20160630 -3.1898e-05 8.1025e-10 TSX
20160630 20171118 5.6179e-06 3.3928e-10 TSX
20160722 20161201 4.3376e-05 5.8192e-10 TSX
20160904 20180707 3.8375e-06 3.2153e-10 TSX
20160915 20180911 1.9824e-05 3.0017e-10 TSX
20160926 20170114 7.32e-05 6.1887e-10 TSX
20161201 20171027 -1.7434e-05 4.0709e-10 TSX
20161223 20171107 1.1262e-05 4.0907e-10 TSX
20170114 20170902 -4.3868e-05 4.6891e-10 TSX
20170811 20171005 -2.9238e-05 7.4413e-10 TSX
20170822 20180707 4.1671e-05 4.1377e-10 TSX
20170913 20180707 1.5362e-05 4.2527e-10 TSX
20170924 20180319 5.977e-05 5.2355e-10 TSX
20171005 20171107 2.1026e-05 8.1025e-10 TSX
20171016 20180319 3.9002e-05 5.5051e-10 TSX
20171027 20180911 3.3128e-05 4.1379e-10 TSX
20171107 20171118 6.7099e-05 9.8188e-10 TSX
20171118 20171129 5.0497e-05 9.8188e-10 TSX
20171129 20171221 -2.712e-05 8.5461e-10 TSX
20171210 20180820 3.2694e-05 4.5359e-10 TSX
20171221 20180911 6.9152e-05 4.4586e-10 TSX
20180112 20181003 7.0463e-05 4.4586e-10 TSX
20180319 20180707 3.0923e-06 6.1887e-10 TSX
20180707 20180911 9.4719e-05 7.1481e-10 TSX
20180729 20181003 -6.3713e-05 7.1481e-10 TSX
20180820 20181003 9.6945e-05 7.7569e-10 TSX
20180911 20181003 -0.00014751 8.5462e-10 TSX
