20030427 20030914 -0.00033893 5.6657e-10 ERS2
20030914 20080629 -0.00010069 2.5955e-10 ERS2
20050918 20090510 1.3763e-05 3.0199e-10 ERS2
20051127 20081116 5.5972e-05 3.0847e-10 ERS2
20060903 20090510 -2.1716e-05 3.109e-10 ERS2
20061231 20090105 0.0001576 3.1845e-10 ALOS
20070402 20070703 -7.2725e-05 6.6858e-10 ALOS
20070518 20091008 5.359e-05 3.1078e-10 ALOS
20070818 20071003 -0.0004384 7.7887e-10 ALOS
20071217 20100509 -6.4029e-05 3.0215e-10 ALOS
20080103 20100526 -6.1949e-05 3.1535e-10 ALOS
20080404 20080520 8.4568e-05 7.7899e-10 ALOS
20080618 20090921 -0.00011615 3.7192e-10 ALOS
20080629 20090510 8.1113e-05 4.1319e-10 ERS2
20080705 20091008 8.8823e-05 3.658e-10 ALOS
20080803 20090823 -4.6445e-06 3.8311e-10 ERS2
20081116 20090823 9.183e-06 4.3207e-10 ERS2
20081219 20090921 0.00017094 4.4737e-10 ALOS
20090105 20090708 3.9784e-05 5.2882e-10 ALOS
20090510 20091101 -9.5416e-05 5.2318e-10 ERS2
20090708 20091008 0.00033206 6.6932e-10 ALOS
20090823 20091101 -1.221e-05 7.0065e-10 ERS2
20091222 20100624 0.00041038 5.2631e-10 ALOS
20100108 20100223 0.00023632 7.8009e-10 ALOS
20100223 20100526 0.00016109 6.6942e-10 ALOS
20100410 20100711 -0.00028876 6.6773e-10 ALOS
20100509 20100624 0.00060659 7.7671e-10 ALOS
20100526 20100711 0.00030887 7.7884e-10 ALOS
20100624 20101109 -0.00023256 5.8413e-10 ALOS
20100711 20101011 -0.00010123 6.6752e-10 ALOS
20100809 20101109 -0.00011691 6.6476e-10 ALOS
20101011 20101126 0.00031368 7.789e-10 ALOS
20110111 20110226 0.00064132 7.7883e-10 ALOS
20110924 20130715 7.0436e-06 3.2482e-10 TSX
20111005 20121229 3.2106e-05 3.6864e-10 TSX
20111121 20171221 -6.9818e-06 2.811e-10 TSX
20111221 20130131 9.0767e-06 3.855e-10 TSX
20111224 20121027 1.8432e-05 4.1955e-10 TSX
20120126 20140419 -1.5021e-05 2.9116e-10 TSX
20120203 20160320 3.3065e-05 2.4614e-10 TSX
20120206 20171107 -7.3893e-06 2.9e-10 TSX
20120617 20171129 -6.6558e-06 2.9712e-10 TSX
20120723 20160120 5.8723e-06 2.7414e-10 TSX
20121024 20130109 0.00010373 7.0374e-10 TSX
20121027 20151226 -1.2466e-05 2.6971e-10 TSX
20121030 20130311 5.0566e-05 5.8489e-10 TSX
20121107 20171118 -3.7212e-06 2.9054e-10 TSX
20121221 20160208 -5.0746e-06 2.8075e-10 TSX
20121224 20130516 -4.3804e-06 5.6862e-10 TSX
20121229 20130407 -3.4195e-05 6.5715e-10 TSX
20130104 20130217 4.3082e-05 7.7643e-10 TSX
20130109 20130715 -6.1449e-05 5.3149e-10 TSX
20130112 20140511 9.5182e-06 3.5454e-10 TSX
20130115 20130721 -3.4648e-05 5.1399e-10 TSX
20130126 20130823 0.00014262 5.1444e-10 TSX
20130131 20130429 -2.5737e-07 6.7953e-10 TSX
20130203 20130729 -5.1852e-05 5.2311e-10 TSX
20130211 20130919 -4.1635e-05 4.9585e-10 TSX
20130228 20141209 1.7921e-05 3.1261e-10 TSX
20130311 20130801 -4.536e-05 5.6858e-10 TSX
20130316 20130623 4.1409e-05 6.5715e-10 TSX
20130402 20150122 -2.2001e-06 3.6623e-10 TSX
20130407 20140530 5.0662e-06 3.8079e-10 TSX
20130421 20171016 7.0249e-06 2.7056e-10 TSX
20130424 20130721 -9.8536e-05 6.6523e-10 TSX
20130429 20130623 -4.2764e-05 7.5752e-10 TSX
20130505 20131028 0.00023165 5.381e-10 TSX
20130513 20151112 1.7602e-05 2.8845e-10 TSX
20130516 20131017 0.00023639 5.7082e-10 TSX
20130521 20130715 1.8573e-05 7.5754e-10 TSX
20130524 20171129 1.2363e-06 2.8179e-10 TSX
20130527 20140627 4.0273e-05 3.8451e-10 TSX
20130601 20130930 -4.2198e-05 6.1737e-10 TSX
20130604 20141217 -4.2624e-06 3.3709e-10 TSX
20130607 20140719 -2.4537e-05 3.806e-10 TSX
20130612 20150105 4.1007e-06 3.3805e-10 TSX
20130615 20160106 2.4987e-05 2.9452e-10 TSX
20130618 20140708 -1.5684e-05 3.8867e-10 TSX
20130623 20130715 0.00058604 8.6587e-10 TSX
20130629 20130914 0.00023226 7.0247e-10 TSX
20130707 20150130 -1.127e-08 3.396e-10 TSX
20130710 20140901 -1.3715e-06 3.775e-10 TSX
20130715 20130726 -0.0023986 1.0148e-09 TSX
20130721 20131108 -1.6639e-05 6.4663e-10 TSX
20130726 20150517 7.1367e-05 3.2252e-10 TSX
20130729 20160904 -3.0144e-06 2.7091e-10 TSX
20130801 20151115 -1.4623e-07 2.9112e-10 TSX
20130817 20140209 -2.307e-05 5.4085e-10 TSX
20130828 20150312 -1.5528e-05 3.4113e-10 TSX
20130903 20150329 -2.0899e-05 3.3666e-10 TSX
20130919 20160309 1.3185e-05 2.7554e-10 TSX
20130925 20140708 1.2056e-05 4.7953e-10 TSX
20130930 20160411 8.2892e-06 2.8592e-10 TSX
20131011 20150802 2.1706e-05 3.2111e-10 TSX
20131017 20140719 7.9161e-05 4.761e-10 TSX
20131028 20160304 -9.6419e-05 3.4058e-10 TSX
20131102 20140519 7.641e-05 5.1701e-10 TSX
20131108 20140708 -0.00015239 4.9494e-10 TSX
20140209 20160309 1.2075e-05 3.054e-10 TSX
20140223 20140829 -8.0628e-06 5.1107e-10 TSX
20140408 20140705 -2.1437e-05 6.6274e-10 TSX
20140419 20170913 1.364e-05 3.0572e-10 TSX
20140511 20141228 1.2841e-06 4.7016e-10 TSX
20140519 20150824 -2.8015e-05 3.6425e-10 TSX
20140624 20171005 2.6296e-07 2.6091e-10 TSX
20140627 20151115 -4.2091e-05 3.4012e-10 TSX
20140705 20180911 -9.0853e-06 2.7129e-10 TSX
20140708 20160406 8.2658e-06 3.109e-10 TSX
20140716 20171005 1.1032e-05 2.748e-10 TSX
20140719 20151207 -1.5071e-05 3.4109e-10 TSX
20140727 20150326 -2.1883e-05 4.6162e-10 TSX
20140810 20150122 5.3298e-05 5.5941e-10 TSX
20140818 20160301 1.6427e-06 3.2596e-10 TSX
20140829 20160208 8.5133e-06 3.4954e-10 TSX
20140901 20140912 -0.00027588 9.7109e-10 TSX
20140912 20141209 1.7331e-05 6.6523e-10 TSX
20140920 20170902 2.1981e-05 2.7374e-10 TSX
20141209 20160211 -2.0905e-05 3.6375e-10 TSX
20141217 20160722 9.5135e-06 3.2488e-10 TSX
20141228 20160106 1.9303e-06 3.8188e-10 TSX
20141231 20151024 -3.1369e-05 4.2499e-10 TSX
20150105 20150824 -3.505e-05 4.8608e-10 TSX
20150108 20170811 2.313e-05 2.8064e-10 TSX
20150119 20160117 3.1593e-05 3.8739e-10 TSX
20150127 20160411 -3.0506e-05 3.7256e-10 TSX
20150130 20151112 -2.7921e-06 4.2863e-10 TSX
20150210 20170114 2.2488e-05 3.0056e-10 TSX
20150213 20160326 -0.00014573 4.3471e-10 TSX
20150218 20160216 -1.062e-05 4.0233e-10 TSX
20150221 20180112 1.2834e-05 3.5777e-10 TSX
20150304 20180911 1.4529e-06 2.8257e-10 TSX
20150307 20160211 -2.2298e-05 4.0139e-10 TSX
20150312 20160320 4.8759e-06 3.9794e-10 TSX
20150326 20150827 5.6602e-05 5.4985e-10 TSX
20150329 20151207 -4.7528e-05 4.5478e-10 TSX
20150428 20160425 2.352e-05 3.8683e-10 TSX
20150509 20150827 5.9545e-05 6.1915e-10 TSX
20150517 20150824 -0.00017061 6.5721e-10 TSX
20150520 20180911 -8.8796e-07 2.6524e-10 TSX
20150714 20170822 6.4404e-06 3.0781e-10 TSX
20150725 20170924 1.3741e-05 2.9971e-10 TSX
20150802 20160309 -2.4433e-05 4.9589e-10 TSX
20150805 20160403 -3.0833e-05 4.6224e-10 TSX
20150816 20171107 1.229e-05 3.0276e-10 TSX
20150824 20150915 0.00054275 8.6577e-10 TSX
20150827 20170902 1.6172e-05 2.9683e-10 TSX
20150915 20160216 6.4497e-05 5.6817e-10 TSX
20151021 20160904 -6.16e-05 4.1295e-10 TSX
20151101 20171016 9.1977e-06 3.04e-10 TSX
20151112 20160425 3.4456e-05 5.3614e-10 TSX
20151115 20151229 0.00013696 7.7643e-10 TSX
20151123 20171221 -7.5976e-06 3.0479e-10 TSX
20151204 20151215 0.00015684 9.8135e-10 TSX
20151207 20160406 -3.3675e-05 6.0251e-10 TSX
20151215 20170822 2.4807e-05 3.1924e-10 TSX
20151226 20161223 1.9788e-05 3.93e-10 TSX
20151229 20160211 2.2531e-05 7.7643e-10 TSX
20160106 20161223 1.3939e-05 3.984e-10 TSX
20160117 20160926 5.0652e-06 4.5351e-10 TSX
20160128 20160301 -0.00013502 8.1034e-10 TSX
20160208 20160312 -9.0721e-05 8.1034e-10 TSX
20160216 20160309 -0.00032404 8.6577e-10 TSX
20160219 20180319 1.5637e-06 2.9499e-10 TSX
20160301 20161201 4.9265e-05 4.3882e-10 TSX
20160304 20160326 3.7397e-05 8.5212e-10 TSX
20160312 20180319 7.1533e-06 2.9959e-10 TSX
20160320 20160411 0.00035724 8.6578e-10 TSX
20160323 20171118 8.5611e-06 3.1848e-10 TSX
20160326 20160406 -0.00049123 9.7102e-10 TSX
20160403 20171027 3.0437e-05 3.2708e-10 TSX
20160425 20170811 2.5765e-05 3.4752e-10 TSX
20160528 20160630 -7.9778e-05 8.1034e-10 TSX
20160630 20171118 4.9885e-05 3.4129e-10 TSX
20160722 20161201 0.00011062 5.8158e-10 TSX
20160904 20180707 2.1695e-05 3.2332e-10 TSX
20160915 20180911 -1.0376e-05 3.0057e-10 TSX
20160926 20170114 4.2703e-05 6.1866e-10 TSX
20161201 20171027 -1.0824e-05 4.0735e-10 TSX
20161223 20171107 -7.7153e-06 4.0889e-10 TSX
20170114 20170902 3.6918e-06 4.6877e-10 TSX
20170811 20171005 -6.3539e-05 7.4445e-10 TSX
20170822 20180707 -2.9094e-05 4.1403e-10 TSX
20170913 20180707 -5.5542e-05 4.2573e-10 TSX
20170924 20180319 -2.9595e-05 5.2318e-10 TSX
20171005 20171107 5.2131e-05 8.1034e-10 TSX
20171016 20180319 -7.5203e-06 5.5012e-10 TSX
20171027 20180911 -1.1707e-05 4.141e-10 TSX
20171107 20171118 8.2552e-05 9.8135e-10 TSX
20171118 20171129 5.4702e-05 9.8135e-10 TSX
20171129 20171221 -2.9883e-05 8.544e-10 TSX
20171210 20180820 -2.1452e-05 4.5338e-10 TSX
20171221 20180911 -1.825e-05 4.4564e-10 TSX
20180112 20181003 2.3351e-05 4.4561e-10 TSX
20180319 20180707 -4.5118e-05 6.1866e-10 TSX
20180707 20180911 0.00015846 7.1506e-10 TSX
20180729 20181003 2.7373e-05 7.1506e-10 TSX
20180820 20181003 0.00011839 7.7596e-10 TSX
20180911 20181003 -0.00014195 8.544e-10 TSX
