20030427 20030914 0.00077124 5.656e-10 ERS2
20030914 20080629 -3.0965e-05 2.7375e-10 ERS2
20050918 20090510 -0.00010466 3.1454e-10 ERS2
20051127 20081116 0.00014726 3.1177e-10 ERS2
20060903 20090510 -0.00017378 3.2647e-10 ERS2
20061231 20090105 -8.3334e-05 3.1677e-10 ALOS
20070402 20070703 0.00012027 6.7019e-10 ALOS
20070518 20091008 -9.6754e-05 3.3328e-10 ALOS
20070818 20071003 -0.0001902 7.8162e-10 ALOS
20071217 20100509 -1.9815e-05 3.0974e-10 ALOS
20080103 20100526 4.6774e-05 3.1344e-10 ALOS
20080404 20080520 7.9004e-05 7.8162e-10 ALOS
20080618 20090921 -0.00011471 3.7408e-10 ALOS
20080629 20090510 -0.00027819 4.1709e-10 ERS2
20080705 20091008 -1.3763e-05 3.6557e-10 ALOS
20080803 20090823 7.1275e-05 3.8632e-10 ERS2
20081116 20090823 0.00022705 4.3471e-10 ERS2
20081219 20090921 0.00027004 4.4645e-10 ALOS
20090105 20090708 3.4412e-06 5.2925e-10 ALOS
20090510 20091101 0.00038281 5.2119e-10 ERS2
20090708 20091008 0.00013122 6.7023e-10 ALOS
20090823 20091101 0.00020724 7.0058e-10 ERS2
20091222 20100624 0.00027126 5.2641e-10 ALOS
20100108 20100223 0.00035319 7.8168e-10 ALOS
20100223 20100526 -2.6884e-05 6.7029e-10 ALOS
20100410 20100711 5.3876e-05 6.7015e-10 ALOS
20100509 20100624 0.00075965 7.7924e-10 ALOS
20100526 20100711 0.00042998 7.8164e-10 ALOS
20100624 20101109 -0.00010387 5.8571e-10 ALOS
20100711 20101011 -2.9848e-05 6.7025e-10 ALOS
20100809 20101109 -0.00014366 6.6714e-10 ALOS
20101011 20101126 0.00018555 7.8164e-10 ALOS
20110111 20110226 0.0005104 7.8162e-10 ALOS
20110924 20130715 -6.3473e-05 3.7398e-10 TSX
20111005 20121229 -8.1537e-05 4.5688e-10 TSX
20111121 20171221 -4.1997e-05 3.3262e-10 TSX
20111221 20130131 1.7929e-05 3.9778e-10 TSX
20111224 20121027 -5.0663e-05 4.4529e-10 TSX
20120126 20140419 -2.2831e-05 4.4284e-10 TSX
20120203 20160320 -5.1601e-05 3.7658e-10 TSX
20120206 20171107 -3.7313e-05 4.2865e-10 TSX
20120617 20171129 5.3606e-05 4.5676e-10 TSX
20120723 20160120 -2.1657e-06 4.8496e-10 TSX
20121024 20130109 3.7181e-06 7.0842e-10 TSX
20121027 20151226 9.5742e-06 4.4979e-10 TSX
20121030 20130311 -8.1337e-05 5.8889e-10 TSX
20121107 20171118 4.878e-05 4.7369e-10 TSX
20121221 20160208 2.3344e-05 4.2626e-10 TSX
20121224 20130516 -0.00021974 5.6943e-10 TSX
20121229 20130407 -0.00012949 6.6026e-10 TSX
20130104 20130217 -5.9969e-05 7.7813e-10 TSX
20130109 20130715 0.00019812 5.6224e-10 TSX
20130112 20140511 -4.5447e-05 4.3393e-10 TSX
20130115 20130721 -0.00040367 5.3725e-10 TSX
20130126 20130823 -0.00040453 5.0644e-10 TSX
20130131 20130429 -0.0001609 6.8271e-10 TSX
20130203 20130729 3.5959e-05 5.8457e-10 TSX
20130211 20130919 4.1535e-05 5.2591e-10 TSX
20130228 20141209 -5.0512e-05 3.9598e-10 TSX
20130311 20130801 -2.2606e-05 5.8994e-10 TSX
20130316 20130623 -0.00018843 6.6802e-10 TSX
20130402 20150122 0.00015474 4.561e-10 TSX
20130407 20140530 -4.8481e-06 4.4795e-10 TSX
20130421 20171016 -1.2606e-05 3.96e-10 TSX
20130424 20130721 -0.00052229 6.8372e-10 TSX
20130429 20130623 -0.00015847 7.6246e-10 TSX
20130505 20131028 -0.00064799 5.4384e-10 TSX
20130513 20151112 -1.9297e-06 4.2742e-10 TSX
20130516 20131017 -0.00030085 5.9884e-10 TSX
20130521 20130715 0.0002631 7.6941e-10 TSX
20130524 20171129 3.4774e-05 3.2891e-10 TSX
20130527 20140627 6.5187e-05 4.3793e-10 TSX
20130601 20130930 0.00013599 6.3377e-10 TSX
20130604 20141217 0.00017609 5.2789e-10 TSX
20130607 20140719 0.00010016 4.1207e-10 TSX
20130612 20150105 6.9509e-05 4.3074e-10 TSX
20130615 20160106 4.9716e-05 4.7663e-10 TSX
20130618 20140708 -3.0169e-05 4.495e-10 TSX
20130623 20130715 0.00075916 8.7036e-10 TSX
20130629 20130914 0.00016483 7.0103e-10 TSX
20130707 20150130 4.6633e-05 5.0225e-10 TSX
20130710 20140901 -1.0671e-05 3.9881e-10 TSX
20130715 20130726 -0.0025361 1.0173e-09 TSX
20130721 20131108 0.00047537 6.3461e-10 TSX
20130726 20150517 0.00018185 4.3627e-10 TSX
20130729 20160904 -1.6962e-05 4.6682e-10 TSX
20130801 20151115 3.6151e-05 4.738e-10 TSX
20130817 20140209 -8.4241e-05 5.7557e-10 TSX
20130828 20150312 -4.7737e-05 4.0605e-10 TSX
20130903 20150329 -3.2182e-05 3.5884e-10 TSX
20130919 20160309 -5.7801e-06 4.4284e-10 TSX
20130925 20140708 -3.8633e-05 4.6417e-10 TSX
20130930 20160411 -1.1904e-06 4.5251e-10 TSX
20131011 20150802 0.00014148 3.8745e-10 TSX
20131017 20140719 3.592e-05 4.4709e-10 TSX
20131028 20160304 2.0381e-06 3.1952e-10 TSX
20131102 20140519 1.842e-05 5.2444e-10 TSX
20131108 20140708 2.3044e-05 4.9499e-10 TSX
20140209 20160309 2.9324e-05 4.003e-10 TSX
20140223 20140829 0.00014352 5.1405e-10 TSX
20140408 20140705 4.8766e-05 6.6328e-10 TSX
20140419 20170913 0.00011326 3.801e-10 TSX
20140511 20141228 0.00011302 4.8027e-10 TSX
20140519 20150824 -4.5594e-05 4.3451e-10 TSX
20140624 20171005 0.00010058 4.8895e-10 TSX
20140627 20151115 6.1127e-05 4.3971e-10 TSX
20140705 20180911 6.6333e-06 3.6783e-10 TSX
20140708 20160406 2.2203e-05 3.9534e-10 TSX
20140716 20171005 -9.7164e-06 3.8943e-10 TSX
20140719 20151207 -0.00016252 3.9253e-10 TSX
20140727 20150326 2.1969e-05 4.6741e-10 TSX
20140810 20150122 -0.00022712 5.4129e-10 TSX
20140818 20160301 -3.525e-05 3.9522e-10 TSX
20140829 20160208 4.8876e-05 4.4918e-10 TSX
20140901 20140912 -0.00028791 9.7242e-10 TSX
20140912 20141209 -7.5984e-06 6.6695e-10 TSX
20140920 20170902 6.6509e-05 3.8242e-10 TSX
20141209 20160211 -0.00011388 3.8591e-10 TSX
20141217 20160722 4.9927e-05 4.3905e-10 TSX
20141228 20160106 8.4289e-05 4.6186e-10 TSX
20141231 20151024 3.6377e-05 4.3595e-10 TSX
20150105 20150824 0.00011101 5.1663e-10 TSX
20150108 20170811 -4.4368e-05 3.3517e-10 TSX
20150119 20160117 0.00021271 4.3857e-10 TSX
20150127 20160411 1.7803e-05 4.0103e-10 TSX
20150130 20151112 -2.0591e-05 5.3036e-10 TSX
20150210 20170114 -7.0757e-06 3.9045e-10 TSX
20150213 20160326 -0.00013984 4.2627e-10 TSX
20150218 20160216 -8.3767e-06 4.0849e-10 TSX
20150221 20180112 -6.0215e-05 4.1045e-10 TSX
20150304 20180911 3.8197e-05 3.9822e-10 TSX
20150307 20160211 -1.7025e-05 4.037e-10 TSX
20150312 20160320 -4.5247e-05 4.0442e-10 TSX
20150326 20150827 8.0821e-05 5.5986e-10 TSX
20150329 20151207 -5.9299e-05 4.5657e-10 TSX
20150428 20160425 0.00013224 4.2426e-10 TSX
20150509 20150827 5.0786e-05 6.2327e-10 TSX
20150517 20150824 1.7392e-05 6.6065e-10 TSX
20150520 20180911 1.6146e-05 3.918e-10 TSX
20150714 20170822 -2.7818e-06 4.5303e-10 TSX
20150725 20170924 -6.5149e-05 4.2658e-10 TSX
20150802 20160309 -0.00010598 4.9707e-10 TSX
20150805 20160403 -1.5412e-05 4.6175e-10 TSX
20150816 20171107 -2.4804e-05 4.3459e-10 TSX
20150824 20150915 0.00069998 8.6844e-10 TSX
20150827 20170902 0.00014936 3.9113e-10 TSX
20150915 20160216 -7.4876e-05 5.7124e-10 TSX
20151021 20160904 -8.6208e-05 4.8958e-10 TSX
20151101 20171016 -7.2821e-05 4.9122e-10 TSX
20151112 20160425 1.6789e-05 5.3655e-10 TSX
20151115 20151229 0.00011998 7.7814e-10 TSX
20151123 20171221 -4.6862e-05 4.6126e-10 TSX
20151204 20151215 0.00014802 9.8142e-10 TSX
20151207 20160406 -2.6003e-05 6.0359e-10 TSX
20151215 20170822 0.00022452 4.1851e-10 TSX
20151226 20161223 -1.8465e-05 3.9558e-10 TSX
20151229 20160211 4.4199e-05 7.7814e-10 TSX
20160106 20161223 -7.1256e-06 3.9923e-10 TSX
20160117 20160926 -5.307e-05 4.8374e-10 TSX
20160128 20160301 -0.0001793 8.1044e-10 TSX
20160208 20160312 -0.00012108 8.1044e-10 TSX
20160216 20160309 -0.0004115 8.6845e-10 TSX
20160219 20180319 3.7997e-05 4.0035e-10 TSX
20160301 20161201 3.0786e-05 4.391e-10 TSX
20160304 20160326 8.2459e-05 8.536e-10 TSX
20160312 20180319 3.6039e-05 3.7989e-10 TSX
20160320 20160411 0.00036956 8.6846e-10 TSX
20160323 20171118 5.9251e-05 5.1253e-10 TSX
20160326 20160406 -0.00050396 9.7235e-10 TSX
20160403 20171027 8.2846e-05 3.9144e-10 TSX
20160425 20170811 -0.0002473 4.4441e-10 TSX
20160528 20160630 -9.994e-05 8.1045e-10 TSX
20160630 20171118 0.00015688 4.9341e-10 TSX
20160722 20161201 0.00026943 5.8677e-10 TSX
20160904 20180707 7.1481e-05 5.9092e-10 TSX
20160915 20180911 -5.0523e-05 4.183e-10 TSX
20160926 20170114 0.00019165 6.5493e-10 TSX
20161201 20171027 -6.6109e-05 4.5295e-10 TSX
20161223 20171107 1.3396e-05 4.4822e-10 TSX
20170114 20170902 1.3221e-05 5.2325e-10 TSX
20170811 20171005 -8.0813e-05 7.4475e-10 TSX
20170822 20180707 -8.0884e-05 4.3359e-10 TSX
20170913 20180707 -0.00013823 4.4547e-10 TSX
20170924 20180319 3.0192e-05 5.246e-10 TSX
20171005 20171107 1.5209e-05 8.1046e-10 TSX
20171016 20180319 9.9963e-05 5.5281e-10 TSX
20171027 20180911 -9.8857e-05 4.3838e-10 TSX
20171107 20171118 6.6049e-05 9.8142e-10 TSX
20171118 20171129 5.5856e-05 9.8142e-10 TSX
20171129 20171221 -6.4682e-05 8.5448e-10 TSX
20171210 20180820 -9.9065e-05 4.7468e-10 TSX
20171221 20180911 -0.00010539 4.5454e-10 TSX
20180112 20181003 4.1527e-05 4.773e-10 TSX
20180319 20180707 -0.00024328 6.267e-10 TSX
20180707 20180911 9.0706e-05 7.1537e-10 TSX
20180729 20181003 -8.5814e-05 7.1537e-10 TSX
20180820 20181003 0.00012743 7.7612e-10 TSX
20180911 20181003 -0.00021587 8.5448e-10 TSX
