20030427 20030914 6.0169e-07 5.6883e-10 ERS2
20030914 20080629 -7.4496e-05 2.7467e-10 ERS2
20050918 20090510 3.6365e-05 3.0079e-10 ERS2
20051127 20081116 0.00020203 3.1456e-10 ERS2
20060903 20090510 -9.9179e-05 3.1155e-10 ERS2
20061231 20090105 0.00028017 3.1399e-10 ALOS
20070402 20070703 -0.00015019 6.6627e-10 ALOS
20070518 20091008 0.00013435 2.9937e-10 ALOS
20070818 20071003 -0.00032413 7.7503e-10 ALOS
20071217 20100509 0.00014964 3.001e-10 ALOS
20080103 20100526 0.0001128 3.0107e-10 ALOS
20080404 20080520 -1.1703e-05 7.7504e-10 ALOS
20080618 20090921 0.00010786 3.723e-10 ALOS
20080629 20090510 -0.0002463 4.1169e-10 ERS2
20080705 20091008 0.00012205 3.6527e-10 ALOS
20080803 20090823 2.8917e-05 3.8358e-10 ERS2
20081116 20090823 0.00014577 4.32e-10 ERS2
20081219 20090921 0.00056979 4.4606e-10 ALOS
20090105 20090708 0.00016915 5.2839e-10 ALOS
20090510 20091101 5.8189e-05 5.2066e-10 ERS2
20090708 20091008 0.0006857 6.662e-10 ALOS
20090823 20091101 6.8559e-05 6.9854e-10 ERS2
20091222 20100624 0.0005807 5.2539e-10 ALOS
20100108 20100223 0.00068287 7.7524e-10 ALOS
20100223 20100526 0.00022699 6.6614e-10 ALOS
20100410 20100711 9.7703e-05 6.6622e-10 ALOS
20100509 20100624 0.0005809 7.7307e-10 ALOS
20100526 20100711 0.00050415 7.7504e-10 ALOS
20100624 20101109 0.00011018 5.8396e-10 ALOS
20100711 20101011 4.5542e-05 6.6623e-10 ALOS
20100809 20101109 -1.1338e-05 6.6353e-10 ALOS
20101011 20101126 0.00037718 7.7504e-10 ALOS
20110111 20110226 0.00075985 7.7503e-10 ALOS
20110924 20130715 0.00019726 3.2307e-10 TSX
20111005 20121229 7.0455e-05 3.686e-10 TSX
20111121 20171221 6.2759e-05 2.4828e-10 TSX
20111221 20130131 0.00017614 3.8528e-10 TSX
20111224 20121027 2.0771e-05 4.1946e-10 TSX
20120126 20140419 -2.4926e-05 2.9078e-10 TSX
20120203 20160320 -2.7212e-06 2.4716e-10 TSX
20120206 20171107 5.5538e-05 2.479e-10 TSX
20120617 20171129 3.689e-05 2.5059e-10 TSX
20120723 20160120 0.00023669 2.6756e-10 TSX
20121024 20130109 9.2745e-05 7.0153e-10 TSX
20121027 20151226 1.4278e-05 2.6695e-10 TSX
20121030 20130311 0.00013642 5.8464e-10 TSX
20121107 20171118 2.984e-05 2.4754e-10 TSX
20121221 20160208 -9.8802e-06 2.6853e-10 TSX
20121224 20130516 -3.366e-05 5.6848e-10 TSX
20121229 20130407 0.00028938 6.5605e-10 TSX
20130104 20130217 0.00017731 7.7304e-10 TSX
20130109 20130715 0.00014702 5.2831e-10 TSX
20130112 20140511 -3.813e-05 3.5457e-10 TSX
20130115 20130721 -4.4719e-05 5.1396e-10 TSX
20130126 20130823 -6.9442e-06 4.9717e-10 TSX
20130131 20130429 4.3866e-05 6.7794e-10 TSX
20130203 20130729 1.5186e-06 5.2314e-10 TSX
20130211 20130919 0.00013483 4.9593e-10 TSX
20130228 20141209 0.00017676 3.1258e-10 TSX
20130311 20130801 -4.0928e-06 5.6843e-10 TSX
20130316 20130623 0.00013292 6.5606e-10 TSX
20130402 20150122 0.00017369 3.2647e-10 TSX
20130407 20140530 8.6908e-05 3.8081e-10 TSX
20130421 20171016 4.8407e-05 2.4975e-10 TSX
20130424 20130721 -0.00019616 6.6401e-10 TSX
20130429 20130623 -2.4889e-05 7.5401e-10 TSX
20130505 20131028 -0.00036692 5.3832e-10 TSX
20130513 20151112 2.4031e-05 2.8071e-10 TSX
20130516 20131017 -0.00014305 5.6014e-10 TSX
20130521 20130715 0.00014603 7.5404e-10 TSX
20130524 20171129 8.1955e-06 2.5608e-10 TSX
20130527 20140627 0.00016762 3.8342e-10 TSX
20130601 20130930 3.342e-05 6.1697e-10 TSX
20130604 20141217 5.0579e-06 3.3752e-10 TSX
20130607 20140719 0.00013133 3.7941e-10 TSX
20130612 20150105 0.00015139 3.3858e-10 TSX
20130615 20160106 8.1401e-06 2.757e-10 TSX
20130618 20140708 0.0001135 3.8779e-10 TSX
20130623 20130715 0.0005469 8.6127e-10 TSX
20130629 20130914 0.00022987 6.8827e-10 TSX
20130707 20150130 2.1891e-06 3.3826e-10 TSX
20130710 20140901 0.00017413 3.7656e-10 TSX
20130715 20130726 -0.0024894 1.0102e-09 TSX
20130721 20131108 0.00070096 6.2099e-10 TSX
20130726 20150517 0.00033168 3.2193e-10 TSX
20130729 20160904 -6.3859e-06 2.6924e-10 TSX
20130801 20151115 0.00016287 2.9157e-10 TSX
20130817 20140209 0.00014937 5.4096e-10 TSX
20130828 20150312 0.00021437 3.4071e-10 TSX
20130903 20150329 1.1664e-05 3.2462e-10 TSX
20130919 20160309 0.00017277 2.7398e-10 TSX
20130925 20140708 0.00015092 4.3129e-10 TSX
20130930 20160411 0.0001873 2.708e-10 TSX
20131011 20150802 0.00013917 3.2028e-10 TSX
20131017 20140719 0.00013264 4.3872e-10 TSX
20131028 20160304 -5.9138e-05 3.2669e-10 TSX
20131102 20140519 -9.5333e-05 5.1709e-10 TSX
20131108 20140708 7.1776e-05 4.6281e-10 TSX
20140209 20160309 0.00013403 3.058e-10 TSX
20140223 20140829 1.653e-05 5.1108e-10 TSX
20140408 20140705 -1.4598e-06 6.6128e-10 TSX
20140419 20170913 2.8371e-05 2.6308e-10 TSX
20140511 20141228 5.3836e-05 4.701e-10 TSX
20140519 20150824 0.00026975 3.6405e-10 TSX
20140624 20171005 2.7208e-05 2.6399e-10 TSX
20140627 20151115 0.0001491 3.3972e-10 TSX
20140705 20180911 3.5943e-05 2.553e-10 TSX
20140708 20160406 0.00020984 3.1273e-10 TSX
20140716 20171005 3.6363e-05 2.6337e-10 TSX
20140719 20151207 0.00015194 3.4035e-10 TSX
20140727 20150326 3.6146e-06 4.6165e-10 TSX
20140810 20150122 0.00010498 5.3918e-10 TSX
20140818 20160301 1.0517e-05 3.2458e-10 TSX
20140829 20160208 2.9807e-05 3.3059e-10 TSX
20140901 20140912 -0.00031263 9.6715e-10 TSX
20140912 20141209 0.00016184 6.64e-10 TSX
20140920 20170902 3.6705e-05 2.6921e-10 TSX
20141209 20160211 0.00010039 3.6329e-10 TSX
20141217 20160722 5.3844e-06 3.1906e-10 TSX
20141228 20160106 2.6193e-05 3.8227e-10 TSX
20141231 20151024 9.9039e-05 4.2519e-10 TSX
20150105 20150824 0.00011021 4.8608e-10 TSX
20150108 20170811 4.5225e-05 2.7983e-10 TSX
20150119 20160117 2.6322e-05 3.8721e-10 TSX
20150127 20160411 0.00019748 3.7083e-10 TSX
20150130 20151112 4.0998e-05 4.287e-10 TSX
20150210 20170114 2.8758e-05 2.9856e-10 TSX
20150213 20160326 8.0257e-05 4.2503e-10 TSX
20150218 20160216 0.00011956 4.0246e-10 TSX
20150221 20180112 3.0473e-05 2.5908e-10 TSX
20150304 20180911 8.2927e-06 2.5909e-10 TSX
20150307 20160211 0.00013789 4.0069e-10 TSX
20150312 20160320 6.8372e-05 3.9723e-10 TSX
20150326 20150827 2.7903e-05 5.4991e-10 TSX
20150329 20151207 9.4945e-05 4.5488e-10 TSX
20150428 20160425 6.32e-05 3.8741e-10 TSX
20150509 20150827 8.0643e-06 6.1797e-10 TSX
20150517 20150824 -0.00016438 6.5606e-10 TSX
20150520 20180911 2.2657e-05 2.6513e-10 TSX
20150714 20170822 2.9511e-05 2.8936e-10 TSX
20150725 20170924 -6.9642e-07 2.8933e-10 TSX
20150802 20160309 0.00010937 4.9591e-10 TSX
20150805 20160403 7.9575e-05 4.6121e-10 TSX
20150816 20171107 1.8701e-05 2.8734e-10 TSX
20150824 20150915 0.00063895 8.6117e-10 TSX
20150827 20170902 2.7539e-05 2.9455e-10 TSX
20150915 20160216 -2.1704e-06 5.6817e-10 TSX
20151021 20160904 -2.8575e-05 4.1217e-10 TSX
20151101 20171016 4.5084e-05 2.9798e-10 TSX
20151112 20160425 2.2792e-05 5.3608e-10 TSX
20151115 20151229 0.00019855 7.7304e-10 TSX
20151123 20171221 1.6787e-05 2.9353e-10 TSX
20151204 20151215 0.00016418 9.7747e-10 TSX
20151207 20160406 1.371e-05 6.0214e-10 TSX
20151215 20170822 3.3701e-05 3.1189e-10 TSX
20151226 20161223 3.9054e-05 3.9332e-10 TSX
20151229 20160211 1.6364e-05 7.7304e-10 TSX
20160106 20161223 5.7025e-05 3.979e-10 TSX
20160117 20160926 2.756e-05 4.5298e-10 TSX
20160128 20160301 -0.00020296 8.0623e-10 TSX
20160208 20160312 -7.1419e-05 8.0623e-10 TSX
20160216 20160309 -0.00038393 8.6117e-10 TSX
20160219 20180319 -4.0308e-06 2.9562e-10 TSX
20160301 20161201 8.2818e-05 4.3863e-10 TSX
20160304 20160326 0.00010097 8.4817e-10 TSX
20160312 20180319 -2.2668e-05 2.973e-10 TSX
20160320 20160411 0.0004925 8.6117e-10 TSX
20160323 20171118 2.9648e-05 3.1755e-10 TSX
20160326 20160406 -0.00050903 9.6708e-10 TSX
20160403 20171027 3.8295e-05 3.2205e-10 TSX
20160425 20170811 4.8176e-05 3.4619e-10 TSX
20160528 20160630 -1.1114e-05 8.0623e-10 TSX
20160630 20171118 2.0978e-05 3.3895e-10 TSX
20160722 20161201 0.00010888 5.8133e-10 TSX
20160904 20180707 1.1301e-05 3.2309e-10 TSX
20160915 20180911 -1.9042e-05 3e-10 TSX
20160926 20170114 3.5788e-05 6.1798e-10 TSX
20161201 20171027 2.325e-05 4.0692e-10 TSX
20161223 20171107 1.8711e-05 4.0916e-10 TSX
20170114 20170902 5.0694e-05 4.687e-10 TSX
20170811 20171005 -0.00010083 7.4118e-10 TSX
20170822 20180707 -2.8353e-05 4.1376e-10 TSX
20170913 20180707 -8.0438e-05 4.2499e-10 TSX
20170924 20180319 -1.9447e-05 5.2322e-10 TSX
20171005 20171107 3.3386e-05 8.0623e-10 TSX
20171016 20180319 -2.1904e-05 5.5008e-10 TSX
20171027 20180911 -2.7196e-05 4.1376e-10 TSX
20171107 20171118 6.9108e-05 9.7747e-10 TSX
20171118 20171129 5.0974e-05 9.7747e-10 TSX
20171129 20171221 -3.2268e-05 8.503e-10 TSX
20171210 20180820 -1.7111e-05 4.5341e-10 TSX
20171221 20180911 -7.2239e-06 4.457e-10 TSX
20180112 20181003 4.0581e-05 4.4565e-10 TSX
20180319 20180707 -7.4656e-05 6.1799e-10 TSX
20180707 20180911 0.00016427 7.1243e-10 TSX
20180729 20181003 7.3001e-05 7.1243e-10 TSX
20180820 20181003 0.00021349 7.7216e-10 TSX
20180911 20181003 -9.0379e-05 8.503e-10 TSX
