20030427 20030914 -0.00078827 5.6781e-10 ERS2
20030914 20080629 2.6746e-05 2.7243e-10 ERS2
20050918 20090510 -1.2338e-05 3.0083e-10 ERS2
20051127 20081116 8.2626e-06 3.052e-10 ERS2
20060903 20090510 5.3067e-05 3.1326e-10 ERS2
20061231 20090105 -1.9526e-05 3.1286e-10 ALOS
20070402 20070703 -0.00017668 6.6627e-10 ALOS
20070518 20091008 -2.6099e-05 2.975e-10 ALOS
20070818 20071003 -0.00046257 7.7594e-10 ALOS
20071217 20100509 -1.9276e-05 2.9867e-10 ALOS
20080103 20100526 8.5579e-06 2.9686e-10 ALOS
20080404 20080520 -4.4561e-05 7.7594e-10 ALOS
20080618 20090921 -2.8023e-05 3.7248e-10 ALOS
20080629 20090510 -0.00020287 4.152e-10 ERS2
20080705 20091008 -0.00010635 3.6497e-10 ALOS
20080803 20090823 -1.2293e-05 3.8591e-10 ERS2
20081116 20090823 -2.645e-05 4.3293e-10 ERS2
20081219 20090921 -7.4025e-05 4.4605e-10 ALOS
20090105 20090708 -0.00016358 5.2814e-10 ALOS
20090510 20091101 -6.3631e-06 5.2004e-10 ERS2
20090708 20091008 2.8594e-05 6.6632e-10 ALOS
20090823 20091101 0.00041704 6.9875e-10 ERS2
20091222 20100624 -5.2682e-05 5.2571e-10 ALOS
20100108 20100223 -0.00028861 7.7608e-10 ALOS
20100223 20100526 -3.0383e-05 6.6631e-10 ALOS
20100410 20100711 -7.1015e-05 6.6625e-10 ALOS
20100509 20100624 0.00068356 7.739e-10 ALOS
20100526 20100711 0.0003227 7.7595e-10 ALOS
20100624 20101109 -0.00010905 5.8398e-10 ALOS
20100711 20101011 -0.00028678 6.663e-10 ALOS
20100809 20101109 -2.6065e-05 6.636e-10 ALOS
20101011 20101126 0.00022977 7.7595e-10 ALOS
20110111 20110226 0.00050378 7.7594e-10 ALOS
20110924 20130715 1.6447e-05 3.2495e-10 TSX
20111005 20121229 -1.0591e-06 3.6829e-10 TSX
20111121 20171221 3.6667e-06 2.485e-10 TSX
20111221 20130131 -1.0447e-05 3.8513e-10 TSX
20111224 20121027 -1.2955e-05 4.1971e-10 TSX
20120126 20140419 -5.3479e-06 2.8975e-10 TSX
20120203 20160320 -1.6095e-05 2.5004e-10 TSX
20120206 20171107 5.0108e-06 2.6239e-10 TSX
20120617 20171129 -8.0846e-07 2.414e-10 TSX
20120723 20160120 -1.0486e-05 2.6874e-10 TSX
20121024 20130109 0.00022751 7.0173e-10 TSX
20121027 20151226 5.4703e-06 2.6508e-10 TSX
20121030 20130311 1.1857e-05 5.8465e-10 TSX
20121107 20171118 -1.0243e-05 2.5493e-10 TSX
20121221 20160208 -1.2979e-05 2.6541e-10 TSX
20121224 20130516 -4.7282e-05 5.6849e-10 TSX
20121229 20130407 -8.8412e-06 6.5608e-10 TSX
20130104 20130217 -5.7436e-05 7.7374e-10 TSX
20130109 20130715 6.7744e-06 5.2946e-10 TSX
20130112 20140511 -1.2853e-06 3.5456e-10 TSX
20130115 20130721 -0.0001161 5.1399e-10 TSX
20130126 20130823 -9.5296e-05 4.9266e-10 TSX
20130131 20130429 2.3919e-05 6.7803e-10 TSX
20130203 20130729 -1.5239e-05 5.2313e-10 TSX
20130211 20130919 3.8123e-05 4.959e-10 TSX
20130228 20141209 1.7588e-05 3.1301e-10 TSX
20130311 20130801 -4.0033e-05 5.6845e-10 TSX
20130316 20130623 2.2623e-05 6.5609e-10 TSX
20130402 20150122 5.0044e-05 2.9208e-10 TSX
20130407 20140530 -4.4169e-06 3.8064e-10 TSX
20130421 20171016 1.029e-05 2.4896e-10 TSX
20130424 20130721 -0.00019624 6.6406e-10 TSX
20130429 20130623 -5.6612e-05 7.547e-10 TSX
20130505 20131028 -0.00044618 5.2632e-10 TSX
20130513 20151112 1.8937e-05 2.7656e-10 TSX
20130516 20131017 -0.00018288 5.5322e-10 TSX
20130521 20130715 0.00023203 7.5472e-10 TSX
20130524 20171129 1.6116e-05 2.4963e-10 TSX
20130527 20140627 2.1143e-05 3.8361e-10 TSX
20130601 20130930 8.6568e-05 6.1695e-10 TSX
20130604 20141217 9.662e-06 3.397e-10 TSX
20130607 20140719 6.5135e-06 3.7956e-10 TSX
20130612 20150105 3.1027e-05 3.3884e-10 TSX
20130615 20160106 -4.7676e-07 2.7617e-10 TSX
20130618 20140708 -7.3961e-06 3.8799e-10 TSX
20130623 20130715 0.00056221 8.6329e-10 TSX
20130629 20130914 0.00014064 6.8836e-10 TSX
20130707 20150130 6.8274e-06 3.4018e-10 TSX
20130710 20140901 9.7439e-06 3.7606e-10 TSX
20130715 20130726 -0.0023537 1.0126e-09 TSX
20130721 20131108 0.00061531 6.2104e-10 TSX
20130726 20150517 4.9041e-05 3.2349e-10 TSX
20130729 20160904 -1.2856e-05 2.6852e-10 TSX
20130801 20151115 6.345e-06 2.9086e-10 TSX
20130817 20140209 -5.3006e-05 5.4099e-10 TSX
20130828 20150312 4.7497e-05 3.4084e-10 TSX
20130903 20150329 -0.00012542 3.1102e-10 TSX
20130919 20160309 3.3868e-06 2.745e-10 TSX
20130925 20140708 -8.962e-06 4.3131e-10 TSX
20130930 20160411 1.3791e-05 2.7222e-10 TSX
20131011 20150802 -7.0089e-06 3.2197e-10 TSX
20131017 20140719 -2.73e-05 4.388e-10 TSX
20131028 20160304 -1.6329e-05 3.0271e-10 TSX
20131102 20140519 -9.9731e-05 5.171e-10 TSX
20131108 20140708 -4.8414e-05 4.6283e-10 TSX
20140209 20160309 4.5367e-05 3.072e-10 TSX
20140223 20140829 1.0685e-05 5.1112e-10 TSX
20140408 20140705 8.0903e-06 6.6137e-10 TSX
20140419 20170913 1.7523e-05 2.6566e-10 TSX
20140511 20141228 -1.1651e-05 4.7014e-10 TSX
20140519 20150824 4.8147e-05 3.6423e-10 TSX
20140624 20171005 4.6022e-06 2.6612e-10 TSX
20140627 20151115 -3.9786e-05 3.3977e-10 TSX
20140705 20180911 -3.7002e-06 2.5358e-10 TSX
20140708 20160406 2.0736e-05 3.1173e-10 TSX
20140716 20171005 9.7172e-06 2.6719e-10 TSX
20140719 20151207 -6.9599e-06 3.3982e-10 TSX
20140727 20150326 1.4581e-05 4.6147e-10 TSX
20140810 20150122 6.0148e-05 5.3919e-10 TSX
20140818 20160301 5.7351e-06 3.2568e-10 TSX
20140829 20160208 6.1078e-06 3.3101e-10 TSX
20140901 20140912 -0.00027356 9.6907e-10 TSX
20140912 20141209 -1.5817e-05 6.6405e-10 TSX
20140920 20170902 1.6939e-05 2.7484e-10 TSX
20141209 20160211 -1.5949e-05 3.6391e-10 TSX
20141217 20160722 3.8479e-06 3.2051e-10 TSX
20141228 20160106 -1.4205e-05 3.8231e-10 TSX
20141231 20151024 7.3505e-07 4.2495e-10 TSX
20150105 20150824 -1.4485e-06 4.8609e-10 TSX
20150108 20170811 5.2351e-07 2.7808e-10 TSX
20150119 20160117 4.8353e-06 3.8748e-10 TSX
20150127 20160411 2.7644e-05 3.7109e-10 TSX
20150130 20151112 -3.3062e-06 4.284e-10 TSX
20150210 20170114 6.5797e-06 2.9801e-10 TSX
20150213 20160326 3.6773e-06 3.7082e-10 TSX
20150218 20160216 -1.3567e-05 4.0298e-10 TSX
20150221 20180112 3.3663e-05 2.6363e-10 TSX
20150304 20180911 6.4649e-06 2.6624e-10 TSX
20150307 20160211 2.5321e-05 4.008e-10 TSX
20150312 20160320 -8.3807e-05 3.9787e-10 TSX
20150326 20150827 -1.2371e-05 5.4981e-10 TSX
20150329 20151207 -2.0511e-05 4.5503e-10 TSX
20150428 20160425 1.1126e-05 3.8698e-10 TSX
20150509 20150827 2.0063e-05 6.1796e-10 TSX
20150517 20150824 -9.935e-05 6.5609e-10 TSX
20150520 20180911 5.298e-06 2.7877e-10 TSX
20150714 20170822 1.5261e-05 2.9204e-10 TSX
20150725 20170924 2.1048e-05 2.8891e-10 TSX
20150802 20160309 -2.2885e-05 4.9589e-10 TSX
20150805 20160403 4.8734e-05 4.6123e-10 TSX
20150816 20171107 2.4602e-05 2.872e-10 TSX
20150824 20150915 0.00060764 8.6318e-10 TSX
20150827 20170902 1.6553e-05 2.9459e-10 TSX
20150915 20160216 -9.4947e-05 5.6818e-10 TSX
20151021 20160904 -1.4494e-05 4.1273e-10 TSX
20151101 20171016 2.9623e-05 2.9831e-10 TSX
20151112 20160425 -5.5462e-07 5.3614e-10 TSX
20151115 20151229 0.00014425 7.7374e-10 TSX
20151123 20171221 1.6451e-05 2.9333e-10 TSX
20151204 20151215 0.00014355 9.7994e-10 TSX
20151207 20160406 -9.5325e-06 6.0216e-10 TSX
20151215 20170822 2.2553e-05 3.1197e-10 TSX
20151226 20161223 -5.251e-06 3.93e-10 TSX
20151229 20160211 2.2181e-05 7.7374e-10 TSX
20160106 20161223 2.1011e-05 3.9775e-10 TSX
20160117 20160926 -1.5527e-05 4.5288e-10 TSX
20160128 20160301 -0.00021052 8.0772e-10 TSX
20160208 20160312 -9.8232e-05 8.0772e-10 TSX
20160216 20160309 -0.00036012 8.6318e-10 TSX
20160219 20180319 2.2559e-05 2.9511e-10 TSX
20160301 20161201 3.6635e-05 4.3858e-10 TSX
20160304 20160326 7.1371e-05 8.4972e-10 TSX
20160312 20180319 4.1077e-05 2.9639e-10 TSX
20160320 20160411 0.00042985 8.6319e-10 TSX
20160323 20171118 1.0768e-05 3.171e-10 TSX
20160326 20160406 -0.0005791 9.69e-10 TSX
20160403 20171027 3.4442e-05 3.2293e-10 TSX
20160425 20170811 1.6519e-05 3.4701e-10 TSX
20160528 20160630 2.7362e-05 8.0772e-10 TSX
20160630 20171118 5.6774e-06 3.3984e-10 TSX
20160722 20161201 4.4717e-05 5.8135e-10 TSX
20160904 20180707 2.9544e-05 3.2259e-10 TSX
20160915 20180911 1.1937e-05 2.9966e-10 TSX
20160926 20170114 2.9097e-05 6.1801e-10 TSX
20161201 20171027 1.1292e-05 4.0745e-10 TSX
20161223 20171107 2.2102e-05 4.0901e-10 TSX
20170114 20170902 1.6e-05 4.6928e-10 TSX
20170811 20171005 -6.2588e-05 7.4176e-10 TSX
20170822 20180707 2.9407e-05 4.1393e-10 TSX
20170913 20180707 9.9993e-06 4.2544e-10 TSX
20170924 20180319 6.9017e-05 5.232e-10 TSX
20171005 20171107 8.3819e-06 8.0772e-10 TSX
20171016 20180319 4.4181e-05 5.5014e-10 TSX
20171027 20180911 1.646e-06 4.1396e-10 TSX
20171107 20171118 7.0308e-05 9.7994e-10 TSX
20171118 20171129 4.7647e-05 9.7994e-10 TSX
20171129 20171221 -8.741e-06 8.5234e-10 TSX
20171210 20180820 2.0029e-05 4.5323e-10 TSX
20171221 20180911 4.1913e-05 4.4567e-10 TSX
20180112 20181003 -2.2816e-06 4.4564e-10 TSX
20180319 20180707 -3.0022e-05 6.1802e-10 TSX
20180707 20180911 2.3737e-05 7.1275e-10 TSX
20180729 20181003 1.2363e-05 7.1275e-10 TSX
20180820 20181003 0.00014331 7.7313e-10 TSX
20180911 20181003 -8.3033e-05 8.5234e-10 TSX
