20030427 20030914 0.00068322 5.9209e-10 ERS2
20030914 20080629 0.00011109 2.7321e-10 ERS2
20050918 20090510 9.5676e-06 3.1656e-10 ERS2
20051127 20081116 1.343e-05 3.1818e-10 ERS2
20060903 20090510 -2.9245e-05 3.0813e-10 ERS2
20061231 20090105 4.7436e-05 3.1962e-10 ALOS
20070402 20070703 4.7311e-05 6.9768e-10 ALOS
20070518 20091008 -6.2416e-05 3.076e-10 ALOS
20070818 20071003 -0.00031779 7.9999e-10 ALOS
20071217 20100509 -0.00010526 3.0558e-10 ALOS
20080103 20100526 -5.8175e-05 3.0525e-10 ALOS
20080404 20080520 -2.6345e-05 7.9992e-10 ALOS
20080618 20090921 -0.00018042 3.7589e-10 ALOS
20080629 20090510 0.00027703 4.2322e-10 ERS2
20080705 20091008 0.00019156 3.7242e-10 ALOS
20080803 20090823 6.8192e-05 3.846e-10 ERS2
20081116 20090823 8.6717e-05 4.4225e-10 ERS2
20081219 20090921 0.0010548 4.5898e-10 ALOS
20090105 20090708 0.00016531 5.5043e-10 ALOS
20090510 20091101 -0.00013626 5.4109e-10 ERS2
20090708 20091008 0.0012802 6.9771e-10 ALOS
20090823 20091101 0.0011009 7.2989e-10 ERS2
20091222 20100624 0.00086859 5.4729e-10 ALOS
20100108 20100223 0.00068136 7.9999e-10 ALOS
20100223 20100526 -5.5979e-05 6.9759e-10 ALOS
20100410 20100711 -5.8092e-05 6.9758e-10 ALOS
20100509 20100624 0.00074054 7.9778e-10 ALOS
20100526 20100711 0.00055454 8e-10 ALOS
20100624 20101109 0.00028575 6.1144e-10 ALOS
20100711 20101011 0.00029724 6.9772e-10 ALOS
20100809 20101109 -0.00010933 6.9453e-10 ALOS
20101011 20101126 0.00027283 8.0003e-10 ALOS
20110111 20110226 0.0010123 7.999e-10 ALOS
20110924 20130715 1.8975e-05 3.3056e-10 TSX
20111005 20121229 -5.2181e-05 3.7537e-10 TSX
20111121 20171221 -2.6873e-05 3.1286e-10 TSX
20111221 20130131 -3.5176e-05 3.9336e-10 TSX
20111224 20121027 8.3759e-06 4.2633e-10 TSX
20120126 20140419 -2.2311e-06 2.8572e-10 TSX
20120203 20160320 -4.9215e-06 2.6154e-10 TSX
20120206 20171107 -4.3755e-06 3.227e-10 TSX
20120617 20171129 -1.2642e-05 2.9391e-10 TSX
20120723 20160120 -4.5788e-05 2.7516e-10 TSX
20121024 20130109 -4.4114e-05 7.3314e-10 TSX
20121027 20151226 -2.9285e-06 2.6062e-10 TSX
20121030 20130311 -5.834e-05 6.1115e-10 TSX
20121107 20171118 9.4766e-06 2.8553e-10 TSX
20121221 20160208 1.1077e-05 2.5899e-10 TSX
20121224 20130516 3.604e-05 5.9371e-10 TSX
20121229 20130407 3.4889e-06 6.8807e-10 TSX
20130104 20130217 7.6475e-05 7.9673e-10 TSX
20130109 20130715 0.00013004 5.5119e-10 TSX
20130112 20140511 3.1767e-05 3.5376e-10 TSX
20130115 20130721 -0.0001039 5.3391e-10 TSX
20130126 20130823 -6.171e-05 5.089e-10 TSX
20130131 20130429 5.8954e-05 7.1007e-10 TSX
20130203 20130729 8.8651e-06 5.4537e-10 TSX
20130211 20130919 7.255e-05 5.1477e-10 TSX
20130228 20141209 2.8208e-05 3.2151e-10 TSX
20130311 20130801 -1.5178e-05 5.9367e-10 TSX
20130316 20130623 -4.0894e-05 6.8808e-10 TSX
20130402 20150122 -5.8515e-05 2.9538e-10 TSX
20130407 20140530 5.5245e-06 3.8809e-10 TSX
20130421 20171016 3.7954e-06 3.133e-10 TSX
20130424 20130721 -0.0002129 6.9376e-10 TSX
20130429 20130623 -0.00016275 7.8197e-10 TSX
20130505 20131028 -0.00046855 5.4719e-10 TSX
20130513 20151112 1.8658e-05 2.7455e-10 TSX
20130516 20131017 -8.9973e-05 5.77e-10 TSX
20130521 20130715 0.00023234 7.8201e-10 TSX
20130524 20171129 1.6381e-05 2.8016e-10 TSX
20130527 20140627 1.6227e-05 3.8972e-10 TSX
20130601 20130930 0.00015832 6.4752e-10 TSX
20130604 20141217 5.3046e-06 3.3646e-10 TSX
20130607 20140719 8.3866e-05 3.8556e-10 TSX
20130612 20150105 -2.3641e-05 3.4522e-10 TSX
20130615 20160106 1.5859e-05 2.7343e-10 TSX
20130618 20140708 4.7671e-05 3.944e-10 TSX
20130623 20130715 0.00071014 8.7698e-10 TSX
20130629 20130914 0.00018668 7.1782e-10 TSX
20130707 20150130 -1.2682e-05 3.3771e-10 TSX
20130710 20140901 2.4014e-05 3.8153e-10 TSX
20130715 20130726 -0.0024145 1.0223e-09 TSX
20130721 20131108 0.00081421 6.4969e-10 TSX
20130726 20150517 -1.8246e-05 3.3025e-10 TSX
20130729 20160904 -1.2484e-05 2.6229e-10 TSX
20130801 20151115 1.0876e-05 2.9767e-10 TSX
20130817 20140209 -7.9399e-06 5.6502e-10 TSX
20130828 20150312 -1.0807e-05 3.4732e-10 TSX
20130903 20150329 -0.00013135 3.164e-10 TSX
20130919 20160309 -1.5759e-05 2.8321e-10 TSX
20130925 20140708 2.1765e-06 4.4247e-10 TSX
20130930 20160411 -6.3253e-05 2.8004e-10 TSX
20131011 20150802 -1.746e-05 3.2767e-10 TSX
20131017 20140719 -5.9448e-05 4.5058e-10 TSX
20131028 20160304 -0.00011107 2.6027e-10 TSX
20131102 20140519 2.2001e-05 5.3845e-10 TSX
20131108 20140708 3.7983e-05 4.7726e-10 TSX
20140209 20160309 -8.1468e-06 3.1485e-10 TSX
20140223 20140829 3.8905e-05 5.3185e-10 TSX
20140408 20140705 2.4465e-06 6.9481e-10 TSX
20140419 20170913 -9.0317e-06 3.077e-10 TSX
20140511 20141228 2.4572e-05 4.8533e-10 TSX
20140519 20150824 -3.224e-05 3.7073e-10 TSX
20140624 20171005 -3.1105e-05 2.9498e-10 TSX
20140627 20151115 -1.0698e-05 3.4728e-10 TSX
20140705 20180911 -1.9512e-05 2.848e-10 TSX
20140708 20160406 6.3994e-06 3.2083e-10 TSX
20140716 20171005 1.4522e-05 2.8777e-10 TSX
20140719 20151207 -1.9882e-05 3.4758e-10 TSX
20140727 20150326 -2.5173e-05 4.7539e-10 TSX
20140810 20150122 -2.3433e-06 5.6176e-10 TSX
20140818 20160301 6.9278e-06 3.2435e-10 TSX
20140829 20160208 -2.4596e-06 3.3236e-10 TSX
20140901 20140912 -0.00026033 9.7832e-10 TSX
20140912 20141209 -0.00011461 6.9375e-10 TSX
20140920 20170902 2.6222e-05 3.0229e-10 TSX
20141209 20160211 -7.8354e-05 3.7061e-10 TSX
20141217 20160722 5.8194e-06 3.2095e-10 TSX
20141228 20160106 6.02e-06 3.8816e-10 TSX
20141231 20151024 7.6533e-06 4.3537e-10 TSX
20150105 20150824 -2.852e-05 5.0379e-10 TSX
20150108 20170811 -1.9513e-05 3.2472e-10 TSX
20150119 20160117 7.2068e-05 3.9365e-10 TSX
20150127 20160411 -4.2262e-05 3.7718e-10 TSX
20150130 20151112 4.1391e-05 4.3941e-10 TSX
20150210 20170114 3.037e-06 3.0146e-10 TSX
20150213 20160326 0.00012244 3.7218e-10 TSX
20150218 20160216 -1.0164e-05 4.1112e-10 TSX
20150221 20180112 6.1108e-05 2.9168e-10 TSX
20150304 20180911 1.8684e-05 2.8505e-10 TSX
20150307 20160211 2.6159e-06 4.0914e-10 TSX
20150312 20160320 -3.8949e-05 4.0552e-10 TSX
20150326 20150827 2.937e-05 5.7517e-10 TSX
20150329 20151207 -3.2934e-05 4.6824e-10 TSX
20150428 20160425 -2.4688e-06 3.9344e-10 TSX
20150509 20150827 6.2471e-05 6.4944e-10 TSX
20150517 20150824 6.7531e-05 6.8808e-10 TSX
20150520 20180911 2.3456e-05 2.9497e-10 TSX
20150714 20170822 -9.1895e-06 3.2058e-10 TSX
20150725 20170924 1.0504e-05 3.229e-10 TSX
20150802 20160309 -0.0001069 5.1477e-10 TSX
20150805 20160403 -9.0901e-06 4.753e-10 TSX
20150816 20171107 -1.0088e-05 3.139e-10 TSX
20150824 20150915 0.00066221 8.7687e-10 TSX
20150827 20170902 -9.4062e-06 3.3094e-10 TSX
20150915 20160216 -0.0001181 5.95e-10 TSX
20151021 20160904 1.5468e-05 4.19e-10 TSX
20151101 20171016 -2.3319e-06 3.2515e-10 TSX
20151112 20160425 -5.3228e-05 5.5995e-10 TSX
20151115 20151229 0.00013184 7.9672e-10 TSX
20151123 20171221 7.4226e-06 3.1334e-10 TSX
20151204 20151215 0.0001576 9.908e-10 TSX
20151207 20160406 -0.00023909 6.2981e-10 TSX
20151215 20170822 -4.7982e-06 3.2662e-10 TSX
20151226 20161223 2.2545e-05 3.9675e-10 TSX
20151229 20160211 4.7586e-05 7.9672e-10 TSX
20160106 20161223 3.4858e-05 4.0185e-10 TSX
20160117 20160926 -2.8035e-06 4.658e-10 TSX
20160128 20160301 -0.00016219 8.2965e-10 TSX
20160208 20160312 -8.2395e-05 8.2965e-10 TSX
20160216 20160309 -0.00040325 8.7687e-10 TSX
20160219 20180319 -1.3619e-05 3.1398e-10 TSX
20160301 20161201 -1.2801e-05 4.4871e-10 TSX
20160304 20160326 -1.1116e-06 8.6318e-10 TSX
20160312 20180319 -1.7035e-05 3.1546e-10 TSX
20160320 20160411 0.00034224 8.7687e-10 TSX
20160323 20171118 -1.2304e-06 3.2518e-10 TSX
20160326 20160406 -0.00047132 9.7824e-10 TSX
20160403 20171027 4.8555e-06 3.364e-10 TSX
20160425 20170811 -1.0331e-05 3.5806e-10 TSX
20160528 20160630 -4.9482e-06 8.2965e-10 TSX
20160630 20171118 -1.1495e-05 3.4166e-10 TSX
20160722 20161201 -1.0871e-05 6.0988e-10 TSX
20160904 20180707 1.1846e-05 3.3777e-10 TSX
20160915 20180911 1.278e-05 3.0226e-10 TSX
20160926 20170114 2.5616e-05 6.495e-10 TSX
20161201 20171027 1.6078e-05 4.1296e-10 TSX
20161223 20171107 -1.5224e-05 4.1929e-10 TSX
20170114 20170902 6.4648e-05 4.8446e-10 TSX
20170811 20171005 -2.5306e-05 7.7251e-10 TSX
20170822 20180707 6.3588e-05 4.1964e-10 TSX
20170913 20180707 5.4085e-05 4.3319e-10 TSX
20170924 20180319 5.2476e-05 5.4544e-10 TSX
20171005 20171107 3.0971e-05 8.2965e-10 TSX
20171016 20180319 2.2837e-05 5.7544e-10 TSX
20171027 20180911 4.9179e-05 4.1968e-10 TSX
20171107 20171118 7.0642e-05 9.908e-10 TSX
20171118 20171129 5.1996e-05 9.908e-10 TSX
20171129 20171221 -1.4664e-05 8.6827e-10 TSX
20171210 20180820 8.5288e-05 4.6596e-10 TSX
20171221 20180911 1.4028e-05 4.5693e-10 TSX
20180112 20181003 -1.0441e-05 4.5705e-10 TSX
20180319 20180707 -1.0201e-05 6.4951e-10 TSX
20180707 20180911 0.00020283 7.4556e-10 TSX
20180729 20181003 3.4654e-05 7.4556e-10 TSX
20180820 20181003 0.0001142 8.0025e-10 TSX
20180911 20181003 -0.00018798 8.6829e-10 TSX
