20030427 20030914 2.5791e-05 5.6628e-10 ERS2
20030914 20080629 3.9876e-05 2.6535e-10 ERS2
20050918 20090510 9.5844e-06 3.0107e-10 ERS2
20051127 20081116 4.3905e-05 3.0708e-10 ERS2
20060903 20090510 9.0899e-05 3.0335e-10 ERS2
20061231 20090105 6.6342e-05 3.1362e-10 ALOS
20070402 20070703 -0.00010572 6.6839e-10 ALOS
20070518 20091008 3.0023e-05 3.0488e-10 ALOS
20070818 20071003 -0.0005209 7.7991e-10 ALOS
20071217 20100509 -3.8559e-05 2.9851e-10 ALOS
20080103 20100526 -2.707e-05 3.2152e-10 ALOS
20080404 20080520 8.653e-05 7.7987e-10 ALOS
20080618 20090921 -7.9317e-05 3.708e-10 ALOS
20080629 20090510 -0.00035802 4.1276e-10 ERS2
20080705 20091008 7.3525e-06 3.6656e-10 ALOS
20080803 20090823 5.5697e-06 3.8433e-10 ERS2
20081116 20090823 1.9122e-05 4.3199e-10 ERS2
20081219 20090921 0.00015231 4.4627e-10 ALOS
20090105 20090708 4.1187e-05 5.3006e-10 ALOS
20090510 20091101 0.00036539 5.2114e-10 ERS2
20090708 20091008 0.00023787 6.6862e-10 ALOS
20090823 20091101 0.00026847 7.0068e-10 ERS2
20091222 20100624 0.00024789 5.2533e-10 ALOS
20100108 20100223 0.00043296 7.8101e-10 ALOS
20100223 20100526 4.7563e-07 6.7101e-10 ALOS
20100410 20100711 -6.0478e-05 6.6775e-10 ALOS
20100509 20100624 0.00057417 7.7768e-10 ALOS
20100526 20100711 0.00048254 7.7993e-10 ALOS
20100624 20101109 -0.0001315 5.843e-10 ALOS
20100711 20101011 -0.00026013 6.6801e-10 ALOS
20100809 20101109 9.7875e-06 6.6512e-10 ALOS
20101011 20101126 0.00039031 7.7993e-10 ALOS
20110111 20110226 0.00070232 7.7991e-10 ALOS
20110924 20130715 1.7142e-05 3.2473e-10 TSX
20111005 20121229 -2.6004e-05 3.6952e-10 TSX
20111121 20171221 -5.2311e-06 2.8026e-10 TSX
20111221 20130131 4.1186e-06 3.8552e-10 TSX
20111224 20121027 1.1493e-05 4.1879e-10 TSX
20120126 20140419 -8.4809e-06 2.9528e-10 TSX
20120203 20160320 2.3633e-05 2.6392e-10 TSX
20120206 20171107 -8.4577e-06 2.5351e-10 TSX
20120617 20171129 1.5641e-06 2.6573e-10 TSX
20120723 20160120 1.6634e-05 2.8982e-10 TSX
20121024 20130109 -1.4325e-05 7.0448e-10 TSX
20121027 20151226 -3.495e-06 2.7853e-10 TSX
20121030 20130311 8.344e-05 5.8497e-10 TSX
20121107 20171118 -4.871e-06 2.6269e-10 TSX
20121221 20160208 4.2039e-06 2.8331e-10 TSX
20121224 20130516 -1.4051e-05 5.6868e-10 TSX
20121229 20130407 -3.2075e-05 6.5764e-10 TSX
20130104 20130217 0.00010873 7.7713e-10 TSX
20130109 20130715 9.2169e-05 5.3432e-10 TSX
20130112 20140511 -1.3457e-05 3.5752e-10 TSX
20130115 20130721 2.0215e-05 5.1418e-10 TSX
20130126 20130823 -7.0337e-05 5.3751e-10 TSX
20130131 20130429 0.00013104 6.8011e-10 TSX
20130203 20130729 5.0713e-06 5.2309e-10 TSX
20130211 20130919 -4.8023e-05 4.9604e-10 TSX
20130228 20141209 1.881e-05 3.133e-10 TSX
20130311 20130801 -8.5208e-05 5.6865e-10 TSX
20130316 20130623 8.5938e-05 6.5764e-10 TSX
20130402 20150122 5.3376e-05 4.0112e-10 TSX
20130407 20140530 6.3406e-05 3.8093e-10 TSX
20130421 20171016 -8.7799e-06 2.6311e-10 TSX
20130424 20130721 -6.3541e-05 6.6543e-10 TSX
20130429 20130623 -8.9866e-05 7.5858e-10 TSX
20130505 20131028 0.00014679 5.7554e-10 TSX
20130513 20151112 8.6585e-07 2.9263e-10 TSX
20130516 20131017 -0.00023059 5.7777e-10 TSX
20130521 20130715 6.6823e-05 7.5859e-10 TSX
20130524 20171129 1.3865e-07 2.5216e-10 TSX
20130527 20140627 1.3819e-05 3.8422e-10 TSX
20130601 20130930 -7.2108e-05 6.1775e-10 TSX
20130604 20141217 -4.984e-06 3.3896e-10 TSX
20130607 20140719 -3.1851e-05 3.8027e-10 TSX
20130612 20150105 2.5802e-05 3.4075e-10 TSX
20130615 20160106 1.0531e-05 2.935e-10 TSX
20130618 20140708 -3.3968e-05 3.8858e-10 TSX
20130623 20130715 0.0005965 8.6755e-10 TSX
20130629 20130914 2.2899e-06 7.0995e-10 TSX
20130707 20150130 -1.2578e-07 3.3925e-10 TSX
20130710 20140901 -3.99e-05 3.7669e-10 TSX
20130715 20130726 -0.0024088 1.0166e-09 TSX
20130721 20131108 -0.00033706 6.5986e-10 TSX
20130726 20150517 6.8811e-05 3.2162e-10 TSX
20130729 20160904 -1.1072e-05 2.673e-10 TSX
20130801 20151115 1.1823e-05 3.0468e-10 TSX
20130817 20140209 4.4737e-06 5.4113e-10 TSX
20130828 20150312 -1.488e-05 3.4251e-10 TSX
20130903 20150329 -0.00011419 4.746e-10 TSX
20130919 20160309 2.2563e-05 2.9487e-10 TSX
20130925 20140708 -8.7086e-05 4.633e-10 TSX
20130930 20160411 2.7409e-05 2.8708e-10 TSX
20131011 20150802 -1.2531e-05 3.2345e-10 TSX
20131017 20140719 -6.893e-05 4.8159e-10 TSX
20131028 20160304 2.5487e-05 3.3051e-10 TSX
20131102 20140519 0.00012906 5.1719e-10 TSX
20131108 20140708 -0.00016904 5.3257e-10 TSX
20140209 20160309 3.2255e-06 3.1604e-10 TSX
20140223 20140829 6.2418e-06 5.1101e-10 TSX
20140408 20140705 2.1068e-05 6.6281e-10 TSX
20140419 20170913 8.5619e-06 2.6304e-10 TSX
20140511 20141228 1.357e-05 4.7028e-10 TSX
20140519 20150824 -1.0538e-05 3.6763e-10 TSX
20140624 20171005 3.1542e-07 2.7451e-10 TSX
20140627 20151115 -1.2099e-05 3.4117e-10 TSX
20140705 20180911 -1.8288e-06 2.656e-10 TSX
20140708 20160406 2.8023e-05 3.3145e-10 TSX
20140716 20171005 2.6152e-06 2.6934e-10 TSX
20140719 20151207 -5.5275e-06 3.4242e-10 TSX
20140727 20150326 -5.7301e-06 4.6184e-10 TSX
20140810 20150122 3.8339e-05 5.7162e-10 TSX
20140818 20160301 1.0163e-05 3.2994e-10 TSX
20140829 20160208 -3.2911e-06 3.3639e-10 TSX
20140901 20140912 -0.00026013 9.7241e-10 TSX
20140912 20141209 7.9114e-06 6.6543e-10 TSX
20140920 20170902 3.9502e-06 2.8135e-10 TSX
20141209 20160211 -3.2423e-05 3.6633e-10 TSX
20141217 20160722 7.731e-07 3.2093e-10 TSX
20141228 20160106 3.4512e-06 3.8228e-10 TSX
20141231 20151024 -6.8482e-05 4.2594e-10 TSX
20150105 20150824 -1.7805e-05 4.8715e-10 TSX
20150108 20170811 9.4453e-06 2.8874e-10 TSX
20150119 20160117 6.7725e-06 3.8766e-10 TSX
20150127 20160411 -1.2739e-05 3.7379e-10 TSX
20150130 20151112 1.6047e-05 4.297e-10 TSX
20150210 20170114 1.4814e-05 3.0153e-10 TSX
20150213 20160326 0.00014518 3.9574e-10 TSX
20150218 20160216 -4.4875e-05 4.0243e-10 TSX
20150221 20180112 1.7248e-05 3.3995e-10 TSX
20150304 20180911 7.5903e-06 2.6682e-10 TSX
20150307 20160211 -3.735e-05 4.028e-10 TSX
20150312 20160320 2.0508e-05 3.9745e-10 TSX
20150326 20150827 4.2626e-05 5.4994e-10 TSX
20150329 20151207 -8.9678e-05 4.5496e-10 TSX
20150428 20160425 2.365e-05 3.8785e-10 TSX
20150509 20150827 6.1683e-05 6.196e-10 TSX
20150517 20150824 -0.0002706 6.5778e-10 TSX
20150520 20180911 -4.1669e-06 2.8438e-10 TSX
20150714 20170822 1.5079e-05 2.9697e-10 TSX
20150725 20170924 1.0607e-05 2.8994e-10 TSX
20150802 20160309 1.0408e-05 4.9609e-10 TSX
20150805 20160403 -2.7274e-05 4.6134e-10 TSX
20150816 20171107 -7.5765e-06 2.8978e-10 TSX
20150824 20150915 0.00049091 8.6746e-10 TSX
20150827 20170902 1.0746e-05 2.9712e-10 TSX
20150915 20160216 6.8319e-05 5.6849e-10 TSX
20151021 20160904 -4.0391e-05 4.1235e-10 TSX
20151101 20171016 1.384e-05 2.9843e-10 TSX
20151112 20160425 1.1613e-05 5.3611e-10 TSX
20151115 20151229 0.00013146 7.7712e-10 TSX
20151123 20171221 -9.8459e-07 2.9876e-10 TSX
20151204 20151215 0.00015288 9.8241e-10 TSX
20151207 20160406 3.0538e-06 6.0263e-10 TSX
20151215 20170822 2.1232e-05 3.1657e-10 TSX
20151226 20161223 1.4679e-05 3.9347e-10 TSX
20151229 20160211 1.45e-05 7.7712e-10 TSX
20160106 20161223 1.3448e-05 3.9815e-10 TSX
20160117 20160926 -2.0352e-06 4.5297e-10 TSX
20160128 20160301 -0.00010793 8.1093e-10 TSX
20160208 20160312 -7.8017e-05 8.1093e-10 TSX
20160216 20160309 -0.00028653 8.6746e-10 TSX
20160219 20180319 -5.5015e-07 2.9645e-10 TSX
20160301 20161201 -4.5514e-06 4.3852e-10 TSX
20160304 20160326 4.9601e-06 8.5328e-10 TSX
20160312 20180319 1.1967e-06 2.9825e-10 TSX
20160320 20160411 0.00037378 8.6747e-10 TSX
20160323 20171118 3.561e-06 3.1699e-10 TSX
20160326 20160406 -0.00047772 9.7233e-10 TSX
20160403 20171027 1.8328e-05 3.2591e-10 TSX
20160425 20170811 8.3777e-06 3.4657e-10 TSX
20160528 20160630 -1.3498e-05 8.1093e-10 TSX
20160630 20171118 5.0566e-06 3.3815e-10 TSX
20160722 20161201 5.5151e-05 5.8161e-10 TSX
20160904 20180707 2.3937e-05 3.2375e-10 TSX
20160915 20180911 -1.2116e-05 3.0043e-10 TSX
20160926 20170114 2.4918e-05 6.187e-10 TSX
20161201 20171027 9.3803e-06 4.064e-10 TSX
20161223 20171107 -1.0139e-05 4.0905e-10 TSX
20170114 20170902 1.7066e-05 4.687e-10 TSX
20170811 20171005 -3.5352e-05 7.4468e-10 TSX
20170822 20180707 -7.6645e-06 4.1288e-10 TSX
20170913 20180707 -6.7681e-06 4.2456e-10 TSX
20170924 20180319 -3.7745e-05 5.2315e-10 TSX
20171005 20171107 6.9058e-05 8.1093e-10 TSX
20171016 20180319 -1.4585e-06 5.5019e-10 TSX
20171027 20180911 -6.802e-06 4.1298e-10 TSX
20171107 20171118 7.5833e-05 9.8241e-10 TSX
20171118 20171129 5.2716e-05 9.8241e-10 TSX
20171129 20171221 -2.3596e-05 8.5524e-10 TSX
20171210 20180820 -2.7156e-05 4.537e-10 TSX
20171221 20180911 -2.0896e-05 4.4586e-10 TSX
20180112 20181003 2.7851e-05 4.4584e-10 TSX
20180319 20180707 -3.3054e-05 6.187e-10 TSX
20180707 20180911 0.00010137 7.152e-10 TSX
20180729 20181003 2.4422e-05 7.152e-10 TSX
20180820 20181003 9.5244e-05 7.7634e-10 TSX
20180911 20181003 -0.00013635 8.5524e-10 TSX
