20030427 20030914 -0.00079634 5.6692e-10 ERS2
20030914 20080629 3.5568e-05 2.7936e-10 ERS2
20050918 20090510 1.1296e-05 2.9731e-10 ERS2
20051127 20081116 -3.0785e-05 3.1975e-10 ERS2
20060903 20090510 2.2248e-05 3.0998e-10 ERS2
20061231 20090105 -7.0968e-05 3.1311e-10 ALOS
20070402 20070703 -0.00035094 6.6672e-10 ALOS
20070518 20091008 -2.9694e-05 2.9932e-10 ALOS
20070818 20071003 -0.0004037 7.774e-10 ALOS
20071217 20100509 -6.6279e-05 3.0366e-10 ALOS
20080103 20100526 1.0081e-06 2.9674e-10 ALOS
20080404 20080520 -3.6476e-05 7.7741e-10 ALOS
20080618 20090921 -0.00013266 3.7214e-10 ALOS
20080629 20090510 -6.8517e-05 4.1272e-10 ERS2
20080705 20091008 -4.049e-05 3.6543e-10 ALOS
20080803 20090823 -4.1768e-05 3.8375e-10 ERS2
20081116 20090823 -7.9509e-05 4.3204e-10 ERS2
20081219 20090921 0.00028704 4.4732e-10 ALOS
20090105 20090708 6.0044e-05 5.2894e-10 ALOS
20090510 20091101 -0.00020026 5.2192e-10 ERS2
20090708 20091008 0.00067676 6.6673e-10 ALOS
20090823 20091101 0.00017354 6.9934e-10 ERS2
20091222 20100624 3.9813e-05 5.2742e-10 ALOS
20100108 20100223 6.3825e-05 7.7757e-10 ALOS
20100223 20100526 -4.6362e-05 6.6672e-10 ALOS
20100410 20100711 -0.00015388 6.6664e-10 ALOS
20100509 20100624 0.00060385 7.7532e-10 ALOS
20100526 20100711 0.00043385 7.7741e-10 ALOS
20100624 20101109 0.00010927 5.8392e-10 ALOS
20100711 20101011 7.6798e-05 6.6674e-10 ALOS
20100809 20101109 -0.00016245 6.6401e-10 ALOS
20101011 20101126 0.00027231 7.7741e-10 ALOS
20110111 20110226 0.00068073 7.774e-10 ALOS
20110924 20130715 3.5264e-05 3.2267e-10 TSX
20111005 20121229 -1.8331e-06 3.6886e-10 TSX
20111121 20171221 5.546e-06 2.4833e-10 TSX
20111221 20130131 -9.2414e-06 3.8527e-10 TSX
20111224 20121027 -1.318e-05 4.1942e-10 TSX
20120126 20140419 -2.0836e-05 2.9063e-10 TSX
20120203 20160320 -1.1374e-05 2.508e-10 TSX
20120206 20171107 -7.0679e-06 2.5736e-10 TSX
20120617 20171129 -2.7808e-06 2.4907e-10 TSX
20120723 20160120 5.0909e-05 2.5904e-10 TSX
20121024 20130109 0.00011229 7.0257e-10 TSX
20121027 20151226 -2.2905e-05 2.6526e-10 TSX
20121030 20130311 1.6454e-05 5.8472e-10 TSX
20121107 20171118 1.108e-05 2.4852e-10 TSX
20121221 20160208 -3.616e-06 2.644e-10 TSX
20121224 20130516 -5.6386e-05 5.6854e-10 TSX
20121229 20130407 2.4713e-05 6.5643e-10 TSX
20130104 20130217 2.0634e-05 7.7509e-10 TSX
20130109 20130715 4.8978e-05 5.2856e-10 TSX
20130112 20140511 -2.2564e-05 3.5452e-10 TSX
20130115 20130721 -0.00016578 5.1398e-10 TSX
20130126 20130823 -5.7059e-05 4.9145e-10 TSX
20130131 20130429 -2.798e-05 6.7859e-10 TSX
20130203 20130729 -3.4694e-05 5.231e-10 TSX
20130211 20130919 5.0517e-06 4.9598e-10 TSX
20130228 20141209 2.2022e-05 3.1333e-10 TSX
20130311 20130801 -8.7048e-05 5.6848e-10 TSX
20130316 20130623 3.604e-05 6.5644e-10 TSX
20130402 20150122 1.0343e-05 2.9224e-10 TSX
20130407 20140530 -2.4549e-05 3.8078e-10 TSX
20130421 20171016 -6.2441e-06 2.5636e-10 TSX
20130424 20130721 -0.00024116 6.6448e-10 TSX
20130429 20130623 -9.7694e-06 7.5607e-10 TSX
20130505 20131028 -0.00044244 5.253e-10 TSX
20130513 20151112 6.5942e-06 2.7801e-10 TSX
20130516 20131017 -0.00014321 5.5322e-10 TSX
20130521 20130715 0.00028001 7.5609e-10 TSX
20130524 20171129 7.3252e-07 2.5217e-10 TSX
20130527 20140627 1.2027e-05 3.8368e-10 TSX
20130601 20130930 0.00018513 6.1703e-10 TSX
20130604 20141217 -1.7744e-05 3.3667e-10 TSX
20130607 20140719 2.9121e-05 3.8031e-10 TSX
20130612 20150105 -4.3721e-05 3.3887e-10 TSX
20130615 20160106 4.9702e-06 2.7305e-10 TSX
20130618 20140708 9.3915e-06 3.8771e-10 TSX
20130623 20130715 0.00061687 8.6469e-10 TSX
20130629 20130914 0.00020181 6.8901e-10 TSX
20130707 20150130 -2.0895e-05 3.3652e-10 TSX
20130710 20140901 -1.111e-05 3.7694e-10 TSX
20130715 20130726 -0.0024332 1.0138e-09 TSX
20130721 20131108 0.0006894 6.212e-10 TSX
20130726 20150517 4.0619e-05 3.2141e-10 TSX
20130729 20160904 -3.7663e-05 2.6675e-10 TSX
20130801 20151115 2.9664e-05 2.9322e-10 TSX
20130817 20140209 -0.00013727 5.4092e-10 TSX
20130828 20150312 1.0314e-06 3.4076e-10 TSX
20130903 20150329 -9.8908e-05 3.1142e-10 TSX
20130919 20160309 5.7607e-06 2.8382e-10 TSX
20130925 20140708 -3.5617e-05 4.3136e-10 TSX
20130930 20160411 -4.4173e-05 2.8197e-10 TSX
20131011 20150802 -1.6092e-05 3.2015e-10 TSX
20131017 20140719 2.5777e-06 4.3881e-10 TSX
20131028 20160304 -1.2376e-05 2.7973e-10 TSX
20131102 20140519 -7.9585e-05 5.171e-10 TSX
20131108 20140708 -5.8578e-05 4.6283e-10 TSX
20140209 20160309 4.2276e-05 3.0537e-10 TSX
20140223 20140829 3.8646e-06 5.1109e-10 TSX
20140408 20140705 -3.7253e-05 6.6172e-10 TSX
20140419 20170913 1.9884e-05 2.6444e-10 TSX
20140511 20141228 -8.2722e-06 4.7016e-10 TSX
20140519 20150824 2.8563e-06 3.6452e-10 TSX
20140624 20171005 -2.2887e-06 2.6525e-10 TSX
20140627 20151115 -6.6735e-05 3.3985e-10 TSX
20140705 20180911 -5.2978e-06 2.5717e-10 TSX
20140708 20160406 3.3357e-05 3.1327e-10 TSX
20140716 20171005 -5.2436e-06 2.6836e-10 TSX
20140719 20151207 -3.9165e-05 3.411e-10 TSX
20140727 20150326 -2.5193e-05 4.616e-10 TSX
20140810 20150122 3.8151e-06 5.393e-10 TSX
20140818 20160301 -1.9422e-05 3.2516e-10 TSX
20140829 20160208 9.3077e-06 3.3145e-10 TSX
20140901 20140912 -0.0002722 9.7014e-10 TSX
20140912 20141209 -6.2029e-05 6.6448e-10 TSX
20140920 20170902 1.2721e-05 2.7273e-10 TSX
20141209 20160211 -6.4934e-05 3.6388e-10 TSX
20141217 20160722 -2.7261e-05 3.1973e-10 TSX
20141228 20160106 4.1931e-06 3.8215e-10 TSX
20141231 20151024 1.1806e-05 4.2505e-10 TSX
20150105 20150824 -3.8517e-05 4.8611e-10 TSX
20150108 20170811 -8.8754e-06 2.7833e-10 TSX
20150119 20160117 -9.5153e-06 3.8738e-10 TSX
20150127 20160411 -2.5935e-05 3.7243e-10 TSX
20150130 20151112 -1.0328e-06 4.2845e-10 TSX
20150210 20170114 -1.5607e-05 2.9954e-10 TSX
20150213 20160326 4.0459e-05 3.7007e-10 TSX
20150218 20160216 -4.4213e-05 4.0276e-10 TSX
20150221 20180112 -2.747e-05 2.6562e-10 TSX
20150304 20180911 8.6344e-06 2.7111e-10 TSX
20150307 20160211 -1.8621e-05 4.008e-10 TSX
20150312 20160320 -0.0001094 3.9765e-10 TSX
20150326 20150827 5.5666e-06 5.4973e-10 TSX
20150329 20151207 -5.8454e-05 4.5488e-10 TSX
20150428 20160425 1.3713e-06 3.8674e-10 TSX
20150509 20150827 1.6407e-05 6.1802e-10 TSX
20150517 20150824 -7.0176e-05 6.5643e-10 TSX
20150520 20180911 -5.9829e-06 2.6828e-10 TSX
20150714 20170822 5.5025e-06 2.9391e-10 TSX
20150725 20170924 -2.407e-05 2.9275e-10 TSX
20150802 20160309 -9.6108e-05 4.9595e-10 TSX
20150805 20160403 -2.5337e-05 4.6124e-10 TSX
20150816 20171107 -1.6878e-05 2.91e-10 TSX
20150824 20150915 0.00061338 8.6457e-10 TSX
20150827 20170902 -1.4017e-05 3.0021e-10 TSX
20150915 20160216 -0.00011678 5.6811e-10 TSX
20151021 20160904 -0.0001017 4.1276e-10 TSX
20151101 20171016 -1.4115e-05 3.0095e-10 TSX
20151112 20160425 -3.9082e-05 5.3609e-10 TSX
20151115 20151229 0.0001731 7.7508e-10 TSX
20151123 20171221 -2.3454e-05 2.9652e-10 TSX
20151204 20151215 0.0001642 9.8056e-10 TSX
20151207 20160406 -9.7291e-05 6.0224e-10 TSX
20151215 20170822 2.5761e-06 3.1552e-10 TSX
20151226 20161223 9.0356e-06 3.934e-10 TSX
20151229 20160211 3.1445e-05 7.7508e-10 TSX
20160106 20161223 2.4725e-06 3.9794e-10 TSX
20160117 20160926 -2.5966e-05 4.5302e-10 TSX
20160128 20160301 -0.00021678 8.0893e-10 TSX
20160208 20160312 -7.3209e-05 8.0893e-10 TSX
20160216 20160309 -0.00037824 8.6457e-10 TSX
20160219 20180319 -3.1913e-07 2.9635e-10 TSX
20160301 20161201 3.074e-05 4.3872e-10 TSX
20160304 20160326 3.6555e-05 8.51e-10 TSX
20160312 20180319 -2.5986e-05 2.9901e-10 TSX
20160320 20160411 0.00043658 8.6458e-10 TSX
20160323 20171118 -2.8373e-06 3.1799e-10 TSX
20160326 20160406 -0.00051519 9.7007e-10 TSX
20160403 20171027 9.2799e-06 3.2131e-10 TSX
20160425 20170811 5.1348e-06 3.4894e-10 TSX
20160528 20160630 3.4143e-05 8.0893e-10 TSX
20160630 20171118 9.7771e-06 3.3944e-10 TSX
20160722 20161201 4.7399e-05 5.8131e-10 TSX
20160904 20180707 3.5453e-05 3.2428e-10 TSX
20160915 20180911 -1.8788e-05 3.0145e-10 TSX
20160926 20170114 1.0393e-05 6.1807e-10 TSX
20161201 20171027 -1.1737e-06 4.071e-10 TSX
20161223 20171107 -1.5265e-05 4.0918e-10 TSX
20170114 20170902 -6.9516e-06 4.684e-10 TSX
20170811 20171005 -7.9484e-05 7.4285e-10 TSX
20170822 20180707 -2.1894e-05 4.1357e-10 TSX
20170913 20180707 -1.1326e-05 4.2518e-10 TSX
20170924 20180319 3.4227e-05 5.2319e-10 TSX
20171005 20171107 6.1601e-06 8.0893e-10 TSX
20171016 20180319 1.869e-05 5.5007e-10 TSX
20171027 20180911 -4.0325e-05 4.136e-10 TSX
20171107 20171118 7.5724e-05 9.8056e-10 TSX
20171118 20171129 4.8562e-05 9.8056e-10 TSX
20171129 20171221 4.1515e-06 8.533e-10 TSX
20171210 20180820 -6.5788e-06 4.5345e-10 TSX
20171221 20180911 3.4559e-05 4.4588e-10 TSX
20180112 20181003 -2.2716e-05 4.4571e-10 TSX
20180319 20180707 -5.692e-05 6.1808e-10 TSX
20180707 20180911 3.0428e-05 7.1359e-10 TSX
20180729 20181003 1.5159e-05 7.1359e-10 TSX
20180820 20181003 0.00014194 7.7438e-10 TSX
20180911 20181003 -0.00010784 8.533e-10 TSX
