20030427 20030914 -0.00014385 5.7787e-10 ERS2
20030914 20080629 3.0164e-05 3.1634e-10 ERS2
20050918 20090510 7.9784e-05 3.0855e-10 ERS2
20051127 20081116 -5.329e-05 3.35e-10 ERS2
20060903 20090510 0.0001352 3.141e-10 ERS2
20061231 20090105 0.00011226 3.2342e-10 ALOS
20070402 20070703 -0.00013368 6.7877e-10 ALOS
20070518 20091008 4.3742e-06 3.0756e-10 ALOS
20070818 20071003 -0.0003444 7.8819e-10 ALOS
20071217 20100509 -0.00010121 3.0339e-10 ALOS
20080103 20100526 -2.8231e-05 3.077e-10 ALOS
20080404 20080520 -3.7767e-06 7.8819e-10 ALOS
20080618 20090921 -7.2617e-05 3.7485e-10 ALOS
20080629 20090510 -0.00065208 4.1918e-10 ERS2
20080705 20091008 0.00010433 3.6638e-10 ALOS
20080803 20090823 -4.1283e-05 3.8533e-10 ERS2
20081116 20090823 1.3132e-05 4.3501e-10 ERS2
20081219 20090921 0.00049789 4.4846e-10 ALOS
20090105 20090708 9.3924e-05 5.337e-10 ALOS
20090510 20091101 -0.00049905 5.2694e-10 ERS2
20090708 20091008 0.00090862 6.7902e-10 ALOS
20090823 20091101 0.00016368 7.1315e-10 ERS2
20091222 20100624 0.00024617 5.3151e-10 ALOS
20100108 20100223 0.00060885 7.884e-10 ALOS
20100223 20100526 -0.0001234 6.7975e-10 ALOS
20100410 20100711 -0.00018221 6.7879e-10 ALOS
20100509 20100624 0.00086984 7.8605e-10 ALOS
20100526 20100711 0.0006418 7.882e-10 ALOS
20100624 20101109 9.3024e-05 5.9249e-10 ALOS
20100711 20101011 0.00025612 6.7898e-10 ALOS
20100809 20101109 -2.525e-05 6.7602e-10 ALOS
20101011 20101126 0.00014108 7.882e-10 ALOS
20110111 20110226 0.00082034 7.8817e-10 ALOS
20110924 20130715 5.0891e-05 3.2861e-10 TSX
20111005 20121229 -3.3294e-05 3.7036e-10 TSX
20111121 20171221 -8.9757e-06 2.8313e-10 TSX
20111221 20130131 -3.7676e-05 3.8678e-10 TSX
20111224 20121027 -7.7427e-05 4.2227e-10 TSX
20120126 20140419 -1.3893e-05 3.067e-10 TSX
20120203 20160320 -2.3789e-05 2.9571e-10 TSX
20120206 20171107 -4.7249e-07 2.7807e-10 TSX
20120617 20171129 1.738e-05 2.9642e-10 TSX
20120723 20160120 -2.0198e-05 3.057e-10 TSX
20121024 20130109 0.00019064 7.1564e-10 TSX
20121027 20151226 6.2591e-06 2.7702e-10 TSX
20121030 20130311 1.852e-05 5.9311e-10 TSX
20121107 20171118 8.1178e-06 3.036e-10 TSX
20121221 20160208 1.7878e-05 3.0435e-10 TSX
20121224 20130516 -0.00016293 5.7612e-10 TSX
20121229 20130407 6.2469e-06 6.6858e-10 TSX
20130104 20130217 2.7206e-05 7.855e-10 TSX
20130109 20130715 6.8922e-05 5.3683e-10 TSX
20130112 20140511 1.8724e-05 3.5793e-10 TSX
20130115 20130721 -0.0002188 5.1854e-10 TSX
20130126 20130823 -4.1878e-05 5.403e-10 TSX
20130131 20130429 -8.1431e-05 6.9136e-10 TSX
20130203 20130729 -1.7389e-05 5.2999e-10 TSX
20130211 20130919 9.3207e-05 4.9955e-10 TSX
20130228 20141209 6.146e-05 3.2226e-10 TSX
20130311 20130801 -8.8198e-05 5.7598e-10 TSX
20130316 20130623 2.8237e-05 6.6858e-10 TSX
20130402 20150122 2.4942e-05 4.1581e-10 TSX
20130407 20140530 -5.7242e-05 3.8221e-10 TSX
20130421 20171016 -9.0343e-07 2.7331e-10 TSX
20130424 20130721 -0.0002949 6.7626e-10 TSX
20130429 20130623 -8.5892e-05 7.681e-10 TSX
20130505 20131028 -0.00089316 5.7074e-10 TSX
20130513 20151112 5.0422e-05 2.9812e-10 TSX
20130516 20131017 -0.00016318 6.0131e-10 TSX
20130521 20130715 0.00037188 7.6813e-10 TSX
20130524 20171129 9.0392e-06 2.9253e-10 TSX
20130527 20140627 -2.1941e-05 3.8568e-10 TSX
20130601 20130930 0.00026978 6.2739e-10 TSX
20130604 20141217 3.7937e-05 3.4729e-10 TSX
20130607 20140719 1.7047e-05 3.8171e-10 TSX
20130612 20150105 5.7355e-06 3.4876e-10 TSX
20130615 20160106 1.2861e-05 3.1353e-10 TSX
20130618 20140708 3.0236e-05 3.904e-10 TSX
20130623 20130715 0.00076879 8.7095e-10 TSX
20130629 20130914 0.00022446 7.2032e-10 TSX
20130707 20150130 2.6587e-05 3.4295e-10 TSX
20130710 20140901 2.9502e-05 3.7861e-10 TSX
20130715 20130726 -0.0024649 1.0182e-09 TSX
20130721 20131108 0.0012319 6.5685e-10 TSX
20130726 20150517 -8.7355e-06 3.3445e-10 TSX
20130729 20160904 -4.496e-05 2.9369e-10 TSX
20130801 20151115 2.9745e-05 3.2252e-10 TSX
20130817 20140209 -9.473e-05 5.4686e-10 TSX
20130828 20150312 9.5324e-05 3.5246e-10 TSX
20130903 20150329 -0.00017895 4.0262e-10 TSX
20130919 20160309 -7.8148e-07 3.1393e-10 TSX
20130925 20140708 -0.0003332 4.6597e-10 TSX
20130930 20160411 -5.1576e-06 3.0012e-10 TSX
20131011 20150802 4.7537e-05 3.5381e-10 TSX
20131017 20140719 4.5569e-05 4.647e-10 TSX
20131028 20160304 1.5389e-05 3.0461e-10 TSX
20131102 20140519 -0.00015828 5.2176e-10 TSX
20131108 20140708 -0.00019788 5.0937e-10 TSX
20140209 20160309 6.3787e-05 3.3618e-10 TSX
20140223 20140829 7.6857e-05 5.1726e-10 TSX
20140408 20140705 3.0454e-05 6.7583e-10 TSX
20140419 20170913 5.5643e-06 3.4513e-10 TSX
20140511 20141228 6.2045e-05 4.7464e-10 TSX
20140519 20150824 3.4037e-05 3.742e-10 TSX
20140624 20171005 4.2439e-05 2.924e-10 TSX
20140627 20151115 -4.3345e-06 3.5221e-10 TSX
20140705 20180911 -7.2538e-06 3.0427e-10 TSX
20140708 20160406 -4.0376e-06 3.3381e-10 TSX
20140716 20171005 -2.7405e-05 2.9693e-10 TSX
20140719 20151207 -2.5352e-05 3.5237e-10 TSX
20140727 20150326 -8.7738e-06 4.6563e-10 TSX
20140810 20150122 -3.6833e-05 5.6145e-10 TSX
20140818 20160301 -3.7888e-05 3.317e-10 TSX
20140829 20160208 -2.8131e-05 3.4858e-10 TSX
20140901 20140912 -0.00029877 9.7428e-10 TSX
20140912 20141209 -4.4644e-05 6.7626e-10 TSX
20140920 20170902 -4.1821e-05 3.2285e-10 TSX
20141209 20160211 -7.6169e-05 3.7709e-10 TSX
20141217 20160722 -3.8613e-05 3.2603e-10 TSX
20141228 20160106 -1.4683e-05 3.908e-10 TSX
20141231 20151024 1.1875e-05 4.2911e-10 TSX
20150105 20150824 -7.0199e-05 4.901e-10 TSX
20150108 20170811 -3.114e-05 3.0353e-10 TSX
20150119 20160117 -3.4732e-05 3.9044e-10 TSX
20150127 20160411 -2.3086e-05 3.9315e-10 TSX
20150130 20151112 2.1097e-05 4.3222e-10 TSX
20150210 20170114 -3.5587e-05 3.45e-10 TSX
20150213 20160326 7.7368e-05 4.1373e-10 TSX
20150218 20160216 1.0339e-05 4.0396e-10 TSX
20150221 20180112 1.8064e-05 3.5653e-10 TSX
20150304 20180911 2.442e-07 3.1445e-10 TSX
20150307 20160211 -2.5537e-05 4.0762e-10 TSX
20150312 20160320 -0.00012945 3.9906e-10 TSX
20150326 20150827 -3.4627e-05 5.5875e-10 TSX
20150329 20151207 -4.8697e-06 4.578e-10 TSX
20150428 20160425 -1.4825e-06 3.9273e-10 TSX
20150509 20150827 4.7455e-05 6.3031e-10 TSX
20150517 20150824 2.927e-05 6.686e-10 TSX
20150520 20180911 -4.3777e-05 2.9384e-10 TSX
20150714 20170822 -1.8297e-05 3.1868e-10 TSX
20150725 20170924 3.8365e-06 3.1151e-10 TSX
20150802 20160309 -0.00016008 5.0119e-10 TSX
20150805 20160403 -6.5218e-05 4.6729e-10 TSX
20150816 20171107 -1.2399e-05 3.1147e-10 TSX
20150824 20150915 0.00078888 8.7085e-10 TSX
20150827 20170902 -2.5449e-05 3.1627e-10 TSX
20150915 20160216 -0.00016139 5.7566e-10 TSX
20151021 20160904 -0.00019747 4.197e-10 TSX
20151101 20171016 -4.6507e-05 3.17e-10 TSX
20151112 20160425 -0.00013484 5.4391e-10 TSX
20151115 20151229 0.00011427 7.855e-10 TSX
20151123 20171221 -3.5561e-05 3.0716e-10 TSX
20151204 20151215 0.00015993 9.846e-10 TSX
20151207 20160406 -0.00017856 6.1151e-10 TSX
20151215 20170822 -6.012e-06 3.3276e-10 TSX
20151226 20161223 -3.6561e-05 3.9719e-10 TSX
20151229 20160211 -4.4047e-05 7.855e-10 TSX
20160106 20161223 -1.0227e-05 4.0143e-10 TSX
20160117 20160926 -5.6023e-05 4.6047e-10 TSX
20160128 20160301 -0.00016525 8.1832e-10 TSX
20160208 20160312 -0.00016815 8.1832e-10 TSX
20160216 20160309 -0.00041413 8.7085e-10 TSX
20160219 20180319 3.3284e-05 3.12e-10 TSX
20160301 20161201 2.0523e-05 4.4191e-10 TSX
20160304 20160326 5.2708e-05 8.5711e-10 TSX
20160312 20180319 3.9962e-05 3.1022e-10 TSX
20160320 20160411 0.00037198 8.7086e-10 TSX
20160323 20171118 1.1232e-06 3.304e-10 TSX
20160326 20160406 -0.00051369 9.7421e-10 TSX
20160403 20171027 -7.0598e-07 3.3913e-10 TSX
20160425 20170811 1.0446e-05 3.5865e-10 TSX
20160528 20160630 2.1004e-05 8.1832e-10 TSX
20160630 20171118 2.0018e-05 3.4751e-10 TSX
20160722 20161201 0.0001636 5.917e-10 TSX
20160904 20180707 2.8937e-05 3.3023e-10 TSX
20160915 20180911 -3.0225e-05 3.1248e-10 TSX
20160926 20170114 9.4592e-05 6.3055e-10 TSX
20161201 20171027 8.7145e-07 4.1171e-10 TSX
20161223 20171107 -1.4906e-05 4.1439e-10 TSX
20170114 20170902 -4.0557e-05 4.7793e-10 TSX
20170811 20171005 -7.9469e-06 7.5644e-10 TSX
20170822 20180707 -4.2855e-05 4.1651e-10 TSX
20170913 20180707 -8.2255e-05 4.2944e-10 TSX
20170924 20180319 0.00011156 5.3013e-10 TSX
20171005 20171107 6.7528e-05 8.1832e-10 TSX
20171016 20180319 0.00013873 5.5863e-10 TSX
20171027 20180911 -0.00010177 4.1656e-10 TSX
20171107 20171118 9.4915e-05 9.846e-10 TSX
20171118 20171129 5.1648e-05 9.846e-10 TSX
20171129 20171221 -4.9871e-05 8.5979e-10 TSX
20171210 20180820 -0.00014034 4.5712e-10 TSX
20171221 20180911 -0.00013419 4.4934e-10 TSX
20180112 20181003 4.7584e-05 4.4928e-10 TSX
20180319 20180707 -0.00033715 6.3048e-10 TSX
20180707 20180911 9.1892e-05 7.2801e-10 TSX
20180729 20181003 1.0245e-05 7.2801e-10 TSX
20180820 20181003 0.00019686 7.8627e-10 TSX
20180911 20181003 -0.00013297 8.5979e-10 TSX
