20030427 20030914 -0.00027525 5.653e-10 ERS2
20030914 20080629 -8.3227e-05 2.6995e-10 ERS2
20050918 20090510 -6.0237e-05 2.9989e-10 ERS2
20051127 20081116 1.2689e-05 3.1834e-10 ERS2
20060903 20090510 1.2068e-05 3.0282e-10 ERS2
20061231 20090105 0.00042488 3.139e-10 ALOS
20070402 20070703 -8.1185e-05 6.6625e-10 ALOS
20070518 20091008 0.00027144 3.0036e-10 ALOS
20070818 20071003 -0.00023202 7.7516e-10 ALOS
20071217 20100509 0.00024025 3.004e-10 ALOS
20080103 20100526 0.00029581 2.9993e-10 ALOS
20080404 20080520 0.00015836 7.7522e-10 ALOS
20080618 20090921 0.000256 3.7251e-10 ALOS
20080629 20090510 -0.00045702 4.133e-10 ERS2
20080705 20091008 0.00025217 3.6508e-10 ALOS
20080803 20090823 -1.7945e-05 3.8277e-10 ERS2
20081116 20090823 -3.7894e-05 4.3211e-10 ERS2
20081219 20090921 0.00051089 4.4645e-10 ALOS
20090105 20090708 0.00028586 5.2827e-10 ALOS
20090510 20091101 0.00083078 5.211e-10 ERS2
20090708 20091008 0.00052012 6.6629e-10 ALOS
20090823 20091101 3.8482e-05 6.9857e-10 ERS2
20091222 20100624 0.00058695 5.2505e-10 ALOS
20100108 20100223 0.00027667 7.7525e-10 ALOS
20100223 20100526 0.00011014 6.662e-10 ALOS
20100410 20100711 3.6548e-05 6.6634e-10 ALOS
20100509 20100624 0.00062265 7.7317e-10 ALOS
20100526 20100711 0.00047279 7.7516e-10 ALOS
20100624 20101109 8.0671e-05 5.8399e-10 ALOS
20100711 20101011 0.00013002 6.6637e-10 ALOS
20100809 20101109 9.3845e-05 6.6356e-10 ALOS
20101011 20101126 0.00025467 7.7516e-10 ALOS
20110111 20110226 0.00072968 7.7515e-10 ALOS
20110924 20130715 3.5433e-05 3.3076e-10 TSX
20111005 20121229 0.0001325 3.6943e-10 TSX
20111121 20171221 3.2596e-05 2.7814e-10 TSX
20111221 20130131 0.00026793 3.8565e-10 TSX
20111224 20121027 -0.00022449 4.195e-10 TSX
20120126 20140419 -0.00018319 2.9291e-10 TSX
20120203 20160320 8.2969e-05 3.0444e-10 TSX
20120206 20171107 7.0426e-06 2.7286e-10 TSX
20120617 20171129 2.3053e-05 2.6334e-10 TSX
20120723 20160120 5.0366e-05 3.1942e-10 TSX
20121024 20130109 0.00019553 7.0168e-10 TSX
20121027 20151226 -4.4835e-05 2.7603e-10 TSX
20121030 20130311 0.0002856 5.8465e-10 TSX
20121107 20171118 -1.1518e-05 2.6875e-10 TSX
20121221 20160208 3.2025e-05 2.7963e-10 TSX
20121224 20130516 0.00011106 5.6849e-10 TSX
20121229 20130407 0.00033767 6.561e-10 TSX
20130104 20130217 0.00015714 7.7311e-10 TSX
20130109 20130715 0.00020769 5.2876e-10 TSX
20130112 20140511 -0.00019812 3.546e-10 TSX
20130115 20130721 5.685e-05 5.1391e-10 TSX
20130126 20130823 -0.0002385 5.1175e-10 TSX
20130131 20130429 4.511e-05 6.7799e-10 TSX
20130203 20130729 -0.00013844 5.2314e-10 TSX
20130211 20130919 0.00017319 4.9592e-10 TSX
20130228 20141209 2.2044e-05 3.1731e-10 TSX
20130311 20130801 0.00017881 5.6844e-10 TSX
20130316 20130623 0.00011476 6.561e-10 TSX
20130402 20150122 0.00014929 4.4561e-10 TSX
20130407 20140530 0.00020073 3.811e-10 TSX
20130421 20171016 2.6233e-05 2.7864e-10 TSX
20130424 20130721 -0.0002335 6.6402e-10 TSX
20130429 20130623 -3.7644e-06 7.5411e-10 TSX
20130505 20131028 -0.00047219 5.4397e-10 TSX
20130513 20151112 -5.993e-06 2.8751e-10 TSX
20130516 20131017 -2.7559e-05 5.6947e-10 TSX
20130521 20130715 0.0001495 7.5414e-10 TSX
20130524 20171129 1.7926e-05 2.6732e-10 TSX
20130527 20140627 0.00025572 3.8367e-10 TSX
20130601 20130930 0.00018496 6.1699e-10 TSX
20130604 20141217 -0.00017687 3.398e-10 TSX
20130607 20140719 0.00033551 3.8009e-10 TSX
20130612 20150105 0.00019472 3.3921e-10 TSX
20130615 20160106 -4.7255e-05 2.8139e-10 TSX
20130618 20140708 0.00035458 3.8797e-10 TSX
20130623 20130715 0.00059945 8.6154e-10 TSX
20130629 20130914 0.00026947 6.9111e-10 TSX
20130707 20150130 -0.00019166 3.3892e-10 TSX
20130710 20140901 0.00035346 3.772e-10 TSX
20130715 20130726 -0.0024517 1.0106e-09 TSX
20130721 20131108 0.00098901 6.4201e-10 TSX
20130726 20150517 0.00026993 3.2296e-10 TSX
20130729 20160904 -5.5509e-05 2.7773e-10 TSX
20130801 20151115 6.0999e-06 3.1743e-10 TSX
20130817 20140209 0.0003298 5.4096e-10 TSX
20130828 20150312 0.00019058 3.4092e-10 TSX
20130903 20150329 -9.6142e-05 3.7976e-10 TSX
20130919 20160309 0.0001093 2.8897e-10 TSX
20130925 20140708 0.00030272 4.3309e-10 TSX
20130930 20160411 0.00012304 2.9391e-10 TSX
20131011 20150802 4.8702e-05 3.247e-10 TSX
20131017 20140719 0.00039911 4.4014e-10 TSX
20131028 20160304 0.00012397 3.2066e-10 TSX
20131102 20140519 7.4678e-05 5.1711e-10 TSX
20131108 20140708 0.000417 4.6856e-10 TSX
20140209 20160309 3.493e-05 3.1753e-10 TSX
20140223 20140829 -9.1325e-05 5.111e-10 TSX
20140408 20140705 -4.5714e-05 6.6132e-10 TSX
20140419 20170913 4.6575e-05 2.755e-10 TSX
20140511 20141228 -7.2384e-05 4.7013e-10 TSX
20140519 20150824 0.00027269 3.6598e-10 TSX
20140624 20171005 -9.1148e-06 2.8641e-10 TSX
20140627 20151115 0.000248 3.4149e-10 TSX
20140705 20180911 -1.0578e-05 2.7927e-10 TSX
20140708 20160406 0.00012212 3.1814e-10 TSX
20140716 20171005 -6.1792e-05 2.8471e-10 TSX
20140719 20151207 0.00017537 3.4246e-10 TSX
20140727 20150326 -0.00015362 4.6151e-10 TSX
20140810 20150122 0.00033362 5.3928e-10 TSX
20140818 20160301 -0.00014972 3.2662e-10 TSX
20140829 20160208 -6.7404e-05 3.3427e-10 TSX
20140901 20140912 -0.00031428 9.6737e-10 TSX
20140912 20141209 0.00021909 6.6402e-10 TSX
20140920 20170902 -2.8333e-05 2.7815e-10 TSX
20141209 20160211 0.00019835 3.6396e-10 TSX
20141217 20160722 -0.00011453 3.2513e-10 TSX
20141228 20160106 -7.4674e-05 3.8236e-10 TSX
20141231 20151024 0.00029003 4.2494e-10 TSX
20150105 20150824 0.00022505 4.8667e-10 TSX
20150108 20170811 9.0393e-07 2.8283e-10 TSX
20150119 20160117 -3.1413e-05 3.8692e-10 TSX
20150127 20160411 0.00021125 3.7261e-10 TSX
20150130 20151112 -0.00019557 4.2868e-10 TSX
20150210 20170114 -0.00011552 3.1189e-10 TSX
20150213 20160326 -0.00018088 4.056e-10 TSX
20150218 20160216 0.00025514 4.0285e-10 TSX
20150221 20180112 -2.4886e-05 2.8808e-10 TSX
20150304 20180911 -3.7874e-06 2.7711e-10 TSX
20150307 20160211 0.00033338 4.0163e-10 TSX
20150312 20160320 0.00024459 3.9787e-10 TSX
20150326 20150827 -6.5987e-05 5.5003e-10 TSX
20150329 20151207 0.00028718 4.549e-10 TSX
20150428 20160425 -4.5282e-05 3.8768e-10 TSX
20150509 20150827 -0.00012879 6.1812e-10 TSX
20150517 20150824 6.5805e-05 6.5642e-10 TSX
20150520 20180911 -3.8059e-05 2.8235e-10 TSX
20150714 20170822 -8.7435e-05 3.0061e-10 TSX
20150725 20170924 -2.8307e-05 2.969e-10 TSX
20150802 20160309 0.00025393 4.9581e-10 TSX
20150805 20160403 -0.00012162 4.6305e-10 TSX
20150816 20171107 -5.56e-05 2.9382e-10 TSX
20150824 20150915 0.00076845 8.6145e-10 TSX
20150827 20170902 -0.00010594 3.0237e-10 TSX
20150915 20160216 0.00012932 5.6826e-10 TSX
20151021 20160904 -0.0002573 4.1313e-10 TSX
20151101 20171016 -8.2013e-05 3.0373e-10 TSX
20151112 20160425 -6.8109e-05 5.3637e-10 TSX
20151115 20151229 0.00018532 7.7311e-10 TSX
20151123 20171221 -8.2985e-05 2.9825e-10 TSX
20151204 20151215 0.0001613 9.7764e-10 TSX
20151207 20160406 0.00019666 6.0215e-10 TSX
20151215 20170822 -5.3068e-05 3.1777e-10 TSX
20151226 20161223 -0.00021768 3.9426e-10 TSX
20151229 20160211 6.7215e-05 7.7311e-10 TSX
20160106 20161223 -0.00019716 3.9855e-10 TSX
20160117 20160926 -0.00016156 4.5305e-10 TSX
20160128 20160301 -0.00015097 8.0636e-10 TSX
20160208 20160312 -0.00010942 8.0636e-10 TSX
20160216 20160309 -0.00040376 8.6145e-10 TSX
20160219 20180319 -0.00010848 2.9881e-10 TSX
20160301 20161201 -0.00018664 4.3866e-10 TSX
20160304 20160326 7.39e-05 8.4833e-10 TSX
20160312 20180319 -8.5905e-05 3.0127e-10 TSX
20160320 20160411 0.00043544 8.6145e-10 TSX
20160323 20171118 -7.2688e-05 3.185e-10 TSX
20160326 20160406 -0.00050965 9.673e-10 TSX
20160403 20171027 -0.00012036 3.2399e-10 TSX
20160425 20170811 -6.9088e-05 3.4663e-10 TSX
20160528 20160630 -2.1925e-05 8.0636e-10 TSX
20160630 20171118 -7.9756e-05 3.3928e-10 TSX
20160722 20161201 -2.0542e-05 5.8135e-10 TSX
20160904 20180707 -0.00016962 3.2446e-10 TSX
20160915 20180911 -0.00012743 3.0293e-10 TSX
20160926 20170114 9.919e-06 6.1794e-10 TSX
20161201 20171027 -0.00017356 4.07e-10 TSX
20161223 20171107 -0.00019018 4.0943e-10 TSX
20170114 20170902 -0.00014632 4.692e-10 TSX
20170811 20171005 -5.8036e-05 7.4126e-10 TSX
20170822 20180707 -0.00027845 4.1381e-10 TSX
20170913 20180707 -0.00028727 4.2529e-10 TSX
20170924 20180319 -0.00012222 5.2323e-10 TSX
20171005 20171107 4.476e-05 8.0636e-10 TSX
20171016 20180319 -0.00011277 5.501e-10 TSX
20171027 20180911 -0.00024168 4.1376e-10 TSX
20171107 20171118 7.4266e-05 9.7764e-10 TSX
20171118 20171129 3.8744e-05 9.7764e-10 TSX
20171129 20171221 -2.6003e-05 8.5046e-10 TSX
20171210 20180820 -0.00021821 4.534e-10 TSX
20171221 20180911 -0.00020595 4.4572e-10 TSX
20180112 20181003 -0.00017747 4.4563e-10 TSX
20180319 20180707 -0.00020911 6.1802e-10 TSX
20180707 20180911 0.00015582 7.1249e-10 TSX
20180729 20181003 -1.121e-05 7.1249e-10 TSX
20180820 20181003 0.00010987 7.7226e-10 TSX
20180911 20181003 -0.00015243 8.5046e-10 TSX
