20030427 20030914 -0.00033199 5.66e-10 ERS2
20030914 20080629 1.1958e-05 2.895e-10 ERS2
20050918 20090510 -4.4784e-06 3.0129e-10 ERS2
20051127 20081116 -6.1079e-05 3.0553e-10 ERS2
20060903 20090510 -8.2742e-05 3.1538e-10 ERS2
20061231 20090105 -4.7301e-05 3.15e-10 ALOS
20070402 20070703 -0.00014546 6.6896e-10 ALOS
20070518 20091008 0.00012568 3.095e-10 ALOS
20070818 20071003 -0.00030778 7.8e-10 ALOS
20071217 20100509 -7.9717e-05 3.079e-10 ALOS
20080103 20100526 6.1485e-05 3.3401e-10 ALOS
20080404 20080520 0.00010965 7.802e-10 ALOS
20080618 20090921 -6.5052e-05 3.7258e-10 ALOS
20080629 20090510 -0.0002303 4.1493e-10 ERS2
20080705 20091008 9.8774e-05 3.652e-10 ALOS
20080803 20090823 -0.00014717 3.8397e-10 ERS2
20081116 20090823 -5.944e-05 4.3319e-10 ERS2
20081219 20090921 0.00015648 4.4832e-10 ALOS
20090105 20090708 -0.00010385 5.3547e-10 ALOS
20090510 20091101 0.00093042 5.2203e-10 ERS2
20090708 20091008 0.00041787 6.6909e-10 ALOS
20090823 20091101 -0.00032523 7.0117e-10 ERS2
20091222 20100624 -0.00027625 5.298e-10 ALOS
20100108 20100223 0.00024761 7.8063e-10 ALOS
20100223 20100526 6.6687e-05 6.696e-10 ALOS
20100410 20100711 -0.00016059 6.6962e-10 ALOS
20100509 20100624 0.0005939 7.7785e-10 ALOS
20100526 20100711 0.0003047 7.8007e-10 ALOS
20100624 20101109 6.8287e-05 5.8477e-10 ALOS
20100711 20101011 0.00029907 6.6866e-10 ALOS
20100809 20101109 -0.00010886 6.6583e-10 ALOS
20101011 20101126 7.3177e-06 7.8005e-10 ALOS
20110111 20110226 0.00051198 7.8001e-10 ALOS
20110924 20130715 0.00010082 3.3394e-10 TSX
20111005 20121229 -6.2614e-05 3.9696e-10 TSX
20111121 20171221 -1.4878e-05 3.8164e-10 TSX
20111221 20130131 2.6097e-05 3.8944e-10 TSX
20111224 20121027 3.4651e-05 4.1919e-10 TSX
20120126 20140419 -2.6976e-05 3.326e-10 TSX
20120203 20160320 -8.1486e-06 2.9265e-10 TSX
20120206 20171107 -2.3144e-05 3.6237e-10 TSX
20120617 20171129 -4.6802e-06 3.0915e-10 TSX
20120723 20160120 -5.3307e-05 4.0844e-10 TSX
20121024 20130109 0.00024376 7.0559e-10 TSX
20121027 20151226 -2.1106e-05 3.4593e-10 TSX
20121030 20130311 2.2587e-05 5.8541e-10 TSX
20121107 20171118 -6.6156e-05 3.1161e-10 TSX
20121221 20160208 -3.3659e-07 3.471e-10 TSX
20121224 20130516 -6.3092e-05 5.6905e-10 TSX
20121229 20130407 -5.3051e-05 6.5815e-10 TSX
20130104 20130217 -8.9653e-05 7.7738e-10 TSX
20130109 20130715 0.00019722 5.4864e-10 TSX
20130112 20140511 -1.1175e-05 3.6506e-10 TSX
20130115 20130721 -0.00024015 5.3281e-10 TSX
20130126 20130823 -0.00015957 5.1976e-10 TSX
20130131 20130429 -5.6869e-05 6.8061e-10 TSX
20130203 20130729 -7.1228e-05 5.2756e-10 TSX
20130211 20130919 2.6998e-06 4.9692e-10 TSX
20130228 20141209 6.6545e-05 3.59e-10 TSX
20130311 20130801 -4.5452e-05 5.7379e-10 TSX
20130316 20130623 -7.2421e-05 6.5817e-10 TSX
20130402 20150122 9.7831e-05 3.4656e-10 TSX
20130407 20140530 1.202e-06 3.8662e-10 TSX
20130421 20171016 -5.5724e-06 3.8762e-10 TSX
20130424 20130721 -0.00020618 6.6645e-10 TSX
20130429 20130623 -9.6431e-05 7.5887e-10 TSX
20130505 20131028 -0.0004798 5.4085e-10 TSX
20130513 20151112 -1.51e-06 3.5213e-10 TSX
20130516 20131017 -0.00020446 5.6739e-10 TSX
20130521 20130715 0.00039032 7.5899e-10 TSX
20130524 20171129 -1.2289e-05 3.305e-10 TSX
20130527 20140627 9.8202e-06 3.9519e-10 TSX
20130601 20130930 0.00044898 6.1898e-10 TSX
20130604 20141217 1.2007e-05 3.5765e-10 TSX
20130607 20140719 -1.2397e-06 3.9939e-10 TSX
20130612 20150105 -2.7617e-05 4.0108e-10 TSX
20130615 20160106 -2.9406e-06 3.5517e-10 TSX
20130618 20140708 3.6061e-05 3.985e-10 TSX
20130623 20130715 0.00074653 8.6704e-10 TSX
20130629 20130914 0.0004035 6.9192e-10 TSX
20130707 20150130 5.5803e-06 3.4412e-10 TSX
20130710 20140901 3.871e-05 3.8454e-10 TSX
20130715 20130726 -0.0025391 1.0158e-09 TSX
20130721 20131108 0.00063851 6.2246e-10 TSX
20130726 20150517 8.0003e-05 3.3938e-10 TSX
20130729 20160904 -9.669e-05 2.8446e-10 TSX
20130801 20151115 4.3328e-05 3.7035e-10 TSX
20130817 20140209 -9.1825e-05 5.414e-10 TSX
20130828 20150312 2.5383e-05 3.4844e-10 TSX
20130903 20150329 -7.4194e-05 3.5785e-10 TSX
20130919 20160309 2.1477e-05 3.2717e-10 TSX
20130925 20140708 -4.9474e-06 4.3161e-10 TSX
20130930 20160411 -6.5132e-05 3.5618e-10 TSX
20131011 20150802 2.2061e-05 3.4358e-10 TSX
20131017 20140719 -1.8364e-05 4.3876e-10 TSX
20131028 20160304 4.8244e-06 3.5957e-10 TSX
20131102 20140519 -0.00011034 5.174e-10 TSX
20131108 20140708 -2.177e-06 4.6311e-10 TSX
20140209 20160309 1.3058e-05 3.7556e-10 TSX
20140223 20140829 2.9202e-05 5.1107e-10 TSX
20140408 20140705 -5.1816e-05 6.6317e-10 TSX
20140419 20170913 3.1218e-05 3.5698e-10 TSX
20140511 20141228 -2.0062e-05 4.7007e-10 TSX
20140519 20150824 2.7206e-05 3.7127e-10 TSX
20140624 20171005 1.6482e-05 3.065e-10 TSX
20140627 20151115 3.162e-05 3.6716e-10 TSX
20140705 20180911 -1.177e-05 3.4111e-10 TSX
20140708 20160406 4.202e-05 3.4154e-10 TSX
20140716 20171005 5.3414e-05 3.1172e-10 TSX
20140719 20151207 7.5234e-05 3.8752e-10 TSX
20140727 20150326 -2.1773e-06 4.6158e-10 TSX
20140810 20150122 -1.8792e-05 5.3958e-10 TSX
20140818 20160301 2.5514e-05 3.2965e-10 TSX
20140829 20160208 -3.3339e-06 3.4168e-10 TSX
20140901 20140912 -0.00029282 9.7171e-10 TSX
20140912 20141209 2.9143e-05 6.6605e-10 TSX
20140920 20170902 -5.0914e-05 3.5238e-10 TSX
20141209 20160211 3.1768e-05 3.7063e-10 TSX
20141217 20160722 -7.3961e-06 3.3779e-10 TSX
20141228 20160106 3.9739e-06 3.8284e-10 TSX
20141231 20151024 6.7241e-05 4.3104e-10 TSX
20150105 20150824 -4.8172e-05 4.8906e-10 TSX
20150108 20170811 1.1508e-05 3.775e-10 TSX
20150119 20160117 3.9298e-05 3.8811e-10 TSX
20150127 20160411 -2.9902e-05 3.8847e-10 TSX
20150130 20151112 1.8406e-05 4.2853e-10 TSX
20150210 20170114 4.2512e-05 3.1599e-10 TSX
20150213 20160326 1.2027e-06 4.413e-10 TSX
20150218 20160216 2.3007e-05 4.068e-10 TSX
20150221 20180112 -1.5276e-06 3.1472e-10 TSX
20150304 20180911 -0.00012346 3.3807e-10 TSX
20150307 20160211 6.1821e-05 4.0522e-10 TSX
20150312 20160320 -6.6219e-06 4.0156e-10 TSX
20150326 20150827 6.7647e-05 5.5018e-10 TSX
20150329 20151207 8.697e-05 4.5534e-10 TSX
20150428 20160425 1.7312e-05 3.882e-10 TSX
20150509 20150827 4.5465e-05 6.1903e-10 TSX
20150517 20150824 4.1221e-05 6.5813e-10 TSX
20150520 20180911 -7.3489e-06 3.5613e-10 TSX
20150714 20170822 4.184e-05 3.5081e-10 TSX
20150725 20170924 2.905e-05 3.2336e-10 TSX
20150802 20160309 -2.5989e-05 4.9618e-10 TSX
20150805 20160403 -8.3524e-05 4.6114e-10 TSX
20150816 20171107 -4.8562e-07 3.2566e-10 TSX
20150824 20150915 0.00072887 8.6683e-10 TSX
20150827 20170902 3.9821e-05 3.4762e-10 TSX
20150915 20160216 -8.5226e-05 5.6916e-10 TSX
20151021 20160904 -8.7903e-05 4.1338e-10 TSX
20151101 20171016 2.0174e-05 3.4804e-10 TSX
20151112 20160425 -3.8161e-05 5.3628e-10 TSX
20151115 20151229 0.00015627 7.7738e-10 TSX
20151123 20171221 -2.0773e-06 3.37e-10 TSX
20151204 20151215 0.00016718 9.8136e-10 TSX
20151207 20160406 -0.00015582 6.0312e-10 TSX
20151215 20170822 -1.4819e-05 3.5137e-10 TSX
20151226 20161223 6.1105e-05 3.9408e-10 TSX
20151229 20160211 4.4054e-05 7.7738e-10 TSX
20160106 20161223 4.0398e-05 3.9863e-10 TSX
20160117 20160926 4.6009e-05 4.5307e-10 TSX
20160128 20160301 -0.00013052 8.1069e-10 TSX
20160208 20160312 -6.8266e-05 8.1069e-10 TSX
20160216 20160309 -0.00039958 8.6683e-10 TSX
20160219 20180319 1.5172e-05 3.1575e-10 TSX
20160301 20161201 5.3262e-05 4.3884e-10 TSX
20160304 20160326 3.294e-05 8.5287e-10 TSX
20160312 20180319 3.7946e-05 3.2994e-10 TSX
20160320 20160411 0.00037544 8.6683e-10 TSX
20160323 20171118 4.0513e-06 3.391e-10 TSX
20160326 20160406 -0.00050483 9.7163e-10 TSX
20160403 20171027 2.2467e-05 3.4332e-10 TSX
20160425 20170811 1.6332e-05 3.8353e-10 TSX
20160528 20160630 6.4155e-05 8.1069e-10 TSX
20160630 20171118 4.6078e-05 3.4625e-10 TSX
20160722 20161201 9.5594e-05 5.8184e-10 TSX
20160904 20180707 -1.4077e-05 3.4159e-10 TSX
20160915 20180911 -3.9383e-05 3.3624e-10 TSX
20160926 20170114 -2.0473e-05 6.1928e-10 TSX
20161201 20171027 -4.7615e-05 4.1921e-10 TSX
20161223 20171107 -2.8544e-05 4.3161e-10 TSX
20170114 20170902 1.9064e-05 4.7867e-10 TSX
20170811 20171005 -7.3285e-06 7.4496e-10 TSX
20170822 20180707 -0.00012886 4.1452e-10 TSX
20170913 20180707 -0.0001503 4.2593e-10 TSX
20170924 20180319 -6.3245e-05 5.2326e-10 TSX
20171005 20171107 5.922e-05 8.1069e-10 TSX
20171016 20180319 -5.6038e-05 5.5031e-10 TSX
20171027 20180911 -0.00010523 4.1389e-10 TSX
20171107 20171118 8.1776e-05 9.8136e-10 TSX
20171118 20171129 6.7757e-05 9.8136e-10 TSX
20171129 20171221 1.5577e-05 8.5458e-10 TSX
20171210 20180820 -0.00014587 4.5363e-10 TSX
20171221 20180911 -0.00014144 4.4538e-10 TSX
20180112 20181003 8.1358e-06 4.4576e-10 TSX
20180319 20180707 -0.00017881 6.1908e-10 TSX
20180707 20180911 0.00025205 7.1557e-10 TSX
20180729 20181003 0.00017157 7.1557e-10 TSX
20180820 20181003 0.00027064 7.7642e-10 TSX
20180911 20181003 -0.00015785 8.5458e-10 TSX
