20030427 20030914 0.00020834 5.6705e-10 ERS2
20030914 20080629 -3.2567e-05 2.7694e-10 ERS2
20050918 20090510 5.8723e-06 3.1354e-10 ERS2
20051127 20081116 2.4671e-05 3.0564e-10 ERS2
20060903 20090510 -1.5805e-05 3.1791e-10 ERS2
20061231 20090105 0.00011778 3.4025e-10 ALOS
20070402 20070703 -0.00017041 6.6694e-10 ALOS
20070518 20091008 -0.00016062 3.294e-10 ALOS
20070818 20071003 -0.00018358 7.7573e-10 ALOS
20071217 20100509 -2.6723e-06 3.1461e-10 ALOS
20080103 20100526 -2.2206e-05 3.3471e-10 ALOS
20080404 20080520 2.9955e-05 7.7592e-10 ALOS
20080618 20090921 -0.0002039 3.7195e-10 ALOS
20080629 20090510 -0.00010383 4.1196e-10 ERS2
20080705 20091008 -0.00019871 3.6719e-10 ALOS
20080803 20090823 -1.0939e-05 3.8288e-10 ERS2
20081116 20090823 3.1256e-05 4.3207e-10 ERS2
20081219 20090921 9.3872e-05 4.5077e-10 ALOS
20090105 20090708 -7.0113e-05 5.4165e-10 ALOS
20090510 20091101 0.00022136 5.2088e-10 ERS2
20090708 20091008 8.6431e-05 6.6718e-10 ALOS
20090823 20091101 -0.00026377 6.9855e-10 ERS2
20091222 20100624 0.00030077 5.2705e-10 ALOS
20100108 20100223 -3.389e-05 7.7667e-10 ALOS
20100223 20100526 -0.00050731 6.6702e-10 ALOS
20100410 20100711 7.0319e-05 6.6699e-10 ALOS
20100509 20100624 0.0006922 7.7369e-10 ALOS
20100526 20100711 0.00044789 7.7574e-10 ALOS
20100624 20101109 -8.4845e-05 5.8409e-10 ALOS
20100711 20101011 -0.00012371 6.6648e-10 ALOS
20100809 20101109 -5.7845e-05 6.6375e-10 ALOS
20101011 20101126 0.00025584 7.7575e-10 ALOS
20110111 20110226 0.00044076 7.7574e-10 ALOS
20110924 20130715 -1.7168e-05 3.7346e-10 TSX
20111005 20121229 -4.4836e-05 4.1122e-10 TSX
20111121 20171221 8.2629e-06 4.1973e-10 TSX
20111221 20130131 1.0556e-06 3.9772e-10 TSX
20111224 20121027 -1.0432e-05 4.1947e-10 TSX
20120126 20140419 -3.8921e-05 3.3136e-10 TSX
20120203 20160320 1.6039e-05 3.7285e-10 TSX
20120206 20171107 1.7254e-05 3.7841e-10 TSX
20120617 20171129 5.9946e-06 3.6855e-10 TSX
20120723 20160120 0.00011616 3.7045e-10 TSX
20121024 20130109 3.7766e-05 7.0204e-10 TSX
20121027 20151226 5.6432e-05 3.6371e-10 TSX
20121030 20130311 -1.6537e-05 5.8471e-10 TSX
20121107 20171118 -1.5691e-05 4.0641e-10 TSX
20121221 20160208 1.2031e-05 4.7682e-10 TSX
20121224 20130516 3.7077e-05 5.6857e-10 TSX
20121229 20130407 2.9655e-05 6.5634e-10 TSX
20130104 20130217 -5.0927e-05 7.7348e-10 TSX
20130109 20130715 0.00028415 5.566e-10 TSX
20130112 20140511 -1.8194e-05 3.6557e-10 TSX
20130115 20130721 -0.00011776 5.4443e-10 TSX
20130126 20130823 -6.2507e-05 5.2142e-10 TSX
20130131 20130429 -5.807e-05 6.7827e-10 TSX
20130203 20130729 -9.6592e-06 5.2423e-10 TSX
20130211 20130919 -3.7026e-05 5.11e-10 TSX
20130228 20141209 4.2089e-05 3.8789e-10 TSX
20130311 20130801 -7.3836e-05 5.8115e-10 TSX
20130316 20130623 -4.2668e-05 6.5815e-10 TSX
20130402 20150122 -7.4088e-05 4.1799e-10 TSX
20130407 20140530 -2.7207e-05 4.0736e-10 TSX
20130421 20171016 1.133e-05 4.4812e-10 TSX
20130424 20130721 -0.00022361 6.6528e-10 TSX
20130429 20130623 -6.502e-05 7.5484e-10 TSX
20130505 20131028 -0.00029081 5.4741e-10 TSX
20130513 20151112 -3.873e-06 3.8149e-10 TSX
20130516 20131017 -0.00022265 5.7598e-10 TSX
20130521 20130715 7.8311e-05 7.5516e-10 TSX
20130524 20171129 2.628e-05 4.7844e-10 TSX
20130527 20140627 -6.3446e-05 4.3135e-10 TSX
20130601 20130930 -1.934e-05 6.1822e-10 TSX
20130604 20141217 -2.5731e-05 3.6669e-10 TSX
20130607 20140719 -6.3543e-06 4.0866e-10 TSX
20130612 20150105 -3.9996e-05 4.1061e-10 TSX
20130615 20160106 7.3724e-05 4.047e-10 TSX
20130618 20140708 -4.2646e-05 4.0638e-10 TSX
20130623 20130715 0.00060465 8.6265e-10 TSX
20130629 20130914 0.00010373 6.9262e-10 TSX
20130707 20150130 -5.7708e-06 3.4429e-10 TSX
20130710 20140901 1.7682e-05 4.063e-10 TSX
20130715 20130726 -0.0023592 1.0119e-09 TSX
20130721 20131108 0.00042439 6.5622e-10 TSX
20130726 20150517 4.5331e-05 4.4536e-10 TSX
20130729 20160904 -1.8402e-06 4.1204e-10 TSX
20130801 20151115 5.2742e-05 3.9235e-10 TSX
20130817 20140209 1.9122e-05 5.4154e-10 TSX
20130828 20150312 5.5628e-05 4.1125e-10 TSX
20130903 20150329 -0.00019614 3.6776e-10 TSX
20130919 20160309 -1.504e-05 3.4561e-10 TSX
20130925 20140708 -4.2377e-06 4.841e-10 TSX
20130930 20160411 -1.4736e-05 3.3091e-10 TSX
20131011 20150802 1.4756e-05 4.1322e-10 TSX
20131017 20140719 -8.6233e-05 4.8489e-10 TSX
20131028 20160304 -9.1826e-05 3.3873e-10 TSX
20131102 20140519 -2.1434e-05 5.1766e-10 TSX
20131108 20140708 2.7458e-05 5.1705e-10 TSX
20140209 20160309 4.4129e-05 4.1313e-10 TSX
20140223 20140829 1.4946e-05 5.1181e-10 TSX
20140408 20140705 -4.3493e-05 6.6134e-10 TSX
20140419 20170913 2.1906e-05 4.9518e-10 TSX
20140511 20141228 4.6578e-05 4.7224e-10 TSX
20140519 20150824 4.2915e-05 4.1072e-10 TSX
20140624 20171005 -2.3631e-05 4.0055e-10 TSX
20140627 20151115 8.3161e-05 4.1375e-10 TSX
20140705 20180911 -6.7666e-06 3.9291e-10 TSX
20140708 20160406 -2.7052e-06 3.7178e-10 TSX
20140716 20171005 4.5486e-05 4.2119e-10 TSX
20140719 20151207 0.00011739 4.0894e-10 TSX
20140727 20150326 -2.2913e-05 4.6296e-10 TSX
20140810 20150122 1.6805e-05 5.4786e-10 TSX
20140818 20160301 -1.2482e-05 4.0701e-10 TSX
20140829 20160208 3.9376e-05 4.3064e-10 TSX
20140901 20140912 -0.00028151 9.6825e-10 TSX
20140912 20141209 4.4385e-05 6.6503e-10 TSX
20140920 20170902 6.598e-05 4.1336e-10 TSX
20141209 20160211 0.00014068 4.5268e-10 TSX
20141217 20160722 2.5243e-05 4.458e-10 TSX
20141228 20160106 9.2314e-06 4.1318e-10 TSX
20141231 20151024 2.2127e-05 4.6104e-10 TSX
20150105 20150824 -0.00014256 5.1589e-10 TSX
20150108 20170811 -0.00010613 3.6695e-10 TSX
20150119 20160117 8.2537e-05 4.5854e-10 TSX
20150127 20160411 -1.9456e-05 4.1757e-10 TSX
20150130 20151112 0.00013344 4.5762e-10 TSX
20150210 20170114 5.3252e-05 3.8172e-10 TSX
20150213 20160326 0.00032119 4.6842e-10 TSX
20150218 20160216 -6.2992e-06 4.2516e-10 TSX
20150221 20180112 2.6635e-05 3.7605e-10 TSX
20150304 20180911 2.5888e-05 4.1241e-10 TSX
20150307 20160211 1.9042e-05 4.4482e-10 TSX
20150312 20160320 -8.0216e-05 4.5067e-10 TSX
20150326 20150827 5.7955e-05 5.6187e-10 TSX
20150329 20151207 -8.0418e-05 5.1001e-10 TSX
20150428 20160425 3.0878e-05 4.3915e-10 TSX
20150509 20150827 -1.5516e-05 6.3787e-10 TSX
20150517 20150824 -0.00027441 6.6204e-10 TSX
20150520 20180911 2.1432e-05 3.9511e-10 TSX
20150714 20170822 0.00011238 3.9179e-10 TSX
20150725 20170924 1.568e-05 3.8562e-10 TSX
20150802 20160309 1.2718e-05 5.0575e-10 TSX
20150805 20160403 6.5805e-05 4.657e-10 TSX
20150816 20171107 -1.3074e-05 3.2119e-10 TSX
20150824 20150915 0.00067443 8.6256e-10 TSX
20150827 20170902 2.5692e-05 3.4764e-10 TSX
20150915 20160216 -7.0517e-05 5.6968e-10 TSX
20151021 20160904 -6.3226e-05 4.214e-10 TSX
20151101 20171016 3.0483e-05 3.4776e-10 TSX
20151112 20160425 2.2052e-06 5.3712e-10 TSX
20151115 20151229 9.7196e-05 7.735e-10 TSX
20151123 20171221 3.6726e-05 3.2859e-10 TSX
20151204 20151215 0.00017473 9.7788e-10 TSX
20151207 20160406 -6.4601e-06 6.0215e-10 TSX
20151215 20170822 6.3775e-05 4.1759e-10 TSX
20151226 20161223 2.9306e-05 3.9407e-10 TSX
20151229 20160211 -1.1058e-05 7.7348e-10 TSX
20160106 20161223 5.9028e-05 3.9919e-10 TSX
20160117 20160926 4.0719e-05 4.5656e-10 TSX
20160128 20160301 -0.00020725 8.0643e-10 TSX
20160208 20160312 -5.9429e-05 8.0643e-10 TSX
20160216 20160309 -0.00038628 8.6256e-10 TSX
20160219 20180319 3.2588e-05 3.3841e-10 TSX
20160301 20161201 6.6806e-05 4.3863e-10 TSX
20160304 20160326 8.5486e-05 8.4904e-10 TSX
20160312 20180319 4.4594e-05 3.4212e-10 TSX
20160320 20160411 0.00034417 8.6257e-10 TSX
20160323 20171118 4.2567e-05 3.7131e-10 TSX
20160326 20160406 -0.00053614 9.6817e-10 TSX
20160403 20171027 4.5859e-05 3.7588e-10 TSX
20160425 20170811 5.7562e-05 4.2998e-10 TSX
20160528 20160630 1.6727e-05 8.0643e-10 TSX
20160630 20171118 5.1088e-05 3.7457e-10 TSX
20160722 20161201 0.00013804 5.8157e-10 TSX
20160904 20180707 2.4954e-05 3.8204e-10 TSX
20160915 20180911 6.2414e-05 3.4504e-10 TSX
20160926 20170114 5.3166e-05 6.2022e-10 TSX
20161201 20171027 3.8864e-05 4.3411e-10 TSX
20161223 20171107 -5.5161e-06 4.1702e-10 TSX
20170114 20170902 2.3374e-05 4.8774e-10 TSX
20170811 20171005 4.8356e-06 7.4126e-10 TSX
20170822 20180707 -9.6749e-05 4.1395e-10 TSX
20170913 20180707 -0.00013939 4.2529e-10 TSX
20170924 20180319 -4.1734e-05 5.2326e-10 TSX
20171005 20171107 5.983e-05 8.0643e-10 TSX
20171016 20180319 -3.6831e-05 5.5014e-10 TSX
20171027 20180911 -3.6558e-05 4.1389e-10 TSX
20171107 20171118 7.5738e-05 9.7788e-10 TSX
20171118 20171129 5.5941e-05 9.7788e-10 TSX
20171129 20171221 -4.8404e-06 8.5061e-10 TSX
20171210 20180820 -8.5197e-05 4.5371e-10 TSX
20171221 20180911 -2.7579e-05 4.4642e-10 TSX
20180112 20181003 -1.6081e-05 4.4556e-10 TSX
20180319 20180707 -0.00017568 6.1806e-10 TSX
20180707 20180911 0.00026878 7.1248e-10 TSX
20180729 20181003 1.7761e-05 7.1248e-10 TSX
20180820 20181003 0.00013077 7.7228e-10 TSX
20180911 20181003 -0.00019624 8.5061e-10 TSX
