20030427 20030914 0.00045923 5.6621e-10 ERS2
20030914 20080629 -0.00018762 2.7556e-10 ERS2
20050918 20090510 1.1051e-06 2.9975e-10 ERS2
20051127 20081116 -2.3531e-05 3.1773e-10 ERS2
20060903 20090510 -0.00034683 3.1136e-10 ERS2
20061231 20090105 -1.0413e-05 3.1325e-10 ALOS
20070402 20070703 -0.00014352 6.6628e-10 ALOS
20070518 20091008 7.8706e-06 3.0228e-10 ALOS
20070818 20071003 -0.00042966 7.7532e-10 ALOS
20071217 20100509 -1.237e-06 3.0292e-10 ALOS
20080103 20100526 0.00010654 3.0762e-10 ALOS
20080404 20080520 0.00012683 7.7533e-10 ALOS
20080618 20090921 -3.6131e-05 3.7298e-10 ALOS
20080629 20090510 -0.00041069 4.1375e-10 ERS2
20080705 20091008 -4.585e-05 3.6514e-10 ALOS
20080803 20090823 -3.9881e-05 3.8275e-10 ERS2
20081116 20090823 8.1412e-05 4.3364e-10 ERS2
20081219 20090921 -9.1046e-06 4.5013e-10 ALOS
20090105 20090708 2.6056e-05 5.2908e-10 ALOS
20090510 20091101 0.00025185 5.2366e-10 ERS2
20090708 20091008 0.00016723 6.6648e-10 ALOS
20090823 20091101 5.7727e-05 6.9866e-10 ERS2
20091222 20100624 0.00020572 5.2598e-10 ALOS
20100108 20100223 0.00019823 7.7591e-10 ALOS
20100223 20100526 -7.329e-05 6.6661e-10 ALOS
20100410 20100711 -9.8845e-05 6.6693e-10 ALOS
20100509 20100624 0.00060348 7.7331e-10 ALOS
20100526 20100711 0.00034818 7.7533e-10 ALOS
20100624 20101109 -9.9061e-05 5.8401e-10 ALOS
20100711 20101011 -0.00016451 6.6634e-10 ALOS
20100809 20101109 -1.6045e-05 6.6361e-10 ALOS
20101011 20101126 0.00028079 7.7533e-10 ALOS
20110111 20110226 0.00069549 7.7532e-10 ALOS
20110924 20130715 2.5052e-05 3.2352e-10 TSX
20111005 20121229 1.7747e-05 3.6873e-10 TSX
20111121 20171221 -1.9738e-05 2.7834e-10 TSX
20111221 20130131 7.2197e-05 3.8539e-10 TSX
20111224 20121027 -5.5944e-07 4.1934e-10 TSX
20120126 20140419 -1.0971e-05 2.9023e-10 TSX
20120203 20160320 1.4822e-05 2.5222e-10 TSX
20120206 20171107 -4.6288e-06 2.6526e-10 TSX
20120617 20171129 -1.3505e-05 2.6884e-10 TSX
20120723 20160120 3.8874e-05 2.9827e-10 TSX
20121024 20130109 0.00024719 7.0168e-10 TSX
20121027 20151226 -1.2956e-05 2.7441e-10 TSX
20121030 20130311 5.4491e-05 5.8466e-10 TSX
20121107 20171118 -1.5033e-05 2.8692e-10 TSX
20121221 20160208 -1.0638e-05 2.6799e-10 TSX
20121224 20130516 -4.1114e-05 5.6849e-10 TSX
20121229 20130407 0.00018612 6.5615e-10 TSX
20130104 20130217 3.5996e-05 7.732e-10 TSX
20130109 20130715 -3.9238e-05 5.2838e-10 TSX
20130112 20140511 -1.4007e-05 3.5462e-10 TSX
20130115 20130721 -0.00014754 5.1395e-10 TSX
20130126 20130823 -0.00011466 5.1601e-10 TSX
20130131 20130429 -3.5901e-05 6.7807e-10 TSX
20130203 20130729 -3.5542e-05 5.2318e-10 TSX
20130211 20130919 -8.3469e-05 4.9596e-10 TSX
20130228 20141209 3.5645e-05 3.1285e-10 TSX
20130311 20130801 -5.4568e-05 5.6845e-10 TSX
20130316 20130623 4.3872e-05 6.5616e-10 TSX
20130402 20150122 0.00013157 3.2551e-10 TSX
20130407 20140530 -1.887e-05 3.8083e-10 TSX
20130421 20171016 -6.2539e-06 2.8796e-10 TSX
20130424 20130721 -0.00028079 6.6405e-10 TSX
20130429 20130623 -6.752e-05 7.5428e-10 TSX
20130505 20131028 -0.00048694 5.5168e-10 TSX
20130513 20151112 3.231e-05 2.8224e-10 TSX
20130516 20131017 -0.00030655 5.7546e-10 TSX
20130521 20130715 5.5325e-05 7.543e-10 TSX
20130524 20171129 -5.3086e-06 2.8704e-10 TSX
20130527 20140627 -4.8158e-06 3.8388e-10 TSX
20130601 20130930 -4.8568e-05 6.1703e-10 TSX
20130604 20141217 1.1076e-05 3.3898e-10 TSX
20130607 20140719 2.3316e-05 3.8021e-10 TSX
20130612 20150105 5.1689e-06 3.3824e-10 TSX
20130615 20160106 -5.2705e-06 2.828e-10 TSX
20130618 20140708 -3.879e-05 3.88e-10 TSX
20130623 20130715 0.00052302 8.6188e-10 TSX
20130629 20130914 0.00016993 6.9049e-10 TSX
20130707 20150130 -9.5329e-07 3.3781e-10 TSX
20130710 20140901 7.6655e-06 3.7678e-10 TSX
20130715 20130726 -0.0025156 1.011e-09 TSX
20130721 20131108 0.00075944 6.321e-10 TSX
20130726 20150517 0.00019095 3.2166e-10 TSX
20130729 20160904 -1.9966e-06 2.7187e-10 TSX
20130801 20151115 2.4792e-05 2.9531e-10 TSX
20130817 20140209 0.0001074 5.4098e-10 TSX
20130828 20150312 6.1946e-05 3.397e-10 TSX
20130903 20150329 -7.3015e-05 3.4914e-10 TSX
20130919 20160309 7.6086e-05 2.8336e-10 TSX
20130925 20140708 2.9838e-05 4.3154e-10 TSX
20130930 20160411 4.7573e-05 2.954e-10 TSX
20131011 20150802 1.5828e-05 3.2706e-10 TSX
20131017 20140719 2.3771e-05 4.3883e-10 TSX
20131028 20160304 2.671e-05 3.7788e-10 TSX
20131102 20140519 -0.00013351 5.1713e-10 TSX
20131108 20140708 1.147e-05 4.6257e-10 TSX
20140209 20160309 1.1079e-05 3.0861e-10 TSX
20140223 20140829 -2.3121e-06 5.1115e-10 TSX
20140408 20140705 -2.5166e-06 6.6141e-10 TSX
20140419 20170913 -1.4942e-05 2.7702e-10 TSX
20140511 20141228 3.9882e-05 4.7013e-10 TSX
20140519 20150824 0.00015823 3.6455e-10 TSX
20140624 20171005 -9.0171e-06 2.7331e-10 TSX
20140627 20151115 3.6832e-05 3.5297e-10 TSX
20140705 20180911 -3.6378e-06 2.6264e-10 TSX
20140708 20160406 5.2464e-05 3.224e-10 TSX
20140716 20171005 -1.7287e-05 2.7442e-10 TSX
20140719 20151207 1.4142e-05 3.4741e-10 TSX
20140727 20150326 -5.8793e-06 4.6164e-10 TSX
20140810 20150122 -3.0179e-05 5.3919e-10 TSX
20140818 20160301 2.2754e-05 3.2913e-10 TSX
20140829 20160208 -6.4632e-06 3.3301e-10 TSX
20140901 20140912 -0.00031796 9.6767e-10 TSX
20140912 20141209 9.481e-05 6.6405e-10 TSX
20140920 20170902 -9.2849e-06 2.8532e-10 TSX
20141209 20160211 -8.1385e-06 3.646e-10 TSX
20141217 20160722 -2.0361e-05 3.2687e-10 TSX
20141228 20160106 -6.1546e-06 3.8211e-10 TSX
20141231 20151024 3.2743e-05 4.2657e-10 TSX
20150105 20150824 5.379e-05 4.8611e-10 TSX
20150108 20170811 -1.2106e-05 2.9971e-10 TSX
20150119 20160117 -1.3145e-05 3.8726e-10 TSX
20150127 20160411 7.0069e-05 3.7633e-10 TSX
20150130 20151112 2.0758e-05 4.2855e-10 TSX
20150210 20170114 -1.0013e-05 3.1865e-10 TSX
20150213 20160326 -2.9721e-05 4.4147e-10 TSX
20150218 20160216 1.7684e-05 4.0424e-10 TSX
20150221 20180112 -1.8087e-05 3.042e-10 TSX
20150304 20180911 3.2119e-06 2.9819e-10 TSX
20150307 20160211 2.1652e-05 4.0124e-10 TSX
20150312 20160320 3.9381e-06 3.9856e-10 TSX
20150326 20150827 -1.6559e-05 5.4992e-10 TSX
20150329 20151207 -6.9883e-06 4.547e-10 TSX
20150428 20160425 4.091e-06 3.8653e-10 TSX
20150509 20150827 -9.1949e-05 6.1808e-10 TSX
20150517 20150824 -0.00015753 6.5623e-10 TSX
20150520 20180911 -8.8343e-06 2.9572e-10 TSX
20150714 20170822 -1.2216e-05 2.9256e-10 TSX
20150725 20170924 -2.3936e-05 2.9085e-10 TSX
20150802 20160309 2.7156e-05 4.9593e-10 TSX
20150805 20160403 2.079e-05 4.6119e-10 TSX
20150816 20171107 -1.0265e-05 2.8857e-10 TSX
20150824 20150915 0.00067321 8.6179e-10 TSX
20150827 20170902 -1.4875e-05 2.9614e-10 TSX
20150915 20160216 -0.00012027 5.6822e-10 TSX
20151021 20160904 1.2809e-05 4.1242e-10 TSX
20151101 20171016 -1.6528e-05 3.0009e-10 TSX
20151112 20160425 -1.0576e-05 5.3616e-10 TSX
20151115 20151229 0.00018421 7.732e-10 TSX
20151123 20171221 -7.4943e-06 2.9547e-10 TSX
20151204 20151215 0.00014806 9.783e-10 TSX
20151207 20160406 -2.0578e-06 6.0216e-10 TSX
20151215 20170822 1.595e-06 3.13e-10 TSX
20151226 20161223 -1.5904e-05 3.9362e-10 TSX
20151229 20160211 6.3365e-06 7.732e-10 TSX
20160106 20161223 -7.1917e-07 3.9822e-10 TSX
20160117 20160926 -2.6201e-05 4.53e-10 TSX
20160128 20160301 -0.00011042 8.0676e-10 TSX
20160208 20160312 -7.8657e-05 8.0676e-10 TSX
20160216 20160309 -0.00037672 8.6179e-10 TSX
20160219 20180319 -1.5038e-05 2.9532e-10 TSX
20160301 20161201 -5.5032e-05 4.3862e-10 TSX
20160304 20160326 0.00011406 8.4856e-10 TSX
20160312 20180319 -2.4456e-05 2.9773e-10 TSX
20160320 20160411 0.00044512 8.6179e-10 TSX
20160323 20171118 -1.3808e-06 3.1633e-10 TSX
20160326 20160406 -0.00056017 9.676e-10 TSX
20160403 20171027 -6.896e-06 3.2272e-10 TSX
20160425 20170811 -7.0178e-06 3.4668e-10 TSX
20160528 20160630 -5.1877e-05 8.0676e-10 TSX
20160630 20171118 5.3246e-06 3.3885e-10 TSX
20160722 20161201 -5.823e-08 5.814e-10 TSX
20160904 20180707 -3.279e-05 3.2203e-10 TSX
20160915 20180911 5.8506e-06 3.0171e-10 TSX
20160926 20170114 8.4617e-06 6.1807e-10 TSX
20161201 20171027 7.8641e-06 4.07e-10 TSX
20161223 20171107 2.6072e-06 4.0915e-10 TSX
20170114 20170902 -1.1243e-05 4.6867e-10 TSX
20170811 20171005 -7.6549e-05 7.4146e-10 TSX
20170822 20180707 -1.1227e-05 4.1377e-10 TSX
20170913 20180707 -2.0003e-05 4.2508e-10 TSX
20170924 20180319 9.9696e-06 5.2325e-10 TSX
20171005 20171107 4.7105e-05 8.0676e-10 TSX
20171016 20180319 -9.9893e-06 5.5015e-10 TSX
20171027 20180911 1.3634e-05 4.138e-10 TSX
20171107 20171118 6.4261e-05 9.783e-10 TSX
20171118 20171129 4.7739e-05 9.783e-10 TSX
20171129 20171221 -4.104e-05 8.51e-10 TSX
20171210 20180820 -1.7815e-05 4.5351e-10 TSX
20171221 20180911 6.9117e-05 4.4566e-10 TSX
20180112 20181003 -1.1059e-05 4.4561e-10 TSX
20180319 20180707 -4.5002e-05 6.1808e-10 TSX
20180707 20180911 0.00013627 7.1263e-10 TSX
20180729 20181003 -3.3782e-05 7.1263e-10 TSX
20180820 20181003 0.00012977 7.7254e-10 TSX
20180911 20181003 -0.00015085 8.51e-10 TSX
