20030427 20030914 -0.0003322 5.6738e-10 ERS2
20030914 20080629 -3.2031e-05 2.7455e-10 ERS2
20050918 20090510 7.5259e-05 2.9701e-10 ERS2
20051127 20081116 -0.00011091 3.1373e-10 ERS2
20060903 20090510 -1.4158e-05 3.1123e-10 ERS2
20061231 20090105 0.00012725 3.1375e-10 ALOS
20070402 20070703 -0.00016328 6.6902e-10 ALOS
20070518 20091008 8.0092e-05 3.0431e-10 ALOS
20070818 20071003 -0.00042937 7.7969e-10 ALOS
20071217 20100509 2.0604e-05 3.0219e-10 ALOS
20080103 20100526 -1.8939e-06 3.1074e-10 ALOS
20080404 20080520 6.6239e-05 7.7975e-10 ALOS
20080618 20090921 8.514e-05 3.7289e-10 ALOS
20080629 20090510 -0.00021654 4.1408e-10 ERS2
20080705 20091008 0.00023084 3.6648e-10 ALOS
20080803 20090823 -5.792e-05 3.8313e-10 ERS2
20081116 20090823 0.00013023 4.3384e-10 ERS2
20081219 20090921 0.00035435 4.4628e-10 ALOS
20090105 20090708 -9.9727e-06 5.3298e-10 ALOS
20090510 20091101 1.6763e-05 5.201e-10 ERS2
20090708 20091008 0.00067748 6.6901e-10 ALOS
20090823 20091101 -0.00028854 7.0097e-10 ERS2
20091222 20100624 0.00019802 5.253e-10 ALOS
20100108 20100223 0.00032578 7.8045e-10 ALOS
20100223 20100526 0.00023865 6.6945e-10 ALOS
20100410 20100711 -9.7995e-05 6.6861e-10 ALOS
20100509 20100624 0.00052475 7.7752e-10 ALOS
20100526 20100711 0.00033848 7.7967e-10 ALOS
20100624 20101109 0.00015236 5.846e-10 ALOS
20100711 20101011 0.00039707 6.6866e-10 ALOS
20100809 20101109 -0.00013058 6.6547e-10 ALOS
20101011 20101126 -1.3192e-05 7.7971e-10 ALOS
20110111 20110226 0.00061919 7.7965e-10 ALOS
20110924 20130715 0.00013929 3.2288e-10 TSX
20111005 20121229 3.58e-05 3.7031e-10 TSX
20111121 20171221 1.1198e-05 3.1657e-10 TSX
20111221 20130131 5.9373e-05 3.8597e-10 TSX
20111224 20121027 2.2771e-05 4.2019e-10 TSX
20120126 20140419 -4.0322e-05 3.1089e-10 TSX
20120203 20160320 6.9477e-05 2.6642e-10 TSX
20120206 20171107 5.374e-05 3.4663e-10 TSX
20120617 20171129 1.8447e-05 3.6507e-10 TSX
20120723 20160120 2.7124e-05 2.946e-10 TSX
20121024 20130109 0.00015406 7.0475e-10 TSX
20121027 20151226 -1.6074e-05 3.4108e-10 TSX
20121030 20130311 1.2252e-05 5.8526e-10 TSX
20121107 20171118 5.2489e-05 3.2543e-10 TSX
20121221 20160208 -1.0017e-05 3.4096e-10 TSX
20121224 20130516 1.4657e-05 5.6895e-10 TSX
20121229 20130407 -3.4654e-05 6.5788e-10 TSX
20130104 20130217 -3.4236e-05 7.7711e-10 TSX
20130109 20130715 0.00013373 5.2981e-10 TSX
20130112 20140511 4.4282e-06 3.5636e-10 TSX
20130115 20130721 -6.5908e-05 5.1428e-10 TSX
20130126 20130823 -9.252e-05 4.9596e-10 TSX
20130131 20130429 -1.2037e-05 6.8032e-10 TSX
20130203 20130729 -9.2916e-06 5.2312e-10 TSX
20130211 20130919 9.0643e-05 4.9609e-10 TSX
20130228 20141209 0.00011626 3.2294e-10 TSX
20130311 20130801 2.0305e-05 5.6892e-10 TSX
20130316 20130623 2.0717e-05 6.5788e-10 TSX
20130402 20150122 0.00011237 3.1537e-10 TSX
20130407 20140530 4.3784e-05 3.8086e-10 TSX
20130421 20171016 4.123e-05 3.0361e-10 TSX
20130424 20130721 -8.7579e-05 6.6584e-10 TSX
20130429 20130623 -4.1865e-05 7.5842e-10 TSX
20130505 20131028 -0.00041702 5.2738e-10 TSX
20130513 20151112 6.6129e-06 3.384e-10 TSX
20130516 20131017 -0.00015313 5.5668e-10 TSX
20130521 20130715 0.0004168 7.5846e-10 TSX
20130524 20171129 2.8017e-05 3.2925e-10 TSX
20130527 20140627 8.2269e-05 3.8377e-10 TSX
20130601 20130930 0.00043928 6.1801e-10 TSX
20130604 20141217 4.8853e-05 3.4758e-10 TSX
20130607 20140719 6.7735e-05 3.8121e-10 TSX
20130612 20150105 5.6958e-05 3.3839e-10 TSX
20130615 20160106 -5.6691e-05 3.0391e-10 TSX
20130618 20140708 9.3574e-05 3.8823e-10 TSX
20130623 20130715 0.00073493 8.6654e-10 TSX
20130629 20130914 0.00040229 6.9061e-10 TSX
20130707 20150130 1.4203e-05 3.3966e-10 TSX
20130710 20140901 0.00010611 3.7628e-10 TSX
20130715 20130726 -0.0025026 1.0153e-09 TSX
20130721 20131108 0.00063799 6.221e-10 TSX
20130726 20150517 0.00010219 3.2522e-10 TSX
20130729 20160904 -2.6496e-05 2.8361e-10 TSX
20130801 20151115 0.00014697 3.0309e-10 TSX
20130817 20140209 -0.00013577 5.412e-10 TSX
20130828 20150312 0.00010079 3.4145e-10 TSX
20130903 20150329 -6.2724e-06 3.1709e-10 TSX
20130919 20160309 8.926e-05 2.8419e-10 TSX
20130925 20140708 -9.5829e-06 4.3149e-10 TSX
20130930 20160411 6.2794e-05 2.8342e-10 TSX
20131011 20150802 7.6014e-05 3.1944e-10 TSX
20131017 20140719 1.3226e-05 4.3886e-10 TSX
20131028 20160304 -0.00013012 2.7858e-10 TSX
20131102 20140519 -8.3868e-05 5.1723e-10 TSX
20131108 20140708 -2.4155e-05 4.6298e-10 TSX
20140209 20160309 0.00012846 3.1418e-10 TSX
20140223 20140829 7.5481e-05 5.1117e-10 TSX
20140408 20140705 -4.6582e-05 6.6301e-10 TSX
20140419 20170913 3.317e-05 3.0011e-10 TSX
20140511 20141228 8.155e-06 4.7005e-10 TSX
20140519 20150824 0.00010581 3.6509e-10 TSX
20140624 20171005 5.9112e-05 2.873e-10 TSX
20140627 20151115 0.00010948 3.4405e-10 TSX
20140705 20180911 1.5649e-05 3.1149e-10 TSX
20140708 20160406 0.00015363 3.1691e-10 TSX
20140716 20171005 2.424e-05 2.8626e-10 TSX
20140719 20151207 0.00015699 3.4459e-10 TSX
20140727 20150326 -5.7625e-05 4.616e-10 TSX
20140810 20150122 4.624e-05 5.3946e-10 TSX
20140818 20160301 4.4805e-06 3.3314e-10 TSX
20140829 20160208 -3.3036e-05 3.3834e-10 TSX
20140901 20140912 -0.00029039 9.7142e-10 TSX
20140912 20141209 1.6811e-06 6.6583e-10 TSX
20140920 20170902 2.7152e-06 3.0874e-10 TSX
20141209 20160211 8.1316e-05 3.6529e-10 TSX
20141217 20160722 2.9556e-05 3.2971e-10 TSX
20141228 20160106 5.8152e-06 3.8308e-10 TSX
20141231 20151024 0.00012858 4.2501e-10 TSX
20150105 20150824 2.817e-05 4.8649e-10 TSX
20150108 20170811 2.4028e-05 2.8602e-10 TSX
20150119 20160117 4.53e-05 3.8847e-10 TSX
20150127 20160411 6.1836e-05 3.7454e-10 TSX
20150130 20151112 4.404e-05 4.3176e-10 TSX
20150210 20170114 4.5415e-05 3.5263e-10 TSX
20150213 20160326 0.00012688 3.7596e-10 TSX
20150218 20160216 9.6897e-05 4.0338e-10 TSX
20150221 20180112 5.0414e-05 2.9505e-10 TSX
20150304 20180911 2.4086e-06 3.3438e-10 TSX
20150307 20160211 0.00012532 4.0167e-10 TSX
20150312 20160320 3.5528e-05 3.9909e-10 TSX
20150326 20150827 0.0001556 5.5004e-10 TSX
20150329 20151207 0.00013745 4.5541e-10 TSX
20150428 20160425 2.6774e-05 3.911e-10 TSX
20150509 20150827 0.00010945 6.1939e-10 TSX
20150517 20150824 9.6639e-05 6.5787e-10 TSX
20150520 20180911 -8.1414e-06 2.7634e-10 TSX
20150714 20170822 1.401e-05 3.0723e-10 TSX
20150725 20170924 2.7751e-05 3.1676e-10 TSX
20150802 20160309 -3.8298e-05 4.9613e-10 TSX
20150805 20160403 -0.00011801 4.6226e-10 TSX
20150816 20171107 2.4062e-05 3.0696e-10 TSX
20150824 20150915 0.00070384 8.664e-10 TSX
20150827 20170902 2.9743e-05 3.4201e-10 TSX
20150915 20160216 -3.8424e-05 5.6888e-10 TSX
20151021 20160904 -9.3544e-05 4.1753e-10 TSX
20151101 20171016 5.6639e-06 3.149e-10 TSX
20151112 20160425 -5.8964e-05 5.3633e-10 TSX
20151115 20151229 0.00018984 7.7711e-10 TSX
20151123 20171221 -1.8107e-06 3.32e-10 TSX
20151204 20151215 0.00017075 9.8129e-10 TSX
20151207 20160406 -0.0001197 6.0293e-10 TSX
20151215 20170822 5.3848e-07 3.4626e-10 TSX
20151226 20161223 2.2219e-05 3.9552e-10 TSX
20151229 20160211 2.1249e-05 7.7711e-10 TSX
20160106 20161223 1.5111e-05 4.0064e-10 TSX
20160117 20160926 2.3425e-05 4.543e-10 TSX
20160128 20160301 -0.00016613 8.1056e-10 TSX
20160208 20160312 -5.3523e-05 8.1056e-10 TSX
20160216 20160309 -0.00040725 8.664e-10 TSX
20160219 20180319 8.0666e-06 3.1739e-10 TSX
20160301 20161201 3.7906e-05 4.391e-10 TSX
20160304 20160326 2.2255e-05 8.5258e-10 TSX
20160312 20180319 2.1755e-05 3.2287e-10 TSX
20160320 20160411 0.00039458 8.6641e-10 TSX
20160323 20171118 2.2672e-05 3.2823e-10 TSX
20160326 20160406 -0.00049235 9.7134e-10 TSX
20160403 20171027 4.3034e-05 3.4196e-10 TSX
20160425 20170811 6.6687e-05 3.9359e-10 TSX
20160528 20160630 6.9707e-05 8.1056e-10 TSX
20160630 20171118 3.1507e-05 3.5774e-10 TSX
20160722 20161201 7.2444e-05 5.8173e-10 TSX
20160904 20180707 -2.1466e-06 3.4404e-10 TSX
20160915 20180911 -3.7364e-05 3.2874e-10 TSX
20160926 20170114 -7.7013e-05 6.1904e-10 TSX
20161201 20171027 -5.6801e-06 4.1309e-10 TSX
20161223 20171107 8.0645e-06 4.1151e-10 TSX
20170114 20170902 3.7596e-05 4.7131e-10 TSX
20170811 20171005 -6.3852e-05 7.4478e-10 TSX
20170822 20180707 -0.00013536 4.1538e-10 TSX
20170913 20180707 -0.00017303 4.3205e-10 TSX
20170924 20180319 -0.00017913 5.2324e-10 TSX
20171005 20171107 3.1574e-05 8.1056e-10 TSX
20171016 20180319 -0.0001747 5.5023e-10 TSX
20171027 20180911 -0.00011122 4.1446e-10 TSX
20171107 20171118 7.6412e-05 9.813e-10 TSX
20171118 20171129 5.9177e-05 9.8129e-10 TSX
20171129 20171221 3.2018e-06 8.5449e-10 TSX
20171210 20180820 -0.00012283 4.5358e-10 TSX
20171221 20180911 -0.00013988 4.4599e-10 TSX
20180112 20181003 -5.7539e-06 4.4578e-10 TSX
20180319 20180707 -6.925e-05 6.1886e-10 TSX
20180707 20180911 0.00019765 7.1539e-10 TSX
20180729 20181003 0.0001291 7.1539e-10 TSX
20180820 20181003 0.00022469 7.7627e-10 TSX
20180911 20181003 -0.00015718 8.5449e-10 TSX
