20030427 20030914 0.00063602 5.6625e-10 ERS2
20030914 20080629 -0.00024752 2.7298e-10 ERS2
20050918 20090510 -1.7517e-05 2.9749e-10 ERS2
20051127 20081116 0.00017183 3.1787e-10 ERS2
20060903 20090510 4.5936e-05 3.0679e-10 ERS2
20061231 20090105 4.0033e-05 3.1375e-10 ALOS
20070402 20070703 -0.00016788 6.6714e-10 ALOS
20070518 20091008 5.8627e-05 3.0008e-10 ALOS
20070818 20071003 -0.00043307 7.7732e-10 ALOS
20071217 20100509 -5.6107e-06 3.0028e-10 ALOS
20080103 20100526 -7.8445e-06 2.9913e-10 ALOS
20080404 20080520 0.00011054 7.7732e-10 ALOS
20080618 20090921 -5.529e-05 3.7274e-10 ALOS
20080629 20090510 -0.00027538 4.1203e-10 ERS2
20080705 20091008 4.7008e-07 3.652e-10 ALOS
20080803 20090823 -4.1063e-05 3.8298e-10 ERS2
20081116 20090823 2.2207e-05 4.3208e-10 ERS2
20081219 20090921 0.00027367 4.4618e-10 ALOS
20090105 20090708 4.0629e-05 5.2905e-10 ALOS
20090510 20091101 0.001254 5.2068e-10 ERS2
20090708 20091008 0.00022273 6.6698e-10 ALOS
20090823 20091101 4.5562e-05 6.9984e-10 ERS2
20091222 20100624 0.00028595 5.2607e-10 ALOS
20100108 20100223 0.00017017 7.7747e-10 ALOS
20100223 20100526 -3.7085e-05 6.6766e-10 ALOS
20100410 20100711 -0.00016503 6.6722e-10 ALOS
20100509 20100624 0.00072384 7.7513e-10 ALOS
20100526 20100711 0.0003449 7.7732e-10 ALOS
20100624 20101109 -0.00018041 5.843e-10 ALOS
20100711 20101011 -0.00017963 6.6719e-10 ALOS
20100809 20101109 -0.00018108 6.6431e-10 ALOS
20101011 20101126 0.00024501 7.7732e-10 ALOS
20110111 20110226 0.00065996 7.7731e-10 ALOS
20110924 20130715 2.8993e-05 3.2324e-10 TSX
20111005 20121229 -2.4836e-05 3.6875e-10 TSX
20111121 20171221 9.1847e-06 2.9242e-10 TSX
20111221 20130131 3.819e-05 3.8543e-10 TSX
20111224 20121027 -1.0702e-05 4.1959e-10 TSX
20120126 20140419 7.7749e-06 2.8999e-10 TSX
20120203 20160320 3.7638e-06 2.4804e-10 TSX
20120206 20171107 -3.4781e-06 2.9491e-10 TSX
20120617 20171129 5.5862e-06 2.8911e-10 TSX
20120723 20160120 1.7979e-05 2.6384e-10 TSX
20121024 20130109 0.00018273 7.0312e-10 TSX
20121027 20151226 -1.0594e-06 2.6682e-10 TSX
20121030 20130311 3.9077e-05 5.848e-10 TSX
20121107 20171118 1.0195e-06 2.7951e-10 TSX
20121221 20160208 1.3256e-05 2.6656e-10 TSX
20121224 20130516 -8.0423e-05 5.6861e-10 TSX
20121229 20130407 9.4402e-05 6.5707e-10 TSX
20130104 20130217 3.077e-06 7.7464e-10 TSX
20130109 20130715 1.783e-05 5.288e-10 TSX
20130112 20140511 -2.1383e-05 3.547e-10 TSX
20130115 20130721 -0.00021519 5.1405e-10 TSX
20130126 20130823 -0.00022191 4.9927e-10 TSX
20130131 20130429 -9.1721e-05 6.7919e-10 TSX
20130203 20130729 -5.4238e-05 5.2343e-10 TSX
20130211 20130919 -4.4499e-05 4.9607e-10 TSX
20130228 20141209 1.5959e-05 3.1273e-10 TSX
20130311 20130801 -7.7968e-05 5.6857e-10 TSX
20130316 20130623 2.4148e-05 6.5708e-10 TSX
20130402 20150122 8.7193e-05 3.692e-10 TSX
20130407 20140530 -4.1629e-05 3.8102e-10 TSX
20130421 20171016 1.3537e-07 3.3658e-10 TSX
20130424 20130721 -0.00034337 6.6443e-10 TSX
20130429 20130623 -8.6044e-05 7.5627e-10 TSX
20130505 20131028 -0.00059074 5.5337e-10 TSX
20130513 20151112 -1.3877e-05 2.7827e-10 TSX
20130516 20131017 -0.00032603 5.6619e-10 TSX
20130521 20130715 0.00013754 7.5629e-10 TSX
20130524 20171129 1.0072e-05 2.9371e-10 TSX
20130527 20140627 7.8973e-06 3.8395e-10 TSX
20130601 20130930 2.0506e-05 6.1764e-10 TSX
20130604 20141217 -1.5333e-05 3.389e-10 TSX
20130607 20140719 1.0106e-05 3.8003e-10 TSX
20130612 20150105 2.2287e-05 3.3784e-10 TSX
20130615 20160106 8.587e-06 2.7848e-10 TSX
20130618 20140708 -2.5286e-05 3.8814e-10 TSX
20130623 20130715 0.00058637 8.6468e-10 TSX
20130629 20130914 0.00028986 6.8927e-10 TSX
20130707 20150130 -1.757e-05 3.3826e-10 TSX
20130710 20140901 2.4593e-05 3.768e-10 TSX
20130715 20130726 -0.0025802 1.0139e-09 TSX
20130721 20131108 0.00084559 6.2454e-10 TSX
20130726 20150517 0.00018828 3.2184e-10 TSX
20130729 20160904 8.1901e-06 2.6785e-10 TSX
20130801 20151115 1.7997e-05 2.8722e-10 TSX
20130817 20140209 2.4422e-05 5.4123e-10 TSX
20130828 20150312 -2.0336e-06 3.4002e-10 TSX
20130903 20150329 -9.4846e-05 3.4748e-10 TSX
20130919 20160309 1.9022e-05 2.7897e-10 TSX
20130925 20140708 3.3599e-05 4.3139e-10 TSX
20130930 20160411 3.4786e-05 2.7747e-10 TSX
20131011 20150802 -7.3287e-06 3.1991e-10 TSX
20131017 20140719 -3.7051e-06 4.3876e-10 TSX
20131028 20160304 8.5723e-05 2.987e-10 TSX
20131102 20140519 -0.00016586 5.1729e-10 TSX
20131108 20140708 3.9041e-06 4.6372e-10 TSX
20140209 20160309 -1.3607e-05 3.0655e-10 TSX
20140223 20140829 -1.4647e-05 5.1136e-10 TSX
20140408 20140705 -9.5693e-06 6.6256e-10 TSX
20140419 20170913 1.1814e-05 3.1517e-10 TSX
20140511 20141228 2.5295e-05 4.7031e-10 TSX
20140519 20150824 8.7271e-05 3.6629e-10 TSX
20140624 20171005 3.5035e-06 3.0503e-10 TSX
20140627 20151115 -9.5999e-06 3.4034e-10 TSX
20140705 20180911 7.4159e-06 2.9901e-10 TSX
20140708 20160406 4.6181e-05 3.1308e-10 TSX
20140716 20171005 -7.8147e-06 3.1012e-10 TSX
20140719 20151207 -5.5754e-07 3.4035e-10 TSX
20140727 20150326 2.1084e-05 4.6175e-10 TSX
20140810 20150122 2.6457e-05 5.3929e-10 TSX
20140818 20160301 6.1518e-06 3.2547e-10 TSX
20140829 20160208 -1.1007e-05 3.3067e-10 TSX
20140901 20140912 -0.00031556 9.6987e-10 TSX
20140912 20141209 0.00010967 6.6443e-10 TSX
20140920 20170902 8.866e-06 2.954e-10 TSX
20141209 20160211 -2.1017e-05 3.6412e-10 TSX
20141217 20160722 7.7387e-07 3.2425e-10 TSX
20141228 20160106 -4.0485e-06 3.8207e-10 TSX
20141231 20151024 7.3349e-06 4.2497e-10 TSX
20150105 20150824 -1.5685e-05 4.8623e-10 TSX
20150108 20170811 1.3231e-05 3.1453e-10 TSX
20150119 20160117 -1.0465e-05 3.8721e-10 TSX
20150127 20160411 5.6512e-05 3.7216e-10 TSX
20150130 20151112 -2.6694e-05 4.2871e-10 TSX
20150210 20170114 4.6247e-06 3.2918e-10 TSX
20150213 20160326 2.622e-05 3.8695e-10 TSX
20150218 20160216 6.5363e-06 4.031e-10 TSX
20150221 20180112 1.0112e-05 3.3926e-10 TSX
20150304 20180911 3.1042e-05 3.3003e-10 TSX
20150307 20160211 2.7599e-06 4.0084e-10 TSX
20150312 20160320 1.1613e-05 3.9947e-10 TSX
20150326 20150827 -2.9089e-05 5.5013e-10 TSX
20150329 20151207 -3.0417e-05 4.5485e-10 TSX
20150428 20160425 2.4748e-06 3.8678e-10 TSX
20150509 20150827 -9.5736e-05 6.187e-10 TSX
20150517 20150824 -0.00025452 6.5708e-10 TSX
20150520 20180911 2.5622e-05 3.0013e-10 TSX
20150714 20170822 -1.6575e-05 3.3206e-10 TSX
20150725 20170924 -1.146e-05 3.1214e-10 TSX
20150802 20160309 1.8128e-05 4.9609e-10 TSX
20150805 20160403 4.7034e-05 4.6145e-10 TSX
20150816 20171107 5.8583e-07 3.1261e-10 TSX
20150824 20150915 0.000672 8.6458e-10 TSX
20150827 20170902 -1.3945e-05 3.2886e-10 TSX
20150915 20160216 -6.6745e-05 5.6856e-10 TSX
20151021 20160904 2.0004e-05 4.1259e-10 TSX
20151101 20171016 -2.6427e-05 3.2065e-10 TSX
20151112 20160425 3.0802e-05 5.3646e-10 TSX
20151115 20151229 0.00020362 7.7464e-10 TSX
20151123 20171221 -3.8035e-06 3.0519e-10 TSX
20151204 20151215 0.00013399 9.8139e-10 TSX
20151207 20160406 4.8455e-06 6.0232e-10 TSX
20151215 20170822 1.9531e-05 3.2746e-10 TSX
20151226 20161223 -6.3382e-06 3.9351e-10 TSX
20151229 20160211 2.2345e-05 7.7464e-10 TSX
20160106 20161223 6.5718e-06 3.9817e-10 TSX
20160117 20160926 -1.1553e-05 4.532e-10 TSX
20160128 20160301 -0.00012196 8.0985e-10 TSX
20160208 20160312 -6.656e-05 8.0985e-10 TSX
20160216 20160309 -0.00042439 8.6458e-10 TSX
20160219 20180319 9.7212e-06 2.9532e-10 TSX
20160301 20161201 -2.0849e-05 4.3868e-10 TSX
20160304 20160326 9.3864e-05 8.5061e-10 TSX
20160312 20180319 3.0877e-06 2.9818e-10 TSX
20160320 20160411 0.00043152 8.6458e-10 TSX
20160323 20171118 -8.5533e-06 3.1882e-10 TSX
20160326 20160406 -0.0005652 9.698e-10 TSX
20160403 20171027 -1.5296e-05 3.2681e-10 TSX
20160425 20170811 -2.1361e-06 3.4629e-10 TSX
20160528 20160630 -6.644e-05 8.0985e-10 TSX
20160630 20171118 1.1938e-05 3.3937e-10 TSX
20160722 20161201 3.122e-05 5.8184e-10 TSX
20160904 20180707 -5.584e-06 3.2203e-10 TSX
20160915 20180911 2.0812e-05 3.0149e-10 TSX
20160926 20170114 5.5039e-05 6.1876e-10 TSX
20161201 20171027 -6.7417e-06 4.0715e-10 TSX
20161223 20171107 -3.3046e-06 4.0931e-10 TSX
20170114 20170902 -1.907e-05 4.7012e-10 TSX
20170811 20171005 -4.3242e-05 7.4383e-10 TSX
20170822 20180707 2.9341e-05 4.1388e-10 TSX
20170913 20180707 1.2935e-05 4.2521e-10 TSX
20170924 20180319 6.3599e-05 5.2352e-10 TSX
20171005 20171107 4.1317e-05 8.0985e-10 TSX
20171016 20180319 5.3078e-05 5.5046e-10 TSX
20171027 20180911 5.2085e-05 4.139e-10 TSX
20171107 20171118 6.4906e-05 9.8139e-10 TSX
20171118 20171129 5.4597e-05 9.8139e-10 TSX
20171129 20171221 -3.4686e-05 8.5417e-10 TSX
20171210 20180820 4.0623e-05 4.5363e-10 TSX
20171221 20180911 6.6378e-05 4.4588e-10 TSX
20180112 20181003 3.2622e-05 4.4576e-10 TSX
20180319 20180707 -7.9654e-06 6.1876e-10 TSX
20180707 20180911 0.00015293 7.1455e-10 TSX
20180729 20181003 -7.7311e-05 7.1455e-10 TSX
20180820 20181003 7.932e-05 7.7534e-10 TSX
20180911 20181003 -0.0001928 8.5417e-10 TSX
