20030427 20030914 -0.00031109 5.663e-10 ERS2
20030914 20080629 -8.9496e-06 2.6283e-10 ERS2
20050918 20090510 -2.4571e-05 2.9897e-10 ERS2
20051127 20081116 9.0055e-05 3.1249e-10 ERS2
20060903 20090510 0.00014115 3.2289e-10 ERS2
20061231 20090105 -5.8708e-05 3.1257e-10 ALOS
20070402 20070703 -0.00013922 6.6623e-10 ALOS
20070518 20091008 -9.8362e-05 2.9728e-10 ALOS
20070818 20071003 -0.0004431 7.7516e-10 ALOS
20071217 20100509 -6.8237e-05 2.9939e-10 ALOS
20080103 20100526 3.631e-05 2.9733e-10 ALOS
20080404 20080520 -2.2542e-05 7.7516e-10 ALOS
20080618 20090921 -5.8071e-05 3.73e-10 ALOS
20080629 20090510 -0.00023592 4.1256e-10 ERS2
20080705 20091008 -1.672e-06 3.6508e-10 ALOS
20080803 20090823 -1.2486e-05 3.8325e-10 ERS2
20081116 20090823 8.5472e-05 4.3226e-10 ERS2
20081219 20090921 0.00021546 4.4615e-10 ALOS
20090105 20090708 2.5946e-05 5.2806e-10 ALOS
20090510 20091101 8.0107e-05 5.2144e-10 ERS2
20090708 20091008 0.00040513 6.6641e-10 ALOS
20090823 20091101 0.00016302 6.986e-10 ERS2
20091222 20100624 7.3399e-05 5.2543e-10 ALOS
20100108 20100223 0.0001394 7.7522e-10 ALOS
20100223 20100526 2.9678e-05 6.6612e-10 ALOS
20100410 20100711 -9.4853e-05 6.6623e-10 ALOS
20100509 20100624 0.00062156 7.7318e-10 ALOS
20100526 20100711 0.00033075 7.7517e-10 ALOS
20100624 20101109 -3.0725e-06 5.8397e-10 ALOS
20100711 20101011 -3.5742e-05 6.6625e-10 ALOS
20100809 20101109 2.8203e-05 6.6354e-10 ALOS
20101011 20101126 0.00028159 7.7517e-10 ALOS
20110111 20110226 0.00065269 7.7516e-10 ALOS
20110924 20130715 8.4121e-06 3.2371e-10 TSX
20111005 20121229 -2.1585e-05 3.6871e-10 TSX
20111121 20171221 -5.0653e-05 2.4845e-10 TSX
20111221 20130131 1.4193e-05 3.8543e-10 TSX
20111224 20121027 -3.3545e-05 4.1966e-10 TSX
20120126 20140419 -7.4517e-05 2.9012e-10 TSX
20120203 20160320 -6.0081e-05 2.4613e-10 TSX
20120206 20171107 -2.3789e-05 2.561e-10 TSX
20120617 20171129 -4.0243e-05 2.5705e-10 TSX
20120723 20160120 -6.9702e-06 2.7218e-10 TSX
20121024 20130109 0.00022419 7.0155e-10 TSX
20121027 20151226 -4.3257e-05 2.6369e-10 TSX
20121030 20130311 4.0753e-05 5.8465e-10 TSX
20121107 20171118 -4.0274e-05 2.5317e-10 TSX
20121221 20160208 -5.4897e-05 2.6677e-10 TSX
20121224 20130516 -0.00012612 5.6849e-10 TSX
20121229 20130407 0.00011747 6.5606e-10 TSX
20130104 20130217 2.9213e-05 7.7313e-10 TSX
20130109 20130715 -3.7652e-05 5.2957e-10 TSX
20130112 20140511 -6.1858e-05 3.5528e-10 TSX
20130115 20130721 -0.00018068 5.1396e-10 TSX
20130126 20130823 -6.9595e-05 4.962e-10 TSX
20130131 20130429 8.8406e-06 6.7795e-10 TSX
20130203 20130729 -6.2013e-05 5.2314e-10 TSX
20130211 20130919 7.5775e-06 4.9591e-10 TSX
20130228 20141209 3.1556e-05 3.1257e-10 TSX
20130311 20130801 -4.7229e-05 5.6843e-10 TSX
20130316 20130623 5.6298e-05 6.5607e-10 TSX
20130402 20150122 4.1237e-05 3.0036e-10 TSX
20130407 20140530 -4.272e-05 3.8101e-10 TSX
20130421 20171016 -4.3384e-05 2.5176e-10 TSX
20130424 20130721 -0.00027795 6.6402e-10 TSX
20130429 20130623 -3.82e-05 7.541e-10 TSX
20130505 20131028 -0.00048666 5.2764e-10 TSX
20130513 20151112 -3.4138e-05 2.7886e-10 TSX
20130516 20131017 -0.00017492 5.5446e-10 TSX
20130521 20130715 0.00015377 7.5412e-10 TSX
20130524 20171129 -3.6156e-05 2.5447e-10 TSX
20130527 20140627 6.66e-06 3.8326e-10 TSX
20130601 20130930 5.7926e-05 6.1697e-10 TSX
20130604 20141217 -4.4316e-05 3.389e-10 TSX
20130607 20140719 4.5973e-06 3.7947e-10 TSX
20130612 20150105 2.5376e-06 3.3842e-10 TSX
20130615 20160106 -4.8337e-05 2.7537e-10 TSX
20130618 20140708 -2.0343e-05 3.8772e-10 TSX
20130623 20130715 0.00053514 8.617e-10 TSX
20130629 20130914 0.00017281 6.8839e-10 TSX
20130707 20150130 -4.6176e-05 3.382e-10 TSX
20130710 20140901 -7.5191e-06 3.7662e-10 TSX
20130715 20130726 -0.002461 1.0108e-09 TSX
20130721 20131108 0.00064323 6.2108e-10 TSX
20130726 20150517 0.00011417 3.2226e-10 TSX
20130729 20160904 -4.4928e-05 2.6705e-10 TSX
20130801 20151115 1.6381e-05 2.9296e-10 TSX
20130817 20140209 5.7193e-05 5.4097e-10 TSX
20130828 20150312 6.232e-05 3.4037e-10 TSX
20130903 20150329 -0.00011816 3.1571e-10 TSX
20130919 20160309 1.6954e-05 2.7709e-10 TSX
20130925 20140708 3.1797e-05 4.3134e-10 TSX
20130930 20160411 2.8961e-05 2.7917e-10 TSX
20131011 20150802 1.4546e-05 3.2182e-10 TSX
20131017 20140719 1.5483e-05 4.3879e-10 TSX
20131028 20160304 -8.2034e-06 3.1961e-10 TSX
20131102 20140519 -0.0001488 5.1708e-10 TSX
20131108 20140708 5.0623e-06 4.6281e-10 TSX
20140209 20160309 2.1141e-05 3.0787e-10 TSX
20140223 20140829 -2.3472e-05 5.1114e-10 TSX
20140408 20140705 -3.5132e-05 6.6131e-10 TSX
20140419 20170913 -3.431e-05 2.6212e-10 TSX
20140511 20141228 -2.6718e-05 4.7012e-10 TSX
20140519 20150824 0.0001055 3.6486e-10 TSX
20140624 20171005 -4.2427e-05 2.6453e-10 TSX
20140627 20151115 -3.4676e-05 3.4653e-10 TSX
20140705 20180911 -4.006e-05 2.5462e-10 TSX
20140708 20160406 4.4645e-05 3.1442e-10 TSX
20140716 20171005 -5.2545e-05 2.6273e-10 TSX
20140719 20151207 -1.4088e-05 3.4166e-10 TSX
20140727 20150326 -2.9859e-05 4.6163e-10 TSX
20140810 20150122 5.7622e-05 5.3919e-10 TSX
20140818 20160301 -4.8663e-05 3.249e-10 TSX
20140829 20160208 -2.3485e-05 3.3144e-10 TSX
20140901 20140912 -0.00029383 9.6757e-10 TSX
20140912 20141209 5.1488e-05 6.6401e-10 TSX
20140920 20170902 -3.1618e-05 2.6805e-10 TSX
20141209 20160211 -3.4444e-05 3.6523e-10 TSX
20141217 20160722 -3.7375e-05 3.1907e-10 TSX
20141228 20160106 -3.5913e-05 3.821e-10 TSX
20141231 20151024 8.9352e-07 4.2502e-10 TSX
20150105 20150824 3.1924e-05 4.8604e-10 TSX
20150108 20170811 -5.0244e-05 2.7416e-10 TSX
20150119 20160117 -2.8981e-05 3.8711e-10 TSX
20150127 20160411 6.9145e-05 3.7194e-10 TSX
20150130 20151112 -3.478e-05 4.2837e-10 TSX
20150210 20170114 -3.9576e-05 2.9851e-10 TSX
20150213 20160326 3.9216e-05 3.8714e-10 TSX
20150218 20160216 5.3132e-07 4.0294e-10 TSX
20150221 20180112 -3.9308e-05 2.6813e-10 TSX
20150304 20180911 -2.6753e-05 2.6013e-10 TSX
20150307 20160211 7.2084e-06 4.0122e-10 TSX
20150312 20160320 -7.6672e-05 3.983e-10 TSX
20150326 20150827 -4.9635e-05 5.4978e-10 TSX
20150329 20151207 -1.9852e-05 4.5611e-10 TSX
20150428 20160425 -1.4875e-05 3.8667e-10 TSX
20150509 20150827 -5.9891e-05 6.1793e-10 TSX
20150517 20150824 -0.00017849 6.5607e-10 TSX
20150520 20180911 -3.8155e-05 2.6075e-10 TSX
20150714 20170822 -3.4209e-05 2.9141e-10 TSX
20150725 20170924 -4.0787e-05 2.8998e-10 TSX
20150802 20160309 -1.9773e-05 4.9591e-10 TSX
20150805 20160403 3.6814e-05 4.6124e-10 TSX
20150816 20171107 -3.5962e-05 2.8769e-10 TSX
20150824 20150915 0.00061148 8.616e-10 TSX
20150827 20170902 -3.7913e-05 2.9633e-10 TSX
20150915 20160216 -9.8534e-05 5.6817e-10 TSX
20151021 20160904 -3.8567e-05 4.1216e-10 TSX
20151101 20171016 -2.4793e-05 2.9921e-10 TSX
20151112 20160425 -1.7487e-05 5.361e-10 TSX
20151115 20151229 0.00017114 7.7312e-10 TSX
20151123 20171221 -4.001e-05 2.9661e-10 TSX
20151204 20151215 0.00015216 9.7806e-10 TSX
20151207 20160406 -2.2308e-05 6.0214e-10 TSX
20151215 20170822 -3.0064e-05 3.1343e-10 TSX
20151226 20161223 -3.767e-05 3.9319e-10 TSX
20151229 20160211 3.431e-06 7.7312e-10 TSX
20160106 20161223 -2.9199e-05 3.9812e-10 TSX
20160117 20160926 -4.905e-05 4.5306e-10 TSX
20160128 20160301 -0.00019334 8.0649e-10 TSX
20160208 20160312 -9.2862e-05 8.0649e-10 TSX
20160216 20160309 -0.00038433 8.616e-10 TSX
20160219 20180319 -3.3684e-05 2.9593e-10 TSX
20160301 20161201 4.6673e-06 4.385e-10 TSX
20160304 20160326 8.3799e-05 8.4846e-10 TSX
20160312 20180319 -2.4949e-05 2.9815e-10 TSX
20160320 20160411 0.00048732 8.616e-10 TSX
20160323 20171118 -4.2981e-05 3.182e-10 TSX
20160326 20160406 -0.00054817 9.675e-10 TSX
20160403 20171027 -3.8436e-05 3.2255e-10 TSX
20160425 20170811 -3.0492e-05 3.4669e-10 TSX
20160528 20160630 -1.1107e-05 8.0649e-10 TSX
20160630 20171118 -2.8801e-05 3.389e-10 TSX
20160722 20161201 5.5206e-05 5.8134e-10 TSX
20160904 20180707 -3.1206e-05 3.2363e-10 TSX
20160915 20180911 -4.052e-05 3.0056e-10 TSX
20160926 20170114 3.813e-05 6.18e-10 TSX
20161201 20171027 -2.9622e-05 4.0723e-10 TSX
20161223 20171107 -1.013e-05 4.09e-10 TSX
20170114 20170902 -2.5471e-05 4.687e-10 TSX
20170811 20171005 -0.00010041 7.4126e-10 TSX
20170822 20180707 -1.5585e-06 4.1385e-10 TSX
20170913 20180707 -3.9047e-05 4.2515e-10 TSX
20170924 20180319 2.1036e-05 5.2322e-10 TSX
20171005 20171107 1.8105e-05 8.0649e-10 TSX
20171016 20180319 -1.1875e-05 5.501e-10 TSX
20171027 20180911 -1.8337e-05 4.1381e-10 TSX
20171107 20171118 6.5114e-05 9.7806e-10 TSX
20171118 20171129 3.9824e-05 9.7806e-10 TSX
20171129 20171221 -2.4078e-05 8.5073e-10 TSX
20171210 20180820 4.9393e-06 4.5344e-10 TSX
20171221 20180911 6.29e-05 4.456e-10 TSX
20180112 20181003 -5.6087e-06 4.4556e-10 TSX
20180319 20180707 -6.1001e-05 6.18e-10 TSX
20180707 20180911 5.0428e-05 7.1248e-10 TSX
20180729 20181003 -4.2493e-05 7.1248e-10 TSX
20180820 20181003 0.00011294 7.723e-10 TSX
20180911 20181003 -6.6571e-05 8.5073e-10 TSX
