20030427 20030914 0.00051708 5.7127e-10 ERS2
20030914 20080629 -8.5522e-05 2.7395e-10 ERS2
20050918 20090510 1.802e-05 2.9999e-10 ERS2
20051127 20081116 -1.27e-05 3.0494e-10 ERS2
20060903 20090510 -6.6663e-05 3.236e-10 ERS2
20061231 20090105 5.6849e-06 3.1317e-10 ALOS
20070402 20070703 -0.00014804 6.6647e-10 ALOS
20070518 20091008 -2.1764e-05 2.9937e-10 ALOS
20070818 20071003 -0.00033389 7.7582e-10 ALOS
20071217 20100509 -5.4763e-05 2.9867e-10 ALOS
20080103 20100526 -8.1003e-05 3.0342e-10 ALOS
20080404 20080520 0.00012478 7.7583e-10 ALOS
20080618 20090921 -2.4722e-05 3.7261e-10 ALOS
20080629 20090510 -0.00027578 4.1203e-10 ERS2
20080705 20091008 -4.9977e-06 3.6521e-10 ALOS
20080803 20090823 -4.5174e-05 3.8263e-10 ERS2
20081116 20090823 -1.9899e-05 4.3206e-10 ERS2
20081219 20090921 -5.8232e-06 4.461e-10 ALOS
20090105 20090708 -7.4362e-05 5.2811e-10 ALOS
20090510 20091101 -9.4083e-05 5.2031e-10 ERS2
20090708 20091008 0.00013229 6.665e-10 ALOS
20090823 20091101 -7.846e-05 6.9882e-10 ERS2
20091222 20100624 -0.00012651 5.2533e-10 ALOS
20100108 20100223 0.00012843 7.7629e-10 ALOS
20100223 20100526 -2.0027e-05 6.6678e-10 ALOS
20100410 20100711 -0.00013984 6.6661e-10 ALOS
20100509 20100624 0.0005931 7.7376e-10 ALOS
20100526 20100711 0.00040784 7.7583e-10 ALOS
20100624 20101109 -7.2633e-05 5.8406e-10 ALOS
20100711 20101011 -0.00013278 6.6688e-10 ALOS
20100809 20101109 -4.5883e-05 6.6373e-10 ALOS
20101011 20101126 0.00025167 7.7583e-10 ALOS
20110111 20110226 0.00068429 7.7582e-10 ALOS
20110924 20130715 7.0416e-05 3.2424e-10 TSX
20111005 20121229 2.0882e-05 3.6865e-10 TSX
20111121 20171221 -1.6854e-06 3.159e-10 TSX
20111221 20130131 5.4489e-05 3.855e-10 TSX
20111224 20121027 -1.2019e-05 4.195e-10 TSX
20120126 20140419 -1.0657e-05 2.8971e-10 TSX
20120203 20160320 1.6888e-05 2.6487e-10 TSX
20120206 20171107 5.735e-06 3.2281e-10 TSX
20120617 20171129 -1.0148e-05 3.3051e-10 TSX
20120723 20160120 6.3003e-05 3.0144e-10 TSX
20121024 20130109 0.00027064 7.0196e-10 TSX
20121027 20151226 -3.097e-06 2.675e-10 TSX
20121030 20130311 3.4542e-05 5.847e-10 TSX
20121107 20171118 3.1864e-06 2.9589e-10 TSX
20121221 20160208 1.8825e-05 2.7111e-10 TSX
20121224 20130516 -9.9764e-05 5.6852e-10 TSX
20121229 20130407 0.00011608 6.5632e-10 TSX
20130104 20130217 -3.4376e-06 7.7353e-10 TSX
20130109 20130715 1.7213e-05 5.2871e-10 TSX
20130112 20140511 -2.0588e-05 3.5436e-10 TSX
20130115 20130721 -0.00014789 5.1398e-10 TSX
20130126 20130823 -5.8208e-05 5.0949e-10 TSX
20130131 20130429 -6.1045e-05 6.7827e-10 TSX
20130203 20130729 -4.7529e-05 5.2322e-10 TSX
20130211 20130919 -3.1065e-05 4.9597e-10 TSX
20130228 20141209 3.9559e-05 3.126e-10 TSX
20130311 20130801 -1.6266e-05 5.6848e-10 TSX
20130316 20130623 3.9553e-05 6.5632e-10 TSX
20130402 20150122 0.00012801 3.2452e-10 TSX
20130407 20140530 -6.3037e-06 3.8092e-10 TSX
20130421 20171016 -1.3004e-06 3.3768e-10 TSX
20130424 20130721 -0.00029447 6.6411e-10 TSX
20130429 20130623 -6.9387e-05 7.5475e-10 TSX
20130505 20131028 -0.00061717 5.5854e-10 TSX
20130513 20151112 1.2527e-05 2.7718e-10 TSX
20130516 20131017 -0.00025792 5.8343e-10 TSX
20130521 20130715 0.00015614 7.5477e-10 TSX
20130524 20171129 1.0155e-05 3.1726e-10 TSX
20130527 20140627 1.7354e-05 3.8409e-10 TSX
20130601 20130930 8.7077e-05 6.1712e-10 TSX
20130604 20141217 4.0597e-05 3.3825e-10 TSX
20130607 20140719 9.9972e-05 3.8015e-10 TSX
20130612 20150105 3.4229e-05 3.3825e-10 TSX
20130615 20160106 1.8194e-05 2.7845e-10 TSX
20130618 20140708 -2.9537e-05 3.8814e-10 TSX
20130623 20130715 0.000612 8.6288e-10 TSX
20130629 20130914 0.00015448 6.9302e-10 TSX
20130707 20150130 2.701e-05 3.3792e-10 TSX
20130710 20140901 1.4364e-05 3.765e-10 TSX
20130715 20130726 -0.0025287 1.0121e-09 TSX
20130721 20131108 0.00074437 6.4685e-10 TSX
20130726 20150517 0.00012295 3.2133e-10 TSX
20130729 20160904 -4.4669e-06 2.7124e-10 TSX
20130801 20151115 2.9808e-05 2.9586e-10 TSX
20130817 20140209 5.4213e-05 5.4103e-10 TSX
20130828 20150312 3.1003e-05 3.4089e-10 TSX
20130903 20150329 -0.00024336 3.6007e-10 TSX
20130919 20160309 5.2183e-05 3.0138e-10 TSX
20130925 20140708 7.5059e-05 4.3263e-10 TSX
20130930 20160411 7.0619e-05 2.9233e-10 TSX
20131011 20150802 4.1817e-05 3.26e-10 TSX
20131017 20140719 4.5161e-05 4.3887e-10 TSX
20131028 20160304 -2.0807e-05 4.0924e-10 TSX
20131102 20140519 -0.00016406 5.1716e-10 TSX
20131108 20140708 8.5519e-05 4.6766e-10 TSX
20140209 20160309 1.0142e-05 3.175e-10 TSX
20140223 20140829 -3.6778e-06 5.112e-10 TSX
20140408 20140705 -1.1682e-05 6.6159e-10 TSX
20140419 20170913 2.9339e-05 3.0649e-10 TSX
20140511 20141228 6.6485e-05 4.7021e-10 TSX
20140519 20150824 0.00014488 3.6497e-10 TSX
20140624 20171005 2.8288e-05 3.0855e-10 TSX
20140627 20151115 3.8192e-06 3.3988e-10 TSX
20140705 20180911 2.089e-05 3.0483e-10 TSX
20140708 20160406 3.6341e-05 3.3197e-10 TSX
20140716 20171005 -1.3873e-06 3.0372e-10 TSX
20140719 20151207 -8.0428e-06 3.41e-10 TSX
20140727 20150326 2.6225e-05 4.6154e-10 TSX
20140810 20150122 -1.2547e-05 5.3916e-10 TSX
20140818 20160301 4.4449e-05 3.2599e-10 TSX
20140829 20160208 2.2802e-05 3.3379e-10 TSX
20140901 20140912 -0.00030751 9.685e-10 TSX
20140912 20141209 2.5799e-05 6.641e-10 TSX
20140920 20170902 3.5208e-05 2.8705e-10 TSX
20141209 20160211 2.3443e-06 3.644e-10 TSX
20141217 20160722 -1.8208e-06 3.218e-10 TSX
20141228 20160106 -2.0715e-05 3.826e-10 TSX
20141231 20151024 8.9548e-05 4.2525e-10 TSX
20150105 20150824 2.6824e-05 4.8577e-10 TSX
20150108 20170811 1.6912e-05 3.1646e-10 TSX
20150119 20160117 2.7768e-05 3.8714e-10 TSX
20150127 20160411 7.1728e-05 3.748e-10 TSX
20150130 20151112 -9.72e-06 4.2865e-10 TSX
20150210 20170114 1.1312e-05 3.0754e-10 TSX
20150213 20160326 -0.00024649 3.9312e-10 TSX
20150218 20160216 5.7288e-05 4.0292e-10 TSX
20150221 20180112 -2.9361e-06 3.3595e-10 TSX
20150304 20180911 2.643e-05 3.1536e-10 TSX
20150307 20160211 3.7245e-05 4.016e-10 TSX
20150312 20160320 2.8104e-05 3.9915e-10 TSX
20150326 20150827 -4.003e-05 5.499e-10 TSX
20150329 20151207 -1.6736e-05 4.548e-10 TSX
20150428 20160425 2.1851e-05 3.87e-10 TSX
20150509 20150827 -0.00011205 6.1833e-10 TSX
20150517 20150824 -0.00010988 6.5634e-10 TSX
20150520 20180911 2.219e-05 2.8318e-10 TSX
20150714 20170822 5.6518e-05 3.0395e-10 TSX
20150725 20170924 4.7518e-05 3.0525e-10 TSX
20150802 20160309 -0.00011316 4.9828e-10 TSX
20150805 20160403 6.7e-05 4.6187e-10 TSX
20150816 20171107 4.6726e-05 3.0075e-10 TSX
20150824 20150915 0.00073776 8.6279e-10 TSX
20150827 20170902 3.1427e-05 3.0056e-10 TSX
20150915 20160216 -0.00016616 5.6915e-10 TSX
20151021 20160904 -8.2674e-07 4.1241e-10 TSX
20151101 20171016 1.4585e-05 3.2899e-10 TSX
20151112 20160425 2.6478e-05 5.3623e-10 TSX
20151115 20151229 0.00020527 7.7352e-10 TSX
20151123 20171221 1.9401e-05 3.0585e-10 TSX
20151204 20151215 0.00014621 9.7926e-10 TSX
20151207 20160406 -2.4019e-05 6.0219e-10 TSX
20151215 20170822 5.4087e-05 3.2583e-10 TSX
20151226 20161223 2.1289e-05 3.9365e-10 TSX
20151229 20160211 -1.6434e-05 7.7352e-10 TSX
20160106 20161223 4.4259e-05 3.9841e-10 TSX
20160117 20160926 -1.446e-05 4.5312e-10 TSX
20160128 20160301 -9.5891e-05 8.0752e-10 TSX
20160208 20160312 -0.00010476 8.0752e-10 TSX
20160216 20160309 -0.00041646 8.6279e-10 TSX
20160219 20180319 2.8119e-05 2.9621e-10 TSX
20160301 20161201 -3.14e-05 4.3858e-10 TSX
20160304 20160326 9.2667e-05 8.4923e-10 TSX
20160312 20180319 3.4841e-05 3.0126e-10 TSX
20160320 20160411 0.00042666 8.6279e-10 TSX
20160323 20171118 1.4529e-05 3.1695e-10 TSX
20160326 20160406 -0.0005563 9.6843e-10 TSX
20160403 20171027 2.7954e-05 3.2411e-10 TSX
20160425 20170811 4.432e-06 3.4752e-10 TSX
20160528 20160630 -5.0746e-05 8.0752e-10 TSX
20160630 20171118 3.5165e-05 3.3925e-10 TSX
20160722 20161201 1.9641e-05 5.8148e-10 TSX
20160904 20180707 4.3898e-05 3.2333e-10 TSX
20160915 20180911 4.5479e-05 3.0081e-10 TSX
20160926 20170114 3.8254e-05 6.1818e-10 TSX
20161201 20171027 1.9283e-05 4.0684e-10 TSX
20161223 20171107 -9.0015e-06 4.0959e-10 TSX
20170114 20170902 4.4891e-06 4.6978e-10 TSX
20170811 20171005 -1.5635e-05 7.4191e-10 TSX
20170822 20180707 3.4879e-06 4.138e-10 TSX
20170913 20180707 5.6236e-06 4.2508e-10 TSX
20170924 20180319 5.7995e-05 5.233e-10 TSX
20171005 20171107 4.4856e-05 8.0752e-10 TSX
20171016 20180319 5.1387e-05 5.502e-10 TSX
20171027 20180911 2.3198e-05 4.1382e-10 TSX
20171107 20171118 7.1522e-05 9.7926e-10 TSX
20171118 20171129 4.5611e-05 9.7926e-10 TSX
20171129 20171221 -2.1851e-05 8.5188e-10 TSX
20171210 20180820 -8.8721e-06 4.5342e-10 TSX
20171221 20180911 5.0312e-05 4.458e-10 TSX
20180112 20181003 2.7043e-05 4.4571e-10 TSX
20180319 20180707 -7.063e-05 6.1819e-10 TSX
20180707 20180911 0.0001466 7.1296e-10 TSX
20180729 20181003 -8.3639e-05 7.1296e-10 TSX
20180820 20181003 8.4188e-05 7.7314e-10 TSX
20180911 20181003 -0.00019092 8.5189e-10 TSX
