20030427 20030914 -0.00059831 6.6487e-10 ERS2
20030914 20080629 -8.9682e-05 3.8311e-10 ERS2
20050918 20090510 -1.6529e-07 3.9596e-10 ERS2
20051127 20081116 0.00017844 3.9573e-10 ERS2
20060903 20090510 4.1753e-05 4.0937e-10 ERS2
20061231 20090105 -1.1236e-07 4.1345e-10 ALOS
20070402 20070703 -0.00012933 7.3694e-10 ALOS
20070518 20091008 -1.4713e-05 3.98e-10 ALOS
20070818 20071003 -0.00040313 8.1507e-10 ALOS
20071217 20100509 -5.9693e-05 3.9977e-10 ALOS
20080103 20100526 -4.1796e-05 3.9722e-10 ALOS
20080404 20080520 2.9208e-05 8.1508e-10 ALOS
20080618 20090921 -0.00012143 4.7552e-10 ALOS
20080629 20090510 -0.00020116 5.094e-10 ERS2
20080705 20091008 -4.0261e-05 4.6351e-10 ALOS
20080803 20090823 -5.1185e-05 4.771e-10 ERS2
20081116 20090823 -4.961e-05 5.2472e-10 ERS2
20081219 20090921 0.00047328 5.4085e-10 ALOS
20090105 20090708 -2.2066e-05 6.1802e-10 ALOS
20090510 20091101 0.00010255 6.0889e-10 ERS2
20090708 20091008 0.00080893 7.3696e-10 ALOS
20090823 20091101 -0.00011424 7.5985e-10 ERS2
20091222 20100624 0.00036445 6.1672e-10 ALOS
20100108 20100223 0.00034079 8.1512e-10 ALOS
20100223 20100526 8.453e-05 7.3688e-10 ALOS
20100410 20100711 -0.00013109 7.3695e-10 ALOS
20100509 20100624 0.00060801 8.1336e-10 ALOS
20100526 20100711 0.00039099 8.1509e-10 ALOS
20100624 20101109 -2.1228e-06 6.7078e-10 ALOS
20100711 20101011 0.00015731 7.3715e-10 ALOS
20100809 20101109 -0.0002085 7.3451e-10 ALOS
20101011 20101126 0.00025549 8.1509e-10 ALOS
20110111 20110226 0.00069657 8.1507e-10 ALOS
20110924 20130715 3.7975e-05 4.2389e-10 TSX
20111005 20121229 -7.3892e-05 4.6733e-10 TSX
20111121 20171221 1.5148e-05 3.5554e-10 TSX
20111221 20130131 -1.578e-05 4.8455e-10 TSX
20111224 20121027 6.7911e-06 5.1477e-10 TSX
20120126 20140419 -6.104e-06 3.8083e-10 TSX
20120203 20160320 6.2771e-06 3.3898e-10 TSX
20120206 20171107 1.3999e-05 3.7974e-10 TSX
20120617 20171129 1.9706e-05 4.1221e-10 TSX
20120723 20160120 2.988e-05 3.5415e-10 TSX
20121024 20130109 1.6279e-05 7.6428e-10 TSX
20121027 20151226 -3.3687e-06 3.5711e-10 TSX
20121030 20130311 1.0144e-05 6.6782e-10 TSX
20121107 20171118 2.8992e-05 3.5502e-10 TSX
20121221 20160208 8.2416e-06 3.5437e-10 TSX
20121224 20130516 -7.4185e-05 6.548e-10 TSX
20121229 20130407 6.2961e-05 7.2969e-10 TSX
20130104 20130217 5.7832e-05 8.123e-10 TSX
20130109 20130715 0.00015349 6.1905e-10 TSX
20130112 20140511 6.7482e-06 4.4931e-10 TSX
20130115 20130721 -0.00017978 6.0092e-10 TSX
20130126 20130823 -0.00014918 5.7628e-10 TSX
20130131 20130429 -4.5605e-05 7.4666e-10 TSX
20130203 20130729 -5.137e-05 6.1435e-10 TSX
20130211 20130919 5.4043e-05 5.91e-10 TSX
20130228 20141209 4.9487e-05 4.0486e-10 TSX
20130311 20130801 -1.3435e-05 6.534e-10 TSX
20130316 20130623 2.1181e-05 7.297e-10 TSX
20130402 20150122 2.8846e-05 3.7018e-10 TSX
20130407 20140530 -3.7655e-05 4.7916e-10 TSX
20130421 20171016 1.692e-05 4.0128e-10 TSX
20130424 20130721 -0.00022833 7.3324e-10 TSX
20130429 20130623 -3.1822e-05 8.013e-10 TSX
20130505 20131028 -0.00048084 6.1081e-10 TSX
20130513 20151112 2.0617e-06 3.6559e-10 TSX
20130516 20131017 -9.3813e-05 6.3696e-10 TSX
20130521 20130715 0.00029707 8.0134e-10 TSX
20130524 20171129 9.6504e-06 4.0238e-10 TSX
20130527 20140627 -2.6736e-05 4.8023e-10 TSX
20130601 20130930 0.00029768 6.9785e-10 TSX
20130604 20141217 3.0763e-05 4.3458e-10 TSX
20130607 20140719 1.0345e-05 4.7742e-10 TSX
20130612 20150105 6.7718e-06 4.3727e-10 TSX
20130615 20160106 2.1904e-05 3.6549e-10 TSX
20130618 20140708 4.919e-05 4.8544e-10 TSX
20130623 20130715 0.00066208 8.8048e-10 TSX
20130629 20130914 0.000242 7.5191e-10 TSX
20130707 20150130 1.942e-05 4.3511e-10 TSX
20130710 20140901 9.3405e-06 4.7518e-10 TSX
20130715 20130726 -0.0024285 1.0228e-09 TSX
20130721 20131108 0.00071422 6.9792e-10 TSX
20130726 20150517 -4.7848e-05 4.2054e-10 TSX
20130729 20160904 1.3278e-05 3.5646e-10 TSX
20130801 20151115 2.1335e-05 3.7766e-10 TSX
20130817 20140209 -0.00011686 6.3159e-10 TSX
20130828 20150312 -1.0352e-05 4.3966e-10 TSX
20130903 20150329 -0.00010766 3.914e-10 TSX
20130919 20160309 -2.5428e-05 3.6999e-10 TSX
20130925 20140708 -3.5245e-05 5.2066e-10 TSX
20130930 20160411 -7.0479e-05 3.6772e-10 TSX
20131011 20150802 -4.7954e-05 4.1864e-10 TSX
20131017 20140719 -5.5199e-05 5.285e-10 TSX
20131028 20160304 2.8982e-06 3.6923e-10 TSX
20131102 20140519 3.6485e-06 6.1119e-10 TSX
20131108 20140708 -1.0864e-05 5.4959e-10 TSX
20140209 20160309 2.9055e-05 4.039e-10 TSX
20140223 20140829 4.5181e-05 6.0324e-10 TSX
20140408 20140705 -3.8163e-05 7.3234e-10 TSX
20140419 20170913 5.1485e-06 3.921e-10 TSX
20140511 20141228 -6.2398e-06 5.64e-10 TSX
20140519 20150824 -4.54e-05 4.6263e-10 TSX
20140624 20171005 1.0212e-05 3.5289e-10 TSX
20140627 20151115 -3.372e-05 4.301e-10 TSX
20140705 20180911 -9.4266e-06 3.5929e-10 TSX
20140708 20160406 2.4624e-06 4.0174e-10 TSX
20140716 20171005 3.5674e-05 3.8893e-10 TSX
20140719 20151207 3.1671e-05 4.3166e-10 TSX
20140727 20150326 -4.5013e-05 5.5596e-10 TSX
20140810 20150122 2.3955e-05 6.2453e-10 TSX
20140818 20160301 1.4479e-05 4.1405e-10 TSX
20140829 20160208 1.477e-07 4.2049e-10 TSX
20140901 20140912 -0.00028062 9.792e-10 TSX
20140912 20141209 -4.1285e-05 7.3324e-10 TSX
20140920 20170902 2.116e-05 3.5521e-10 TSX
20141209 20160211 -4.8762e-05 4.5537e-10 TSX
20141217 20160722 -1.18e-05 4.0706e-10 TSX
20141228 20160106 -4.4055e-06 4.7174e-10 TSX
20141231 20151024 2.5135e-05 5.1567e-10 TSX
20150105 20150824 -2.7508e-05 5.8076e-10 TSX
20150108 20170811 1.0865e-06 3.8097e-10 TSX
20150119 20160117 4.5493e-05 4.7777e-10 TSX
20150127 20160411 -7.0354e-06 4.6816e-10 TSX
20150130 20151112 -3.2656e-05 5.1899e-10 TSX
20150210 20170114 7.2981e-06 3.8483e-10 TSX
20150213 20160326 4.9413e-05 4.4324e-10 TSX
20150218 20160216 -1.2698e-05 5.0017e-10 TSX
20150221 20180112 4.3587e-06 3.7884e-10 TSX
20150304 20180911 -3.2643e-06 3.8316e-10 TSX
20150307 20160211 6.0126e-06 4.9163e-10 TSX
20150312 20160320 -9.433e-05 4.9525e-10 TSX
20150326 20150827 5.9621e-05 6.3591e-10 TSX
20150329 20151207 6.6219e-06 5.457e-10 TSX
20150428 20160425 1.4169e-05 4.7627e-10 TSX
20150509 20150827 3.5536e-05 6.9668e-10 TSX
20150517 20150824 2.368e-05 7.2966e-10 TSX
20150520 20180911 1.1735e-05 3.7773e-10 TSX
20150714 20170822 7.3431e-06 3.7659e-10 TSX
20150725 20170924 -3.8945e-06 3.9282e-10 TSX
20150802 20160309 -5.2309e-05 5.9081e-10 TSX
20150805 20160403 -4.6935e-05 5.5506e-10 TSX
20150816 20171107 1.4305e-05 3.7822e-10 TSX
20150824 20150915 0.00064443 8.8036e-10 TSX
20150827 20170902 6.3314e-06 4.1473e-10 TSX
20150915 20160216 -8.6554e-05 6.5558e-10 TSX
20151021 20160904 -6.981e-05 5.0717e-10 TSX
20151101 20171016 -1.8656e-05 4.1234e-10 TSX
20151112 20160425 1.2732e-05 6.2645e-10 TSX
20151115 20151229 0.00017244 8.123e-10 TSX
20151123 20171221 1.6982e-05 3.9306e-10 TSX
20151204 20151215 0.0001665 9.8953e-10 TSX
20151207 20160406 -0.00012614 6.8257e-10 TSX
20151215 20170822 -4.8831e-06 4.2055e-10 TSX
20151226 20161223 3.6802e-05 4.8927e-10 TSX
20151229 20160211 2.2306e-05 8.123e-10 TSX
20160106 20161223 2.9986e-05 4.9368e-10 TSX
20160117 20160926 -2.1264e-06 5.4716e-10 TSX
20160128 20160301 -0.00016981 8.361e-10 TSX
20160208 20160312 -8.1754e-05 8.361e-10 TSX
20160216 20160309 -0.00038327 8.8036e-10 TSX
20160219 20180319 1.7073e-05 3.8362e-10 TSX
20160301 20161201 1.2536e-05 5.3371e-10 TSX
20160304 20160326 2.7867e-05 8.6753e-10 TSX
20160312 20180319 3.273e-05 3.9087e-10 TSX
20160320 20160411 0.00041607 8.8037e-10 TSX
20160323 20171118 4.713e-06 4.3351e-10 TSX
20160326 20160406 -0.00049747 9.7912e-10 TSX
20160403 20171027 3.2932e-05 4.272e-10 TSX
20160425 20170811 1.9338e-05 4.5331e-10 TSX
20160528 20160630 4.4266e-05 8.361e-10 TSX
20160630 20171118 6.6226e-06 4.4543e-10 TSX
20160722 20161201 6.273e-05 6.6628e-10 TSX
20160904 20180707 4.0411e-05 4.2725e-10 TSX
20160915 20180911 -7.6919e-06 3.9082e-10 TSX
20160926 20170114 -9.5813e-06 6.9711e-10 TSX
20161201 20171027 -9.8365e-06 5.1204e-10 TSX
20161223 20171107 3.6671e-06 4.9782e-10 TSX
20170114 20170902 2.9729e-05 5.591e-10 TSX
20170811 20171005 -7.0393e-05 7.913e-10 TSX
20170822 20180707 -2.1516e-05 5.0966e-10 TSX
20170913 20180707 -5.3535e-05 5.1975e-10 TSX
20170924 20180319 1.4211e-05 6.1471e-10 TSX
20171005 20171107 2.8694e-05 8.361e-10 TSX
20171016 20180319 1.5772e-05 6.3943e-10 TSX
20171027 20180911 -7.2548e-05 5.0959e-10 TSX
20171107 20171118 7.7785e-05 9.8953e-10 TSX
20171118 20171129 5.34e-05 9.8953e-10 TSX
20171129 20171221 6.5698e-07 8.7003e-10 TSX
20171210 20180820 -6.3452e-05 5.4821e-10 TSX
20171221 20180911 -5.5038e-05 5.4063e-10 TSX
20180112 20181003 -2.4921e-05 5.4058e-10 TSX
20180319 20180707 -7.1534e-05 6.9717e-10 TSX
20180707 20180911 8.7815e-05 7.7092e-10 TSX
20180729 20181003 3.7731e-05 7.7092e-10 TSX
20180820 20181003 0.00016964 8.1257e-10 TSX
20180911 20181003 -0.00014321 8.7003e-10 TSX
