20030427 20030914 0.00026255 5.672e-10 ERS2
20030914 20080629 -8.2458e-05 2.8516e-10 ERS2
20050918 20090510 -4.8669e-06 3.0174e-10 ERS2
20051127 20081116 7.1318e-05 3.1649e-10 ERS2
20060903 20090510 -0.00011708 3.0583e-10 ERS2
20061231 20090105 4.3604e-05 3.5022e-10 ALOS
20070402 20070703 -0.00020367 6.6807e-10 ALOS
20070518 20091008 -9.7421e-06 3.4389e-10 ALOS
20070818 20071003 -0.00030802 7.754e-10 ALOS
20071217 20100509 -8.373e-05 3.0533e-10 ALOS
20080103 20100526 -0.00018935 3.6579e-10 ALOS
20080404 20080520 -0.00015094 7.7588e-10 ALOS
20080618 20090921 0.00015354 3.7225e-10 ALOS
20080629 20090510 -0.00021679 4.1222e-10 ERS2
20080705 20091008 -8.4353e-05 3.6769e-10 ALOS
20080803 20090823 2.1842e-05 3.8316e-10 ERS2
20081116 20090823 4.0329e-05 4.3218e-10 ERS2
20081219 20090921 -3.6888e-05 4.4855e-10 ALOS
20090105 20090708 0.0003094 5.3582e-10 ALOS
20090510 20091101 6.0098e-05 5.2216e-10 ERS2
20090708 20091008 0.00017149 6.6779e-10 ALOS
20090823 20091101 -0.00016238 6.986e-10 ERS2
20091222 20100624 0.00025055 5.3113e-10 ALOS
20100108 20100223 4.0761e-05 7.767e-10 ALOS
20100223 20100526 -3.5214e-05 6.7026e-10 ALOS
20100410 20100711 -9.984e-05 6.6854e-10 ALOS
20100509 20100624 0.00057068 7.7341e-10 ALOS
20100526 20100711 0.00035566 7.7555e-10 ALOS
20100624 20101109 -7.9268e-05 5.8403e-10 ALOS
20100711 20101011 -6.3654e-06 6.6637e-10 ALOS
20100809 20101109 0.00011792 6.6369e-10 ALOS
20101011 20101126 0.00025139 7.7543e-10 ALOS
20110111 20110226 0.00049911 7.7547e-10 ALOS
20110924 20130715 -5.3534e-06 3.3296e-10 TSX
20111005 20121229 2.4404e-05 3.7215e-10 TSX
20111121 20171221 1.0807e-05 3.8012e-10 TSX
20111221 20130131 5.4866e-06 3.8738e-10 TSX
20111224 20121027 8.8823e-06 4.1965e-10 TSX
20120126 20140419 -1.0547e-05 3.3426e-10 TSX
20120203 20160320 7.5982e-05 3.2866e-10 TSX
20120206 20171107 2.011e-06 3.4508e-10 TSX
20120617 20171129 1.254e-05 3.7742e-10 TSX
20120723 20160120 4.5488e-06 3.9346e-10 TSX
20121024 20130109 0.00010941 7.0175e-10 TSX
20121027 20151226 1.6016e-05 3.723e-10 TSX
20121030 20130311 -1.8887e-05 5.8468e-10 TSX
20121107 20171118 7.5569e-06 3.6978e-10 TSX
20121221 20160208 1.7144e-05 3.4445e-10 TSX
20121224 20130516 -4.3925e-05 5.685e-10 TSX
20121229 20130407 1.7527e-05 6.5619e-10 TSX
20130104 20130217 -4.2339e-05 7.7329e-10 TSX
20130109 20130715 -3.6478e-05 5.3973e-10 TSX
20130112 20140511 5.7316e-06 3.8479e-10 TSX
20130115 20130721 -1.2017e-05 5.2142e-10 TSX
20130126 20130823 8.6595e-05 5.0572e-10 TSX
20130131 20130429 -4.788e-05 6.781e-10 TSX
20130203 20130729 2.1376e-05 5.2628e-10 TSX
20130211 20130919 3.1023e-05 4.9951e-10 TSX
20130228 20141209 -1.0383e-05 3.5261e-10 TSX
20130311 20130801 -1.1933e-06 5.695e-10 TSX
20130316 20130623 2.4072e-05 6.5621e-10 TSX
20130402 20150122 1.4188e-06 4.6307e-10 TSX
20130407 20140530 -2.1274e-05 3.8152e-10 TSX
20130421 20171016 3.2321e-05 3.5429e-10 TSX
20130424 20130721 -5.4533e-05 6.6434e-10 TSX
20130429 20130623 -1.7145e-07 7.5436e-10 TSX
20130505 20131028 -5.5024e-05 5.5657e-10 TSX
20130513 20151112 4.4798e-05 3.5171e-10 TSX
20130516 20131017 -0.00013146 5.8682e-10 TSX
20130521 20130715 1.6236e-05 7.5437e-10 TSX
20130524 20171129 2.5529e-05 3.5238e-10 TSX
20130527 20140627 -1.7099e-06 3.8778e-10 TSX
20130601 20130930 -6.2107e-06 6.1701e-10 TSX
20130604 20141217 1.9241e-05 3.6095e-10 TSX
20130607 20140719 -1.247e-05 3.8301e-10 TSX
20130612 20150105 1.1555e-05 3.7828e-10 TSX
20130615 20160106 3.617e-05 4.0102e-10 TSX
20130618 20140708 -6.752e-07 3.9719e-10 TSX
20130623 20130715 0.00056209 8.6228e-10 TSX
20130629 20130914 7.8006e-05 6.9888e-10 TSX
20130707 20150130 4.6232e-06 3.5767e-10 TSX
20130710 20140901 3.5571e-06 3.7835e-10 TSX
20130715 20130726 -0.0023165 1.0115e-09 TSX
20130721 20131108 -3.7578e-05 6.4322e-10 TSX
20130726 20150517 -3.8309e-05 3.6248e-10 TSX
20130729 20160904 1.4559e-05 3.3447e-10 TSX
20130801 20151115 0.00010485 3.4983e-10 TSX
20130817 20140209 5.304e-05 5.4264e-10 TSX
20130828 20150312 -1.8133e-05 3.9057e-10 TSX
20130903 20150329 -3.7002e-05 3.5593e-10 TSX
20130919 20160309 -1.2495e-05 3.4257e-10 TSX
20130925 20140708 3.8711e-05 4.4782e-10 TSX
20130930 20160411 3.0314e-05 3.4778e-10 TSX
20131011 20150802 7.2992e-06 3.6612e-10 TSX
20131017 20140719 -2.6457e-05 4.6395e-10 TSX
20131028 20160304 3.3012e-05 3.0322e-10 TSX
20131102 20140519 -6.8394e-06 5.1716e-10 TSX
20131108 20140708 5.4511e-05 4.9326e-10 TSX
20140209 20160309 -2.7777e-05 4.3625e-10 TSX
20140223 20140829 2.0766e-05 5.1138e-10 TSX
20140408 20140705 -2.4052e-06 6.6126e-10 TSX
20140419 20170913 -6.0685e-06 3.8515e-10 TSX
20140511 20141228 3.6151e-05 4.7144e-10 TSX
20140519 20150824 3.087e-05 4.0339e-10 TSX
20140624 20171005 2.4262e-05 3.6291e-10 TSX
20140627 20151115 4.5755e-05 4.1779e-10 TSX
20140705 20180911 7.9503e-06 3.3523e-10 TSX
20140708 20160406 -9.7088e-06 4.1912e-10 TSX
20140716 20171005 2.3346e-05 3.3164e-10 TSX
20140719 20151207 4.8291e-05 4.4487e-10 TSX
20140727 20150326 -2.614e-05 4.6307e-10 TSX
20140810 20150122 -1.9481e-05 5.498e-10 TSX
20140818 20160301 4.289e-05 3.7289e-10 TSX
20140829 20160208 2.419e-05 3.8417e-10 TSX
20140901 20140912 -0.00027573 9.6806e-10 TSX
20140912 20141209 -3.2943e-05 6.6406e-10 TSX
20140920 20170902 4.0961e-05 3.4773e-10 TSX
20141209 20160211 1.9572e-05 4.4977e-10 TSX
20141217 20160722 2.7247e-05 3.5145e-10 TSX
20141228 20160106 5.5193e-05 4.0584e-10 TSX
20141231 20151024 -6.224e-05 4.7739e-10 TSX
20150105 20150824 -1.1207e-05 5.1064e-10 TSX
20150108 20170811 7.1406e-05 3.4342e-10 TSX
20150119 20160117 6.0727e-05 3.9661e-10 TSX
20150127 20160411 -3.5452e-06 4.1953e-10 TSX
20150130 20151112 1.7508e-05 4.4463e-10 TSX
20150210 20170114 3.872e-05 3.464e-10 TSX
20150213 20160326 0.00020311 3.873e-10 TSX
20150218 20160216 1.2465e-05 4.4844e-10 TSX
20150221 20180112 6.0221e-05 3.7381e-10 TSX
20150304 20180911 3.4513e-05 3.2919e-10 TSX
20150307 20160211 -4.0044e-05 4.3595e-10 TSX
20150312 20160320 -2.3545e-05 4.3506e-10 TSX
20150326 20150827 0.0001014 5.6402e-10 TSX
20150329 20151207 -3.4546e-06 4.8161e-10 TSX
20150428 20160425 3.8519e-05 4.1464e-10 TSX
20150509 20150827 0.00011862 6.3604e-10 TSX
20150517 20150824 -7.8882e-05 6.6241e-10 TSX
20150520 20180911 3.4625e-05 3.5293e-10 TSX
20150714 20170822 4.5983e-05 3.6407e-10 TSX
20150725 20170924 2.0137e-05 3.5233e-10 TSX
20150802 20160309 -3.6016e-05 4.9911e-10 TSX
20150805 20160403 -3.762e-05 4.6883e-10 TSX
20150816 20171107 2.2118e-05 3.527e-10 TSX
20150824 20150915 0.00058244 8.6219e-10 TSX
20150827 20170902 3.5388e-05 3.5036e-10 TSX
20150915 20160216 -4.2387e-05 5.6929e-10 TSX
20151021 20160904 -4.6399e-05 4.2669e-10 TSX
20151101 20171016 1.6005e-05 3.4042e-10 TSX
20151112 20160425 -2.0578e-05 5.3688e-10 TSX
20151115 20151229 0.00011536 7.7329e-10 TSX
20151123 20171221 3.5543e-06 3.2685e-10 TSX
20151204 20151215 0.00017381 9.7803e-10 TSX
20151207 20160406 -7.1981e-05 6.0217e-10 TSX
20151215 20170822 5.1179e-05 3.4575e-10 TSX
20151226 20161223 2.4161e-05 3.9896e-10 TSX
20151229 20160211 -5.5357e-06 7.7329e-10 TSX
20160106 20161223 2.4632e-05 4.0582e-10 TSX
20160117 20160926 6.5321e-05 4.5765e-10 TSX
20160128 20160301 -0.00016376 8.0643e-10 TSX
20160208 20160312 -5.2119e-05 8.0643e-10 TSX
20160216 20160309 -0.00035569 8.6219e-10 TSX
20160219 20180319 4.1574e-07 3.3275e-10 TSX
20160301 20161201 8.0338e-05 4.3852e-10 TSX
20160304 20160326 3.7038e-05 8.4883e-10 TSX
20160312 20180319 6.1802e-06 3.3501e-10 TSX
20160320 20160411 0.00035728 8.622e-10 TSX
20160323 20171118 3.0988e-05 3.4412e-10 TSX
20160326 20160406 -0.00051239 9.6798e-10 TSX
20160403 20171027 4.7519e-05 3.5603e-10 TSX
20160425 20170811 6.7861e-05 3.8266e-10 TSX
20160528 20160630 -1.6758e-05 8.0643e-10 TSX
20160630 20171118 6.8281e-05 3.6119e-10 TSX
20160722 20161201 0.00015795 5.8132e-10 TSX
20160904 20180707 5.7661e-06 3.4212e-10 TSX
20160915 20180911 -1.9672e-05 3.1933e-10 TSX
20160926 20170114 2.8879e-05 6.1831e-10 TSX
20161201 20171027 7.814e-07 4.1143e-10 TSX
20161223 20171107 2.0086e-05 4.2235e-10 TSX
20170114 20170902 2.3589e-05 4.8203e-10 TSX
20170811 20171005 -3.7812e-05 7.4119e-10 TSX
20170822 20180707 -7.9644e-05 4.1398e-10 TSX
20170913 20180707 -0.00010737 4.3038e-10 TSX
20170924 20180319 -8.8539e-05 5.2321e-10 TSX
20171005 20171107 5.2613e-05 8.0643e-10 TSX
20171016 20180319 -7.5591e-05 5.5007e-10 TSX
20171027 20180911 -3.6205e-05 4.1395e-10 TSX
20171107 20171118 7.7317e-05 9.7803e-10 TSX
20171118 20171129 5.5067e-05 9.7803e-10 TSX
20171129 20171221 -2.9988e-05 8.5068e-10 TSX
20171210 20180820 -4.9803e-05 4.5344e-10 TSX
20171221 20180911 -1.5544e-05 4.4568e-10 TSX
20180112 20181003 2.6195e-05 4.4568e-10 TSX
20180319 20180707 -6.0588e-05 6.1797e-10 TSX
20180707 20180911 0.00020513 7.1241e-10 TSX
20180729 20181003 3.7762e-05 7.1241e-10 TSX
20180820 20181003 0.00014959 7.7224e-10 TSX
20180911 20181003 -0.00014289 8.5069e-10 TSX
