20030427 20030914 -3.4839e-05 5.6954e-10 ERS2
20030914 20080629 -1.209e-05 2.872e-10 ERS2
20050918 20090510 -1.102e-05 3.0059e-10 ERS2
20051127 20081116 0.00011741 3.0622e-10 ERS2
20060903 20090510 -4.0527e-05 3.0665e-10 ERS2
20061231 20090105 -6.0768e-05 3.1364e-10 ALOS
20070402 20070703 -0.00013226 6.6627e-10 ALOS
20070518 20091008 -2.4081e-05 2.9924e-10 ALOS
20070818 20071003 -0.00042338 7.7517e-10 ALOS
20071217 20100509 -5.262e-05 3.0001e-10 ALOS
20080103 20100526 2.4246e-05 3.0315e-10 ALOS
20080404 20080520 -4.2021e-05 7.7519e-10 ALOS
20080618 20090921 -0.00011945 3.7232e-10 ALOS
20080629 20090510 -0.00014416 4.1318e-10 ERS2
20080705 20091008 0.00014992 3.6517e-10 ALOS
20080803 20090823 -5.4647e-05 3.83e-10 ERS2
20081116 20090823 0.00014153 4.338e-10 ERS2
20081219 20090921 0.00037003 4.4631e-10 ALOS
20090105 20090708 0.00014152 5.2948e-10 ALOS
20090510 20091101 0.00024212 5.2021e-10 ERS2
20090708 20091008 0.00062769 6.6614e-10 ALOS
20090823 20091101 9.9133e-05 6.9853e-10 ERS2
20091222 20100624 0.00029671 5.2524e-10 ALOS
20100108 20100223 0.0006339 7.7535e-10 ALOS
20100223 20100526 0.00036136 6.6673e-10 ALOS
20100410 20100711 6.196e-05 6.6606e-10 ALOS
20100509 20100624 0.00051362 7.7319e-10 ALOS
20100526 20100711 0.00051264 7.7519e-10 ALOS
20100624 20101109 0.00019042 5.8396e-10 ALOS
20100711 20101011 2.6228e-05 6.6619e-10 ALOS
20100809 20101109 -4.5053e-05 6.6353e-10 ALOS
20101011 20101126 0.00030378 7.7519e-10 ALOS
20110111 20110226 0.00068085 7.7517e-10 ALOS
20110924 20130715 3.4978e-05 3.2354e-10 TSX
20111005 20121229 -6.1131e-05 3.6888e-10 TSX
20111121 20171221 -2.6164e-05 3.0087e-10 TSX
20111221 20130131 5.5321e-05 3.8518e-10 TSX
20111224 20121027 -2.8611e-05 4.1926e-10 TSX
20120126 20140419 -0.00012344 2.9239e-10 TSX
20120203 20160320 -1.6129e-05 2.5724e-10 TSX
20120206 20171107 -1.0998e-05 2.9388e-10 TSX
20120617 20171129 -6.7366e-05 2.8158e-10 TSX
20120723 20160120 7.3063e-05 2.7311e-10 TSX
20121024 20130109 7.3061e-05 7.0153e-10 TSX
20121027 20151226 -0.0001141 2.7824e-10 TSX
20121030 20130311 9.5601e-05 5.8464e-10 TSX
20121107 20171118 -5.8472e-05 2.7428e-10 TSX
20121221 20160208 -0.00010531 2.6987e-10 TSX
20121224 20130516 -9.3736e-06 5.6849e-10 TSX
20121229 20130407 0.00020959 6.5602e-10 TSX
20130104 20130217 0.00015005 7.7314e-10 TSX
20130109 20130715 0.00021343 5.2824e-10 TSX
20130112 20140511 -6.8879e-05 3.5366e-10 TSX
20130115 20130721 -0.00011523 5.1382e-10 TSX
20130126 20130823 -2.098e-05 4.9474e-10 TSX
20130131 20130429 2.0996e-05 6.7793e-10 TSX
20130203 20130729 -3.2492e-05 5.2315e-10 TSX
20130211 20130919 7.8402e-05 4.9583e-10 TSX
20130228 20141209 2.162e-05 3.1253e-10 TSX
20130311 20130801 -3.899e-05 5.6837e-10 TSX
20130316 20130623 9.573e-05 6.5604e-10 TSX
20130402 20150122 5.932e-05 3.1866e-10 TSX
20130407 20140530 -1.1572e-06 3.8043e-10 TSX
20130421 20171016 -3.9471e-05 2.8926e-10 TSX
20130424 20130721 -0.00020104 6.6401e-10 TSX
20130429 20130623 -1.4716e-05 7.541e-10 TSX
20130505 20131028 -0.00045362 5.2811e-10 TSX
20130513 20151112 -7.5843e-05 3.0037e-10 TSX
20130516 20131017 -0.00016967 5.5452e-10 TSX
20130521 20130715 0.00025907 7.541e-10 TSX
20130524 20171129 -4.5317e-05 2.8029e-10 TSX
20130527 20140627 3.6755e-05 3.8364e-10 TSX
20130601 20130930 0.00014288 6.1696e-10 TSX
20130604 20141217 -7.5397e-05 3.3779e-10 TSX
20130607 20140719 3.5766e-05 3.8048e-10 TSX
20130612 20150105 2.8445e-05 3.3794e-10 TSX
20130615 20160106 -4.8884e-05 2.8449e-10 TSX
20130618 20140708 8.1381e-06 3.8826e-10 TSX
20130623 20130715 0.0006123 8.6179e-10 TSX
20130629 20130914 0.00027501 6.8826e-10 TSX
20130707 20150130 -7.1048e-05 3.3875e-10 TSX
20130710 20140901 1.4329e-05 3.7716e-10 TSX
20130715 20130726 -0.0024874 1.0109e-09 TSX
20130721 20131108 0.00066121 6.2105e-10 TSX
20130726 20150517 0.00016611 3.2057e-10 TSX
20130729 20160904 -0.0001119 2.7321e-10 TSX
20130801 20151115 6.178e-05 2.9704e-10 TSX
20130817 20140209 5.5094e-05 5.4096e-10 TSX
20130828 20150312 4.8327e-05 3.3995e-10 TSX
20130903 20150329 -7.7593e-05 3.197e-10 TSX
20130919 20160309 6.1345e-06 2.8305e-10 TSX
20130925 20140708 4.9636e-05 4.3135e-10 TSX
20130930 20160411 2.496e-05 2.8648e-10 TSX
20131011 20150802 3.386e-05 3.2176e-10 TSX
20131017 20140719 6.0618e-05 4.3877e-10 TSX
20131028 20160304 -0.00010508 2.9391e-10 TSX
20131102 20140519 -0.00010375 5.1708e-10 TSX
20131108 20140708 3.1414e-05 4.6278e-10 TSX
20140209 20160309 1.9204e-05 3.0643e-10 TSX
20140223 20140829 -3.7435e-06 5.1109e-10 TSX
20140408 20140705 -4.1221e-05 6.6127e-10 TSX
20140419 20170913 -4.3377e-05 2.7072e-10 TSX
20140511 20141228 -2.3069e-05 4.7014e-10 TSX
20140519 20150824 0.00010679 3.6668e-10 TSX
20140624 20171005 -7.648e-05 2.7644e-10 TSX
20140627 20151115 -5.033e-06 3.387e-10 TSX
20140705 20180911 -4.6254e-05 2.6571e-10 TSX
20140708 20160406 3.9259e-05 3.2103e-10 TSX
20140716 20171005 -7.4052e-05 2.679e-10 TSX
20140719 20151207 -4.481e-06 3.4063e-10 TSX
20140727 20150326 -3.3805e-05 4.615e-10 TSX
20140810 20150122 8.0585e-05 5.3918e-10 TSX
20140818 20160301 -8.9017e-05 3.2657e-10 TSX
20140829 20160208 -6.1124e-05 3.3332e-10 TSX
20140901 20140912 -0.00029615 9.6764e-10 TSX
20140912 20141209 7.4619e-05 6.64e-10 TSX
20140920 20170902 -8.697e-05 2.899e-10 TSX
20141209 20160211 -2.0349e-05 3.6447e-10 TSX
20141217 20160722 -8.4447e-05 3.225e-10 TSX
20141228 20160106 -3.6487e-05 3.8239e-10 TSX
20141231 20151024 5.3799e-05 4.2543e-10 TSX
20150105 20150824 4.3876e-05 4.863e-10 TSX
20150108 20170811 -8.1968e-05 2.9081e-10 TSX
20150119 20160117 -3.1675e-05 3.8786e-10 TSX
20150127 20160411 6.7461e-05 3.7149e-10 TSX
20150130 20151112 -4.1044e-05 4.2849e-10 TSX
20150210 20170114 -7.3016e-05 3.0373e-10 TSX
20150213 20160326 9.5065e-05 4.4146e-10 TSX
20150218 20160216 2.4844e-05 4.0291e-10 TSX
20150221 20180112 -9.1681e-05 2.8092e-10 TSX
20150304 20180911 -5.8826e-05 2.8184e-10 TSX
20150307 20160211 4.4504e-05 4.015e-10 TSX
20150312 20160320 -6.1125e-05 3.9801e-10 TSX
20150326 20150827 3.0704e-05 5.4989e-10 TSX
20150329 20151207 3.8686e-05 4.5515e-10 TSX
20150428 20160425 -2.1347e-05 3.8722e-10 TSX
20150509 20150827 3.9181e-05 6.1822e-10 TSX
20150517 20150824 -0.0001758 6.5603e-10 TSX
20150520 20180911 -0.00010324 2.9057e-10 TSX
20150714 20170822 -5.2982e-05 2.9362e-10 TSX
20150725 20170924 -6.6481e-05 2.9014e-10 TSX
20150802 20160309 -3.4827e-05 4.9597e-10 TSX
20150805 20160403 -1.4129e-05 4.6119e-10 TSX
20150816 20171107 -6.743e-05 2.895e-10 TSX
20150824 20150915 0.00063348 8.6167e-10 TSX
20150827 20170902 -7.1513e-05 2.9614e-10 TSX
20150915 20160216 -5.2458e-05 5.681e-10 TSX
20151021 20160904 -0.00012111 4.1238e-10 TSX
20151101 20171016 -6.4827e-05 2.9995e-10 TSX
20151112 20160425 -2.0157e-05 5.3608e-10 TSX
20151115 20151229 0.00019999 7.7314e-10 TSX
20151123 20171221 -7.3778e-05 2.9739e-10 TSX
20151204 20151215 0.00016931 9.7791e-10 TSX
20151207 20160406 -2.5247e-05 6.0214e-10 TSX
20151215 20170822 -5.175e-05 3.1702e-10 TSX
20151226 20161223 -2.5649e-05 3.9389e-10 TSX
20151229 20160211 1.8831e-05 7.7314e-10 TSX
20160106 20161223 -2.2613e-05 3.983e-10 TSX
20160117 20160926 -3.5583e-05 4.5293e-10 TSX
20160128 20160301 -0.00022274 8.0641e-10 TSX
20160208 20160312 -6.002e-05 8.0641e-10 TSX
20160216 20160309 -0.00039554 8.6167e-10 TSX
20160219 20180319 -9.0473e-05 2.9494e-10 TSX
20160301 20161201 4.4348e-05 4.3878e-10 TSX
20160304 20160326 7.2741e-05 8.4852e-10 TSX
20160312 20180319 -9.3867e-05 2.9818e-10 TSX
20160320 20160411 0.00048025 8.6168e-10 TSX
20160323 20171118 -4.5327e-05 3.1753e-10 TSX
20160326 20160406 -0.0004994 9.6756e-10 TSX
20160403 20171027 -3.0275e-05 3.2307e-10 TSX
20160425 20170811 -4.7225e-05 3.4671e-10 TSX
20160528 20160630 1.5565e-05 8.0641e-10 TSX
20160630 20171118 -4.3003e-05 3.3882e-10 TSX
20160722 20161201 8.209e-05 5.8132e-10 TSX
20160904 20180707 -7.1848e-05 3.2298e-10 TSX
20160915 20180911 -9.7006e-05 3.0087e-10 TSX
20160926 20170114 9.9987e-06 6.1797e-10 TSX
20161201 20171027 -4.6127e-05 4.0659e-10 TSX
20161223 20171107 -1.9306e-05 4.0911e-10 TSX
20170114 20170902 7.9059e-06 4.6881e-10 TSX
20170811 20171005 -9.174e-05 7.412e-10 TSX
20170822 20180707 -8.412e-05 4.1354e-10 TSX
20170913 20180707 -0.00011658 4.2511e-10 TSX
20170924 20180319 -5.1189e-05 5.2322e-10 TSX
20171005 20171107 1.265e-05 8.0641e-10 TSX
20171016 20180319 -6.7346e-05 5.5006e-10 TSX
20171027 20180911 -8.5148e-05 4.1356e-10 TSX
20171107 20171118 7.0268e-05 9.7791e-10 TSX
20171118 20171129 4.3977e-05 9.7791e-10 TSX
20171129 20171221 -1.6179e-05 8.5062e-10 TSX
20171210 20180820 -7.472e-05 4.5334e-10 TSX
20171221 20180911 -2.5385e-05 4.4564e-10 TSX
20180112 20181003 -4.5135e-05 4.4565e-10 TSX
20180319 20180707 -0.00010486 6.1798e-10 TSX
20180707 20180911 9.4443e-05 7.1243e-10 TSX
20180729 20181003 3.9165e-05 7.1243e-10 TSX
20180820 20181003 0.00018549 7.7224e-10 TSX
20180911 20181003 -6.8348e-05 8.5062e-10 TSX
