20030427 20030914 -0.00069021 5.6627e-10 ERS2
20030914 20080629 1.7856e-05 2.8157e-10 ERS2
20050918 20090510 -4.1882e-07 3.0232e-10 ERS2
20051127 20081116 -2.0262e-05 3.1975e-10 ERS2
20060903 20090510 -4.0108e-05 3.1724e-10 ERS2
20061231 20090105 -2.2485e-05 3.1308e-10 ALOS
20070402 20070703 -8.7113e-05 6.6671e-10 ALOS
20070518 20091008 -2.4844e-05 2.9861e-10 ALOS
20070818 20071003 -0.00050271 7.7645e-10 ALOS
20071217 20100509 -1.3852e-05 3.012e-10 ALOS
20080103 20100526 -9.2696e-07 2.982e-10 ALOS
20080404 20080520 -8.3607e-07 7.7645e-10 ALOS
20080618 20090921 -1.7575e-05 3.7246e-10 ALOS
20080629 20090510 -9.5385e-05 4.1221e-10 ERS2
20080705 20091008 -0.00016494 3.6517e-10 ALOS
20080803 20090823 -1.358e-05 3.8295e-10 ERS2
20081116 20090823 -2.0198e-05 4.3201e-10 ERS2
20081219 20090921 -0.00027951 4.4612e-10 ALOS
20090105 20090708 -6.251e-05 5.2817e-10 ALOS
20090510 20091101 -9.177e-05 5.2195e-10 ERS2
20090708 20091008 -0.0002354 6.6671e-10 ALOS
20090823 20091101 0.00051808 6.9927e-10 ERS2
20091222 20100624 -8.9699e-05 5.2531e-10 ALOS
20100108 20100223 -0.00020349 7.7649e-10 ALOS
20100223 20100526 -0.0001346 6.667e-10 ALOS
20100410 20100711 -7.6225e-05 6.6671e-10 ALOS
20100509 20100624 0.00075622 7.7433e-10 ALOS
20100526 20100711 0.00034746 7.7646e-10 ALOS
20100624 20101109 -0.00015655 5.8417e-10 ALOS
20100711 20101011 -0.00045409 6.6673e-10 ALOS
20100809 20101109 1.7803e-05 6.6393e-10 ALOS
20101011 20101126 0.00022421 7.7646e-10 ALOS
20110111 20110226 0.00043976 7.7645e-10 ALOS
20110924 20130715 1.564e-05 3.2339e-10 TSX
20111005 20121229 -6.6864e-06 3.6872e-10 TSX
20111121 20171221 -7.5431e-06 2.4009e-10 TSX
20111221 20130131 1.4501e-05 3.8525e-10 TSX
20111224 20121027 -1.3613e-05 4.194e-10 TSX
20120126 20140419 1.4509e-05 2.8981e-10 TSX
20120203 20160320 1.3221e-05 2.4701e-10 TSX
20120206 20171107 -3.663e-06 2.4218e-10 TSX
20120617 20171129 -9.6383e-06 2.3695e-10 TSX
20120723 20160120 -2.6806e-06 2.588e-10 TSX
20121024 20130109 0.00015252 7.0237e-10 TSX
20121027 20151226 8.4563e-06 2.6482e-10 TSX
20121030 20130311 3.1997e-05 5.8474e-10 TSX
20121107 20171118 -1.0944e-05 2.453e-10 TSX
20121221 20160208 1.011e-05 2.6732e-10 TSX
20121224 20130516 -5.5342e-05 5.6857e-10 TSX
20121229 20130407 6.8084e-05 6.5659e-10 TSX
20130104 20130217 -2.2217e-05 7.7394e-10 TSX
20130109 20130715 3.4506e-05 5.2861e-10 TSX
20130112 20140511 3.1915e-05 3.5515e-10 TSX
20130115 20130721 -0.0001224 5.1399e-10 TSX
20130126 20130823 -0.00015704 4.915e-10 TSX
20130131 20130429 1.0184e-05 6.7861e-10 TSX
20130203 20130729 3.7767e-06 5.2331e-10 TSX
20130211 20130919 -1.0922e-05 4.96e-10 TSX
20130228 20141209 2.3323e-05 3.1263e-10 TSX
20130311 20130801 -1.9275e-05 5.6852e-10 TSX
20130316 20130623 1.7798e-05 6.566e-10 TSX
20130402 20150122 3.9693e-05 2.9612e-10 TSX
20130407 20140530 -9.6311e-06 3.8084e-10 TSX
20130421 20171016 7.4467e-07 2.4334e-10 TSX
20130424 20130721 -0.00021511 6.6421e-10 TSX
20130429 20130623 -0.00010743 7.5537e-10 TSX
20130505 20131028 -0.00045437 5.2624e-10 TSX
20130513 20151112 5.2577e-06 2.7559e-10 TSX
20130516 20131017 -0.00020726 5.5377e-10 TSX
20130521 20130715 0.00017428 7.5539e-10 TSX
20130524 20171129 5.9019e-06 2.4665e-10 TSX
20130527 20140627 1.4887e-05 3.8362e-10 TSX
20130601 20130930 2.4635e-05 6.1731e-10 TSX
20130604 20141217 1.0244e-05 3.3861e-10 TSX
20130607 20140719 -1.5751e-05 3.7981e-10 TSX
20130612 20150105 4.5912e-05 3.3828e-10 TSX
20130615 20160106 2.0913e-05 2.7466e-10 TSX
20130618 20140708 -3.3932e-05 3.8818e-10 TSX
20130623 20130715 0.00056145 8.639e-10 TSX
20130629 20130914 0.00014831 6.8853e-10 TSX
20130707 20150130 9.0666e-06 3.3833e-10 TSX
20130710 20140901 7.9515e-07 3.7637e-10 TSX
20130715 20130726 -0.0023602 1.0132e-09 TSX
20130721 20131108 0.00067227 6.2117e-10 TSX
20130726 20150517 0.00011179 3.2149e-10 TSX
20130729 20160904 -3.501e-06 2.709e-10 TSX
20130801 20151115 -3.4043e-07 2.87e-10 TSX
20130817 20140209 5.4995e-05 5.411e-10 TSX
20130828 20150312 2.8472e-05 3.4064e-10 TSX
20130903 20150329 -0.00013129 3.1073e-10 TSX
20130919 20160309 4.0535e-05 2.7422e-10 TSX
20130925 20140708 -2.6955e-05 4.3128e-10 TSX
20130930 20160411 3.8986e-05 2.7178e-10 TSX
20131011 20150802 1.397e-05 3.2066e-10 TSX
20131017 20140719 -5.5386e-05 4.3874e-10 TSX
20131028 20160304 -1.6338e-06 3.148e-10 TSX
20131102 20140519 -3.0664e-05 5.1722e-10 TSX
20131108 20140708 -4.2686e-05 4.6285e-10 TSX
20140209 20160309 9.1545e-06 3.0482e-10 TSX
20140223 20140829 5.2041e-06 5.1127e-10 TSX
20140408 20140705 4.1435e-07 6.62e-10 TSX
20140419 20170913 -2.428e-05 2.5282e-10 TSX
20140511 20141228 3.1724e-06 4.7024e-10 TSX
20140519 20150824 5.2085e-05 3.6438e-10 TSX
20140624 20171005 -1.658e-05 2.6441e-10 TSX
20140627 20151115 -1.3118e-05 3.3989e-10 TSX
20140705 20180911 -5.8604e-06 2.5201e-10 TSX
20140708 20160406 3.1047e-05 3.1212e-10 TSX
20140716 20171005 -2.4463e-05 2.6282e-10 TSX
20140719 20151207 2.0385e-05 3.4028e-10 TSX
20140727 20150326 -1.0372e-05 4.6171e-10 TSX
20140810 20150122 -3.0559e-07 5.3925e-10 TSX
20140818 20160301 -1.1713e-05 3.2487e-10 TSX
20140829 20160208 -5.3918e-06 3.3105e-10 TSX
20140901 20140912 -0.00029564 9.694e-10 TSX
20140912 20141209 9.9295e-05 6.6421e-10 TSX
20140920 20170902 -2.8024e-06 2.6484e-10 TSX
20141209 20160211 -1.8783e-05 3.6377e-10 TSX
20141217 20160722 -8.4145e-06 3.1846e-10 TSX
20141228 20160106 3.9206e-06 3.8193e-10 TSX
20141231 20151024 -3.8957e-06 4.2509e-10 TSX
20150105 20150824 4.7223e-05 4.8616e-10 TSX
20150108 20170811 -2.1141e-05 2.7293e-10 TSX
20150119 20160117 1.7287e-05 3.8724e-10 TSX
20150127 20160411 4.9263e-05 3.7077e-10 TSX
20150130 20151112 -2.2488e-06 4.2849e-10 TSX
20150210 20170114 -6.383e-06 2.9801e-10 TSX
20150213 20160326 -6.3543e-05 3.7617e-10 TSX
20150218 20160216 3.4867e-06 4.0289e-10 TSX
20150221 20180112 -1.8035e-05 2.5943e-10 TSX
20150304 20180911 -1.4627e-05 2.498e-10 TSX
20150307 20160211 2.152e-05 4.0087e-10 TSX
20150312 20160320 4.9251e-06 3.9777e-10 TSX
20150326 20150827 -9.8144e-06 5.5001e-10 TSX
20150329 20151207 6.2242e-06 4.5487e-10 TSX
20150428 20160425 1.0817e-05 3.8674e-10 TSX
20150509 20150827 -2.4534e-05 6.1834e-10 TSX
20150517 20150824 -9.6918e-05 6.566e-10 TSX
20150520 20180911 9.2461e-06 2.5738e-10 TSX
20150714 20170822 -1.7078e-05 2.9054e-10 TSX
20150725 20170924 -6.7195e-06 2.9048e-10 TSX
20150802 20160309 1.0126e-05 4.9599e-10 TSX
20150805 20160403 8.1378e-06 4.6133e-10 TSX
20150816 20171107 -1.733e-06 2.8887e-10 TSX
20150824 20150915 0.00062779 8.638e-10 TSX
20150827 20170902 -1.8633e-05 2.9574e-10 TSX
20150915 20160216 -7.0179e-05 5.6838e-10 TSX
20151021 20160904 6.0116e-06 4.124e-10 TSX
20151101 20171016 -5.2802e-06 3.0037e-10 TSX
20151112 20160425 1.5459e-05 5.363e-10 TSX
20151115 20151229 0.00014916 7.7394e-10 TSX
20151123 20171221 -1.8187e-06 2.9508e-10 TSX
20151204 20151215 0.00012259 9.8119e-10 TSX
20151207 20160406 -2.5117e-05 6.0225e-10 TSX
20151215 20170822 -1.6016e-05 3.1279e-10 TSX
20151226 20161223 -3.1101e-05 3.9369e-10 TSX
20151229 20160211 1.6003e-05 7.7394e-10 TSX
20160106 20161223 -2.3185e-05 3.9819e-10 TSX
20160117 20160926 -3.3342e-05 4.5315e-10 TSX
20160128 20160301 -0.00016679 8.0901e-10 TSX
20160208 20160312 -9.1023e-05 8.0901e-10 TSX
20160216 20160309 -0.00038997 8.638e-10 TSX
20160219 20180319 -1.4589e-06 2.9618e-10 TSX
20160301 20161201 1.1483e-06 4.3876e-10 TSX
20160304 20160326 5.9529e-05 8.4999e-10 TSX
20160312 20180319 1.6585e-06 2.9821e-10 TSX
20160320 20160411 0.00040969 8.638e-10 TSX
20160323 20171118 -2.1426e-05 3.1681e-10 TSX
20160326 20160406 -0.00058198 9.6933e-10 TSX
20160403 20171027 -1.8989e-05 3.2131e-10 TSX
20160425 20170811 -3.504e-05 3.4621e-10 TSX
20160528 20160630 -7.5075e-06 8.0902e-10 TSX
20160630 20171118 -1.9101e-05 3.3916e-10 TSX
20160722 20161201 1.5557e-05 5.8164e-10 TSX
20160904 20180707 5.3435e-06 3.2392e-10 TSX
20160915 20180911 2.471e-05 3.0125e-10 TSX
20160926 20170114 5.6772e-05 6.1842e-10 TSX
20161201 20171027 -1.6149e-05 4.0696e-10 TSX
20161223 20171107 4.7952e-06 4.0902e-10 TSX
20170114 20170902 -2.9776e-05 4.6878e-10 TSX
20170811 20171005 -3.4497e-05 7.4286e-10 TSX
20170822 20180707 6.3396e-05 4.1388e-10 TSX
20170913 20180707 2.9755e-05 4.251e-10 TSX
20170924 20180319 5.8815e-05 5.2339e-10 TSX
20171005 20171107 1.6049e-05 8.0902e-10 TSX
20171016 20180319 4.3853e-05 5.5032e-10 TSX
20171027 20180911 3.507e-05 4.1387e-10 TSX
20171107 20171118 6.9184e-05 9.8119e-10 TSX
20171118 20171129 5.3603e-05 9.8119e-10 TSX
20171129 20171221 -1.7825e-05 8.5363e-10 TSX
20171210 20180820 4.3742e-05 4.5355e-10 TSX
20171221 20180911 4.9004e-05 4.4587e-10 TSX
20180112 20181003 5.6342e-05 4.4582e-10 TSX
20180319 20180707 1.2507e-05 6.1843e-10 TSX
20180707 20180911 7.9053e-05 7.1369e-10 TSX
20180729 20181003 -3.2864e-05 7.1369e-10 TSX
20180820 20181003 0.0001185 7.7436e-10 TSX
20180911 20181003 -0.00013625 8.5364e-10 TSX
