20030427 20030914 0.00092564 5.6613e-10 ERS2
20030914 20080629 -8.7869e-05 2.8433e-10 ERS2
20050918 20090510 -7.0592e-06 3.0048e-10 ERS2
20051127 20081116 0.0001151 3.4303e-10 ERS2
20060903 20090510 -5.9696e-05 3.3342e-10 ERS2
20061231 20090105 -4.5045e-05 3.1352e-10 ALOS
20070402 20070703 7.6555e-05 6.6842e-10 ALOS
20070518 20091008 -1.2357e-05 3.0482e-10 ALOS
20070818 20071003 -0.00019102 7.7889e-10 ALOS
20071217 20100509 0.00010314 3.0129e-10 ALOS
20080103 20100526 -7.4529e-05 3.0511e-10 ALOS
20080404 20080520 4.7561e-05 7.7889e-10 ALOS
20080618 20090921 -0.00018293 3.7259e-10 ALOS
20080629 20090510 -0.00027437 4.1699e-10 ERS2
20080705 20091008 -0.00013369 3.6539e-10 ALOS
20080803 20090823 -7.2729e-05 3.8633e-10 ERS2
20081116 20090823 -0.00019658 4.3333e-10 ERS2
20081219 20090921 0.00033332 4.4617e-10 ALOS
20090105 20090708 0.00044834 5.3138e-10 ALOS
20090510 20091101 0.00015305 5.2083e-10 ERS2
20090708 20091008 6.7684e-05 6.6799e-10 ALOS
20090823 20091101 0.00037955 6.9905e-10 ERS2
20091222 20100624 0.00010451 5.2609e-10 ALOS
20100108 20100223 0.00032081 7.7891e-10 ALOS
20100223 20100526 -8.6986e-05 6.6815e-10 ALOS
20100410 20100711 9.4825e-05 6.6816e-10 ALOS
20100509 20100624 0.0007491 7.766e-10 ALOS
20100526 20100711 0.00044632 7.7889e-10 ALOS
20100624 20101109 -7.7891e-05 5.8467e-10 ALOS
20100711 20101011 -5.7577e-06 6.6804e-10 ALOS
20100809 20101109 -6.3073e-05 6.651e-10 ALOS
20101011 20101126 0.00013344 7.7889e-10 ALOS
20110111 20110226 0.00046142 7.7888e-10 ALOS
20110924 20130715 -0.00010348 3.836e-10 TSX
20111005 20121229 -0.00016928 4.3675e-10 TSX
20111121 20171221 -6.793e-06 3.4587e-10 TSX
20111221 20130131 -3.2009e-05 4.1651e-10 TSX
20111224 20121027 3.1608e-06 4.4311e-10 TSX
20120126 20140419 7.0799e-06 4.6916e-10 TSX
20120203 20160320 5.6109e-05 2.88e-10 TSX
20120206 20171107 8.0226e-06 4.9894e-10 TSX
20120617 20171129 2.4329e-05 4.4826e-10 TSX
20120723 20160120 -2.0143e-05 3.4286e-10 TSX
20121024 20130109 3.5821e-05 7.0492e-10 TSX
20121027 20151226 -8.0592e-05 4.2743e-10 TSX
20121030 20130311 -1.6711e-05 5.8602e-10 TSX
20121107 20171118 3.5895e-05 3.7783e-10 TSX
20121221 20160208 5.433e-05 4.4229e-10 TSX
20121224 20130516 -0.00018009 5.6884e-10 TSX
20121229 20130407 -0.00011293 6.5825e-10 TSX
20130104 20130217 -5.9808e-05 7.758e-10 TSX
20130109 20130715 0.00017509 5.7336e-10 TSX
20130112 20140511 8.0235e-05 4.125e-10 TSX
20130115 20130721 -0.00022029 5.9979e-10 TSX
20130126 20130823 -0.00020716 5.5902e-10 TSX
20130131 20130429 -0.00012972 6.8021e-10 TSX
20130203 20130729 7.0199e-05 5.8972e-10 TSX
20130211 20130919 0.00011765 5.6791e-10 TSX
20130228 20141209 -3.7254e-05 4.878e-10 TSX
20130311 20130801 -0.00021643 6.0742e-10 TSX
20130316 20130623 -0.00013615 6.6926e-10 TSX
20130402 20150122 -0.00014284 3.4069e-10 TSX
20130407 20140530 1.0987e-05 4.6039e-10 TSX
20130421 20171016 1.8261e-05 3.7495e-10 TSX
20130424 20130721 -0.00036025 6.738e-10 TSX
20130429 20130623 -0.00012795 7.5984e-10 TSX
20130505 20131028 -0.00061812 5.5642e-10 TSX
20130513 20151112 6.366e-05 3.5047e-10 TSX
20130516 20131017 -0.00030024 5.75e-10 TSX
20130521 20130715 0.00030423 7.6215e-10 TSX
20130524 20171129 2.9621e-05 3.3481e-10 TSX
20130527 20140627 -6.2275e-05 4.5552e-10 TSX
20130601 20130930 0.00017941 6.3754e-10 TSX
20130604 20141217 7.8131e-05 4.0337e-10 TSX
20130607 20140719 -1.086e-05 4.3316e-10 TSX
20130612 20150105 0.00016045 4.2158e-10 TSX
20130615 20160106 -4.4238e-05 4.6188e-10 TSX
20130618 20140708 -3.2828e-05 4.7887e-10 TSX
20130623 20130715 0.00073431 8.6677e-10 TSX
20130629 20130914 2.8549e-05 6.9228e-10 TSX
20130707 20150130 3.3699e-05 4.1913e-10 TSX
20130710 20140901 -2.7279e-05 4.233e-10 TSX
20130715 20130726 -0.0025102 1.0156e-09 TSX
20130721 20131108 0.00057017 6.3098e-10 TSX
20130726 20150517 0.00016255 3.8852e-10 TSX
20130729 20160904 9.1955e-06 4.6977e-10 TSX
20130801 20151115 1.897e-05 3.7188e-10 TSX
20130817 20140209 -7.2422e-05 5.6266e-10 TSX
20130828 20150312 9.5774e-05 4.3569e-10 TSX
20130903 20150329 -0.00012733 4.5872e-10 TSX
20130919 20160309 -9.4966e-06 3.0719e-10 TSX
20130925 20140708 -4.9831e-05 4.6322e-10 TSX
20130930 20160411 4.127e-05 4.4837e-10 TSX
20131011 20150802 4.0752e-05 4.2547e-10 TSX
20131017 20140719 4.0124e-05 4.7305e-10 TSX
20131028 20160304 0.00014218 3.5318e-10 TSX
20131102 20140519 -5.6786e-06 5.362e-10 TSX
20131108 20140708 -2.5944e-05 5.0943e-10 TSX
20140209 20160309 4.7962e-05 3.8801e-10 TSX
20140223 20140829 0.00014052 5.2824e-10 TSX
20140408 20140705 7.8336e-05 6.6186e-10 TSX
20140419 20170913 6.5238e-05 3.9004e-10 TSX
20140511 20141228 0.0001083 4.848e-10 TSX
20140519 20150824 5.7519e-05 4.3925e-10 TSX
20140624 20171005 9.9276e-05 4.0912e-10 TSX
20140627 20151115 2.3788e-05 3.6963e-10 TSX
20140705 20180911 0.0001014 3.346e-10 TSX
20140708 20160406 0.00015694 3.6802e-10 TSX
20140716 20171005 -7.3135e-05 4.029e-10 TSX
20140719 20151207 -0.00022526 3.8775e-10 TSX
20140727 20150326 2.944e-05 4.6468e-10 TSX
20140810 20150122 -0.00016077 5.4325e-10 TSX
20140818 20160301 3.8779e-05 5.3255e-10 TSX
20140829 20160208 -2.4938e-05 3.9867e-10 TSX
20140901 20140912 -0.00028643 9.7101e-10 TSX
20140912 20141209 2.1315e-05 6.6509e-10 TSX
20140920 20170902 0.00014075 4.1716e-10 TSX
20141209 20160211 3.2195e-06 3.8354e-10 TSX
20141217 20160722 -4.7931e-05 3.9084e-10 TSX
20141228 20160106 4.9889e-05 4.7208e-10 TSX
20141231 20151024 3.0181e-05 4.3096e-10 TSX
20150105 20150824 -7.0027e-06 4.9673e-10 TSX
20150108 20170811 2.846e-05 3.9104e-10 TSX
20150119 20160117 4.0591e-05 4.1497e-10 TSX
20150127 20160411 -1.6249e-05 4.2597e-10 TSX
20150130 20151112 8.2685e-06 4.736e-10 TSX
20150210 20170114 -5.7717e-05 3.3663e-10 TSX
20150213 20160326 6.6809e-05 4.2444e-10 TSX
20150218 20160216 -4.6426e-05 4.2485e-10 TSX
20150221 20180112 0.00017259 3.4469e-10 TSX
20150304 20180911 2.1068e-05 3.5596e-10 TSX
20150307 20160211 -1.9766e-05 4.1005e-10 TSX
20150312 20160320 -6.2592e-05 4.0761e-10 TSX
20150326 20150827 8.8032e-05 5.5814e-10 TSX
20150329 20151207 -7.0698e-05 4.5786e-10 TSX
20150428 20160425 0.00015415 4.2625e-10 TSX
20150509 20150827 2.1404e-05 6.257e-10 TSX
20150517 20150824 -0.00011134 6.5873e-10 TSX
20150520 20180911 8.7111e-07 3.4392e-10 TSX
20150714 20170822 3.2021e-05 4.0038e-10 TSX
20150725 20170924 2.5307e-05 3.8713e-10 TSX
20150802 20160309 -6.0327e-05 4.967e-10 TSX
20150805 20160403 5.6421e-07 4.6208e-10 TSX
20150816 20171107 -8.6394e-05 4.8343e-10 TSX
20150824 20150915 0.00070202 8.6635e-10 TSX
20150827 20170902 -3.5162e-05 4.0499e-10 TSX
20150915 20160216 -2.7689e-05 5.7399e-10 TSX
20151021 20160904 -0.00010529 4.4495e-10 TSX
20151101 20171016 2.6806e-05 4.7263e-10 TSX
20151112 20160425 1.2459e-05 5.3665e-10 TSX
20151115 20151229 0.00012272 7.758e-10 TSX
20151123 20171221 1.4726e-06 3.9117e-10 TSX
20151204 20151215 0.00015216 9.8013e-10 TSX
20151207 20160406 -1.9636e-05 6.0265e-10 TSX
20151215 20170822 0.00018244 3.7643e-10 TSX
20151226 20161223 7.0121e-05 3.9438e-10 TSX
20151229 20160211 1.7912e-05 7.758e-10 TSX
20160106 20161223 8.3957e-05 3.9898e-10 TSX
20160117 20160926 8.3989e-05 4.7948e-10 TSX
20160128 20160301 -0.00022307 8.0852e-10 TSX
20160208 20160312 -0.00010851 8.0852e-10 TSX
20160216 20160309 -0.00041452 8.6635e-10 TSX
20160219 20180319 4.274e-06 4.095e-10 TSX
20160301 20161201 0.00011621 4.3934e-10 TSX
20160304 20160326 0.00010108 8.5181e-10 TSX
20160312 20180319 5.2506e-05 3.8655e-10 TSX
20160320 20160411 0.00036629 8.6636e-10 TSX
20160323 20171118 8.717e-05 4.0184e-10 TSX
20160326 20160406 -0.00051563 9.7094e-10 TSX
20160403 20171027 -1.12e-06 4.514e-10 TSX
20160425 20170811 8.2619e-05 3.9276e-10 TSX
20160528 20160630 -5.3372e-05 8.0852e-10 TSX
20160630 20171118 -1.0118e-05 4.1713e-10 TSX
20160722 20161201 0.00019641 5.8394e-10 TSX
20160904 20180707 3.4657e-05 3.601e-10 TSX
20160915 20180911 -3.3086e-05 4.1497e-10 TSX
20160926 20170114 0.00017628 6.2586e-10 TSX
20161201 20171027 -2.1309e-05 5.2984e-10 TSX
20161223 20171107 -4.0948e-05 4.3687e-10 TSX
20170114 20170902 -7.0111e-07 5.0514e-10 TSX
20170811 20171005 -5.0152e-05 7.427e-10 TSX
20170822 20180707 -4.377e-05 4.38e-10 TSX
20170913 20180707 -0.0001258 4.4177e-10 TSX
20170924 20180319 2.1395e-05 5.2392e-10 TSX
20171005 20171107 3.0254e-05 8.0852e-10 TSX
20171016 20180319 6.7243e-05 5.4982e-10 TSX
20171027 20180911 -4.9674e-05 4.3854e-10 TSX
20171107 20171118 6.8531e-05 9.8013e-10 TSX
20171118 20171129 5.6433e-05 9.8013e-10 TSX
20171129 20171221 -5.4734e-05 8.5285e-10 TSX
20171210 20180820 -7.2889e-05 4.6336e-10 TSX
20171221 20180911 -5.2162e-05 4.6544e-10 TSX
20180112 20181003 -6.5355e-06 4.6172e-10 TSX
20180319 20180707 -0.00023373 6.1861e-10 TSX
20180707 20180911 0.00019223 7.1354e-10 TSX
20180729 20181003 -2.2038e-05 7.1354e-10 TSX
20180820 20181003 0.00015411 7.7406e-10 TSX
20180911 20181003 -0.00020421 8.5286e-10 TSX
