20030427 20030914 0.00026456 5.7756e-10 ERS2
20030914 20080629 -4.62e-05 2.8515e-10 ERS2
20050918 20090510 -3.1584e-05 2.9845e-10 ERS2
20051127 20081116 6.3841e-05 3.0813e-10 ERS2
20060903 20090510 4.7656e-05 3.1076e-10 ERS2
20061231 20090105 -2.0383e-05 3.126e-10 ALOS
20070402 20070703 -8.4698e-05 6.6654e-10 ALOS
20070518 20091008 -3.2643e-05 2.9878e-10 ALOS
20070818 20071003 -0.00041459 7.755e-10 ALOS
20071217 20100509 3.015e-05 2.9974e-10 ALOS
20080103 20100526 2.0947e-05 2.9955e-10 ALOS
20080404 20080520 8.4213e-05 7.7551e-10 ALOS
20080618 20090921 -6.7686e-05 3.7225e-10 ALOS
20080629 20090510 -0.00028609 4.1435e-10 ERS2
20080705 20091008 -0.00014117 3.6531e-10 ALOS
20080803 20090823 -5.2163e-05 3.8301e-10 ERS2
20081116 20090823 4.0513e-05 4.3189e-10 ERS2
20081219 20090921 0.00014554 4.4849e-10 ALOS
20090105 20090708 -9.7594e-05 5.2849e-10 ALOS
20090510 20091101 0.00040912 5.2085e-10 ERS2
20090708 20091008 0.00019722 6.6633e-10 ALOS
20090823 20091101 6.3421e-05 6.9871e-10 ERS2
20091222 20100624 0.00023192 5.2733e-10 ALOS
20100108 20100223 0.00014485 7.7609e-10 ALOS
20100223 20100526 5.979e-05 6.6822e-10 ALOS
20100410 20100711 -0.00014333 6.6661e-10 ALOS
20100509 20100624 0.00063805 7.7347e-10 ALOS
20100526 20100711 0.00033932 7.7551e-10 ALOS
20100624 20101109 -0.00018071 5.8402e-10 ALOS
20100711 20101011 -0.00020611 6.6639e-10 ALOS
20100809 20101109 -9.7184e-05 6.6365e-10 ALOS
20101011 20101126 0.00025323 7.7551e-10 ALOS
20110111 20110226 0.00064269 7.755e-10 ALOS
20110924 20130715 3.2502e-05 3.2403e-10 TSX
20111005 20121229 -3.5464e-05 3.6876e-10 TSX
20111121 20171221 3.6559e-07 2.7608e-10 TSX
20111221 20130131 5.9423e-05 3.8566e-10 TSX
20111224 20121027 5.9611e-06 4.1945e-10 TSX
20120126 20140419 5.3926e-06 2.9042e-10 TSX
20120203 20160320 1.8753e-05 2.4429e-10 TSX
20120206 20171107 4.6246e-06 2.839e-10 TSX
20120617 20171129 -3.3746e-06 2.6652e-10 TSX
20120723 20160120 4.0961e-05 2.6231e-10 TSX
20121024 20130109 0.00022551 7.018e-10 TSX
20121027 20151226 -2.184e-05 2.6456e-10 TSX
20121030 20130311 5.0549e-05 5.8468e-10 TSX
20121107 20171118 5.2216e-06 2.7493e-10 TSX
20121221 20160208 2.8041e-05 2.69e-10 TSX
20121224 20130516 -3.303e-05 5.6851e-10 TSX
20121229 20130407 0.00014136 6.5621e-10 TSX
20130104 20130217 1.4011e-05 7.7331e-10 TSX
20130109 20130715 -2.7077e-05 5.2855e-10 TSX
20130112 20140511 -1.3083e-05 3.5424e-10 TSX
20130115 20130721 -0.00019426 5.1398e-10 TSX
20130126 20130823 -0.00016947 4.9796e-10 TSX
20130131 20130429 -3.822e-05 6.7814e-10 TSX
20130203 20130729 -4.32e-05 5.2319e-10 TSX
20130211 20130919 -7.6042e-05 4.9595e-10 TSX
20130228 20141209 1.8728e-05 3.1306e-10 TSX
20130311 20130801 -7.0258e-05 5.6846e-10 TSX
20130316 20130623 4.7427e-05 6.5622e-10 TSX
20130402 20150122 6.7116e-05 3.1566e-10 TSX
20130407 20140530 1.3786e-06 3.8109e-10 TSX
20130421 20171016 9.5664e-08 2.7624e-10 TSX
20130424 20130721 -0.00031873 6.6407e-10 TSX
20130429 20130623 -7.7464e-05 7.5445e-10 TSX
20130505 20131028 -0.00044263 5.5102e-10 TSX
20130513 20151112 -1.8131e-06 2.7726e-10 TSX
20130516 20131017 -0.00036628 5.6861e-10 TSX
20130521 20130715 7.9557e-05 7.5447e-10 TSX
20130524 20171129 7.2571e-06 2.7579e-10 TSX
20130527 20140627 -4.7608e-06 3.8361e-10 TSX
20130601 20130930 -4.7748e-05 6.1706e-10 TSX
20130604 20141217 -4.668e-06 3.3857e-10 TSX
20130607 20140719 7.7961e-06 3.7969e-10 TSX
20130612 20150105 4.4835e-06 3.3884e-10 TSX
20130615 20160106 -1.9094e-05 2.7403e-10 TSX
20130618 20140708 -5.3182e-05 3.8809e-10 TSX
20130623 20130715 0.00051971 8.6226e-10 TSX
20130629 20130914 0.00018848 6.8903e-10 TSX
20130707 20150130 -8.0882e-06 3.3838e-10 TSX
20130710 20140901 6.8846e-06 3.7648e-10 TSX
20130715 20130726 -0.0025317 1.0114e-09 TSX
20130721 20131108 0.0007222 6.2353e-10 TSX
20130726 20150517 0.00018125 3.221e-10 TSX
20130729 20160904 1.7221e-05 2.6809e-10 TSX
20130801 20151115 3.6483e-05 2.8621e-10 TSX
20130817 20140209 9.084e-05 5.41e-10 TSX
20130828 20150312 6.3768e-05 3.4074e-10 TSX
20130903 20150329 -0.00010684 3.351e-10 TSX
20130919 20160309 6.2855e-05 2.7536e-10 TSX
20130925 20140708 2.258e-05 4.3133e-10 TSX
20130930 20160411 6.6294e-05 2.7165e-10 TSX
20131011 20150802 -1.8022e-05 3.2028e-10 TSX
20131017 20140719 3.3786e-05 4.3881e-10 TSX
20131028 20160304 -6.7815e-06 3.3987e-10 TSX
20131102 20140519 -0.00012518 5.1714e-10 TSX
20131108 20140708 -5.0551e-06 4.6285e-10 TSX
20140209 20160309 1.2454e-06 3.0645e-10 TSX
20140223 20140829 -2.8861e-05 5.1116e-10 TSX
20140408 20140705 -1.0553e-05 6.6149e-10 TSX
20140419 20170913 1.4906e-05 2.8529e-10 TSX
20140511 20141228 1.9266e-05 4.7012e-10 TSX
20140519 20150824 9.5645e-05 3.6491e-10 TSX
20140624 20171005 -2.8027e-06 2.7507e-10 TSX
20140627 20151115 2.901e-05 3.3967e-10 TSX
20140705 20180911 5.7891e-06 2.6149e-10 TSX
20140708 20160406 7.4475e-05 3.1263e-10 TSX
20140716 20171005 1.1827e-06 2.7741e-10 TSX
20140719 20151207 1.3093e-06 3.4018e-10 TSX
20140727 20150326 5.4216e-06 4.6165e-10 TSX
20140810 20150122 -2.1724e-05 5.392e-10 TSX
20140818 20160301 3.6401e-05 3.2524e-10 TSX
20140829 20160208 1.5415e-05 3.3366e-10 TSX
20140901 20140912 -0.00031952 9.6799e-10 TSX
20140912 20141209 0.00013071 6.6407e-10 TSX
20140920 20170902 1.1733e-05 2.7298e-10 TSX
20141209 20160211 1.2477e-05 3.6353e-10 TSX
20141217 20160722 -1.0527e-06 3.2069e-10 TSX
20141228 20160106 -1.7711e-05 3.8184e-10 TSX
20141231 20151024 9.1649e-06 4.2495e-10 TSX
20150105 20150824 2.1136e-05 4.861e-10 TSX
20150108 20170811 -7.6204e-06 2.8794e-10 TSX
20150119 20160117 -1.3724e-05 3.8699e-10 TSX
20150127 20160411 9.0952e-05 3.7058e-10 TSX
20150130 20151112 -2.6751e-05 4.2844e-10 TSX
20150210 20170114 6.5569e-06 3.0481e-10 TSX
20150213 20160326 -4.7056e-05 3.8383e-10 TSX
20150218 20160216 2.1466e-05 4.026e-10 TSX
20150221 20180112 2.0234e-05 2.7418e-10 TSX
20150304 20180911 -1.0025e-05 2.6499e-10 TSX
20150307 20160211 2.8778e-05 4.007e-10 TSX
20150312 20160320 -8.4948e-06 3.9771e-10 TSX
20150326 20150827 -4.2427e-05 5.4986e-10 TSX
20150329 20151207 -1.3721e-05 4.5482e-10 TSX
20150428 20160425 2.738e-05 3.8651e-10 TSX
20150509 20150827 -0.00010246 6.1803e-10 TSX
20150517 20150824 -0.00021236 6.5624e-10 TSX
20150520 20180911 1.9384e-05 2.6185e-10 TSX
20150714 20170822 1.6048e-05 2.997e-10 TSX
20150725 20170924 -1.8725e-06 2.9575e-10 TSX
20150802 20160309 5.7135e-05 4.9596e-10 TSX
20150805 20160403 8.8054e-05 4.6123e-10 TSX
20150816 20171107 1.5681e-05 2.9066e-10 TSX
20150824 20150915 0.00064598 8.6216e-10 TSX
20150827 20170902 1.5961e-05 3.044e-10 TSX
20150915 20160216 -5.7924e-05 5.6824e-10 TSX
20151021 20160904 4.7298e-05 4.1239e-10 TSX
20151101 20171016 5.4932e-06 3.049e-10 TSX
20151112 20160425 7.4048e-05 5.3618e-10 TSX
20151115 20151229 0.00018766 7.7331e-10 TSX
20151123 20171221 2.2288e-05 2.9642e-10 TSX
20151204 20151215 0.00014064 9.7885e-10 TSX
20151207 20160406 1.9335e-05 6.0217e-10 TSX
20151215 20170822 2.2188e-05 3.1988e-10 TSX
20151226 20161223 3.2527e-05 3.9349e-10 TSX
20151229 20160211 1.3188e-05 7.7331e-10 TSX
20160106 20161223 5.4505e-05 3.981e-10 TSX
20160117 20160926 2.7744e-06 4.5305e-10 TSX
20160128 20160301 -0.000105 8.0713e-10 TSX
20160208 20160312 -7.5392e-05 8.0713e-10 TSX
20160216 20160309 -0.00038022 8.6216e-10 TSX
20160219 20180319 9.0886e-06 2.9648e-10 TSX
20160301 20161201 -2.8171e-05 4.3863e-10 TSX
20160304 20160326 0.00011591 8.488e-10 TSX
20160312 20180319 -4.5121e-06 2.9893e-10 TSX
20160320 20160411 0.00045937 8.6216e-10 TSX
20160323 20171118 6.2954e-06 3.1741e-10 TSX
20160326 20160406 -0.00056547 9.6792e-10 TSX
20160403 20171027 1.671e-06 3.2276e-10 TSX
20160425 20170811 -8.4004e-06 3.4639e-10 TSX
20160528 20160630 -6.8073e-05 8.0713e-10 TSX
20160630 20171118 2.0658e-05 3.3902e-10 TSX
20160722 20161201 2.6551e-05 5.8144e-10 TSX
20160904 20180707 1.0082e-05 3.2316e-10 TSX
20160915 20180911 -2.0106e-06 3.0145e-10 TSX
20160926 20170114 2.779e-05 6.1812e-10 TSX
20161201 20171027 -5.0549e-07 4.0688e-10 TSX
20161223 20171107 -9.6258e-06 4.0915e-10 TSX
20170114 20170902 -9.0027e-06 4.6876e-10 TSX
20170811 20171005 -7.1e-05 7.4166e-10 TSX
20170822 20180707 2.6013e-05 4.1371e-10 TSX
20170913 20180707 6.8021e-06 4.2506e-10 TSX
20170924 20180319 5.4236e-05 5.2327e-10 TSX
20171005 20171107 4.2691e-05 8.0713e-10 TSX
20171016 20180319 3.8238e-05 5.5017e-10 TSX
20171027 20180911 3.5135e-05 4.1371e-10 TSX
20171107 20171118 6.5448e-05 9.7885e-10 TSX
20171118 20171129 5.0548e-05 9.7885e-10 TSX
20171129 20171221 -4.0821e-05 8.5147e-10 TSX
20171210 20180820 2.3924e-05 4.5352e-10 TSX
20171221 20180911 4.3844e-05 4.4572e-10 TSX
20180112 20181003 -3.5753e-06 4.4573e-10 TSX
20180319 20180707 -2.3738e-05 6.1813e-10 TSX
20180707 20180911 0.00012798 7.1278e-10 TSX
20180729 20181003 -6.2749e-05 7.1278e-10 TSX
20180820 20181003 8.8767e-05 7.7282e-10 TSX
20180911 20181003 -0.00016369 8.5147e-10 TSX
