20030427 20030914 -0.00066251 5.6588e-10 ERS2
20030914 20080629 -6.9324e-05 2.6896e-10 ERS2
20050918 20090510 1.3609e-05 2.9925e-10 ERS2
20051127 20081116 4.448e-05 3.216e-10 ERS2
20060903 20090510 7.287e-05 3.0625e-10 ERS2
20061231 20090105 -0.00013086 3.134e-10 ALOS
20070402 20070703 -0.00021668 6.6732e-10 ALOS
20070518 20091008 -7.5921e-05 3.0964e-10 ALOS
20070818 20071003 -0.00042028 7.7709e-10 ALOS
20071217 20100509 -0.00010519 3.0167e-10 ALOS
20080103 20100526 1.1605e-05 3.1252e-10 ALOS
20080404 20080520 -0.00010312 7.772e-10 ALOS
20080618 20090921 -0.00023092 3.7245e-10 ALOS
20080629 20090510 -0.00022559 4.1233e-10 ERS2
20080705 20091008 -8.1408e-05 3.656e-10 ALOS
20080803 20090823 -5.106e-05 3.8299e-10 ERS2
20081116 20090823 7.2652e-05 4.3204e-10 ERS2
20081219 20090921 0.00012384 4.4683e-10 ALOS
20090105 20090708 -0.00024446 5.3184e-10 ALOS
20090510 20091101 3.104e-05 5.212e-10 ERS2
20090708 20091008 0.00045142 6.6629e-10 ALOS
20090823 20091101 0.00011145 6.993e-10 ERS2
20091222 20100624 0.00036235 5.2745e-10 ALOS
20100108 20100223 0.00016355 7.7856e-10 ALOS
20100223 20100526 -4.359e-05 6.6903e-10 ALOS
20100410 20100711 -0.00023116 6.6703e-10 ALOS
20100509 20100624 0.00056194 7.7502e-10 ALOS
20100526 20100711 0.0003396 7.771e-10 ALOS
20100624 20101109 -0.00013803 5.839e-10 ALOS
20100711 20101011 8.488e-05 6.6648e-10 ALOS
20100809 20101109 -4.1134e-05 6.6379e-10 ALOS
20101011 20101126 0.00018572 7.7711e-10 ALOS
20110111 20110226 0.00056476 7.7709e-10 ALOS
20110924 20130715 -6.3564e-06 3.2777e-10 TSX
20111005 20121229 -4.4633e-05 3.7266e-10 TSX
20111121 20171221 -1.1803e-05 2.6126e-10 TSX
20111221 20130131 -3.3322e-05 3.8578e-10 TSX
20111224 20121027 1.5213e-05 4.1951e-10 TSX
20120126 20140419 -3.594e-05 2.946e-10 TSX
20120203 20160320 -8.6811e-06 3.0508e-10 TSX
20120206 20171107 1.8817e-05 2.6918e-10 TSX
20120617 20171129 -7.9889e-08 2.5881e-10 TSX
20120723 20160120 -5.1449e-05 3.4058e-10 TSX
20121024 20130109 0.00010365 7.023e-10 TSX
20121027 20151226 -3.4162e-06 2.7322e-10 TSX
20121030 20130311 -5.0632e-05 5.8463e-10 TSX
20121107 20171118 1.8597e-05 2.5221e-10 TSX
20121221 20160208 2.4522e-05 2.8045e-10 TSX
20121224 20130516 -0.00010002 5.6847e-10 TSX
20121229 20130407 -6.43e-05 6.5621e-10 TSX
20130104 20130217 -4.8396e-05 7.7483e-10 TSX
20130109 20130715 -4.354e-06 5.362e-10 TSX
20130112 20140511 -1.7336e-06 3.5475e-10 TSX
20130115 20130721 -8.8689e-05 5.1462e-10 TSX
20130126 20130823 8.5999e-05 5.243e-10 TSX
20130131 20130429 -6.4069e-05 6.7833e-10 TSX
20130203 20130729 -3.417e-05 5.231e-10 TSX
20130211 20130919 1.7468e-07 4.9636e-10 TSX
20130228 20141209 -1.5131e-05 3.4112e-10 TSX
20130311 20130801 -1.6132e-05 5.6849e-10 TSX
20130316 20130623 -3.6645e-05 6.5621e-10 TSX
20130402 20150122 0.00021166 4.0716e-10 TSX
20130407 20140530 -8.4837e-05 3.818e-10 TSX
20130421 20171016 6.2996e-06 2.7164e-10 TSX
20130424 20130721 -0.00014323 6.643e-10 TSX
20130429 20130623 -9.8899e-05 7.5574e-10 TSX
20130505 20131028 -0.00021046 5.4166e-10 TSX
20130513 20151112 3.2297e-05 2.867e-10 TSX
20130516 20131017 -1.5391e-05 5.8637e-10 TSX
20130521 20130715 0.000207 7.5576e-10 TSX
20130524 20171129 4.5271e-05 2.6965e-10 TSX
20130527 20140627 -3.9029e-05 3.8403e-10 TSX
20130601 20130930 0.00010859 6.1687e-10 TSX
20130604 20141217 9.8869e-06 3.4066e-10 TSX
20130607 20140719 3.961e-06 3.8079e-10 TSX
20130612 20150105 -5.5803e-05 3.5644e-10 TSX
20130615 20160106 3.5752e-05 2.8484e-10 TSX
20130618 20140708 -1.0371e-05 3.8788e-10 TSX
20130623 20130715 0.00067565 8.6449e-10 TSX
20130629 20130914 -3.0691e-06 7.0876e-10 TSX
20130707 20150130 1.7236e-05 3.4114e-10 TSX
20130710 20140901 -4.4634e-05 3.7983e-10 TSX
20130715 20130726 -0.0023625 1.0136e-09 TSX
20130721 20131108 0.00086076 6.5541e-10 TSX
20130726 20150517 -4.4837e-05 3.795e-10 TSX
20130729 20160904 -1.0512e-06 2.8014e-10 TSX
20130801 20151115 -4.8634e-05 3.3875e-10 TSX
20130817 20140209 -9.8793e-05 5.4086e-10 TSX
20130828 20150312 -1.6289e-05 3.721e-10 TSX
20130903 20150329 -2.3244e-05 4.2738e-10 TSX
20130919 20160309 -2.1719e-05 3.4922e-10 TSX
20130925 20140708 -9.9925e-05 4.8614e-10 TSX
20130930 20160411 -3.6296e-05 3.3627e-10 TSX
20131011 20150802 -1.5975e-05 3.44e-10 TSX
20131017 20140719 -7.2064e-05 4.8707e-10 TSX
20131028 20160304 -1.3896e-05 4.2003e-10 TSX
20131102 20140519 -0.00011756 5.1703e-10 TSX
20131108 20140708 -0.00021639 5.647e-10 TSX
20140209 20160309 -2.2148e-05 3.2469e-10 TSX
20140223 20140829 5.126e-06 5.1109e-10 TSX
20140408 20140705 -4.8355e-05 6.6167e-10 TSX
20140419 20170913 5.1005e-05 2.6116e-10 TSX
20140511 20141228 2.0761e-05 4.7031e-10 TSX
20140519 20150824 3.8963e-05 3.8327e-10 TSX
20140624 20171005 2.4412e-05 2.7437e-10 TSX
20140627 20151115 1.3397e-05 3.8358e-10 TSX
20140705 20180911 3.9545e-06 2.6568e-10 TSX
20140708 20160406 -1.7027e-05 3.3823e-10 TSX
20140716 20171005 4.1531e-05 2.6953e-10 TSX
20140719 20151207 -2.0886e-05 3.7383e-10 TSX
20140727 20150326 -1.0283e-05 4.617e-10 TSX
20140810 20150122 4.7057e-05 5.5486e-10 TSX
20140818 20160301 2.3098e-05 3.3012e-10 TSX
20140829 20160208 2.4437e-05 3.3962e-10 TSX
20140901 20140912 -0.00029819 9.7001e-10 TSX
20140912 20141209 -2.2516e-05 6.6429e-10 TSX
20140920 20170902 5.1393e-05 2.7732e-10 TSX
20141209 20160211 -1.9073e-05 3.8685e-10 TSX
20141217 20160722 3.0203e-05 3.2649e-10 TSX
20141228 20160106 3.5543e-05 3.8425e-10 TSX
20141231 20151024 1.2401e-05 4.3635e-10 TSX
20150105 20150824 -6.4374e-06 4.922e-10 TSX
20150108 20170811 5.1984e-05 2.7812e-10 TSX
20150119 20160117 5.225e-05 3.8806e-10 TSX
20150127 20160411 -5.627e-05 3.9817e-10 TSX
20150130 20151112 7.1542e-05 4.2974e-10 TSX
20150210 20170114 4.4588e-05 3.0982e-10 TSX
20150213 20160326 -0.00014698 4.1139e-10 TSX
20150218 20160216 7.0362e-06 4.0708e-10 TSX
20150221 20180112 -2.5631e-06 3.0942e-10 TSX
20150304 20180911 3.4887e-05 2.7091e-10 TSX
20150307 20160211 -7.7183e-06 4.1926e-10 TSX
20150312 20160320 -4.902e-05 4.0382e-10 TSX
20150326 20150827 6.1243e-05 5.5089e-10 TSX
20150329 20151207 1.1525e-05 4.5725e-10 TSX
20150428 20160425 4.9536e-05 3.8959e-10 TSX
20150509 20150827 6.8593e-05 6.1882e-10 TSX
20150517 20150824 -6.1941e-05 6.5705e-10 TSX
20150520 20180911 2.8094e-05 2.6553e-10 TSX
20150714 20170822 4.3048e-05 3.0193e-10 TSX
20150725 20170924 2.0609e-05 2.9887e-10 TSX
20150802 20160309 -6.3421e-05 5.0446e-10 TSX
20150805 20160403 9.4069e-06 4.6337e-10 TSX
20150816 20171107 3.2029e-05 2.9867e-10 TSX
20150824 20150915 0.00069408 8.6439e-10 TSX
20150827 20170902 3.387e-05 3.0348e-10 TSX
20150915 20160216 -9.5952e-05 5.6976e-10 TSX
20151021 20160904 -3.7817e-05 4.1343e-10 TSX
20151101 20171016 2.2351e-05 3.0759e-10 TSX
20151112 20160425 -4.1375e-05 5.3629e-10 TSX
20151115 20151229 0.00018329 7.7483e-10 TSX
20151123 20171221 1.4777e-05 2.9932e-10 TSX
20151204 20151215 0.0001708 9.8019e-10 TSX
20151207 20160406 -0.00012625 6.0214e-10 TSX
20151215 20170822 3.79e-05 3.1829e-10 TSX
20151226 20161223 3.6338e-05 3.9467e-10 TSX
20151229 20160211 -1.9138e-05 7.7483e-10 TSX
20160106 20161223 5.2888e-05 3.9973e-10 TSX
20160117 20160926 2.7092e-05 4.5365e-10 TSX
20160128 20160301 -0.00015928 8.087e-10 TSX
20160208 20160312 -0.00011286 8.087e-10 TSX
20160216 20160309 -0.00037237 8.6439e-10 TSX
20160219 20180319 -6.3516e-06 3.0403e-10 TSX
20160301 20161201 0.00010817 4.3886e-10 TSX
20160304 20160326 7.7876e-06 8.5082e-10 TSX
20160312 20180319 7.8388e-06 3.0619e-10 TSX
20160320 20160411 0.00037872 8.644e-10 TSX
20160323 20171118 4.2407e-05 3.2045e-10 TSX
20160326 20160406 -0.00050792 9.6993e-10 TSX
20160403 20171027 6.6269e-05 3.3192e-10 TSX
20160425 20170811 8.0854e-05 3.4816e-10 TSX
20160528 20160630 -1.1565e-06 8.087e-10 TSX
20160630 20171118 6.9814e-05 3.3992e-10 TSX
20160722 20161201 0.00022073 5.8127e-10 TSX
20160904 20180707 7.8862e-06 3.2499e-10 TSX
20160915 20180911 1.5747e-06 3.0506e-10 TSX
20160926 20170114 2.8171e-05 6.1807e-10 TSX
20161201 20171027 -8.0739e-06 4.0833e-10 TSX
20161223 20171107 -1.4579e-05 4.1046e-10 TSX
20170114 20170902 3.7612e-05 4.7015e-10 TSX
20170811 20171005 -7.0701e-05 7.4273e-10 TSX
20170822 20180707 -6.9368e-05 4.1384e-10 TSX
20170913 20180707 -0.00010366 4.256e-10 TSX
20170924 20180319 -4.4798e-05 5.232e-10 TSX
20171005 20171107 4.3661e-05 8.087e-10 TSX
20171016 20180319 -1.2452e-05 5.5005e-10 TSX
20171027 20180911 -1.5469e-05 4.1379e-10 TSX
20171107 20171118 9.0054e-05 9.8019e-10 TSX
20171118 20171129 5.8344e-05 9.8019e-10 TSX
20171129 20171221 -3.3624e-05 8.53e-10 TSX
20171210 20180820 -6.1349e-05 4.5351e-10 TSX
20171221 20180911 -6.4165e-05 4.4567e-10 TSX
20180112 20181003 2.6394e-05 4.4575e-10 TSX
20180319 20180707 -0.00010796 6.1805e-10 TSX
20180707 20180911 0.00027826 7.135e-10 TSX
20180729 20181003 4.5806e-06 7.135e-10 TSX
20180820 20181003 0.00012484 7.7421e-10 TSX
20180911 20181003 -0.00022665 8.53e-10 TSX
