20030427 20030914 0.00063583 5.6832e-10 ERS2
20030914 20080629 -5.4771e-05 2.8156e-10 ERS2
20050918 20090510 8.9524e-06 3.0246e-10 ERS2
20051127 20081116 -0.00020113 3.1411e-10 ERS2
20060903 20090510 9.3631e-05 3.0904e-10 ERS2
20061231 20090105 -1.714e-07 3.1193e-10 ALOS
20070402 20070703 -0.00011652 6.6848e-10 ALOS
20070518 20091008 1.6392e-05 2.983e-10 ALOS
20070818 20071003 -0.00034085 7.7936e-10 ALOS
20071217 20100509 3.8292e-05 2.9867e-10 ALOS
20080103 20100526 1.7972e-05 2.9825e-10 ALOS
20080404 20080520 0.00011123 7.7936e-10 ALOS
20080618 20090921 -3.7582e-05 3.7246e-10 ALOS
20080629 20090510 -0.00029466 4.1222e-10 ERS2
20080705 20091008 -1.4709e-06 3.6497e-10 ALOS
20080803 20090823 -1.9427e-05 3.8296e-10 ERS2
20081116 20090823 3.2444e-05 4.3257e-10 ERS2
20081219 20090921 0.00036622 4.4628e-10 ALOS
20090105 20090708 0.00012493 5.2888e-10 ALOS
20090510 20091101 0.00021004 5.2089e-10 ERS2
20090708 20091008 0.00050425 6.6862e-10 ALOS
20090823 20091101 -8.786e-05 7.0165e-10 ERS2
20091222 20100624 0.00022138 5.2576e-10 ALOS
20100108 20100223 0.00031632 7.7967e-10 ALOS
20100223 20100526 2.9793e-05 6.6842e-10 ALOS
20100410 20100711 -7.3144e-05 6.6851e-10 ALOS
20100509 20100624 0.00072948 7.771e-10 ALOS
20100526 20100711 0.00049131 7.7937e-10 ALOS
20100624 20101109 -4.3099e-05 5.8483e-10 ALOS
20100711 20101011 -0.00013148 6.6851e-10 ALOS
20100809 20101109 -0.00015404 6.6552e-10 ALOS
20101011 20101126 0.00028761 7.7937e-10 ALOS
20110111 20110226 0.00075637 7.7935e-10 ALOS
20110924 20130715 7.1406e-05 3.2302e-10 TSX
20111005 20121229 -5.2209e-06 3.6892e-10 TSX
20111121 20171221 2.5802e-06 2.9893e-10 TSX
20111221 20130131 4.0399e-05 3.8556e-10 TSX
20111224 20121027 -2.9762e-05 4.1942e-10 TSX
20120126 20140419 -1.3118e-05 2.911e-10 TSX
20120203 20160320 -9.6793e-06 2.4688e-10 TSX
20120206 20171107 1.093e-06 2.9451e-10 TSX
20120617 20171129 9.3214e-06 2.6282e-10 TSX
20120723 20160120 5.944e-05 2.5685e-10 TSX
20121024 20130109 0.00021196 7.0485e-10 TSX
20121027 20151226 -1.1511e-05 2.6794e-10 TSX
20121030 20130311 3.642e-05 5.8513e-10 TSX
20121107 20171118 -1.0876e-05 2.7328e-10 TSX
20121221 20160208 8.2088e-06 2.6899e-10 TSX
20121224 20130516 -0.00021716 5.6886e-10 TSX
20121229 20130407 6.4236e-05 6.5844e-10 TSX
20130104 20130217 1.3671e-05 7.7646e-10 TSX
20130109 20130715 5.5264e-05 5.2942e-10 TSX
20130112 20140511 -4.0601e-05 3.5522e-10 TSX
20130115 20130721 -0.00021092 5.1415e-10 TSX
20130126 20130823 -0.00024353 5.3154e-10 TSX
20130131 20130429 -0.00012423 6.8077e-10 TSX
20130203 20130729 -9.9569e-05 5.237e-10 TSX
20130211 20130919 1.422e-05 4.9634e-10 TSX
20130228 20141209 3.2665e-05 3.1071e-10 TSX
20130311 20130801 -3.5255e-05 5.6882e-10 TSX
20130316 20130623 3.9305e-05 6.5844e-10 TSX
20130402 20150122 1.8505e-05 3.9143e-10 TSX
20130407 20140530 -4.2989e-05 3.8067e-10 TSX
20130421 20171016 -5.1237e-06 2.8362e-10 TSX
20130424 20130721 -0.00034233 6.6542e-10 TSX
20130429 20130623 -8.7657e-05 7.5837e-10 TSX
20130505 20131028 -0.00094672 5.7579e-10 TSX
20130513 20151112 -7.7604e-06 2.83e-10 TSX
20130516 20131017 -0.00035585 5.6699e-10 TSX
20130521 20130715 0.00023883 7.584e-10 TSX
20130524 20171129 -3.444e-06 2.6961e-10 TSX
20130527 20140627 2.2899e-05 3.8306e-10 TSX
20130601 20130930 0.00023774 6.1863e-10 TSX
20130604 20141217 8.2149e-06 3.3977e-10 TSX
20130607 20140719 4.5661e-05 3.7939e-10 TSX
20130612 20150105 2.4607e-05 3.3761e-10 TSX
20130615 20160106 8.0735e-06 2.8088e-10 TSX
20130618 20140708 1.2159e-05 3.8752e-10 TSX
20130623 20130715 0.00070243 8.6654e-10 TSX
20130629 20130914 0.00038342 6.9703e-10 TSX
20130707 20150130 6.5481e-06 3.3951e-10 TSX
20130710 20140901 2.7971e-05 3.7658e-10 TSX
20130715 20130726 -0.0025555 1.0155e-09 TSX
20130721 20131108 0.0010214 6.571e-10 TSX
20130726 20150517 0.00011125 3.2152e-10 TSX
20130729 20160904 -6.1048e-07 2.6799e-10 TSX
20130801 20151115 3.054e-05 2.8394e-10 TSX
20130817 20140209 6.7319e-07 5.4168e-10 TSX
20130828 20150312 8.2158e-05 3.4029e-10 TSX
20130903 20150329 -0.00011411 3.5251e-10 TSX
20130919 20160309 4.9614e-05 2.7527e-10 TSX
20130925 20140708 -7.4429e-07 4.3789e-10 TSX
20130930 20160411 3.2204e-05 2.7297e-10 TSX
20131011 20150802 4.1586e-05 3.2096e-10 TSX
20131017 20140719 -2.8826e-05 4.3931e-10 TSX
20131028 20160304 -4.4609e-05 4.31e-10 TSX
20131102 20140519 -0.0001718 5.1764e-10 TSX
20131108 20140708 7.5493e-06 4.7288e-10 TSX
20140209 20160309 2.6405e-05 3.0607e-10 TSX
20140223 20140829 -2.6575e-05 5.1157e-10 TSX
20140408 20140705 -1.083e-05 6.6428e-10 TSX
20140419 20170913 2.7943e-05 2.8605e-10 TSX
20140511 20141228 5.0408e-05 4.7033e-10 TSX
20140519 20150824 0.00011482 3.6508e-10 TSX
20140624 20171005 2.0782e-05 2.7311e-10 TSX
20140627 20151115 5.5372e-06 3.3955e-10 TSX
20140705 20180911 1.8723e-05 2.7404e-10 TSX
20140708 20160406 4.4596e-05 3.0978e-10 TSX
20140716 20171005 6.4064e-06 2.7463e-10 TSX
20140719 20151207 3.6853e-05 3.4027e-10 TSX
20140727 20150326 1.2914e-05 4.6174e-10 TSX
20140810 20150122 -5.0998e-05 5.3939e-10 TSX
20140818 20160301 2.7015e-05 3.2435e-10 TSX
20140829 20160208 1.9846e-05 3.3134e-10 TSX
20140901 20140912 -0.00030496 9.7124e-10 TSX
20140912 20141209 -2.11e-06 6.6542e-10 TSX
20140920 20170902 -5.3998e-06 2.8116e-10 TSX
20141209 20160211 -2.3491e-06 3.6409e-10 TSX
20141217 20160722 4.4579e-06 3.1894e-10 TSX
20141228 20160106 -1.3767e-05 3.8206e-10 TSX
20141231 20151024 4.043e-05 4.2512e-10 TSX
20150105 20150824 -3.0363e-05 4.8646e-10 TSX
20150108 20170811 -1.519e-05 2.8682e-10 TSX
20150119 20160117 2.4008e-05 3.8699e-10 TSX
20150127 20160411 6.8324e-05 3.7146e-10 TSX
20150130 20151112 -3.4818e-05 4.286e-10 TSX
20150210 20170114 1.3926e-05 3.0106e-10 TSX
20150213 20160326 0.00015482 4.192e-10 TSX
20150218 20160216 2.9227e-05 4.0291e-10 TSX
20150221 20180112 -4.0591e-06 3.3283e-10 TSX
20150304 20180911 -6.0274e-07 2.871e-10 TSX
20150307 20160211 1.4088e-05 4.0101e-10 TSX
20150312 20160320 -2.471e-05 3.979e-10 TSX
20150326 20150827 -5.43e-05 5.5061e-10 TSX
20150329 20151207 -3.5595e-05 4.5496e-10 TSX
20150428 20160425 9.8522e-06 3.8671e-10 TSX
20150509 20150827 -0.00010519 6.1987e-10 TSX
20150517 20150824 -0.00010663 6.5846e-10 TSX
20150520 20180911 -6.5957e-06 2.6945e-10 TSX
20150714 20170822 1.4843e-05 2.9322e-10 TSX
20150725 20170924 -7.3835e-06 2.9121e-10 TSX
20150802 20160309 -0.00014732 4.9629e-10 TSX
20150805 20160403 5.6345e-05 4.6126e-10 TSX
20150816 20171107 -1.0748e-05 2.8724e-10 TSX
20150824 20150915 0.00076019 8.6644e-10 TSX
20150827 20170902 -8.3442e-06 2.9397e-10 TSX
20150915 20160216 -0.00015933 5.6924e-10 TSX
20151021 20160904 -2.9561e-05 4.1251e-10 TSX
20151101 20171016 -1.839e-05 2.99e-10 TSX
20151112 20160425 3.8877e-05 5.3676e-10 TSX
20151115 20151229 0.00021591 7.7646e-10 TSX
20151123 20171221 2.0912e-05 2.9424e-10 TSX
20151204 20151215 0.00014487 9.825e-10 TSX
20151207 20160406 -6.2033e-05 6.0275e-10 TSX
20151215 20170822 2.0462e-05 3.1602e-10 TSX
20151226 20161223 -1.0196e-06 3.9431e-10 TSX
20151229 20160211 -2.1012e-05 7.7646e-10 TSX
20160106 20161223 2.4726e-05 3.9835e-10 TSX
20160117 20160926 -1.0228e-05 4.5325e-10 TSX
20160128 20160301 -0.00010181 8.1187e-10 TSX
20160208 20160312 -0.00012262 8.1187e-10 TSX
20160216 20160309 -0.00043368 8.6644e-10 TSX
20160219 20180319 -2.48e-05 2.9648e-10 TSX
20160301 20161201 -2.3533e-05 4.3878e-10 TSX
20160304 20160326 6.8061e-05 8.5221e-10 TSX
20160312 20180319 -2.041e-05 2.9886e-10 TSX
20160320 20160411 0.00042065 8.6645e-10 TSX
20160323 20171118 -2.1514e-05 3.1757e-10 TSX
20160326 20160406 -0.00055568 9.7117e-10 TSX
20160403 20171027 -2.4091e-05 3.2223e-10 TSX
20160425 20170811 -2.4476e-05 3.4587e-10 TSX
20160528 20160630 -3.7456e-05 8.1187e-10 TSX
20160630 20171118 -2.3343e-06 3.385e-10 TSX
20160722 20161201 5.4173e-05 5.8258e-10 TSX
20160904 20180707 1.7512e-05 3.2418e-10 TSX
20160915 20180911 7.6528e-06 3.0067e-10 TSX
20160926 20170114 5.6109e-05 6.1993e-10 TSX
20161201 20171027 -1.9191e-05 4.065e-10 TSX
20161223 20171107 -1.405e-05 4.0904e-10 TSX
20170114 20170902 -3.5479e-05 4.6936e-10 TSX
20170811 20171005 -6.2188e-07 7.4618e-10 TSX
20170822 20180707 5.064e-06 4.1392e-10 TSX
20170913 20180707 -1.3321e-05 4.2518e-10 TSX
20170924 20180319 7.7598e-05 5.2379e-10 TSX
20171005 20171107 5.1828e-05 8.1187e-10 TSX
20171016 20180319 8.9194e-05 5.509e-10 TSX
20171027 20180911 4.6927e-05 4.1405e-10 TSX
20171107 20171118 7.6339e-05 9.825e-10 TSX
20171118 20171129 5.0828e-05 9.825e-10 TSX
20171129 20171221 -1.0413e-05 8.5574e-10 TSX
20171210 20180820 2.0292e-05 4.5364e-10 TSX
20171221 20180911 3.2704e-05 4.4588e-10 TSX
20180112 20181003 0.00013079 4.4576e-10 TSX
20180319 20180707 -5.8078e-05 6.1993e-10 TSX
20180707 20180911 0.00018322 7.1678e-10 TSX
20180729 20181003 -3.5422e-05 7.1678e-10 TSX
20180820 20181003 9.186e-05 7.7764e-10 TSX
20180911 20181003 -0.00020928 8.5574e-10 TSX
