20030427 20030914 -0.00053667 5.656e-10 ERS2
20030914 20080629 0.00013753 2.6737e-10 ERS2
20050918 20090510 2.4712e-05 2.9483e-10 ERS2
20051127 20081116 -8.3554e-05 3.1108e-10 ERS2
20060903 20090510 -8.6683e-06 3.0989e-10 ERS2
20061231 20090105 1.6102e-05 3.151e-10 ALOS
20070402 20070703 -0.00018965 6.6786e-10 ALOS
20070518 20091008 -5.1855e-05 3.0009e-10 ALOS
20070818 20071003 -0.00043973 7.7918e-10 ALOS
20071217 20100509 -7.0326e-05 3.0029e-10 ALOS
20080103 20100526 -6.4433e-05 2.996e-10 ALOS
20080404 20080520 -6.7145e-05 7.7918e-10 ALOS
20080618 20090921 -2.5452e-05 3.7209e-10 ALOS
20080629 20090510 -0.00010166 4.1243e-10 ERS2
20080705 20091008 -1.1358e-05 3.6493e-10 ALOS
20080803 20090823 3.8694e-05 3.8379e-10 ERS2
20081116 20090823 -6.9132e-05 4.349e-10 ERS2
20081219 20090921 0.00029884 4.4619e-10 ALOS
20090105 20090708 -2.6134e-05 5.2813e-10 ALOS
20090510 20091101 -0.00032458 5.2098e-10 ERS2
20090708 20091008 0.00035033 6.6787e-10 ALOS
20090823 20091101 0.00041902 7.0096e-10 ERS2
20091222 20100624 8.3312e-05 5.2532e-10 ALOS
20100108 20100223 -0.00016932 7.7929e-10 ALOS
20100223 20100526 -3.5598e-05 6.6787e-10 ALOS
20100410 20100711 -9.5902e-05 6.6787e-10 ALOS
20100509 20100624 0.00066883 7.7706e-10 ALOS
20100526 20100711 0.00035286 7.7919e-10 ALOS
20100624 20101109 -8.6483e-05 5.8434e-10 ALOS
20100711 20101011 -0.00011066 6.679e-10 ALOS
20100809 20101109 -4.531e-05 6.6511e-10 ALOS
20101011 20101126 0.00022334 7.7919e-10 ALOS
20110111 20110226 0.00058816 7.7917e-10 ALOS
20110924 20130715 2.3432e-05 3.2415e-10 TSX
20111005 20121229 -1.9764e-05 3.6895e-10 TSX
20111121 20171221 -6.681e-06 2.6894e-10 TSX
20111221 20130131 -1.3856e-05 3.8585e-10 TSX
20111224 20121027 4.4925e-06 4.1946e-10 TSX
20120126 20140419 1.8911e-06 2.9225e-10 TSX
20120203 20160320 -1.8068e-05 2.4503e-10 TSX
20120206 20171107 1.1794e-05 2.6265e-10 TSX
20120617 20171129 2.8984e-06 2.5592e-10 TSX
20120723 20160120 4.3725e-05 2.6301e-10 TSX
20121024 20130109 0.00018227 7.041e-10 TSX
20121027 20151226 -4.1336e-06 2.6623e-10 TSX
20121030 20130311 5.9296e-06 5.8507e-10 TSX
20121107 20171118 6.3571e-06 2.5987e-10 TSX
20121221 20160208 3.3979e-06 2.6564e-10 TSX
20121224 20130516 -7.1786e-05 5.6877e-10 TSX
20121229 20130407 -3.8358e-05 6.5749e-10 TSX
20130104 20130217 -7.7126e-05 7.7673e-10 TSX
20130109 20130715 2.885e-05 5.2854e-10 TSX
20130112 20140511 2.1092e-05 3.539e-10 TSX
20130115 20130721 -0.00012887 5.1408e-10 TSX
20130126 20130823 -5.67e-05 4.9157e-10 TSX
20130131 20130429 2.6407e-05 6.799e-10 TSX
20130203 20130729 -3.3368e-05 5.2314e-10 TSX
20130211 20130919 5.7087e-05 4.9594e-10 TSX
20130228 20141209 2.274e-05 3.1253e-10 TSX
20130311 20130801 -2.6433e-05 5.6874e-10 TSX
20130316 20130623 1.1542e-05 6.5749e-10 TSX
20130402 20150122 3.8936e-05 2.9058e-10 TSX
20130407 20140530 -1.7156e-05 3.8124e-10 TSX
20130421 20171016 1.2772e-05 2.6272e-10 TSX
20130424 20130721 -0.00020233 6.6553e-10 TSX
20130429 20130623 -7.1825e-05 7.579e-10 TSX
20130505 20131028 -0.00040715 5.261e-10 TSX
20130513 20151112 -4.2545e-06 2.8029e-10 TSX
20130516 20131017 -0.00011531 5.5339e-10 TSX
20130521 20130715 0.00026016 7.5793e-10 TSX
20130524 20171129 7.0952e-06 2.6328e-10 TSX
20130527 20140627 3.6836e-05 3.8473e-10 TSX
20130601 20130930 0.00015145 6.1766e-10 TSX
20130604 20141217 1.5159e-05 3.3645e-10 TSX
20130607 20140719 8.426e-06 3.8097e-10 TSX
20130612 20150105 3.1674e-05 3.3795e-10 TSX
20130615 20160106 1.7922e-05 2.7848e-10 TSX
20130618 20140708 1.8488e-05 3.8871e-10 TSX
20130623 20130715 0.0005974 8.6602e-10 TSX
20130629 20130914 0.00017456 6.9028e-10 TSX
20130707 20150130 2.5473e-05 3.3785e-10 TSX
20130710 20140901 -1.7425e-05 3.7745e-10 TSX
20130715 20130726 -0.002337 1.0148e-09 TSX
20130721 20131108 0.00065837 6.2184e-10 TSX
20130726 20150517 -1.2192e-05 3.2234e-10 TSX
20130729 20160904 -4.5276e-06 2.6734e-10 TSX
20130801 20151115 -6.5294e-06 2.8717e-10 TSX
20130817 20140209 -8.4715e-05 5.41e-10 TSX
20130828 20150312 4.1472e-05 3.4004e-10 TSX
20130903 20150329 -0.00013329 3.112e-10 TSX
20130919 20160309 -2.2536e-05 2.7558e-10 TSX
20130925 20140708 9.6707e-06 4.3134e-10 TSX
20130930 20160411 -2.4562e-05 2.7434e-10 TSX
20131011 20150802 1.4623e-05 3.1934e-10 TSX
20131017 20140719 -4.4832e-05 4.3878e-10 TSX
20131028 20160304 -4.6093e-05 2.8065e-10 TSX
20131102 20140519 -9.4908e-05 5.1712e-10 TSX
20131108 20140708 -2.5171e-05 4.6292e-10 TSX
20140209 20160309 4.3125e-05 3.0588e-10 TSX
20140223 20140829 2.6393e-05 5.1107e-10 TSX
20140408 20140705 4.9878e-06 6.6292e-10 TSX
20140419 20170913 -6.0902e-06 2.7142e-10 TSX
20140511 20141228 -7.6142e-06 4.7022e-10 TSX
20140519 20150824 3.3055e-05 3.6461e-10 TSX
20140624 20171005 -8.1615e-06 2.6196e-10 TSX
20140627 20151115 -5.7934e-05 3.3996e-10 TSX
20140705 20180911 -6.5303e-06 2.5499e-10 TSX
20140708 20160406 3.6977e-06 3.11e-10 TSX
20140716 20171005 1.3682e-05 2.6503e-10 TSX
20140719 20151207 -1.146e-05 3.4032e-10 TSX
20140727 20150326 4.4119e-06 4.6156e-10 TSX
20140810 20150122 2.5467e-05 5.3935e-10 TSX
20140818 20160301 5.9964e-07 3.2404e-10 TSX
20140829 20160208 8.8193e-06 3.3069e-10 TSX
20140901 20140912 -0.00026517 9.7119e-10 TSX
20140912 20141209 -5.4856e-05 6.6553e-10 TSX
20140920 20170902 9.4621e-06 2.678e-10 TSX
20141209 20160211 -4.0587e-05 3.6358e-10 TSX
20141217 20160722 -2.0696e-05 3.1807e-10 TSX
20141228 20160106 -1.456e-05 3.8218e-10 TSX
20141231 20151024 -1.4991e-05 4.251e-10 TSX
20150105 20150824 -2.9858e-05 4.8613e-10 TSX
20150108 20170811 7.4886e-06 2.8505e-10 TSX
20150119 20160117 4.9247e-06 3.8721e-10 TSX
20150127 20160411 -1.7529e-05 3.71e-10 TSX
20150130 20151112 -2.4693e-05 4.285e-10 TSX
20150210 20170114 2.6439e-05 3.0433e-10 TSX
20150213 20160326 -2.2005e-05 3.6916e-10 TSX
20150218 20160216 -2.3014e-05 4.0263e-10 TSX
20150221 20180112 3.1458e-05 2.603e-10 TSX
20150304 20180911 2.0591e-05 2.6943e-10 TSX
20150307 20160211 3.7044e-06 4.0063e-10 TSX
20150312 20160320 -0.00010861 3.9759e-10 TSX
20150326 20150827 -2.1869e-06 5.4989e-10 TSX
20150329 20151207 -4.1562e-05 4.5487e-10 TSX
20150428 20160425 1.386e-05 3.8653e-10 TSX
20150509 20150827 5.6894e-05 6.1868e-10 TSX
20150517 20150824 -5.3493e-05 6.5749e-10 TSX
20150520 20180911 4.8588e-06 2.5998e-10 TSX
20150714 20170822 1.6275e-05 2.9144e-10 TSX
20150725 20170924 1.9138e-05 2.895e-10 TSX
20150802 20160309 -8.8443e-05 4.9595e-10 TSX
20150805 20160403 3.6918e-05 4.6132e-10 TSX
20150816 20171107 2.9039e-05 2.877e-10 TSX
20150824 20150915 0.00060876 8.6592e-10 TSX
20150827 20170902 1.185e-05 2.9714e-10 TSX
20150915 20160216 -8.2522e-05 5.6834e-10 TSX
20151021 20160904 -1.1168e-05 4.1211e-10 TSX
20151101 20171016 2.3374e-05 3.0079e-10 TSX
20151112 20160425 3.7494e-06 5.3616e-10 TSX
20151115 20151229 0.00014731 7.7673e-10 TSX
20151123 20171221 3.1339e-05 2.978e-10 TSX
20151204 20151215 0.00014819 9.8203e-10 TSX
20151207 20160406 -4.4584e-05 6.0272e-10 TSX
20151215 20170822 1.926e-05 3.1469e-10 TSX
20151226 20161223 1.6672e-05 3.9392e-10 TSX
20151229 20160211 2.784e-05 7.7673e-10 TSX
20160106 20161223 3.8324e-05 3.987e-10 TSX
20160117 20160926 -1.3451e-05 4.5306e-10 TSX
20160128 20160301 -0.00019542 8.1082e-10 TSX
20160208 20160312 -9.7762e-05 8.1082e-10 TSX
20160216 20160309 -0.00035819 8.6592e-10 TSX
20160219 20180319 1.2955e-05 2.9585e-10 TSX
20160301 20161201 1.2243e-05 4.3855e-10 TSX
20160304 20160326 5.8994e-05 8.5229e-10 TSX
20160312 20180319 3.6854e-05 2.9706e-10 TSX
20160320 20160411 0.00043056 8.6592e-10 TSX
20160323 20171118 2.0776e-05 3.1969e-10 TSX
20160326 20160406 -0.00055445 9.7112e-10 TSX
20160403 20171027 2.192e-05 3.2476e-10 TSX
20160425 20170811 4.3021e-06 3.4667e-10 TSX
20160528 20160630 2.0525e-05 8.1082e-10 TSX
20160630 20171118 1.7037e-05 3.3886e-10 TSX
20160722 20161201 2.5334e-05 5.8164e-10 TSX
20160904 20180707 2.8726e-05 3.2492e-10 TSX
20160915 20180911 1.1594e-05 3.0085e-10 TSX
20160926 20170114 2.1637e-05 6.1877e-10 TSX
20161201 20171027 2.4976e-05 4.0823e-10 TSX
20161223 20171107 1.3896e-05 4.0991e-10 TSX
20170114 20170902 1.5043e-06 4.6858e-10 TSX
20170811 20171005 -5.9714e-05 7.4476e-10 TSX
20170822 20180707 3.0174e-05 4.1397e-10 TSX
20170913 20180707 2.882e-05 4.2513e-10 TSX
20170924 20180319 8.359e-05 5.232e-10 TSX
20171005 20171107 7.0893e-06 8.1082e-10 TSX
20171016 20180319 4.8545e-05 5.5019e-10 TSX
20171027 20180911 8.5962e-07 4.142e-10 TSX
20171107 20171118 7.1043e-05 9.8203e-10 TSX
20171118 20171129 4.7491e-05 9.8203e-10 TSX
20171129 20171221 -6.3893e-06 8.5499e-10 TSX
20171210 20180820 1.5079e-05 4.5343e-10 TSX
20171221 20180911 7.2446e-05 4.4552e-10 TSX
20180112 20181003 -4.0342e-07 4.4558e-10 TSX
20180319 20180707 -3.0165e-05 6.1877e-10 TSX
20180707 20180911 3.1907e-06 7.1531e-10 TSX
20180729 20181003 6.8517e-05 7.1531e-10 TSX
20180820 20181003 0.00018223 7.7635e-10 TSX
20180911 20181003 -6.6834e-05 8.5499e-10 TSX
