20030427 20030914 -0.00047673 5.6995e-10 ERS2
20030914 20080629 -2.261e-05 3.3263e-10 ERS2
20050918 20090510 -3.0637e-06 3.0004e-10 ERS2
20051127 20081116 9.2567e-05 3.1805e-10 ERS2
20060903 20090510 -0.00019232 3.2998e-10 ERS2
20061231 20090105 -3.6939e-05 3.1462e-10 ALOS
20070402 20070703 -9.9548e-05 6.7149e-10 ALOS
20070518 20091008 0.00016741 3.0823e-10 ALOS
20070818 20071003 -0.00051437 7.8184e-10 ALOS
20071217 20100509 1.1863e-05 3.0042e-10 ALOS
20080103 20100526 -0.00019786 3.0798e-10 ALOS
20080404 20080520 -9.0681e-05 7.8213e-10 ALOS
20080618 20090921 -0.00011812 3.7275e-10 ALOS
20080629 20090510 -0.00036384 4.1236e-10 ERS2
20080705 20091008 4.5404e-05 3.6526e-10 ALOS
20080803 20090823 -0.00010489 3.8309e-10 ERS2
20081116 20090823 3.166e-05 4.3223e-10 ERS2
20081219 20090921 0.00014005 4.4823e-10 ALOS
20090105 20090708 0.00022734 5.3126e-10 ALOS
20090510 20091101 -0.00018212 5.2196e-10 ERS2
20090708 20091008 0.00043138 6.7062e-10 ALOS
20090823 20091101 0.00033176 7.0417e-10 ERS2
20091222 20100624 0.00042954 5.3229e-10 ALOS
20100108 20100223 0.00026921 7.8263e-10 ALOS
20100223 20100526 6.2778e-05 6.7366e-10 ALOS
20100410 20100711 -0.0001099 6.731e-10 ALOS
20100509 20100624 0.0006331 7.7973e-10 ALOS
20100526 20100711 0.00036078 7.8187e-10 ALOS
20100624 20101109 -9.8207e-05 5.8559e-10 ALOS
20100711 20101011 1.7269e-05 6.7046e-10 ALOS
20100809 20101109 1.9974e-05 6.676e-10 ALOS
20101011 20101126 0.00022209 7.8187e-10 ALOS
20110111 20110226 0.00060875 7.8187e-10 ALOS
20110924 20130715 8.7158e-06 3.2524e-10 TSX
20111005 20121229 4.8838e-05 3.7004e-10 TSX
20111121 20171221 -2.3631e-05 2.6047e-10 TSX
20111221 20130131 2.5207e-05 3.8646e-10 TSX
20111224 20121027 1.6694e-05 4.1941e-10 TSX
20120126 20140419 -4.5877e-06 3.0212e-10 TSX
20120203 20160320 -3.4418e-06 2.894e-10 TSX
20120206 20171107 3.9698e-06 2.5593e-10 TSX
20120617 20171129 -8.4524e-06 2.587e-10 TSX
20120723 20160120 -1.0162e-05 3.2908e-10 TSX
20121024 20130109 0.00017292 7.0712e-10 TSX
20121027 20151226 -2.0989e-05 2.7577e-10 TSX
20121030 20130311 3.1391e-05 5.8638e-10 TSX
20121107 20171118 -8.4597e-06 2.7348e-10 TSX
20121221 20160208 7.6447e-06 2.8897e-10 TSX
20121224 20130516 -1.6734e-05 5.6987e-10 TSX
20121229 20130407 -4.0243e-05 6.5994e-10 TSX
20130104 20130217 -4.2503e-06 7.7937e-10 TSX
20130109 20130715 3.777e-06 5.3206e-10 TSX
20130112 20140511 4.7442e-06 3.5641e-10 TSX
20130115 20130721 -0.00014616 5.1466e-10 TSX
20130126 20130823 -2.1541e-05 5.1766e-10 TSX
20130131 20130429 -2.885e-05 6.8264e-10 TSX
20130203 20130729 -4.9714e-05 5.2406e-10 TSX
20130211 20130919 -4.5898e-05 4.9613e-10 TSX
20130228 20141209 -9.4876e-06 3.2749e-10 TSX
20130311 20130801 -4.2993e-05 5.6983e-10 TSX
20130316 20130623 1.8967e-05 6.5994e-10 TSX
20130402 20150122 -2.8654e-05 3.7925e-10 TSX
20130407 20140530 -2.9201e-05 3.8087e-10 TSX
20130421 20171016 2.1221e-06 2.7691e-10 TSX
20130424 20130721 -0.00021591 6.6802e-10 TSX
20130429 20130623 -8.2566e-05 7.6083e-10 TSX
20130505 20131028 -0.00015675 5.3449e-10 TSX
20130513 20151112 1.9999e-05 2.8939e-10 TSX
20130516 20131017 6.8466e-05 5.8565e-10 TSX
20130521 20130715 0.00017091 7.6085e-10 TSX
20130524 20171129 2.5184e-05 2.6742e-10 TSX
20130527 20140627 1.9786e-05 3.8392e-10 TSX
20130601 20130930 4.4343e-05 6.1944e-10 TSX
20130604 20141217 -8.0391e-06 3.4628e-10 TSX
20130607 20140719 2.0225e-05 3.8044e-10 TSX
20130612 20150105 -2.5222e-05 3.4361e-10 TSX
20130615 20160106 2.3134e-05 2.9003e-10 TSX
20130618 20140708 -2.5578e-06 3.8809e-10 TSX
20130623 20130715 0.00065307 8.6755e-10 TSX
20130629 20130914 0.00015973 7.2009e-10 TSX
20130707 20150130 -4.1216e-06 3.4776e-10 TSX
20130710 20140901 -5.0456e-06 3.7671e-10 TSX
20130715 20130726 -0.0023831 1.0159e-09 TSX
20130721 20131108 0.0006409 6.4406e-10 TSX
20130726 20150517 -1.9919e-05 3.5324e-10 TSX
20130729 20160904 -1.5864e-05 2.8285e-10 TSX
20130801 20151115 -1.9945e-05 3.4214e-10 TSX
20130817 20140209 -4.1657e-05 5.4155e-10 TSX
20130828 20150312 4.7897e-05 3.4501e-10 TSX
20130903 20150329 -0.00019163 3.989e-10 TSX
20130919 20160309 -9.2917e-06 2.9782e-10 TSX
20130925 20140708 -0.00017329 4.7351e-10 TSX
20130930 20160411 9.2839e-06 3.1396e-10 TSX
20131011 20150802 8.4289e-06 3.2976e-10 TSX
20131017 20140719 2.2613e-05 4.7698e-10 TSX
20131028 20160304 6.187e-05 3.4283e-10 TSX
20131102 20140519 -1.9092e-05 5.174e-10 TSX
20131108 20140708 -0.00038911 5.2645e-10 TSX
20140209 20160309 5.5134e-06 3.3623e-10 TSX
20140223 20140829 2.286e-05 5.1186e-10 TSX
20140408 20140705 -4.2336e-05 6.6612e-10 TSX
20140419 20170913 3.8128e-05 2.7882e-10 TSX
20140511 20141228 5.1944e-06 4.7059e-10 TSX
20140519 20150824 -1.643e-05 3.6924e-10 TSX
20140624 20171005 5.1587e-06 2.8485e-10 TSX
20140627 20151115 -6.6848e-05 3.721e-10 TSX
20140705 20180911 -2.1243e-05 2.8135e-10 TSX
20140708 20160406 2.7633e-06 3.3063e-10 TSX
20140716 20171005 1.7011e-05 2.8669e-10 TSX
20140719 20151207 -3.3505e-05 3.6052e-10 TSX
20140727 20150326 -2.1112e-05 4.6253e-10 TSX
20140810 20150122 -0.00015956 5.5245e-10 TSX
20140818 20160301 2.5678e-05 3.3266e-10 TSX
20140829 20160208 1.6435e-05 3.3716e-10 TSX
20140901 20140912 -0.00029189 9.7216e-10 TSX
20140912 20141209 -3.6385e-06 6.6812e-10 TSX
20140920 20170902 1.7863e-05 2.9188e-10 TSX
20141209 20160211 -3.0083e-05 3.7339e-10 TSX
20141217 20160722 2.106e-06 3.2761e-10 TSX
20141228 20160106 -2.2289e-06 3.8914e-10 TSX
20141231 20151024 -2.7882e-05 4.2949e-10 TSX
20150105 20150824 -7.079e-05 4.8903e-10 TSX
20150108 20170811 2.2296e-05 2.9129e-10 TSX
20150119 20160117 3.7988e-05 3.9019e-10 TSX
20150127 20160411 3.2011e-06 3.7508e-10 TSX
20150130 20151112 2.5001e-05 4.3146e-10 TSX
20150210 20170114 2.844e-07 3.0587e-10 TSX
20150213 20160326 3.5595e-05 4.3912e-10 TSX
20150218 20160216 -5.5523e-06 4.0339e-10 TSX
20150221 20180112 3.7754e-05 3.0263e-10 TSX
20150304 20180911 1.2806e-05 2.7407e-10 TSX
20150307 20160211 9.7696e-06 4.0577e-10 TSX
20150312 20160320 -6.7794e-05 4.0195e-10 TSX
20150326 20150827 3.3552e-05 5.5428e-10 TSX
20150329 20151207 -2.0943e-05 4.5553e-10 TSX
20150428 20160425 3.8205e-05 3.9376e-10 TSX
20150509 20150827 2.4876e-05 6.2505e-10 TSX
20150517 20150824 -9.7726e-05 6.6188e-10 TSX
20150520 20180911 4.9249e-06 2.8383e-10 TSX
20150714 20170822 2.8198e-05 3.0859e-10 TSX
20150725 20170924 1.125e-06 3.0958e-10 TSX
20150802 20160309 -2.0804e-05 5.0483e-10 TSX
20150805 20160403 -3.1408e-05 4.6933e-10 TSX
20150816 20171107 4.071e-06 2.9864e-10 TSX
20150824 20150915 0.00066226 8.6745e-10 TSX
20150827 20170902 3.3957e-05 3.0745e-10 TSX
20150915 20160216 -2.9684e-05 5.6956e-10 TSX
20151021 20160904 -6.2414e-05 4.1939e-10 TSX
20151101 20171016 2.0211e-05 2.9966e-10 TSX
20151112 20160425 -6.6382e-06 5.3779e-10 TSX
20151115 20151229 0.00020862 7.7937e-10 TSX
20151123 20171221 1.8165e-05 3.0975e-10 TSX
20151204 20151215 0.00016647 9.8244e-10 TSX
20151207 20160406 -8.2508e-05 6.0432e-10 TSX
20151215 20170822 5.3428e-05 3.1648e-10 TSX
20151226 20161223 8.7273e-06 3.965e-10 TSX
20151229 20160211 -5.118e-06 7.7937e-10 TSX
20160106 20161223 1.9114e-05 4.0233e-10 TSX
20160117 20160926 2.3225e-06 4.5546e-10 TSX
20160128 20160301 -0.00016559 8.1304e-10 TSX
20160208 20160312 -9.6544e-05 8.1304e-10 TSX
20160216 20160309 -0.00035987 8.6745e-10 TSX
20160219 20180319 -4.1735e-06 3.0787e-10 TSX
20160301 20161201 6.305e-05 4.3987e-10 TSX
20160304 20160326 3.3965e-05 8.5383e-10 TSX
20160312 20180319 1.0325e-06 3.0685e-10 TSX
20160320 20160411 0.00037646 8.6746e-10 TSX
20160323 20171118 9.0902e-06 3.2603e-10 TSX
20160326 20160406 -0.0005105 9.7209e-10 TSX
20160403 20171027 3.6212e-05 3.2868e-10 TSX
20160425 20170811 3.9738e-05 3.5479e-10 TSX
20160528 20160630 -4.1215e-05 8.1304e-10 TSX
20160630 20171118 6.5601e-05 3.4065e-10 TSX
20160722 20161201 0.00017176 5.8351e-10 TSX
20160904 20180707 2.4594e-05 3.3222e-10 TSX
20160915 20180911 1.8383e-06 3.1069e-10 TSX
20160926 20170114 3.2246e-05 6.2164e-10 TSX
20161201 20171027 -8.366e-06 4.1068e-10 TSX
20161223 20171107 -4.6481e-07 4.1323e-10 TSX
20170114 20170902 2.6426e-05 4.7175e-10 TSX
20170811 20171005 -8.5147e-05 7.4817e-10 TSX
20170822 20180707 -5.3463e-05 4.1388e-10 TSX
20170913 20180707 -7.3127e-05 4.2815e-10 TSX
20170924 20180319 -5.2928e-05 5.2414e-10 TSX
20171005 20171107 4.4419e-05 8.1304e-10 TSX
20171016 20180319 -2.8359e-05 5.5152e-10 TSX
20171027 20180911 -2.0721e-05 4.1378e-10 TSX
20171107 20171118 8.8432e-05 9.8244e-10 TSX
20171118 20171129 5.6642e-05 9.8244e-10 TSX
20171129 20171221 -3.8299e-05 8.5625e-10 TSX
20171210 20180820 -5.0777e-05 4.537e-10 TSX
20171221 20180911 -4.1314e-05 4.4587e-10 TSX
20180112 20181003 4.486e-05 4.4644e-10 TSX
20180319 20180707 -9.0716e-05 6.2129e-10 TSX
20180707 20180911 0.00023489 7.1886e-10 TSX
20180729 20181003 -1.8822e-05 7.1886e-10 TSX
20180820 20181003 0.00011778 7.7933e-10 TSX
20180911 20181003 -0.00019804 8.5625e-10 TSX
