20030427 20030914 0.00040896 5.6656e-10 ERS2
20030914 20080629 -8.3231e-05 2.7695e-10 ERS2
20050918 20090510 0.00011022 2.9938e-10 ERS2
20051127 20081116 5.5776e-05 3.0709e-10 ERS2
20060903 20090510 -4.8402e-05 3.0753e-10 ERS2
20061231 20090105 -5.0115e-05 3.1318e-10 ALOS
20070402 20070703 -3.6059e-05 6.662e-10 ALOS
20070518 20091008 0.00015542 2.9671e-10 ALOS
20070818 20071003 -0.00024338 7.7508e-10 ALOS
20071217 20100509 0.00021147 2.9948e-10 ALOS
20080103 20100526 0.00017144 2.9756e-10 ALOS
20080404 20080520 -6.1138e-05 7.7509e-10 ALOS
20080618 20090921 0.00012153 3.7266e-10 ALOS
20080629 20090510 -0.00010767 4.1355e-10 ERS2
20080705 20091008 0.00012167 3.6492e-10 ALOS
20080803 20090823 -1.0762e-06 3.8266e-10 ERS2
20081116 20090823 0.00016528 4.322e-10 ERS2
20081219 20090921 0.0005519 4.4618e-10 ALOS
20090105 20090708 0.00042295 5.2826e-10 ALOS
20090510 20091101 5.2913e-05 5.2116e-10 ERS2
20090708 20091008 0.00064439 6.662e-10 ALOS
20090823 20091101 -7.6222e-05 6.9858e-10 ERS2
20091222 20100624 0.00073797 5.253e-10 ALOS
20100108 20100223 0.00097971 7.7512e-10 ALOS
20100223 20100526 4.0008e-05 6.6623e-10 ALOS
20100410 20100711 0.00036538 6.6629e-10 ALOS
20100509 20100624 0.00040596 7.731e-10 ALOS
20100526 20100711 0.00062502 7.7509e-10 ALOS
20100624 20101109 0.00016182 5.8395e-10 ALOS
20100711 20101011 0.00010212 6.6625e-10 ALOS
20100809 20101109 -2.7175e-05 6.6352e-10 ALOS
20101011 20101126 0.00033544 7.7509e-10 ALOS
20110111 20110226 0.00068925 7.7508e-10 ALOS
20110924 20130715 0.00013822 3.2457e-10 TSX
20111005 20121229 9.5119e-06 3.7031e-10 TSX
20111121 20171221 2.7037e-05 3.3174e-10 TSX
20111221 20130131 0.00013003 3.8556e-10 TSX
20111224 20121027 0.00017688 4.1931e-10 TSX
20120126 20140419 0.000278 2.9448e-10 TSX
20120203 20160320 4.6145e-05 2.8429e-10 TSX
20120206 20171107 1.7496e-05 3.8672e-10 TSX
20120617 20171129 0.00013342 2.9369e-10 TSX
20120723 20160120 0.00011383 3.0466e-10 TSX
20121024 20130109 3.0874e-05 7.0163e-10 TSX
20121027 20151226 0.0002915 2.7724e-10 TSX
20121030 20130311 0.0001041 5.8474e-10 TSX
20121107 20171118 0.00014428 2.8954e-10 TSX
20121221 20160208 0.00022615 2.7818e-10 TSX
20121224 20130516 4.665e-05 5.6849e-10 TSX
20121229 20130407 0.00028702 6.5604e-10 TSX
20130104 20130217 0.00021879 7.7308e-10 TSX
20130109 20130715 0.00023426 5.2923e-10 TSX
20130112 20140511 0.00022098 3.5454e-10 TSX
20130115 20130721 -9.0126e-05 5.1399e-10 TSX
20130126 20130823 -2.2456e-05 4.9319e-10 TSX
20130131 20130429 2.2422e-05 6.7793e-10 TSX
20130203 20130729 5.462e-05 5.2314e-10 TSX
20130211 20130919 0.00011013 4.961e-10 TSX
20130228 20141209 2.3357e-05 3.1763e-10 TSX
20130311 20130801 -3.0612e-05 5.6851e-10 TSX
20130316 20130623 0.00013868 6.5606e-10 TSX
20130402 20150122 8.0544e-05 3.2249e-10 TSX
20130407 20140530 4.4035e-05 3.812e-10 TSX
20130421 20171016 0.00016036 2.934e-10 TSX
20130424 20130721 -0.00014716 6.6401e-10 TSX
20130429 20130623 1.6943e-05 7.5404e-10 TSX
20130505 20131028 -0.00043174 5.3488e-10 TSX
20130513 20151112 0.00027498 2.8782e-10 TSX
20130516 20131017 -0.00013654 5.6083e-10 TSX
20130521 20130715 0.00028445 7.5407e-10 TSX
20130524 20171129 0.000129 2.8985e-10 TSX
20130527 20140627 8.7783e-05 3.838e-10 TSX
20130601 20130930 0.00014214 6.1696e-10 TSX
20130604 20141217 0.00024875 3.383e-10 TSX
20130607 20140719 5.9239e-05 3.8062e-10 TSX
20130612 20150105 6.9869e-05 3.3835e-10 TSX
20130615 20160106 0.00030725 2.8554e-10 TSX
20130618 20140708 2.7855e-05 3.8817e-10 TSX
20130623 20130715 0.00063004 8.6149e-10 TSX
20130629 20130914 0.0002755 6.8827e-10 TSX
20130707 20150130 0.00025258 3.382e-10 TSX
20130710 20140901 7.1761e-05 3.7687e-10 TSX
20130715 20130726 -0.0024918 1.0105e-09 TSX
20130721 20131108 0.00066533 6.2501e-10 TSX
20130726 20150517 0.00018313 3.2747e-10 TSX
20130729 20160904 0.00031449 2.7604e-10 TSX
20130801 20151115 0.00011334 3.3765e-10 TSX
20130817 20140209 5.6248e-05 5.4095e-10 TSX
20130828 20150312 0.00019131 3.4107e-10 TSX
20130903 20150329 -9.6091e-05 3.3838e-10 TSX
20130919 20160309 2.7217e-05 3.0295e-10 TSX
20130925 20140708 6.1828e-05 4.3162e-10 TSX
20130930 20160411 4.7859e-05 2.8713e-10 TSX
20131011 20150802 6.0095e-05 3.2631e-10 TSX
20131017 20140719 8.0137e-05 4.3877e-10 TSX
20131028 20160304 -0.00012769 3.2505e-10 TSX
20131102 20140519 -9.3425e-05 5.1708e-10 TSX
20131108 20140708 4.5704e-05 4.6285e-10 TSX
20140209 20160309 3.5356e-05 3.3281e-10 TSX
20140223 20140829 8.1534e-05 5.1108e-10 TSX
20140408 20140705 -8.875e-06 6.6126e-10 TSX
20140419 20170913 0.00015491 2.9016e-10 TSX
20140511 20141228 0.0001395 4.7013e-10 TSX
20140519 20150824 0.00020052 3.6945e-10 TSX
20140624 20171005 0.00014611 2.9418e-10 TSX
20140627 20151115 1.6475e-05 3.5669e-10 TSX
20140705 20180911 0.00010964 2.8497e-10 TSX
20140708 20160406 9.2508e-05 3.3349e-10 TSX
20140716 20171005 0.00010432 2.7944e-10 TSX
20140719 20151207 6.0658e-05 3.5229e-10 TSX
20140727 20150326 6.8972e-05 4.6158e-10 TSX
20140810 20150122 0.00011617 5.3917e-10 TSX
20140818 20160301 0.00021315 3.2453e-10 TSX
20140829 20160208 0.0002412 3.3336e-10 TSX
20140901 20140912 -0.00030642 9.6734e-10 TSX
20140912 20141209 9.7281e-05 6.64e-10 TSX
20140920 20170902 0.0003105 2.7487e-10 TSX
20141209 20160211 7.902e-06 3.7281e-10 TSX
20141217 20160722 0.00023689 3.2037e-10 TSX
20141228 20160106 0.00015729 3.8168e-10 TSX
20141231 20151024 5.7774e-05 4.2543e-10 TSX
20150105 20150824 8.1353e-05 4.8606e-10 TSX
20150108 20170811 0.00033733 2.8973e-10 TSX
20150119 20160117 0.00018408 3.8787e-10 TSX
20150127 20160411 8.6205e-05 3.7619e-10 TSX
20150130 20151112 0.00013069 4.2909e-10 TSX
20150210 20170114 0.00028285 2.976e-10 TSX
20150213 20160326 5.8593e-05 4.0445e-10 TSX
20150218 20160216 3.9773e-05 4.0273e-10 TSX
20150221 20180112 0.00032729 2.76e-10 TSX
20150304 20180911 5.1116e-05 2.9677e-10 TSX
20150307 20160211 7.8061e-05 4.0494e-10 TSX
20150312 20160320 5.3923e-06 3.9741e-10 TSX
20150326 20150827 0.00013527 5.4978e-10 TSX
20150329 20151207 4.786e-05 4.5605e-10 TSX
20150428 20160425 0.00019186 3.8827e-10 TSX
20150509 20150827 8.6683e-05 6.1822e-10 TSX
20150517 20150824 -0.00010388 6.5643e-10 TSX
20150520 20180911 0.00021379 2.8663e-10 TSX
20150714 20170822 0.00027394 2.881e-10 TSX
20150725 20170924 0.00030838 2.8794e-10 TSX
20150802 20160309 -1.1277e-06 4.9594e-10 TSX
20150805 20160403 0.00013689 4.6121e-10 TSX
20150816 20171107 0.00028937 2.8795e-10 TSX
20150824 20150915 0.00065299 8.6137e-10 TSX
20150827 20170902 0.00028604 2.9473e-10 TSX
20150915 20160216 -1.0707e-05 5.681e-10 TSX
20151021 20160904 8.3189e-05 4.1234e-10 TSX
20151101 20171016 0.00028466 2.9975e-10 TSX
20151112 20160425 3.9701e-05 5.3608e-10 TSX
20151115 20151229 0.00019978 7.7308e-10 TSX
20151123 20171221 0.00025931 2.9364e-10 TSX
20151204 20151215 0.00017422 9.7751e-10 TSX
20151207 20160406 -4.7771e-05 6.0219e-10 TSX
20151215 20170822 0.0002578 3.1443e-10 TSX
20151226 20161223 0.00016122 3.9376e-10 TSX
20151229 20160211 2.192e-05 7.7308e-10 TSX
20160106 20161223 0.00017459 3.9839e-10 TSX
20160117 20160926 9.4728e-05 4.5288e-10 TSX
20160128 20160301 -0.00024326 8.0623e-10 TSX
20160208 20160312 -4.8137e-05 8.0623e-10 TSX
20160216 20160309 -0.00041253 8.6137e-10 TSX
20160219 20180319 0.00024425 2.9497e-10 TSX
20160301 20161201 0.00020925 4.3859e-10 TSX
20160304 20160326 7.7899e-05 8.483e-10 TSX
20160312 20180319 0.00022306 2.9732e-10 TSX
20160320 20160411 0.0004677 8.6138e-10 TSX
20160323 20171118 0.00026899 3.1849e-10 TSX
20160326 20160406 -0.00049281 9.6727e-10 TSX
20160403 20171027 0.00026083 3.2499e-10 TSX
20160425 20170811 0.00022387 3.4924e-10 TSX
20160528 20160630 2.9191e-05 8.0623e-10 TSX
20160630 20171118 0.00023408 3.3873e-10 TSX
20160722 20161201 0.00015835 5.8132e-10 TSX
20160904 20180707 0.00016858 3.2366e-10 TSX
20160915 20180911 0.00020959 3.0012e-10 TSX
20160926 20170114 2.0315e-05 6.1797e-10 TSX
20161201 20171027 0.00011659 4.067e-10 TSX
20161223 20171107 0.0001282 4.0903e-10 TSX
20170114 20170902 0.00012821 4.6858e-10 TSX
20170811 20171005 -9.0008e-05 7.4115e-10 TSX
20170822 20180707 1.5558e-05 4.1394e-10 TSX
20170913 20180707 -5.6553e-05 4.248e-10 TSX
20170924 20180319 -8.6492e-05 5.2321e-10 TSX
20171005 20171107 2.3228e-05 8.0623e-10 TSX
20171016 20180319 -8.8785e-05 5.5006e-10 TSX
20171027 20180911 4.6506e-06 4.1393e-10 TSX
20171107 20171118 7.0488e-05 9.7751e-10 TSX
20171118 20171129 5.2528e-05 9.7751e-10 TSX
20171129 20171221 -1.5673e-05 8.5032e-10 TSX
20171210 20180820 -1.8465e-05 4.5342e-10 TSX
20171221 20180911 -6.4557e-05 4.4575e-10 TSX
20180112 20181003 2.1809e-05 4.457e-10 TSX
20180319 20180707 -6.2784e-05 6.1797e-10 TSX
20180707 20180911 0.00020701 7.124e-10 TSX
20180729 20181003 9.1641e-05 7.124e-10 TSX
20180820 20181003 0.00022216 7.7214e-10 TSX
20180911 20181003 -0.00011076 8.5033e-10 TSX
