20030427 20030914 -0.00022244 6.4068e-10 ERS2
20030914 20080629 -0.00020729 3.3312e-10 ERS2
20050918 20090510 -9.6699e-06 3.6284e-10 ERS2
20051127 20081116 -9.2365e-05 3.6128e-10 ERS2
20060903 20090510 -2.2676e-05 3.6535e-10 ERS2
20061231 20090105 -6.6488e-05 3.7341e-10 ALOS
20070402 20070703 -3.0649e-05 7.2986e-10 ALOS
20070518 20091008 5.4368e-05 3.7031e-10 ALOS
20070818 20071003 -0.00044843 8.1225e-10 ALOS
20071217 20100509 -0.0001032 3.5512e-10 ALOS
20080103 20100526 0.00013561 4.1466e-10 ALOS
20080404 20080520 6.698e-05 8.1289e-10 ALOS
20080618 20090921 -0.00018839 4.3916e-10 ALOS
20080629 20090510 -0.00071497 4.8513e-10 ERS2
20080705 20091008 4.6395e-05 4.2803e-10 ALOS
20080803 20090823 -0.00013522 4.5403e-10 ERS2
20081116 20090823 0.00010316 5.0697e-10 ERS2
20081219 20090921 0.00036964 5.1647e-10 ALOS
20090105 20090708 5.7921e-05 6.0746e-10 ALOS
20090510 20091101 0.00037791 6.0746e-10 ERS2
20090708 20091008 0.00045082 7.2993e-10 ALOS
20090823 20091101 0.00037591 7.5618e-10 ERS2
20091222 20100624 0.00059037 6.1424e-10 ALOS
20100108 20100223 0.00047358 8.1259e-10 ALOS
20100223 20100526 8.9667e-05 7.2973e-10 ALOS
20100410 20100711 -0.00028105 7.3035e-10 ALOS
20100509 20100624 0.00063597 8.105e-10 ALOS
20100526 20100711 0.00034161 8.1222e-10 ALOS
20100624 20101109 -0.00011846 6.5725e-10 ALOS
20100711 20101011 3.1599e-05 7.2979e-10 ALOS
20100809 20101109 -0.00011589 7.2727e-10 ALOS
20101011 20101126 0.00018396 8.1223e-10 ALOS
20110111 20110226 0.00069858 8.1221e-10 ALOS
20110924 20130715 5.0411e-05 3.83e-10 TSX
20111005 20121229 1.2802e-06 4.3301e-10 TSX
20111121 20171221 -3.4484e-05 4.4795e-10 TSX
20111221 20130131 1.7684e-05 4.5124e-10 TSX
20111224 20121027 1.7084e-05 4.9551e-10 TSX
20120126 20140419 4.858e-06 4.2561e-10 TSX
20120203 20160320 1.6398e-05 4.1876e-10 TSX
20120206 20171107 -8.0172e-06 3.912e-10 TSX
20120617 20171129 -1.0324e-05 3.6713e-10 TSX
20120723 20160120 -8.7435e-05 4.701e-10 TSX
20121024 20130109 0.00011127 7.5847e-10 TSX
20121027 20151226 -1.7885e-05 3.8724e-10 TSX
20121030 20130311 8.0403e-05 6.57e-10 TSX
20121107 20171118 -3.2834e-06 4.5757e-10 TSX
20121221 20160208 -1.2057e-06 4.3524e-10 TSX
20121224 20130516 -3.0816e-05 6.4179e-10 TSX
20121229 20130407 -2.7251e-05 7.2195e-10 TSX
20130104 20130217 5.168e-05 8.0978e-10 TSX
20130109 20130715 0.00010855 6.1049e-10 TSX
20130112 20140511 -4.0122e-06 4.2366e-10 TSX
20130115 20130721 -9.9627e-05 5.8683e-10 TSX
20130126 20130823 0.00010209 6.0937e-10 TSX
20130131 20130429 -9.8478e-06 7.3994e-10 TSX
20130203 20130729 -7.2542e-05 6.0288e-10 TSX
20130211 20130919 -7.8404e-05 5.7043e-10 TSX
20130228 20141209 3.3467e-05 3.671e-10 TSX
20130311 20130801 -3.7145e-05 6.416e-10 TSX
20130316 20130623 3.2756e-05 7.2196e-10 TSX
20130402 20150122 0.0001047 4.4237e-10 TSX
20130407 20140530 2.6887e-05 4.458e-10 TSX
20130421 20171016 2.7303e-06 3.6289e-10 TSX
20130424 20130721 -0.00017488 7.269e-10 TSX
20130429 20130623 -6.4609e-05 7.9767e-10 TSX
20130505 20131028 -0.00022412 6.3512e-10 TSX
20130513 20151112 9.423e-06 4.3202e-10 TSX
20130516 20131017 8.8716e-05 6.6174e-10 TSX
20130521 20130715 0.0001235 7.977e-10 TSX
20130524 20171129 5.8562e-06 3.8647e-10 TSX
20130527 20140627 5.9217e-05 4.5005e-10 TSX
20130601 20130930 1.6567e-05 6.8811e-10 TSX
20130604 20141217 -1.3893e-05 4.0537e-10 TSX
20130607 20140719 -7.3331e-06 4.4591e-10 TSX
20130612 20150105 -3.1036e-05 3.9818e-10 TSX
20130615 20160106 -1.3689e-05 4.6695e-10 TSX
20130618 20140708 -2.6197e-05 4.5531e-10 TSX
20130623 20130715 0.00063797 8.7945e-10 TSX
20130629 20130914 0.00028724 7.5846e-10 TSX
20130707 20150130 -1.3845e-05 4.0624e-10 TSX
20130710 20140901 -4.626e-05 4.4313e-10 TSX
20130715 20130726 -0.0024262 1.0223e-09 TSX
20130721 20131108 0.00026116 7.1945e-10 TSX
20130726 20150517 4.2564e-05 3.9755e-10 TSX
20130729 20160904 -3.5148e-05 3.5541e-10 TSX
20130801 20151115 -2.1701e-05 4.6694e-10 TSX
20130817 20140209 -6.8522e-05 6.1626e-10 TSX
20130828 20150312 2.286e-05 3.9993e-10 TSX
20130903 20150329 -3.8784e-05 3.7255e-10 TSX
20130919 20160309 3.7493e-05 4.5338e-10 TSX
20130925 20140708 4.2912e-05 5.3277e-10 TSX
20130930 20160411 4.0719e-05 4.5344e-10 TSX
20131011 20150802 6.8235e-05 3.8147e-10 TSX
20131017 20140719 4.6906e-05 5.8944e-10 TSX
20131028 20160304 6.7138e-05 4.1899e-10 TSX
20131102 20140519 5.9995e-05 5.9232e-10 TSX
20131108 20140708 2.8441e-05 6.1949e-10 TSX
20140209 20160309 5.6939e-05 4.0366e-10 TSX
20140223 20140829 2.2035e-05 5.911e-10 TSX
20140408 20140705 -3.2196e-05 7.2822e-10 TSX
20140419 20170913 -1.2933e-05 4.5023e-10 TSX
20140511 20141228 1.5109e-05 5.4897e-10 TSX
20140519 20150824 -2.5587e-05 4.2492e-10 TSX
20140624 20171005 -9.3954e-07 4.1301e-10 TSX
20140627 20151115 -0.0001201 4.0243e-10 TSX
20140705 20180911 -1.3469e-07 4.0625e-10 TSX
20140708 20160406 1.5147e-05 4.3403e-10 TSX
20140716 20171005 1.587e-05 3.6821e-10 TSX
20140719 20151207 -3.3355e-05 3.9983e-10 TSX
20140727 20150326 -4.6236e-05 5.4031e-10 TSX
20140810 20150122 7.0126e-05 6.5657e-10 TSX
20140818 20160301 5.8551e-06 4.5668e-10 TSX
20140829 20160208 -1.0007e-05 4.8392e-10 TSX
20140901 20140912 -0.00028555 9.7877e-10 TSX
20140912 20141209 4.1745e-05 7.269e-10 TSX
20140920 20170902 3.381e-05 3.9432e-10 TSX
20141209 20160211 -5.1359e-05 4.3004e-10 TSX
20141217 20160722 1.5451e-05 4.5791e-10 TSX
20141228 20160106 -2.4766e-05 4.5236e-10 TSX
20141231 20151024 -3.2772e-05 4.9283e-10 TSX
20150105 20150824 -6.8507e-05 5.5987e-10 TSX
20150108 20170811 2.8212e-06 4.556e-10 TSX
20150119 20160117 5.3869e-05 4.598e-10 TSX
20150127 20160411 -8.0011e-06 4.4737e-10 TSX
20150130 20151112 2.3812e-05 5.0857e-10 TSX
20150210 20170114 2.221e-05 4.1428e-10 TSX
20150213 20160326 1.0287e-05 5.5975e-10 TSX
20150218 20160216 -3.9894e-06 4.6952e-10 TSX
20150221 20180112 9.3373e-06 4.3076e-10 TSX
20150304 20180911 -8.6515e-06 3.9543e-10 TSX
20150307 20160211 -2.2284e-05 4.712e-10 TSX
20150312 20160320 -5.0495e-05 4.7691e-10 TSX
20150326 20150827 7.0483e-05 6.2903e-10 TSX
20150329 20151207 -4.2187e-05 5.242e-10 TSX
20150428 20160425 4.3942e-05 4.7024e-10 TSX
20150509 20150827 3.742e-05 7.086e-10 TSX
20150517 20150824 -0.00019962 7.2196e-10 TSX
20150520 20180911 -1.4842e-05 4.2194e-10 TSX
20150714 20170822 1.2479e-06 4.3152e-10 TSX
20150725 20170924 3.5237e-05 4.5899e-10 TSX
20150802 20160309 -6.4129e-05 5.7147e-10 TSX
20150805 20160403 -4.6064e-05 5.4702e-10 TSX
20150816 20171107 1.657e-05 4.3765e-10 TSX
20150824 20150915 0.00061249 8.7934e-10 TSX
20150827 20170902 1.6267e-05 4.3489e-10 TSX
20150915 20160216 -9.118e-07 6.4292e-10 TSX
20151021 20160904 -0.00010877 4.9177e-10 TSX
20151101 20171016 1.8319e-05 3.9201e-10 TSX
20151112 20160425 3.9379e-05 6.1638e-10 TSX
20151115 20151229 0.00016249 8.0978e-10 TSX
20151123 20171221 5.6615e-06 3.6982e-10 TSX
20151204 20151215 0.00015482 9.892e-10 TSX
20151207 20160406 -7.6343e-05 6.7312e-10 TSX
20151215 20170822 1.4021e-05 4.4042e-10 TSX
20151226 20161223 4.9517e-05 4.6912e-10 TSX
20151229 20160211 2.4618e-05 8.0978e-10 TSX
20160106 20161223 6.5296e-05 4.7474e-10 TSX
20160117 20160926 -1.7742e-05 5.3213e-10 TSX
20160128 20160301 -0.00015559 8.3504e-10 TSX
20160208 20160312 -9.1937e-05 8.3504e-10 TSX
20160216 20160309 -0.00035305 8.7934e-10 TSX
20160219 20180319 3.2552e-06 4.2495e-10 TSX
20160301 20161201 5.7464e-05 5.1691e-10 TSX
20160304 20160326 4.898e-05 8.666e-10 TSX
20160312 20180319 4.8721e-06 3.9433e-10 TSX
20160320 20160411 0.0003777 8.7935e-10 TSX
20160323 20171118 -5.2459e-07 4.2269e-10 TSX
20160326 20160406 -0.00049946 9.7869e-10 TSX
20160403 20171027 4.4427e-05 4.1232e-10 TSX
20160425 20170811 4.0573e-05 4.0799e-10 TSX
20160528 20160630 -6.6248e-05 8.3504e-10 TSX
20160630 20171118 4.7281e-05 4.0233e-10 TSX
20160722 20161201 0.00011141 6.586e-10 TSX
20160904 20180707 4.7341e-05 3.9949e-10 TSX
20160915 20180911 -1.4791e-05 3.88e-10 TSX
20160926 20170114 5.8416e-05 6.9177e-10 TSX
20161201 20171027 -2.5239e-06 4.8149e-10 TSX
20161223 20171107 -3.1587e-05 4.8533e-10 TSX
20170114 20170902 -6.0326e-06 5.5376e-10 TSX
20170811 20171005 -8.1142e-05 7.8913e-10 TSX
20170822 20180707 -3.3092e-05 4.894e-10 TSX
20170913 20180707 -6.2784e-05 5.2411e-10 TSX
20170924 20180319 -3.9987e-05 6.0325e-10 TSX
20171005 20171107 5.2179e-05 8.3504e-10 TSX
20171016 20180319 -6.4872e-06 6.2931e-10 TSX
20171027 20180911 -1.0101e-05 4.8939e-10 TSX
20171107 20171118 8.1438e-05 9.892e-10 TSX
20171118 20171129 5.3398e-05 9.892e-10 TSX
20171129 20171221 -2.3905e-05 8.6941e-10 TSX
20171210 20180820 -3.83e-05 5.3176e-10 TSX
20171221 20180911 -3.8984e-05 5.2479e-10 TSX
20180112 20181003 9.1745e-06 5.2342e-10 TSX
20180319 20180707 -7.1607e-05 6.9161e-10 TSX
20180707 20180911 0.00018307 7.6812e-10 TSX
20180729 20181003 3.5468e-06 7.6812e-10 TSX
20180820 20181003 0.00011954 8.1098e-10 TSX
20180911 20181003 -0.00016395 8.6941e-10 TSX
