20030427 20030914 0.00025882 5.6502e-10 ERS2
20030914 20080629 -0.00011089 2.8317e-10 ERS2
20050918 20090510 -3.8076e-06 3.0343e-10 ERS2
20051127 20081116 0.0001252 3.1592e-10 ERS2
20060903 20090510 1.9166e-06 3.096e-10 ERS2
20061231 20090105 -5.9742e-05 3.1527e-10 ALOS
20070402 20070703 -0.00013617 6.6626e-10 ALOS
20070518 20091008 -2.1397e-05 3.0371e-10 ALOS
20070818 20071003 -0.00017698 7.7498e-10 ALOS
20071217 20100509 -4.2013e-05 2.9906e-10 ALOS
20080103 20100526 -9.0645e-05 3.0651e-10 ALOS
20080404 20080520 2.9553e-05 7.7515e-10 ALOS
20080618 20090921 4.7829e-06 3.7188e-10 ALOS
20080629 20090510 -0.00032102 4.1222e-10 ERS2
20080705 20091008 -2.48e-05 3.6493e-10 ALOS
20080803 20090823 -1.5517e-05 3.8309e-10 ERS2
20081116 20090823 0.00010721 4.3195e-10 ERS2
20081219 20090921 0.00035396 4.4855e-10 ALOS
20090105 20090708 2.1802e-06 5.3064e-10 ALOS
20090510 20091101 0.0010705 5.2076e-10 ERS2
20090708 20091008 0.00072712 6.661e-10 ALOS
20090823 20091101 -0.00010544 6.9851e-10 ERS2
20091222 20100624 0.00054912 5.2587e-10 ALOS
20100108 20100223 0.00059158 7.7508e-10 ALOS
20100223 20100526 -9.749e-05 6.6908e-10 ALOS
20100410 20100711 -8.8509e-05 6.6647e-10 ALOS
20100509 20100624 0.00055441 7.7302e-10 ALOS
20100526 20100711 0.0004611 7.7499e-10 ALOS
20100624 20101109 0.00017443 5.8397e-10 ALOS
20100711 20101011 0.00023737 6.6625e-10 ALOS
20100809 20101109 7.7318e-05 6.6352e-10 ALOS
20101011 20101126 0.00018027 7.7499e-10 ALOS
20110111 20110226 0.00072705 7.7498e-10 ALOS
20110924 20130715 2.1467e-05 3.2435e-10 TSX
20111005 20121229 -8.4043e-05 3.6917e-10 TSX
20111121 20171221 -5.143e-06 4.0502e-10 TSX
20111221 20130131 9.0314e-06 3.8535e-10 TSX
20111224 20121027 0.00014124 4.1927e-10 TSX
20120126 20140419 1.9855e-05 3.0994e-10 TSX
20120203 20160320 7.7194e-06 3.1555e-10 TSX
20120206 20171107 1.6888e-05 4.2776e-10 TSX
20120617 20171129 1.9519e-05 4.1298e-10 TSX
20120723 20160120 4.9162e-05 3.1516e-10 TSX
20121024 20130109 -1.392e-05 7.0161e-10 TSX
20121027 20151226 -1.3556e-05 3.6109e-10 TSX
20121030 20130311 3.7005e-05 5.8464e-10 TSX
20121107 20171118 7.6577e-07 3.6927e-10 TSX
20121221 20160208 -9.3313e-05 3.5242e-10 TSX
20121224 20130516 8.1215e-06 5.685e-10 TSX
20121229 20130407 0.00024561 6.5607e-10 TSX
20130104 20130217 0.00019303 7.7301e-10 TSX
20130109 20130715 0.00012677 5.2962e-10 TSX
20130112 20140511 -1.1338e-05 3.5593e-10 TSX
20130115 20130721 -0.0001294 5.1514e-10 TSX
20130126 20130823 1.2171e-05 5.3205e-10 TSX
20130131 20130429 -0.00011646 6.7793e-10 TSX
20130203 20130729 0.00018664 5.2307e-10 TSX
20130211 20130919 5.021e-05 4.9606e-10 TSX
20130228 20141209 1.107e-05 3.2392e-10 TSX
20130311 20130801 0.00010241 5.686e-10 TSX
20130316 20130623 9.239e-05 6.5606e-10 TSX
20130402 20150122 0.00016664 4.0014e-10 TSX
20130407 20140530 -0.00011084 3.8131e-10 TSX
20130421 20171016 -6.6632e-05 3.9646e-10 TSX
20130424 20130721 -0.00018646 6.6401e-10 TSX
20130429 20130623 7.9835e-05 7.5396e-10 TSX
20130505 20131028 -0.00024144 5.5395e-10 TSX
20130513 20151112 -4.0934e-05 3.5618e-10 TSX
20130516 20131017 -9.3995e-05 5.8879e-10 TSX
20130521 20130715 0.00020663 7.5399e-10 TSX
20130524 20171129 9.473e-06 4.2443e-10 TSX
20130527 20140627 -7.4896e-05 3.8398e-10 TSX
20130601 20130930 0.00018273 6.1696e-10 TSX
20130604 20141217 8.492e-05 3.4238e-10 TSX
20130607 20140719 1.4385e-07 3.8008e-10 TSX
20130612 20150105 1.8589e-05 3.4668e-10 TSX
20130615 20160106 0.00014672 3.1226e-10 TSX
20130618 20140708 -3.0117e-05 3.8811e-10 TSX
20130623 20130715 0.00060956 8.6105e-10 TSX
20130629 20130914 0.00030602 6.9125e-10 TSX
20130707 20150130 4.5872e-05 3.3818e-10 TSX
20130710 20140901 8.3579e-06 3.7668e-10 TSX
20130715 20130726 -0.0024435 1.0099e-09 TSX
20130721 20131108 0.00085094 6.4216e-10 TSX
20130726 20150517 8.6251e-05 3.24e-10 TSX
20130729 20160904 3.8822e-05 3.8882e-10 TSX
20130801 20151115 3.5145e-05 3.4126e-10 TSX
20130817 20140209 7.6324e-05 5.4096e-10 TSX
20130828 20150312 7.0117e-06 3.4442e-10 TSX
20130903 20150329 2.2789e-05 4.1312e-10 TSX
20130919 20160309 -1.6516e-05 3.2137e-10 TSX
20130925 20140708 0.00012228 4.3767e-10 TSX
20130930 20160411 6.9547e-05 3.1444e-10 TSX
20131011 20150802 1.3499e-05 3.5579e-10 TSX
20131017 20140719 -1.2714e-05 4.3903e-10 TSX
20131028 20160304 -6.6421e-06 3.0138e-10 TSX
20131102 20140519 -0.00024738 5.1709e-10 TSX
20131108 20140708 7.1702e-05 4.7464e-10 TSX
20140209 20160309 -3.79e-05 3.3019e-10 TSX
20140223 20140829 0.00013433 5.1109e-10 TSX
20140408 20140705 9.6579e-05 6.6126e-10 TSX
20140419 20170913 8.8813e-05 3.5239e-10 TSX
20140511 20141228 0.00024581 4.7006e-10 TSX
20140519 20150824 0.00015669 3.804e-10 TSX
20140624 20171005 -4.4958e-05 3.8107e-10 TSX
20140627 20151115 7.0107e-05 3.5535e-10 TSX
20140705 20180911 2.8709e-05 3.7039e-10 TSX
20140708 20160406 1.8934e-05 3.5554e-10 TSX
20140716 20171005 1.8867e-05 3.7397e-10 TSX
20140719 20151207 3.2202e-05 3.761e-10 TSX
20140727 20150326 9.3975e-05 4.6152e-10 TSX
20140810 20150122 8.6072e-05 5.3914e-10 TSX
20140818 20160301 7.7847e-05 3.7623e-10 TSX
20140829 20160208 9.4888e-05 3.7876e-10 TSX
20140901 20140912 -0.00032462 9.6694e-10 TSX
20140912 20141209 0.00015861 6.6401e-10 TSX
20140920 20170902 0.00012652 3.4932e-10 TSX
20141209 20160211 3.5023e-05 3.8602e-10 TSX
20141217 20160722 3.6519e-05 4.0888e-10 TSX
20141228 20160106 0.00010534 3.9849e-10 TSX
20141231 20151024 0.00011049 4.3717e-10 TSX
20150105 20150824 3.7461e-05 4.9142e-10 TSX
20150108 20170811 4.5102e-05 3.8282e-10 TSX
20150119 20160117 8.817e-05 3.9859e-10 TSX
20150127 20160411 0.00010962 3.9724e-10 TSX
20150130 20151112 0.00017107 4.387e-10 TSX
20150210 20170114 6.1645e-06 3.5106e-10 TSX
20150213 20160326 9.5511e-05 5.0307e-10 TSX
20150218 20160216 4.3311e-05 4.228e-10 TSX
20150221 20180112 7.2427e-05 3.1856e-10 TSX
20150304 20180911 -1.4262e-05 4.1767e-10 TSX
20150307 20160211 5.0797e-05 4.1161e-10 TSX
20150312 20160320 -1.6749e-05 4.0524e-10 TSX
20150326 20150827 0.00021529 5.5167e-10 TSX
20150329 20151207 0.00011097 4.5937e-10 TSX
20150428 20160425 0.00017213 4.0933e-10 TSX
20150509 20150827 0.00016901 6.2087e-10 TSX
20150517 20150824 5.9278e-05 6.5751e-10 TSX
20150520 20180911 2.9985e-06 3.3981e-10 TSX
20150714 20170822 9.647e-05 3.2367e-10 TSX
20150725 20170924 4.8566e-05 3.0403e-10 TSX
20150802 20160309 7.2436e-05 4.9563e-10 TSX
20150805 20160403 9.9776e-05 4.617e-10 TSX
20150816 20171107 0.00011894 3.0605e-10 TSX
20150824 20150915 0.00075305 8.6094e-10 TSX
20150827 20170902 0.0001258 3.1427e-10 TSX
20150915 20160216 -7.1176e-05 5.6823e-10 TSX
20151021 20160904 0.00013275 4.1329e-10 TSX
20151101 20171016 0.00011544 3.0613e-10 TSX
20151112 20160425 7.4011e-05 5.3607e-10 TSX
20151115 20151229 0.00017281 7.7301e-10 TSX
20151123 20171221 0.00011557 3.0504e-10 TSX
20151204 20151215 0.00018536 9.7703e-10 TSX
20151207 20160406 -5.9911e-05 6.0212e-10 TSX
20151215 20170822 9.7523e-05 3.2702e-10 TSX
20151226 20161223 0.00016827 3.938e-10 TSX
20151229 20160211 5.3684e-05 7.7301e-10 TSX
20160106 20161223 0.00019167 3.9889e-10 TSX
20160117 20160926 0.00020968 4.5293e-10 TSX
20160128 20160301 -0.00022988 8.0604e-10 TSX
20160208 20160312 -6.1808e-05 8.0604e-10 TSX
20160216 20160309 -0.00040437 8.6094e-10 TSX
20160219 20180319 4.8759e-05 3.169e-10 TSX
20160301 20161201 0.0002097 4.3866e-10 TSX
20160304 20160326 3.143e-05 8.4803e-10 TSX
20160312 20180319 2.4464e-05 3.1685e-10 TSX
20160320 20160411 0.00047596 8.6095e-10 TSX
20160323 20171118 0.0001218 3.2409e-10 TSX
20160326 20160406 -0.00048768 9.6687e-10 TSX
20160403 20171027 8.1469e-05 3.3548e-10 TSX
20160425 20170811 0.00013041 3.5022e-10 TSX
20160528 20160630 6.1162e-05 8.0604e-10 TSX
20160630 20171118 8.2698e-05 3.459e-10 TSX
20160722 20161201 0.00017785 5.8131e-10 TSX
20160904 20180707 -0.00011394 3.3141e-10 TSX
20160915 20180911 -0.00014063 3.0792e-10 TSX
20160926 20170114 1.7443e-05 6.1796e-10 TSX
20161201 20171027 0.00013721 4.0787e-10 TSX
20161223 20171107 0.00011962 4.0915e-10 TSX
20170114 20170902 0.00013498 4.6837e-10 TSX
20170811 20171005 -4.1967e-05 7.4111e-10 TSX
20170822 20180707 -8.0057e-05 4.1357e-10 TSX
20170913 20180707 -0.00014577 4.2548e-10 TSX
20170924 20180319 -0.00018009 5.2333e-10 TSX
20171005 20171107 5.9839e-05 8.0604e-10 TSX
20171016 20180319 -0.00020362 5.5015e-10 TSX
20171027 20180911 1.0531e-06 4.1335e-10 TSX
20171107 20171118 6.6954e-05 9.7703e-10 TSX
20171118 20171129 4.0545e-05 9.7703e-10 TSX
20171129 20171221 2.1633e-06 8.4999e-10 TSX
20171210 20180820 -1.3506e-05 4.5348e-10 TSX
20171221 20180911 2.0636e-05 4.4524e-10 TSX
20180112 20181003 2.65e-05 4.45e-10 TSX
20180319 20180707 -4.7801e-06 6.1797e-10 TSX
20180707 20180911 0.00039435 7.1237e-10 TSX
20180729 20181003 0.00016216 7.1234e-10 TSX
20180820 20181003 0.0002037 7.7201e-10 TSX
20180911 20181003 -0.0001503 8.4999e-10 TSX
