20030427 20030914 -0.00022978 5.6776e-10 ERS2
20030914 20080629 -1.9647e-05 2.7187e-10 ERS2
20050918 20090510 -1.5646e-05 2.9921e-10 ERS2
20051127 20081116 9.166e-05 3.1626e-10 ERS2
20060903 20090510 -0.00026312 3.0391e-10 ERS2
20061231 20090105 -1.2873e-05 3.1255e-10 ALOS
20070402 20070703 -0.00012669 6.6608e-10 ALOS
20070518 20091008 -6.9097e-05 2.9781e-10 ALOS
20070818 20071003 -0.00044495 7.7525e-10 ALOS
20071217 20100509 -8.8937e-06 3.0163e-10 ALOS
20080103 20100526 -0.00010279 2.9772e-10 ALOS
20080404 20080520 -2.4184e-05 7.7527e-10 ALOS
20080618 20090921 -0.00013546 3.7303e-10 ALOS
20080629 20090510 -8.06e-05 4.1227e-10 ERS2
20080705 20091008 2.8158e-05 3.6492e-10 ALOS
20080803 20090823 -7.0482e-05 3.8302e-10 ERS2
20081116 20090823 -9.6096e-06 4.3218e-10 ERS2
20081219 20090921 0.0002149 4.461e-10 ALOS
20090105 20090708 -3.189e-05 5.2825e-10 ALOS
20090510 20091101 0.00051585 5.2034e-10 ERS2
20090708 20091008 0.00055415 6.6619e-10 ALOS
20090823 20091101 8.5526e-05 6.9851e-10 ERS2
20091222 20100624 0.00029119 5.2538e-10 ALOS
20100108 20100223 0.00054449 7.7537e-10 ALOS
20100223 20100526 0.00024027 6.6636e-10 ALOS
20100410 20100711 -2.2658e-05 6.6609e-10 ALOS
20100509 20100624 0.00054943 7.7326e-10 ALOS
20100526 20100711 0.00048059 7.7526e-10 ALOS
20100624 20101109 0.0001345 5.8396e-10 ALOS
20100711 20101011 2.3962e-05 6.6624e-10 ALOS
20100809 20101109 1.1971e-05 6.6353e-10 ALOS
20101011 20101126 0.00028086 7.7524e-10 ALOS
20110111 20110226 0.00066755 7.7525e-10 ALOS
20110924 20130715 5.9252e-05 3.2436e-10 TSX
20111005 20121229 -7.0523e-05 3.69e-10 TSX
20111121 20171221 1.294e-05 2.5835e-10 TSX
20111221 20130131 2.7736e-05 3.8563e-10 TSX
20111224 20121027 -9.8348e-06 4.1959e-10 TSX
20120126 20140419 -3.1772e-05 2.8902e-10 TSX
20120203 20160320 -5.7003e-06 2.5371e-10 TSX
20120206 20171107 -2.9917e-06 2.5638e-10 TSX
20120617 20171129 -1.3765e-05 2.7347e-10 TSX
20120723 20160120 4.9266e-05 2.6815e-10 TSX
20121024 20130109 7.0061e-05 7.0154e-10 TSX
20121027 20151226 -7.9922e-06 2.6677e-10 TSX
20121030 20130311 6.7034e-05 5.8465e-10 TSX
20121107 20171118 3.6378e-07 2.6682e-10 TSX
20121221 20160208 2.5246e-05 2.6469e-10 TSX
20121224 20130516 -5.8526e-05 5.6847e-10 TSX
20121229 20130407 0.00016749 6.5598e-10 TSX
20130104 20130217 0.00013497 7.732e-10 TSX
20130109 20130715 0.00018811 5.2807e-10 TSX
20130112 20140511 6.2873e-07 3.5488e-10 TSX
20130115 20130721 -0.00013159 5.1372e-10 TSX
20130126 20130823 -2.5531e-05 4.9891e-10 TSX
20130131 20130429 3.6139e-06 6.7793e-10 TSX
20130203 20130729 -2.4815e-05 5.2309e-10 TSX
20130211 20130919 5.0393e-05 4.9574e-10 TSX
20130228 20141209 4.0107e-05 3.1204e-10 TSX
20130311 20130801 -5.7267e-05 5.6841e-10 TSX
20130316 20130623 7.1119e-05 6.56e-10 TSX
20130402 20150122 9.2622e-05 2.989e-10 TSX
20130407 20140530 1.1552e-05 3.8071e-10 TSX
20130421 20171016 5.1162e-06 2.5709e-10 TSX
20130424 20130721 -0.00020591 6.6399e-10 TSX
20130429 20130623 -1.7508e-05 7.5415e-10 TSX
20130505 20131028 -0.00048661 5.263e-10 TSX
20130513 20151112 1.9508e-05 2.7636e-10 TSX
20130516 20131017 -0.00017501 5.5391e-10 TSX
20130521 20130715 0.00026135 7.5411e-10 TSX
20130524 20171129 -8.1745e-06 2.5653e-10 TSX
20130527 20140627 2.8773e-05 3.8382e-10 TSX
20130601 20130930 0.00014216 6.1696e-10 TSX
20130604 20141217 -2.6537e-06 3.3899e-10 TSX
20130607 20140719 5.4751e-05 3.7969e-10 TSX
20130612 20150105 8.4567e-06 3.3824e-10 TSX
20130615 20160106 1.9358e-05 2.762e-10 TSX
20130618 20140708 3.5071e-07 3.8774e-10 TSX
20130623 20130715 0.00061184 8.62e-10 TSX
20130629 20130914 0.00027555 6.8828e-10 TSX
20130707 20150130 2.316e-07 3.3758e-10 TSX
20130710 20140901 -9.4016e-06 3.7615e-10 TSX
20130715 20130726 -0.0024845 1.0111e-09 TSX
20130721 20131108 0.0006395 6.211e-10 TSX
20130726 20150517 0.00015286 3.2303e-10 TSX
20130729 20160904 4.2858e-06 2.6781e-10 TSX
20130801 20151115 8.5662e-06 2.9084e-10 TSX
20130817 20140209 9.9903e-06 5.4095e-10 TSX
20130828 20150312 3.2041e-05 3.4038e-10 TSX
20130903 20150329 -6.977e-05 3.1481e-10 TSX
20130919 20160309 -2.3577e-05 2.8092e-10 TSX
20130925 20140708 6.475e-06 4.3133e-10 TSX
20130930 20160411 -3.1396e-05 2.7747e-10 TSX
20131011 20150802 1.0498e-05 3.2061e-10 TSX
20131017 20140719 3.1527e-05 4.3875e-10 TSX
20131028 20160304 -4.7559e-05 3.6404e-10 TSX
20131102 20140519 -0.0001318 5.1709e-10 TSX
20131108 20140708 9.9998e-06 4.6277e-10 TSX
20140209 20160309 -3.3595e-05 3.0752e-10 TSX
20140223 20140829 -8.205e-06 5.1112e-10 TSX
20140408 20140705 -4.8756e-05 6.6127e-10 TSX
20140419 20170913 8.6427e-06 2.6916e-10 TSX
20140511 20141228 -1.8943e-05 4.7015e-10 TSX
20140519 20150824 9.9821e-05 3.645e-10 TSX
20140624 20171005 -4.5821e-06 2.6791e-10 TSX
20140627 20151115 -2.3794e-05 3.4136e-10 TSX
20140705 20180911 -7.9627e-06 2.5863e-10 TSX
20140708 20160406 3.1455e-05 3.1683e-10 TSX
20140716 20171005 1.6378e-05 2.674e-10 TSX
20140719 20151207 -6.9825e-07 3.4086e-10 TSX
20140727 20150326 -2.0103e-05 4.6172e-10 TSX
20140810 20150122 5.723e-05 5.3917e-10 TSX
20140818 20160301 -2.3839e-05 3.2471e-10 TSX
20140829 20160208 -5.7542e-06 3.3116e-10 TSX
20140901 20140912 -0.00029113 9.6784e-10 TSX
20140912 20141209 4.0378e-05 6.6401e-10 TSX
20140920 20170902 2.9096e-05 2.7326e-10 TSX
20141209 20160211 -2.9218e-05 3.6439e-10 TSX
20141217 20160722 -1.7921e-05 3.1884e-10 TSX
20141228 20160106 -1.7136e-06 3.8208e-10 TSX
20141231 20151024 2.7285e-05 4.2496e-10 TSX
20150105 20150824 1.9094e-05 4.8581e-10 TSX
20150108 20170811 4.0221e-05 2.8262e-10 TSX
20150119 20160117 -1.0556e-05 3.8722e-10 TSX
20150127 20160411 4.1038e-05 3.706e-10 TSX
20150130 20151112 -1.804e-05 4.286e-10 TSX
20150210 20170114 1.6903e-05 2.9724e-10 TSX
20150213 20160326 6.7339e-05 4.1367e-10 TSX
20150218 20160216 -5.2101e-06 4.0257e-10 TSX
20150221 20180112 -2.5301e-05 2.6863e-10 TSX
20150304 20180911 1.2817e-05 2.6231e-10 TSX
20150307 20160211 1.9395e-05 4.0125e-10 TSX
20150312 20160320 -6.3295e-05 3.9754e-10 TSX
20150326 20150827 1.2511e-05 5.4976e-10 TSX
20150329 20151207 -9.4891e-06 4.5481e-10 TSX
20150428 20160425 7.3449e-07 3.873e-10 TSX
20150509 20150827 4.0147e-05 6.1797e-10 TSX
20150517 20150824 -0.00017392 6.5598e-10 TSX
20150520 20180911 -1.6197e-05 2.6647e-10 TSX
20150714 20170822 3.0165e-05 2.892e-10 TSX
20150725 20170924 2.5078e-05 2.8729e-10 TSX
20150802 20160309 -7.2929e-05 4.9575e-10 TSX
20150805 20160403 -4.2161e-06 4.6129e-10 TSX
20150816 20171107 2.5683e-05 2.8795e-10 TSX
20150824 20150915 0.00062799 8.6189e-10 TSX
20150827 20170902 1.1038e-05 2.96e-10 TSX
20150915 20160216 -9.496e-05 5.6816e-10 TSX
20151021 20160904 -9.1037e-05 4.1233e-10 TSX
20151101 20171016 2.1751e-05 2.9772e-10 TSX
20151112 20160425 -3.7251e-05 5.361e-10 TSX
20151115 20151229 0.00019203 7.732e-10 TSX
20151123 20171221 8.2095e-06 2.9378e-10 TSX
20151204 20151215 0.00016807 9.7813e-10 TSX
20151207 20160406 -4.3444e-05 6.0213e-10 TSX
20151215 20170822 1.8661e-05 3.1402e-10 TSX
20151226 20161223 -1.0527e-05 3.9315e-10 TSX
20151229 20160211 1.9202e-05 7.732e-10 TSX
20160106 20161223 -1.2887e-05 3.9791e-10 TSX
20160117 20160926 -2.7298e-05 4.5307e-10 TSX
20160128 20160301 -0.00021804 8.0653e-10 TSX
20160208 20160312 -6.3911e-05 8.0653e-10 TSX
20160216 20160309 -0.0003928 8.6189e-10 TSX
20160219 20180319 8.6221e-06 2.9574e-10 TSX
20160301 20161201 4.4012e-05 4.384e-10 TSX
20160304 20160326 6.37e-05 8.4868e-10 TSX
20160312 20180319 1.1335e-05 2.963e-10 TSX
20160320 20160411 0.00047488 8.6189e-10 TSX
20160323 20171118 1.4685e-05 3.1752e-10 TSX
20160326 20160406 -0.000502 9.6777e-10 TSX
20160403 20171027 2.8403e-05 3.2418e-10 TSX
20160425 20170811 7.0549e-06 3.4752e-10 TSX
20160528 20160630 1.6693e-05 8.0653e-10 TSX
20160630 20171118 -5.1852e-06 3.3948e-10 TSX
20160722 20161201 7.2552e-05 5.8133e-10 TSX
20160904 20180707 1.8348e-06 3.2316e-10 TSX
20160915 20180911 -9.2873e-06 3.01e-10 TSX
20160926 20170114 5.2609e-06 6.1797e-10 TSX
20161201 20171027 -3.6933e-05 4.0719e-10 TSX
20161223 20171107 -1.2671e-05 4.0903e-10 TSX
20170114 20170902 -1.0612e-05 4.688e-10 TSX
20170811 20171005 -9.1936e-05 7.4123e-10 TSX
20170822 20180707 -6.2363e-05 4.1393e-10 TSX
20170913 20180707 -9.0076e-05 4.2518e-10 TSX
20170924 20180319 -2.803e-05 5.2318e-10 TSX
20171005 20171107 1.079e-05 8.0653e-10 TSX
20171016 20180319 -5.2673e-05 5.5009e-10 TSX
20171027 20180911 -6.376e-05 4.1391e-10 TSX
20171107 20171118 7.0141e-05 9.7813e-10 TSX
20171118 20171129 4.22e-05 9.7813e-10 TSX
20171129 20171221 -1.3096e-05 8.5079e-10 TSX
20171210 20180820 -5.1786e-05 4.5345e-10 TSX
20171221 20180911 1.5336e-05 4.4568e-10 TSX
20180112 20181003 -2.4488e-05 4.4562e-10 TSX
20180319 20180707 -0.00010222 6.1798e-10 TSX
20180707 20180911 7.3701e-05 7.1244e-10 TSX
20180729 20181003 2.8694e-05 7.1244e-10 TSX
20180820 20181003 0.00017382 7.723e-10 TSX
20180911 20181003 -6.4318e-05 8.508e-10 TSX
