20030427 20030914 -0.00038384 5.6658e-10 ERS2
20030914 20080629 0.00019878 2.792e-10 ERS2
20050918 20090510 -4.1652e-06 3.0089e-10 ERS2
20051127 20081116 0.00020547 3.0531e-10 ERS2
20060903 20090510 3.1945e-05 3.1117e-10 ERS2
20061231 20090105 -0.00014439 3.1214e-10 ALOS
20070402 20070703 0.00011265 6.7211e-10 ALOS
20070518 20091008 -0.00011638 3.31e-10 ALOS
20070818 20071003 -0.00036589 7.851e-10 ALOS
20071217 20100509 -4.8875e-05 3.0406e-10 ALOS
20080103 20100526 -0.00010875 3.1634e-10 ALOS
20080404 20080520 2.9744e-05 7.8515e-10 ALOS
20080618 20090921 -3.2444e-05 3.7277e-10 ALOS
20080629 20090510 -0.00023251 4.1193e-10 ERS2
20080705 20091008 -0.000115 3.6753e-10 ALOS
20080803 20090823 9.1463e-05 3.8378e-10 ERS2
20081116 20090823 0.00013568 4.3519e-10 ERS2
20081219 20090921 0.00014804 4.4816e-10 ALOS
20090105 20090708 0.00018443 5.305e-10 ALOS
20090510 20091101 -4.4981e-05 5.2292e-10 ERS2
20090708 20091008 0.00032 6.7295e-10 ALOS
20090823 20091101 0.0010608 7.0426e-10 ERS2
20091222 20100624 4.8369e-05 5.2908e-10 ALOS
20100108 20100223 0.00040048 7.8514e-10 ALOS
20100223 20100526 0.00021186 6.7379e-10 ALOS
20100410 20100711 -4.6728e-05 6.77e-10 ALOS
20100509 20100624 0.00052996 7.8268e-10 ALOS
20100526 20100711 0.00032035 7.8512e-10 ALOS
20100624 20101109 6.1844e-05 5.861e-10 ALOS
20100711 20101011 -0.00028743 6.7205e-10 ALOS
20100809 20101109 0.0001358 6.6894e-10 ALOS
20101011 20101126 0.00040802 7.8513e-10 ALOS
20110111 20110226 0.00066516 7.8509e-10 ALOS
20110924 20130715 3.4249e-05 3.2768e-10 TSX
20111005 20121229 -4.8561e-05 3.8743e-10 TSX
20111121 20171221 -4.5199e-06 3.0217e-10 TSX
20111221 20130131 2.0542e-05 3.8592e-10 TSX
20111224 20121027 5.6192e-07 4.1869e-10 TSX
20120126 20140419 1.4845e-05 3.1478e-10 TSX
20120203 20160320 1.5644e-05 3.0056e-10 TSX
20120206 20171107 -3.0495e-06 3.4281e-10 TSX
20120617 20171129 -7.4521e-07 3.4342e-10 TSX
20120723 20160120 6.3571e-05 3.8275e-10 TSX
20121024 20130109 -3.7707e-05 7.0896e-10 TSX
20121027 20151226 -1.0063e-05 3.4899e-10 TSX
20121030 20130311 0.00010877 5.8659e-10 TSX
20121107 20171118 5.8919e-06 3.1361e-10 TSX
20121221 20160208 1.0732e-06 3.4165e-10 TSX
20121224 20130516 -3.3334e-06 5.7005e-10 TSX
20121229 20130407 -5.9624e-05 6.6157e-10 TSX
20130104 20130217 0.00013197 7.816e-10 TSX
20130109 20130715 0.00019028 5.3654e-10 TSX
20130112 20140511 -2.7076e-05 3.6483e-10 TSX
20130115 20130721 7.0996e-06 5.1649e-10 TSX
20130126 20130823 -3.4142e-06 5.3317e-10 TSX
20130131 20130429 0.00014119 6.8469e-10 TSX
20130203 20130729 -2.2056e-05 5.2383e-10 TSX
20130211 20130919 -5.5899e-05 4.9667e-10 TSX
20130228 20141209 -2.5535e-07 3.2442e-10 TSX
20130311 20130801 -9.9001e-05 5.6999e-10 TSX
20130316 20130623 6.17e-05 6.6163e-10 TSX
20130402 20150122 -0.00010819 4.9118e-10 TSX
20130407 20140530 0.00011269 3.812e-10 TSX
20130421 20171016 -2.0991e-07 3.5172e-10 TSX
20130424 20130721 -9.8993e-05 6.6881e-10 TSX
20130429 20130623 -0.00010673 7.6415e-10 TSX
20130505 20131028 1.587e-05 5.6735e-10 TSX
20130513 20151112 1.1946e-05 3.3817e-10 TSX
20130516 20131017 -0.00040292 6.3399e-10 TSX
20130521 20130715 0.00011064 7.6414e-10 TSX
20130524 20171129 -1.1378e-05 3.1298e-10 TSX
20130527 20140627 3.3758e-06 3.8571e-10 TSX
20130601 20130930 -8.4928e-05 6.2058e-10 TSX
20130604 20141217 3.0375e-06 3.474e-10 TSX
20130607 20140719 -3.1662e-05 3.8197e-10 TSX
20130612 20150105 1.3191e-05 3.4324e-10 TSX
20130615 20160106 2.3007e-05 3.2337e-10 TSX
20130618 20140708 -1.1129e-05 3.9015e-10 TSX
20130623 20130715 0.00062311 8.7135e-10 TSX
20130629 20130914 -1.1201e-05 7.1644e-10 TSX
20130707 20150130 -1.9407e-05 3.44e-10 TSX
20130710 20140901 -9.0529e-06 3.7855e-10 TSX
20130715 20130726 -0.0024173 1.0195e-09 TSX
20130721 20131108 -0.00028083 6.8955e-10 TSX
20130726 20150517 2.7777e-05 3.5206e-10 TSX
20130729 20160904 5.8461e-06 3.1132e-10 TSX
20130801 20151115 -2.4308e-05 4.3825e-10 TSX
20130817 20140209 -2.0148e-05 5.4207e-10 TSX
20130828 20150312 -2.2888e-05 3.4513e-10 TSX
20130903 20150329 3.6741e-05 4.4113e-10 TSX
20130919 20160309 4.0913e-05 3.5035e-10 TSX
20130925 20140708 2.2353e-05 4.6359e-10 TSX
20130930 20160411 6.4426e-06 3.7002e-10 TSX
20131011 20150802 8.0964e-06 3.3834e-10 TSX
20131017 20140719 0.00012911 4.8997e-10 TSX
20131028 20160304 9.6675e-05 3.3451e-10 TSX
20131102 20140519 0.00019486 5.1789e-10 TSX
20131108 20140708 -0.00028677 5.0806e-10 TSX
20140209 20160309 -9.3191e-06 3.4654e-10 TSX
20140223 20140829 7.2325e-06 5.1171e-10 TSX
20140408 20140705 1.6759e-05 6.6619e-10 TSX
20140419 20170913 8.1777e-06 3.6909e-10 TSX
20140511 20141228 2.2602e-05 4.7063e-10 TSX
20140519 20150824 -3.1925e-05 3.6903e-10 TSX
20140624 20171005 1.817e-05 3.1811e-10 TSX
20140627 20151115 -7.3009e-05 4.4537e-10 TSX
20140705 20180911 -8.0148e-07 2.9831e-10 TSX
20140708 20160406 -2.2039e-05 4.1301e-10 TSX
20140716 20171005 1.92e-05 3.3321e-10 TSX
20140719 20151207 -3.6954e-05 3.801e-10 TSX
20140727 20150326 -2.4817e-05 4.6212e-10 TSX
20140810 20150122 4.3255e-05 5.5333e-10 TSX
20140818 20160301 5.0767e-06 3.4922e-10 TSX
20140829 20160208 -8.8077e-06 3.5301e-10 TSX
20140901 20140912 -0.00025886 9.7497e-10 TSX
20140912 20141209 -3.6808e-05 6.6881e-10 TSX
20140920 20170902 1.8039e-05 3.3754e-10 TSX
20141209 20160211 -4.9433e-05 3.7128e-10 TSX
20141217 20160722 -8.8328e-06 3.5425e-10 TSX
20141228 20160106 -6.5946e-07 3.9069e-10 TSX
20141231 20151024 -5.4645e-05 4.2845e-10 TSX
20150105 20150824 2.7696e-05 4.8848e-10 TSX
20150108 20170811 1.8774e-06 3.4599e-10 TSX
20150119 20160117 5.1662e-06 3.8805e-10 TSX
20150127 20160411 -7.0723e-06 4.1403e-10 TSX
20150130 20151112 3.5072e-05 4.3223e-10 TSX
20150210 20170114 1.6937e-05 3.2746e-10 TSX
20150213 20160326 -2.499e-05 4.1066e-10 TSX
20150218 20160216 -3.4702e-05 4.0417e-10 TSX
20150221 20180112 2.3682e-05 4.148e-10 TSX
20150304 20180911 -1.8017e-07 3.0489e-10 TSX
20150307 20160211 -5.9537e-05 4.0902e-10 TSX
20150312 20160320 3.045e-05 3.9997e-10 TSX
20150326 20150827 5.39e-05 5.5194e-10 TSX
20150329 20151207 -0.0001286 4.565e-10 TSX
20150428 20160425 1.3277e-05 3.9268e-10 TSX
20150509 20150827 4.0684e-05 6.2351e-10 TSX
20150517 20150824 -0.0001885 6.6402e-10 TSX
20150520 20180911 2.0873e-06 3.2574e-10 TSX
20150714 20170822 -1.9569e-06 3.1968e-10 TSX
20150725 20170924 1.2664e-05 3.2224e-10 TSX
20150802 20160309 -4.2947e-05 4.9766e-10 TSX
20150805 20160403 -4.8139e-05 4.61e-10 TSX
20150816 20171107 9.7106e-06 3.0817e-10 TSX
20150824 20150915 0.00051823 8.7126e-10 TSX
20150827 20170902 3.0472e-06 3.0359e-10 TSX
20150915 20160216 2.5289e-05 5.7054e-10 TSX
20151021 20160904 -2.715e-05 4.1191e-10 TSX
20151101 20171016 2.3354e-05 3.0749e-10 TSX
20151112 20160425 8.5951e-06 5.3734e-10 TSX
20151115 20151229 0.00013915 7.816e-10 TSX
20151123 20171221 3.2077e-06 3.1455e-10 TSX
20151204 20151215 0.00014836 9.8466e-10 TSX
20151207 20160406 -1.9429e-06 6.046e-10 TSX
20151215 20170822 -1.402e-06 3.42e-10 TSX
20151226 20161223 3.6649e-05 3.9293e-10 TSX
20151229 20160211 1.4206e-05 7.816e-10 TSX
20160106 20161223 1.9583e-05 3.9712e-10 TSX
20160117 20160926 2.3596e-05 4.5755e-10 TSX
20160128 20160301 -0.00011857 8.1454e-10 TSX
20160208 20160312 -6.9312e-05 8.1454e-10 TSX
20160216 20160309 -0.00030722 8.7126e-10 TSX
20160219 20180319 1.6936e-05 3.0068e-10 TSX
20160301 20161201 1.8622e-06 4.3865e-10 TSX
20160304 20160326 6.871e-06 8.566e-10 TSX
20160312 20180319 1.7554e-05 3.1046e-10 TSX
20160320 20160411 0.00038399 8.7127e-10 TSX
20160323 20171118 1.4825e-05 3.2203e-10 TSX
20160326 20160406 -0.00048923 9.7488e-10 TSX
20160403 20171027 2.0162e-05 3.5495e-10 TSX
20160425 20170811 3.1797e-05 3.5038e-10 TSX
20160528 20160630 6.8238e-07 8.1454e-10 TSX
20160630 20171118 1.933e-05 3.3977e-10 TSX
20160722 20161201 3.5562e-05 5.8339e-10 TSX
20160904 20180707 1.1919e-05 3.2874e-10 TSX
20160915 20180911 -8.8265e-06 2.9953e-10 TSX
20160926 20170114 1.2808e-05 6.2124e-10 TSX
20161201 20171027 1.7812e-05 4.0623e-10 TSX
20161223 20171107 -4.0194e-06 4.1224e-10 TSX
20170114 20170902 1.6805e-05 4.6994e-10 TSX
20170811 20171005 -4.3162e-05 7.4884e-10 TSX
20170822 20180707 -1.8737e-05 4.1272e-10 TSX
20170913 20180707 -1.8108e-05 4.2591e-10 TSX
20170924 20180319 -7.0172e-05 5.2395e-10 TSX
20171005 20171107 7.0657e-05 8.1454e-10 TSX
20171016 20180319 -2.7258e-05 5.5131e-10 TSX
20171027 20180911 -4.2176e-06 4.128e-10 TSX
20171107 20171118 7.7608e-05 9.8466e-10 TSX
20171118 20171129 4.5389e-05 9.8466e-10 TSX
20171129 20171221 -3.5444e-05 8.5817e-10 TSX
20171210 20180820 -3.0153e-05 4.5395e-10 TSX
20171221 20180911 1.6304e-06 4.4604e-10 TSX
20180112 20181003 7.4945e-07 4.4605e-10 TSX
20180319 20180707 -3.9684e-05 6.2125e-10 TSX
20180707 20180911 0.0001235 7.1925e-10 TSX
20180729 20181003 8.5203e-07 7.1925e-10 TSX
20180820 20181003 6.2786e-05 7.8038e-10 TSX
20180911 20181003 -0.00015553 8.5818e-10 TSX
