20030427 20030914 0.00027732 5.6549e-10 ERS2
20030914 20080629 -0.00017785 2.817e-10 ERS2
20050918 20090510 3.2696e-05 3.0787e-10 ERS2
20051127 20081116 -0.00016208 3.1667e-10 ERS2
20060903 20090510 -0.00010876 3.1506e-10 ERS2
20061231 20090105 0.00010243 3.1773e-10 ALOS
20070402 20070703 8.9431e-05 6.6641e-10 ALOS
20070518 20091008 4.7345e-05 3.3841e-10 ALOS
20070818 20071003 -0.00014285 7.7569e-10 ALOS
20071217 20100509 9.9574e-05 3.188e-10 ALOS
20080103 20100526 0.00014316 3.2483e-10 ALOS
20080404 20080520 0.00010151 7.7587e-10 ALOS
20080618 20090921 -6.9951e-05 3.7279e-10 ALOS
20080629 20090510 -8.1747e-05 4.1242e-10 ERS2
20080705 20091008 -3.0519e-05 3.6523e-10 ALOS
20080803 20090823 1.1726e-05 3.8378e-10 ERS2
20081116 20090823 4.8496e-05 4.3223e-10 ERS2
20081219 20090921 0.00032255 4.5614e-10 ALOS
20090105 20090708 -3.9997e-05 5.3441e-10 ALOS
20090510 20091101 -0.00054324 5.2136e-10 ERS2
20090708 20091008 0.00021069 6.6708e-10 ALOS
20090823 20091101 -0.00035685 6.9855e-10 ERS2
20091222 20100624 2.0546e-05 5.3528e-10 ALOS
20100108 20100223 -0.00019699 7.7573e-10 ALOS
20100223 20100526 -0.00019381 6.6875e-10 ALOS
20100410 20100711 -0.00019111 6.6917e-10 ALOS
20100509 20100624 0.00067037 7.7365e-10 ALOS
20100526 20100711 0.00052499 7.7572e-10 ALOS
20100624 20101109 -2.3256e-05 5.8409e-10 ALOS
20100711 20101011 -0.00011755 6.664e-10 ALOS
20100809 20101109 -1.9829e-05 6.6372e-10 ALOS
20101011 20101126 0.00018429 7.7571e-10 ALOS
20110111 20110226 0.00042125 7.7569e-10 ALOS
20110924 20130715 5.3834e-05 3.4256e-10 TSX
20111005 20121229 -3.618e-05 3.7569e-10 TSX
20111121 20171221 -1.3641e-05 4.7531e-10 TSX
20111221 20130131 1.2776e-05 3.8545e-10 TSX
20111224 20121027 1.7823e-05 4.1944e-10 TSX
20120126 20140419 -9.8749e-07 3.845e-10 TSX
20120203 20160320 6.8276e-05 3.4057e-10 TSX
20120206 20171107 1.5267e-05 4.2608e-10 TSX
20120617 20171129 2.8262e-05 5.4782e-10 TSX
20120723 20160120 -2.823e-05 3.6167e-10 TSX
20121024 20130109 8.82e-05 7.0451e-10 TSX
20121027 20151226 9.5063e-05 3.3317e-10 TSX
20121030 20130311 1.8914e-05 5.8471e-10 TSX
20121107 20171118 4.9917e-05 3.8037e-10 TSX
20121221 20160208 4.9633e-05 3.5798e-10 TSX
20121224 20130516 -4.4206e-05 5.6854e-10 TSX
20121229 20130407 1.944e-05 6.5632e-10 TSX
20130104 20130217 -5.1685e-05 7.7346e-10 TSX
20130109 20130715 0.00017555 5.4534e-10 TSX
20130112 20140511 -1.0569e-05 4.2539e-10 TSX
20130115 20130721 -0.00021152 5.4357e-10 TSX
20130126 20130823 -0.00017764 5.1126e-10 TSX
20130131 20130429 -6.751e-05 6.7824e-10 TSX
20130203 20130729 3.7247e-05 5.3179e-10 TSX
20130211 20130919 -8.0865e-05 5.0227e-10 TSX
20130228 20141209 9.8123e-05 3.879e-10 TSX
20130311 20130801 -0.00013741 5.7626e-10 TSX
20130316 20130623 -0.00011757 6.5648e-10 TSX
20130402 20150122 0.00017909 3.8781e-10 TSX
20130407 20140530 -3.8934e-05 4.0102e-10 TSX
20130421 20171016 -4.3338e-05 3.7496e-10 TSX
20130424 20130721 -0.00036152 6.6386e-10 TSX
20130429 20130623 -0.00010787 7.5483e-10 TSX
20130505 20131028 -0.00027591 5.8008e-10 TSX
20130513 20151112 8.8534e-05 3.831e-10 TSX
20130516 20131017 -0.00011633 6.2991e-10 TSX
20130521 20130715 0.00014916 7.5494e-10 TSX
20130524 20171129 2.8631e-05 4.3835e-10 TSX
20130527 20140627 -4.496e-05 3.9844e-10 TSX
20130601 20130930 5.3356e-05 6.1878e-10 TSX
20130604 20141217 -1.8414e-05 4.485e-10 TSX
20130607 20140719 1.147e-06 3.9869e-10 TSX
20130612 20150105 2.9044e-05 3.7909e-10 TSX
20130615 20160106 4.819e-06 4.8844e-10 TSX
20130618 20140708 -4.0155e-05 3.9071e-10 TSX
20130623 20130715 0.00066545 8.6262e-10 TSX
20130629 20130914 4.0417e-05 6.9476e-10 TSX
20130707 20150130 1.6923e-05 4.3569e-10 TSX
20130710 20140901 8.4619e-07 3.8829e-10 TSX
20130715 20130726 -0.0024283 1.0118e-09 TSX
20130721 20131108 0.00072161 6.3807e-10 TSX
20130726 20150517 9.7702e-05 4.0054e-10 TSX
20130729 20160904 7.9841e-05 3.7864e-10 TSX
20130801 20151115 0.00012075 3.6062e-10 TSX
20130817 20140209 -4.0852e-05 5.4202e-10 TSX
20130828 20150312 5.3135e-05 3.7735e-10 TSX
20130903 20150329 -6.4883e-05 3.8342e-10 TSX
20130919 20160309 0.00013476 3.4462e-10 TSX
20130925 20140708 5.3042e-05 4.6274e-10 TSX
20130930 20160411 -7.6826e-05 3.2572e-10 TSX
20131011 20150802 -4.4119e-06 3.7737e-10 TSX
20131017 20140719 1.2078e-05 4.5757e-10 TSX
20131028 20160304 -4.8875e-05 3.7851e-10 TSX
20131102 20140519 -3.3214e-05 5.1745e-10 TSX
20131108 20140708 2.0269e-05 5.2659e-10 TSX
20140209 20160309 8.1199e-05 3.7864e-10 TSX
20140223 20140829 -2.8363e-06 5.1853e-10 TSX
20140408 20140705 -3.3784e-06 6.6132e-10 TSX
20140419 20170913 0.00010803 4.3005e-10 TSX
20140511 20141228 5.2642e-05 4.8175e-10 TSX
20140519 20150824 -3.78e-05 4.0548e-10 TSX
20140624 20171005 6.0252e-05 5.7596e-10 TSX
20140627 20151115 -7.3955e-05 4.4436e-10 TSX
20140705 20180911 6.4698e-05 4.3123e-10 TSX
20140708 20160406 -2.0897e-05 4.0977e-10 TSX
20140716 20171005 7.8179e-05 3.8685e-10 TSX
20140719 20151207 -0.00016725 4.3716e-10 TSX
20140727 20150326 -3.2902e-06 4.6481e-10 TSX
20140810 20150122 3.4841e-05 5.427e-10 TSX
20140818 20160301 2.1409e-05 4.7373e-10 TSX
20140829 20160208 3.1181e-05 5.0884e-10 TSX
20140901 20140912 -0.00029075 9.6819e-10 TSX
20140912 20141209 2.9368e-05 6.6462e-10 TSX
20140920 20170902 8.6982e-06 3.6274e-10 TSX
20141209 20160211 -7.2896e-05 4.42e-10 TSX
20141217 20160722 6.2239e-05 4.4234e-10 TSX
20141228 20160106 1.5378e-06 5.2065e-10 TSX
20141231 20151024 3.9956e-05 4.6992e-10 TSX
20150105 20150824 -2.9159e-05 5.0785e-10 TSX
20150108 20170811 -2.7603e-05 4.0883e-10 TSX
20150119 20160117 7.2056e-05 4.6104e-10 TSX
20150127 20160411 2.8892e-05 4.1811e-10 TSX
20150130 20151112 0.00014844 4.5128e-10 TSX
20150210 20170114 2.5342e-05 3.7265e-10 TSX
20150213 20160326 0.00030162 4.6981e-10 TSX
20150218 20160216 1.4005e-05 4.3341e-10 TSX
20150221 20180112 9.2573e-05 3.1013e-10 TSX
20150304 20180911 0.000114 3.4108e-10 TSX
20150307 20160211 -2.4898e-06 4.1621e-10 TSX
20150312 20160320 -1.714e-05 4.3168e-10 TSX
20150326 20150827 1.5189e-05 5.8257e-10 TSX
20150329 20151207 -6.0281e-05 4.7166e-10 TSX
20150428 20160425 0.00015819 4.1244e-10 TSX
20150509 20150827 -1.1734e-05 6.3288e-10 TSX
20150517 20150824 -0.00023647 6.5861e-10 TSX
20150520 20180911 -9.6254e-06 4.0439e-10 TSX
20150714 20170822 0.00012542 4.3042e-10 TSX
20150725 20170924 2.378e-05 4.4612e-10 TSX
20150802 20160309 1.075e-05 5.0038e-10 TSX
20150805 20160403 1.0783e-05 4.7106e-10 TSX
20150816 20171107 -3.5682e-05 5.3415e-10 TSX
20150824 20150915 0.00072851 8.6249e-10 TSX
20150827 20170902 9.9393e-05 4.1543e-10 TSX
20150915 20160216 -0.0001269 5.7676e-10 TSX
20151021 20160904 -0.00011502 4.507e-10 TSX
20151101 20171016 9.2755e-05 4.5304e-10 TSX
20151112 20160425 8.6831e-06 5.4218e-10 TSX
20151115 20151229 0.00011943 7.7346e-10 TSX
20151123 20171221 3.3263e-05 4.1072e-10 TSX
20151204 20151215 0.00017106 9.7776e-10 TSX
20151207 20160406 -3.2195e-05 6.0221e-10 TSX
20151215 20170822 1.7368e-05 4.6469e-10 TSX
20151226 20161223 5.4472e-05 4.0287e-10 TSX
20151229 20160211 -2.0445e-05 7.7346e-10 TSX
20160106 20161223 9.0974e-05 4.0033e-10 TSX
20160117 20160926 5.1627e-07 4.7436e-10 TSX
20160128 20160301 -0.00023667 8.0639e-10 TSX
20160208 20160312 -5.4879e-05 8.0639e-10 TSX
20160216 20160309 -0.00041122 8.6248e-10 TSX
20160219 20180319 4.9619e-05 3.987e-10 TSX
20160301 20161201 0.00010101 4.4191e-10 TSX
20160304 20160326 0.00013378 8.49e-10 TSX
20160312 20180319 5.0083e-05 4.0696e-10 TSX
20160320 20160411 0.00035759 8.6249e-10 TSX
20160323 20171118 2.1253e-05 3.8222e-10 TSX
20160326 20160406 -0.00054356 9.6811e-10 TSX
20160403 20171027 5.3849e-05 4.3911e-10 TSX
20160425 20170811 9.6198e-05 4.1769e-10 TSX
20160528 20160630 9.0007e-06 8.0639e-10 TSX
20160630 20171118 7.2637e-05 3.8832e-10 TSX
20160722 20161201 0.00013167 5.8472e-10 TSX
20160904 20180707 6.5096e-05 4.3195e-10 TSX
20160915 20180911 -2.1525e-05 3.8332e-10 TSX
20160926 20170114 0.00011668 6.303e-10 TSX
20161201 20171027 3.8769e-05 4.617e-10 TSX
20161223 20171107 3.1597e-05 4.7163e-10 TSX
20170114 20170902 -0.00012697 4.9244e-10 TSX
20170811 20171005 9.6154e-06 7.4125e-10 TSX
20170822 20180707 -5.993e-05 4.1533e-10 TSX
20170913 20180707 -0.00012217 4.3865e-10 TSX
20170924 20180319 -8.9255e-06 5.2333e-10 TSX
20171005 20171107 4.9271e-05 8.0639e-10 TSX
20171016 20180319 1.3165e-05 5.5049e-10 TSX
20171027 20180911 -2.6798e-05 4.1561e-10 TSX
20171107 20171118 8.4213e-05 9.7776e-10 TSX
20171118 20171129 5.6106e-05 9.7776e-10 TSX
20171129 20171221 -1.2495e-05 8.5053e-10 TSX
20171210 20180820 -7.0286e-05 4.5412e-10 TSX
20171221 20180911 -5.648e-05 4.5173e-10 TSX
20180112 20181003 8.8339e-05 4.4961e-10 TSX
20180319 20180707 -0.00015603 6.1796e-10 TSX
20180707 20180911 0.00025394 7.1248e-10 TSX
20180729 20181003 0.00012758 7.1248e-10 TSX
20180820 20181003 0.00023049 7.7226e-10 TSX
20180911 20181003 -0.00014769 8.5054e-10 TSX
