20030427 20030914 -0.00071296 5.9045e-10 ERS2
20030914 20080629 4.3765e-06 2.7334e-10 ERS2
20050918 20090510 -5.972e-06 2.9278e-10 ERS2
20051127 20081116 -0.00014604 3.0129e-10 ERS2
20060903 20090510 0.00011276 3.0473e-10 ERS2
20061231 20090105 -3.1038e-05 3.152e-10 ALOS
20070402 20070703 -9.3999e-05 6.9701e-10 ALOS
20070518 20091008 -5.0464e-05 2.9988e-10 ALOS
20070818 20071003 -0.00042477 7.9812e-10 ALOS
20071217 20100509 -8.1876e-05 3.0184e-10 ALOS
20080103 20100526 -5.388e-05 3.0108e-10 ALOS
20080404 20080520 -4.8686e-05 7.9812e-10 ALOS
20080618 20090921 -0.00012517 3.7593e-10 ALOS
20080629 20090510 5.6324e-05 4.2297e-10 ERS2
20080705 20091008 -2.6567e-05 3.7022e-10 ALOS
20080803 20090823 0.00011425 3.8777e-10 ERS2
20081116 20090823 7.3637e-05 4.4186e-10 ERS2
20081219 20090921 0.00024006 4.5942e-10 ALOS
20090105 20090708 -5.9254e-05 5.5071e-10 ALOS
20090510 20091101 -0.00043197 5.4066e-10 ERS2
20090708 20091008 0.00033434 6.9711e-10 ALOS
20090823 20091101 0.00069538 7.2764e-10 ERS2
20091222 20100624 8.7263e-05 5.4735e-10 ALOS
20100108 20100223 0.00022436 7.9815e-10 ALOS
20100223 20100526 -9.8276e-05 6.9705e-10 ALOS
20100410 20100711 -4.9656e-05 6.9702e-10 ALOS
20100509 20100624 0.00074827 7.9609e-10 ALOS
20100526 20100711 0.00043649 7.9814e-10 ALOS
20100624 20101109 -7.0591e-05 6.1149e-10 ALOS
20100711 20101011 -9.4853e-05 6.9704e-10 ALOS
20100809 20101109 -7.2977e-05 6.9402e-10 ALOS
20101011 20101126 0.00019999 7.9814e-10 ALOS
20110111 20110226 0.00067935 7.9812e-10 ALOS
20110924 20130715 3.0014e-05 3.264e-10 TSX
20111005 20121229 -5.371e-05 3.7391e-10 TSX
20111121 20171221 -1.8383e-05 2.492e-10 TSX
20111221 20130131 -3.2992e-05 3.9202e-10 TSX
20111224 20121027 1.1481e-05 4.2781e-10 TSX
20120126 20140419 -5.8292e-06 2.9173e-10 TSX
20120203 20160320 -2.4093e-05 2.5442e-10 TSX
20120206 20171107 -6.1885e-06 2.4472e-10 TSX
20120617 20171129 -2.0909e-05 2.5347e-10 TSX
20120723 20160120 -7.1692e-06 2.6749e-10 TSX
20121024 20130109 6.6093e-05 7.3184e-10 TSX
20121027 20151226 -1.4988e-05 2.6831e-10 TSX
20121030 20130311 -2.8374e-05 6.1137e-10 TSX
20121107 20171118 -1.4447e-05 2.5944e-10 TSX
20121221 20160208 -2.0114e-05 2.6952e-10 TSX
20121224 20130516 -3.9566e-05 5.9399e-10 TSX
20121229 20130407 -8.4947e-06 6.8732e-10 TSX
20130104 20130217 -5.4646e-06 7.9524e-10 TSX
20130109 20130715 0.00017115 5.5138e-10 TSX
20130112 20140511 2.9972e-05 3.565e-10 TSX
20130115 20130721 -9.3743e-05 5.3415e-10 TSX
20130126 20130823 -5.7303e-05 5.0914e-10 TSX
20130131 20130429 4.581e-05 7.0906e-10 TSX
20130203 20130729 -2.2582e-06 5.4518e-10 TSX
20130211 20130919 2.3431e-05 5.1515e-10 TSX
20130228 20141209 3.0195e-05 3.1792e-10 TSX
20130311 20130801 -1.184e-05 5.9392e-10 TSX
20130316 20130623 -2.1575e-05 6.8733e-10 TSX
20130402 20150122 1.2566e-05 2.9523e-10 TSX
20130407 20140530 3.6743e-06 3.871e-10 TSX
20130421 20171016 -4.6085e-06 2.5169e-10 TSX
20130424 20130721 -0.00016736 6.9357e-10 TSX
20130429 20130623 -0.00011201 7.8008e-10 TSX
20130505 20131028 -0.00041446 5.474e-10 TSX
20130513 20151112 3.0539e-06 2.7946e-10 TSX
20130516 20131017 -8.0431e-05 5.7721e-10 TSX
20130521 20130715 0.00029859 7.8011e-10 TSX
20130524 20171129 -3.0043e-06 2.5534e-10 TSX
20130527 20140627 4.3155e-06 3.8928e-10 TSX
20130601 20130930 0.00013072 6.4717e-10 TSX
20130604 20141217 3.1712e-06 3.3964e-10 TSX
20130607 20140719 5.3226e-05 3.8538e-10 TSX
20130612 20150105 -9.6919e-06 3.4199e-10 TSX
20130615 20160106 1.002e-05 2.7654e-10 TSX
20130618 20140708 7.2201e-05 3.9397e-10 TSX
20130623 20130715 0.00067015 8.749e-10 TSX
20130629 20130914 0.00014203 7.1738e-10 TSX
20130707 20150130 -3.3281e-07 3.4047e-10 TSX
20130710 20140901 2.8375e-05 3.8163e-10 TSX
20130715 20130726 -0.0023558 1.0203e-09 TSX
20130721 20131108 0.00068603 6.4978e-10 TSX
20130726 20150517 -3.8407e-05 3.2603e-10 TSX
20130729 20160904 9.7249e-06 2.7211e-10 TSX
20130801 20151115 1.5479e-05 2.926e-10 TSX
20130817 20140209 -4.2698e-05 5.6519e-10 TSX
20130828 20150312 -1.3124e-05 3.4427e-10 TSX
20130903 20150329 -0.00013324 3.1649e-10 TSX
20130919 20160309 2.3743e-06 2.7989e-10 TSX
20130925 20140708 6.5152e-05 4.4273e-10 TSX
20130930 20160411 -3.1052e-05 2.7702e-10 TSX
20131011 20150802 -1.296e-05 3.2392e-10 TSX
20131017 20140719 -7.7142e-05 4.5086e-10 TSX
20131028 20160304 -4.7792e-05 2.6386e-10 TSX
20131102 20140519 4.4114e-05 5.3873e-10 TSX
20131108 20140708 5.2467e-05 4.7747e-10 TSX
20140209 20160309 1.417e-05 3.1028e-10 TSX
20140223 20140829 4.1336e-05 5.317e-10 TSX
20140408 20140705 -4.6213e-06 6.9253e-10 TSX
20140419 20170913 -1.0845e-05 2.6517e-10 TSX
20140511 20141228 5.785e-07 4.8551e-10 TSX
20140519 20150824 -3.6891e-05 3.692e-10 TSX
20140624 20171005 -3.1097e-05 2.6766e-10 TSX
20140627 20151115 -2.5958e-05 3.4463e-10 TSX
20140705 20180911 -1.3107e-05 2.6227e-10 TSX
20140708 20160406 -1.846e-05 3.1694e-10 TSX
20140716 20171005 -7.6073e-06 2.6677e-10 TSX
20140719 20151207 -3.1778e-06 3.4514e-10 TSX
20140727 20150326 -1.8003e-05 4.7575e-10 TSX
20140810 20150122 6.9152e-06 5.6198e-10 TSX
20140818 20160301 -2.4776e-05 3.2711e-10 TSX
20140829 20160208 -1.3235e-05 3.3425e-10 TSX
20140901 20140912 -0.00026234 9.7662e-10 TSX
20140912 20141209 -6.2256e-05 6.9356e-10 TSX
20140920 20170902 -8.5694e-06 2.7291e-10 TSX
20141209 20160211 -6.0437e-05 3.6927e-10 TSX
20141217 20160722 -2.1951e-05 3.2063e-10 TSX
20141228 20160106 -3.285e-05 3.8793e-10 TSX
20141231 20151024 8.0365e-06 4.3575e-10 TSX
20150105 20150824 -2.4169e-05 5.0415e-10 TSX
20150108 20170811 -2.6366e-05 2.8131e-10 TSX
20150119 20160117 2.506e-05 3.9333e-10 TSX
20150127 20160411 -4.3553e-05 3.767e-10 TSX
20150130 20151112 -5.9191e-06 4.3903e-10 TSX
20150210 20170114 -2.2129e-05 3.0001e-10 TSX
20150213 20160326 2.1757e-05 3.7366e-10 TSX
20150218 20160216 7.9122e-06 4.1122e-10 TSX
20150221 20180112 5.0401e-05 2.6579e-10 TSX
20150304 20180911 -1.9633e-05 2.6523e-10 TSX
20150307 20160211 1.0322e-05 4.0915e-10 TSX
20150312 20160320 -6.1611e-05 4.0564e-10 TSX
20150326 20150827 -6.0584e-06 5.7482e-10 TSX
20150329 20151207 -7.9474e-06 4.6857e-10 TSX
20150428 20160425 -1.5026e-05 3.9302e-10 TSX
20150509 20150827 6.0188e-05 6.4815e-10 TSX
20150517 20150824 -3.6928e-05 6.8733e-10 TSX
20150520 20180911 -1.3216e-05 2.7219e-10 TSX
20150714 20170822 -1.3053e-05 2.919e-10 TSX
20150725 20170924 -3.8167e-06 2.926e-10 TSX
20150802 20160309 -7.9779e-05 5.1516e-10 TSX
20150805 20160403 2.7322e-05 4.7545e-10 TSX
20150816 20171107 -1.7198e-05 2.9098e-10 TSX
20150824 20150915 0.00063622 8.7478e-10 TSX
20150827 20170902 -1.4342e-05 2.9952e-10 TSX
20150915 20160216 -5.3478e-05 5.9502e-10 TSX
20151021 20160904 2.5684e-05 4.2041e-10 TSX
20151101 20171016 -1.9042e-05 3.0038e-10 TSX
20151112 20160425 -4.8364e-05 5.5964e-10 TSX
20151115 20151229 0.00012623 7.9524e-10 TSX
20151123 20171221 1.6886e-06 2.9727e-10 TSX
20151204 20151215 0.00014951 9.8795e-10 TSX
20151207 20160406 -9.311e-05 6.2997e-10 TSX
20151215 20170822 -1.2696e-05 3.1386e-10 TSX
20151226 20161223 -8.7245e-06 3.9873e-10 TSX
20151229 20160211 3.5647e-05 7.9524e-10 TSX
20160106 20161223 1.7176e-05 4.0393e-10 TSX
20160117 20160926 -2.5814e-05 4.6616e-10 TSX
20160128 20160301 -0.00017885 8.2564e-10 TSX
20160208 20160312 -9.2352e-05 8.2564e-10 TSX
20160216 20160309 -0.00038457 8.7478e-10 TSX
20160219 20180319 -1.3757e-05 3.003e-10 TSX
20160301 20161201 -7.3036e-06 4.4971e-10 TSX
20160304 20160326 3.1277e-05 8.614e-10 TSX
20160312 20180319 2.7938e-06 3.0234e-10 TSX
20160320 20160411 0.00038484 8.7479e-10 TSX
20160323 20171118 -2.7373e-05 3.186e-10 TSX
20160326 20160406 -0.00051863 9.7654e-10 TSX
20160403 20171027 1.4229e-06 3.2478e-10 TSX
20160425 20170811 -3.0259e-05 3.5134e-10 TSX
20160528 20160630 -1.2064e-05 8.2564e-10 TSX
20160630 20171118 -3.5185e-06 3.4137e-10 TSX
20160722 20161201 -7.4663e-06 6.0922e-10 TSX
20160904 20180707 -3.8711e-05 3.2412e-10 TSX
20160915 20180911 -4.0828e-06 3.0112e-10 TSX
20160926 20170114 -2.872e-05 6.4821e-10 TSX
20161201 20171027 -3.0886e-05 4.1388e-10 TSX
20161223 20171107 -4.3181e-05 4.1766e-10 TSX
20170114 20170902 3.4556e-05 4.8433e-10 TSX
20170811 20171005 -2.5489e-05 7.6853e-10 TSX
20170822 20180707 3.6029e-05 4.2145e-10 TSX
20170913 20180707 8.4614e-06 4.3443e-10 TSX
20170924 20180319 6.0909e-05 5.4524e-10 TSX
20171005 20171107 2.2077e-05 8.2564e-10 TSX
20171016 20180319 6.9997e-05 5.7511e-10 TSX
20171027 20180911 1.7038e-05 4.2148e-10 TSX
20171107 20171118 7.6751e-05 9.8795e-10 TSX
20171118 20171129 5.5784e-05 9.8795e-10 TSX
20171129 20171221 1.8597e-06 8.6481e-10 TSX
20171210 20180820 4.4875e-05 4.6651e-10 TSX
20171221 20180911 -9.1544e-05 4.578e-10 TSX
20180112 20181003 1.1797e-06 4.5777e-10 TSX
20180319 20180707 -1.3377e-05 6.4822e-10 TSX
20180707 20180911 0.00015542 7.4206e-10 TSX
20180729 20181003 5.0679e-05 7.4206e-10 TSX
20180820 20181003 0.00013229 7.9605e-10 TSX
20180911 20181003 -0.00018348 8.6482e-10 TSX
