20030427 20030914 0.00060838 5.6595e-10 ERS2
20030914 20080629 8.3725e-05 2.6926e-10 ERS2
20050918 20090510 -1.4572e-05 2.9654e-10 ERS2
20051127 20081116 -0.000101 3.0824e-10 ERS2
20060903 20090510 -3.7034e-05 3.1322e-10 ERS2
20061231 20090105 -1.5994e-05 3.1388e-10 ALOS
20070402 20070703 -0.00017307 6.6713e-10 ALOS
20070518 20091008 2.4019e-06 3.0107e-10 ALOS
20070818 20071003 -0.00043384 7.7731e-10 ALOS
20071217 20100509 -4.0315e-05 3.0031e-10 ALOS
20080103 20100526 -9.2999e-06 2.9795e-10 ALOS
20080404 20080520 0.0001699 7.7733e-10 ALOS
20080618 20090921 -4.5836e-05 3.7307e-10 ALOS
20080629 20090510 -0.00026812 4.1206e-10 ERS2
20080705 20091008 -0.00011 3.6482e-10 ALOS
20080803 20090823 -6.4562e-05 3.8295e-10 ERS2
20081116 20090823 -2.5728e-06 4.3215e-10 ERS2
20081219 20090921 4.9457e-05 4.4614e-10 ALOS
20090105 20090708 3.8622e-05 5.2836e-10 ALOS
20090510 20091101 0.00079972 5.2076e-10 ERS2
20090708 20091008 0.0002363 6.6714e-10 ALOS
20090823 20091101 -2.6128e-05 6.9979e-10 ERS2
20091222 20100624 0.0001982 5.2581e-10 ALOS
20100108 20100223 0.00016684 7.7735e-10 ALOS
20100223 20100526 -5.3727e-05 6.6722e-10 ALOS
20100410 20100711 -0.00015005 6.6713e-10 ALOS
20100509 20100624 0.00068005 7.7513e-10 ALOS
20100526 20100711 0.00036413 7.7732e-10 ALOS
20100624 20101109 -0.00016483 5.8429e-10 ALOS
20100711 20101011 -0.00023036 6.6715e-10 ALOS
20100809 20101109 -0.00016441 6.6429e-10 ALOS
20101011 20101126 0.00025904 7.7732e-10 ALOS
20110111 20110226 0.00066807 7.7731e-10 ALOS
20110924 20130715 4.7868e-05 3.2349e-10 TSX
20111005 20121229 -1.9514e-05 3.6862e-10 TSX
20111121 20171221 -8.5159e-06 2.5496e-10 TSX
20111221 20130131 5.6654e-05 3.8552e-10 TSX
20111224 20121027 -1.3798e-05 4.1943e-10 TSX
20120126 20140419 -2.6845e-06 2.9141e-10 TSX
20120203 20160320 1.0639e-05 2.5561e-10 TSX
20120206 20171107 2.6334e-06 2.6807e-10 TSX
20120617 20171129 -5.5346e-06 2.5735e-10 TSX
20120723 20160120 3.2619e-05 2.5875e-10 TSX
20121024 20130109 0.0001854 7.0311e-10 TSX
20121027 20151226 4.219e-08 2.6686e-10 TSX
20121030 20130311 3.8616e-05 5.848e-10 TSX
20121107 20171118 9.4457e-07 2.5762e-10 TSX
20121221 20160208 6.0148e-06 2.6814e-10 TSX
20121224 20130516 -0.00012227 5.6862e-10 TSX
20121229 20130407 0.00010334 6.5705e-10 TSX
20130104 20130217 1.4057e-05 7.7465e-10 TSX
20130109 20130715 4.7216e-05 5.291e-10 TSX
20130112 20140511 -2.0007e-05 3.5429e-10 TSX
20130115 20130721 -0.00017612 5.1405e-10 TSX
20130126 20130823 -0.00021454 5.0674e-10 TSX
20130131 20130429 -9.2764e-05 6.7917e-10 TSX
20130203 20130729 -6.8208e-05 5.2342e-10 TSX
20130211 20130919 -4.6859e-05 4.9607e-10 TSX
20130228 20141209 2.316e-05 3.1281e-10 TSX
20130311 20130801 -7.5942e-05 5.6857e-10 TSX
20130316 20130623 1.0586e-05 6.5705e-10 TSX
20130402 20150122 5.3057e-05 3.6209e-10 TSX
20130407 20140530 -1.3408e-05 3.8091e-10 TSX
20130421 20171016 -7.2971e-06 2.6751e-10 TSX
20130424 20130721 -0.00031748 6.6443e-10 TSX
20130429 20130623 -8.8355e-05 7.5625e-10 TSX
20130505 20131028 -0.00071581 5.7345e-10 TSX
20130513 20151112 2.2846e-06 2.7993e-10 TSX
20130516 20131017 -0.00034145 5.663e-10 TSX
20130521 20130715 0.00017035 7.5627e-10 TSX
20130524 20171129 -4.9718e-06 2.69e-10 TSX
20130527 20140627 -1.8507e-05 3.8366e-10 TSX
20130601 20130930 6.2233e-05 6.1762e-10 TSX
20130604 20141217 1.7671e-05 3.3864e-10 TSX
20130607 20140719 2.4039e-05 3.8031e-10 TSX
20130612 20150105 4.2406e-06 3.382e-10 TSX
20130615 20160106 2.5932e-05 2.7708e-10 TSX
20130618 20140708 -6.22e-05 3.8794e-10 TSX
20130623 20130715 0.00061505 8.6471e-10 TSX
20130629 20130914 0.00025693 6.9247e-10 TSX
20130707 20150130 1.2663e-05 3.3809e-10 TSX
20130710 20140901 3.7894e-06 3.77e-10 TSX
20130715 20130726 -0.0025841 1.0139e-09 TSX
20130721 20131108 0.00080648 6.3247e-10 TSX
20130726 20150517 0.00017676 3.2217e-10 TSX
20130729 20160904 8.0429e-06 2.681e-10 TSX
20130801 20151115 3.3329e-05 2.8794e-10 TSX
20130817 20140209 -1.3013e-05 5.4122e-10 TSX
20130828 20150312 3.9296e-05 3.4016e-10 TSX
20130903 20150329 -0.00014182 3.9406e-10 TSX
20130919 20160309 5.3192e-05 2.7598e-10 TSX
20130925 20140708 1.5625e-05 4.3176e-10 TSX
20130930 20160411 5.1922e-05 2.7695e-10 TSX
20131011 20150802 1.1565e-05 3.1889e-10 TSX
20131017 20140719 -2.1548e-05 4.3884e-10 TSX
20131028 20160304 -2.4245e-05 3.2063e-10 TSX
20131102 20140519 -0.00017093 5.173e-10 TSX
20131108 20140708 6.2617e-06 4.6272e-10 TSX
20140209 20160309 3.1725e-05 3.0662e-10 TSX
20140223 20140829 -3.1845e-06 5.1139e-10 TSX
20140408 20140705 -1.8255e-05 6.6251e-10 TSX
20140419 20170913 1.1932e-05 2.7553e-10 TSX
20140511 20141228 4.5434e-05 4.7032e-10 TSX
20140519 20150824 0.00011581 3.652e-10 TSX
20140624 20171005 1.5959e-05 2.8049e-10 TSX
20140627 20151115 1.9895e-05 3.4028e-10 TSX
20140705 20180911 1.3835e-05 2.6589e-10 TSX
20140708 20160406 4.7778e-05 3.1095e-10 TSX
20140716 20171005 7.0132e-06 2.8027e-10 TSX
20140719 20151207 3.2984e-05 3.3983e-10 TSX
20140727 20150326 2.0494e-05 4.6173e-10 TSX
20140810 20150122 6.7346e-06 5.3929e-10 TSX
20140818 20160301 1.3711e-05 3.2488e-10 TSX
20140829 20160208 -2.3973e-06 3.3126e-10 TSX
20140901 20140912 -0.00030985 9.699e-10 TSX
20140912 20141209 9.4114e-05 6.6443e-10 TSX
20140920 20170902 2.1014e-05 2.7937e-10 TSX
20141209 20160211 1.3915e-05 3.6382e-10 TSX
20141217 20160722 -8.1056e-07 3.1934e-10 TSX
20141228 20160106 -7.2059e-06 3.8205e-10 TSX
20141231 20151024 3.0929e-05 4.2495e-10 TSX
20150105 20150824 1.4846e-06 4.8623e-10 TSX
20150108 20170811 1.3699e-05 2.7939e-10 TSX
20150119 20160117 2.4981e-05 3.8723e-10 TSX
20150127 20160411 8.3425e-05 3.7167e-10 TSX
20150130 20151112 -6.882e-06 4.2864e-10 TSX
20150210 20170114 -4.4146e-06 3.0118e-10 TSX
20150213 20160326 -1.3344e-05 4.5396e-10 TSX
20150218 20160216 3.2651e-05 4.0271e-10 TSX
20150221 20180112 -5.8142e-06 2.815e-10 TSX
20150304 20180911 2.6678e-06 2.6959e-10 TSX
20150307 20160211 3.0596e-05 4.0088e-10 TSX
20150312 20160320 2.5991e-05 3.9779e-10 TSX
20150326 20150827 -3.8741e-05 5.5011e-10 TSX
20150329 20151207 -2.0172e-06 4.5484e-10 TSX
20150428 20160425 -8.2269e-07 3.8708e-10 TSX
20150509 20150827 -0.00013329 6.1866e-10 TSX
20150517 20150824 -0.0001714 6.5708e-10 TSX
20150520 20180911 7.5745e-06 2.6955e-10 TSX
20150714 20170822 1.5046e-05 2.9019e-10 TSX
20150725 20170924 7.0955e-06 2.9079e-10 TSX
20150802 20160309 1.1347e-05 4.9613e-10 TSX
20150805 20160403 4.6316e-05 4.6142e-10 TSX
20150816 20171107 1.6835e-05 2.8881e-10 TSX
20150824 20150915 0.00070126 8.6461e-10 TSX
20150827 20170902 2.0168e-05 2.9758e-10 TSX
20150915 20160216 -8.4633e-05 5.6854e-10 TSX
20151021 20160904 -3.2577e-06 4.1248e-10 TSX
20151101 20171016 -4.2409e-06 2.9973e-10 TSX
20151112 20160425 2.8184e-05 5.3644e-10 TSX
20151115 20151229 0.00020736 7.7465e-10 TSX
20151123 20171221 -2.1277e-06 2.9465e-10 TSX
20151204 20151215 0.00013841 9.8125e-10 TSX
20151207 20160406 -1.4213e-07 6.0232e-10 TSX
20151215 20170822 8.7525e-06 3.1496e-10 TSX
20151226 20161223 6.3141e-06 3.9371e-10 TSX
20151229 20160211 1.9886e-05 7.7465e-10 TSX
20160106 20161223 2.6694e-05 3.9818e-10 TSX
20160117 20160926 -3.7684e-05 4.5316e-10 TSX
20160128 20160301 -0.00010642 8.0972e-10 TSX
20160208 20160312 -8.4077e-05 8.0972e-10 TSX
20160216 20160309 -0.00042027 8.646e-10 TSX
20160219 20180319 1.6802e-10 2.9638e-10 TSX
20160301 20161201 -3.1042e-05 4.3866e-10 TSX
20160304 20160326 9.3399e-05 8.5063e-10 TSX
20160312 20180319 -3.5522e-06 2.9757e-10 TSX
20160320 20160411 0.000421 8.6461e-10 TSX
20160323 20171118 -1.5977e-05 3.1749e-10 TSX
20160326 20160406 -0.00056928 9.6983e-10 TSX
20160403 20171027 -2.1931e-05 3.2232e-10 TSX
20160425 20170811 -9.3211e-06 3.4648e-10 TSX
20160528 20160630 -6.8622e-05 8.0972e-10 TSX
20160630 20171118 -7.9263e-07 3.387e-10 TSX
20160722 20161201 8.0483e-06 5.8181e-10 TSX
20160904 20180707 1.6403e-05 3.2202e-10 TSX
20160915 20180911 3.0632e-05 3.0069e-10 TSX
20160926 20170114 3.6004e-05 6.1872e-10 TSX
20161201 20171027 4.3956e-06 4.0686e-10 TSX
20161223 20171107 -1.3844e-05 4.0928e-10 TSX
20170114 20170902 -1.3405e-05 4.6899e-10 TSX
20170811 20171005 -3.3489e-05 7.4373e-10 TSX
20170822 20180707 3.1974e-05 4.1396e-10 TSX
20170913 20180707 8.1639e-06 4.2512e-10 TSX
20170924 20180319 6.6727e-05 5.2351e-10 TSX
20171005 20171107 4.399e-05 8.0973e-10 TSX
20171016 20180319 5.7966e-05 5.5045e-10 TSX
20171027 20180911 4.4389e-05 4.1377e-10 TSX
20171107 20171118 6.6152e-05 9.8125e-10 TSX
20171118 20171129 5.218e-05 9.8125e-10 TSX
20171129 20171221 -3.0863e-05 8.5403e-10 TSX
20171210 20180820 9.8784e-06 4.5365e-10 TSX
20171221 20180911 8.0087e-05 4.4585e-10 TSX
20180112 20181003 4.2523e-05 4.458e-10 TSX
20180319 20180707 -3.4077e-05 6.1873e-10 TSX
20180707 20180911 0.00015349 7.1447e-10 TSX
20180729 20181003 -8.156e-05 7.1447e-10 TSX
20180820 20181003 9.7239e-05 7.7523e-10 TSX
20180911 20181003 -0.00019278 8.5404e-10 TSX
