20030427 20030914 -0.00026065 5.9117e-10 ERS2
20030914 20080629 -0.00022093 2.7057e-10 ERS2
20050918 20090510 -1.3778e-05 3.0439e-10 ERS2
20051127 20081116 -4.6499e-05 3.1091e-10 ERS2
20060903 20090510 -5.8916e-06 3.1335e-10 ERS2
20061231 20090105 -9.7971e-05 3.1645e-10 ALOS
20070402 20070703 -1.7256e-05 6.9552e-10 ALOS
20070518 20091008 -5.659e-05 3.1946e-10 ALOS
20070818 20071003 -0.00049234 7.9701e-10 ALOS
20071217 20100509 -8.9059e-05 3.0382e-10 ALOS
20080103 20100526 -4.5538e-05 3.1862e-10 ALOS
20080404 20080520 7.1411e-05 7.9768e-10 ALOS
20080618 20090921 -0.00017058 3.745e-10 ALOS
20080629 20090510 -0.00053127 4.215e-10 ERS2
20080705 20091008 9.7125e-05 3.6738e-10 ALOS
20080803 20090823 -0.00010228 3.8923e-10 ERS2
20081116 20090823 8.7492e-05 4.4338e-10 ERS2
20081219 20090921 0.00028291 4.583e-10 ALOS
20090105 20090708 -5.9597e-05 5.4804e-10 ALOS
20090510 20091101 0.00018809 5.4462e-10 ERS2
20090708 20091008 0.00045529 6.9541e-10 ALOS
20090823 20091101 0.00032086 7.2719e-10 ERS2
20091222 20100624 0.0006043 5.504e-10 ALOS
20100108 20100223 0.00039816 7.9741e-10 ALOS
20100223 20100526 0.00015092 6.9541e-10 ALOS
20100410 20100711 -0.0002832 6.9667e-10 ALOS
20100509 20100624 0.00062498 7.9493e-10 ALOS
20100526 20100711 0.00031479 7.9695e-10 ALOS
20100624 20101109 -0.00016323 6.0898e-10 ALOS
20100711 20101011 1.9328e-06 6.9497e-10 ALOS
20100809 20101109 -0.00012089 6.9203e-10 ALOS
20101011 20101126 0.00021011 7.9701e-10 ALOS
20110111 20110226 0.00068687 7.9693e-10 ALOS
20110924 20130715 1.7212e-05 3.2445e-10 TSX
20111005 20121229 1.7336e-05 3.743e-10 TSX
20111121 20171221 -3.2496e-05 3.1414e-10 TSX
20111221 20130131 8.5538e-06 3.893e-10 TSX
20111224 20121027 2.1105e-05 4.2979e-10 TSX
20120126 20140419 1.2008e-05 3.3554e-10 TSX
20120203 20160320 1.7998e-05 2.9412e-10 TSX
20120206 20171107 -7.0925e-06 3.0801e-10 TSX
20120617 20171129 -1.0069e-05 3.0442e-10 TSX
20120723 20160120 -9.2718e-05 3.0919e-10 TSX
20121024 20130109 0.00011661 7.3e-10 TSX
20121027 20151226 -1.2413e-05 3.276e-10 TSX
20121030 20130311 8.0607e-05 6.0933e-10 TSX
20121107 20171118 -1.1044e-05 3.5238e-10 TSX
20121221 20160208 1.0386e-05 3.5759e-10 TSX
20121224 20130516 -2.3613e-05 5.9186e-10 TSX
20121229 20130407 -3.9457e-05 6.8518e-10 TSX
20130104 20130217 5.2963e-05 7.9428e-10 TSX
20130109 20130715 4.8189e-05 5.5297e-10 TSX
20130112 20140511 -1.4767e-06 3.6074e-10 TSX
20130115 20130721 -7.3443e-05 5.3203e-10 TSX
20130126 20130823 0.00017466 5.3685e-10 TSX
20130131 20130429 -5.7176e-06 7.0707e-10 TSX
20130203 20130729 -7.7643e-05 5.4574e-10 TSX
20130211 20130919 -8.0805e-05 5.1226e-10 TSX
20130228 20141209 1.995e-05 3.1736e-10 TSX
20130311 20130801 -3.3759e-05 5.9182e-10 TSX
20130316 20130623 4.1923e-05 6.8519e-10 TSX
20130402 20150122 3.7068e-05 3.7021e-10 TSX
20130407 20140530 2.1553e-05 3.8453e-10 TSX
20130421 20171016 6.0297e-06 3.0349e-10 TSX
20130424 20130721 -0.00015008 6.9193e-10 TSX
20130429 20130623 -5.6558e-05 7.7868e-10 TSX
20130505 20131028 -0.00011814 5.7198e-10 TSX
20130513 20151112 7.4078e-06 3.2159e-10 TSX
20130516 20131017 0.00016075 6.0861e-10 TSX
20130521 20130715 9.1017e-05 7.7871e-10 TSX
20130524 20171129 -9.5314e-07 3.2012e-10 TSX
20130527 20140627 5.6211e-05 3.8728e-10 TSX
20130601 20130930 -9.5018e-06 6.4479e-10 TSX
20130604 20141217 -1.1067e-05 3.5125e-10 TSX
20130607 20140719 -1.5103e-05 3.8342e-10 TSX
20130612 20150105 -2.0177e-05 3.4004e-10 TSX
20130615 20160106 -1.6375e-05 3.7378e-10 TSX
20130618 20140708 -2.1697e-05 3.9203e-10 TSX
20130623 20130715 0.00062404 8.7411e-10 TSX
20130629 20130914 0.0002738 7.2897e-10 TSX
20130707 20150130 -1.4514e-05 3.4678e-10 TSX
20130710 20140901 -4.0194e-05 3.7999e-10 TSX
20130715 20130726 -0.0024203 1.0197e-09 TSX
20130721 20131108 0.00013664 6.9276e-10 TSX
20130726 20150517 5.5908e-05 3.2706e-10 TSX
20130729 20160904 -2.6086e-05 2.9093e-10 TSX
20130801 20151115 -1.5594e-05 3.2023e-10 TSX
20130817 20140209 -6.7084e-05 5.6245e-10 TSX
20130828 20150312 1.2242e-05 3.426e-10 TSX
20130903 20150329 3.3549e-05 3.7207e-10 TSX
20130919 20160309 3.8953e-05 2.9045e-10 TSX
20130925 20140708 0.00010319 5.0973e-10 TSX
20130930 20160411 3.03e-05 3.398e-10 TSX
20131011 20150802 4.6432e-05 3.3021e-10 TSX
20131017 20140719 0.00011391 5.3084e-10 TSX
20131028 20160304 3.7374e-05 3.1505e-10 TSX
20131102 20140519 7.892e-05 5.359e-10 TSX
20131108 20140708 -2.1168e-05 5.9442e-10 TSX
20140209 20160309 5.5663e-05 3.216e-10 TSX
20140223 20140829 8.2523e-06 5.3243e-10 TSX
20140408 20140705 -3.7125e-05 6.9224e-10 TSX
20140419 20170913 -1.0813e-05 3.9103e-10 TSX
20140511 20141228 7.1247e-06 4.8665e-10 TSX
20140519 20150824 -4.624e-05 3.6763e-10 TSX
20140624 20171005 -1.4132e-05 2.9133e-10 TSX
20140627 20151115 -9.3894e-05 3.5304e-10 TSX
20140705 20180911 -6.8001e-06 2.89e-10 TSX
20140708 20160406 1.21e-05 3.2472e-10 TSX
20140716 20171005 9.3298e-06 2.8518e-10 TSX
20140719 20151207 -1.7688e-05 3.4867e-10 TSX
20140727 20150326 -4.0927e-05 4.7695e-10 TSX
20140810 20150122 2.1519e-05 5.8304e-10 TSX
20140818 20160301 2.0668e-05 3.4128e-10 TSX
20140829 20160208 9.0765e-06 3.862e-10 TSX
20140901 20140912 -0.00028316 9.7602e-10 TSX
20140912 20141209 4.715e-05 6.9192e-10 TSX
20140920 20170902 1.9552e-05 3.3959e-10 TSX
20141209 20160211 -5.3567e-05 3.6854e-10 TSX
20141217 20160722 1.6559e-05 3.7941e-10 TSX
20141228 20160106 -2.3874e-05 3.9802e-10 TSX
20141231 20151024 -4.549e-05 4.3391e-10 TSX
20150105 20150824 -7.4447e-05 5.015e-10 TSX
20150108 20170811 -4.2091e-06 3.9661e-10 TSX
20150119 20160117 4.4059e-05 3.9497e-10 TSX
20150127 20160411 -1.3643e-05 3.7993e-10 TSX
20150130 20151112 6.3075e-06 4.4107e-10 TSX
20150210 20170114 1.0922e-05 3.7017e-10 TSX
20150213 20160326 -5.2366e-05 4.2526e-10 TSX
20150218 20160216 -1.5757e-05 4.0832e-10 TSX
20150221 20180112 -6.7921e-07 3.3671e-10 TSX
20150304 20180911 -1.7753e-05 3.4936e-10 TSX
20150307 20160211 -3.0596e-05 4.0921e-10 TSX
20150312 20160320 -3.3709e-05 4.0332e-10 TSX
20150326 20150827 5.9124e-05 5.7601e-10 TSX
20150329 20151207 -4.8073e-05 4.6669e-10 TSX
20150428 20160425 3.9292e-05 3.9908e-10 TSX
20150509 20150827 4.1145e-05 6.6023e-10 TSX
20150517 20150824 -0.00021488 6.852e-10 TSX
20150520 20180911 -3.142e-05 3.1173e-10 TSX
20150714 20170822 7.7617e-06 3.5827e-10 TSX
20150725 20170924 1.8573e-05 3.623e-10 TSX
20150802 20160309 -5.015e-05 5.1218e-10 TSX
20150805 20160403 -4.6811e-05 4.8027e-10 TSX
20150816 20171107 -4.1822e-07 3.525e-10 TSX
20150824 20150915 0.00059082 8.7401e-10 TSX
20150827 20170902 2.1469e-05 3.2273e-10 TSX
20150915 20160216 2.5719e-05 5.9239e-10 TSX
20151021 20160904 -9.5785e-05 4.4492e-10 TSX
20151101 20171016 1.6258e-05 3.3355e-10 TSX
20151112 20160425 3.9898e-05 5.6008e-10 TSX
20151115 20151229 0.00015818 7.9428e-10 TSX
20151123 20171221 -7.559e-06 3.1805e-10 TSX
20151204 20151215 0.00015361 9.8643e-10 TSX
20151207 20160406 -6.4199e-05 6.2802e-10 TSX
20151215 20170822 1.978e-05 3.6949e-10 TSX
20151226 20161223 3.288e-05 4.0239e-10 TSX
20151229 20160211 2.9219e-05 7.9428e-10 TSX
20160106 20161223 4.8339e-05 4.0574e-10 TSX
20160117 20160926 -1.8411e-05 4.7096e-10 TSX
20160128 20160301 -0.00014918 8.2451e-10 TSX
20160208 20160312 -9.2011e-05 8.2451e-10 TSX
20160216 20160309 -0.00034327 8.7401e-10 TSX
20160219 20180319 -4.3358e-06 3.204e-10 TSX
20160301 20161201 5.608e-05 4.5165e-10 TSX
20160304 20160326 4.5842e-05 8.6073e-10 TSX
20160312 20180319 9.3876e-07 3.2042e-10 TSX
20160320 20160411 0.00037166 8.7402e-10 TSX
20160323 20171118 -6.6456e-06 3.3083e-10 TSX
20160326 20160406 -0.00049498 9.7595e-10 TSX
20160403 20171027 3.4815e-05 3.5167e-10 TSX
20160425 20170811 2.4495e-05 3.6668e-10 TSX
20160528 20160630 -7.8988e-05 8.2451e-10 TSX
20160630 20171118 5.3231e-05 3.4643e-10 TSX
20160722 20161201 0.00010748 6.0932e-10 TSX
20160904 20180707 3.719e-05 3.274e-10 TSX
20160915 20180911 -7.8244e-06 3.1632e-10 TSX
20160926 20170114 5.6776e-05 6.4832e-10 TSX
20161201 20171027 -5.4614e-06 4.1662e-10 TSX
20161223 20171107 -2.9186e-05 4.2085e-10 TSX
20170114 20170902 2.7003e-06 4.8771e-10 TSX
20170811 20171005 -8.0787e-05 7.6784e-10 TSX
20170822 20180707 -3.1437e-05 4.2358e-10 TSX
20170913 20180707 -5.6501e-05 4.4888e-10 TSX
20170924 20180319 -3.7707e-05 5.4586e-10 TSX
20171005 20171107 5.2366e-05 8.2451e-10 TSX
20171016 20180319 -1.9387e-06 5.7545e-10 TSX
20171027 20180911 -2.652e-06 4.236e-10 TSX
20171107 20171118 8.225e-05 9.8643e-10 TSX
20171118 20171129 5.3714e-05 9.8643e-10 TSX
20171129 20171221 -2.4747e-05 8.6346e-10 TSX
20171210 20180820 -2.8544e-05 4.6793e-10 TSX
20171221 20180911 -3.7411e-05 4.5941e-10 TSX
20180112 20181003 1.9818e-05 4.5906e-10 TSX
20180319 20180707 -6.0791e-05 6.4813e-10 TSX
20180707 20180911 0.0001769 7.4153e-10 TSX
20180729 20181003 1.1049e-05 7.4153e-10 TSX
20180820 20181003 0.00011877 7.9516e-10 TSX
20180911 20181003 -0.00015973 8.6346e-10 TSX
