20030427 20030914 0.00015873 5.665e-10 ERS2
20030914 20080629 -3.2485e-05 2.8064e-10 ERS2
20050918 20090510 1.9461e-05 2.9952e-10 ERS2
20051127 20081116 -7.5938e-05 2.9834e-10 ERS2
20060903 20090510 -8.6811e-05 3.1587e-10 ERS2
20061231 20090105 -4.6253e-05 3.1386e-10 ALOS
20070402 20070703 -0.00018797 6.6649e-10 ALOS
20070518 20091008 0.00011948 3.0235e-10 ALOS
20070818 20071003 -0.00036504 7.7539e-10 ALOS
20071217 20100509 -1.7341e-05 3.0356e-10 ALOS
20080103 20100526 0.0001163 3.0196e-10 ALOS
20080404 20080520 -2.0072e-05 7.7541e-10 ALOS
20080618 20090921 3.4287e-05 3.7148e-10 ALOS
20080629 20090510 -0.00030962 4.1368e-10 ERS2
20080705 20091008 0.00010093 3.6526e-10 ALOS
20080803 20090823 -3.3507e-05 3.8466e-10 ERS2
20081116 20090823 1.1425e-05 4.318e-10 ERS2
20081219 20090921 0.00025386 4.4622e-10 ALOS
20090105 20090708 0.0001467 5.2839e-10 ALOS
20090510 20091101 -5.5048e-05 5.2218e-10 ERS2
20090708 20091008 0.00059438 6.6623e-10 ALOS
20090823 20091101 -0.00011935 6.9853e-10 ERS2
20091222 20100624 0.00052395 5.2539e-10 ALOS
20100108 20100223 0.0007951 7.7545e-10 ALOS
20100223 20100526 0.00011144 6.6635e-10 ALOS
20100410 20100711 0.00012333 6.6636e-10 ALOS
20100509 20100624 0.00047424 7.7339e-10 ALOS
20100526 20100711 0.00047 7.754e-10 ALOS
20100624 20101109 0.00011836 5.8397e-10 ALOS
20100711 20101011 0.00023435 6.6623e-10 ALOS
20100809 20101109 -6.8201e-05 6.6354e-10 ALOS
20101011 20101126 0.00023244 7.7542e-10 ALOS
20110111 20110226 0.00065601 7.7539e-10 ALOS
20110924 20130715 5.0909e-05 3.2561e-10 TSX
20111005 20121229 -9.0493e-05 3.6933e-10 TSX
20111121 20171221 6.683e-05 2.9482e-10 TSX
20111221 20130131 2.105e-05 3.8508e-10 TSX
20111224 20121027 8.7072e-06 4.1937e-10 TSX
20120126 20140419 -8.9656e-05 3.0036e-10 TSX
20120203 20160320 5.5442e-05 2.648e-10 TSX
20120206 20171107 -9.0669e-06 2.9688e-10 TSX
20120617 20171129 4.9738e-05 2.7634e-10 TSX
20120723 20160120 6.8502e-05 3.0167e-10 TSX
20121024 20130109 4.1458e-05 7.0157e-10 TSX
20121027 20151226 -2.9957e-05 2.8711e-10 TSX
20121030 20130311 4.3471e-05 5.8466e-10 TSX
20121107 20171118 3.5705e-05 2.7601e-10 TSX
20121221 20160208 -3.8833e-06 2.967e-10 TSX
20121224 20130516 -1.3604e-06 5.6848e-10 TSX
20121229 20130407 0.00013775 6.5604e-10 TSX
20130104 20130217 0.00015173 7.7331e-10 TSX
20130109 20130715 0.0002416 5.2927e-10 TSX
20130112 20140511 -2.7186e-05 3.5385e-10 TSX
20130115 20130721 -0.00011477 5.1389e-10 TSX
20130126 20130823 -4.1769e-05 4.9776e-10 TSX
20130131 20130429 -2.546e-06 6.7793e-10 TSX
20130203 20130729 -3.9359e-05 5.2309e-10 TSX
20130211 20130919 5.5749e-05 4.9592e-10 TSX
20130228 20141209 2.2552e-05 3.1542e-10 TSX
20130311 20130801 -4.0066e-05 5.6837e-10 TSX
20130316 20130623 7.7592e-05 6.5606e-10 TSX
20130402 20150122 -1.4317e-05 3.4447e-10 TSX
20130407 20140530 1.0667e-05 3.8065e-10 TSX
20130421 20171016 7.2114e-05 2.8485e-10 TSX
20130424 20130721 -0.00012108 6.6402e-10 TSX
20130429 20130623 8.6593e-06 7.5426e-10 TSX
20130505 20131028 -0.00049541 5.3619e-10 TSX
20130513 20151112 2.7857e-06 3.1174e-10 TSX
20130516 20131017 -0.00013467 5.5808e-10 TSX
20130521 20130715 0.00039104 7.5429e-10 TSX
20130524 20171129 5.1977e-05 2.749e-10 TSX
20130527 20140627 6.0222e-06 3.8466e-10 TSX
20130601 20130930 0.00021973 6.1696e-10 TSX
20130604 20141217 1.2368e-05 3.3643e-10 TSX
20130607 20140719 2.4661e-05 3.8088e-10 TSX
20130612 20150105 -2.6631e-05 3.4131e-10 TSX
20130615 20160106 5.4228e-06 2.9418e-10 TSX
20130618 20140708 -6.1042e-06 3.8815e-10 TSX
20130623 20130715 0.00068911 8.6235e-10 TSX
20130629 20130914 0.00031974 6.8825e-10 TSX
20130707 20150130 3.4343e-06 3.3899e-10 TSX
20130710 20140901 -4.0859e-05 3.7749e-10 TSX
20130715 20130726 -0.0025077 1.0115e-09 TSX
20130721 20131108 0.00063755 6.2123e-10 TSX
20130726 20150517 7.167e-05 3.229e-10 TSX
20130729 20160904 -1.7113e-05 2.7987e-10 TSX
20130801 20151115 -1.7395e-05 3.0443e-10 TSX
20130817 20140209 -5.545e-05 5.4095e-10 TSX
20130828 20150312 3.0529e-05 3.4311e-10 TSX
20130903 20150329 -9.1929e-05 3.5739e-10 TSX
20130919 20160309 1.4149e-05 2.8951e-10 TSX
20130925 20140708 -3.3579e-05 4.3133e-10 TSX
20130930 20160411 -2.3078e-05 2.8636e-10 TSX
20131011 20150802 -1.0745e-05 3.2971e-10 TSX
20131017 20140719 2.1046e-05 4.3874e-10 TSX
20131028 20160304 3.0735e-05 3.1308e-10 TSX
20131102 20140519 -0.00012538 5.1709e-10 TSX
20131108 20140708 -4.3046e-05 4.6278e-10 TSX
20140209 20160309 3.4498e-05 3.2579e-10 TSX
20140223 20140829 -1.5429e-05 5.1111e-10 TSX
20140408 20140705 -5.051e-05 6.6125e-10 TSX
20140419 20170913 -1.5126e-05 3.0958e-10 TSX
20140511 20141228 1.1378e-05 4.7025e-10 TSX
20140519 20150824 7.9069e-05 3.664e-10 TSX
20140624 20171005 -2.0078e-07 2.8655e-10 TSX
20140627 20151115 -1.2516e-05 3.4545e-10 TSX
20140705 20180911 3.2775e-06 2.7614e-10 TSX
20140708 20160406 5.7278e-05 3.3564e-10 TSX
20140716 20171005 -3.5527e-06 2.8959e-10 TSX
20140719 20151207 -2.6999e-05 3.4297e-10 TSX
20140727 20150326 -3.1369e-05 4.6159e-10 TSX
20140810 20150122 4.9905e-05 5.3918e-10 TSX
20140818 20160301 2.3416e-06 3.3264e-10 TSX
20140829 20160208 1.9183e-05 3.3351e-10 TSX
20140901 20140912 -0.00029392 9.6813e-10 TSX
20140912 20141209 3.4449e-05 6.6401e-10 TSX
20140920 20170902 -1.1302e-05 2.92e-10 TSX
20141209 20160211 -5.2209e-05 3.7456e-10 TSX
20141217 20160722 -3.4635e-05 3.2795e-10 TSX
20141228 20160106 -8.3921e-08 3.8518e-10 TSX
20141231 20151024 -8.5721e-07 4.2571e-10 TSX
20150105 20150824 1.8634e-05 4.8649e-10 TSX
20150108 20170811 -1.6975e-05 2.9556e-10 TSX
20150119 20160117 -2.124e-06 3.886e-10 TSX
20150127 20160411 2.2441e-05 3.7401e-10 TSX
20150130 20151112 2.7927e-07 4.2931e-10 TSX
20150210 20170114 -1.8012e-05 3.0765e-10 TSX
20150213 20160326 -4.0309e-05 3.7594e-10 TSX
20150218 20160216 2.8901e-05 4.0367e-10 TSX
20150221 20180112 1.8958e-05 2.7996e-10 TSX
20150304 20180911 1.517e-05 2.8714e-10 TSX
20150307 20160211 1.5326e-05 4.0346e-10 TSX
20150312 20160320 -8.2056e-05 3.9727e-10 TSX
20150326 20150827 0.0001026 5.5031e-10 TSX
20150329 20151207 4.7266e-05 4.5616e-10 TSX
20150428 20160425 2.85e-05 3.8923e-10 TSX
20150509 20150827 0.00010348 6.1852e-10 TSX
20150517 20150824 -3.7536e-05 6.5616e-10 TSX
20150520 20180911 -1.6054e-05 2.8785e-10 TSX
20150714 20170822 -2.592e-05 2.9819e-10 TSX
20150725 20170924 2.3218e-05 3.08e-10 TSX
20150802 20160309 -6.9224e-05 4.9594e-10 TSX
20150805 20160403 -8.3773e-07 4.6126e-10 TSX
20150816 20171107 -3.2177e-05 2.9428e-10 TSX
20150824 20150915 0.00065824 8.6223e-10 TSX
20150827 20170902 -4.5411e-05 3.0523e-10 TSX
20150915 20160216 -2.7049e-05 5.6818e-10 TSX
20151021 20160904 -7.1315e-05 4.1228e-10 TSX
20151101 20171016 -1.3278e-05 3.1182e-10 TSX
20151112 20160425 -5.8001e-05 5.3608e-10 TSX
20151115 20151229 0.00018641 7.7331e-10 TSX
20151123 20171221 -2.9329e-05 3.1224e-10 TSX
20151204 20151215 0.00017683 9.7824e-10 TSX
20151207 20160406 -7.4207e-05 6.0214e-10 TSX
20151215 20170822 -2.8876e-05 3.2225e-10 TSX
20151226 20161223 2.3896e-05 3.9354e-10 TSX
20151229 20160211 1.653e-05 7.7331e-10 TSX
20160106 20161223 3.338e-05 3.9791e-10 TSX
20160117 20160926 -5.2275e-06 4.5297e-10 TSX
20160128 20160301 -0.00022873 8.0662e-10 TSX
20160208 20160312 -3.7892e-05 8.0662e-10 TSX
20160216 20160309 -0.0004132 8.6222e-10 TSX
20160219 20180319 4.0576e-05 3.0481e-10 TSX
20160301 20161201 7.6766e-05 4.3858e-10 TSX
20160304 20160326 5.1046e-05 8.4892e-10 TSX
20160312 20180319 4.4567e-05 3.1078e-10 TSX
20160320 20160411 0.00044287 8.6223e-10 TSX
20160323 20171118 -4.0495e-06 3.3321e-10 TSX
20160326 20160406 -0.00049379 9.6806e-10 TSX
20160403 20171027 1.8488e-05 3.3829e-10 TSX
20160425 20170811 2.09e-05 3.6345e-10 TSX
20160528 20160630 5.4768e-05 8.0662e-10 TSX
20160630 20171118 -3.7749e-06 3.4894e-10 TSX
20160722 20161201 0.00010337 5.8131e-10 TSX
20160904 20180707 1.0551e-06 3.3023e-10 TSX
20160915 20180911 -2.4023e-05 3.063e-10 TSX
20160926 20170114 -4.8315e-05 6.1796e-10 TSX
20161201 20171027 -1.7404e-05 4.0698e-10 TSX
20161223 20171107 -4.1911e-05 4.0931e-10 TSX
20170114 20170902 1.8902e-05 4.6915e-10 TSX
20170811 20171005 -8.0063e-05 7.4125e-10 TSX
20170822 20180707 -0.00011173 4.137e-10 TSX
20170913 20180707 -0.0001469 4.2528e-10 TSX
20170924 20180319 -0.00018226 5.2319e-10 TSX
20171005 20171107 1.3725e-05 8.0662e-10 TSX
20171016 20180319 -0.00018212 5.5008e-10 TSX
20171027 20180911 -0.00011594 4.1356e-10 TSX
20171107 20171118 7.222e-05 9.7824e-10 TSX
20171118 20171129 4.9401e-05 9.7824e-10 TSX
20171129 20171221 -5.6619e-06 8.509e-10 TSX
20171210 20180820 -0.00010727 4.5335e-10 TSX
20171221 20180911 -0.00012634 4.4555e-10 TSX
20180112 20181003 -5.8641e-05 4.4549e-10 TSX
20180319 20180707 -6.2618e-05 6.1796e-10 TSX
20180707 20180911 0.00015104 7.1243e-10 TSX
20180729 20181003 8.2319e-05 7.1243e-10 TSX
20180820 20181003 0.00021243 7.7235e-10 TSX
20180911 20181003 -0.00010864 8.5091e-10 TSX
