20030427 20030914 -0.00043045 5.652e-10 ERS2
20030914 20080629 -4.001e-06 2.8098e-10 ERS2
20050918 20090510 1.102e-05 2.9717e-10 ERS2
20051127 20081116 -0.00017057 3.0438e-10 ERS2
20060903 20090510 -8.5213e-05 3.0523e-10 ERS2
20061231 20090105 -1.3423e-05 3.1467e-10 ALOS
20070402 20070703 -0.00011321 6.6632e-10 ALOS
20070518 20091008 -5.83e-05 2.9958e-10 ALOS
20070818 20071003 -0.00050293 7.7583e-10 ALOS
20071217 20100509 -3.486e-05 2.9891e-10 ALOS
20080103 20100526 3.9761e-05 2.9842e-10 ALOS
20080404 20080520 -3.6199e-05 7.7583e-10 ALOS
20080618 20090921 -2.5541e-05 3.7178e-10 ALOS
20080629 20090510 -8.7381e-05 4.126e-10 ERS2
20080705 20091008 -0.0001425 3.6458e-10 ALOS
20080803 20090823 3.8995e-05 3.8276e-10 ERS2
20081116 20090823 3.1335e-05 4.3399e-10 ERS2
20081219 20090921 -9.267e-05 4.4603e-10 ALOS
20090105 20090708 -0.00016618 5.2811e-10 ALOS
20090510 20091101 -9.0123e-05 5.2038e-10 ERS2
20090708 20091008 -0.00016596 6.6632e-10 ALOS
20090823 20091101 0.00051507 6.9868e-10 ERS2
20091222 20100624 -0.00019305 5.2541e-10 ALOS
20100108 20100223 -0.00034657 7.7592e-10 ALOS
20100223 20100526 -5.1472e-05 6.6632e-10 ALOS
20100410 20100711 -5.8227e-05 6.6632e-10 ALOS
20100509 20100624 0.00072675 7.7378e-10 ALOS
20100526 20100711 0.00029706 7.7584e-10 ALOS
20100624 20101109 -0.00018219 5.84e-10 ALOS
20100711 20101011 -0.00043185 6.6634e-10 ALOS
20100809 20101109 2.4104e-05 6.6369e-10 ALOS
20101011 20101126 0.00019815 7.7584e-10 ALOS
20110111 20110226 0.00043436 7.7583e-10 ALOS
20110924 20130715 1.9393e-05 3.2518e-10 TSX
20111005 20121229 -1.0736e-05 3.6863e-10 TSX
20111121 20171221 -2.8503e-06 2.4321e-10 TSX
20111221 20130131 3.4576e-06 3.8535e-10 TSX
20111224 20121027 -1.5656e-05 4.1975e-10 TSX
20120126 20140419 6.6393e-06 2.9148e-10 TSX
20120203 20160320 1.7636e-05 2.418e-10 TSX
20120206 20171107 -2.3319e-06 2.4525e-10 TSX
20120617 20171129 -3.1766e-06 2.4905e-10 TSX
20120723 20160120 -2.1233e-05 2.6268e-10 TSX
20121024 20130109 0.00020091 7.0176e-10 TSX
20121027 20151226 -5.6091e-06 2.637e-10 TSX
20121030 20130311 1.9663e-05 5.8467e-10 TSX
20121107 20171118 6.6168e-06 2.4966e-10 TSX
20121221 20160208 1.1382e-06 2.6381e-10 TSX
20121224 20130516 -3.6647e-05 5.685e-10 TSX
20121229 20130407 2.2682e-05 6.5615e-10 TSX
20130104 20130217 -5.186e-05 7.7359e-10 TSX
20130109 20130715 2.7281e-05 5.2852e-10 TSX
20130112 20140511 1.8977e-05 3.5344e-10 TSX
20130115 20130721 -9.954e-05 5.1397e-10 TSX
20130126 20130823 -0.00013388 4.9123e-10 TSX
20130131 20130429 3.8733e-05 6.7809e-10 TSX
20130203 20130729 -1.3363e-06 5.2318e-10 TSX
20130211 20130919 1.1578e-05 4.9591e-10 TSX
20130228 20141209 3.2121e-05 3.1199e-10 TSX
20130311 20130801 -3.8396e-05 5.6845e-10 TSX
20130316 20130623 1.7415e-05 6.5616e-10 TSX
20130402 20150122 4.278e-05 2.9154e-10 TSX
20130407 20140530 -1.2667e-05 3.8089e-10 TSX
20130421 20171016 1.9349e-06 2.5299e-10 TSX
20130424 20130721 -0.00018144 6.6406e-10 TSX
20130429 20130623 -8.0121e-05 7.5464e-10 TSX
20130505 20131028 -0.00045578 5.2603e-10 TSX
20130513 20151112 6.3866e-06 2.7851e-10 TSX
20130516 20131017 -0.00019106 5.5317e-10 TSX
20130521 20130715 0.00023049 7.5466e-10 TSX
20130524 20171129 4.7598e-06 2.4962e-10 TSX
20130527 20140627 -2.5948e-05 3.8439e-10 TSX
20130601 20130930 6.3309e-05 6.1702e-10 TSX
20130604 20141217 -1.1257e-06 3.3824e-10 TSX
20130607 20140719 -1.7741e-05 3.8055e-10 TSX
20130612 20150105 3.8935e-05 3.3838e-10 TSX
20130615 20160106 1.2128e-05 2.7781e-10 TSX
20130618 20140708 -1.5889e-05 3.8884e-10 TSX
20130623 20130715 0.00056343 8.632e-10 TSX
20130629 20130914 0.000102 6.8835e-10 TSX
20130707 20150130 2.13e-06 3.3898e-10 TSX
20130710 20140901 -2.5436e-06 3.77e-10 TSX
20130715 20130726 -0.0023292 1.0126e-09 TSX
20130721 20131108 0.00058868 6.2106e-10 TSX
20130726 20150517 3.0744e-05 3.2289e-10 TSX
20130729 20160904 1.0267e-05 2.6727e-10 TSX
20130801 20151115 2.1046e-05 2.8674e-10 TSX
20130817 20140209 -1.4573e-05 5.41e-10 TSX
20130828 20150312 4.7645e-05 3.4008e-10 TSX
20130903 20150329 -0.00012414 3.1122e-10 TSX
20130919 20160309 8.0731e-06 2.7585e-10 TSX
20130925 20140708 -1.9529e-05 4.313e-10 TSX
20130930 20160411 2.3423e-07 2.7302e-10 TSX
20131011 20150802 1.0298e-05 3.2064e-10 TSX
20131017 20140719 -5.0567e-05 4.3877e-10 TSX
20131028 20160304 -1.2306e-05 2.8738e-10 TSX
20131102 20140519 -7.172e-05 5.1711e-10 TSX
20131108 20140708 -2.3068e-05 4.6282e-10 TSX
20140209 20160309 2.2809e-05 3.0496e-10 TSX
20140223 20140829 1.358e-05 5.1112e-10 TSX
20140408 20140705 4.3332e-06 6.6145e-10 TSX
20140419 20170913 -3.084e-06 2.5972e-10 TSX
20140511 20141228 -8.9175e-06 4.7025e-10 TSX
20140519 20150824 5.2924e-05 3.6451e-10 TSX
20140624 20171005 -6.2921e-06 2.6201e-10 TSX
20140627 20151115 -2.0961e-05 3.3977e-10 TSX
20140705 20180911 6.1635e-06 2.5422e-10 TSX
20140708 20160406 3.7591e-05 3.1072e-10 TSX
20140716 20171005 -6.9344e-06 2.648e-10 TSX
20140719 20151207 2.1353e-05 3.3981e-10 TSX
20140727 20150326 8.031e-06 4.6154e-10 TSX
20140810 20150122 5.5489e-05 5.3919e-10 TSX
20140818 20160301 -9.3946e-06 3.2461e-10 TSX
20140829 20160208 4.6817e-07 3.3096e-10 TSX
20140901 20140912 -0.00027803 9.6899e-10 TSX
20140912 20141209 1.7462e-05 6.6406e-10 TSX
20140920 20170902 7.0569e-06 2.6425e-10 TSX
20141209 20160211 -2.8046e-05 3.6413e-10 TSX
20141217 20160722 -1.4813e-05 3.1872e-10 TSX
20141228 20160106 1.8233e-06 3.823e-10 TSX
20141231 20151024 1.64e-06 4.2501e-10 TSX
20150105 20150824 1.8811e-05 4.8608e-10 TSX
20150108 20170811 2.3523e-06 2.7401e-10 TSX
20150119 20160117 1.228e-05 3.8759e-10 TSX
20150127 20160411 2.5959e-05 3.7125e-10 TSX
20150130 20151112 -1.1284e-06 4.2843e-10 TSX
20150210 20170114 -9.7178e-06 2.9835e-10 TSX
20150213 20160326 -2.0466e-05 3.7418e-10 TSX
20150218 20160216 -5.9665e-06 4.0312e-10 TSX
20150221 20180112 9.8431e-06 2.6176e-10 TSX
20150304 20180911 4.7768e-06 2.5782e-10 TSX
20150307 20160211 8.9175e-06 4.0065e-10 TSX
20150312 20160320 -4.2621e-05 3.9791e-10 TSX
20150326 20150827 -7.5888e-07 5.4985e-10 TSX
20150329 20151207 -8.9822e-06 4.5486e-10 TSX
20150428 20160425 1.4732e-06 3.8716e-10 TSX
20150509 20150827 2.3239e-05 6.1803e-10 TSX
20150517 20150824 -7.0249e-05 6.5616e-10 TSX
20150520 20180911 8.9239e-06 2.6741e-10 TSX
20150714 20170822 3.092e-06 2.9036e-10 TSX
20150725 20170924 4.2883e-06 2.8876e-10 TSX
20150802 20160309 2.9572e-06 4.9593e-10 TSX
20150805 20160403 3.2531e-05 4.6132e-10 TSX
20150816 20171107 8.3588e-06 2.877e-10 TSX
20150824 20150915 0.00060851 8.631e-10 TSX
20150827 20170902 -3.9697e-06 2.9586e-10 TSX
20150915 20160216 -7.7766e-05 5.6821e-10 TSX
20151021 20160904 -5.1205e-06 4.1211e-10 TSX
20151101 20171016 3.1869e-05 2.986e-10 TSX
20151112 20160425 6.7543e-06 5.3618e-10 TSX
20151115 20151229 0.0001402 7.7359e-10 TSX
20151123 20171221 5.085e-06 2.954e-10 TSX
20151204 20151215 0.00013525 9.8016e-10 TSX
20151207 20160406 -1.2914e-05 6.0217e-10 TSX
20151215 20170822 4.1303e-06 3.1302e-10 TSX
20151226 20161223 -1.6553e-05 3.938e-10 TSX
20151229 20160211 1.7815e-05 7.7359e-10 TSX
20160106 20161223 -3.12e-06 3.985e-10 TSX
20160117 20160926 -2.8538e-05 4.5305e-10 TSX
20160128 20160301 -0.00019348 8.0777e-10 TSX
20160208 20160312 -9.8305e-05 8.0777e-10 TSX
20160216 20160309 -0.00035844 8.631e-10 TSX
20160219 20180319 2.214e-06 2.955e-10 TSX
20160301 20161201 1.6251e-05 4.3851e-10 TSX
20160304 20160326 6.9931e-05 8.4958e-10 TSX
20160312 20180319 1.6463e-05 2.9724e-10 TSX
20160320 20160411 0.00042215 8.6311e-10 TSX
20160323 20171118 1.1426e-05 3.1809e-10 TSX
20160326 20160406 -0.0005878 9.6892e-10 TSX
20160403 20171027 2.0248e-05 3.227e-10 TSX
20160425 20170811 -5.9396e-06 3.4668e-10 TSX
20160528 20160630 1.888e-05 8.0777e-10 TSX
20160630 20171118 -1.3505e-05 3.3921e-10 TSX
20160722 20161201 1.8227e-05 5.8142e-10 TSX
20160904 20180707 1.0372e-05 3.2445e-10 TSX
20160915 20180911 1.4541e-05 3.0072e-10 TSX
20160926 20170114 2.433e-05 6.181e-10 TSX
20161201 20171027 7.9581e-06 4.0716e-10 TSX
20161223 20171107 1.9556e-05 4.0914e-10 TSX
20170114 20170902 6.3624e-06 4.6867e-10 TSX
20170811 20171005 -5.0653e-05 7.4179e-10 TSX
20170822 20180707 4.7693e-05 4.139e-10 TSX
20170913 20180707 1.767e-05 4.2504e-10 TSX
20170924 20180319 6.4827e-05 5.2324e-10 TSX
20171005 20171107 1.1057e-05 8.0777e-10 TSX
20171016 20180319 4.0505e-05 5.5019e-10 TSX
20171027 20180911 1.3058e-05 4.1399e-10 TSX
20171107 20171118 6.9503e-05 9.8016e-10 TSX
20171118 20171129 4.9263e-05 9.8016e-10 TSX
20171129 20171221 -1.028e-05 8.5247e-10 TSX
20171210 20180820 2.9238e-05 4.533e-10 TSX
20171221 20180911 4.7365e-05 4.4556e-10 TSX
20180112 20181003 1.5366e-05 4.455e-10 TSX
20180319 20180707 -1.9417e-05 6.1811e-10 TSX
20180707 20180911 3.6866e-05 7.128e-10 TSX
20180729 20181003 2.2292e-05 7.128e-10 TSX
20180820 20181003 0.00014974 7.7316e-10 TSX
20180911 20181003 -8.6921e-05 8.5248e-10 TSX
