20030427 20030914 0.0007316 5.6668e-10 ERS2
20030914 20080629 -7.3611e-05 3.0638e-10 ERS2
20050918 20090510 0.00029725 3.0094e-10 ERS2
20051127 20081116 8.4631e-06 3.1381e-10 ERS2
20060903 20090510 0.0002744 3.1703e-10 ERS2
20061231 20090105 4.6499e-05 3.1744e-10 ALOS
20070402 20070703 0.00027245 6.6653e-10 ALOS
20070518 20091008 6.8584e-05 3.4077e-10 ALOS
20070818 20071003 -0.00019567 7.7519e-10 ALOS
20071217 20100509 -3.6323e-06 3.0248e-10 ALOS
20080103 20100526 -3.3805e-05 3.0618e-10 ALOS
20080404 20080520 0.00016519 7.7529e-10 ALOS
20080618 20090921 6.8621e-05 3.7244e-10 ALOS
20080629 20090510 2.7646e-05 4.1226e-10 ERS2
20080705 20091008 0.00010242 3.6515e-10 ALOS
20080803 20090823 4.1285e-05 3.8293e-10 ERS2
20081116 20090823 0.00014112 4.3239e-10 ERS2
20081219 20090921 0.00030616 4.4648e-10 ALOS
20090105 20090708 3.4866e-05 5.3044e-10 ALOS
20090510 20091101 4.5665e-05 5.2121e-10 ERS2
20090708 20091008 0.00035178 6.6635e-10 ALOS
20090823 20091101 -0.00029101 6.9853e-10 ERS2
20091222 20100624 0.00021366 5.2703e-10 ALOS
20100108 20100223 0.00016332 7.7565e-10 ALOS
20100223 20100526 6.7432e-05 6.6639e-10 ALOS
20100410 20100711 6.0305e-05 6.6647e-10 ALOS
20100509 20100624 0.000755 7.7321e-10 ALOS
20100526 20100711 0.0005376 7.7521e-10 ALOS
20100624 20101109 4.1747e-05 5.8398e-10 ALOS
20100711 20101011 0.00014895 6.6646e-10 ALOS
20100809 20101109 -4.786e-05 6.6357e-10 ALOS
20101011 20101126 0.00013042 7.752e-10 ALOS
20110111 20110226 0.00052184 7.752e-10 ALOS
20110924 20130715 6.5435e-05 3.2823e-10 TSX
20111005 20121229 3.2677e-05 3.7193e-10 TSX
20111121 20171221 2.7365e-05 3.9254e-10 TSX
20111221 20130131 7.104e-05 3.8615e-10 TSX
20111224 20121027 0.00026855 4.1951e-10 TSX
20120126 20140419 0.00026109 3.0067e-10 TSX
20120203 20160320 -0.00012854 2.8131e-10 TSX
20120206 20171107 0.0001234 4.1569e-10 TSX
20120617 20171129 2.8462e-05 3.7488e-10 TSX
20120723 20160120 -5.336e-05 3.3518e-10 TSX
20121024 20130109 0.00014268 7.0174e-10 TSX
20121027 20151226 0.00013658 3.4624e-10 TSX
20121030 20130311 8.3873e-05 5.8471e-10 TSX
20121107 20171118 0.00017158 3.2883e-10 TSX
20121221 20160208 0.00019544 3.0491e-10 TSX
20121224 20130516 4.1387e-05 5.6999e-10 TSX
20121229 20130407 7.0811e-05 6.5644e-10 TSX
20130104 20130217 3.6784e-05 7.7318e-10 TSX
20130109 20130715 7.8678e-05 5.3894e-10 TSX
20130112 20140511 0.00015886 3.5606e-10 TSX
20130115 20130721 -0.00011692 5.1774e-10 TSX
20130126 20130823 -5.1695e-05 5.2004e-10 TSX
20130131 20130429 -6.5966e-05 6.78e-10 TSX
20130203 20130729 0.00034562 5.2453e-10 TSX
20130211 20130919 5.9927e-05 4.9762e-10 TSX
20130228 20141209 3.6998e-05 3.2884e-10 TSX
20130311 20130801 7.9154e-05 5.6937e-10 TSX
20130316 20130623 -3.886e-05 6.5639e-10 TSX
20130402 20150122 7.371e-05 4.8903e-10 TSX
20130407 20140530 3.1406e-05 3.8209e-10 TSX
20130421 20171016 1.0498e-05 3.4921e-10 TSX
20130424 20130721 -0.0002035 6.6434e-10 TSX
20130429 20130623 -4.0431e-05 7.5426e-10 TSX
20130505 20131028 -0.00036101 5.3443e-10 TSX
20130513 20151112 0.00031537 3.0287e-10 TSX
20130516 20131017 -9.8562e-05 5.6117e-10 TSX
20130521 20130715 0.00029737 7.5446e-10 TSX
20130524 20171129 0.00010395 3.4634e-10 TSX
20130527 20140627 7.656e-05 3.8841e-10 TSX
20130601 20130930 0.00030929 6.1747e-10 TSX
20130604 20141217 0.00021897 3.4475e-10 TSX
20130607 20140719 6.929e-05 3.8228e-10 TSX
20130612 20150105 2.8985e-05 3.4436e-10 TSX
20130615 20160106 0.00020063 2.9749e-10 TSX
20130618 20140708 5.5919e-05 3.8757e-10 TSX
20130623 20130715 0.00071451 8.6183e-10 TSX
20130629 20130914 0.00031194 6.8903e-10 TSX
20130707 20150130 0.00017497 3.4273e-10 TSX
20130710 20140901 7.8814e-05 3.798e-10 TSX
20130715 20130726 -0.0024841 1.0108e-09 TSX
20130721 20131108 0.00073096 6.2553e-10 TSX
20130726 20150517 0.00014599 3.2144e-10 TSX
20130729 20160904 0.0001193 3.3862e-10 TSX
20130801 20151115 -5.8798e-05 3.2704e-10 TSX
20130817 20140209 -1.5967e-05 5.4108e-10 TSX
20130828 20150312 8.89e-05 3.4137e-10 TSX
20130903 20150329 -0.00023134 3.3712e-10 TSX
20130919 20160309 -2.3547e-05 2.905e-10 TSX
20130925 20140708 1.4345e-05 4.3195e-10 TSX
20130930 20160411 -9.6915e-05 2.8217e-10 TSX
20131011 20150802 -1.4926e-05 3.2775e-10 TSX
20131017 20140719 -2.6545e-05 4.3926e-10 TSX
20131028 20160304 -0.00020766 3.6142e-10 TSX
20131102 20140519 -0.00020928 5.1723e-10 TSX
20131108 20140708 -4.1177e-05 4.6351e-10 TSX
20140209 20160309 -5.5187e-05 3.2075e-10 TSX
20140223 20140829 0.00018901 5.116e-10 TSX
20140408 20140705 7.8832e-05 6.6141e-10 TSX
20140419 20170913 0.00016759 3.4409e-10 TSX
20140511 20141228 0.00024073 4.705e-10 TSX
20140519 20150824 0.00010405 3.719e-10 TSX
20140624 20171005 0.00027595 2.9771e-10 TSX
20140627 20151115 5.0607e-05 3.502e-10 TSX
20140705 20180911 6.4104e-05 3.4288e-10 TSX
20140708 20160406 3.5058e-05 3.3399e-10 TSX
20140716 20171005 0.0001454 3.4001e-10 TSX
20140719 20151207 8.3013e-05 3.6609e-10 TSX
20140727 20150326 0.00014294 4.617e-10 TSX
20140810 20150122 4.0456e-05 5.3929e-10 TSX
20140818 20160301 0.00026931 3.3253e-10 TSX
20140829 20160208 0.00032571 3.3853e-10 TSX
20140901 20140912 -0.00030577 9.6748e-10 TSX
20140912 20141209 6.3447e-05 6.6412e-10 TSX
20140920 20170902 0.00014067 3.2663e-10 TSX
20141209 20160211 0.00012002 3.7026e-10 TSX
20141217 20160722 0.00026265 3.3112e-10 TSX
20141228 20160106 0.00024894 3.8393e-10 TSX
20141231 20151024 0.00010218 4.2941e-10 TSX
20150105 20150824 5.1026e-05 4.8856e-10 TSX
20150108 20170811 0.00020946 3.0906e-10 TSX
20150119 20160117 0.00028608 3.8965e-10 TSX
20150127 20160411 8.5352e-05 3.8137e-10 TSX
20150130 20151112 0.00029915 4.3064e-10 TSX
20150210 20170114 0.00033926 3.1284e-10 TSX
20150213 20160326 0.00021999 3.9805e-10 TSX
20150218 20160216 0.00013053 4.0919e-10 TSX
20150221 20180112 0.00022924 2.9946e-10 TSX
20150304 20180911 0.00016942 2.9145e-10 TSX
20150307 20160211 0.00013533 4.0422e-10 TSX
20150312 20160320 5.6929e-05 4.0962e-10 TSX
20150326 20150827 0.00036678 5.5315e-10 TSX
20150329 20151207 9.5636e-05 4.5708e-10 TSX
20150428 20160425 0.00031832 3.8852e-10 TSX
20150509 20150827 0.00027554 6.2086e-10 TSX
20150517 20150824 5.5972e-05 6.5806e-10 TSX
20150520 20180911 0.00016907 2.972e-10 TSX
20150714 20170822 0.00031504 3.0113e-10 TSX
20150725 20170924 0.00028175 3.0324e-10 TSX
20150802 20160309 8.0958e-05 4.965e-10 TSX
20150805 20160403 0.0002536 4.623e-10 TSX
20150816 20171107 0.00032762 2.9884e-10 TSX
20150824 20150915 0.00075214 8.6158e-10 TSX
20150827 20170902 0.0003153 3.0733e-10 TSX
20150915 20160216 9.6865e-06 5.7031e-10 TSX
20151021 20160904 0.00017225 4.1366e-10 TSX
20151101 20171016 0.00023016 3.1258e-10 TSX
20151112 20160425 0.00011895 5.3607e-10 TSX
20151115 20151229 0.00016717 7.7314e-10 TSX
20151123 20171221 0.00026059 3.0264e-10 TSX
20151204 20151215 0.00018073 9.7725e-10 TSX
20151207 20160406 -3.0334e-05 6.0215e-10 TSX
20151215 20170822 0.00028898 3.2181e-10 TSX
20151226 20161223 0.00030713 3.9442e-10 TSX
20151229 20160211 4.9262e-05 7.7315e-10 TSX
20160106 20161223 0.0003299 3.9935e-10 TSX
20160117 20160926 0.00027773 4.5451e-10 TSX
20160128 20160301 -0.00019868 8.0612e-10 TSX
20160208 20160312 -3.2413e-05 8.0612e-10 TSX
20160216 20160309 -0.00043558 8.6158e-10 TSX
20160219 20180319 0.0001917 3.0418e-10 TSX
20160301 20161201 0.00030724 4.3961e-10 TSX
20160304 20160326 8.9151e-05 8.4841e-10 TSX
20160312 20180319 0.00018093 3.0354e-10 TSX
20160320 20160411 0.00037828 8.6159e-10 TSX
20160323 20171118 0.00026364 3.2271e-10 TSX
20160326 20160406 -0.00054061 9.674e-10 TSX
20160403 20171027 0.00028366 3.2362e-10 TSX
20160425 20170811 0.0002841 3.5189e-10 TSX
20160528 20160630 8.0044e-05 8.0614e-10 TSX
20160630 20171118 0.00024236 3.4174e-10 TSX
20160722 20161201 0.00038872 5.8161e-10 TSX
20160904 20180707 0.00015919 3.2793e-10 TSX
20160915 20180911 0.00016292 3.0866e-10 TSX
20160926 20170114 0.00018014 6.188e-10 TSX
20161201 20171027 0.0002028 4.0926e-10 TSX
20161223 20171107 0.00016491 4.1146e-10 TSX
20170114 20170902 0.00020148 4.723e-10 TSX
20170811 20171005 5.1392e-05 7.4124e-10 TSX
20170822 20180707 -2.5596e-06 4.1451e-10 TSX
20170913 20180707 -9.4241e-05 4.2644e-10 TSX
20170924 20180319 -9.3838e-05 5.2338e-10 TSX
20171005 20171107 5.0007e-05 8.0617e-10 TSX
20171016 20180319 -8.2248e-05 5.5025e-10 TSX
20171027 20180911 6.959e-05 4.1432e-10 TSX
20171107 20171118 8.1853e-05 9.7725e-10 TSX
20171118 20171129 5.8665e-05 9.7725e-10 TSX
20171129 20171221 2.1878e-05 8.5015e-10 TSX
20171210 20180820 3.3837e-05 4.5358e-10 TSX
20171221 20180911 7.5641e-05 4.4631e-10 TSX
20180112 20181003 0.00013963 4.4615e-10 TSX
20180319 20180707 9.2923e-06 6.1847e-10 TSX
20180707 20180911 0.00047289 7.1241e-10 TSX
20180729 20181003 0.00027621 7.1239e-10 TSX
20180820 20181003 0.00032297 7.7208e-10 TSX
20180911 20181003 -0.00015776 8.5014e-10 TSX
