20030427 20030914 0.00077928 5.6509e-10 ERS2
20030914 20080629 1.9019e-05 2.7357e-10 ERS2
20050918 20090510 -1.6106e-05 3.1068e-10 ERS2
20051127 20081116 5.7587e-05 3.1254e-10 ERS2
20060903 20090510 -9.2989e-05 3.0755e-10 ERS2
20061231 20090105 -2.245e-05 3.1476e-10 ALOS
20070402 20070703 4.3259e-06 6.6647e-10 ALOS
20070518 20091008 -6.0023e-05 3.1129e-10 ALOS
20070818 20071003 -0.00026584 7.7573e-10 ALOS
20071217 20100509 0.00011174 3.1161e-10 ALOS
20080103 20100526 0.00041817 3.103e-10 ALOS
20080404 20080520 9.0037e-05 7.7598e-10 ALOS
20080618 20090921 0.00016971 3.7531e-10 ALOS
20080629 20090510 -0.00040647 4.1681e-10 ERS2
20080705 20091008 9.3133e-05 3.6598e-10 ALOS
20080803 20090823 -6.854e-05 3.8352e-10 ERS2
20081116 20090823 4.8125e-05 4.329e-10 ERS2
20081219 20090921 0.00093886 4.5137e-10 ALOS
20090105 20090708 0.00015291 5.2964e-10 ALOS
20090510 20091101 -9.0988e-05 5.2213e-10 ERS2
20090708 20091008 0.00029595 6.6679e-10 ALOS
20090823 20091101 -8.3454e-05 6.9842e-10 ERS2
20091222 20100624 0.00058244 5.2731e-10 ALOS
20100108 20100223 0.00057412 7.7583e-10 ALOS
20100223 20100526 -9.3417e-05 6.6641e-10 ALOS
20100410 20100711 -0.0001137 6.6702e-10 ALOS
20100509 20100624 0.0006026 7.7369e-10 ALOS
20100526 20100711 0.00028953 7.7578e-10 ALOS
20100624 20101109 5.8418e-05 5.8405e-10 ALOS
20100711 20101011 8.1069e-05 6.6656e-10 ALOS
20100809 20101109 -8.3933e-05 6.6371e-10 ALOS
20101011 20101126 0.00015425 7.7575e-10 ALOS
20110111 20110226 0.00049712 7.7584e-10 ALOS
20110924 20130715 -5.9287e-06 3.339e-10 TSX
20111005 20121229 -0.00015547 3.7922e-10 TSX
20111121 20171221 2.7751e-05 2.861e-10 TSX
20111221 20130131 -2.4558e-05 3.8397e-10 TSX
20111224 20121027 7.8483e-05 4.2031e-10 TSX
20120126 20140419 -2.6058e-05 2.99e-10 TSX
20120203 20160320 -1.6599e-05 2.4559e-10 TSX
20120206 20171107 -2.8508e-05 2.9466e-10 TSX
20120617 20171129 4.0223e-05 2.6559e-10 TSX
20120723 20160120 -1.5435e-05 3.0924e-10 TSX
20121024 20130109 0.00010269 7.0216e-10 TSX
20121027 20151226 -1.9575e-05 2.7353e-10 TSX
20121030 20130311 7.1668e-05 5.8476e-10 TSX
20121107 20171118 3.0179e-05 2.5522e-10 TSX
20121221 20160208 9.1893e-05 2.7463e-10 TSX
20121224 20130516 -7.6549e-05 5.6858e-10 TSX
20121229 20130407 2.8417e-05 6.5661e-10 TSX
20130104 20130217 3.4219e-05 7.7354e-10 TSX
20130109 20130715 6.2384e-05 5.3038e-10 TSX
20130112 20140511 3.3303e-05 3.5274e-10 TSX
20130115 20130721 -0.00022787 5.1587e-10 TSX
20130126 20130823 -0.00027666 4.9811e-10 TSX
20130131 20130429 -0.00010673 6.7821e-10 TSX
20130203 20130729 2.0994e-05 5.2366e-10 TSX
20130211 20130919 -6.4493e-05 4.9655e-10 TSX
20130228 20141209 -4.5216e-05 3.2927e-10 TSX
20130311 20130801 -0.00010524 5.6896e-10 TSX
20130316 20130623 -0.00011095 6.5702e-10 TSX
20130402 20150122 0.0001353 3.7968e-10 TSX
20130407 20140530 -4.3672e-05 3.8234e-10 TSX
20130421 20171016 4.2993e-05 2.6147e-10 TSX
20130424 20130721 -0.00033479 6.6506e-10 TSX
20130429 20130623 -0.00010348 7.5551e-10 TSX
20130505 20131028 -0.00063454 5.4201e-10 TSX
20130513 20151112 6.224e-05 2.8363e-10 TSX
20130516 20131017 -0.00031716 5.7269e-10 TSX
20130521 20130715 0.0001725 7.5511e-10 TSX
20130524 20171129 6.9092e-05 2.6483e-10 TSX
20130527 20140627 -1.5428e-05 3.8891e-10 TSX
20130601 20130930 9.5368e-05 6.1813e-10 TSX
20130604 20141217 5.9809e-05 3.4723e-10 TSX
20130607 20140719 -8.2323e-05 3.8311e-10 TSX
20130612 20150105 2.4589e-06 3.4161e-10 TSX
20130615 20160106 8.9596e-05 2.901e-10 TSX
20130618 20140708 -4.9625e-05 3.924e-10 TSX
20130623 20130715 0.00069468 8.6298e-10 TSX
20130629 20130914 0.00016238 6.9075e-10 TSX
20130707 20150130 4.6169e-05 3.3991e-10 TSX
20130710 20140901 -1.6955e-05 3.8117e-10 TSX
20130715 20130726 -0.0025181 1.0121e-09 TSX
20130721 20131108 0.00062439 6.2409e-10 TSX
20130726 20150517 7.0939e-05 3.2537e-10 TSX
20130729 20160904 -1.1703e-05 2.7486e-10 TSX
20130801 20151115 -2.9548e-05 2.9909e-10 TSX
20130817 20140209 -9.2178e-05 5.4159e-10 TSX
20130828 20150312 3.3773e-05 3.4084e-10 TSX
20130903 20150329 -2.0631e-05 3.7957e-10 TSX
20130919 20160309 -3.2977e-06 2.8432e-10 TSX
20130925 20140708 -7.423e-06 4.3433e-10 TSX
20130930 20160411 -5.5681e-05 2.8854e-10 TSX
20131011 20150802 -1.3371e-05 3.2246e-10 TSX
20131017 20140719 -2.2433e-05 4.4117e-10 TSX
20131028 20160304 -6.7095e-05 3.0283e-10 TSX
20131102 20140519 -0.0001428 5.175e-10 TSX
20131108 20140708 -4.5396e-05 4.6543e-10 TSX
20140209 20160309 -2.7951e-05 3.2203e-10 TSX
20140223 20140829 1.4968e-05 5.1085e-10 TSX
20140408 20140705 -3.529e-05 6.6134e-10 TSX
20140419 20170913 4.716e-05 2.7888e-10 TSX
20140511 20141228 4.1958e-05 4.7005e-10 TSX
20140519 20150824 3.0446e-05 3.6561e-10 TSX
20140624 20171005 6.6763e-05 3.1363e-10 TSX
20140627 20151115 -3.1509e-05 3.4289e-10 TSX
20140705 20180911 6.4776e-05 2.905e-10 TSX
20140708 20160406 4.3233e-05 3.2626e-10 TSX
20140716 20171005 3.7555e-05 2.878e-10 TSX
20140719 20151207 2.5776e-05 3.4459e-10 TSX
20140727 20150326 3.4145e-05 4.6149e-10 TSX
20140810 20150122 -3.7862e-05 5.3949e-10 TSX
20140818 20160301 7.491e-05 3.2686e-10 TSX
20140829 20160208 6.8914e-05 3.3587e-10 TSX
20140901 20140912 -0.00030134 9.684e-10 TSX
20140912 20141209 2.8161e-05 6.6421e-10 TSX
20140920 20170902 4.8771e-05 2.8174e-10 TSX
20141209 20160211 -4.0112e-06 3.6984e-10 TSX
20141217 20160722 6.0137e-05 3.2336e-10 TSX
20141228 20160106 6.7224e-05 3.8428e-10 TSX
20141231 20151024 -9.2658e-06 4.2592e-10 TSX
20150105 20150824 -3.4535e-05 4.864e-10 TSX
20150108 20170811 5.0047e-05 2.8401e-10 TSX
20150119 20160117 0.00012343 3.9118e-10 TSX
20150127 20160411 -2.9236e-05 3.7301e-10 TSX
20150130 20151112 9.1688e-05 4.3102e-10 TSX
20150210 20170114 0.00010348 3.1222e-10 TSX
20150213 20160326 1.5188e-05 3.9578e-10 TSX
20150218 20160216 -1.7155e-05 4.0243e-10 TSX
20150221 20180112 -3.0703e-05 2.8165e-10 TSX
20150304 20180911 3.3025e-05 2.9144e-10 TSX
20150307 20160211 -2.6504e-05 4.0114e-10 TSX
20150312 20160320 -7.3825e-05 3.9741e-10 TSX
20150326 20150827 5.5678e-05 5.5136e-10 TSX
20150329 20151207 -2.6463e-05 4.553e-10 TSX
20150428 20160425 9.8423e-05 3.8832e-10 TSX
20150509 20150827 -6.0996e-05 6.2094e-10 TSX
20150517 20150824 -8.2107e-05 6.5671e-10 TSX
20150520 20180911 4.902e-05 2.8483e-10 TSX
20150714 20170822 7.7247e-05 2.9575e-10 TSX
20150725 20170924 4.7284e-06 2.8968e-10 TSX
20150802 20160309 -5.8729e-05 4.9618e-10 TSX
20150805 20160403 6.5764e-05 4.614e-10 TSX
20150816 20171107 8.6172e-05 2.9636e-10 TSX
20150824 20150915 0.00073579 8.6272e-10 TSX
20150827 20170902 6.2295e-05 2.9271e-10 TSX
20150915 20160216 -0.00011143 5.6874e-10 TSX
20151021 20160904 -4.4277e-05 4.1094e-10 TSX
20151101 20171016 8.7106e-05 3.1939e-10 TSX
20151112 20160425 5.3178e-05 5.3589e-10 TSX
20151115 20151229 0.0001014 7.7349e-10 TSX
20151123 20171221 3.7193e-05 3.0526e-10 TSX
20151204 20151215 0.00016408 9.7791e-10 TSX
20151207 20160406 -8.2585e-05 6.022e-10 TSX
20151215 20170822 0.0001358 3.2206e-10 TSX
20151226 20161223 5.7175e-05 3.9247e-10 TSX
20151229 20160211 3.4218e-05 7.7349e-10 TSX
20160106 20161223 7.377e-05 3.9846e-10 TSX
20160117 20160926 4.1865e-05 4.5368e-10 TSX
20160128 20160301 -0.00018706 8.0647e-10 TSX
20160208 20160312 -7.2155e-05 8.0647e-10 TSX
20160216 20160309 -0.0004248 8.6272e-10 TSX
20160219 20180319 7.4682e-05 3.0457e-10 TSX
20160301 20161201 9.0374e-05 4.3801e-10 TSX
20160304 20160326 0.00010069 8.4914e-10 TSX
20160312 20180319 5.3423e-05 3.1026e-10 TSX
20160320 20160411 0.00034651 8.6273e-10 TSX
20160323 20171118 5.443e-05 3.2005e-10 TSX
20160326 20160406 -0.00053726 9.6833e-10 TSX
20160403 20171027 5.3862e-05 3.2004e-10 TSX
20160425 20170811 2.7253e-05 3.5119e-10 TSX
20160528 20160630 2.3924e-06 8.0648e-10 TSX
20160630 20171118 5.268e-05 3.4189e-10 TSX
20160722 20161201 0.0001412 5.8142e-10 TSX
20160904 20180707 5.8964e-05 3.3346e-10 TSX
20160915 20180911 3.4208e-05 3.0473e-10 TSX
20160926 20170114 0.00012119 6.1917e-10 TSX
20161201 20171027 3.5563e-05 4.1209e-10 TSX
20161223 20171107 4.1352e-05 4.1401e-10 TSX
20170114 20170902 -4.3344e-05 4.7027e-10 TSX
20170811 20171005 2.189e-05 7.4125e-10 TSX
20170822 20180707 -3.0413e-05 4.1256e-10 TSX
20170913 20180707 -9.7948e-05 4.2396e-10 TSX
20170924 20180319 5.7299e-05 5.2295e-10 TSX
20171005 20171107 4.6616e-05 8.0647e-10 TSX
20171016 20180319 6.7692e-05 5.5012e-10 TSX
20171027 20180911 -3.93e-05 4.1518e-10 TSX
20171107 20171118 8.5293e-05 9.7791e-10 TSX
20171118 20171129 6.3675e-05 9.7791e-10 TSX
20171129 20171221 3.4557e-06 8.5065e-10 TSX
20171210 20180820 -5.4113e-05 4.5452e-10 TSX
20171221 20180911 -5.7019e-05 4.469e-10 TSX
20180112 20181003 2.7373e-05 4.4543e-10 TSX
20180319 20180707 -0.00025133 6.1815e-10 TSX
20180707 20180911 0.00022105 7.125e-10 TSX
20180729 20181003 0.00011399 7.125e-10 TSX
20180820 20181003 0.00020935 7.7231e-10 TSX
20180911 20181003 -0.0001469 8.5065e-10 TSX
