20030427 20030914 0.00051883 5.9874e-10 ERS2
20030914 20080629 -5.1463e-05 2.7364e-10 ERS2
20050918 20090510 6.6487e-05 3.0731e-10 ERS2
20051127 20081116 0.00024424 3.0719e-10 ERS2
20060903 20090510 5.0192e-05 3.2037e-10 ERS2
20061231 20090105 7.8747e-05 3.3278e-10 ALOS
20070402 20070703 -9.4408e-06 7.0613e-10 ALOS
20070518 20091008 8.3354e-05 3.235e-10 ALOS
20070818 20071003 -0.00023992 8.0268e-10 ALOS
20071217 20100509 -5.8373e-05 3.2985e-10 ALOS
20080103 20100526 6.8598e-05 3.161e-10 ALOS
20080404 20080520 5.9866e-05 8.0292e-10 ALOS
20080618 20090921 -2.0502e-05 3.9261e-10 ALOS
20080629 20090510 -0.00055275 4.3322e-10 ERS2
20080705 20091008 -2.9233e-05 3.8338e-10 ALOS
20080803 20090823 1.4799e-05 3.9684e-10 ERS2
20081116 20090823 0.0003112 4.5037e-10 ERS2
20081219 20090921 0.00030274 4.7397e-10 ALOS
20090105 20090708 0.00022569 5.6621e-10 ALOS
20090510 20091101 0.00053721 5.5706e-10 ERS2
20090708 20091008 0.00045903 7.0701e-10 ALOS
20090823 20091101 -0.00014092 7.3206e-10 ERS2
20091222 20100624 -8.1942e-05 5.7396e-10 ALOS
20100108 20100223 0.00025479 8.0288e-10 ALOS
20100223 20100526 6.1257e-05 7.0769e-10 ALOS
20100410 20100711 -0.00022828 7.0658e-10 ALOS
20100509 20100624 0.00066215 8.0065e-10 ALOS
20100526 20100711 0.00033646 8.0287e-10 ALOS
20100624 20101109 0.00014366 6.2416e-10 ALOS
20100711 20101011 0.00021878 7.0629e-10 ALOS
20100809 20101109 -0.00012236 7.03e-10 ALOS
20101011 20101126 8.8268e-05 8.0287e-10 ALOS
20110111 20110226 0.00056081 8.0273e-10 ALOS
20110924 20130715 9.5225e-05 3.5873e-10 TSX
20111005 20121229 -0.00010469 4.2015e-10 TSX
20111121 20171221 -1.3748e-05 4.1089e-10 TSX
20111221 20130131 1.8392e-05 4.0961e-10 TSX
20111224 20121027 9.5715e-05 4.4004e-10 TSX
20120126 20140419 -7.4115e-05 4.8514e-10 TSX
20120203 20160320 -7.5995e-06 2.9291e-10 TSX
20120206 20171107 1.3964e-05 5.5383e-10 TSX
20120617 20171129 3.5822e-05 4.7948e-10 TSX
20120723 20160120 9.714e-05 3.5417e-10 TSX
20121024 20130109 9.7598e-05 7.4114e-10 TSX
20121027 20151226 -2.6062e-05 4.4272e-10 TSX
20121030 20130311 -3.1381e-05 6.227e-10 TSX
20121107 20171118 5.8192e-05 5.3339e-10 TSX
20121221 20160208 5.4579e-05 4.3185e-10 TSX
20121224 20130516 -0.0001939 6.0583e-10 TSX
20121229 20130407 -4.0505e-06 6.9687e-10 TSX
20130104 20130217 -5.4911e-05 7.9924e-10 TSX
20130109 20130715 9.9587e-05 6.1157e-10 TSX
20130112 20140511 5.3451e-06 4.53e-10 TSX
20130115 20130721 -0.00016713 5.5068e-10 TSX
20130126 20130823 -0.00015325 5.3881e-10 TSX
20130131 20130429 -8.822e-06 7.177e-10 TSX
20130203 20130729 -3.1173e-05 5.5695e-10 TSX
20130211 20130919 0.00019112 5.3499e-10 TSX
20130228 20141209 4.2879e-05 4.9841e-10 TSX
20130311 20130801 3.4816e-05 6.0721e-10 TSX
20130316 20130623 -4.7777e-05 6.9694e-10 TSX
20130402 20150122 0.00019167 3.8464e-10 TSX
20130407 20140530 1.3005e-05 4.223e-10 TSX
20130421 20171016 1.461e-05 5.8345e-10 TSX
20130424 20130721 -0.00021271 7.0186e-10 TSX
20130429 20130623 -0.0001321 7.8572e-10 TSX
20130505 20131028 -0.0004897 5.6838e-10 TSX
20130513 20151112 -4.7551e-06 4.4331e-10 TSX
20130516 20131017 -0.00013248 6e-10 TSX
20130521 20130715 0.00033732 7.8587e-10 TSX
20130524 20171129 3.2321e-05 5.4452e-10 TSX
20130527 20140627 -2.2376e-05 4.0844e-10 TSX
20130601 20130930 0.00054538 6.6096e-10 TSX
20130604 20141217 4.9704e-05 4.2188e-10 TSX
20130607 20140719 9.9453e-05 4.0461e-10 TSX
20130612 20150105 5.5727e-05 3.837e-10 TSX
20130615 20160106 1.9469e-05 5.3548e-10 TSX
20130618 20140708 8.2279e-05 4.156e-10 TSX
20130623 20130715 0.00073002 8.7734e-10 TSX
20130629 20130914 0.000374 7.2516e-10 TSX
20130707 20150130 5.8546e-05 4.1308e-10 TSX
20130710 20140901 0.00012601 4.0385e-10 TSX
20130715 20130726 -0.0025314 1.0221e-09 TSX
20130721 20131108 0.00056932 6.5903e-10 TSX
20130726 20150517 0.00010055 3.8441e-10 TSX
20130729 20160904 -1.004e-05 3.9713e-10 TSX
20130801 20151115 5.1664e-06 4.1576e-10 TSX
20130817 20140209 -4.6544e-05 5.7931e-10 TSX
20130828 20150312 -2.7604e-05 3.7029e-10 TSX
20130903 20150329 -0.00015115 3.6521e-10 TSX
20130919 20160309 -2.4334e-05 3.3425e-10 TSX
20130925 20140708 4.7666e-05 4.5442e-10 TSX
20130930 20160411 -0.00010441 3.3404e-10 TSX
20131011 20150802 2.5716e-05 3.842e-10 TSX
20131017 20140719 9.3818e-06 4.6248e-10 TSX
20131028 20160304 7.4614e-05 3.6521e-10 TSX
20131102 20140519 -0.00013403 5.5361e-10 TSX
20131108 20140708 8.9553e-05 4.8942e-10 TSX
20140209 20160309 0.00011523 3.8392e-10 TSX
20140223 20140829 0.00012575 5.4123e-10 TSX
20140408 20140705 2.3089e-06 6.9788e-10 TSX
20140419 20170913 3.1351e-05 3.6434e-10 TSX
20140511 20141228 9.2205e-05 4.9877e-10 TSX
20140519 20150824 0.00013012 3.9097e-10 TSX
20140624 20171005 7.2684e-05 4.6688e-10 TSX
20140627 20151115 6.4932e-05 3.8222e-10 TSX
20140705 20180911 7.3942e-07 4.9586e-10 TSX
20140708 20160406 -1.2352e-05 3.5839e-10 TSX
20140716 20171005 -2.9854e-05 3.9175e-10 TSX
20140719 20151207 5.7118e-05 3.6879e-10 TSX
20140727 20150326 -1.9271e-05 4.8447e-10 TSX
20140810 20150122 -6.9541e-05 5.7351e-10 TSX
20140818 20160301 -1.1452e-05 3.744e-10 TSX
20140829 20160208 1.3637e-05 4.3612e-10 TSX
20140901 20140912 -0.00029344 9.7772e-10 TSX
20140912 20141209 -4.7484e-05 7.0163e-10 TSX
20140920 20170902 -4.6971e-05 3.627e-10 TSX
20141209 20160211 -2.3721e-05 3.8636e-10 TSX
20141217 20160722 4.6767e-05 4.0963e-10 TSX
20141228 20160106 6.7884e-05 4.0591e-10 TSX
20141231 20151024 9.2644e-05 4.5195e-10 TSX
20150105 20150824 -1.4454e-05 5.1884e-10 TSX
20150108 20170811 3.2174e-05 4.8188e-10 TSX
20150119 20160117 7.3856e-05 4.0252e-10 TSX
20150127 20160411 -1.85e-05 4.0335e-10 TSX
20150130 20151112 3.0945e-05 5.0343e-10 TSX
20150210 20170114 4.5492e-05 4.5722e-10 TSX
20150213 20160326 -3.6379e-05 3.8881e-10 TSX
20150218 20160216 1.6648e-05 4.3041e-10 TSX
20150221 20180112 2.2705e-06 4.6092e-10 TSX
20150304 20180911 1.7349e-05 5.8795e-10 TSX
20150307 20160211 4.0283e-05 4.2375e-10 TSX
20150312 20160320 4.6804e-05 4.2786e-10 TSX
20150326 20150827 0.00012601 5.8598e-10 TSX
20150329 20151207 5.8486e-05 4.8121e-10 TSX
20150428 20160425 2.7492e-05 4.6376e-10 TSX
20150509 20150827 5.3839e-05 6.5567e-10 TSX
20150517 20150824 1.2399e-05 6.9721e-10 TSX
20150520 20180911 4.744e-05 5.656e-10 TSX
20150714 20170822 7.7483e-05 4.0997e-10 TSX
20150725 20170924 3.4478e-05 3.5512e-10 TSX
20150802 20160309 -7.7036e-05 5.2942e-10 TSX
20150805 20160403 -5.7577e-05 4.8483e-10 TSX
20150816 20171107 4.0799e-05 5.1164e-10 TSX
20150824 20150915 0.00070882 8.7717e-10 TSX
20150827 20170902 7.3905e-05 3.8792e-10 TSX
20150915 20160216 -0.00017705 6.0834e-10 TSX
20151021 20160904 -3.6627e-05 4.7855e-10 TSX
20151101 20171016 -2.5347e-05 4.7512e-10 TSX
20151112 20160425 -4.3568e-05 5.678e-10 TSX
20151115 20151229 0.00014688 7.9924e-10 TSX
20151123 20171221 8.3455e-05 4.3481e-10 TSX
20151204 20151215 0.00016269 9.8704e-10 TSX
20151207 20160406 -0.00014943 6.4094e-10 TSX
20151215 20170822 -3.9545e-05 4.5571e-10 TSX
20151226 20161223 3.9205e-05 4.4693e-10 TSX
20151229 20160211 3.2638e-05 7.9924e-10 TSX
20160106 20161223 -2.9319e-06 4.5981e-10 TSX
20160117 20160926 6.0601e-05 5.0374e-10 TSX
20160128 20160301 -0.00013586 8.2646e-10 TSX
20160208 20160312 -0.00011963 8.2646e-10 TSX
20160216 20160309 -0.00037188 8.7716e-10 TSX
20160219 20180319 6.0164e-05 4.2319e-10 TSX
20160301 20161201 0.00011721 4.8024e-10 TSX
20160304 20160326 3.6048e-05 8.6324e-10 TSX
20160312 20180319 7.6527e-05 4.318e-10 TSX
20160320 20160411 0.00037351 8.7717e-10 TSX
20160323 20171118 6.6946e-05 4.1468e-10 TSX
20160326 20160406 -0.0005074 9.7764e-10 TSX
20160403 20171027 -0.00011771 4.3046e-10 TSX
20160425 20170811 0.00011383 4.7429e-10 TSX
20160528 20160630 2.1182e-05 8.2646e-10 TSX
20160630 20171118 9.8574e-05 5.4407e-10 TSX
20160722 20161201 8.2889e-05 6.1834e-10 TSX
20160904 20180707 4.4696e-06 4.8055e-10 TSX
20160915 20180911 -2.2423e-06 4.3775e-10 TSX
20160926 20170114 3.4127e-05 6.5525e-10 TSX
20161201 20171027 2.3726e-05 5.2067e-10 TSX
20161223 20171107 9.1976e-05 5.3672e-10 TSX
20170114 20170902 -6.0486e-05 5.2727e-10 TSX
20170811 20171005 -4.5927e-05 7.7149e-10 TSX
20170822 20180707 -6.9987e-05 4.3048e-10 TSX
20170913 20180707 -0.00010568 4.7444e-10 TSX
20170924 20180319 -2.6462e-05 5.5347e-10 TSX
20171005 20171107 6.2509e-05 8.2646e-10 TSX
20171016 20180319 -1.6908e-06 5.8318e-10 TSX
20171027 20180911 -4.4999e-05 4.3061e-10 TSX
20171107 20171118 7.7475e-05 9.8704e-10 TSX
20171118 20171129 6.4515e-05 9.8704e-10 TSX
20171129 20171221 1.136e-05 8.6463e-10 TSX
20171210 20180820 -5.4704e-05 4.7509e-10 TSX
20171221 20180911 -0.00010136 4.7224e-10 TSX
20180112 20181003 0.00016181 4.7528e-10 TSX
20180319 20180707 -0.00016932 6.5505e-10 TSX
20180707 20180911 0.00021676 7.4592e-10 TSX
20180729 20181003 0.00015966 7.4593e-10 TSX
20180820 20181003 0.0002624 7.9797e-10 TSX
20180911 20181003 -0.00014253 8.6464e-10 TSX
