20030427 20030914 0.00019271 5.6789e-10 ERS2
20030914 20080629 -0.00012173 2.8551e-10 ERS2
20050918 20090510 3.853e-06 3.0455e-10 ERS2
20051127 20081116 0.00010193 3.1283e-10 ERS2
20060903 20090510 2.2198e-05 3.1278e-10 ERS2
20061231 20090105 -0.00018976 3.2276e-10 ALOS
20070402 20070703 7.7983e-05 6.7083e-10 ALOS
20070518 20091008 9.2189e-05 3.0435e-10 ALOS
20070818 20071003 -0.0004594 7.8204e-10 ALOS
20071217 20100509 6.5984e-05 3.0036e-10 ALOS
20080103 20100526 9.2271e-06 3.1501e-10 ALOS
20080404 20080520 5.4695e-06 7.822e-10 ALOS
20080618 20090921 -4.6624e-05 3.7275e-10 ALOS
20080629 20090510 8.4271e-05 4.1692e-10 ERS2
20080705 20091008 -3.9909e-05 3.6473e-10 ALOS
20080803 20090823 -4.8459e-06 3.8268e-10 ERS2
20081116 20090823 -2.2502e-05 4.3218e-10 ERS2
20081219 20090921 0.0001535 4.466e-10 ALOS
20090105 20090708 -7.8389e-05 5.3428e-10 ALOS
20090510 20091101 0.00051838 5.217e-10 ERS2
20090708 20091008 0.00055207 6.7109e-10 ALOS
20090823 20091101 -0.00015768 7.0406e-10 ERS2
20091222 20100624 0.000436 5.2647e-10 ALOS
20100108 20100223 0.00057772 7.8372e-10 ALOS
20100223 20100526 0.00032408 6.7198e-10 ALOS
20100410 20100711 -0.00028347 6.7142e-10 ALOS
20100509 20100624 0.00059892 7.7988e-10 ALOS
20100526 20100711 0.00042139 7.8204e-10 ALOS
20100624 20101109 -0.00016814 5.8558e-10 ALOS
20100711 20101011 -0.00023897 6.7051e-10 ALOS
20100809 20101109 -8.557e-05 6.6763e-10 ALOS
20101011 20101126 0.0003655 7.8204e-10 ALOS
20110111 20110226 0.00064285 7.8203e-10 ALOS
20110924 20130715 1.9734e-05 3.2413e-10 TSX
20111005 20121229 4.5619e-05 3.6887e-10 TSX
20111121 20171221 -2.8958e-06 2.4603e-10 TSX
20111221 20130131 7.1332e-06 3.857e-10 TSX
20111224 20121027 3.6176e-05 4.1957e-10 TSX
20120126 20140419 3.2975e-06 2.8999e-10 TSX
20120203 20160320 4.1598e-05 2.4425e-10 TSX
20120206 20171107 3.2949e-06 2.376e-10 TSX
20120617 20171129 3.6627e-07 2.4872e-10 TSX
20120723 20160120 4.7514e-06 2.5961e-10 TSX
20121024 20130109 6.8703e-05 7.072e-10 TSX
20121027 20151226 -2.2486e-06 2.6856e-10 TSX
20121030 20130311 6.4943e-05 5.8634e-10 TSX
20121107 20171118 5.8649e-06 2.4952e-10 TSX
20121221 20160208 3.3553e-06 2.6465e-10 TSX
20121224 20130516 -3.7576e-05 5.6982e-10 TSX
20121229 20130407 -5.7365e-05 6.6002e-10 TSX
20130104 20130217 6.9619e-05 7.7947e-10 TSX
20130109 20130715 4.2585e-05 5.323e-10 TSX
20130112 20140511 3.8808e-06 3.5523e-10 TSX
20130115 20130721 2.256e-06 5.1449e-10 TSX
20130126 20130823 -5.824e-05 5.4831e-10 TSX
20130131 20130429 5.1555e-05 6.8273e-10 TSX
20130203 20130729 -2.1414e-05 5.2391e-10 TSX
20130211 20130919 -5.6482e-05 4.9609e-10 TSX
20130228 20141209 2.8833e-05 3.1318e-10 TSX
20130311 20130801 -3.1481e-05 5.6977e-10 TSX
20130316 20130623 7.925e-05 6.6002e-10 TSX
20130402 20150122 -9.8409e-05 3.5281e-10 TSX
20130407 20140530 4.2201e-05 3.8128e-10 TSX
20130421 20171016 -2.432e-06 2.455e-10 TSX
20130424 20130721 -8.5744e-05 6.6801e-10 TSX
20130429 20130623 -4.811e-05 7.61e-10 TSX
20130505 20131028 0.00010125 5.816e-10 TSX
20130513 20151112 2.147e-05 2.7556e-10 TSX
20130516 20131017 -0.00013891 5.7413e-10 TSX
20130521 20130715 4.2811e-05 7.6102e-10 TSX
20130524 20171129 -7.8521e-07 2.4854e-10 TSX
20130527 20140627 5.4441e-05 3.84e-10 TSX
20130601 20130930 -6.1176e-05 6.195e-10 TSX
20130604 20141217 -6.1736e-06 3.3994e-10 TSX
20130607 20140719 -4.256e-05 3.8041e-10 TSX
20130612 20150105 6.1408e-06 3.3745e-10 TSX
20130615 20160106 1.2722e-05 2.7427e-10 TSX
20130618 20140708 -4.4987e-05 3.8828e-10 TSX
20130623 20130715 0.00059293 8.6792e-10 TSX
20130629 20130914 0.00017766 7.006e-10 TSX
20130707 20150130 7.5224e-06 3.3905e-10 TSX
20130710 20140901 -3.1925e-05 3.7762e-10 TSX
20130715 20130726 -0.0024184 1.0163e-09 TSX
20130721 20131108 0.00011541 6.4829e-10 TSX
20130726 20150517 8.6183e-05 3.237e-10 TSX
20130729 20160904 -3.0092e-06 2.7106e-10 TSX
20130801 20151115 -1.5623e-05 2.8825e-10 TSX
20130817 20140209 -3.5264e-05 5.4158e-10 TSX
20130828 20150312 -3.0582e-05 3.4133e-10 TSX
20130903 20150329 -0.00014072 3.546e-10 TSX
20130919 20160309 2.1591e-05 2.7383e-10 TSX
20130925 20140708 -0.00012718 4.7263e-10 TSX
20130930 20160411 1.6516e-05 2.7664e-10 TSX
20131011 20150802 3.8702e-05 3.1894e-10 TSX
20131017 20140719 1.8825e-05 4.5486e-10 TSX
20131028 20160304 2.7946e-05 2.9441e-10 TSX
20131102 20140519 8.4056e-05 5.174e-10 TSX
20131108 20140708 0.00012049 5.2504e-10 TSX
20140209 20160309 7.3776e-06 3.0211e-10 TSX
20140223 20140829 -5.3244e-06 5.1174e-10 TSX
20140408 20140705 -1.2237e-05 6.6597e-10 TSX
20140419 20170913 6.5498e-06 2.4982e-10 TSX
20140511 20141228 -1.5254e-06 4.705e-10 TSX
20140519 20150824 -1.0343e-05 3.6474e-10 TSX
20140624 20171005 1.089e-06 2.6106e-10 TSX
20140627 20151115 -4.6369e-05 3.3912e-10 TSX
20140705 20180911 -2.0832e-06 2.5281e-10 TSX
20140708 20160406 3.0005e-05 3.119e-10 TSX
20140716 20171005 6.7786e-06 2.6033e-10 TSX
20140719 20151207 -4.8505e-06 3.4053e-10 TSX
20140727 20150326 -2.3664e-05 4.6183e-10 TSX
20140810 20150122 3.0172e-05 5.4705e-10 TSX
20140818 20160301 9.9077e-06 3.2368e-10 TSX
20140829 20160208 -1.1937e-06 3.2922e-10 TSX
20140901 20140912 -0.00027108 9.7252e-10 TSX
20140912 20141209 3.1629e-05 6.6801e-10 TSX
20140920 20170902 1.6504e-05 2.6913e-10 TSX
20141209 20160211 -3.5857e-05 3.636e-10 TSX
20141217 20160722 3.4913e-06 3.1988e-10 TSX
20141228 20160106 7.1901e-06 3.8235e-10 TSX
20141231 20151024 -4.6531e-05 4.2547e-10 TSX
20150105 20150824 -2.0126e-05 4.8632e-10 TSX
20150108 20170811 2.3896e-05 2.7003e-10 TSX
20150119 20160117 2.0229e-05 3.8737e-10 TSX
20150127 20160411 -2.8128e-05 3.7163e-10 TSX
20150130 20151112 6.9759e-06 4.2866e-10 TSX
20150210 20170114 1.7198e-05 2.9732e-10 TSX
20150213 20160326 4.1426e-05 4.0547e-10 TSX
20150218 20160216 -2.52e-05 4.0266e-10 TSX
20150221 20180112 1.6026e-05 2.7884e-10 TSX
20150304 20180911 1.1068e-05 2.5778e-10 TSX
20150307 20160211 -2.9251e-05 4.008e-10 TSX
20150312 20160320 2.2085e-05 3.9812e-10 TSX
20150326 20150827 4.7975e-05 5.51e-10 TSX
20150329 20151207 -6.2976e-05 4.5491e-10 TSX
20150428 20160425 3.0707e-05 3.8665e-10 TSX
20150509 20150827 6.0473e-05 6.2108e-10 TSX
20150517 20150824 -0.00024031 6.6011e-10 TSX
20150520 20180911 8.247e-06 2.5558e-10 TSX
20150714 20170822 1.0141e-05 2.8916e-10 TSX
20150725 20170924 1.4068e-05 2.916e-10 TSX
20150802 20160309 -7.1006e-05 4.9608e-10 TSX
20150805 20160403 4.4615e-07 4.6161e-10 TSX
20150816 20171107 1.2625e-05 2.8775e-10 TSX
20150824 20150915 0.00051546 8.6782e-10 TSX
20150827 20170902 1.198e-05 2.9583e-10 TSX
20150915 20160216 7.6298e-05 5.6932e-10 TSX
20151021 20160904 -4.4735e-05 4.1223e-10 TSX
20151101 20171016 1.8106e-05 2.9826e-10 TSX
20151112 20160425 2.1108e-05 5.371e-10 TSX
20151115 20151229 0.00013655 7.7947e-10 TSX
20151123 20171221 6.4748e-06 2.9275e-10 TSX
20151204 20151215 0.00015238 9.8281e-10 TSX
20151207 20160406 -2.7639e-05 6.0427e-10 TSX
20151215 20170822 2.2219e-05 3.1144e-10 TSX
20151226 20161223 -6.2021e-06 3.9352e-10 TSX
20151229 20160211 2.3186e-05 7.7947e-10 TSX
20160106 20161223 2.9678e-08 3.9818e-10 TSX
20160117 20160926 -3.5368e-06 4.5323e-10 TSX
20160128 20160301 -0.00013326 8.1312e-10 TSX
20160208 20160312 -8.297e-05 8.1312e-10 TSX
20160216 20160309 -0.00030478 8.6782e-10 TSX
20160219 20180319 -5.3264e-07 2.9351e-10 TSX
20160301 20161201 3.8406e-05 4.3895e-10 TSX
20160304 20160326 1.7827e-05 8.541e-10 TSX
20160312 20180319 3.6019e-06 2.9583e-10 TSX
20160320 20160411 0.00035832 8.6783e-10 TSX
20160323 20171118 1.3761e-05 3.1782e-10 TSX
20160326 20160406 -0.00048329 9.7245e-10 TSX
20160403 20171027 2.4718e-05 3.2213e-10 TSX
20160425 20170811 2.1367e-05 3.4746e-10 TSX
20160528 20160630 -6.2746e-05 8.1312e-10 TSX
20160630 20171118 3.5412e-05 3.4027e-10 TSX
20160722 20161201 8.8617e-05 5.8333e-10 TSX
20160904 20180707 1.8599e-05 3.2584e-10 TSX
20160915 20180911 1.7824e-06 3.0016e-10 TSX
20160926 20170114 3.0573e-05 6.2113e-10 TSX
20161201 20171027 -3.7489e-06 4.0732e-10 TSX
20161223 20171107 2.1238e-05 4.0921e-10 TSX
20170114 20170902 2.1265e-05 4.6907e-10 TSX
20170811 20171005 -5.5504e-05 7.4809e-10 TSX
20170822 20180707 -1.8302e-05 4.1417e-10 TSX
20170913 20180707 -2.8553e-05 4.2574e-10 TSX
20170924 20180319 -3.2137e-05 5.24e-10 TSX
20171005 20171107 6.0947e-05 8.1312e-10 TSX
20171016 20180319 -2.4966e-06 5.5134e-10 TSX
20171027 20180911 -2.4432e-06 4.1424e-10 TSX
20171107 20171118 7.8457e-05 9.8281e-10 TSX
20171118 20171129 5.4243e-05 9.8281e-10 TSX
20171129 20171221 -1.914e-05 8.5648e-10 TSX
20171210 20180820 -1.3328e-05 4.5359e-10 TSX
20171221 20180911 -2.873e-05 4.458e-10 TSX
20180112 20181003 1.7098e-05 4.4576e-10 TSX
20180319 20180707 -3.932e-05 6.2114e-10 TSX
20180707 20180911 0.00012651 7.1874e-10 TSX
20180729 20181003 4.7285e-05 7.1874e-10 TSX
20180820 20181003 0.00011911 7.793e-10 TSX
20180911 20181003 -0.00012781 8.5648e-10 TSX
