20030427 20030914 0.0010235 5.6985e-10 ERS2
20030914 20080629 -0.00020751 2.7709e-10 ERS2
20050918 20090510 2.3032e-05 2.9718e-10 ERS2
20051127 20081116 -6.169e-05 3.1321e-10 ERS2
20060903 20090510 0.00020088 3.3048e-10 ERS2
20061231 20090105 -4.4882e-06 3.1387e-10 ALOS
20070402 20070703 -2.0885e-05 6.765e-10 ALOS
20070518 20091008 -0.00010805 3.0362e-10 ALOS
20070818 20071003 -0.00032862 7.8688e-10 ALOS
20071217 20100509 -8.7556e-05 2.9904e-10 ALOS
20080103 20100526 4.9591e-05 2.9779e-10 ALOS
20080404 20080520 0.00011077 7.8691e-10 ALOS
20080618 20090921 -0.00030442 3.7329e-10 ALOS
20080629 20090510 -0.00071655 4.1666e-10 ERS2
20080705 20091008 -0.00012454 3.6506e-10 ALOS
20080803 20090823 -5.6109e-05 3.8452e-10 ERS2
20081116 20090823 -0.00010214 4.3421e-10 ERS2
20081219 20090921 0.00024187 4.5061e-10 ALOS
20090105 20090708 0.00021547 5.3349e-10 ALOS
20090510 20091101 0.0001365 5.2134e-10 ERS2
20090708 20091008 0.00019295 6.7711e-10 ALOS
20090823 20091101 7.3765e-05 7.0525e-10 ERS2
20091222 20100624 -9.3236e-05 5.3186e-10 ALOS
20100108 20100223 0.00028673 7.8703e-10 ALOS
20100223 20100526 0.00012146 6.7629e-10 ALOS
20100410 20100711 -0.00017307 6.7736e-10 ALOS
20100509 20100624 0.00058778 7.8443e-10 ALOS
20100526 20100711 0.00031204 7.87e-10 ALOS
20100624 20101109 6.4392e-05 5.8976e-10 ALOS
20100711 20101011 -0.00028684 6.7633e-10 ALOS
20100809 20101109 -9.5733e-05 6.7297e-10 ALOS
20101011 20101126 0.00036349 7.8714e-10 ALOS
20110111 20110226 0.00061453 7.8689e-10 ALOS
20110924 20130715 3.1978e-05 3.9986e-10 TSX
20111005 20121229 -0.00012592 4.5112e-10 TSX
20111121 20171221 1.0374e-05 4.2278e-10 TSX
20111221 20130131 7.003e-05 4.1719e-10 TSX
20111224 20121027 -1.0106e-06 4.9177e-10 TSX
20120126 20140419 -3.803e-05 4.5287e-10 TSX
20120203 20160320 4.3454e-05 2.7385e-10 TSX
20120206 20171107 -6.9713e-05 4.6609e-10 TSX
20120617 20171129 -1.2269e-05 4.8667e-10 TSX
20120723 20160120 8.1591e-05 5.1139e-10 TSX
20121024 20130109 -1.1988e-05 7.1747e-10 TSX
20121027 20151226 -4.8588e-05 3.9929e-10 TSX
20121030 20130311 5.0647e-05 5.902e-10 TSX
20121107 20171118 -1.4975e-06 4.4488e-10 TSX
20121221 20160208 5.1295e-06 4.1779e-10 TSX
20121224 20130516 -3.7427e-05 5.7884e-10 TSX
20121229 20130407 3.391e-06 6.6718e-10 TSX
20130104 20130217 -1.6543e-06 7.8371e-10 TSX
20130109 20130715 0.00028114 5.9984e-10 TSX
20130112 20140511 -1.8627e-05 4.8196e-10 TSX
20130115 20130721 -0.00044093 5.3536e-10 TSX
20130126 20130823 -8.1673e-05 5.2493e-10 TSX
20130131 20130429 1.6926e-05 6.9034e-10 TSX
20130203 20130729 -5.4917e-05 5.5919e-10 TSX
20130211 20130919 1.1066e-05 5.3599e-10 TSX
20130228 20141209 -4.7389e-05 4.2208e-10 TSX
20130311 20130801 -8.0753e-05 5.8482e-10 TSX
20130316 20130623 -8.8016e-05 6.7263e-10 TSX
20130402 20150122 3.107e-05 3.5909e-10 TSX
20130407 20140530 3.8921e-05 4.1012e-10 TSX
20130421 20171016 -1.7593e-05 3.7392e-10 TSX
20130424 20130721 -0.00048126 6.7945e-10 TSX
20130429 20130623 -0.0001509 7.7127e-10 TSX
20130505 20131028 -0.00062944 5.7175e-10 TSX
20130513 20151112 4.1483e-05 4.56e-10 TSX
20130516 20131017 -0.00018712 6.073e-10 TSX
20130521 20130715 0.00025165 7.7124e-10 TSX
20130524 20171129 1.2231e-05 4.2367e-10 TSX
20130527 20140627 -6.6541e-05 4.2797e-10 TSX
20130601 20130930 0.00022639 6.3372e-10 TSX
20130604 20141217 6.5626e-05 4.5584e-10 TSX
20130607 20140719 -2.9663e-05 4.2394e-10 TSX
20130612 20150105 -0.00014407 4.1224e-10 TSX
20130615 20160106 8.0625e-05 3.6453e-10 TSX
20130618 20140708 -0.000115 4.8192e-10 TSX
20130623 20130715 0.00075637 8.7233e-10 TSX
20130629 20130914 0.00020813 7.0182e-10 TSX
20130707 20150130 5.7841e-05 3.5931e-10 TSX
20130710 20140901 4.6328e-06 4.1893e-10 TSX
20130715 20130726 -0.0025498 1.0195e-09 TSX
20130721 20131108 0.00056473 6.3557e-10 TSX
20130726 20150517 -3.8853e-05 3.7398e-10 TSX
20130729 20160904 -2.8438e-05 4.4311e-10 TSX
20130801 20151115 -5.9638e-05 3.5997e-10 TSX
20130817 20140209 -0.00014106 5.6315e-10 TSX
20130828 20150312 5.7899e-05 3.6754e-10 TSX
20130903 20150329 -9.2908e-05 4.5032e-10 TSX
20130919 20160309 4.2278e-05 3.3504e-10 TSX
20130925 20140708 -3.3304e-05 4.6261e-10 TSX
20130930 20160411 -7.0687e-05 3.9409e-10 TSX
20131011 20150802 -8.8567e-05 3.7909e-10 TSX
20131017 20140719 3.4623e-05 4.5899e-10 TSX
20131028 20160304 -4.3198e-06 3.307e-10 TSX
20131102 20140519 0.00013285 5.2821e-10 TSX
20131108 20140708 -1.0458e-05 4.8411e-10 TSX
20140209 20160309 0.00012393 3.545e-10 TSX
20140223 20140829 3.2699e-05 5.1782e-10 TSX
20140408 20140705 -2.7129e-05 6.6942e-10 TSX
20140419 20170913 6.0293e-06 4.393e-10 TSX
20140511 20141228 5.9625e-05 4.7794e-10 TSX
20140519 20150824 -3.2531e-05 3.9385e-10 TSX
20140624 20171005 1.64e-05 4.4526e-10 TSX
20140627 20151115 -1.2212e-05 3.7767e-10 TSX
20140705 20180911 2.9772e-05 4.4223e-10 TSX
20140708 20160406 -4.3108e-05 3.8852e-10 TSX
20140716 20171005 -4.1244e-05 4.4996e-10 TSX
20140719 20151207 -4.8295e-05 4.0417e-10 TSX
20140727 20150326 -1.2824e-05 4.6657e-10 TSX
20140810 20150122 -4.1551e-05 5.4693e-10 TSX
20140818 20160301 -7.9069e-06 3.6339e-10 TSX
20140829 20160208 -1.5684e-05 4.2149e-10 TSX
20140901 20140912 -0.00029189 9.7439e-10 TSX
20140912 20141209 -9.847e-06 6.7333e-10 TSX
20140920 20170902 5.5958e-05 4.1624e-10 TSX
20141209 20160211 -0.0001091 4.5703e-10 TSX
20141217 20160722 9.835e-06 4.0648e-10 TSX
20141228 20160106 -1.0472e-06 4.5811e-10 TSX
20141231 20151024 9.6361e-06 4.5042e-10 TSX
20150105 20150824 -2.0489e-05 5.1646e-10 TSX
20150108 20170811 -1.0079e-05 4.8296e-10 TSX
20150119 20160117 -3.6915e-05 4.308e-10 TSX
20150127 20160411 -8.2498e-05 4.1243e-10 TSX
20150130 20151112 1.432e-05 4.4626e-10 TSX
20150210 20170114 -2.8226e-05 4.4875e-10 TSX
20150213 20160326 0.00022403 4.9896e-10 TSX
20150218 20160216 -6.0324e-05 4.202e-10 TSX
20150221 20180112 -3.0546e-06 3.0987e-10 TSX
20150304 20180911 8.4799e-05 4.6046e-10 TSX
20150307 20160211 -2.5252e-05 4.3221e-10 TSX
20150312 20160320 -2.4782e-05 4.1489e-10 TSX
20150326 20150827 -1.0505e-05 5.6506e-10 TSX
20150329 20151207 -9.3505e-06 4.8873e-10 TSX
20150428 20160425 1.2604e-05 4.1213e-10 TSX
20150509 20150827 -0.00011339 6.2999e-10 TSX
20150517 20150824 4.9304e-05 6.8089e-10 TSX
20150520 20180911 -7.9953e-06 4.0514e-10 TSX
20150714 20170822 2.4601e-05 3.6686e-10 TSX
20150725 20170924 -4.7583e-05 3.9837e-10 TSX
20150802 20160309 -0.00011762 5.1209e-10 TSX
20150805 20160403 -8.0898e-05 4.7161e-10 TSX
20150816 20171107 -2.0843e-05 3.9676e-10 TSX
20150824 20150915 0.0007193 8.7155e-10 TSX
20150827 20170902 -7.0537e-05 3.54e-10 TSX
20150915 20160216 -0.00017736 5.7731e-10 TSX
20151021 20160904 -0.00013332 4.3478e-10 TSX
20151101 20171016 2.4145e-05 4.104e-10 TSX
20151112 20160425 8.9016e-06 5.4141e-10 TSX
20151115 20151229 0.00011493 7.8299e-10 TSX
20151123 20171221 -1.1736e-05 4.3044e-10 TSX
20151204 20151215 0.00014933 9.8331e-10 TSX
20151207 20160406 -5.4755e-05 6.0864e-10 TSX
20151215 20170822 0.00010797 4.4856e-10 TSX
20151226 20161223 4.5327e-05 4.0747e-10 TSX
20151229 20160211 7.6432e-05 7.83e-10 TSX
20160106 20161223 1.6959e-05 4.1515e-10 TSX
20160117 20160926 1.3676e-05 4.8047e-10 TSX
20160128 20160301 -0.0001275 8.1421e-10 TSX
20160208 20160312 -0.00012811 8.1421e-10 TSX
20160216 20160309 -0.00039947 8.7153e-10 TSX
20160219 20180319 3.825e-05 4.4922e-10 TSX
20160301 20161201 1.6811e-05 4.4655e-10 TSX
20160304 20160326 6.5803e-05 8.5649e-10 TSX
20160312 20180319 2.8525e-05 4.2452e-10 TSX
20160320 20160411 0.00037472 8.7154e-10 TSX
20160323 20171118 -2.5038e-05 4.5804e-10 TSX
20160326 20160406 -0.00050087 9.7431e-10 TSX
20160403 20171027 1.309e-05 4.5545e-10 TSX
20160425 20170811 -3.1118e-05 4.2129e-10 TSX
20160528 20160630 -7.1753e-05 8.1434e-10 TSX
20160630 20171118 3.5741e-05 4.6948e-10 TSX
20160722 20161201 0.00013575 5.8668e-10 TSX
20160904 20180707 -2.8735e-05 3.8067e-10 TSX
20160915 20180911 -3.1765e-05 3.6583e-10 TSX
20160926 20170114 5.6526e-05 6.3027e-10 TSX
20161201 20171027 -6.7669e-05 5.0143e-10 TSX
20161223 20171107 8.5853e-05 4.8533e-10 TSX
20170114 20170902 1.2281e-05 4.7519e-10 TSX
20170811 20171005 -9.8148e-05 7.4973e-10 TSX
20170822 20180707 -6.1268e-05 4.2269e-10 TSX
20170913 20180707 -0.0001325 4.4064e-10 TSX
20170924 20180319 6.9655e-05 5.268e-10 TSX
20171005 20171107 6.5985e-05 8.1434e-10 TSX
20171016 20180319 0.00014404 5.5739e-10 TSX
20171027 20180911 -7.4004e-05 4.3204e-10 TSX
20171107 20171118 7.1646e-05 9.8331e-10 TSX
20171118 20171129 6.4787e-05 9.8331e-10 TSX
20171129 20171221 -3.8276e-05 8.5732e-10 TSX
20171210 20180820 -7.8923e-05 4.6669e-10 TSX
20171221 20180911 -0.00013434 4.7416e-10 TSX
20180112 20181003 2.9889e-05 4.7643e-10 TSX
20180319 20180707 -0.0003266 6.2548e-10 TSX
20180707 20180911 0.00010082 7.2086e-10 TSX
20180729 20181003 -9.373e-05 7.2084e-10 TSX
20180820 20181003 0.00011718 7.8062e-10 TSX
20180911 20181003 -0.00023461 8.5725e-10 TSX
