20030427 20030914 -9.8797e-05 5.6647e-10 ERS2
20030914 20080629 4.6884e-05 2.7419e-10 ERS2
20050918 20090510 -5.9238e-06 3.0603e-10 ERS2
20051127 20081116 -7.0259e-05 3.0911e-10 ERS2
20060903 20090510 -0.00020458 3.0859e-10 ERS2
20061231 20090105 1.6307e-05 3.1742e-10 ALOS
20070402 20070703 -5.8235e-05 6.7349e-10 ALOS
20070518 20091008 -0.00011901 3.0745e-10 ALOS
20070818 20071003 -0.00041265 7.8435e-10 ALOS
20071217 20100509 8.783e-05 3.0066e-10 ALOS
20080103 20100526 1.7437e-05 3.2627e-10 ALOS
20080404 20080520 7.1278e-06 7.8439e-10 ALOS
20080618 20090921 -8.3263e-05 3.7275e-10 ALOS
20080629 20090510 -7.0416e-05 4.1513e-10 ERS2
20080705 20091008 -0.0003807 3.6582e-10 ALOS
20080803 20090823 -9.6415e-05 3.8398e-10 ERS2
20081116 20090823 -8.4712e-05 4.3254e-10 ERS2
20081219 20090921 -4.3641e-05 4.47e-10 ALOS
20090105 20090708 -8.8664e-05 5.324e-10 ALOS
20090510 20091101 -0.00038037 5.257e-10 ERS2
20090708 20091008 0.00010355 6.7333e-10 ALOS
20090823 20091101 5.0773e-05 7.0075e-10 ERS2
20091222 20100624 0.00029821 5.2685e-10 ALOS
20100108 20100223 0.00045899 7.8491e-10 ALOS
20100223 20100526 -0.0001689 6.7464e-10 ALOS
20100410 20100711 -0.00017082 6.7575e-10 ALOS
20100509 20100624 0.00062992 7.8175e-10 ALOS
20100526 20100711 0.00030264 7.8434e-10 ALOS
20100624 20101109 8.9503e-05 5.8762e-10 ALOS
20100711 20101011 -7.0273e-06 6.7348e-10 ALOS
20100809 20101109 3.7329e-05 6.7007e-10 ALOS
20101011 20101126 0.0002589 7.8432e-10 ALOS
20110111 20110226 0.00053298 7.8432e-10 ALOS
20110924 20130715 4.4654e-05 3.585e-10 TSX
20111005 20121229 2.1985e-05 3.9628e-10 TSX
20111121 20171221 1.0501e-05 4.7721e-10 TSX
20111221 20130131 8.5058e-07 3.8658e-10 TSX
20111224 20121027 -3.1113e-05 4.3039e-10 TSX
20120126 20140419 -6.642e-06 3.842e-10 TSX
20120203 20160320 8.7107e-05 3.0114e-10 TSX
20120206 20171107 2.8076e-06 4.7874e-10 TSX
20120617 20171129 -1.8519e-05 4.3411e-10 TSX
20120723 20160120 -2.8718e-05 3.3016e-10 TSX
20121024 20130109 -6.7641e-05 7.1092e-10 TSX
20121027 20151226 3.3896e-05 4.7885e-10 TSX
20121030 20130311 3.2324e-05 5.8711e-10 TSX
20121107 20171118 4.6648e-05 3.2564e-10 TSX
20121221 20160208 -1.5475e-05 3.9543e-10 TSX
20121224 20130516 -6.8472e-05 5.7085e-10 TSX
20121229 20130407 7.9752e-05 6.6349e-10 TSX
20130104 20130217 6.1117e-05 7.8008e-10 TSX
20130109 20130715 0.00024952 5.4775e-10 TSX
20130112 20140511 -1.1181e-05 4.393e-10 TSX
20130115 20130721 -4.6069e-05 5.1891e-10 TSX
20130126 20130823 -0.00029362 5.1467e-10 TSX
20130131 20130429 5.029e-05 6.8608e-10 TSX
20130203 20130729 2.5953e-05 5.312e-10 TSX
20130211 20130919 -5.8414e-05 5.2228e-10 TSX
20130228 20141209 -2.4188e-07 3.6961e-10 TSX
20130311 20130801 -5.2372e-05 5.825e-10 TSX
20130316 20130623 1.7426e-05 6.6494e-10 TSX
20130402 20150122 8.935e-05 4.3602e-10 TSX
20130407 20140530 9.509e-09 4.0142e-10 TSX
20130421 20171016 1.8016e-05 4.1195e-10 TSX
20130424 20130721 -0.00015449 6.6992e-10 TSX
20130429 20130623 -0.00010658 7.6405e-10 TSX
20130505 20131028 -0.00038016 6.3386e-10 TSX
20130513 20151112 3.6516e-05 4.3117e-10 TSX
20130516 20131017 -0.00016982 5.9156e-10 TSX
20130521 20130715 0.00014464 7.6533e-10 TSX
20130524 20171129 7.7008e-06 4.6549e-10 TSX
20130527 20140627 6.6509e-07 3.9845e-10 TSX
20130601 20130930 -2.5924e-05 6.2389e-10 TSX
20130604 20141217 -2.0692e-05 3.8449e-10 TSX
20130607 20140719 8.7571e-06 3.8832e-10 TSX
20130612 20150105 3.0496e-05 3.5978e-10 TSX
20130615 20160106 -4.9541e-05 4.8049e-10 TSX
20130618 20140708 -3e-05 3.939e-10 TSX
20130623 20130715 0.00061963 8.7028e-10 TSX
20130629 20130914 -3.1546e-05 7.0022e-10 TSX
20130707 20150130 2.5944e-06 3.9447e-10 TSX
20130710 20140901 2.1927e-05 3.867e-10 TSX
20130715 20130726 -0.0024116 1.0185e-09 TSX
20130721 20131108 -3.1068e-05 6.6492e-10 TSX
20130726 20150517 1.0541e-05 4.1459e-10 TSX
20130729 20160904 7.4392e-06 4.6818e-10 TSX
20130801 20151115 5.711e-05 4.1663e-10 TSX
20130817 20140209 4.6009e-05 5.4605e-10 TSX
20130828 20150312 1.5971e-06 3.7832e-10 TSX
20130903 20150329 -8.3242e-05 4.5128e-10 TSX
20130919 20160309 3.513e-05 3.8374e-10 TSX
20130925 20140708 6.5941e-05 4.9633e-10 TSX
20130930 20160411 6.9183e-05 3.6783e-10 TSX
20131011 20150802 3.8942e-06 4.4322e-10 TSX
20131017 20140719 -0.00012094 5.0968e-10 TSX
20131028 20160304 -0.00016078 3.1046e-10 TSX
20131102 20140519 0.00011629 5.1929e-10 TSX
20131108 20140708 -0.00012418 5.0897e-10 TSX
20140209 20160309 5.4975e-06 3.8305e-10 TSX
20140223 20140829 -1.4701e-05 5.2188e-10 TSX
20140408 20140705 -1.1727e-05 6.6372e-10 TSX
20140419 20170913 -1.3216e-05 3.8498e-10 TSX
20140511 20141228 2.7383e-05 4.8838e-10 TSX
20140519 20150824 6.4483e-05 4.2712e-10 TSX
20140624 20171005 -6.7714e-06 4.8368e-10 TSX
20140627 20151115 -0.00014273 4.234e-10 TSX
20140705 20180911 -1.3548e-05 3.8189e-10 TSX
20140708 20160406 3.9841e-05 3.9575e-10 TSX
20140716 20171005 1.6519e-06 4.3288e-10 TSX
20140719 20151207 -1.2247e-05 4.1824e-10 TSX
20140727 20150326 -5.3639e-05 4.7557e-10 TSX
20140810 20150122 7.4503e-05 5.6328e-10 TSX
20140818 20160301 5.2913e-06 4.9542e-10 TSX
20140829 20160208 -4.8605e-05 4.3463e-10 TSX
20140901 20140912 -0.00027081 9.7335e-10 TSX
20140912 20141209 5.3235e-05 6.6881e-10 TSX
20140920 20170902 -5.52e-06 3.7425e-10 TSX
20141209 20160211 1.8228e-06 4.4678e-10 TSX
20141217 20160722 -1.8079e-05 3.9767e-10 TSX
20141228 20160106 -9.3835e-05 4.6197e-10 TSX
20141231 20151024 -4.7559e-05 4.5155e-10 TSX
20150105 20150824 -8.9326e-05 5.1827e-10 TSX
20150108 20170811 2.0845e-05 4.8318e-10 TSX
20150119 20160117 1.8688e-05 4.5725e-10 TSX
20150127 20160411 7.6206e-05 4.0761e-10 TSX
20150130 20151112 -1.4478e-05 4.9392e-10 TSX
20150210 20170114 -1.587e-05 3.2907e-10 TSX
20150213 20160326 -5.0064e-05 3.9986e-10 TSX
20150218 20160216 -1.7927e-05 4.2096e-10 TSX
20150221 20180112 2.0927e-05 3.8887e-10 TSX
20150304 20180911 1.9666e-05 3.5703e-10 TSX
20150307 20160211 -1.3469e-05 4.2863e-10 TSX
20150312 20160320 4.1679e-05 4.1116e-10 TSX
20150326 20150827 3.9611e-05 5.9681e-10 TSX
20150329 20151207 3.1333e-05 5.0416e-10 TSX
20150428 20160425 3.8689e-05 4.4102e-10 TSX
20150509 20150827 -7.1902e-05 6.4329e-10 TSX
20150517 20150824 -0.00032899 6.7352e-10 TSX
20150520 20180911 3.0704e-05 4.3185e-10 TSX
20150714 20170822 -4.7176e-05 3.9664e-10 TSX
20150725 20170924 4.8063e-05 3.7967e-10 TSX
20150802 20160309 6.687e-07 5.1292e-10 TSX
20150805 20160403 6.6121e-05 4.935e-10 TSX
20150816 20171107 2.0321e-05 4.5881e-10 TSX
20150824 20150915 0.00053817 8.7019e-10 TSX
20150827 20170902 -6.1437e-05 4.1377e-10 TSX
20150915 20160216 6.8625e-05 5.8311e-10 TSX
20151021 20160904 -8.714e-06 4.6205e-10 TSX
20151101 20171016 -4.7527e-05 4.2929e-10 TSX
20151112 20160425 -5.1512e-06 5.4909e-10 TSX
20151115 20151229 6.8794e-05 7.8008e-10 TSX
20151123 20171221 1.9497e-05 3.855e-10 TSX
20151204 20151215 0.00016332 9.821e-10 TSX
20151207 20160406 -8.827e-06 6.0543e-10 TSX
20151215 20170822 4.1279e-05 4.465e-10 TSX
20151226 20161223 1.7213e-05 4.1076e-10 TSX
20151229 20160211 2.6553e-05 7.8008e-10 TSX
20160106 20161223 2.6553e-05 4.0974e-10 TSX
20160117 20160926 1.9997e-05 5.0312e-10 TSX
20160128 20160301 -0.00019249 8.1077e-10 TSX
20160208 20160312 -0.00011048 8.1077e-10 TSX
20160216 20160309 -0.0003133 8.7019e-10 TSX
20160219 20180319 4.6417e-06 4.1743e-10 TSX
20160301 20161201 2.9007e-05 4.4618e-10 TSX
20160304 20160326 3.5812e-05 8.5486e-10 TSX
20160312 20180319 -4.5954e-06 4.5566e-10 TSX
20160320 20160411 0.00038523 8.7029e-10 TSX
20160323 20171118 6.8276e-07 4.2156e-10 TSX
20160326 20160406 -0.00048867 9.7326e-10 TSX
20160403 20171027 3.6743e-05 4.2426e-10 TSX
20160425 20170811 2.0783e-05 4.5226e-10 TSX
20160528 20160630 -2.338e-06 8.1077e-10 TSX
20160630 20171118 1.2376e-05 4.0792e-10 TSX
20160722 20161201 7.4569e-05 5.8369e-10 TSX
20160904 20180707 -3.2064e-05 4.4347e-10 TSX
20160915 20180911 -2.2357e-06 3.9491e-10 TSX
20160926 20170114 9.5648e-05 6.287e-10 TSX
20161201 20171027 1.4402e-05 4.7462e-10 TSX
20161223 20171107 1.5645e-05 4.6077e-10 TSX
20170114 20170902 -2.1902e-05 5.2064e-10 TSX
20170811 20171005 -5.2478e-05 7.4488e-10 TSX
20170822 20180707 -6.8719e-05 4.324e-10 TSX
20170913 20180707 -0.00010972 4.5615e-10 TSX
20170924 20180319 -7.0969e-05 5.2632e-10 TSX
20171005 20171107 8.7208e-05 8.1077e-10 TSX
20171016 20180319 -5.6994e-05 5.5272e-10 TSX
20171027 20180911 -4.2982e-05 4.2341e-10 TSX
20171107 20171118 6.7258e-05 9.821e-10 TSX
20171118 20171129 5.3158e-05 9.821e-10 TSX
20171129 20171221 -1.5158e-06 8.5498e-10 TSX
20171210 20180820 -0.00010789 4.5668e-10 TSX
20171221 20180911 -4.8004e-05 4.5957e-10 TSX
20180112 20181003 3.7604e-05 4.536e-10 TSX
20180319 20180707 -0.00015146 6.2168e-10 TSX
20180707 20180911 0.00014886 7.1556e-10 TSX
20180729 20181003 5.0268e-07 7.1556e-10 TSX
20180820 20181003 0.00012657 7.7635e-10 TSX
20180911 20181003 -0.00014464 8.5498e-10 TSX
