20030427 20030914 -0.00043618 5.6567e-10 ERS2
20030914 20080629 9.2078e-05 2.7449e-10 ERS2
20050918 20090510 6.4923e-05 3.133e-10 ERS2
20051127 20081116 0.00038079 3.1114e-10 ERS2
20060903 20090510 -0.00031861 3.0871e-10 ERS2
20061231 20090105 0.00012467 3.2293e-10 ALOS
20070402 20070703 -0.00010047 6.6728e-10 ALOS
20070518 20091008 0.00016126 3.1885e-10 ALOS
20070818 20071003 -0.00035559 7.7575e-10 ALOS
20071217 20100509 -7.8761e-05 3.2895e-10 ALOS
20080103 20100526 -3.5262e-05 3.0436e-10 ALOS
20080404 20080520 -0.00018747 7.7684e-10 ALOS
20080618 20090921 -9.0711e-05 3.7313e-10 ALOS
20080629 20090510 -4.785e-05 4.1259e-10 ERS2
20080705 20091008 -0.00010253 3.6677e-10 ALOS
20080803 20090823 -3.2699e-05 3.8312e-10 ERS2
20081116 20090823 1.3052e-05 4.3195e-10 ERS2
20081219 20090921 -5.5405e-05 4.524e-10 ALOS
20090105 20090708 -0.0002421 5.31e-10 ALOS
20090510 20091101 0.00015144 5.2018e-10 ERS2
20090708 20091008 0.00027054 6.6617e-10 ALOS
20090823 20091101 -0.00019304 6.9859e-10 ERS2
20091222 20100624 0.0001428 5.3471e-10 ALOS
20100108 20100223 -0.00022277 7.7831e-10 ALOS
20100223 20100526 -0.00023706 6.6787e-10 ALOS
20100410 20100711 -0.00014196 6.6784e-10 ALOS
20100509 20100624 0.00051492 7.7372e-10 ALOS
20100526 20100711 0.00030622 7.7576e-10 ALOS
20100624 20101109 -0.00012924 5.8396e-10 ALOS
20100711 20101011 -1.4482e-05 6.6637e-10 ALOS
20100809 20101109 3.2838e-06 6.6351e-10 ALOS
20101011 20101126 0.00022115 7.7577e-10 ALOS
20110111 20110226 0.00053215 7.757e-10 ALOS
20110924 20130715 -1.9781e-05 3.5203e-10 TSX
20111005 20121229 -1.9962e-05 3.9713e-10 TSX
20111121 20171221 -3.0568e-05 3.3063e-10 TSX
20111221 20130131 -7.1434e-05 3.8622e-10 TSX
20111224 20121027 3.1854e-06 4.1935e-10 TSX
20120126 20140419 -4.1821e-05 3.1438e-10 TSX
20120203 20160320 -5.4052e-05 4.0789e-10 TSX
20120206 20171107 1.3832e-05 3.6865e-10 TSX
20120617 20171129 8.33e-06 2.6629e-10 TSX
20120723 20160120 -5.3084e-05 3.8275e-10 TSX
20121024 20130109 4.9853e-05 7.0163e-10 TSX
20121027 20151226 -1.0284e-06 3.3989e-10 TSX
20121030 20130311 -8.3988e-05 5.8464e-10 TSX
20121107 20171118 2.5299e-05 3.2163e-10 TSX
20121221 20160208 9.5327e-06 3.885e-10 TSX
20121224 20130516 -0.00011732 5.6848e-10 TSX
20121229 20130407 -7.6174e-05 6.5601e-10 TSX
20130104 20130217 -7.3026e-05 7.736e-10 TSX
20130109 20130715 -3.5566e-05 5.3872e-10 TSX
20130112 20140511 -6.6441e-06 3.6656e-10 TSX
20130115 20130721 -5.08e-05 5.1781e-10 TSX
20130126 20130823 0.00010893 5.2234e-10 TSX
20130131 20130429 -9.0216e-05 6.7793e-10 TSX
20130203 20130729 1.1001e-05 5.2332e-10 TSX
20130211 20130919 2.0899e-05 4.9679e-10 TSX
20130228 20141209 -1.6105e-05 4.0072e-10 TSX
20130311 20130801 1.9888e-05 5.6841e-10 TSX
20130316 20130623 -4.5608e-05 6.5601e-10 TSX
20130402 20150122 6.4274e-05 3.6125e-10 TSX
20130407 20140530 -7.6541e-05 3.8172e-10 TSX
20130421 20171016 1.1211e-05 3.456e-10 TSX
20130424 20130721 -9.1735e-05 6.64e-10 TSX
20130429 20130623 -6.5602e-05 7.5451e-10 TSX
20130505 20131028 -0.00039666 5.495e-10 TSX
20130513 20151112 4.4254e-05 3.5629e-10 TSX
20130516 20131017 0.00012207 6.1164e-10 TSX
20130521 20130715 0.00017395 7.5453e-10 TSX
20130524 20171129 3.3331e-05 3.149e-10 TSX
20130527 20140627 -2.4615e-05 3.8402e-10 TSX
20130601 20130930 0.00012757 6.169e-10 TSX
20130604 20141217 2.5823e-05 3.5446e-10 TSX
20130607 20140719 -3.1167e-05 3.8044e-10 TSX
20130612 20150105 -6.3934e-05 3.7096e-10 TSX
20130615 20160106 3.8181e-05 3.7407e-10 TSX
20130618 20140708 -1.8802e-05 3.8822e-10 TSX
20130623 20130715 0.00065739 8.63e-10 TSX
20130629 20130914 0.00022838 7.0926e-10 TSX
20130707 20150130 1.9846e-05 3.5738e-10 TSX
20130710 20140901 -3.2557e-05 3.7754e-10 TSX
20130715 20130726 -0.0023322 1.0123e-09 TSX
20130721 20131108 0.00094385 6.5169e-10 TSX
20130726 20150517 -6.6404e-05 4.069e-10 TSX
20130729 20160904 1.7085e-05 3.2366e-10 TSX
20130801 20151115 -3.8375e-05 3.8968e-10 TSX
20130817 20140209 -9.6126e-05 5.4095e-10 TSX
20130828 20150312 -5.2699e-05 3.7354e-10 TSX
20130903 20150329 -0.00010232 3.8139e-10 TSX
20130919 20160309 -9.1515e-06 3.6366e-10 TSX
20130925 20140708 -8.8718e-05 4.6888e-10 TSX
20130930 20160411 -3.4602e-05 3.9518e-10 TSX
20131011 20150802 -1.0422e-05 3.9337e-10 TSX
20131017 20140719 -0.00011454 5.1571e-10 TSX
20131028 20160304 8.1963e-05 3.4918e-10 TSX
20131102 20140519 -0.00013642 5.1708e-10 TSX
20131108 20140708 -6.7382e-05 5.2585e-10 TSX
20140209 20160309 -3.189e-05 3.9172e-10 TSX
20140223 20140829 4.0136e-05 5.1106e-10 TSX
20140408 20140705 -1.9806e-05 6.6123e-10 TSX
20140419 20170913 9.3917e-06 3.3094e-10 TSX
20140511 20141228 5.0135e-05 4.7269e-10 TSX
20140519 20150824 3.8495e-05 4.3309e-10 TSX
20140624 20171005 1.1052e-05 3.5227e-10 TSX
20140627 20151115 1.0484e-05 4.387e-10 TSX
20140705 20180911 3.8322e-05 3.7258e-10 TSX
20140708 20160406 -1.7593e-05 4.1199e-10 TSX
20140716 20171005 1.9457e-05 3.4629e-10 TSX
20140719 20151207 -1.9825e-05 4.204e-10 TSX
20140727 20150326 -2.7971e-05 4.6257e-10 TSX
20140810 20150122 -1.7801e-05 5.6955e-10 TSX
20140818 20160301 4.2243e-05 3.4986e-10 TSX
20140829 20160208 3.8323e-05 3.6986e-10 TSX
20140901 20140912 -0.00029845 9.6877e-10 TSX
20140912 20141209 -2.4751e-05 6.6369e-10 TSX
20140920 20170902 1.8544e-05 3.6839e-10 TSX
20141209 20160211 5.4123e-06 4.6973e-10 TSX
20141217 20160722 4.1299e-05 3.9149e-10 TSX
20141228 20160106 4.8373e-05 3.9796e-10 TSX
20141231 20151024 3.8968e-05 4.4616e-10 TSX
20150105 20150824 3.5881e-05 5.0771e-10 TSX
20150108 20170811 5.0796e-05 3.7898e-10 TSX
20150119 20160117 4.5489e-05 4.1169e-10 TSX
20150127 20160411 -7.3397e-05 4.3812e-10 TSX
20150130 20151112 5.4674e-05 4.3833e-10 TSX
20150210 20170114 7.2611e-05 3.7501e-10 TSX
20150213 20160326 -0.00030061 4.3136e-10 TSX
20150218 20160216 2.7683e-05 4.2717e-10 TSX
20150221 20180112 6.9836e-05 3.9525e-10 TSX
20150304 20180911 4.6217e-05 3.8098e-10 TSX
20150307 20160211 -9.8945e-06 4.2271e-10 TSX
20150312 20160320 -3.1195e-05 4.2777e-10 TSX
20150326 20150827 0.00011021 5.5235e-10 TSX
20150329 20151207 1.7019e-05 4.6024e-10 TSX
20150428 20160425 9.2574e-05 4.1121e-10 TSX
20150509 20150827 0.00013029 6.2348e-10 TSX
20150517 20150824 3.9376e-05 6.5677e-10 TSX
20150520 20180911 2.874e-05 3.1061e-10 TSX
20150714 20170822 3.18e-05 3.8797e-10 TSX
20150725 20170924 1.9011e-05 3.3412e-10 TSX
20150802 20160309 -0.00010382 5.1206e-10 TSX
20150805 20160403 1.2014e-05 4.7567e-10 TSX
20150816 20171107 4.4593e-05 3.3672e-10 TSX
20150824 20150915 0.00067746 8.629e-10 TSX
20150827 20170902 4.1999e-05 3.5182e-10 TSX
20150915 20160216 -0.00013996 5.8245e-10 TSX
20151021 20160904 -8.8221e-06 4.263e-10 TSX
20151101 20171016 3.045e-05 3.6539e-10 TSX
20151112 20160425 -2.1055e-05 5.3639e-10 TSX
20151115 20151229 0.0001825 7.736e-10 TSX
20151123 20171221 5.1934e-05 3.3609e-10 TSX
20151204 20151215 0.00017124 9.789e-10 TSX
20151207 20160406 -0.00012863 6.0212e-10 TSX
20151215 20170822 3.4677e-05 3.6124e-10 TSX
20151226 20161223 9.778e-05 4.0009e-10 TSX
20151229 20160211 -2.7527e-05 7.736e-10 TSX
20160106 20161223 0.00010176 4.0599e-10 TSX
20160117 20160926 6.5433e-05 4.6483e-10 TSX
20160128 20160301 -0.00016089 8.0714e-10 TSX
20160208 20160312 -0.00010129 8.0714e-10 TSX
20160216 20160309 -0.00038146 8.629e-10 TSX
20160219 20180319 2.8561e-05 3.2494e-10 TSX
20160301 20161201 0.00013113 4.387e-10 TSX
20160304 20160326 2.5989e-06 8.4948e-10 TSX
20160312 20180319 3.9564e-05 3.4809e-10 TSX
20160320 20160411 0.00037431 8.6291e-10 TSX
20160323 20171118 7.0481e-05 3.3965e-10 TSX
20160326 20160406 -0.00051436 9.687e-10 TSX
20160403 20171027 7.9379e-05 3.615e-10 TSX
20160425 20170811 9.2617e-05 4.0998e-10 TSX
20160528 20160630 8.9503e-06 8.0714e-10 TSX
20160630 20171118 7.1195e-05 3.5394e-10 TSX
20160722 20161201 0.00021827 5.8129e-10 TSX
20160904 20180707 -4.2064e-06 3.3068e-10 TSX
20160915 20180911 1.6794e-05 3.1916e-10 TSX
20160926 20170114 2.6356e-05 6.1825e-10 TSX
20161201 20171027 -1.2939e-05 4.1599e-10 TSX
20161223 20171107 -2.9443e-05 4.1944e-10 TSX
20170114 20170902 2.1173e-05 4.7691e-10 TSX
20170811 20171005 -7.549e-05 7.4148e-10 TSX
20170822 20180707 -6.9533e-05 4.1391e-10 TSX
20170913 20180707 -0.00012089 4.2605e-10 TSX
20170924 20180319 -7.8179e-05 5.232e-10 TSX
20171005 20171107 4.0647e-05 8.0714e-10 TSX
20171016 20180319 -5.9857e-05 5.5005e-10 TSX
20171027 20180911 -2.516e-05 4.1392e-10 TSX
20171107 20171118 8.5778e-05 9.789e-10 TSX
20171118 20171129 5.3402e-05 9.789e-10 TSX
20171129 20171221 -2.8966e-05 8.5153e-10 TSX
20171210 20180820 -4.3886e-05 4.5352e-10 TSX
20171221 20180911 -4.4129e-05 4.4579e-10 TSX
20180112 20181003 -9.1412e-06 4.4585e-10 TSX
20180319 20180707 -8.1095e-05 6.1792e-10 TSX
20180707 20180911 0.00028269 7.1254e-10 TSX
20180729 20181003 1.6625e-05 7.1254e-10 TSX
20180820 20181003 0.00011185 7.7273e-10 TSX
20180911 20181003 -0.00020052 8.5153e-10 TSX
