20030427 20030914 0.00014489 5.6712e-10 ERS2
20030914 20080629 -0.00011498 2.6907e-10 ERS2
20050918 20090510 1.7107e-06 3.0848e-10 ERS2
20051127 20081116 0.00025787 3.1015e-10 ERS2
20060903 20090510 -2.6231e-05 3.0831e-10 ERS2
20061231 20090105 -4.201e-05 3.605e-10 ALOS
20070402 20070703 -7.9117e-05 6.6791e-10 ALOS
20070518 20091008 2.9041e-05 3.2108e-10 ALOS
20070818 20071003 -0.00023466 7.7753e-10 ALOS
20071217 20100509 -6.0504e-05 3.031e-10 ALOS
20080103 20100526 -5.1541e-06 3.3012e-10 ALOS
20080404 20080520 0.00014052 7.7782e-10 ALOS
20080618 20090921 -0.00012519 3.726e-10 ALOS
20080629 20090510 -0.00015644 4.1692e-10 ERS2
20080705 20091008 -0.00023502 3.6738e-10 ALOS
20080803 20090823 1.1662e-05 3.8245e-10 ERS2
20081116 20090823 5.5824e-05 4.3216e-10 ERS2
20081219 20090921 7.4137e-05 4.4836e-10 ALOS
20090105 20090708 -0.00012553 5.3604e-10 ALOS
20090510 20091101 5.941e-05 5.2225e-10 ERS2
20090708 20091008 0.00017121 6.6748e-10 ALOS
20090823 20091101 6.806e-05 6.9863e-10 ERS2
20091222 20100624 0.0002577 5.2815e-10 ALOS
20100108 20100223 0.00017216 7.783e-10 ALOS
20100223 20100526 -0.00016468 6.6881e-10 ALOS
20100410 20100711 0.00014673 6.6789e-10 ALOS
20100509 20100624 0.00073049 7.753e-10 ALOS
20100526 20100711 0.00053643 7.7752e-10 ALOS
20100624 20101109 -4.529e-06 5.8434e-10 ALOS
20100711 20101011 -0.00018893 6.6716e-10 ALOS
20100809 20101109 -9.9673e-05 6.6438e-10 ALOS
20101011 20101126 0.00026406 7.7751e-10 ALOS
20110111 20110226 0.00044526 7.7743e-10 ALOS
20110924 20130715 2.0718e-05 4.014e-10 TSX
20111005 20121229 -2.2805e-05 4.1218e-10 TSX
20111121 20171221 5.9034e-05 4.2697e-10 TSX
20111221 20130131 4.0609e-06 3.8731e-10 TSX
20111224 20121027 9.3834e-06 4.2091e-10 TSX
20120126 20140419 1.2457e-05 4.6282e-10 TSX
20120203 20160320 1.7257e-05 3.002e-10 TSX
20120206 20171107 -1.3188e-05 5.4508e-10 TSX
20120617 20171129 -4.1455e-05 4.1057e-10 TSX
20120723 20160120 1.6717e-06 3.3269e-10 TSX
20121024 20130109 5.5856e-05 7.0335e-10 TSX
20121027 20151226 1.6726e-05 4.934e-10 TSX
20121030 20130311 3.2405e-06 5.8486e-10 TSX
20121107 20171118 7.7399e-05 3.5304e-10 TSX
20121221 20160208 -5.2388e-06 4.1947e-10 TSX
20121224 20130516 -5.3938e-06 5.6873e-10 TSX
20121229 20130407 3.3646e-05 6.5723e-10 TSX
20130104 20130217 -3.9387e-05 7.7471e-10 TSX
20130109 20130715 0.00016088 5.6944e-10 TSX
20130112 20140511 -0.00017308 4.1479e-10 TSX
20130115 20130721 -0.0001235 5.4325e-10 TSX
20130126 20130823 -0.00025912 5.4102e-10 TSX
20130131 20130429 -1.5479e-05 6.7923e-10 TSX
20130203 20130729 1.5912e-06 5.3607e-10 TSX
20130211 20130919 -1.5147e-05 5.2419e-10 TSX
20130228 20141209 -4.6452e-05 4.593e-10 TSX
20130311 20130801 -2.2822e-05 5.8966e-10 TSX
20130316 20130623 -0.00010719 6.6224e-10 TSX
20130402 20150122 -0.00012688 4.4627e-10 TSX
20130407 20140530 3.192e-06 4.1653e-10 TSX
20130421 20171016 -3.9715e-05 3.9041e-10 TSX
20130424 20130721 -0.00024336 6.6993e-10 TSX
20130429 20130623 -9.6495e-05 7.5716e-10 TSX
20130505 20131028 -0.00052066 5.5955e-10 TSX
20130513 20151112 3.415e-05 3.6477e-10 TSX
20130516 20131017 -5.8455e-05 5.7212e-10 TSX
20130521 20130715 0.00014243 7.5784e-10 TSX
20130524 20171129 7.5795e-05 5.5318e-10 TSX
20130527 20140627 -3.6901e-05 4.4238e-10 TSX
20130601 20130930 2.9063e-05 6.2002e-10 TSX
20130604 20141217 -3.4726e-05 4.7713e-10 TSX
20130607 20140719 3.7849e-05 4.1611e-10 TSX
20130612 20150105 -4.3844e-06 3.9324e-10 TSX
20130615 20160106 -2.6897e-05 3.9998e-10 TSX
20130618 20140708 -6.3678e-05 4.0553e-10 TSX
20130623 20130715 0.00066168 8.6506e-10 TSX
20130629 20130914 9.9805e-05 6.9381e-10 TSX
20130707 20150130 4.8171e-06 3.8824e-10 TSX
20130710 20140901 1.1768e-05 4.2122e-10 TSX
20130715 20130726 -0.0024106 1.0143e-09 TSX
20130721 20131108 0.0004829 6.6048e-10 TSX
20130726 20150517 2.3349e-05 4.3321e-10 TSX
20130729 20160904 2.2414e-05 4.5869e-10 TSX
20130801 20151115 8.0972e-05 4.0784e-10 TSX
20130817 20140209 -5.2651e-05 5.4235e-10 TSX
20130828 20150312 6.7186e-05 4.3706e-10 TSX
20130903 20150329 -6.7906e-05 4.5094e-10 TSX
20130919 20160309 -1.0779e-05 3.2637e-10 TSX
20130925 20140708 -6.4137e-05 4.5005e-10 TSX
20130930 20160411 0.00018288 3.9154e-10 TSX
20131011 20150802 2.406e-06 3.934e-10 TSX
20131017 20140719 -4.8241e-05 4.5889e-10 TSX
20131028 20160304 -0.00014543 3.4144e-10 TSX
20131102 20140519 -2.7682e-05 5.1735e-10 TSX
20131108 20140708 -1.6759e-05 4.935e-10 TSX
20140209 20160309 1.4942e-05 3.8638e-10 TSX
20140223 20140829 -5.6643e-06 5.1412e-10 TSX
20140408 20140705 -2.9116e-05 6.6178e-10 TSX
20140419 20170913 -4.5384e-05 4.404e-10 TSX
20140511 20141228 4.6157e-05 4.8857e-10 TSX
20140519 20150824 -1.806e-05 4.0353e-10 TSX
20140624 20171005 5.6953e-05 4.716e-10 TSX
20140627 20151115 1.0065e-05 3.973e-10 TSX
20140705 20180911 -4.774e-05 4.0733e-10 TSX
20140708 20160406 -8.0281e-05 4.2649e-10 TSX
20140716 20171005 6.2837e-05 5.2185e-10 TSX
20140719 20151207 -1.3615e-05 3.8919e-10 TSX
20140727 20150326 -2.4838e-05 4.6397e-10 TSX
20140810 20150122 -9.8426e-06 5.5596e-10 TSX
20140818 20160301 2.1669e-05 4.918e-10 TSX
20140829 20160208 -0.00014214 4.4659e-10 TSX
20140901 20140912 -0.00027656 9.7001e-10 TSX
20140912 20141209 6.7649e-06 6.6474e-10 TSX
20140920 20170902 2.1354e-05 4.0538e-10 TSX
20141209 20160211 2.5199e-05 4.3155e-10 TSX
20141217 20160722 2.2495e-05 3.8415e-10 TSX
20141228 20160106 -1.5719e-05 4.7926e-10 TSX
20141231 20151024 3.0408e-06 4.5767e-10 TSX
20150105 20150824 -0.0001145 5.1918e-10 TSX
20150108 20170811 -2.8341e-05 4.3823e-10 TSX
20150119 20160117 5.3698e-05 4.633e-10 TSX
20150127 20160411 6.9577e-05 3.9342e-10 TSX
20150130 20151112 0.00010204 4.6261e-10 TSX
20150210 20170114 2.9889e-05 3.9591e-10 TSX
20150213 20160326 -0.00013302 4.7867e-10 TSX
20150218 20160216 -1.282e-05 4.1509e-10 TSX
20150221 20180112 3.8743e-05 3.744e-10 TSX
20150304 20180911 9.5042e-05 4.2129e-10 TSX
20150307 20160211 -1.0107e-05 4.1873e-10 TSX
20150312 20160320 -6.289e-05 4.1856e-10 TSX
20150326 20150827 -1.6859e-05 5.6618e-10 TSX
20150329 20151207 -0.00011534 4.8977e-10 TSX
20150428 20160425 4.2438e-05 5.4496e-10 TSX
20150509 20150827 -0.00012697 6.3893e-10 TSX
20150517 20150824 -0.00022521 6.6051e-10 TSX
20150520 20180911 9.9461e-05 3.3399e-10 TSX
20150714 20170822 -0.00013455 4.0188e-10 TSX
20150725 20170924 7.3596e-05 3.7302e-10 TSX
20150802 20160309 -3.0352e-05 5.1538e-10 TSX
20150805 20160403 3.3651e-05 4.7471e-10 TSX
20150816 20171107 3.7156e-05 4.9464e-10 TSX
20150824 20150915 0.00069348 8.6496e-10 TSX
20150827 20170902 3.6082e-05 4.7684e-10 TSX
20150915 20160216 -8.3513e-05 5.784e-10 TSX
20151021 20160904 -5.6628e-05 4.5091e-10 TSX
20151101 20171016 0.00010459 4.5026e-10 TSX
20151112 20160425 7.1136e-06 5.3832e-10 TSX
20151115 20151229 9.2481e-05 7.747e-10 TSX
20151123 20171221 2.3277e-05 4.7738e-10 TSX
20151204 20151215 0.00016592 9.7927e-10 TSX
20151207 20160406 1.1416e-05 6.024e-10 TSX
20151215 20170822 -1.1287e-05 4.6149e-10 TSX
20151226 20161223 2.4052e-05 4.1986e-10 TSX
20151229 20160211 -2.6854e-05 7.7471e-10 TSX
20160106 20161223 5.0281e-05 4.0228e-10 TSX
20160117 20160926 5.9271e-05 4.7542e-10 TSX
20160128 20160301 -0.00024321 8.0752e-10 TSX
20160208 20160312 -0.00010871 8.0752e-10 TSX
20160216 20160309 -0.00039108 8.6496e-10 TSX
20160219 20180319 4.0921e-05 4.5547e-10 TSX
20160301 20161201 7.3537e-05 4.3996e-10 TSX
20160304 20160326 8.3471e-05 8.5071e-10 TSX
20160312 20180319 -3.5273e-05 4.3755e-10 TSX
20160320 20160411 0.00033761 8.6497e-10 TSX
20160323 20171118 2.9655e-05 3.9856e-10 TSX
20160326 20160406 -0.00053159 9.6993e-10 TSX
20160403 20171027 -0.00012404 4.8136e-10 TSX
20160425 20170811 0.00010588 4.3177e-10 TSX
20160528 20160630 7.8281e-06 8.0752e-10 TSX
20160630 20171118 4.7222e-05 5.147e-10 TSX
20160722 20161201 0.00010624 5.8241e-10 TSX
20160904 20180707 -3.1332e-06 5.3547e-10 TSX
20160915 20180911 -4.327e-05 4.999e-10 TSX
20160926 20170114 5.4426e-05 6.2442e-10 TSX
20161201 20171027 -6.8095e-05 5.1147e-10 TSX
20161223 20171107 -6.4051e-05 4.7816e-10 TSX
20170114 20170902 1.9053e-05 5.007e-10 TSX
20170811 20171005 -4.8151e-06 7.4188e-10 TSX
20170822 20180707 -0.00011181 4.1668e-10 TSX
20170913 20180707 -0.00015582 4.2553e-10 TSX
20170924 20180319 -3.5804e-05 5.2328e-10 TSX
20171005 20171107 7.8703e-05 8.0752e-10 TSX
20171016 20180319 -3.1713e-05 5.5015e-10 TSX
20171027 20180911 -5.5927e-05 4.1423e-10 TSX
20171107 20171118 7.477e-05 9.7927e-10 TSX
20171118 20171129 5.9461e-05 9.7927e-10 TSX
20171129 20171221 -1.1251e-05 8.5189e-10 TSX
20171210 20180820 -0.00011393 4.5365e-10 TSX
20171221 20180911 -5.9584e-05 4.4766e-10 TSX
20180112 20181003 -9.6656e-06 4.4661e-10 TSX
20180319 20180707 -0.00020194 6.1824e-10 TSX
20180707 20180911 0.00031299 7.1291e-10 TSX
20180729 20181003 7.8051e-05 7.1291e-10 TSX
20180820 20181003 0.00018108 7.7313e-10 TSX
20180911 20181003 -0.00019147 8.519e-10 TSX
