20030427 20030914 -0.0002407 5.9172e-10 ERS2
20030914 20080629 5.6315e-05 2.657e-10 ERS2
20050918 20090510 2.9052e-05 2.9615e-10 ERS2
20051127 20081116 -0.0001156 3.0609e-10 ERS2
20060903 20090510 3.776e-05 3.1521e-10 ERS2
20061231 20090105 -1.3356e-05 3.1536e-10 ALOS
20070402 20070703 -0.00023352 6.9755e-10 ALOS
20070518 20091008 -6.0439e-05 3.0104e-10 ALOS
20070818 20071003 -0.00041445 7.9823e-10 ALOS
20071217 20100509 -5.7047e-05 3.0409e-10 ALOS
20080103 20100526 -3.6174e-05 3.0003e-10 ALOS
20080404 20080520 -3.8762e-05 7.9823e-10 ALOS
20080618 20090921 -1.0057e-05 3.7738e-10 ALOS
20080629 20090510 -0.0001832 4.2011e-10 ERS2
20080705 20091008 7.7809e-05 3.7024e-10 ALOS
20080803 20090823 7.7816e-05 3.8719e-10 ERS2
20081116 20090823 -4.4424e-05 4.4219e-10 ERS2
20081219 20090921 0.00025185 4.5996e-10 ALOS
20090105 20090708 3.635e-05 5.5143e-10 ALOS
20090510 20091101 -0.00083161 5.4178e-10 ERS2
20090708 20091008 0.00042373 6.9753e-10 ALOS
20090823 20091101 0.00022273 7.2773e-10 ERS2
20091222 20100624 7.6518e-05 5.4815e-10 ALOS
20100108 20100223 -0.0001047 7.9819e-10 ALOS
20100223 20100526 2.5058e-05 6.9764e-10 ALOS
20100410 20100711 -9.9562e-05 6.9759e-10 ALOS
20100509 20100624 0.00065602 7.9621e-10 ALOS
20100526 20100711 0.00038876 7.9824e-10 ALOS
20100624 20101109 -9.6436e-05 6.1233e-10 ALOS
20100711 20101011 -9.6606e-05 6.9762e-10 ALOS
20100809 20101109 -9.5097e-05 6.9448e-10 ALOS
20101011 20101126 0.00023658 7.9824e-10 ALOS
20110111 20110226 0.00062813 7.9821e-10 ALOS
20110924 20130715 2.8696e-05 3.2658e-10 TSX
20111005 20121229 -1.4849e-05 3.7444e-10 TSX
20111121 20171221 1.6019e-05 2.4805e-10 TSX
20111221 20130131 -1.8878e-05 3.9241e-10 TSX
20111224 20121027 2.1402e-05 4.2819e-10 TSX
20120126 20140419 -4.1951e-06 2.9251e-10 TSX
20120203 20160320 -2.0303e-06 2.5176e-10 TSX
20120206 20171107 2.1996e-05 2.5044e-10 TSX
20120617 20171129 1.8403e-05 2.505e-10 TSX
20120723 20160120 8.4883e-06 2.6636e-10 TSX
20121024 20130109 0.00019658 7.323e-10 TSX
20121027 20151226 1.5309e-06 2.7106e-10 TSX
20121030 20130311 8.4073e-06 6.12e-10 TSX
20121107 20171118 3.2256e-05 2.4765e-10 TSX
20121221 20160208 7.5039e-06 2.6891e-10 TSX
20121224 20130516 -8.6687e-05 5.9468e-10 TSX
20121229 20130407 -7.1809e-05 6.8796e-10 TSX
20130104 20130217 -7.1503e-05 7.9537e-10 TSX
20130109 20130715 -2.1753e-05 5.523e-10 TSX
20130112 20140511 2.7778e-05 3.5602e-10 TSX
20130115 20130721 -0.00016451 5.3471e-10 TSX
20130126 20130823 -7.3347e-05 5.097e-10 TSX
20130131 20130429 6.1921e-06 7.0961e-10 TSX
20130203 20130729 -4.709e-05 5.4555e-10 TSX
20130211 20130919 4.6154e-05 5.1614e-10 TSX
20130228 20141209 1.8919e-05 3.1691e-10 TSX
20130311 20130801 -1.9682e-06 5.9456e-10 TSX
20130316 20130623 2.3667e-06 6.8796e-10 TSX
20130402 20150122 2.5122e-05 2.9575e-10 TSX
20130407 20140530 -3.1112e-07 3.8768e-10 TSX
20130421 20171016 2.4284e-05 2.5515e-10 TSX
20130424 20130721 -0.00021975 6.9405e-10 TSX
20130429 20130623 -6.9213e-05 7.8028e-10 TSX
20130505 20131028 -0.00042332 5.4798e-10 TSX
20130513 20151112 1.1356e-05 2.801e-10 TSX
20130516 20131017 -6.6952e-05 5.7781e-10 TSX
20130521 20130715 0.00026952 7.8032e-10 TSX
20130524 20171129 2.8079e-05 2.4916e-10 TSX
20130527 20140627 -2.238e-05 3.9021e-10 TSX
20130601 20130930 0.0002005 6.4791e-10 TSX
20130604 20141217 2.0767e-05 3.3877e-10 TSX
20130607 20140719 2.4443e-05 3.864e-10 TSX
20130612 20150105 1.1538e-05 3.4191e-10 TSX
20130615 20160106 2.3747e-05 2.7865e-10 TSX
20130618 20140708 4.4396e-05 3.948e-10 TSX
20130623 20130715 0.00062515 8.7459e-10 TSX
20130629 20130914 0.00020032 7.1781e-10 TSX
20130707 20150130 3.2841e-05 3.3814e-10 TSX
20130710 20140901 -1.4391e-05 3.8202e-10 TSX
20130715 20130726 -0.002359 1.0199e-09 TSX
20130721 20131108 0.00069649 6.5033e-10 TSX
20130726 20150517 -4.8996e-05 3.244e-10 TSX
20130729 20160904 8.6259e-07 2.7257e-10 TSX
20130801 20151115 3.2834e-06 2.9051e-10 TSX
20130817 20140209 -0.0001245 5.6607e-10 TSX
20130828 20150312 1.8829e-05 3.4403e-10 TSX
20130903 20150329 -0.00012508 3.1648e-10 TSX
20130919 20160309 1.4727e-05 2.8085e-10 TSX
20130925 20140708 3.7005e-06 4.4317e-10 TSX
20130930 20160411 -1.856e-05 2.772e-10 TSX
20131011 20150802 -4.8776e-06 3.2305e-10 TSX
20131017 20140719 -7.8074e-05 4.514e-10 TSX
20131028 20160304 -2.9222e-05 2.8267e-10 TSX
20131102 20140519 -3.7712e-05 5.3984e-10 TSX
20131108 20140708 -9.9158e-06 4.7793e-10 TSX
20140209 20160309 6.4985e-05 3.0822e-10 TSX
20140223 20140829 4.8038e-05 5.3204e-10 TSX
20140408 20140705 -1.6661e-05 6.9266e-10 TSX
20140419 20170913 4.5994e-05 2.5563e-10 TSX
20140511 20141228 -5.1649e-06 4.8581e-10 TSX
20140519 20150824 -3.0758e-05 3.6984e-10 TSX
20140624 20171005 1.9287e-05 2.6283e-10 TSX
20140627 20151115 -3.8693e-05 3.4444e-10 TSX
20140705 20180911 1.5838e-05 2.5355e-10 TSX
20140708 20160406 3.7104e-06 3.154e-10 TSX
20140716 20171005 2.5641e-05 2.644e-10 TSX
20140719 20151207 -1.3059e-05 3.4506e-10 TSX
20140727 20150326 -1.4639e-05 4.76e-10 TSX
20140810 20150122 -1.8623e-05 5.6254e-10 TSX
20140818 20160301 -9.4908e-06 3.259e-10 TSX
20140829 20160208 7.2164e-06 3.3288e-10 TSX
20140901 20140912 -0.00026731 9.7624e-10 TSX
20140912 20141209 -6.1979e-05 6.9404e-10 TSX
20140920 20170902 2.8226e-05 2.6816e-10 TSX
20141209 20160211 -4.5206e-05 3.6957e-10 TSX
20141217 20160722 -2.824e-05 3.2028e-10 TSX
20141228 20160106 2.9314e-06 3.8775e-10 TSX
20141231 20151024 -7.5049e-06 4.3616e-10 TSX
20150105 20150824 -3.3323e-05 5.0511e-10 TSX
20150108 20170811 3.2897e-05 2.7174e-10 TSX
20150119 20160117 3.0435e-05 3.9332e-10 TSX
20150127 20160411 -9.4849e-06 3.7674e-10 TSX
20150130 20151112 -1.9513e-05 4.3911e-10 TSX
20150210 20170114 1.6779e-05 2.9708e-10 TSX
20150213 20160326 -1.3042e-05 3.7581e-10 TSX
20150218 20160216 -5.7489e-06 4.1179e-10 TSX
20150221 20180112 3.5271e-05 2.6312e-10 TSX
20150304 20180911 2.2136e-05 2.5671e-10 TSX
20150307 20160211 2.7732e-06 4.0954e-10 TSX
20150312 20160320 -0.00011284 4.062e-10 TSX
20150326 20150827 3.0899e-06 5.7504e-10 TSX
20150329 20151207 -3.0156e-05 4.6913e-10 TSX
20150428 20160425 1.7126e-05 3.9286e-10 TSX
20150509 20150827 4.9935e-05 6.4835e-10 TSX
20150517 20150824 -2.5046e-05 6.8796e-10 TSX
20150520 20180911 4.1365e-05 2.5914e-10 TSX
20150714 20170822 4.5047e-05 2.9215e-10 TSX
20150725 20170924 2.9167e-05 2.8965e-10 TSX
20150802 20160309 -7.8583e-05 5.1615e-10 TSX
20150805 20160403 3.0306e-05 4.7572e-10 TSX
20150816 20171107 3.6881e-05 2.8994e-10 TSX
20150824 20150915 0.00062387 8.7448e-10 TSX
20150827 20170902 2.7472e-05 2.9689e-10 TSX
20150915 20160216 -4.6318e-05 5.9583e-10 TSX
20151021 20160904 -1.7931e-05 4.2058e-10 TSX
20151101 20171016 1.4708e-05 3.0084e-10 TSX
20151112 20160425 -5.6128e-06 5.6001e-10 TSX
20151115 20151229 0.00014775 7.9537e-10 TSX
20151123 20171221 3.4943e-05 2.9504e-10 TSX
20151204 20151215 0.00015509 9.8695e-10 TSX
20151207 20160406 -4.8847e-05 6.3056e-10 TSX
20151215 20170822 2.6996e-05 3.1384e-10 TSX
20151226 20161223 2.8752e-05 3.9916e-10 TSX
20151229 20160211 2.3532e-05 7.9537e-10 TSX
20160106 20161223 3.0916e-05 4.0435e-10 TSX
20160117 20160926 -2.6157e-05 4.6629e-10 TSX
20160128 20160301 -0.0001867 8.2501e-10 TSX
20160208 20160312 -9.3402e-05 8.2501e-10 TSX
20160216 20160309 -0.00036897 8.7448e-10 TSX
20160219 20180319 3.0125e-05 2.9646e-10 TSX
20160301 20161201 2.4933e-05 4.4994e-10 TSX
20160304 20160326 5.5048e-05 8.6118e-10 TSX
20160312 20180319 4.3304e-05 2.9755e-10 TSX
20160320 20160411 0.00042091 8.7449e-10 TSX
20160323 20171118 1.6767e-05 3.1838e-10 TSX
20160326 20160406 -0.00053829 9.7617e-10 TSX
20160403 20171027 2.7454e-05 3.2353e-10 TSX
20160425 20170811 2.0872e-05 3.4956e-10 TSX
20160528 20160630 1.313e-05 8.2501e-10 TSX
20160630 20171118 3.9895e-05 3.4033e-10 TSX
20160722 20161201 4.5873e-05 6.0949e-10 TSX
20160904 20180707 5.8205e-05 3.2297e-10 TSX
20160915 20180911 2.0622e-05 3.0159e-10 TSX
20160926 20170114 1.7816e-05 6.4841e-10 TSX
20161201 20171027 2.7671e-05 4.1421e-10 TSX
20161223 20171107 2.4863e-05 4.1739e-10 TSX
20170114 20170902 1.5754e-05 4.8438e-10 TSX
20170811 20171005 -5.7828e-05 7.6833e-10 TSX
20170822 20180707 4.0892e-05 4.2175e-10 TSX
20170913 20180707 2.1077e-05 4.3452e-10 TSX
20170924 20180319 9.9118e-05 5.4563e-10 TSX
20171005 20171107 1.4416e-05 8.2501e-10 TSX
20171016 20180319 6.0581e-05 5.7549e-10 TSX
20171027 20180911 -6.8261e-06 4.219e-10 TSX
20171107 20171118 7.2764e-05 9.8695e-10 TSX
20171118 20171129 4.8658e-05 9.8695e-10 TSX
20171129 20171221 -5.9743e-06 8.6397e-10 TSX
20171210 20180820 1.5167e-06 4.6673e-10 TSX
20171221 20180911 6.8843e-05 4.5799e-10 TSX
20180112 20181003 2.1809e-05 4.5799e-10 TSX
20180319 20180707 -4.6236e-05 6.4842e-10 TSX
20180707 20180911 2.3744e-05 7.4202e-10 TSX
20180729 20181003 7.7836e-05 7.4201e-10 TSX
20180820 20181003 0.00019361 7.9566e-10 TSX
20180911 20181003 -8.3432e-05 8.6397e-10 TSX
