20030427 20030914 0.00017142 5.7312e-10 ERS2
20030914 20080629 -0.00010702 2.8716e-10 ERS2
20050918 20090510 -1.4731e-05 3.0663e-10 ERS2
20051127 20081116 0.00010873 3.1258e-10 ERS2
20060903 20090510 -4.6168e-05 3.2048e-10 ERS2
20061231 20090105 1.3728e-07 3.1055e-10 ALOS
20070402 20070703 -4.5307e-05 6.7315e-10 ALOS
20070518 20091008 -2.7253e-05 2.9508e-10 ALOS
20070818 20071003 -0.00048301 7.8368e-10 ALOS
20071217 20100509 -3.2298e-06 2.9609e-10 ALOS
20080103 20100526 2.0225e-05 2.9477e-10 ALOS
20080404 20080520 1.5631e-05 7.8368e-10 ALOS
20080618 20090921 -5.8003e-05 3.7096e-10 ALOS
20080629 20090510 -0.00012006 4.1387e-10 ERS2
20080705 20091008 -0.00018528 3.645e-10 ALOS
20080803 20090823 -9.9644e-06 3.8481e-10 ERS2
20081116 20090823 -1.7604e-05 4.3356e-10 ERS2
20081219 20090921 -0.00011077 4.4707e-10 ALOS
20090105 20090708 3.3564e-05 5.3069e-10 ALOS
20090510 20091101 -0.00017104 5.2318e-10 ERS2
20090708 20091008 8.7244e-05 6.7315e-10 ALOS
20090823 20091101 0.00038061 7.0976e-10 ERS2
20091222 20100624 9.6852e-05 5.2771e-10 ALOS
20100108 20100223 -0.00010788 7.8373e-10 ALOS
20100223 20100526 -2.7057e-05 6.7313e-10 ALOS
20100410 20100711 -0.00022793 6.7315e-10 ALOS
20100509 20100624 0.00079236 7.8133e-10 ALOS
20100526 20100711 0.00034793 7.8369e-10 ALOS
20100624 20101109 -0.00013639 5.8774e-10 ALOS
20100711 20101011 -0.00026656 6.7318e-10 ALOS
20100809 20101109 -6.5747e-05 6.6993e-10 ALOS
20101011 20101126 0.00025562 7.8369e-10 ALOS
20110111 20110226 0.00056457 7.8368e-10 ALOS
20110924 20130715 2.2264e-05 3.22e-10 TSX
20111005 20121229 1.0154e-05 3.6874e-10 TSX
20111121 20171221 -9.1594e-06 2.7824e-10 TSX
20111221 20130131 3.0617e-05 3.8566e-10 TSX
20111224 20121027 -1.6372e-05 4.2121e-10 TSX
20120126 20140419 1.2919e-05 2.9206e-10 TSX
20120203 20160320 -5.8844e-06 2.4536e-10 TSX
20120206 20171107 1.4665e-05 2.7502e-10 TSX
20120617 20171129 -2.2711e-06 2.7855e-10 TSX
20120723 20160120 -1.6098e-05 2.5718e-10 TSX
20121024 20130109 0.00013555 7.1014e-10 TSX
20121027 20151226 4.0084e-06 2.7059e-10 TSX
20121030 20130311 1.3807e-05 5.8747e-10 TSX
20121107 20171118 -2.0441e-07 2.6258e-10 TSX
20121221 20160208 -5.9509e-06 2.7309e-10 TSX
20121224 20130516 -7.2985e-05 5.7085e-10 TSX
20121229 20130407 3.1873e-05 6.6334e-10 TSX
20130104 20130217 -3.7489e-05 7.8045e-10 TSX
20130109 20130715 2.7268e-05 5.3189e-10 TSX
20130112 20140511 8.0207e-06 3.5685e-10 TSX
20130115 20130721 -0.00013935 5.1527e-10 TSX
20130126 20130823 -0.00023688 5.0017e-10 TSX
20130131 20130429 -4.8214e-05 6.8592e-10 TSX
20130203 20130729 -3.3598e-05 5.277e-10 TSX
20130211 20130919 -6.4625e-05 4.9825e-10 TSX
20130228 20141209 1.9987e-05 3.11e-10 TSX
20130311 20130801 -6.8783e-05 5.7082e-10 TSX
20130316 20130623 5.6239e-05 6.6334e-10 TSX
20130402 20150122 3.4668e-05 3.0853e-10 TSX
20130407 20140530 -1.0197e-05 3.8093e-10 TSX
20130421 20171016 -1.2028e-05 2.77e-10 TSX
20130424 20130721 -0.00024105 6.6939e-10 TSX
20130429 20130623 -0.0001174 7.6332e-10 TSX
20130505 20131028 -0.00061087 5.3124e-10 TSX
20130513 20151112 1.8155e-06 2.8881e-10 TSX
20130516 20131017 -0.00028005 5.5618e-10 TSX
20130521 20130715 0.00015439 7.6335e-10 TSX
20130524 20171129 -1.3548e-07 2.7144e-10 TSX
20130527 20140627 1.0533e-05 3.8279e-10 TSX
20130601 20130930 3.987e-05 6.2286e-10 TSX
20130604 20141217 3.9519e-06 3.4155e-10 TSX
20130607 20140719 -7.158e-07 3.7938e-10 TSX
20130612 20150105 1.9907e-05 3.3688e-10 TSX
20130615 20160106 1.3061e-05 2.8042e-10 TSX
20130618 20140708 -3.5535e-05 3.8724e-10 TSX
20130623 20130715 0.0005926 8.6908e-10 TSX
20130629 20130914 0.00032549 6.9446e-10 TSX
20130707 20150130 5.4125e-06 3.4132e-10 TSX
20130710 20140901 -7.6909e-06 3.7575e-10 TSX
20130715 20130726 -0.0024579 1.0173e-09 TSX
20130721 20131108 0.0008532 6.2489e-10 TSX
20130726 20150517 8.6435e-05 3.2048e-10 TSX
20130729 20160904 6.6917e-06 2.7273e-10 TSX
20130801 20151115 2.7919e-05 2.8391e-10 TSX
20130817 20140209 1.4715e-05 5.4436e-10 TSX
20130828 20150312 1.3719e-06 3.3948e-10 TSX
20130903 20150329 -0.00014286 3.2744e-10 TSX
20130919 20160309 3.3427e-05 2.7698e-10 TSX
20130925 20140708 3.566e-06 4.3194e-10 TSX
20130930 20160411 2.5864e-05 2.7541e-10 TSX
20131011 20150802 9.9255e-06 3.1861e-10 TSX
20131017 20140719 -5.0095e-05 4.3941e-10 TSX
20131028 20160304 1.4447e-05 3.2392e-10 TSX
20131102 20140519 -0.000114 5.1989e-10 TSX
20131108 20140708 -2.188e-05 4.6364e-10 TSX
20140209 20160309 -2.3488e-05 3.0382e-10 TSX
20140223 20140829 -5.5598e-06 5.1511e-10 TSX
20140408 20140705 2.0967e-06 6.7267e-10 TSX
20140419 20170913 -1.8993e-05 2.7954e-10 TSX
20140511 20141228 -1.4374e-06 4.7258e-10 TSX
20140519 20150824 8.7135e-05 3.6458e-10 TSX
20140624 20171005 -1.2414e-05 2.9856e-10 TSX
20140627 20151115 -9.9711e-07 3.3933e-10 TSX
20140705 20180911 -7.3037e-06 2.8568e-10 TSX
20140708 20160406 4.4814e-05 3.1017e-10 TSX
20140716 20171005 -7.6097e-06 2.9678e-10 TSX
20140719 20151207 1.7792e-05 3.3945e-10 TSX
20140727 20150326 1.1876e-05 4.6387e-10 TSX
20140810 20150122 -1.8039e-05 5.4092e-10 TSX
20140818 20160301 8.1099e-06 3.2799e-10 TSX
20140829 20160208 1.3982e-05 3.3281e-10 TSX
20140901 20140912 -0.000313 9.7282e-10 TSX
20140912 20141209 0.00015299 6.6939e-10 TSX
20140920 20170902 -8.5515e-06 2.8585e-10 TSX
20141209 20160211 -2.2554e-05 3.6336e-10 TSX
20141217 20160722 -1.1963e-05 3.2169e-10 TSX
20141228 20160106 8.4356e-06 3.834e-10 TSX
20141231 20151024 -1.6823e-07 4.2546e-10 TSX
20150105 20150824 -2.0048e-05 4.8821e-10 TSX
20150108 20170811 4.984e-06 2.982e-10 TSX
20150119 20160117 1.2016e-05 3.8759e-10 TSX
20150127 20160411 7.1188e-05 3.7113e-10 TSX
20150130 20151112 -1.132e-05 4.2971e-10 TSX
20150210 20170114 4.9604e-06 3.0871e-10 TSX
20150213 20160326 -5.9617e-05 4.0669e-10 TSX
20150218 20160216 3.5149e-05 4.0338e-10 TSX
20150221 20180112 -1.03e-05 3.0451e-10 TSX
20150304 20180911 7.3974e-06 2.9478e-10 TSX
20150307 20160211 1.7464e-05 4.0103e-10 TSX
20150312 20160320 3.679e-05 3.9822e-10 TSX
20150326 20150827 -2.9258e-05 5.5501e-10 TSX
20150329 20151207 6.9684e-07 4.555e-10 TSX
20150428 20160425 1.2447e-05 3.8726e-10 TSX
20150509 20150827 -6.5621e-05 6.2703e-10 TSX
20150517 20150824 -0.00020723 6.6335e-10 TSX
20150520 20180911 -4.3156e-07 2.8592e-10 TSX
20150714 20170822 -1.5661e-05 2.9582e-10 TSX
20150725 20170924 -1.2664e-05 2.9282e-10 TSX
20150802 20160309 3.2077e-05 4.9824e-10 TSX
20150805 20160403 8.5892e-06 4.6335e-10 TSX
20150816 20171107 -1.3567e-05 2.9342e-10 TSX
20150824 20150915 0.00067532 8.6897e-10 TSX
20150827 20170902 3.6538e-06 3.0196e-10 TSX
20150915 20160216 -5.97e-05 5.7239e-10 TSX
20151021 20160904 1.6404e-05 4.1405e-10 TSX
20151101 20171016 -1.9669e-06 3.0516e-10 TSX
20151112 20160425 4.0924e-05 5.4137e-10 TSX
20151115 20151229 0.00018123 7.8045e-10 TSX
20151123 20171221 -1.0358e-05 2.9729e-10 TSX
20151204 20151215 0.00011898 9.8556e-10 TSX
20151207 20160406 -3.0035e-05 6.0549e-10 TSX
20151215 20170822 2.1465e-05 3.1869e-10 TSX
20151226 20161223 -3.3987e-05 3.9561e-10 TSX
20151229 20160211 4.9532e-06 7.8045e-10 TSX
20160106 20161223 -2.0934e-05 4.0019e-10 TSX
20160117 20160926 -2.1395e-05 4.5506e-10 TSX
20160128 20160301 -0.00015363 8.1783e-10 TSX
20160208 20160312 -9.3061e-05 8.1783e-10 TSX
20160216 20160309 -0.0004383 8.6897e-10 TSX
20160219 20180319 -6.625e-06 2.9746e-10 TSX
20160301 20161201 1.45e-05 4.4046e-10 TSX
20160304 20160326 5.0244e-05 8.5459e-10 TSX
20160312 20180319 4.5094e-07 3.0141e-10 TSX
20160320 20160411 0.00040536 8.6897e-10 TSX
20160323 20171118 -4.6781e-06 3.197e-10 TSX
20160326 20160406 -0.0005592 9.7275e-10 TSX
20160403 20171027 -1.6337e-05 3.2511e-10 TSX
20160425 20170811 -1.2759e-05 3.4741e-10 TSX
20160528 20160630 -2.546e-05 8.1783e-10 TSX
20160630 20171118 5.6016e-06 3.4003e-10 TSX
20160722 20161201 5.4921e-05 5.8892e-10 TSX
20160904 20180707 5.61e-06 3.2675e-10 TSX
20160915 20180911 1.1612e-05 3.0426e-10 TSX
20160926 20170114 8.4466e-05 6.272e-10 TSX
20161201 20171027 -2.049e-05 4.0893e-10 TSX
20161223 20171107 2.038e-05 4.1012e-10 TSX
20170114 20170902 -4.1356e-05 4.7111e-10 TSX
20170811 20171005 -3.6595e-05 7.5443e-10 TSX
20170822 20180707 5.2345e-05 4.1575e-10 TSX
20170913 20180707 2.6569e-05 4.2684e-10 TSX
20170924 20180319 5.3183e-05 5.2779e-10 TSX
20171005 20171107 2.6869e-05 8.1783e-10 TSX
20171016 20180319 4.0834e-05 5.5614e-10 TSX
20171027 20180911 3.9875e-05 4.1556e-10 TSX
20171107 20171118 6.975e-05 9.8556e-10 TSX
20171118 20171129 5.3879e-05 9.8556e-10 TSX
20171129 20171221 -2.6659e-05 8.6011e-10 TSX
20171210 20180820 3.9815e-05 4.5552e-10 TSX
20171221 20180911 7.2399e-05 4.4777e-10 TSX
20180112 20181003 8.3979e-05 4.4775e-10 TSX
20180319 20180707 9.7325e-06 6.2724e-10 TSX
20180707 20180911 0.00012438 7.2547e-10 TSX
20180729 20181003 -4.1085e-05 7.2547e-10 TSX
20180820 20181003 0.0001188 7.8497e-10 TSX
20180911 20181003 -0.00016344 8.6011e-10 TSX
