20030427 20030914 0.00083687 5.6939e-10 ERS2
20030914 20080629 9.6529e-05 3.0052e-10 ERS2
20050918 20090510 -2.0843e-05 3.0192e-10 ERS2
20051127 20081116 -2.0384e-05 3.0837e-10 ERS2
20060903 20090510 9.9291e-06 3.1036e-10 ERS2
20061231 20090105 -2.074e-05 3.1168e-10 ALOS
20070402 20070703 -0.00029989 6.7311e-10 ALOS
20070518 20091008 -5.3625e-05 2.9689e-10 ALOS
20070818 20071003 -0.0004772 7.8368e-10 ALOS
20071217 20100509 -3.7409e-05 2.971e-10 ALOS
20080103 20100526 4.3148e-05 2.9671e-10 ALOS
20080404 20080520 0.00011916 7.8368e-10 ALOS
20080618 20090921 -5.3131e-05 3.7159e-10 ALOS
20080629 20090510 -0.00024565 4.124e-10 ERS2
20080705 20091008 -0.00010192 3.6524e-10 ALOS
20080803 20090823 -2.5751e-05 3.8312e-10 ERS2
20081116 20090823 -1.5466e-05 4.3241e-10 ERS2
20081219 20090921 0.00015507 4.4708e-10 ALOS
20090105 20090708 2.5474e-05 5.3085e-10 ALOS
20090510 20091101 0.00088167 5.2372e-10 ERS2
20090708 20091008 0.00020053 6.7312e-10 ALOS
20090823 20091101 5.898e-05 7.0792e-10 ERS2
20091222 20100624 0.00017832 5.2741e-10 ALOS
20100108 20100223 9.2458e-05 7.8389e-10 ALOS
20100223 20100526 8.2946e-06 6.7321e-10 ALOS
20100410 20100711 -0.00016504 6.7309e-10 ALOS
20100509 20100624 0.00079793 7.8135e-10 ALOS
20100526 20100711 0.00039478 7.8369e-10 ALOS
20100624 20101109 -0.00020763 5.8766e-10 ALOS
20100711 20101011 -0.0003063 6.731e-10 ALOS
20100809 20101109 -0.00022468 6.699e-10 ALOS
20101011 20101126 0.00025078 7.8369e-10 ALOS
20110111 20110226 0.00068707 7.8368e-10 ALOS
20110924 20130715 5.4429e-05 3.2332e-10 TSX
20111005 20121229 -4.1757e-07 3.6919e-10 TSX
20111121 20171221 4.1912e-06 3.0568e-10 TSX
20111221 20130131 5.9501e-05 3.8615e-10 TSX
20111224 20121027 -5.6431e-06 4.1992e-10 TSX
20120126 20140419 1.3898e-05 2.8923e-10 TSX
20120203 20160320 -3.194e-06 2.4869e-10 TSX
20120206 20171107 1.1976e-06 2.8234e-10 TSX
20120617 20171129 -1.1843e-05 2.8683e-10 TSX
20120723 20160120 1.5327e-05 2.6131e-10 TSX
20121024 20130109 0.00015656 7.1014e-10 TSX
20121027 20151226 3.573e-07 2.6492e-10 TSX
20121030 20130311 2.414e-05 5.8743e-10 TSX
20121107 20171118 -2.032e-06 2.9521e-10 TSX
20121221 20160208 1.1682e-05 2.6725e-10 TSX
20121224 20130516 -0.00013854 5.7081e-10 TSX
20121229 20130407 3.6197e-05 6.6322e-10 TSX
20130104 20130217 7.6331e-07 7.8048e-10 TSX
20130109 20130715 6.5143e-05 5.3188e-10 TSX
20130112 20140511 1.1158e-06 3.55e-10 TSX
20130115 20130721 -0.0002225 5.1519e-10 TSX
20130126 20130823 -0.0002397 5.0548e-10 TSX
20130131 20130429 -0.00012658 6.8582e-10 TSX
20130203 20130729 -4.517e-05 5.2654e-10 TSX
20130211 20130919 -4.5157e-05 4.9806e-10 TSX
20130228 20141209 2.6232e-05 3.1225e-10 TSX
20130311 20130801 -8.0819e-05 5.7078e-10 TSX
20130316 20130623 1.8287e-05 6.6323e-10 TSX
20130402 20150122 0.00012054 3.6226e-10 TSX
20130407 20140530 -1.9181e-05 3.8142e-10 TSX
20130421 20171016 -3.7131e-06 3.1202e-10 TSX
20130424 20130721 -0.00033796 6.6939e-10 TSX
20130429 20130623 -8.7191e-05 7.6327e-10 TSX
20130505 20131028 -0.00084549 5.4768e-10 TSX
20130513 20151112 5.9125e-06 2.7926e-10 TSX
20130516 20131017 -0.00032252 5.6209e-10 TSX
20130521 20130715 0.00020217 7.633e-10 TSX
20130524 20171129 9.8293e-06 3.1182e-10 TSX
20130527 20140627 2.8667e-06 3.8334e-10 TSX
20130601 20130930 0.00010006 6.2273e-10 TSX
20130604 20141217 1.2493e-05 3.3903e-10 TSX
20130607 20140719 -1.9485e-05 3.7946e-10 TSX
20130612 20150105 3.1679e-05 3.3826e-10 TSX
20130615 20160106 2.3506e-05 2.7571e-10 TSX
20130618 20140708 -6.2785e-05 3.8751e-10 TSX
20130623 20130715 0.000638 8.6907e-10 TSX
20130629 20130914 0.00040398 6.9529e-10 TSX
20130707 20150130 1.362e-05 3.3913e-10 TSX
20130710 20140901 -1.2322e-06 3.7593e-10 TSX
20130715 20130726 -0.0025953 1.0173e-09 TSX
20130721 20131108 0.00092998 6.3378e-10 TSX
20130726 20150517 0.00017714 3.2194e-10 TSX
20130729 20160904 -3.4115e-06 2.6782e-10 TSX
20130801 20151115 2.3097e-05 2.8549e-10 TSX
20130817 20140209 -4.3072e-05 5.4418e-10 TSX
20130828 20150312 1.3722e-05 3.4073e-10 TSX
20130903 20150329 -0.0001618 3.3972e-10 TSX
20130919 20160309 3.5768e-05 2.8021e-10 TSX
20130925 20140708 6.9994e-06 4.328e-10 TSX
20130930 20160411 1.7738e-05 2.7676e-10 TSX
20131011 20150802 -7.3596e-07 3.2072e-10 TSX
20131017 20140719 -7.0227e-05 4.394e-10 TSX
20131028 20160304 -6.1304e-05 3.2627e-10 TSX
20131102 20140519 -0.00020473 5.197e-10 TSX
20131108 20140708 -9.6433e-06 4.6477e-10 TSX
20140209 20160309 1.8443e-05 3.0692e-10 TSX
20140223 20140829 -3.9222e-06 5.1401e-10 TSX
20140408 20140705 -9.1968e-07 6.7105e-10 TSX
20140419 20170913 1.3485e-05 2.9893e-10 TSX
20140511 20141228 3.1664e-05 4.7164e-10 TSX
20140519 20150824 0.00011083 3.6521e-10 TSX
20140624 20171005 1.8545e-05 3.0683e-10 TSX
20140627 20151115 -2.3205e-05 3.404e-10 TSX
20140705 20180911 8.8614e-06 2.9502e-10 TSX
20140708 20160406 3.6566e-05 3.1235e-10 TSX
20140716 20171005 4.381e-06 3.1157e-10 TSX
20140719 20151207 3.7271e-05 3.4033e-10 TSX
20140727 20150326 2.1565e-05 4.6283e-10 TSX
20140810 20150122 -4.9043e-06 5.4084e-10 TSX
20140818 20160301 3.6094e-06 3.2399e-10 TSX
20140829 20160208 -1.178e-05 3.3065e-10 TSX
20140901 20140912 -0.00031052 9.7279e-10 TSX
20140912 20141209 8.897e-05 6.6939e-10 TSX
20140920 20170902 1.2323e-05 3.0019e-10 TSX
20141209 20160211 -1.7986e-05 3.6411e-10 TSX
20141217 20160722 -5.3746e-06 3.1795e-10 TSX
20141228 20160106 -1.2296e-05 3.8222e-10 TSX
20141231 20151024 2.0776e-05 4.255e-10 TSX
20150105 20150824 -2.2638e-05 4.8803e-10 TSX
20150108 20170811 1.1559e-05 2.9944e-10 TSX
20150119 20160117 9.5239e-06 3.8713e-10 TSX
20150127 20160411 5.6588e-05 3.7144e-10 TSX
20150130 20151112 -2.4392e-05 4.2905e-10 TSX
20150210 20170114 6.3618e-06 3.2983e-10 TSX
20150213 20160326 -4.0344e-06 3.8316e-10 TSX
20150218 20160216 2.6456e-05 4.0347e-10 TSX
20150221 20180112 9.4028e-06 3.1349e-10 TSX
20150304 20180911 1.124e-05 2.9536e-10 TSX
20150307 20160211 7.4054e-06 4.015e-10 TSX
20150312 20160320 1.5601e-05 3.9845e-10 TSX
20150326 20150827 -3.1491e-05 5.5404e-10 TSX
20150329 20151207 -2.1797e-05 4.5552e-10 TSX
20150428 20160425 1.0315e-06 3.8683e-10 TSX
20150509 20150827 -0.00010064 6.2559e-10 TSX
20150517 20150824 -0.00028493 6.6324e-10 TSX
20150520 20180911 -4.9544e-06 3.089e-10 TSX
20150714 20170822 2.4087e-05 3.1974e-10 TSX
20150725 20170924 1.4436e-05 3.0814e-10 TSX
20150802 20160309 -2.9471e-05 4.9804e-10 TSX
20150805 20160403 2.7683e-05 4.6257e-10 TSX
20150816 20171107 3.091e-05 3.1878e-10 TSX
20150824 20150915 0.00069454 8.6896e-10 TSX
20150827 20170902 2.8594e-05 3.1835e-10 TSX
20150915 20160216 -7.2719e-05 5.7224e-10 TSX
20151021 20160904 -7.3821e-06 4.1287e-10 TSX
20151101 20171016 1.9117e-05 3.2719e-10 TSX
20151112 20160425 5.8839e-06 5.3998e-10 TSX
20151115 20151229 0.00021039 7.8048e-10 TSX
20151123 20171221 1.5964e-05 3.1569e-10 TSX
20151204 20151215 0.00013583 9.849e-10 TSX
20151207 20160406 -1.2199e-05 6.0546e-10 TSX
20151215 20170822 2.5961e-05 3.396e-10 TSX
20151226 20161223 1.0069e-05 3.9432e-10 TSX
20151229 20160211 1.7841e-05 7.8048e-10 TSX
20160106 20161223 2.7167e-05 3.9879e-10 TSX
20160117 20160926 -2.8457e-05 4.5407e-10 TSX
20160128 20160301 -0.00014641 8.1677e-10 TSX
20160208 20160312 -7.4911e-05 8.1677e-10 TSX
20160216 20160309 -0.0004487 8.6896e-10 TSX
20160219 20180319 1.977e-05 3.0012e-10 TSX
20160301 20161201 -1.9514e-05 4.3939e-10 TSX
20160304 20160326 8.1225e-05 8.5459e-10 TSX
20160312 20180319 2.1527e-05 3.0005e-10 TSX
20160320 20160411 0.00041129 8.6897e-10 TSX
20160323 20171118 -2.5582e-06 3.1927e-10 TSX
20160326 20160406 -0.00056619 9.7272e-10 TSX
20160403 20171027 -5.9372e-06 3.2938e-10 TSX
20160425 20170811 3.0286e-06 3.4726e-10 TSX
20160528 20160630 -5.8897e-05 8.1677e-10 TSX
20160630 20171118 1.3527e-05 3.3844e-10 TSX
20160722 20161201 2.5762e-05 5.8708e-10 TSX
20160904 20180707 3.0187e-05 3.2675e-10 TSX
20160915 20180911 4.7301e-05 3.0085e-10 TSX
20160926 20170114 6.5391e-05 6.2564e-10 TSX
20161201 20171027 1.1182e-05 4.0798e-10 TSX
20161223 20171107 -1.4706e-05 4.0933e-10 TSX
20170114 20170902 -1.6148e-05 4.7436e-10 TSX
20170811 20171005 -3.2616e-05 7.5299e-10 TSX
20170822 20180707 4.6565e-05 4.1452e-10 TSX
20170913 20180707 1.7905e-05 4.2566e-10 TSX
20170924 20180319 6.6602e-05 5.2662e-10 TSX
20171005 20171107 4.2058e-05 8.1677e-10 TSX
20171016 20180319 5.8062e-05 5.5451e-10 TSX
20171027 20180911 6.2935e-05 4.1436e-10 TSX
20171107 20171118 6.6011e-05 9.849e-10 TSX
20171118 20171129 5.4489e-05 9.849e-10 TSX
20171129 20171221 -2.9741e-05 8.5928e-10 TSX
20171210 20180820 3.276e-05 4.5459e-10 TSX
20171221 20180911 8.7191e-05 4.4668e-10 TSX
20180112 20181003 4.8198e-05 4.4661e-10 TSX
20180319 20180707 -1.4799e-05 6.2565e-10 TSX
20180707 20180911 0.00016614 7.239e-10 TSX
20180729 20181003 -5.252e-05 7.239e-10 TSX
20180820 20181003 0.00010891 7.8369e-10 TSX
20180911 20181003 -0.0001863 8.5928e-10 TSX
