20030427 20030914 0.00017477 5.6614e-10 ERS2
20030914 20080629 5.4923e-05 2.7292e-10 ERS2
20050918 20090510 -5.7989e-05 3.0015e-10 ERS2
20051127 20081116 0.00010205 3.1546e-10 ERS2
20060903 20090510 -0.00010571 3.0234e-10 ERS2
20061231 20090105 0.00065715 3.1227e-10 ALOS
20070402 20070703 -4.8877e-05 6.6627e-10 ALOS
20070518 20091008 0.00066184 2.9695e-10 ALOS
20070818 20071003 -0.00020869 7.7504e-10 ALOS
20071217 20100509 0.00059465 3.0111e-10 ALOS
20080103 20100526 0.00069343 2.9741e-10 ALOS
20080404 20080520 0.00010066 7.7505e-10 ALOS
20080618 20090921 0.00043548 3.7255e-10 ALOS
20080629 20090510 -0.00050986 4.1248e-10 ERS2
20080705 20091008 0.00056624 3.6513e-10 ALOS
20080803 20090823 3.3265e-05 3.8305e-10 ERS2
20081116 20090823 4.5534e-05 4.3196e-10 ERS2
20081219 20090921 0.00070958 4.4608e-10 ALOS
20090105 20090708 0.00029404 5.2813e-10 ALOS
20090510 20091101 0.0010127 5.207e-10 ERS2
20090708 20091008 0.00072748 6.6625e-10 ALOS
20090823 20091101 -4.3398e-06 6.9854e-10 ERS2
20091222 20100624 0.00074189 5.2544e-10 ALOS
20100108 20100223 0.00056826 7.7494e-10 ALOS
20100223 20100526 0.00016142 6.662e-10 ALOS
20100410 20100711 1.9671e-05 6.6625e-10 ALOS
20100509 20100624 0.00057598 7.7307e-10 ALOS
20100526 20100711 0.0004547 7.7504e-10 ALOS
20100624 20101109 0.00023367 5.8397e-10 ALOS
20100711 20101011 0.00022778 6.6632e-10 ALOS
20100809 20101109 0.00012713 6.6354e-10 ALOS
20101011 20101126 0.00027508 7.7504e-10 ALOS
20110111 20110226 0.00076892 7.7503e-10 ALOS
20110924 20130715 4.3426e-06 3.3169e-10 TSX
20111005 20121229 0.0002031 3.6909e-10 TSX
20111121 20171221 6.5968e-06 3.3807e-10 TSX
20111221 20130131 0.00057294 3.8569e-10 TSX
20111224 20121027 -0.0002229 4.1934e-10 TSX
20120126 20140419 -0.00029446 2.9815e-10 TSX
20120203 20160320 6.6381e-05 2.818e-10 TSX
20120206 20171107 -3.9586e-05 2.9836e-10 TSX
20120617 20171129 1.672e-05 3.1624e-10 TSX
20120723 20160120 0.00011511 3.4963e-10 TSX
20121024 20130109 0.00011248 7.0155e-10 TSX
20121027 20151226 -4.775e-05 2.9924e-10 TSX
20121030 20130311 0.00030918 5.8464e-10 TSX
20121107 20171118 -3.1527e-05 3.0663e-10 TSX
20121221 20160208 5.8774e-05 3.0589e-10 TSX
20121224 20130516 0.00024401 5.6848e-10 TSX
20121229 20130407 0.00042477 6.5607e-10 TSX
20130104 20130217 0.00022851 7.7304e-10 TSX
20130109 20130715 0.00039101 5.2856e-10 TSX
20130112 20140511 -0.0002628 3.5416e-10 TSX
20130115 20130721 0.00012761 5.1395e-10 TSX
20130126 20130823 -9.2867e-05 5.2664e-10 TSX
20130131 20130429 2.3718e-05 6.7795e-10 TSX
20130203 20130729 -0.00011535 5.2311e-10 TSX
20130211 20130919 0.00030136 4.9593e-10 TSX
20130228 20141209 7.5136e-05 3.2783e-10 TSX
20130311 20130801 0.00025092 5.6843e-10 TSX
20130316 20130623 0.00017068 6.5607e-10 TSX
20130402 20150122 -1.0821e-05 3.387e-10 TSX
20130407 20140530 0.00047024 3.813e-10 TSX
20130421 20171016 3.0297e-05 3.1481e-10 TSX
20130424 20130721 -0.00019186 6.6401e-10 TSX
20130429 20130623 5.2218e-05 7.5401e-10 TSX
20130505 20131028 -0.00027007 5.6051e-10 TSX
20130513 20151112 -6.2672e-05 3.0602e-10 TSX
20130516 20131017 -4.8449e-05 5.8641e-10 TSX
20130521 20130715 0.00012044 7.5404e-10 TSX
20130524 20171129 1.0761e-06 3.0805e-10 TSX
20130527 20140627 0.00025132 3.8429e-10 TSX
20130601 20130930 0.00022059 6.1697e-10 TSX
20130604 20141217 -0.00022896 3.3853e-10 TSX
20130607 20140719 0.00035134 3.8075e-10 TSX
20130612 20150105 0.00033916 3.3834e-10 TSX
20130615 20160106 -9.3735e-05 2.988e-10 TSX
20130618 20140708 0.0005754 3.892e-10 TSX
20130623 20130715 0.00057263 8.6121e-10 TSX
20130629 20130914 0.00029036 6.8934e-10 TSX
20130707 20150130 -0.00023832 3.3801e-10 TSX
20130710 20140901 0.00060363 3.7773e-10 TSX
20130715 20130726 -0.002448 1.0102e-09 TSX
20130721 20131108 0.00098401 6.5704e-10 TSX
20130726 20150517 0.00032641 3.2906e-10 TSX
20130729 20160904 -0.00012198 2.9265e-10 TSX
20130801 20151115 4.7868e-05 3.1818e-10 TSX
20130817 20140209 0.00042476 5.4095e-10 TSX
20130828 20150312 9.5445e-05 3.4413e-10 TSX
20130903 20150329 9.9608e-05 3.8289e-10 TSX
20130919 20160309 0.00013318 2.9944e-10 TSX
20130925 20140708 0.00029108 4.3391e-10 TSX
20130930 20160411 8.7385e-06 2.8948e-10 TSX
20131011 20150802 0.00018692 3.3745e-10 TSX
20131017 20140719 0.0005366 4.3908e-10 TSX
20131028 20160304 -5.3898e-05 3.3057e-10 TSX
20131102 20140519 0.00013244 5.1709e-10 TSX
20131108 20140708 0.00052162 4.692e-10 TSX
20140209 20160309 -1.903e-05 3.2124e-10 TSX
20140223 20140829 -0.00011321 5.1112e-10 TSX
20140408 20140705 -3.7367e-05 6.6129e-10 TSX
20140419 20170913 1.5632e-05 3.5379e-10 TSX
20140511 20141228 -7.6277e-05 4.7009e-10 TSX
20140519 20150824 0.00037962 3.6771e-10 TSX
20140624 20171005 3.9601e-05 2.9621e-10 TSX
20140627 20151115 9.468e-05 3.4769e-10 TSX
20140705 20180911 -2.1687e-05 3.0487e-10 TSX
20140708 20160406 0.00019118 3.3159e-10 TSX
20140716 20171005 -4.7331e-05 3.0888e-10 TSX
20140719 20151207 0.00024812 3.4913e-10 TSX
20140727 20150326 -0.00018474 4.6157e-10 TSX
20140810 20150122 0.00036384 5.392e-10 TSX
20140818 20160301 -0.00021218 3.2736e-10 TSX
20140829 20160208 -9.724e-05 3.3253e-10 TSX
20140901 20140912 -0.00031834 9.6708e-10 TSX
20140912 20141209 0.00025882 6.6401e-10 TSX
20140920 20170902 -3.9744e-05 3.3346e-10 TSX
20141209 20160211 0.00018029 3.6498e-10 TSX
20141217 20160722 -8.592e-05 3.2158e-10 TSX
20141228 20160106 -0.00015223 3.842e-10 TSX
20141231 20151024 0.00048734 4.2491e-10 TSX
20150105 20150824 0.00034505 4.8623e-10 TSX
20150108 20170811 -2.7957e-05 2.8165e-10 TSX
20150119 20160117 -0.00011261 3.8722e-10 TSX
20150127 20160411 0.00024125 3.7413e-10 TSX
20150130 20151112 -0.00019741 4.2851e-10 TSX
20150210 20170114 -8.6943e-05 3.1669e-10 TSX
20150213 20160326 -4.0746e-07 4.1187e-10 TSX
20150218 20160216 0.00047605 4.0323e-10 TSX
20150221 20180112 -1.8694e-05 2.9219e-10 TSX
20150304 20180911 -4.1703e-05 2.9605e-10 TSX
20150307 20160211 0.00053623 4.0075e-10 TSX
20150312 20160320 0.00043843 3.9706e-10 TSX
20150326 20150827 -2.734e-05 5.5033e-10 TSX
20150329 20151207 0.00042949 4.5458e-10 TSX
20150428 20160425 -9.7852e-05 3.9057e-10 TSX
20150509 20150827 -7.1619e-05 6.1937e-10 TSX
20150517 20150824 3.1038e-05 6.5636e-10 TSX
20150520 20180911 -6.5201e-05 3.3866e-10 TSX
20150714 20170822 -0.0001433 3.0415e-10 TSX
20150725 20170924 -0.00010303 3.0102e-10 TSX
20150802 20160309 0.00034737 4.9589e-10 TSX
20150805 20160403 -0.00012063 4.6121e-10 TSX
20150816 20171107 -0.00013941 3.0266e-10 TSX
20150824 20150915 0.00074767 8.6111e-10 TSX
20150827 20170902 -0.00017792 3.1138e-10 TSX
20150915 20160216 0.00013485 5.6817e-10 TSX
20151021 20160904 -0.00023344 4.1238e-10 TSX
20151101 20171016 -0.00014428 3.0615e-10 TSX
20151112 20160425 -5.0475e-05 5.3613e-10 TSX
20151115 20151229 0.00017962 7.7304e-10 TSX
20151123 20171221 -0.00015661 2.9927e-10 TSX
20151204 20151215 0.00017366 9.7729e-10 TSX
20151207 20160406 0.00016446 6.0214e-10 TSX
20151215 20170822 -5.8279e-05 3.1486e-10 TSX
20151226 20161223 -0.00022674 3.9345e-10 TSX
20151229 20160211 9.099e-05 7.7304e-10 TSX
20160106 20161223 -0.00021214 3.9833e-10 TSX
20160117 20160926 -0.00012229 4.5299e-10 TSX
20160128 20160301 -0.00019075 8.0617e-10 TSX
20160208 20160312 -8.6523e-05 8.0617e-10 TSX
20160216 20160309 -0.00039299 8.6111e-10 TSX
20160219 20180319 -0.00020703 2.9522e-10 TSX
20160301 20161201 -0.00016108 4.3856e-10 TSX
20160304 20160326 6.6281e-05 8.4813e-10 TSX
20160312 20180319 -0.00021272 2.9741e-10 TSX
20160320 20160411 0.0004627 8.6112e-10 TSX
20160323 20171118 -8.6351e-05 3.1676e-10 TSX
20160326 20160406 -0.00048685 9.6701e-10 TSX
20160403 20171027 -0.00016548 3.2291e-10 TSX
20160425 20170811 -0.00014063 3.4627e-10 TSX
20160528 20160630 -2.9518e-06 8.0617e-10 TSX
20160630 20171118 -0.00013309 3.3878e-10 TSX
20160722 20161201 -1.4529e-05 5.8134e-10 TSX
20160904 20180707 -0.0001841 3.2205e-10 TSX
20160915 20180911 -0.00010461 2.9955e-10 TSX
20160926 20170114 -6.6403e-06 6.1798e-10 TSX
20161201 20171027 -0.00017147 4.0711e-10 TSX
20161223 20171107 -0.0001943 4.0906e-10 TSX
20170114 20170902 -0.00014237 4.6867e-10 TSX
20170811 20171005 -7.2707e-05 7.4117e-10 TSX
20170822 20180707 -0.00028561 4.1389e-10 TSX
20170913 20180707 -0.00031774 4.2496e-10 TSX
20170924 20180319 -0.00018936 5.2321e-10 TSX
20171005 20171107 4.4239e-05 8.0617e-10 TSX
20171016 20180319 -0.00018852 5.5009e-10 TSX
20171027 20180911 -0.00027268 4.1392e-10 TSX
20171107 20171118 6.8192e-05 9.7729e-10 TSX
20171118 20171129 3.9562e-05 9.7729e-10 TSX
20171129 20171221 -2.202e-05 8.5019e-10 TSX
20171210 20180820 -0.00023531 4.5343e-10 TSX
20171221 20180911 -0.00024995 4.4569e-10 TSX
20180112 20181003 -0.00015911 4.4563e-10 TSX
20180319 20180707 -0.00015941 6.1799e-10 TSX
20180707 20180911 0.00020464 7.1243e-10 TSX
20180729 20181003 5.7798e-05 7.1243e-10 TSX
20180820 20181003 0.00014667 7.7213e-10 TSX
20180911 20181003 -0.00013797 8.5019e-10 TSX
