20030427 20030914 -0.00014947 5.6721e-10 ERS2
20030914 20080629 5.3057e-05 2.7233e-10 ERS2
20050918 20090510 -1.0188e-06 3.0404e-10 ERS2
20051127 20081116 -0.00021207 3.0768e-10 ERS2
20060903 20090510 0.00016837 3.0743e-10 ERS2
20061231 20090105 8.9549e-05 3.2121e-10 ALOS
20070402 20070703 -0.00011622 6.752e-10 ALOS
20070518 20091008 6.0175e-05 3.1079e-10 ALOS
20070818 20071003 -0.00036851 7.8587e-10 ALOS
20071217 20100509 2.82e-05 2.9607e-10 ALOS
20080103 20100526 0.00014761 3.3299e-10 ALOS
20080404 20080520 1.141e-05 7.8597e-10 ALOS
20080618 20090921 -3.7231e-05 3.7225e-10 ALOS
20080629 20090510 -0.00011528 4.1638e-10 ERS2
20080705 20091008 2.9418e-05 3.6879e-10 ALOS
20080803 20090823 -2.7606e-05 3.8522e-10 ERS2
20081116 20090823 0.00010689 4.3282e-10 ERS2
20081219 20090921 0.00011161 4.4787e-10 ALOS
20090105 20090708 -0.00016021 5.3807e-10 ALOS
20090510 20091101 4.2654e-05 5.2074e-10 ERS2
20090708 20091008 0.00038809 6.7494e-10 ALOS
20090823 20091101 0.00098648 7.0099e-10 ERS2
20091222 20100624 -0.00011357 5.3337e-10 ALOS
20100108 20100223 0.00041413 7.8804e-10 ALOS
20100223 20100526 -5.0552e-05 6.7728e-10 ALOS
20100410 20100711 8.0153e-05 6.7576e-10 ALOS
20100509 20100624 0.00059091 7.8319e-10 ALOS
20100526 20100711 0.00041492 7.859e-10 ALOS
20100624 20101109 -6.3994e-05 5.8831e-10 ALOS
20100711 20101011 -0.00029245 6.7456e-10 ALOS
20100809 20101109 -0.00010695 6.712e-10 ALOS
20101011 20101126 0.00038088 7.8594e-10 ALOS
20110111 20110226 0.00060953 7.8586e-10 ALOS
20110924 20130715 5.4144e-05 3.2655e-10 TSX
20111005 20121229 -2.5635e-06 3.8076e-10 TSX
20111121 20171221 -4.491e-07 4.5649e-10 TSX
20111221 20130131 1.0794e-06 3.86e-10 TSX
20111224 20121027 -3.955e-05 4.2011e-10 TSX
20120126 20140419 -3.8054e-05 3.374e-10 TSX
20120203 20160320 2.3452e-05 3.3648e-10 TSX
20120206 20171107 2.0951e-06 4.4783e-10 TSX
20120617 20171129 1.4095e-05 4.0094e-10 TSX
20120723 20160120 2.7772e-05 3.7406e-10 TSX
20121024 20130109 -4.7409e-05 7.125e-10 TSX
20121027 20151226 2.2204e-05 4.9834e-10 TSX
20121030 20130311 9.327e-05 5.8764e-10 TSX
20121107 20171118 -1.4953e-06 4.3905e-10 TSX
20121221 20160208 1.3683e-05 4.4303e-10 TSX
20121224 20130516 1.252e-05 5.7105e-10 TSX
20121229 20130407 4.4664e-05 6.6482e-10 TSX
20130104 20130217 0.00011677 7.8131e-10 TSX
20130109 20130715 0.00019099 5.4388e-10 TSX
20130112 20140511 -2.758e-05 3.8271e-10 TSX
20130115 20130721 1.7839e-05 5.1581e-10 TSX
20130126 20130823 -0.00027016 5.2664e-10 TSX
20130131 20130429 0.00013119 6.8753e-10 TSX
20130203 20130729 -1.7282e-05 5.2399e-10 TSX
20130211 20130919 -3.2479e-05 4.9839e-10 TSX
20130228 20141209 1.0222e-05 3.2105e-10 TSX
20130311 20130801 -9.4122e-05 5.7095e-10 TSX
20130316 20130623 2.0699e-05 6.6485e-10 TSX
20130402 20150122 -1.1714e-05 4.3081e-10 TSX
20130407 20140530 3.3969e-05 3.813e-10 TSX
20130421 20171016 -9.5496e-06 4.0787e-10 TSX
20130424 20130721 -7.6725e-05 6.6958e-10 TSX
20130429 20130623 -0.00011485 7.6558e-10 TSX
20130505 20131028 -0.00015186 5.7391e-10 TSX
20130513 20151112 2.5706e-05 3.8067e-10 TSX
20130516 20131017 -3.8966e-05 5.8269e-10 TSX
20130521 20130715 0.00014711 7.6556e-10 TSX
20130524 20171129 -5.3876e-07 3.4049e-10 TSX
20130527 20140627 -1.4016e-05 3.8415e-10 TSX
20130601 20130930 -4.9015e-05 6.2398e-10 TSX
20130604 20141217 -4.0273e-06 3.6151e-10 TSX
20130607 20140719 2.2361e-05 3.8024e-10 TSX
20130612 20150105 1.9916e-05 3.4128e-10 TSX
20130615 20160106 4.3193e-05 4.8135e-10 TSX
20130618 20140708 -3.0557e-05 3.8835e-10 TSX
20130623 20130715 0.00063165 8.7171e-10 TSX
20130629 20130914 -1.0806e-05 7.142e-10 TSX
20130707 20150130 -1.058e-05 3.4465e-10 TSX
20130710 20140901 -5.4208e-06 3.7656e-10 TSX
20130715 20130726 -0.0024202 1.0198e-09 TSX
20130721 20131108 -0.00024728 6.5071e-10 TSX
20130726 20150517 8.5137e-05 3.5299e-10 TSX
20130729 20160904 -3.6119e-06 3.1019e-10 TSX
20130801 20151115 -1.4155e-05 4.3592e-10 TSX
20130817 20140209 3.26e-05 5.449e-10 TSX
20130828 20150312 -4.5437e-05 3.4596e-10 TSX
20130903 20150329 -8.728e-05 3.7657e-10 TSX
20130919 20160309 6.6916e-05 3.5074e-10 TSX
20130925 20140708 -8.678e-05 5.1168e-10 TSX
20130930 20160411 8.7371e-05 3.9796e-10 TSX
20131011 20150802 2.3589e-05 3.5548e-10 TSX
20131017 20140719 9.1171e-05 4.6171e-10 TSX
20131028 20160304 -1.6858e-05 3.2182e-10 TSX
20131102 20140519 0.00016193 5.2006e-10 TSX
20131108 20140708 -2.8808e-05 5.1568e-10 TSX
20140209 20160309 2.2736e-06 3.4242e-10 TSX
20140223 20140829 2.3405e-05 5.1189e-10 TSX
20140408 20140705 -1.0324e-05 6.6349e-10 TSX
20140419 20170913 3.4289e-05 4.6927e-10 TSX
20140511 20141228 3.6674e-05 4.7112e-10 TSX
20140519 20150824 -2.4188e-05 3.7601e-10 TSX
20140624 20171005 -1.8358e-05 3.1399e-10 TSX
20140627 20151115 -4.4762e-05 3.95e-10 TSX
20140705 20180911 -6.9008e-06 3.0201e-10 TSX
20140708 20160406 -1.7027e-05 3.5214e-10 TSX
20140716 20171005 -1.5307e-05 4.1492e-10 TSX
20140719 20151207 -6.7985e-05 3.7939e-10 TSX
20140727 20150326 -1.0116e-05 4.6219e-10 TSX
20140810 20150122 2.4636e-05 5.5792e-10 TSX
20140818 20160301 1.3724e-05 3.655e-10 TSX
20140829 20160208 1.0821e-06 4.2547e-10 TSX
20140901 20140912 -0.00026073 9.7458e-10 TSX
20140912 20141209 -4.1762e-05 6.6962e-10 TSX
20140920 20170902 -7.7643e-06 3.9303e-10 TSX
20141209 20160211 -4.7618e-05 3.7092e-10 TSX
20141217 20160722 2.1542e-05 4.3588e-10 TSX
20141228 20160106 1.9763e-05 4.2432e-10 TSX
20141231 20151024 -3.7384e-05 4.3304e-10 TSX
20150105 20150824 2.5855e-05 4.9394e-10 TSX
20150108 20170811 1.592e-05 3.9981e-10 TSX
20150119 20160117 5.028e-06 4.0878e-10 TSX
20150127 20160411 -8.1115e-06 3.8156e-10 TSX
20150130 20151112 4.6597e-05 4.4954e-10 TSX
20150210 20170114 5.1502e-05 3.837e-10 TSX
20150213 20160326 0.00013866 4.1103e-10 TSX
20150218 20160216 -1.626e-05 4.0475e-10 TSX
20150221 20180112 1.0286e-05 3.6443e-10 TSX
20150304 20180911 -2.1998e-06 3.6948e-10 TSX
20150307 20160211 -6.7141e-05 4.0694e-10 TSX
20150312 20160320 1.6357e-05 4.0437e-10 TSX
20150326 20150827 5.8344e-05 5.5594e-10 TSX
20150329 20151207 -0.00012483 4.5845e-10 TSX
20150428 20160425 2.1584e-05 4.2139e-10 TSX
20150509 20150827 4.1923e-05 6.3199e-10 TSX
20150517 20150824 -0.00024634 6.6656e-10 TSX
20150520 20180911 -4.9915e-06 3.5425e-10 TSX
20150714 20170822 -3.1738e-05 3.9129e-10 TSX
20150725 20170924 -1.284e-05 3.0825e-10 TSX
20150802 20160309 -5.0292e-05 4.9816e-10 TSX
20150805 20160403 3.5037e-05 4.6222e-10 TSX
20150816 20171107 -7.5419e-06 3.0634e-10 TSX
20150824 20150915 0.00053177 8.7163e-10 TSX
20150827 20170902 -9.2568e-06 3.0731e-10 TSX
20150915 20160216 1.2347e-05 5.7304e-10 TSX
20151021 20160904 -3.2892e-05 4.2327e-10 TSX
20151101 20171016 -1.8271e-05 3.2732e-10 TSX
20151112 20160425 1.6154e-05 5.3742e-10 TSX
20151115 20151229 0.00012789 7.8131e-10 TSX
20151123 20171221 -7.7116e-06 3.129e-10 TSX
20151204 20151215 0.00015618 9.8338e-10 TSX
20151207 20160406 2.9447e-05 6.0566e-10 TSX
20151215 20170822 -1.1049e-05 3.4341e-10 TSX
20151226 20161223 2.0282e-05 3.9441e-10 TSX
20151229 20160211 2.2922e-05 7.8131e-10 TSX
20160106 20161223 1.6506e-05 3.9876e-10 TSX
20160117 20160926 2.0797e-05 4.5497e-10 TSX
20160128 20160301 -0.00014071 8.1175e-10 TSX
20160208 20160312 -8.0549e-05 8.1175e-10 TSX
20160216 20160309 -0.00031344 8.7163e-10 TSX
20160219 20180319 -8.3445e-07 2.9729e-10 TSX
20160301 20161201 2.3905e-06 4.3928e-10 TSX
20160304 20160326 2.1704e-05 8.5615e-10 TSX
20160312 20180319 -9.147e-06 2.9652e-10 TSX
20160320 20160411 0.0003887 8.7164e-10 TSX
20160323 20171118 1.5246e-05 3.1698e-10 TSX
20160326 20160406 -0.00049026 9.7448e-10 TSX
20160403 20171027 1.4693e-06 3.5417e-10 TSX
20160425 20170811 9.8637e-06 3.5239e-10 TSX
20160528 20160630 2.7839e-06 8.1175e-10 TSX
20160630 20171118 1.045e-05 3.4067e-10 TSX
20160722 20161201 2.9304e-05 5.8237e-10 TSX
20160904 20180707 -8.6103e-06 3.2728e-10 TSX
20160915 20180911 -9.9729e-06 3.0232e-10 TSX
20160926 20170114 4.062e-05 6.1962e-10 TSX
20161201 20171027 -1.4283e-06 4.0815e-10 TSX
20161223 20171107 -2.9816e-05 4.1297e-10 TSX
20170114 20170902 1.4158e-05 4.7268e-10 TSX
20170811 20171005 -4.7783e-05 7.4532e-10 TSX
20170822 20180707 -3.4015e-05 4.1454e-10 TSX
20170913 20180707 -3.5413e-05 4.2552e-10 TSX
20170924 20180319 -7.5829e-05 5.2402e-10 TSX
20171005 20171107 7.8127e-05 8.1175e-10 TSX
20171016 20180319 -4.3327e-05 5.5094e-10 TSX
20171027 20180911 -2.3888e-05 4.1453e-10 TSX
20171107 20171118 7.647e-05 9.8338e-10 TSX
20171118 20171129 4.5659e-05 9.8338e-10 TSX
20171129 20171221 -2.4252e-05 8.5616e-10 TSX
20171210 20180820 -4.8165e-05 4.5405e-10 TSX
20171221 20180911 -2.9627e-05 4.4637e-10 TSX
20180112 20181003 -6.232e-05 4.4633e-10 TSX
20180319 20180707 -7.3524e-05 6.1946e-10 TSX
20180707 20180911 0.00013163 7.1582e-10 TSX
20180729 20181003 -4.9565e-05 7.1582e-10 TSX
20180820 20181003 2.1703e-05 7.7705e-10 TSX
20180911 20181003 -0.00017742 8.5616e-10 TSX
